# Facility: NSLS-II
# Beamline: QAS
# Year: 2022
# Cycle: 2
# SAF: 309618
# PI: Wang
# Proposal: 309017
# Scan ID: 52261
# UID: 164ea6e5-257c-4c94-beae-e963f2be0e0c
# Comment: 
# Start time: 07/18/2022  11:47:31
# Stop time: 07/18/2022  11:48:03
# Total time: 00:31
# Trajectory name: Pt-L3-30s-11564.txt
# Element: Platinum ( 78)
# Edge: L3
# E0: 11564
# Reference Foil Element: Pt
# Keithley Gains I0: 1E7 V/A It: 1E6 V/A Iref: 1E7 V/A PIPS: 1E8 V/A 
# Ion Chamber Gas Flow Rates: I0: 0.00 sccm He + 99.70 sccm N2 + 0.00 sccm Ar 
# Ion Chamber Gas Flow Rates: It&Iref: 29.80 sccm N2 + 70.10 sccm Ar
# Incident Beam Path Vertical: -27.99 mm
# Incident Slits Positions B: TOP: 1.0 mm Bottom: -1.0 mm Inboard: -2.0 mm Outboard: 2.0 mm
# Sample Stage Positions: Rotation: 45.0 deg Horizontal: 14.07 mm Vertical: 35.31 mm Beam Direction: 0.00 mm
# PerkinElmer Vertical Position: 500.00 mm
# Front End Mirror Horizontal Positions: Up: -14.00 mm Down: -14.00 mm
#
# energy  i0  it  ir  iff  aux1  aux2  aux3  aux4
11377.661588 4.761094e-01 3.861982e-03 4.396922e-03 2.767788e-01 -3.633372e-05 -3.043312e-05 1.387089e-05 -4.970793e-05
11382.661588 9.384925e-01 7.631878e-03 8.695750e-03 5.459013e-01 -6.831133e-05 -6.304873e-05 2.958775e-05 -1.037950e-04
11387.661588 9.434247e-01 7.724201e-03 8.804544e-03 5.495476e-01 -5.308071e-05 -7.307080e-05 3.195677e-05 -9.630855e-05
11392.661588 9.384101e-01 7.723253e-03 8.827751e-03 5.467619e-01 -5.415681e-05 -7.240810e-05 2.631101e-05 -9.379693e-05
11397.661588 9.379086e-01 7.749447e-03 8.893732e-03 5.464880e-01 -5.068027e-05 -6.818003e-05 2.285803e-05 -8.840567e-05
11402.661588 9.356772e-01 7.784638e-03 8.956101e-03 5.455095e-01 -4.659542e-05 -6.789079e-05 2.720279e-05 -8.463687e-05
11407.661588 9.353662e-01 7.833390e-03 9.025195e-03 5.464776e-01 -5.154371e-05 -6.288664e-05 2.918592e-05 -8.070067e-05
11412.661588 9.353736e-01 7.899504e-03 9.112941e-03 5.466501e-01 -5.796810e-05 -5.700783e-05 2.247646e-05 -7.828110e-05
11417.661588 9.316160e-01 7.917313e-03 9.162077e-03 5.449933e-01 -5.582221e-05 -5.377846e-05 1.552400e-05 -7.844421e-05
11422.661588 9.148120e-01 7.814696e-03 9.055858e-03 5.366747e-01 -5.438717e-05 -5.193036e-05 2.450232e-05 -6.904491e-05
11427.661588 9.265189e-01 7.967490e-03 9.258195e-03 5.451456e-01 -4.781266e-05 -5.135755e-05 2.450669e-05 -7.195026e-05
11432.661588 9.278342e-01 8.034889e-03 9.350164e-03 5.450185e-01 -4.966883e-05 -4.215034e-05 2.773011e-05 -7.121350e-05
11437.661588 9.246261e-01 8.052361e-03 9.403004e-03 5.428702e-01 -5.862930e-05 -5.445941e-05 2.117383e-05 -7.528740e-05
11442.661588 9.249854e-01 8.117029e-03 9.491894e-03 5.437830e-01 -5.110997e-05 -5.960389e-05 3.161865e-05 -7.989313e-05
11447.661588 9.230848e-01 8.139368e-03 9.514640e-03 5.431414e-01 -5.712879e-05 -5.436182e-05 3.733990e-05 -8.575569e-05
11452.661588 9.195549e-01 8.139698e-03 9.579628e-03 5.416514e-01 -6.891622e-05 -5.782034e-05 3.084099e-05 -8.808780e-05
11457.661588 9.152375e-01 8.126867e-03 9.603458e-03 5.392447e-01 -6.629526e-05 -5.874642e-05 3.996293e-05 -8.255934e-05
11462.661588 9.172729e-01 8.226082e-03 9.702311e-03 5.411770e-01 -6.250048e-05 -5.699717e-05 3.585900e-05 -7.507247e-05
11467.661588 9.147490e-01 8.244539e-03 9.781457e-03 5.398838e-01 -6.745626e-05 -5.431692e-05 4.079925e-05 -7.733326e-05
11472.661588 9.152293e-01 8.306898e-03 9.858485e-03 5.400560e-01 -7.308677e-05 -5.352891e-05 3.398650e-05 -7.679353e-05
11477.661588 9.127608e-01 8.345093e-03 9.891217e-03 5.396920e-01 -6.939273e-05 -5.046585e-05 3.632494e-05 -7.463425e-05
11482.661588 9.098415e-01 8.358957e-03 9.970457e-03 5.384562e-01 -7.642444e-05 -5.164885e-05 3.009850e-05 -7.690399e-05
11487.661588 8.974091e-01 8.305424e-03 9.913944e-03 5.320514e-01 -8.458753e-05 -4.876786e-05 2.877580e-05 -8.180307e-05
11492.661588 8.965169e-01 8.299864e-03 9.929342e-03 5.319659e-01 -8.511140e-05 -4.723395e-05 2.553688e-05 -8.485525e-05
11497.661588 9.062871e-01 8.459852e-03 1.011804e-02 5.384985e-01 -7.943627e-05 -5.505833e-05 2.786914e-05 -8.606446e-05
11502.661588 9.058346e-01 8.511260e-03 1.018377e-02 5.389910e-01 -7.800935e-05 -4.705807e-05 3.296797e-05 -8.927851e-05
11507.661588 9.072180e-01 8.586996e-03 1.030661e-02 5.400998e-01 -7.049846e-05 -4.009059e-05 3.870170e-05 -9.363497e-05
11512.661588 9.055759e-01 8.625800e-03 1.033953e-02 5.399566e-01 -7.606265e-05 -3.830166e-05 4.105881e-05 -9.177125e-05
11517.661588 9.030344e-01 8.641750e-03 1.034607e-02 5.389138e-01 -6.525970e-05 -3.962899e-05 3.285818e-05 -9.624928e-05
11522.661588 9.035754e-01 8.706598e-03 1.041756e-02 5.398237e-01 -6.994392e-05 -5.223621e-05 3.095152e-05 -9.811599e-05
11527.661588 8.996991e-01 8.703393e-03 1.036787e-02 5.386461e-01 -6.876712e-05 -5.725871e-05 2.898651e-05 -1.014460e-04
11532.661588 9.007098e-01 8.761125e-03 1.044989e-02 5.399497e-01 -7.666272e-05 -6.133443e-05 3.608723e-05 -1.036167e-04
11534.000000 9.058944e-01 8.843369e-03 1.053982e-02 5.430045e-01 -8.065721e-05 -5.675026e-05 3.940294e-05 -1.057466e-04
11535.000000 8.977880e-01 8.770613e-03 1.043159e-02 5.388221e-01 -7.636121e-05 -5.933041e-05 3.427854e-05 -8.924278e-05
11536.000000 9.077289e-01 8.936853e-03 1.060815e-02 5.443291e-01 -7.805276e-05 -5.584649e-05 2.276369e-05 -9.139757e-05
11537.000000 9.037236e-01 8.835026e-03 1.047342e-02 5.421111e-01 -8.090013e-05 -6.328225e-05 2.446977e-05 -1.017151e-04
11538.000000 9.015077e-01 8.839715e-03 1.045488e-02 5.424927e-01 -7.801781e-05 -6.839459e-05 2.052645e-05 -1.014823e-04
11539.000000 8.957389e-01 8.762081e-03 1.035162e-02 5.384795e-01 -7.628786e-05 -6.448068e-05 2.371098e-05 -1.062615e-04
11540.000000 9.030275e-01 8.852163e-03 1.048006e-02 5.425086e-01 -7.343667e-05 -5.942908e-05 2.670406e-05 -1.147949e-04
11541.000000 8.904154e-01 8.696252e-03 1.028767e-02 5.350854e-01 -7.151887e-05 -6.133057e-05 3.253685e-05 -9.888037e-05
11541.200000 9.071228e-01 8.993508e-03 1.049025e-02 5.459327e-01 -6.895876e-05 -6.131413e-05 3.246966e-05 -9.103415e-05
11541.400000 9.087168e-01 8.964191e-03 1.059186e-02 5.460985e-01 -6.608187e-05 -6.274246e-05 4.377765e-05 -9.587284e-05
11541.600000 9.137962e-01 8.960761e-03 1.052024e-02 5.514948e-01 -6.238743e-05 -6.274041e-05 3.446900e-05 -1.049639e-04
11541.800000 8.742521e-01 8.570429e-03 9.875753e-03 5.276211e-01 -6.600689e-05 -5.517245e-05 2.392308e-05 -1.083027e-04
11542.000000 8.926544e-01 8.713508e-03 1.030677e-02 5.378167e-01 -6.925262e-05 -5.529409e-05 2.009058e-05 -1.151837e-04
11542.200000 8.993266e-01 8.846777e-03 1.038915e-02 5.416285e-01 -7.589797e-05 -5.300339e-05 3.082514e-05 -1.059948e-04
11542.400000 8.946283e-01 8.776917e-03 1.023474e-02 5.372436e-01 -7.292747e-05 -5.218373e-05 2.759270e-05 -1.059441e-04
11542.600000 9.161671e-01 9.143449e-03 1.087847e-02 5.527944e-01 -7.709222e-05 -5.516236e-05 2.671363e-05 -1.181504e-04
11542.800000 9.044762e-01 8.902127e-03 1.035936e-02 5.462819e-01 -7.523179e-05 -5.368092e-05 3.030664e-05 -1.090636e-04
11543.000000 9.064812e-01 8.959646e-03 1.047766e-02 5.458529e-01 -8.111632e-05 -6.062671e-05 3.397509e-05 -1.001127e-04
11543.200000 9.094245e-01 8.995136e-03 1.051119e-02 5.487291e-01 -8.026913e-05 -5.820627e-05 2.398115e-05 -1.106161e-04
11543.400000 8.968153e-01 8.777493e-03 1.037525e-02 5.394497e-01 -8.121772e-05 -4.896928e-05 2.251260e-05 -1.151013e-04
11543.600000 8.975776e-01 8.742377e-03 1.024890e-02 5.401438e-01 -7.695309e-05 -3.943670e-05 3.030081e-05 -1.067600e-04
11543.800000 8.829409e-01 8.524822e-03 9.906493e-03 5.329716e-01 -9.274019e-05 -5.236338e-05 3.193250e-05 -1.216864e-04
11544.000000 8.760857e-01 8.443580e-03 9.707700e-03 5.296091e-01 -8.767992e-05 -4.717119e-05 2.052748e-05 -1.205067e-04
11544.200000 9.013462e-01 8.873743e-03 1.031259e-02 5.446173e-01 -7.950941e-05 -4.830948e-05 1.708559e-05 -1.078209e-04
11544.400000 9.097800e-01 8.996163e-03 1.026212e-02 5.495109e-01 -8.048220e-05 -4.487865e-05 2.301939e-05 -1.052352e-04
11544.600000 9.168140e-01 9.080564e-03 1.061865e-02 5.524424e-01 -8.212921e-05 -4.640737e-05 1.166087e-05 -1.133570e-04
11544.800000 8.898320e-01 8.752991e-03 1.013872e-02 5.377889e-01 -7.872570e-05 -5.412495e-05 -7.248730e-06 -1.093665e-04
11545.000000 8.853230e-01 8.652865e-03 1.003666e-02 5.323380e-01 -6.958577e-05 -5.348461e-05 9.556291e-06 -9.729968e-05
11545.200000 8.815909e-01 8.638212e-03 1.001368e-02 5.327992e-01 -6.780182e-05 -4.849196e-05 3.607250e-05 -1.017239e-04
11545.400000 9.156852e-01 9.015774e-03 1.028442e-02 5.532751e-01 -6.763110e-05 -4.918595e-05 2.587741e-05 -1.083258e-04
11545.600000 8.882556e-01 8.733700e-03 1.009795e-02 5.402528e-01 -6.579509e-05 -4.192014e-05 1.593786e-05 -1.051426e-04
11545.800000 9.164619e-01 9.136793e-03 1.066164e-02 5.557051e-01 -7.485907e-05 -4.550193e-05 2.723014e-05 -1.110144e-04
11546.000000 9.164508e-01 9.133701e-03 1.052855e-02 5.536434e-01 -8.316657e-05 -6.089045e-05 1.547083e-05 -1.259407e-04
11546.200000 9.022960e-01 8.873001e-03 1.016075e-02 5.482671e-01 -6.942232e-05 -5.092386e-05 1.976511e-05 -1.233291e-04
11546.400000 8.983943e-01 8.827445e-03 1.006079e-02 5.427096e-01 -6.449438e-05 -5.315385e-05 2.656099e-05 -1.190778e-04
11546.600000 8.884506e-01 8.700756e-03 1.019308e-02 5.378083e-01 -5.999489e-05 -6.273879e-05 1.510318e-05 -1.184117e-04
11546.800000 9.039358e-01 9.002613e-03 1.015369e-02 5.447399e-01 -6.089384e-05 -6.359615e-05 2.260510e-05 -1.102646e-04
11547.000000 9.010146e-01 8.933140e-03 1.033575e-02 5.464506e-01 -5.817464e-05 -5.850681e-05 2.740052e-05 -1.037508e-04
11547.200000 9.174024e-01 9.179399e-03 1.051620e-02 5.560549e-01 -5.453969e-05 -4.831153e-05 1.232974e-05 -1.250908e-04
11547.400000 9.022883e-01 8.984316e-03 1.031553e-02 5.453084e-01 -5.176941e-05 -4.911974e-05 1.771092e-05 -1.249148e-04
11547.600000 9.091436e-01 9.002319e-03 1.038110e-02 5.490452e-01 -5.611328e-05 -6.214457e-05 1.483652e-05 -1.158796e-04
11547.800000 8.784598e-01 8.641206e-03 9.723689e-03 5.297527e-01 -6.251717e-05 -6.444720e-05 1.114913e-05 -1.126218e-04
11548.000000 8.901799e-01 8.667824e-03 9.896286e-03 5.375612e-01 -6.773325e-05 -7.010328e-05 1.922365e-05 -1.120877e-04
11548.200000 8.829305e-01 8.813638e-03 1.005064e-02 5.320418e-01 -6.926004e-05 -5.905893e-05 2.205202e-05 -1.040090e-04
11548.400000 9.263472e-01 9.189419e-03 1.042463e-02 5.615227e-01 -7.300644e-05 -6.290726e-05 2.809186e-05 -1.112860e-04
11548.600000 9.085654e-01 9.047159e-03 1.024323e-02 5.513807e-01 -6.912469e-05 -6.015560e-05 2.183979e-05 -1.111937e-04
11548.800000 9.021053e-01 8.979526e-03 1.020642e-02 5.449154e-01 -7.185947e-05 -6.225858e-05 9.129915e-06 -1.137054e-04
11549.000000 8.983394e-01 8.890279e-03 1.002076e-02 5.453813e-01 -8.093192e-05 -5.935600e-05 2.782601e-05 -1.105750e-04
11549.200000 8.837256e-01 8.675953e-03 9.704482e-03 5.380691e-01 -7.734297e-05 -4.595168e-05 3.434676e-05 -1.108783e-04
11549.400000 8.971447e-01 8.900905e-03 9.770425e-03 5.422456e-01 -7.853319e-05 -4.978869e-05 3.759655e-05 -1.032924e-04
11549.600000 8.964335e-01 8.841510e-03 9.955675e-03 5.411381e-01 -7.781641e-05 -6.095352e-05 1.655369e-05 -1.009319e-04
11549.800000 9.128862e-01 9.162817e-03 1.008978e-02 5.558215e-01 -7.949206e-05 -6.103946e-05 2.981270e-05 -1.013999e-04
11550.000000 9.031820e-01 9.010740e-03 1.013315e-02 5.457936e-01 -8.155393e-05 -6.048530e-05 2.489236e-05 -1.019493e-04
11550.200000 9.043743e-01 8.987139e-03 9.890770e-03 5.467606e-01 -8.235341e-05 -5.351726e-05 1.732157e-05 -1.163594e-04
11550.400000 8.986391e-01 8.879672e-03 9.786701e-03 5.472754e-01 -7.580960e-05 -6.404373e-05 1.388518e-05 -1.257775e-04
11550.600000 9.060105e-01 8.986656e-03 9.928451e-03 5.514124e-01 -7.993475e-05 -6.033234e-05 5.119876e-06 -1.278793e-04
11550.800000 8.983157e-01 8.887507e-03 9.895233e-03 5.456724e-01 -7.479552e-05 -5.584385e-05 1.175025e-05 -1.293283e-04
11551.000000 9.012013e-01 9.017559e-03 9.861162e-03 5.501921e-01 -8.127521e-05 -6.785292e-05 1.550207e-05 -1.182572e-04
11551.200000 9.102352e-01 9.093563e-03 9.966666e-03 5.529803e-01 -8.223424e-05 -7.056842e-05 1.302530e-05 -1.178618e-04
11551.400000 9.073694e-01 9.046736e-03 1.004114e-02 5.520189e-01 -8.841656e-05 -6.980983e-05 3.018096e-05 -1.131791e-04
11551.600000 9.081987e-01 8.996463e-03 9.930778e-03 5.511626e-01 -9.805398e-05 -5.802651e-05 1.556601e-05 -1.208060e-04
11551.800000 8.862155e-01 8.826028e-03 9.506227e-03 5.385770e-01 -8.276474e-05 -6.634946e-05 2.586071e-05 -1.062130e-04
11552.000000 9.130128e-01 9.148615e-03 9.767270e-03 5.566316e-01 -7.887952e-05 -6.690761e-05 9.886775e-06 -1.086301e-04
11552.200000 9.001172e-01 8.979162e-03 9.660746e-03 5.492725e-01 -7.558239e-05 -7.110851e-05 1.651488e-05 -1.152754e-04
11552.400000 9.105390e-01 9.122711e-03 9.907804e-03 5.547737e-01 -7.856710e-05 -6.372484e-05 2.462359e-05 -9.979145e-05
11552.600000 9.124173e-01 9.062327e-03 9.810030e-03 5.579940e-01 -7.460400e-05 -6.140661e-05 8.855815e-06 -1.170535e-04
11552.800000 8.913701e-01 8.836373e-03 9.588056e-03 5.419981e-01 -7.488327e-05 -5.032944e-05 1.870710e-05 -1.215074e-04
11553.000000 9.038229e-01 8.908464e-03 9.617750e-03 5.517311e-01 -7.445701e-05 -5.714425e-05 2.396299e-05 -1.175179e-04
11553.200000 8.868184e-01 8.758881e-03 9.478602e-03 5.412709e-01 -7.784594e-05 -5.888533e-05 2.440474e-05 -1.218955e-04
11553.400000 9.073268e-01 9.019674e-03 9.666431e-03 5.544551e-01 -6.875617e-05 -5.485274e-05 1.169628e-05 -1.285980e-04
11553.600000 9.239479e-01 9.303376e-03 9.845190e-03 5.622805e-01 -6.535796e-05 -5.168194e-05 2.173719e-05 -1.176789e-04
11553.800000 8.954941e-01 8.908305e-03 9.357717e-03 5.474651e-01 -7.527762e-05 -5.883033e-05 2.188549e-05 -1.160431e-04
11554.000000 8.867175e-01 8.797925e-03 9.296420e-03 5.417261e-01 -7.380538e-05 -5.118206e-05 7.361006e-06 -1.244135e-04
11554.200000 9.016636e-01 8.903685e-03 9.470402e-03 5.519703e-01 -7.156550e-05 -6.591946e-05 1.757690e-05 -1.088207e-04
11554.400000 8.978257e-01 8.887100e-03 9.433139e-03 5.501156e-01 -7.429877e-05 -6.976249e-05 2.229724e-05 -1.121648e-04
11554.600000 9.167951e-01 9.218585e-03 9.635482e-03 5.654021e-01 -7.965194e-05 -6.095807e-05 3.318288e-05 -1.130569e-04
11554.800000 8.995378e-01 8.951878e-03 9.380784e-03 5.541357e-01 -7.875209e-05 -6.113270e-05 2.361324e-05 -1.213387e-04
11555.000000 9.042332e-01 9.034248e-03 9.332353e-03 5.547833e-01 -7.560666e-05 -5.539960e-05 2.237785e-05 -1.191494e-04
11555.200000 9.095038e-01 9.034430e-03 9.254215e-03 5.615302e-01 -8.020740e-05 -5.561460e-05 8.013796e-06 -1.254131e-04
11555.400000 8.919426e-01 8.802761e-03 9.025215e-03 5.485038e-01 -8.087285e-05 -5.761398e-05 1.853303e-05 -1.106005e-04
11555.600000 8.951808e-01 8.894385e-03 8.968935e-03 5.530408e-01 -7.095556e-05 -6.064175e-05 2.787802e-05 -1.042163e-04
11555.800000 9.081038e-01 9.049314e-03 9.016247e-03 5.593099e-01 -7.002860e-05 -5.936155e-05 2.020239e-05 -1.004305e-04
11556.000000 9.123436e-01 9.120682e-03 9.180817e-03 5.624388e-01 -6.303492e-05 -5.125337e-05 2.246633e-05 -9.776940e-05
11556.200000 8.989505e-01 8.937284e-03 8.787377e-03 5.512672e-01 -6.351855e-05 -4.692333e-05 1.482155e-05 -9.452186e-05
11556.400000 9.043853e-01 9.040390e-03 8.786412e-03 5.606837e-01 -6.763935e-05 -5.783063e-05 3.031534e-05 -1.036884e-04
11556.600000 9.074265e-01 9.032491e-03 8.827690e-03 5.601761e-01 -7.032027e-05 -5.588231e-05 2.988952e-05 -1.073941e-04
11556.800000 8.949152e-01 8.890262e-03 8.574980e-03 5.537268e-01 -6.952762e-05 -6.420119e-05 2.300928e-05 -1.019481e-04
11557.000000 9.001724e-01 8.914367e-03 8.551442e-03 5.590518e-01 -6.600431e-05 -6.263904e-05 2.022225e-05 -1.003773e-04
11557.200000 8.947867e-01 8.821497e-03 8.455961e-03 5.559354e-01 -5.461953e-05 -5.258360e-05 2.631251e-05 -9.776733e-05
11557.400000 8.961881e-01 8.923734e-03 8.443859e-03 5.549911e-01 -5.387322e-05 -5.612260e-05 1.843058e-05 -1.007625e-04
11557.600000 8.966610e-01 8.849611e-03 8.166381e-03 5.578919e-01 -5.627486e-05 -5.699879e-05 3.819034e-05 -1.150958e-04
11557.800000 9.026610e-01 9.002035e-03 8.266535e-03 5.621288e-01 -5.601694e-05 -5.013909e-05 3.766029e-05 -1.507109e-04
11558.000000 8.909737e-01 8.790746e-03 7.918227e-03 5.539356e-01 -4.834128e-05 -5.013737e-05 3.686243e-05 -1.530208e-04
11558.200000 9.027956e-01 9.030484e-03 8.081070e-03 5.663227e-01 -5.779321e-05 -4.339493e-05 2.991464e-05 -1.514793e-04
11558.400000 8.993132e-01 8.932603e-03 7.937758e-03 5.618569e-01 -6.114232e-05 -4.333283e-05 3.385120e-05 -1.509509e-04
11558.600000 8.908234e-01 8.778639e-03 7.604164e-03 5.545150e-01 -5.835988e-05 -4.299943e-05 3.758829e-05 -1.584141e-04
11558.800000 9.085011e-01 9.006912e-03 7.634078e-03 5.671968e-01 -5.747285e-05 -4.019796e-05 3.985502e-05 -1.514017e-04
11559.000000 8.905931e-01 8.862436e-03 7.631430e-03 5.571589e-01 -5.603088e-05 -5.749621e-05 3.312989e-05 -1.432495e-04
11559.200000 9.096959e-01 8.957462e-03 7.419780e-03 5.704921e-01 -7.021939e-05 -7.532989e-05 2.516071e-05 -1.464803e-04
11559.400000 8.998662e-01 8.880194e-03 7.278305e-03 5.679916e-01 -6.801419e-05 -5.608406e-05 3.146719e-05 -1.408673e-04
11559.600000 9.091960e-01 8.989880e-03 7.254544e-03 5.762307e-01 -6.114625e-05 -5.460071e-05 2.558610e-05 -1.424824e-04
11559.800000 8.789579e-01 8.597635e-03 6.540451e-03 5.564644e-01 -6.136046e-05 -5.384013e-05 3.302133e-05 -1.386920e-04
11560.000000 9.081267e-01 9.014202e-03 6.848057e-03 5.786746e-01 -5.638797e-05 -4.107188e-05 1.342002e-05 -1.374569e-04
11560.200000 8.974338e-01 8.857594e-03 6.483693e-03 5.751976e-01 -5.813724e-05 -3.277148e-05 2.500825e-05 -1.249825e-04
11560.400000 9.118039e-01 9.006618e-03 6.592200e-03 5.806864e-01 -6.822458e-05 -2.810986e-05 2.375444e-05 -1.304059e-04
11560.600000 8.902568e-01 8.760392e-03 6.072135e-03 5.691984e-01 -6.818683e-05 -3.507642e-05 1.789891e-05 -1.288817e-04
11560.800000 9.081989e-01 8.966658e-03 6.042339e-03 5.842053e-01 -6.041352e-05 -3.447156e-05 1.323509e-05 -1.288967e-04
11561.000000 8.973483e-01 8.780888e-03 5.835284e-03 5.805009e-01 -5.937880e-05 -3.057331e-05 2.669709e-05 -1.282314e-04
11561.200000 9.006489e-01 8.866524e-03 5.674748e-03 5.804255e-01 -5.882955e-05 -2.294615e-05 4.178179e-05 -1.293095e-04
11561.400000 8.977086e-01 8.794186e-03 5.371557e-03 5.821587e-01 -6.100781e-05 -3.127924e-05 3.078181e-05 -1.410508e-04
11561.600000 8.945651e-01 8.664786e-03 5.045331e-03 5.839992e-01 -5.512828e-05 -3.261098e-05 2.206915e-05 -1.415609e-04
11561.800000 8.995747e-01 8.804794e-03 4.845071e-03 5.868924e-01 -5.509003e-05 -3.162297e-05 4.108130e-05 -1.348884e-04
11562.000000 9.097748e-01 8.913472e-03 4.641141e-03 5.984118e-01 -6.042430e-05 -3.502467e-05 2.982572e-05 -1.267307e-04
11562.200000 9.090245e-01 8.870292e-03 4.541854e-03 6.002152e-01 -5.894382e-05 -4.449515e-05 3.235880e-05 -1.350636e-04
11562.400000 9.031574e-01 8.755591e-03 4.213350e-03 5.989043e-01 -6.346010e-05 -3.444110e-05 3.031021e-05 -1.342443e-04
11562.600000 8.929940e-01 8.603240e-03 3.806649e-03 5.986650e-01 -6.749931e-05 -3.046280e-05 4.424004e-05 -1.272520e-04
11562.800000 9.121613e-01 8.953786e-03 3.682197e-03 6.141623e-01 -7.156991e-05 -3.012745e-05 2.715942e-05 -1.359921e-04
11563.000000 9.062523e-01 8.775191e-03 3.311206e-03 6.137973e-01 -5.561206e-05 -3.754843e-05 2.264255e-05 -1.484180e-04
11563.200000 8.960041e-01 8.581793e-03 3.097727e-03 6.121082e-01 -5.557957e-05 -3.642678e-05 1.992643e-05 -1.455256e-04
11563.400000 8.972208e-01 8.557596e-03 2.981861e-03 6.196529e-01 -5.519743e-05 -3.773542e-05 2.713090e-05 -1.205652e-04
11563.600000 9.089621e-01 8.715812e-03 2.669014e-03 6.328682e-01 -5.740086e-05 -3.164519e-05 4.178873e-05 -1.016768e-04
11563.800000 9.015658e-01 8.630186e-03 2.415770e-03 6.334624e-01 -6.441244e-05 -3.510593e-05 4.147524e-05 -1.074124e-04
11564.000000 8.900463e-01 8.395773e-03 2.201164e-03 6.299094e-01 -7.643110e-05 -4.158034e-05 2.321393e-05 -1.036375e-04
11564.200000 9.014773e-01 8.510008e-03 2.157489e-03 6.458513e-01 -7.884378e-05 -4.367214e-05 5.726405e-06 -9.730098e-05
11564.400000 9.146101e-01 8.759118e-03 2.012899e-03 6.602288e-01 -7.102868e-05 -3.556479e-05 1.408625e-05 -8.953249e-05
11564.600000 9.070258e-01 8.519623e-03 1.929305e-03 6.638960e-01 -6.805359e-05 -3.999758e-05 1.781124e-05 -9.036132e-05
11564.800000 9.003091e-01 8.386926e-03 1.808348e-03 6.683116e-01 -7.595630e-05 -3.868195e-05 2.974038e-05 -8.421774e-05
11565.000000 8.998437e-01 8.358843e-03 1.486453e-03 6.724866e-01 -7.362548e-05 -3.697063e-05 4.045115e-05 -8.826605e-05
11565.200000 9.155001e-01 8.520759e-03 1.499104e-03 6.922156e-01 -6.708865e-05 -4.338462e-05 2.825166e-05 -9.055264e-05
11565.400000 8.978314e-01 8.222231e-03 1.405953e-03 6.916487e-01 -5.908953e-05 -4.701097e-05 3.006250e-05 -9.363805e-05
11565.600000 9.020601e-01 8.189220e-03 1.349040e-03 7.030270e-01 -7.031305e-05 -4.521397e-05 2.083581e-05 -1.032957e-04
11565.800000 9.103083e-01 8.309350e-03 1.360492e-03 7.153375e-01 -7.489648e-05 -4.466596e-05 2.160253e-05 -9.937592e-05
11566.000000 8.867868e-01 7.909778e-03 1.279518e-03 7.056548e-01 -6.948659e-05 -3.179363e-05 2.418709e-05 -9.983443e-05
11566.200000 9.032430e-01 8.103956e-03 1.332555e-03 7.288647e-01 -7.244177e-05 -4.226707e-05 2.654781e-05 -9.565993e-05
11566.400000 9.078535e-01 8.162696e-03 1.372881e-03 7.404148e-01 -7.260695e-05 -4.290771e-05 3.076676e-05 -9.007867e-05
11566.600000 9.038380e-01 8.017226e-03 1.236660e-03 7.437256e-01 -6.732589e-05 -4.168829e-05 3.832529e-05 -1.000212e-04
11566.800000 8.988556e-01 7.894033e-03 1.157226e-03 7.481102e-01 -6.251573e-05 -4.998248e-05 3.104333e-05 -9.856960e-05
11567.000000 8.976049e-01 7.838561e-03 1.313410e-03 7.530730e-01 -7.131745e-05 -4.719062e-05 1.733725e-05 -1.182507e-04
11567.200000 9.010331e-01 7.873282e-03 1.354437e-03 7.630874e-01 -7.498412e-05 -5.612351e-05 2.307439e-05 -9.943621e-05
11567.400000 8.923733e-01 7.694267e-03 1.313190e-03 7.598806e-01 -7.536684e-05 -6.045829e-05 2.242362e-05 -8.808361e-05
11567.600000 9.066175e-01 7.900095e-03 1.371517e-03 7.751870e-01 -7.826262e-05 -6.077898e-05 1.677206e-05 -9.945820e-05
11567.800000 8.973324e-01 7.746121e-03 1.412330e-03 7.720868e-01 -7.964506e-05 -5.328276e-05 1.658991e-05 -9.558831e-05
11568.000000 9.061149e-01 7.880121e-03 1.344442e-03 7.780861e-01 -7.361922e-05 -4.350734e-05 1.216694e-05 -9.556248e-05
11568.200000 8.978279e-01 7.760056e-03 1.423134e-03 7.720753e-01 -6.927309e-05 -3.664013e-05 8.535310e-06 -9.849571e-05
11568.400000 9.031152e-01 7.793370e-03 1.312278e-03 7.744000e-01 -7.163293e-05 -4.243760e-05 4.583922e-06 -1.065461e-04
11568.600000 9.015131e-01 7.792568e-03 1.461545e-03 7.732652e-01 -8.300686e-05 -4.485703e-05 1.269511e-05 -1.054793e-04
11568.800000 9.043545e-01 7.858291e-03 1.419004e-03 7.716014e-01 -9.657757e-05 -5.037639e-05 1.747811e-05 -1.096824e-04
11569.000000 9.035328e-01 7.861025e-03 1.419683e-03 7.672699e-01 -9.071394e-05 -5.296879e-05 2.523326e-05 -1.131717e-04
11569.200000 9.001970e-01 7.845451e-03 1.474867e-03 7.617341e-01 -9.183160e-05 -5.098845e-05 2.787350e-05 -9.823941e-05
11569.400000 9.024678e-01 7.924485e-03 1.643297e-03 7.589051e-01 -8.644070e-05 -5.697488e-05 1.816016e-05 -9.694461e-05
11569.600000 9.042236e-01 7.966809e-03 1.646857e-03 7.539927e-01 -7.558900e-05 -5.222163e-05 1.033931e-05 -1.083870e-04
11569.800000 9.057238e-01 8.024700e-03 1.659185e-03 7.488728e-01 -7.240462e-05 -4.980919e-05 1.392554e-05 -1.114653e-04
11570.000000 9.067278e-01 8.088997e-03 1.686239e-03 7.434654e-01 -6.537051e-05 -5.500273e-05 1.970492e-05 -1.071658e-04
11570.200000 8.991927e-01 8.011414e-03 1.550800e-03 7.311111e-01 -6.393453e-05 -5.647002e-05 1.327013e-05 -1.008580e-04
11570.400000 9.052036e-01 8.126962e-03 1.639100e-03 7.298419e-01 -7.036476e-05 -4.387453e-05 8.680357e-06 -1.007050e-04
11570.600000 9.000250e-01 8.084867e-03 1.673641e-03 7.183936e-01 -7.016184e-05 -3.737076e-05 8.582272e-06 -9.687926e-05
11570.800000 8.970221e-01 8.081474e-03 1.761288e-03 7.095004e-01 -6.425321e-05 -3.947814e-05 1.824505e-05 -1.008491e-04
11571.000000 8.985076e-01 8.126677e-03 1.813197e-03 7.053141e-01 -7.295269e-05 -3.633193e-05 2.714837e-05 -1.052758e-04
11571.200000 8.998147e-01 8.205679e-03 1.917246e-03 6.995318e-01 -7.363271e-05 -3.961477e-05 2.658883e-05 -9.280416e-05
11571.400000 9.014176e-01 8.247323e-03 1.843772e-03 6.949153e-01 -7.199427e-05 -3.775332e-05 2.078616e-05 -9.536595e-05
11571.600000 9.054091e-01 8.343825e-03 1.879320e-03 6.927429e-01 -7.721205e-05 -4.181725e-05 1.716715e-05 -8.780106e-05
11571.800000 9.030538e-01 8.326339e-03 1.865173e-03 6.861782e-01 -6.545031e-05 -5.157729e-05 1.624756e-05 -8.458713e-05
11572.000000 9.042019e-01 8.390534e-03 1.942319e-03 6.816095e-01 -6.367904e-05 -3.726868e-05 1.437641e-05 -8.517128e-05
11572.200000 9.034266e-01 8.408721e-03 1.917944e-03 6.768835e-01 -6.481443e-05 -3.393737e-05 1.317532e-05 -8.671578e-05
11572.400000 9.070409e-01 8.499023e-03 1.899465e-03 6.759398e-01 -7.323444e-05 -3.681969e-05 1.711543e-05 -8.805148e-05
11572.600000 9.006868e-01 8.425184e-03 1.891171e-03 6.666954e-01 -7.577163e-05 -3.811773e-05 2.012484e-05 -9.254495e-05
11572.800000 8.995400e-01 8.433202e-03 2.049259e-03 6.617376e-01 -7.747798e-05 -3.439163e-05 1.840571e-05 -9.857484e-05
11573.000000 8.953243e-01 8.386428e-03 2.004221e-03 6.549909e-01 -7.840688e-05 -2.964234e-05 1.267684e-05 -1.092608e-04
11573.200000 9.004649e-01 8.514848e-03 2.023468e-03 6.558097e-01 -8.348082e-05 -3.415509e-05 2.056238e-05 -1.059191e-04
11573.400000 8.948139e-01 8.424918e-03 2.120125e-03 6.483053e-01 -8.320248e-05 -4.585113e-05 2.276936e-05 -9.836420e-05
11573.600000 8.991156e-01 8.515508e-03 2.049561e-03 6.497113e-01 -8.958098e-05 -3.890359e-05 1.443913e-05 -9.985642e-05
11573.800000 8.949711e-01 8.468121e-03 2.072681e-03 6.438174e-01 -8.314840e-05 -4.421587e-05 1.865015e-05 -9.712472e-05
11574.000000 9.002682e-01 8.589067e-03 2.045287e-03 6.443178e-01 -7.421705e-05 -4.227661e-05 1.304462e-05 -1.022366e-04
11574.200000 9.013688e-01 8.631881e-03 2.082489e-03 6.451495e-01 -6.811396e-05 -4.108871e-05 1.355198e-05 -9.734321e-05
11574.400000 8.999948e-01 8.614933e-03 2.086755e-03 6.405614e-01 -6.793749e-05 -3.573103e-05 9.236767e-06 -1.000218e-04
11574.600000 8.968129e-01 8.571331e-03 2.180628e-03 6.367652e-01 -6.848996e-05 -3.580433e-05 -6.206529e-07 -9.928376e-05
11574.800000 8.992019e-01 8.624586e-03 2.062291e-03 6.356028e-01 -6.754135e-05 -3.123715e-05 5.549293e-06 -9.860942e-05
11575.000000 9.029740e-01 8.678642e-03 2.252002e-03 6.358069e-01 -7.492714e-05 -3.565355e-05 2.320918e-06 -1.055455e-04
11575.200000 8.960763e-01 8.602742e-03 2.097617e-03 6.309979e-01 -8.480609e-05 -3.892252e-05 8.166306e-06 -1.007869e-04
11575.400000 9.041024e-01 8.717313e-03 2.171766e-03 6.354675e-01 -7.405700e-05 -4.674939e-05 9.584530e-06 -1.060966e-04
11575.600000 8.996000e-01 8.676722e-03 2.114642e-03 6.311846e-01 -7.359990e-05 -5.540363e-05 1.494366e-05 -1.126079e-04
11575.800000 8.978586e-01 8.661550e-03 2.037417e-03 6.294026e-01 -8.078589e-05 -6.255569e-05 1.559583e-05 -1.093517e-04
11576.000000 9.017464e-01 8.744942e-03 2.088120e-03 6.324197e-01 -7.037617e-05 -5.467219e-05 -3.425024e-06 -1.096262e-04
11576.200000 9.071435e-01 8.805478e-03 2.096296e-03 6.352217e-01 -8.010814e-05 -5.084863e-05 -4.196559e-06 -1.136980e-04
11576.400000 8.945469e-01 8.602735e-03 2.222528e-03 6.259029e-01 -8.118506e-05 -3.979462e-05 6.115736e-06 -1.088653e-04
11576.600000 8.958178e-01 8.644458e-03 2.174073e-03 6.253961e-01 -7.613244e-05 -4.058962e-05 -1.961218e-06 -1.159194e-04
11576.800000 8.919690e-01 8.568463e-03 2.151607e-03 6.232060e-01 -7.220786e-05 -4.568160e-05 4.175795e-07 -1.256270e-04
11577.000000 9.012085e-01 8.738091e-03 2.116604e-03 6.276977e-01 -6.473362e-05 -4.350136e-05 1.548033e-05 -1.198633e-04
11577.200000 8.906533e-01 8.590049e-03 2.225828e-03 6.209458e-01 -7.399949e-05 -3.965808e-05 1.398078e-05 -1.151231e-04
11577.400000 9.006252e-01 8.725554e-03 2.069818e-03 6.277079e-01 -7.911039e-05 -3.648517e-05 1.638522e-05 -1.113503e-04
11577.600000 8.962611e-01 8.651136e-03 2.085053e-03 6.238752e-01 -8.309872e-05 -3.688790e-05 1.588675e-05 -1.064153e-04
11577.800000 8.973275e-01 8.692315e-03 2.081226e-03 6.247079e-01 -6.727188e-05 -3.532326e-05 1.700614e-05 -1.065910e-04
11578.000000 8.958377e-01 8.679233e-03 2.106637e-03 6.255774e-01 -6.859248e-05 -4.345147e-05 6.894485e-07 -1.104861e-04
11578.200000 8.942176e-01 8.633401e-03 2.122839e-03 6.244280e-01 -6.975640e-05 -3.574421e-05 7.432413e-06 -1.147562e-04
11578.400000 9.016101e-01 8.788104e-03 2.069957e-03 6.298198e-01 -6.995040e-05 -4.074434e-05 1.110464e-05 -1.237827e-04
11578.600000 9.043335e-01 8.805748e-03 2.031372e-03 6.324149e-01 -7.039687e-05 -3.563804e-05 1.621065e-05 -1.133453e-04
11578.800000 8.991044e-01 8.723138e-03 2.014869e-03 6.262887e-01 -7.426739e-05 -3.394078e-05 6.011756e-06 -1.174694e-04
11579.000000 8.996686e-01 8.736581e-03 2.060952e-03 6.272847e-01 -7.187880e-05 -2.717851e-05 2.674741e-05 -1.085348e-04
11579.200000 8.910815e-01 8.588059e-03 2.025212e-03 6.210631e-01 -7.327135e-05 -3.607206e-05 2.699612e-05 -1.074560e-04
11579.400000 9.009384e-01 8.791905e-03 1.992119e-03 6.283507e-01 -8.022997e-05 -4.017826e-05 2.918129e-05 -1.120334e-04
11579.600000 9.004788e-01 8.781842e-03 2.016222e-03 6.266625e-01 -7.754402e-05 -4.568513e-05 3.402004e-05 -1.065468e-04
11579.800000 8.903393e-01 8.626517e-03 1.951092e-03 6.218145e-01 -7.671668e-05 -4.816681e-05 2.295775e-05 -9.362935e-05
11580.000000 8.973157e-01 8.705152e-03 1.903997e-03 6.276962e-01 -7.243576e-05 -4.657997e-05 1.933090e-05 -9.924958e-05
11580.200000 9.010571e-01 8.751194e-03 2.050280e-03 6.296628e-01 -6.711411e-05 -4.848743e-05 1.756650e-05 -9.991086e-05
11580.400000 8.997325e-01 8.757996e-03 2.043318e-03 6.289597e-01 -6.164592e-05 -4.762910e-05 1.250400e-05 -1.082179e-04
11580.600000 9.100760e-01 8.939448e-03 2.017402e-03 6.385039e-01 -6.681599e-05 -4.801607e-05 1.662226e-05 -1.046656e-04
11580.800000 9.062339e-01 8.836960e-03 1.977115e-03 6.357517e-01 -7.057088e-05 -4.445195e-05 2.926998e-05 -1.040326e-04
11581.000000 8.972862e-01 8.683968e-03 1.887096e-03 6.294065e-01 -7.068130e-05 -4.945086e-05 3.657806e-05 -9.405476e-05
11581.200000 8.840081e-01 8.540032e-03 2.068018e-03 6.193839e-01 -7.406699e-05 -4.418670e-05 2.968208e-05 -1.047845e-04
11581.400000 9.125101e-01 8.989778e-03 2.025007e-03 6.388989e-01 -6.509353e-05 -4.664996e-05 1.648205e-05 -1.050696e-04
11581.600000 8.978342e-01 8.771979e-03 1.966987e-03 6.291997e-01 -7.251580e-05 -5.541740e-05 7.453049e-06 -1.071382e-04
11581.800000 9.027215e-01 8.815426e-03 1.917891e-03 6.362100e-01 -7.633703e-05 -4.721721e-05 2.156920e-05 -1.036218e-04
11582.000000 8.980130e-01 8.747179e-03 2.063885e-03 6.314154e-01 -7.630497e-05 -4.446178e-05 1.418523e-05 -1.027274e-04
11582.200000 8.979449e-01 8.767271e-03 2.110848e-03 6.279964e-01 -6.429844e-05 -4.801222e-05 1.767329e-05 -1.118038e-04
11582.400000 8.963126e-01 8.691149e-03 2.124160e-03 6.296367e-01 -4.424694e-05 -5.230717e-05 2.630166e-05 -1.104757e-04
11582.600000 9.119956e-01 9.015953e-03 2.026774e-03 6.431151e-01 -4.673221e-05 -4.162193e-05 1.384030e-05 -1.041202e-04
11582.800000 9.141877e-01 8.997651e-03 2.138540e-03 6.407083e-01 -6.510513e-05 -4.063373e-05 9.867394e-06 -1.058082e-04
11583.000000 8.937890e-01 8.696787e-03 1.974233e-03 6.301976e-01 -6.503901e-05 -3.414102e-05 3.703551e-06 -1.040841e-04
11583.200000 8.867943e-01 8.554050e-03 1.922333e-03 6.243398e-01 -6.191263e-05 -4.267329e-05 1.014972e-05 -9.870972e-05
11583.400000 8.979062e-01 8.771428e-03 2.126985e-03 6.330052e-01 -6.606365e-05 -4.212854e-05 1.766128e-05 -9.067064e-05
11583.600000 9.080033e-01 8.897811e-03 2.081392e-03 6.414768e-01 -5.761401e-05 -4.539974e-05 1.345897e-05 -9.301416e-05
11583.800000 9.001308e-01 8.773766e-03 2.091368e-03 6.320344e-01 -6.530996e-05 -3.664003e-05 1.318256e-05 -9.807201e-05
11584.000000 8.913562e-01 8.655373e-03 2.203622e-03 6.272575e-01 -7.201741e-05 -3.122346e-05 1.466300e-05 -9.254722e-05
11584.200000 9.088585e-01 8.940347e-03 2.191361e-03 6.409756e-01 -7.720331e-05 -3.372636e-05 3.090284e-05 -7.689392e-05
11584.400000 9.122357e-01 8.965107e-03 2.202400e-03 6.465845e-01 -7.401897e-05 -3.778030e-05 2.004690e-05 -7.375156e-05
11584.600000 9.055817e-01 8.815491e-03 2.170331e-03 6.408812e-01 -6.993560e-05 -3.696913e-05 2.665307e-05 -8.263877e-05
11584.800000 8.872764e-01 8.615907e-03 1.875697e-03 6.281457e-01 -7.306905e-05 -3.341545e-05 3.956401e-05 -7.554087e-05
11585.000000 9.109077e-01 8.943955e-03 2.148071e-03 6.451698e-01 -8.251645e-05 -3.208195e-05 3.047277e-05 -8.667474e-05
11585.200000 9.153855e-01 9.034766e-03 2.399884e-03 6.486939e-01 -8.482831e-05 -4.641140e-05 2.812677e-05 -8.280017e-05
11585.400000 8.822786e-01 8.649397e-03 2.283240e-03 6.241788e-01 -7.798695e-05 -5.062589e-05 3.667072e-05 -7.793115e-05
11585.600000 9.044529e-01 8.794069e-03 2.283000e-03 6.392034e-01 -7.030557e-05 -5.335137e-05 3.032224e-05 -8.508031e-05
11585.800000 8.855111e-01 8.565927e-03 2.209081e-03 6.255447e-01 -5.728696e-05 -5.347375e-05 1.953940e-05 -9.610444e-05
11586.000000 9.040714e-01 8.827399e-03 2.161178e-03 6.411378e-01 -6.142182e-05 -5.290936e-05 2.544661e-05 -9.631102e-05
11586.200000 9.060486e-01 8.912836e-03 2.186391e-03 6.412075e-01 -5.764218e-05 -4.616282e-05 3.349412e-05 -9.612597e-05
11586.400000 8.853148e-01 8.613464e-03 2.146694e-03 6.271567e-01 -5.737588e-05 -5.927802e-05 2.768146e-05 -8.966443e-05
11586.600000 8.884157e-01 8.608432e-03 2.192819e-03 6.301788e-01 -5.993891e-05 -5.884326e-05 3.772297e-05 -9.010648e-05
11586.800000 9.001221e-01 8.819366e-03 2.303792e-03 6.377595e-01 -5.989162e-05 -6.383327e-05 3.676808e-05 -7.845629e-05
11587.000000 9.065278e-01 8.842865e-03 2.273556e-03 6.455569e-01 -5.976329e-05 -6.771604e-05 2.670982e-05 -7.804018e-05
11587.200000 8.947199e-01 8.680118e-03 2.052410e-03 6.330965e-01 -5.840397e-05 -5.665301e-05 3.947375e-05 -8.183430e-05
11587.400000 8.965179e-01 8.723516e-03 2.304416e-03 6.343892e-01 -5.541851e-05 -5.559192e-05 3.651518e-05 -9.842567e-05
11587.600000 8.988238e-01 8.741791e-03 2.205657e-03 6.355870e-01 -4.718862e-05 -6.166830e-05 3.867678e-05 -9.985086e-05
11587.800000 8.902286e-01 8.628563e-03 2.246599e-03 6.311125e-01 -4.903559e-05 -5.969293e-05 2.073233e-05 -9.344000e-05
11588.000000 8.815422e-01 8.474454e-03 2.067148e-03 6.250391e-01 -6.427196e-05 -5.946811e-05 1.991115e-05 -1.007156e-04
11588.200000 9.063309e-01 8.898724e-03 2.200639e-03 6.451266e-01 -6.654474e-05 -5.077225e-05 3.121453e-05 -1.006503e-04
11588.400000 8.926272e-01 8.737300e-03 2.066420e-03 6.354438e-01 -5.867311e-05 -6.089222e-05 2.444028e-05 -9.952599e-05
11588.600000 8.983757e-01 8.777079e-03 2.245881e-03 6.428228e-01 -5.167650e-05 -5.761622e-05 1.743668e-05 -9.499343e-05
11588.800000 8.841982e-01 8.513681e-03 2.171687e-03 6.302403e-01 -5.929478e-05 -5.981817e-05 2.688205e-05 -9.169456e-05
11589.000000 8.887687e-01 8.587482e-03 2.154357e-03 6.309220e-01 -6.361188e-05 -5.591016e-05 1.867939e-05 -8.954918e-05
11589.200000 8.962948e-01 8.690738e-03 2.173090e-03 6.405388e-01 -4.708461e-05 -5.302210e-05 2.239685e-05 -8.711112e-05
11589.400000 8.996080e-01 8.838779e-03 2.182781e-03 6.404120e-01 -5.010846e-05 -4.691482e-05 2.741092e-05 -9.552641e-05
11589.600000 9.038296e-01 8.854903e-03 2.102851e-03 6.444522e-01 -5.520746e-05 -3.449155e-05 3.500420e-05 -8.895289e-05
11589.800000 8.785813e-01 8.519378e-03 1.949634e-03 6.271849e-01 -4.889961e-05 -3.528020e-05 3.050010e-05 -8.963344e-05
11590.000000 9.092681e-01 8.866366e-03 2.070106e-03 6.502505e-01 -5.847220e-05 -3.984197e-05 1.762826e-05 -9.076526e-05
11590.200000 8.904620e-01 8.597222e-03 1.985603e-03 6.349595e-01 -4.765989e-05 -3.412722e-05 2.030995e-05 -9.214939e-05
11590.400000 8.956647e-01 8.755230e-03 2.031640e-03 6.404073e-01 -5.872779e-05 -4.338473e-05 2.216407e-05 -9.373136e-05
11590.600000 8.984967e-01 8.772714e-03 2.060371e-03 6.417267e-01 -7.804891e-05 -3.944408e-05 1.601091e-05 -9.192276e-05
11590.800000 8.903632e-01 8.634037e-03 1.933156e-03 6.372955e-01 -7.400881e-05 -3.656834e-05 1.169423e-05 -9.030576e-05
11591.000000 8.946390e-01 8.650352e-03 2.016161e-03 6.379774e-01 -6.254842e-05 -3.081517e-05 2.392196e-05 -8.535320e-05
11591.200000 8.922613e-01 8.711803e-03 1.917346e-03 6.350243e-01 -7.607416e-05 -3.226256e-05 2.676579e-05 -7.723351e-05
11591.400000 9.005367e-01 8.809194e-03 2.067683e-03 6.465774e-01 -7.621176e-05 -3.592516e-05 1.236713e-05 -8.672843e-05
11591.600000 8.983475e-01 8.739664e-03 2.029413e-03 6.418892e-01 -7.239218e-05 -4.842115e-05 4.952058e-06 -8.967487e-05
11591.800000 8.971016e-01 8.744953e-03 1.894296e-03 6.468130e-01 -6.681010e-05 -5.918234e-05 1.906594e-05 -8.510368e-05
11592.000000 9.046748e-01 8.843594e-03 2.009536e-03 6.473618e-01 -6.811713e-05 -5.973572e-05 9.426793e-06 -8.644373e-05
11592.200000 8.897660e-01 8.636964e-03 2.055661e-03 6.334322e-01 -6.611272e-05 -5.554774e-05 2.036709e-05 -8.467621e-05
11592.400000 8.840921e-01 8.581858e-03 1.899594e-03 6.345822e-01 -6.071918e-05 -5.181895e-05 2.562078e-05 -9.355684e-05
11592.600000 9.007741e-01 8.740333e-03 1.900246e-03 6.458690e-01 -6.459434e-05 -5.536287e-05 2.654492e-05 -9.225314e-05
11592.800000 8.922296e-01 8.712961e-03 1.884983e-03 6.411871e-01 -6.637882e-05 -5.638611e-05 1.486503e-05 -1.037370e-04
11593.000000 8.954588e-01 8.709336e-03 1.793636e-03 6.415707e-01 -6.670930e-05 -5.530503e-05 3.674020e-06 -9.641191e-05
11593.200000 8.836138e-01 8.543959e-03 2.050173e-03 6.322756e-01 -6.341003e-05 -5.004130e-05 7.476276e-07 -9.324413e-05
11593.400000 8.853216e-01 8.623878e-03 1.822015e-03 6.379282e-01 -6.782729e-05 -3.997869e-05 -1.528750e-06 -9.635537e-05
11593.600000 8.865003e-01 8.537492e-03 1.830178e-03 6.361644e-01 -7.213348e-05 -5.117663e-05 -1.719338e-06 -8.667961e-05
11593.800000 8.929885e-01 8.679834e-03 1.945990e-03 6.434097e-01 -6.927453e-05 -5.061584e-05 1.538546e-05 -7.782126e-05
11594.000000 8.945733e-01 8.724726e-03 1.753984e-03 6.408451e-01 -7.101573e-05 -4.173752e-05 1.433119e-05 -8.919794e-05
11594.200000 9.088284e-01 8.897018e-03 1.879110e-03 6.519663e-01 -7.322024e-05 -4.317703e-05 2.109516e-05 -8.485507e-05
11594.400000 8.878957e-01 8.621923e-03 1.795944e-03 6.350503e-01 -6.693205e-05 -3.982429e-05 2.146667e-05 -9.234921e-05
11594.600000 9.030287e-01 8.826512e-03 1.713947e-03 6.486932e-01 -6.167660e-05 -2.867539e-05 1.752093e-05 -1.022632e-04
11594.800000 8.947194e-01 8.685981e-03 1.849377e-03 6.434598e-01 -6.016787e-05 -4.094765e-05 2.929799e-05 -9.558563e-05
11595.000000 8.912335e-01 8.679858e-03 1.850544e-03 6.409151e-01 -5.665698e-05 -3.624791e-05 2.882766e-05 -1.071181e-04
11595.200000 8.956559e-01 8.719956e-03 1.747612e-03 6.446380e-01 -5.604753e-05 -4.066640e-05 2.889175e-05 -9.911421e-05
11595.400000 8.877983e-01 8.669846e-03 1.802472e-03 6.407820e-01 -5.874537e-05 -3.191426e-05 2.630762e-05 -1.046983e-04
11595.600000 8.993771e-01 8.765260e-03 1.830449e-03 6.492497e-01 -6.128770e-05 -4.307959e-05 1.873569e-05 -1.055103e-04
11595.800000 8.805930e-01 8.591318e-03 1.702219e-03 6.345141e-01 -5.950360e-05 -4.019604e-05 2.363517e-05 -9.693372e-05
11596.000000 8.963134e-01 8.687661e-03 1.950030e-03 6.446559e-01 -5.328752e-05 -4.825718e-05 1.096520e-05 -1.028011e-04
11596.200000 8.843331e-01 8.607133e-03 1.750602e-03 6.342731e-01 -4.437490e-05 -5.338083e-05 1.389829e-05 -9.894264e-05
11596.400000 9.043968e-01 8.836618e-03 1.929094e-03 6.518472e-01 -5.238473e-05 -5.328985e-05 2.653740e-05 -8.764539e-05
11596.600000 8.952267e-01 8.698848e-03 1.921097e-03 6.449165e-01 -5.412880e-05 -5.587627e-05 3.797865e-05 -9.045009e-05
11596.800000 8.784372e-01 8.568321e-03 1.703837e-03 6.339649e-01 -4.920011e-05 -5.049169e-05 2.660893e-05 -7.848447e-05
11597.000000 8.891865e-01 8.659921e-03 1.956624e-03 6.411672e-01 -5.668120e-05 -4.496382e-05 2.427165e-05 -9.055197e-05
11597.700000 8.930788e-01 8.708125e-03 1.962934e-03 6.451514e-01 -6.256552e-05 -4.210797e-05 2.092977e-05 -9.235666e-05
11598.400000 8.894158e-01 8.647550e-03 2.048662e-03 6.437261e-01 -5.900379e-05 -4.401577e-05 2.548100e-05 -9.529415e-05
11599.100000 8.908611e-01 8.691476e-03 1.948891e-03 6.451610e-01 -6.018397e-05 -5.097881e-05 2.540172e-05 -9.624204e-05
11599.800000 8.965790e-01 8.785950e-03 2.027741e-03 6.513391e-01 -5.266752e-05 -5.413794e-05 2.413192e-05 -9.633354e-05
11600.500000 8.959178e-01 8.787588e-03 2.030353e-03 6.512719e-01 -5.397168e-05 -5.614380e-05 2.437618e-05 -1.012510e-04
11601.200000 8.918355e-01 8.738647e-03 2.091600e-03 6.477836e-01 -5.115934e-05 -6.125802e-05 2.982600e-05 -1.073723e-04
11601.900000 8.945476e-01 8.775215e-03 2.081042e-03 6.510186e-01 -5.057093e-05 -6.008618e-05 2.316453e-05 -1.018374e-04
11602.600000 8.938317e-01 8.774465e-03 2.081675e-03 6.528752e-01 -5.151049e-05 -5.457873e-05 1.538821e-05 -1.038257e-04
11603.300000 8.945503e-01 8.779072e-03 2.097200e-03 6.532829e-01 -5.841927e-05 -5.431291e-05 1.164353e-05 -1.034013e-04
11604.993695 8.932232e-01 8.756670e-03 2.102981e-03 6.538040e-01 -6.828411e-05 -6.064009e-05 8.137374e-06 -9.911747e-05
11605.999583 8.923466e-01 8.762830e-03 2.126291e-03 6.543175e-01 -7.328316e-05 -6.367930e-05 8.624501e-07 -1.060912e-04
11607.017662 8.950038e-01 8.821599e-03 2.181921e-03 6.584656e-01 -7.439270e-05 -6.832956e-05 1.537173e-05 -9.719598e-05
11608.047933 8.941569e-01 8.815279e-03 2.136750e-03 6.579739e-01 -7.552716e-05 -6.235470e-05 3.743916e-06 -8.590609e-05
11609.090396 8.919260e-01 8.777916e-03 2.134974e-03 6.586990e-01 -6.975998e-05 -5.766293e-05 1.187947e-05 -9.533648e-05
11610.145051 8.930255e-01 8.809499e-03 2.170812e-03 6.621300e-01 -6.510949e-05 -6.192960e-05 9.333921e-06 -9.608856e-05
11611.211898 8.927782e-01 8.804474e-03 2.106843e-03 6.616435e-01 -6.197898e-05 -6.225425e-05 1.778625e-05 -9.837135e-05
11612.290937 8.900041e-01 8.761636e-03 2.093687e-03 6.612376e-01 -6.887415e-05 -6.390319e-05 1.911945e-05 -9.250268e-05
11613.382167 8.927885e-01 8.765662e-03 2.081799e-03 6.642296e-01 -6.374740e-05 -6.312832e-05 9.492780e-06 -9.201575e-05
11614.485590 8.921204e-01 8.796429e-03 2.005853e-03 6.665420e-01 -6.133688e-05 -6.017281e-05 1.503719e-05 -7.843746e-05
11615.601204 8.887654e-01 8.767763e-03 2.000089e-03 6.645837e-01 -6.284435e-05 -6.389750e-05 1.133151e-05 -7.775720e-05
11616.729011 8.877446e-01 8.762679e-03 1.939158e-03 6.637484e-01 -6.299480e-05 -7.676051e-05 1.346307e-05 -8.139079e-05
11617.869009 8.872114e-01 8.779821e-03 1.917833e-03 6.622303e-01 -6.827624e-05 -7.303170e-05 1.604255e-05 -8.499842e-05
11619.021199 8.889152e-01 8.827354e-03 1.906309e-03 6.636961e-01 -6.567787e-05 -5.931800e-05 1.093263e-05 -9.123179e-05
11620.185582 8.864704e-01 8.821996e-03 1.905624e-03 6.614066e-01 -6.559138e-05 -5.513626e-05 9.101899e-06 -9.015439e-05
11621.362156 8.880741e-01 8.859486e-03 1.915185e-03 6.620502e-01 -5.585883e-05 -6.673308e-05 1.454324e-05 -7.589704e-05
11622.550922 8.876776e-01 8.860000e-03 1.920577e-03 6.585336e-01 -6.207720e-05 -6.536370e-05 6.866826e-06 -8.422484e-05
11623.751879 8.862322e-01 8.875338e-03 1.956133e-03 6.552872e-01 -5.839960e-05 -6.485155e-05 1.736795e-05 -8.613621e-05
11624.965029 8.875532e-01 8.925726e-03 1.996819e-03 6.545594e-01 -6.162298e-05 -5.525252e-05 2.508640e-05 -8.211217e-05
11626.190371 8.872098e-01 8.953670e-03 2.002888e-03 6.530519e-01 -6.596076e-05 -4.810165e-05 1.846767e-05 -8.453344e-05
11627.427904 8.852306e-01 8.942648e-03 2.009080e-03 6.509512e-01 -6.410675e-05 -5.683317e-05 1.638079e-05 -7.865063e-05
11628.677630 8.855513e-01 8.951810e-03 2.048974e-03 6.489781e-01 -6.037653e-05 -5.416594e-05 5.651149e-06 -8.732467e-05
11629.939547 8.878542e-01 9.011942e-03 2.082894e-03 6.502918e-01 -5.774577e-05 -4.644127e-05 -1.492209e-05 -8.954471e-05
11631.213657 8.851833e-01 9.017468e-03 2.093764e-03 6.473292e-01 -5.696233e-05 -4.475591e-05 -1.005482e-06 -8.701471e-05
11632.499958 8.844618e-01 9.020415e-03 2.127948e-03 6.460202e-01 -6.319397e-05 -4.926831e-05 -7.585257e-07 -8.695123e-05
11633.798451 8.848788e-01 9.043887e-03 2.107782e-03 6.448356e-01 -6.979865e-05 -3.707548e-05 -1.508012e-06 -8.182932e-05
11635.109136 8.859155e-01 9.067087e-03 2.113817e-03 6.430474e-01 -6.400113e-05 -3.791516e-05 1.069530e-05 -7.985831e-05
11636.432013 8.826968e-01 9.038776e-03 2.101419e-03 6.418195e-01 -5.876771e-05 -4.457465e-05 9.497598e-06 -7.863659e-05
11637.767082 8.816780e-01 9.061350e-03 2.178403e-03 6.399195e-01 -5.987623e-05 -5.329329e-05 9.190228e-06 -8.606827e-05
11639.114342 8.831348e-01 9.097688e-03 2.168572e-03 6.425932e-01 -5.202276e-05 -5.468044e-05 1.158782e-05 -9.463953e-05
11640.473795 8.835403e-01 9.104466e-03 2.200919e-03 6.431729e-01 -6.345239e-05 -5.996629e-05 6.562186e-06 -9.598818e-05
11641.845440 8.840260e-01 9.126360e-03 2.265128e-03 6.441412e-01 -6.005163e-05 -5.999590e-05 8.594557e-06 -8.758691e-05
11643.229276 8.837371e-01 9.153251e-03 2.269989e-03 6.425917e-01 -5.803870e-05 -5.460998e-05 1.236077e-06 -9.290869e-05
11644.625305 8.826397e-01 9.155048e-03 2.287921e-03 6.420000e-01 -6.827741e-05 -5.721643e-05 2.240399e-06 -9.806368e-05
11646.033525 8.821394e-01 9.144618e-03 2.315010e-03 6.419384e-01 -7.137971e-05 -4.949072e-05 -5.575821e-07 -9.708028e-05
11647.453937 8.827455e-01 9.196783e-03 2.339227e-03 6.427109e-01 -7.756547e-05 -4.445253e-05 5.323769e-06 -8.872113e-05
11648.886541 8.762379e-01 9.113972e-03 2.284342e-03 6.380472e-01 -7.046214e-05 -4.822270e-05 -3.240171e-06 -9.261211e-05
11650.331337 8.787206e-01 9.193329e-03 2.295477e-03 6.420857e-01 -6.189402e-05 -5.231177e-05 3.118660e-07 -9.680835e-05
11651.788325 8.805804e-01 9.220766e-03 2.285770e-03 6.421245e-01 -7.439533e-05 -5.661787e-05 2.569687e-07 -9.683761e-05
11653.257505 8.813770e-01 9.228840e-03 2.266477e-03 6.434812e-01 -7.194669e-05 -5.218354e-05 -1.504438e-06 -9.246586e-05
11654.738877 8.814796e-01 9.237508e-03 2.253074e-03 6.427098e-01 -6.027646e-05 -5.764510e-05 1.176463e-06 -9.377002e-05
11656.232440 8.798498e-01 9.242499e-03 2.216776e-03 6.442015e-01 -6.537848e-05 -5.968415e-05 4.513157e-06 -9.092895e-05
11657.738196 8.783624e-01 9.226422e-03 2.218494e-03 6.429677e-01 -7.904885e-05 -5.768164e-05 -5.582544e-07 -9.670433e-05
11659.256143 8.802432e-01 9.264903e-03 2.208798e-03 6.445657e-01 -7.894674e-05 -4.830927e-05 4.483187e-06 -9.386778e-05
11660.786283 8.792421e-01 9.283820e-03 2.188520e-03 6.441869e-01 -7.929641e-05 -4.600407e-05 1.233670e-05 -9.004399e-05
11662.328614 8.785456e-01 9.277283e-03 2.156676e-03 6.440328e-01 -7.389057e-05 -5.132368e-05 1.730877e-05 -8.216560e-05
11663.883137 8.769263e-01 9.258810e-03 2.146489e-03 6.444552e-01 -6.505523e-05 -5.247608e-05 2.304964e-05 -8.203996e-05
11665.449852 8.782454e-01 9.311113e-03 2.190378e-03 6.457464e-01 -6.295244e-05 -5.645837e-05 2.283921e-05 -9.014567e-05
11667.028759 8.791484e-01 9.338022e-03 2.212122e-03 6.463651e-01 -6.847728e-05 -5.130628e-05 2.488590e-05 -8.846781e-05
11668.619858 8.766235e-01 9.316137e-03 2.201612e-03 6.446119e-01 -7.307793e-05 -5.067139e-05 1.806314e-05 -9.042786e-05
11670.223149 8.750723e-01 9.309908e-03 2.212442e-03 6.452825e-01 -6.250851e-05 -5.160365e-05 1.632133e-05 -9.625763e-05
11671.838632 8.770940e-01 9.354591e-03 2.270707e-03 6.468178e-01 -7.002268e-05 -5.403616e-05 2.177099e-05 -9.359110e-05
11673.466307 8.770453e-01 9.367993e-03 2.220290e-03 6.475978e-01 -6.092774e-05 -6.054820e-05 1.622554e-05 -9.163303e-05
11675.106173 8.751699e-01 9.350979e-03 2.230835e-03 6.472190e-01 -6.143548e-05 -5.833267e-05 1.082361e-05 -1.052795e-04
11676.758232 8.752039e-01 9.390900e-03 2.258044e-03 6.478042e-01 -5.885448e-05 -6.330799e-05 2.113628e-05 -8.440878e-05
11678.422482 8.740837e-01 9.384017e-03 2.268248e-03 6.471304e-01 -5.520645e-05 -5.976850e-05 8.888714e-06 -8.410278e-05
11680.098924 8.726012e-01 9.393903e-03 2.234711e-03 6.473855e-01 -5.319038e-05 -6.799796e-05 8.264175e-06 -9.453792e-05
11681.787558 8.731926e-01 9.403034e-03 2.255171e-03 6.451115e-01 -6.122748e-05 -6.372842e-05 8.553770e-06 -1.051950e-04
11683.488385 8.735963e-01 9.426945e-03 2.229019e-03 6.488640e-01 -6.576162e-05 -6.193425e-05 3.817767e-06 -1.011609e-04
11685.201403 8.744852e-01 9.441328e-03 2.232773e-03 6.487321e-01 -7.534359e-05 -6.039629e-05 1.169177e-05 -9.092020e-05
11686.926613 8.738088e-01 9.455968e-03 2.240864e-03 6.482231e-01 -8.007285e-05 -5.387410e-05 3.246878e-06 -9.403203e-05
11688.664014 8.727353e-01 9.464882e-03 2.231133e-03 6.486163e-01 -8.234993e-05 -4.841421e-05 6.206304e-06 -8.988025e-05
11690.413608 8.731380e-01 9.503480e-03 2.243208e-03 6.500951e-01 -7.163747e-05 -5.369250e-05 8.691098e-06 -9.103757e-05
11692.175394 8.719590e-01 9.490394e-03 2.238106e-03 6.484645e-01 -6.766291e-05 -6.068085e-05 1.193100e-05 -8.545683e-05
11693.949371 8.721789e-01 9.519937e-03 2.278357e-03 6.501387e-01 -7.249019e-05 -6.413990e-05 1.806328e-05 -7.716192e-05
11695.735541 8.718952e-01 9.551624e-03 2.305038e-03 6.485297e-01 -6.966591e-05 -7.226977e-05 2.014899e-05 -8.199280e-05
11697.533902 8.702393e-01 9.550949e-03 2.329840e-03 6.462816e-01 -6.402311e-05 -6.253437e-05 2.141519e-05 -7.949462e-05
11699.344455 8.692467e-01 9.557356e-03 2.342044e-03 6.454328e-01 -6.647423e-05 -7.404952e-05 1.780297e-05 -8.777172e-05
11701.167201 8.700679e-01 9.596162e-03 2.369916e-03 6.463977e-01 -7.561756e-05 -6.594669e-05 2.074458e-05 -9.506879e-05
11703.002138 8.653656e-01 9.564971e-03 2.356856e-03 6.427336e-01 -7.857887e-05 -5.906598e-05 1.423585e-05 -9.158671e-05
11704.849267 8.692343e-01 9.623236e-03 2.415310e-03 6.443491e-01 -7.027073e-05 -4.720458e-05 1.746164e-05 -8.858559e-05
11706.708588 8.693423e-01 9.658642e-03 2.433255e-03 6.447109e-01 -6.711318e-05 -4.788732e-05 1.777229e-05 -9.101900e-05
11708.580100 8.681933e-01 9.657290e-03 2.461300e-03 6.429746e-01 -7.009513e-05 -5.660510e-05 2.005889e-05 -1.014874e-04
11710.463805 8.666423e-01 9.645778e-03 2.448476e-03 6.410494e-01 -6.846235e-05 -6.341166e-05 1.252307e-05 -1.082712e-04
11712.359702 8.696345e-01 9.702160e-03 2.474215e-03 6.444422e-01 -6.305872e-05 -6.338823e-05 7.470476e-06 -9.908385e-05
11714.267790 8.665415e-01 9.705371e-03 2.457064e-03 6.428235e-01 -6.050856e-05 -6.011265e-05 1.068798e-05 -9.368831e-05
11716.188071 8.671302e-01 9.744373e-03 2.446995e-03 6.423294e-01 -6.233095e-05 -5.296555e-05 1.381689e-05 -9.742298e-05
11718.120543 8.664309e-01 9.742609e-03 2.446443e-03 6.430659e-01 -6.056665e-05 -5.258904e-05 1.763622e-05 -1.006678e-04
11720.065207 8.654012e-01 9.767269e-03 2.421024e-03 6.418702e-01 -6.307387e-05 -5.513844e-05 3.605844e-05 -9.699343e-05
11722.022064 8.642104e-01 9.749586e-03 2.420440e-03 6.404010e-01 -6.154081e-05 -4.911221e-05 2.926639e-05 -1.036187e-04
11723.991112 8.657308e-01 9.810387e-03 2.413482e-03 6.399259e-01 -6.174071e-05 -3.859092e-05 2.547623e-05 -1.052149e-04
11725.972352 8.641517e-01 9.803854e-03 2.372503e-03 6.402627e-01 -6.607071e-05 -4.152157e-05 2.117801e-05 -1.148832e-04
11727.965784 8.639067e-01 9.821511e-03 2.386129e-03 6.399758e-01 -6.341030e-05 -4.886215e-05 1.400073e-05 -1.175898e-04
11729.971407 8.647457e-01 9.849138e-03 2.340072e-03 6.418168e-01 -6.338269e-05 -5.628377e-05 1.760429e-05 -1.160074e-04
11731.989223 8.602287e-01 9.831878e-03 2.367360e-03 6.377873e-01 -5.412956e-05 -5.279050e-05 2.266495e-05 -1.078879e-04
11734.019231 8.575939e-01 9.812454e-03 2.343772e-03 6.369724e-01 -5.279349e-05 -4.770873e-05 1.746458e-05 -1.095741e-04
11736.061430 8.618439e-01 9.904462e-03 2.379022e-03 6.397423e-01 -5.230693e-05 -3.982256e-05 1.604035e-05 -1.113757e-04
11738.115822 8.632535e-01 9.935555e-03 2.430537e-03 6.405101e-01 -6.221200e-05 -4.754919e-05 1.339578e-05 -1.083589e-04
11740.182405 8.612425e-01 9.931253e-03 2.448879e-03 6.412171e-01 -7.210707e-05 -5.583219e-05 2.099575e-05 -1.020711e-04
11742.261180 8.584294e-01 9.902116e-03 2.400720e-03 6.377555e-01 -6.896431e-05 -6.044700e-05 2.078434e-05 -1.012604e-04
11744.352148 8.609008e-01 9.973314e-03 2.441098e-03 6.408874e-01 -6.873053e-05 -7.259431e-05 1.405016e-05 -1.039109e-04
11746.455307 8.619604e-01 9.995230e-03 2.423983e-03 6.423802e-01 -7.207943e-05 -6.477112e-05 1.243090e-05 -1.024476e-04
11748.570658 8.608846e-01 1.002764e-02 2.437810e-03 6.416532e-01 -7.539401e-05 -5.906822e-05 1.576868e-05 -1.040267e-04
11750.698201 8.602278e-01 1.003228e-02 2.409487e-03 6.417550e-01 -7.790291e-05 -5.572273e-05 1.229645e-05 -1.155727e-04
11752.837935 8.601741e-01 1.004832e-02 2.405828e-03 6.413043e-01 -7.246105e-05 -6.456243e-05 1.524795e-05 -1.124114e-04
11754.989862 8.586163e-01 1.005973e-02 2.370764e-03 6.418586e-01 -7.033629e-05 -6.513785e-05 2.206393e-05 -1.081785e-04
11757.153981 8.575365e-01 1.007607e-02 2.420301e-03 6.417565e-01 -6.993267e-05 -6.072438e-05 2.715196e-05 -1.035399e-04
11759.330291 8.587949e-01 1.010858e-02 2.452985e-03 6.429795e-01 -8.109161e-05 -6.072873e-05 3.482531e-05 -9.775586e-05
11761.518794 8.589190e-01 1.013931e-02 2.514782e-03 6.434740e-01 -8.305125e-05 -6.154539e-05 2.281327e-05 -9.963413e-05
11763.719488 8.558788e-01 1.012789e-02 2.491363e-03 6.393537e-01 -8.625909e-05 -6.199528e-05 2.137878e-05 -8.779193e-05
11765.932374 8.568348e-01 1.015701e-02 2.520498e-03 6.415973e-01 -8.267613e-05 -5.440188e-05 2.408422e-05 -8.022397e-05
11768.157453 8.573391e-01 1.019476e-02 2.576239e-03 6.420858e-01 -8.106641e-05 -5.444999e-05 2.203133e-05 -8.636844e-05
11770.394723 8.518387e-01 1.015310e-02 2.629353e-03 6.395698e-01 -6.871562e-05 -5.566617e-05 1.570732e-05 -9.028494e-05
11772.644185 8.452961e-01 1.008872e-02 2.597659e-03 6.348006e-01 -7.189778e-05 -5.783289e-05 2.037602e-05 -9.418688e-05
11774.905838 8.527654e-01 1.022109e-02 2.625296e-03 6.406418e-01 -6.716415e-05 -6.645205e-05 2.841403e-05 -9.578603e-05
11777.179684 8.547203e-01 1.026788e-02 2.625207e-03 6.421045e-01 -6.336827e-05 -5.799841e-05 3.764539e-05 -9.307165e-05
11779.465722 8.546463e-01 1.029423e-02 2.642014e-03 6.410824e-01 -6.073782e-05 -5.711277e-05 3.706128e-05 -9.345654e-05
11781.763952 8.516297e-01 1.027348e-02 2.681670e-03 6.388262e-01 -6.206244e-05 -5.654903e-05 2.652715e-05 -1.033146e-04
11784.074373 8.549763e-01 1.034412e-02 2.668523e-03 6.423740e-01 -5.811449e-05 -6.228174e-05 2.747586e-05 -1.046134e-04
11786.396987 8.520786e-01 1.034414e-02 2.687054e-03 6.395701e-01 -5.644618e-05 -6.977806e-05 2.638839e-05 -9.377834e-05
11788.731792 8.513337e-01 1.036106e-02 2.718878e-03 6.410754e-01 -6.121429e-05 -6.396398e-05 2.805554e-05 -9.718340e-05
11791.078789 8.519328e-01 1.038339e-02 2.735227e-03 6.406442e-01 -5.682127e-05 -5.963359e-05 3.100722e-05 -9.320658e-05
11793.437978 8.522540e-01 1.043489e-02 2.741788e-03 6.420623e-01 -5.676664e-05 -6.390434e-05 2.993649e-05 -8.873260e-05
11795.809359 8.497057e-01 1.041690e-02 2.693104e-03 6.396384e-01 -5.591666e-05 -6.243507e-05 2.484490e-05 -1.053981e-04
11798.192932 8.487964e-01 1.044080e-02 2.713292e-03 6.399728e-01 -6.190405e-05 -5.692341e-05 2.878186e-05 -1.181676e-04
11800.588697 8.494949e-01 1.048352e-02 2.675248e-03 6.398577e-01 -6.527459e-05 -5.160083e-05 2.103405e-05 -1.127284e-04
11802.996654 8.494733e-01 1.051413e-02 2.688273e-03 6.389821e-01 -6.480139e-05 -5.573571e-05 2.767649e-05 -9.739824e-05
11805.416803 8.476335e-01 1.051402e-02 2.659557e-03 6.396823e-01 -6.694837e-05 -5.745784e-05 4.729930e-05 -1.001722e-04
11807.849143 8.479765e-01 1.053232e-02 2.647665e-03 6.399835e-01 -5.916772e-05 -6.762990e-05 4.168371e-05 -9.159153e-05
11810.293676 8.465999e-01 1.056251e-02 2.602120e-03 6.378107e-01 -4.708819e-05 -6.970793e-05 3.363974e-05 -9.729889e-05
11812.750400 8.473928e-01 1.061195e-02 2.611653e-03 6.380438e-01 -5.067520e-05 -6.363922e-05 4.141087e-05 -8.951156e-05
11815.219317 8.476122e-01 1.065470e-02 2.632907e-03 6.391953e-01 -5.117410e-05 -6.205797e-05 3.970909e-05 -8.632701e-05
11817.700425 8.459503e-01 1.065277e-02 2.613827e-03 6.391792e-01 -5.218571e-05 -6.253873e-05 2.917696e-05 -1.021833e-04
11820.193725 8.431771e-01 1.063460e-02 2.639877e-03 6.366585e-01 -6.054288e-05 -6.480685e-05 2.646178e-05 -1.086138e-04
11822.699217 8.451908e-01 1.067185e-02 2.665764e-03 6.389598e-01 -6.015631e-05 -6.471035e-05 3.040089e-05 -1.115419e-04
11825.216901 8.455979e-01 1.072713e-02 2.699721e-03 6.381626e-01 -6.407071e-05 -6.694927e-05 2.592293e-05 -1.023281e-04
11827.746777 8.434865e-01 1.073384e-02 2.716510e-03 6.371436e-01 -6.950020e-05 -6.339039e-05 3.024185e-05 -9.264640e-05
11830.288845 8.422076e-01 1.074961e-02 2.738031e-03 6.365329e-01 -6.198026e-05 -5.920396e-05 2.797931e-05 -9.407347e-05
11832.843105 8.430060e-01 1.079785e-02 2.804636e-03 6.370249e-01 -5.297791e-05 -5.978085e-05 3.457490e-05 -9.926890e-05
11835.409556 8.420202e-01 1.081253e-02 2.860060e-03 6.361262e-01 -6.520228e-05 -6.143784e-05 4.021513e-05 -1.037194e-04
11837.988200 8.405198e-01 1.082196e-02 2.854938e-03 6.359143e-01 -6.602278e-05 -6.432991e-05 3.541661e-05 -1.115522e-04
11840.579035 8.410994e-01 1.085685e-02 2.879414e-03 6.354309e-01 -5.826094e-05 -6.408120e-05 3.110165e-05 -1.084224e-04
11843.182062 8.405646e-01 1.089211e-02 2.888854e-03 6.349591e-01 -5.537372e-05 -5.909338e-05 4.266000e-05 -1.134301e-04
11845.797282 8.377996e-01 1.089494e-02 2.911364e-03 6.331279e-01 -6.296599e-05 -6.695087e-05 3.791207e-05 -1.141736e-04
11848.424693 8.376588e-01 1.091833e-02 2.920089e-03 6.331337e-01 -6.407253e-05 -6.267259e-05 2.799030e-05 -1.157661e-04
11851.064296 8.400769e-01 1.097360e-02 2.930949e-03 6.364354e-01 -6.698179e-05 -6.257853e-05 3.777737e-05 -1.034627e-04
11853.716091 8.381949e-01 1.098312e-02 2.943571e-03 6.372785e-01 -7.620522e-05 -6.174902e-05 2.845929e-05 -1.112330e-04
11856.380078 8.379674e-01 1.101006e-02 2.932332e-03 6.366774e-01 -7.519930e-05 -6.234271e-05 2.997275e-05 -1.010347e-04
11859.056256 8.373225e-01 1.102773e-02 2.937146e-03 6.344065e-01 -7.403165e-05 -6.976593e-05 2.976801e-05 -9.886005e-05
11861.744627 8.335779e-01 1.102018e-02 2.943551e-03 6.322648e-01 -7.468184e-05 -7.224837e-05 2.713293e-05 -9.050775e-05
11864.445190 8.317370e-01 1.100653e-02 2.934136e-03 6.300440e-01 -7.068845e-05 -6.833062e-05 3.439836e-05 -9.554286e-05
11867.157944 8.345719e-01 1.108371e-02 3.004658e-03 6.328682e-01 -7.399923e-05 -6.355429e-05 3.208221e-05 -9.489031e-05
11869.882891 8.338376e-01 1.112807e-02 3.003444e-03 6.333818e-01 -6.170096e-05 -6.274160e-05 3.773677e-05 -1.040401e-04
11872.620029 8.317399e-01 1.111514e-02 2.985217e-03 6.324926e-01 -6.553193e-05 -5.851530e-05 2.878859e-05 -1.004757e-04
11875.369359 8.335527e-01 1.119391e-02 3.004494e-03 6.352274e-01 -6.081228e-05 -6.599744e-05 2.140398e-05 -9.738843e-05
11878.130881 8.322952e-01 1.120578e-02 3.019184e-03 6.326262e-01 -5.598435e-05 -6.065070e-05 2.922713e-05 -9.370825e-05
11880.904595 8.255364e-01 1.114605e-02 2.987762e-03 6.287358e-01 -4.808320e-05 -6.010995e-05 3.659292e-05 -9.176618e-05
11883.690501 8.246016e-01 1.116973e-02 2.952546e-03 6.293299e-01 -4.185887e-05 -6.650466e-05 3.377305e-05 -9.320749e-05
11886.488599 8.301691e-01 1.128071e-02 2.967299e-03 6.342082e-01 -4.741282e-05 -5.494033e-05 2.994308e-05 -9.697097e-05
11889.298889 8.308697e-01 1.132526e-02 2.979062e-03 6.335805e-01 -5.087610e-05 -5.265510e-05 4.088536e-05 -9.747525e-05
11892.121371 8.306349e-01 1.134781e-02 2.974871e-03 6.319712e-01 -5.532095e-05 -5.059799e-05 3.835550e-05 -1.038599e-04
11894.956044 8.293679e-01 1.136380e-02 2.992396e-03 6.328952e-01 -5.630744e-05 -5.418393e-05 3.849217e-05 -1.037149e-04
11897.802910 8.292563e-01 1.138973e-02 2.992427e-03 6.324798e-01 -4.947104e-05 -5.015487e-05 4.180739e-05 -1.092009e-04
11900.661967 8.288493e-01 1.142639e-02 2.995842e-03 6.325781e-01 -4.963142e-05 -4.934017e-05 4.622177e-05 -1.116462e-04
11903.533217 8.276758e-01 1.142160e-02 3.006097e-03 6.331336e-01 -5.217287e-05 -5.516367e-05 4.015413e-05 -1.060140e-04
11906.416658 8.284662e-01 1.148440e-02 3.056949e-03 6.323179e-01 -5.067443e-05 -5.781814e-05 4.332461e-05 -1.011891e-04
11909.312291 8.270499e-01 1.151006e-02 3.086844e-03 6.331429e-01 -4.971772e-05 -6.458399e-05 3.716930e-05 -9.874767e-05
11912.220116 8.260858e-01 1.154294e-02 3.163871e-03 6.322050e-01 -5.788498e-05 -6.433809e-05 3.842972e-05 -1.006896e-04
11915.140133 8.250950e-01 1.156617e-02 3.180211e-03 6.329463e-01 -5.800070e-05 -6.367851e-05 3.874527e-05 -1.057296e-04
11918.072342 8.254905e-01 1.157916e-02 3.196134e-03 6.324538e-01 -6.029483e-05 -6.412462e-05 3.781530e-05 -1.065802e-04
11921.016743 8.242532e-01 1.160396e-02 3.213805e-03 6.312192e-01 -5.741392e-05 -7.275954e-05 4.094359e-05 -1.080113e-04
11923.973335 8.235147e-01 1.163582e-02 3.215732e-03 6.315793e-01 -6.121462e-05 -7.285594e-05 3.531359e-05 -1.151617e-04
11926.942120 8.241509e-01 1.169375e-02 3.255264e-03 6.306252e-01 -6.463621e-05 -6.528086e-05 2.551115e-05 -1.203322e-04
11929.923096 8.221134e-01 1.168082e-02 3.273264e-03 6.294695e-01 -6.517867e-05 -4.973307e-05 2.887202e-05 -1.255705e-04
11932.916265 8.217270e-01 1.173772e-02 3.255897e-03 6.292557e-01 -6.592191e-05 -5.423205e-05 2.579704e-05 -1.232097e-04
11935.921625 8.135270e-01 1.166562e-02 3.202057e-03 6.242858e-01 -5.848041e-05 -5.807799e-05 3.433100e-05 -1.059039e-04
11938.939177 8.159176e-01 1.173993e-02 3.228379e-03 6.250068e-01 -5.175273e-05 -5.619283e-05 3.498207e-05 -1.092751e-04
11941.968921 8.202893e-01 1.186242e-02 3.293701e-03 6.302883e-01 -6.537920e-05 -5.919503e-05 3.682270e-05 -1.085741e-04
11945.010858 8.196662e-01 1.187555e-02 3.308475e-03 6.295215e-01 -6.870779e-05 -6.420595e-05 3.614330e-05 -1.037338e-04
11948.064985 8.194174e-01 1.192048e-02 3.341079e-03 6.274898e-01 -6.887062e-05 -5.585568e-05 2.685649e-05 -1.073664e-04
11951.131305 8.190938e-01 1.194259e-02 3.363844e-03 6.281628e-01 -7.309498e-05 -5.180452e-05 3.559293e-05 -1.019026e-04
11954.209817 8.186301e-01 1.197930e-02 3.358052e-03 6.287942e-01 -6.963386e-05 -5.187914e-05 3.187353e-05 -9.654594e-05
11957.300521 8.170542e-01 1.197898e-02 3.367655e-03 6.276097e-01 -6.700869e-05 -5.337907e-05 3.238766e-05 -9.085186e-05
11960.403416 8.156290e-01 1.200073e-02 3.356712e-03 6.264162e-01 -6.495223e-05 -6.913292e-05 3.874968e-05 -9.014511e-05
11963.518504 8.166897e-01 1.206368e-02 3.408245e-03 6.274498e-01 -6.101210e-05 -7.182139e-05 3.955372e-05 -9.575685e-05
11966.645783 8.156050e-01 1.207914e-02 3.409650e-03 6.271307e-01 -6.599975e-05 -7.495526e-05 3.216279e-05 -1.025718e-04
11969.785255 8.145548e-01 1.209876e-02 3.378342e-03 6.270278e-01 -6.687436e-05 -7.997115e-05 2.407488e-05 -9.905871e-05
11972.936918 8.145098e-01 1.214851e-02 3.394118e-03 6.263916e-01 -6.858955e-05 -6.430520e-05 2.855469e-05 -1.015179e-04
11976.100773 8.143616e-01 1.219795e-02 3.411470e-03 6.292275e-01 -7.416949e-05 -5.862049e-05 3.241574e-05 -9.968935e-05
11979.276820 8.131587e-01 1.221835e-02 3.432929e-03 6.265885e-01 -7.133350e-05 -6.785245e-05 3.316741e-05 -9.890913e-05
11982.465059 8.107483e-01 1.220207e-02 3.420126e-03 6.246947e-01 -8.186184e-05 -7.334615e-05 2.820254e-05 -9.305009e-05
11985.665490 8.114465e-01 1.227733e-02 3.445663e-03 6.258016e-01 -7.406566e-05 -7.182447e-05 3.844075e-05 -9.757790e-05
11988.878112 8.107108e-01 1.230427e-02 3.473414e-03 6.249204e-01 -6.221521e-05 -6.743740e-05 3.191864e-05 -1.027890e-04
11992.102927 8.096544e-01 1.234477e-02 3.447227e-03 6.242206e-01 -6.673284e-05 -6.967671e-05 2.860709e-05 -1.036273e-04
11995.339934 8.094763e-01 1.238113e-02 3.509165e-03 6.257360e-01 -5.978554e-05 -6.536190e-05 4.249992e-05 -1.001807e-04
11998.589132 8.083041e-01 1.241624e-02 3.519953e-03 6.251401e-01 -6.222236e-05 -5.808594e-05 4.468523e-05 -9.257934e-05
12001.850523 8.074984e-01 1.245264e-02 3.547570e-03 6.245080e-01 -7.284459e-05 -6.050713e-05 4.548825e-05 -9.816044e-05
12005.124105 8.078442e-01 1.248596e-02 3.593781e-03 6.237908e-01 -7.494122e-05 -6.418047e-05 4.693123e-05 -1.108092e-04
12008.409879 8.064589e-01 1.250217e-02 3.626163e-03 6.238939e-01 -6.828419e-05 -6.612713e-05 4.421863e-05 -1.040181e-04
12011.707845 8.058039e-01 1.253981e-02 3.649784e-03 6.240432e-01 -6.387682e-05 -5.468645e-05 3.939441e-05 -1.086639e-04
12015.018003 8.055391e-01 1.258169e-02 3.696000e-03 6.239182e-01 -6.445721e-05 -5.884383e-05 3.364254e-05 -1.063731e-04
12018.340353 8.043690e-01 1.261927e-02 3.730688e-03 6.251790e-01 -5.775565e-05 -5.598747e-05 3.405869e-05 -1.058857e-04
12021.674895 8.038942e-01 1.264352e-02 3.738906e-03 6.234696e-01 -5.090428e-05 -5.549779e-05 3.242620e-05 -1.093780e-04
12025.021629 8.041919e-01 1.270109e-02 3.784632e-03 6.253333e-01 -6.561685e-05 -4.774049e-05 4.275951e-05 -1.032869e-04
12028.380554 8.031364e-01 1.272091e-02 3.789978e-03 6.237989e-01 -6.478602e-05 -5.126970e-05 4.889719e-05 -1.081601e-04
12031.751672 8.016993e-01 1.273083e-02 3.772074e-03 6.228398e-01 -5.918287e-05 -5.165329e-05 4.978402e-05 -1.151153e-04
12035.134982 8.018711e-01 1.278206e-02 3.815252e-03 6.221818e-01 -6.751704e-05 -4.642932e-05 4.291392e-05 -1.143206e-04
12038.530483 8.005193e-01 1.280482e-02 3.859740e-03 6.229934e-01 -7.356259e-05 -5.225637e-05 3.659366e-05 -1.085907e-04
12041.938176 7.996854e-01 1.283457e-02 3.834285e-03 6.224976e-01 -5.962265e-05 -6.610028e-05 4.686679e-05 -1.108680e-04
12045.358061 7.927644e-01 1.278046e-02 3.796230e-03 6.160266e-01 -7.022803e-05 -6.024209e-05 2.937891e-05 -1.088433e-04
12048.790139 7.885398e-01 1.274819e-02 3.796060e-03 6.138836e-01 -7.124437e-05 -5.600454e-05 2.663514e-05 -1.009910e-04
12052.234408 7.977686e-01 1.295386e-02 3.865924e-03 6.206187e-01 -7.316507e-05 -6.205367e-05 2.465233e-05 -1.039082e-04
12055.690868 7.971015e-01 1.298890e-02 3.832991e-03 6.200106e-01 -8.367738e-05 -6.146906e-05 3.788699e-05 -1.085989e-04
12059.159521 7.956807e-01 1.302744e-02 3.860105e-03 6.209286e-01 -8.493933e-05 -7.367211e-05 3.738774e-05 -1.019343e-04
12062.640366 7.967085e-01 1.309148e-02 3.916900e-03 6.226913e-01 -8.452317e-05 -7.579673e-05 4.223728e-05 -1.018000e-04
12066.133403 7.949157e-01 1.310888e-02 3.911187e-03 6.211498e-01 -7.561472e-05 -7.878152e-05 4.870415e-05 -9.993371e-05
12069.638631 7.941236e-01 1.314092e-02 3.923349e-03 6.201566e-01 -7.069089e-05 -7.229731e-05 4.557494e-05 -1.210918e-04
12073.156052 7.941294e-01 1.318725e-02 3.916343e-03 6.188541e-01 -6.234435e-05 -6.554995e-05 4.488780e-05 -1.090683e-04
12076.685664 7.926532e-01 1.319787e-02 3.975483e-03 6.193688e-01 -5.752224e-05 -5.984086e-05 4.414673e-05 -1.047878e-04
12080.227468 7.923145e-01 1.324636e-02 4.008686e-03 6.193952e-01 -6.060412e-05 -5.718935e-05 3.943155e-05 -1.020179e-04
12083.781465 7.901654e-01 1.326628e-02 4.002182e-03 6.183097e-01 -6.757019e-05 -6.471617e-05 3.694641e-05 -1.055857e-04
12087.347653 7.882989e-01 1.328615e-02 4.019062e-03 6.175117e-01 -6.323535e-05 -6.493498e-05 4.301334e-05 -1.098531e-04
12090.926033 7.891267e-01 1.334234e-02 4.073469e-03 6.178803e-01 -6.109500e-05 -6.821227e-05 4.325803e-05 -1.103891e-04
12094.516605 7.893263e-01 1.340229e-02 4.116819e-03 6.181905e-01 -6.307833e-05 -7.996112e-05 4.345243e-05 -1.148867e-04
12098.119369 7.887468e-01 1.344274e-02 4.124239e-03 6.188199e-01 -7.411711e-05 -7.662929e-05 4.039354e-05 -1.018801e-04
12101.734324 7.888051e-01 1.349080e-02 4.159602e-03 6.183113e-01 -5.992134e-05 -7.793352e-05 4.565530e-05 -9.867773e-05
12105.361472 7.867077e-01 1.350942e-02 4.161529e-03 6.170103e-01 -6.606060e-05 -7.547978e-05 5.234107e-05 -9.238674e-05
12109.000811 7.865075e-01 1.355897e-02 4.208098e-03 6.162239e-01 -6.815707e-05 -7.261690e-05 4.853133e-05 -9.455675e-05
12112.652343 7.863811e-01 1.361567e-02 4.197404e-03 6.169338e-01 -6.553057e-05 -7.450919e-05 5.015044e-05 -9.408512e-05
12116.316066 7.851920e-01 1.364754e-02 4.256713e-03 6.174817e-01 -7.095471e-05 -7.318349e-05 5.046053e-05 -9.061177e-05
12119.991982 7.841491e-01 1.367599e-02 4.251580e-03 6.170558e-01 -8.263273e-05 -5.985821e-05 3.169717e-05 -9.890815e-05
12123.680089 7.840700e-01 1.374147e-02 4.319133e-03 6.157749e-01 -7.409529e-05 -6.251432e-05 2.746287e-05 -1.023283e-04
12127.380388 7.833765e-01 1.377438e-02 4.360519e-03 6.153010e-01 -7.562733e-05 -7.353995e-05 3.691960e-05 -9.636636e-05
12131.092879 7.812241e-01 1.377969e-02 4.363592e-03 6.144472e-01 -7.117403e-05 -7.243736e-05 3.904119e-05 -1.001103e-04
12134.817562 7.816508e-01 1.384841e-02 4.424903e-03 6.147828e-01 -7.603976e-05 -7.519311e-05 2.484833e-05 -1.032689e-04
12138.554437 7.804566e-01 1.387003e-02 4.426555e-03 6.143002e-01 -7.135699e-05 -7.050348e-05 3.295761e-05 -1.013223e-04
12142.303503 7.799698e-01 1.391171e-02 4.478011e-03 6.146484e-01 -7.148526e-05 -7.113030e-05 4.665713e-05 -1.061612e-04
12146.064762 7.800474e-01 1.398895e-02 4.484599e-03 6.155470e-01 -7.096587e-05 -7.126099e-05 3.786872e-05 -1.004513e-04
12149.838213 7.788245e-01 1.401264e-02 4.481075e-03 6.135151e-01 -7.886184e-05 -7.159024e-05 4.557070e-05 -1.114680e-04
12153.623855 7.773796e-01 1.402653e-02 4.488639e-03 6.132626e-01 -6.826944e-05 -6.494715e-05 4.496551e-05 -1.122340e-04
12157.421689 7.774288e-01 1.409107e-02 4.546197e-03 6.127912e-01 -6.904916e-05 -6.724567e-05 4.157710e-05 -1.137923e-04
12161.231716 7.761042e-01 1.412158e-02 4.510986e-03 6.124492e-01 -6.780365e-05 -6.178053e-05 3.535537e-05 -1.107279e-04
12165.053934 7.753792e-01 1.415260e-02 4.541816e-03 6.115401e-01 -6.387179e-05 -6.454405e-05 4.000876e-05 -1.123717e-04
12168.888344 7.749795e-01 1.421411e-02 4.552085e-03 6.128021e-01 -6.398097e-05 -6.423935e-05 3.877220e-05 -1.079185e-04
12172.734946 7.743726e-01 1.426632e-02 4.576679e-03 6.129762e-01 -7.082741e-05 -7.628663e-05 3.450548e-05 -1.050632e-04
12176.593740 7.735345e-01 1.430867e-02 4.589264e-03 6.117658e-01 -6.890205e-05 -7.962582e-05 4.232047e-05 -1.030738e-04
12180.464726 7.715123e-01 1.433681e-02 4.595549e-03 6.119057e-01 -6.714512e-05 -7.556346e-05 4.314982e-05 -1.067224e-04
12184.347903 7.722626e-01 1.440327e-02 4.647492e-03 6.119991e-01 -6.321676e-05 -7.830779e-05 4.134319e-05 -1.026368e-04
12188.243273 7.705539e-01 1.441415e-02 4.645936e-03 6.110027e-01 -6.233452e-05 -7.564638e-05 3.389867e-05 -9.757049e-05
12192.150835 7.707027e-01 1.447006e-02 4.679897e-03 6.104908e-01 -6.511260e-05 -8.091433e-05 3.664804e-05 -9.227970e-05
12196.070588 7.681273e-01 1.447843e-02 4.711749e-03 6.080553e-01 -7.461372e-05 -7.931929e-05 3.070082e-05 -9.234016e-05
12200.002533 7.687437e-01 1.456194e-02 4.756113e-03 6.093607e-01 -7.474323e-05 -8.410913e-05 3.270737e-05 -9.314477e-05
12203.946671 7.662458e-01 1.457250e-02 4.775514e-03 6.083516e-01 -7.850655e-05 -8.416638e-05 3.550498e-05 -9.639245e-05
12207.903000 7.657177e-01 1.461733e-02 4.820956e-03 6.068103e-01 -7.449033e-05 -8.100088e-05 2.408701e-05 -1.068032e-04
12211.871521 7.667050e-01 1.469581e-02 4.868026e-03 6.078152e-01 -6.433566e-05 -7.303613e-05 3.715904e-05 -1.043083e-04
12215.852234 7.660621e-01 1.474212e-02 4.912940e-03 6.087515e-01 -7.132746e-05 -7.624739e-05 3.724639e-05 -1.036238e-04
12219.845139 7.637663e-01 1.476777e-02 4.935552e-03 6.067421e-01 -7.179693e-05 -7.147001e-05 2.845198e-05 -1.110807e-04
12223.850236 7.627778e-01 1.478667e-02 4.965873e-03 6.063686e-01 -7.649314e-05 -7.602664e-05 2.459310e-05 -1.081125e-04
12227.867524 7.544544e-01 1.469082e-02 4.934456e-03 6.013787e-01 -7.974412e-05 -6.881090e-05 3.477755e-05 -1.032163e-04
12231.897005 7.461288e-01 1.460515e-02 4.901470e-03 5.946010e-01 -7.948687e-05 -6.466475e-05 4.126943e-05 -1.077871e-04
12235.938678 7.589147e-01 1.491858e-02 5.055064e-03 6.044558e-01 -7.802123e-05 -7.144211e-05 3.609938e-05 -1.096964e-04
12239.992542 7.600586e-01 1.499198e-02 5.068414e-03 6.059543e-01 -7.489964e-05 -7.142030e-05 3.325714e-05 -1.110679e-04
12244.058598 7.594300e-01 1.504688e-02 5.121998e-03 6.044985e-01 -7.261611e-05 -6.084780e-05 2.889568e-05 -1.041070e-04
12248.136847 7.585050e-01 1.509520e-02 5.163446e-03 6.045116e-01 -6.437652e-05 -6.618976e-05 2.662964e-05 -1.045761e-04
12252.227287 7.570067e-01 1.512976e-02 5.186256e-03 6.044921e-01 -5.510546e-05 -6.415253e-05 2.362913e-05 -1.032744e-04
12256.329919 7.568582e-01 1.518390e-02 5.206093e-03 6.051020e-01 -6.100126e-05 -6.184542e-05 3.717778e-05 -1.050989e-04
12260.444743 7.562962e-01 1.523389e-02 5.268250e-03 6.048332e-01 -6.394022e-05 -6.787106e-05 4.120882e-05 -1.010017e-04
12264.571759 7.556941e-01 1.527219e-02 5.275964e-03 6.038301e-01 -6.580901e-05 -6.426987e-05 3.387889e-05 -9.860652e-05
12268.710967 7.543002e-01 1.532985e-02 5.311252e-03 6.025312e-01 -6.369819e-05 -5.921153e-05 3.370685e-05 -1.062013e-04
12272.862366 7.537678e-01 1.538469e-02 5.342662e-03 6.023906e-01 -6.014058e-05 -5.561062e-05 3.846365e-05 -1.172997e-04
12277.025958 7.533467e-01 1.544098e-02 5.362288e-03 6.034064e-01 -5.959962e-05 -6.051476e-05 3.621161e-05 -1.129050e-04
12281.201742 7.522218e-01 1.547649e-02 5.386428e-03 6.022540e-01 -5.354030e-05 -6.617337e-05 3.601367e-05 -9.713705e-05
12285.389717 7.510766e-01 1.552465e-02 5.397206e-03 6.021276e-01 -5.760975e-05 -7.640333e-05 2.269981e-05 -9.349035e-05
12289.589884 7.509289e-01 1.558434e-02 5.400313e-03 6.026324e-01 -6.240852e-05 -7.618670e-05 2.465422e-05 -8.887594e-05
12293.802244 7.504188e-01 1.563396e-02 5.441858e-03 6.014876e-01 -6.419026e-05 -6.969587e-05 2.677857e-05 -8.564798e-05
12298.026795 7.483229e-01 1.566426e-02 5.427811e-03 6.006270e-01 -5.303769e-05 -7.038225e-05 2.570693e-05 -9.377349e-05
12302.263538 7.478542e-01 1.572205e-02 5.472897e-03 6.009009e-01 -4.873427e-05 -6.541381e-05 3.235713e-05 -9.022367e-05
12306.512473 7.480161e-01 1.579734e-02 5.506881e-03 6.014174e-01 -5.071672e-05 -5.641099e-05 2.328598e-05 -8.598092e-05
12310.773600 7.467746e-01 1.584045e-02 5.519331e-03 6.005098e-01 -5.025007e-05 -5.910489e-05 3.296662e-05 -9.142992e-05
12315.046919 7.461592e-01 1.588799e-02 5.571461e-03 5.996718e-01 -4.280836e-05 -6.723280e-05 3.652475e-05 -1.021774e-04
12319.332429 7.446340e-01 1.592129e-02 5.574823e-03 5.985310e-01 -4.869557e-05 -6.565972e-05 3.405236e-05 -1.021245e-04
12323.630132 7.281215e-01 1.563773e-02 5.525641e-03 5.869937e-01 -5.624878e-05 -5.912856e-05 2.118755e-05 -9.755832e-05
12327.940026 7.360593e-01 1.584131e-02 5.614370e-03 5.933090e-01 -5.938036e-05 -6.229076e-05 1.832985e-05 -8.752496e-05
12332.262113 7.425737e-01 1.605942e-02 5.740250e-03 5.987071e-01 -5.229403e-05 -6.872580e-05 2.886065e-05 -8.456726e-05
12336.596391 7.420136e-01 1.612390e-02 5.768925e-03 5.981089e-01 -5.840306e-05 -7.012074e-05 2.511736e-05 -9.072677e-05
12340.942861 7.405253e-01 1.615388e-02 5.836430e-03 5.976061e-01 -5.771775e-05 -6.570258e-05 1.804379e-05 -8.349645e-05
12345.301524 7.395393e-01 1.620237e-02 5.866013e-03 5.966041e-01 -5.591161e-05 -6.364671e-05 1.773607e-05 -8.857309e-05
12349.672378 7.388554e-01 1.625765e-02 5.912063e-03 5.963729e-01 -6.296421e-05 -6.589913e-05 1.808143e-05 -8.298661e-05
12354.055424 7.387972e-01 1.632249e-02 5.963355e-03 5.967100e-01 -7.467695e-05 -6.455045e-05 3.135202e-05 -7.624748e-05
12358.450662 7.386989e-01 1.638346e-02 6.014127e-03 5.976320e-01 -6.977559e-05 -6.276316e-05 3.236200e-05 -8.218318e-05
12362.858091 7.371866e-01 1.640701e-02 6.003700e-03 5.972733e-01 -7.177467e-05 -6.512234e-05 3.059565e-05 -8.158709e-05
12367.277713 7.367946e-01 1.647325e-02 6.075060e-03 5.961950e-01 -7.176783e-05 -7.306723e-05 2.673301e-05 -9.504280e-05
12371.709527 7.330335e-01 1.645266e-02 6.086397e-03 5.934557e-01 -7.586053e-05 -7.888609e-05 2.659781e-05 -9.930947e-05
12376.153532 7.299284e-01 1.645633e-02 6.108319e-03 5.914241e-01 -7.697598e-05 -7.043590e-05 2.957554e-05 -9.810547e-05
12380.609730 7.338260e-01 1.662247e-02 6.194931e-03 5.939751e-01 -7.939937e-05 -6.409561e-05 3.679871e-05 -1.083839e-04
12385.078119 7.332860e-01 1.670012e-02 6.258076e-03 5.932053e-01 -6.979416e-05 -7.935852e-05 2.696553e-05 -1.127787e-04
12389.558700 7.333097e-01 1.676514e-02 6.274469e-03 5.942718e-01 -6.628468e-05 -8.209478e-05 3.078554e-05 -1.043566e-04
12394.051473 7.320895e-01 1.679665e-02 6.296847e-03 5.937348e-01 -6.933324e-05 -8.045388e-05 2.071409e-05 -1.004049e-04
12398.556438 7.308863e-01 1.683672e-02 6.333709e-03 5.933987e-01 -6.363956e-05 -7.546437e-05 2.535179e-05 -1.007462e-04
12403.073595 7.304000e-01 1.689645e-02 6.390222e-03 5.925807e-01 -5.632129e-05 -7.026405e-05 2.937517e-05 -1.188004e-04
12407.602944 7.291800e-01 1.694853e-02 6.388367e-03 5.930037e-01 -6.181709e-05 -7.649684e-05 2.909030e-05 -1.099955e-04
12412.144485 7.286237e-01 1.702615e-02 6.454439e-03 5.930689e-01 -6.766565e-05 -7.966163e-05 2.760096e-05 -1.039676e-04
12416.698218 7.272837e-01 1.706106e-02 6.480746e-03 5.925649e-01 -6.822124e-05 -7.824949e-05 2.572930e-05 -1.046168e-04
12421.264142 7.259895e-01 1.709816e-02 6.498796e-03 5.909264e-01 -6.498392e-05 -7.452123e-05 1.908369e-05 -9.732409e-05
12425.842259 7.254366e-01 1.716495e-02 6.542729e-03 5.909531e-01 -6.730638e-05 -7.874481e-05 1.779538e-05 -8.407824e-05
12430.432567 7.230174e-01 1.718661e-02 6.567323e-03 5.890921e-01 -7.421688e-05 -7.820237e-05 1.228427e-05 -7.963883e-05
12435.035068 7.231072e-01 1.726701e-02 6.608491e-03 5.898111e-01 -7.071623e-05 -7.814549e-05 1.432397e-05 -7.876307e-05
12439.649760 7.226986e-01 1.732220e-02 6.665942e-03 5.894144e-01 -7.316722e-05 -8.365234e-05 1.472960e-05 -7.933012e-05
12444.276644 7.218291e-01 1.739417e-02 6.668378e-03 5.895314e-01 -7.472973e-05 -7.606053e-05 6.493784e-06 -9.097887e-05
12448.915720 7.211541e-01 1.745326e-02 6.698675e-03 5.887077e-01 -6.574450e-05 -7.062525e-05 8.370515e-06 -8.864857e-05
12453.566988 7.205724e-01 1.751073e-02 6.764314e-03 5.893249e-01 -7.456746e-05 -7.120386e-05 3.040229e-06 -8.866900e-05
12458.230448 7.200137e-01 1.757181e-02 6.810993e-03 5.888253e-01 -7.277136e-05 -7.395906e-05 -6.463432e-07 -8.893720e-05
12462.906100 7.195744e-01 1.764390e-02 6.878123e-03 5.877304e-01 -7.604358e-05 -7.342440e-05 1.148024e-05 -9.131551e-05
12467.593943 7.188795e-01 1.770921e-02 6.944928e-03 5.883384e-01 -8.015461e-05 -7.440435e-05 9.517888e-06 -9.354318e-05
12472.293979 7.185453e-01 1.778593e-02 7.004196e-03 5.891251e-01 -8.111685e-05 -7.903866e-05 2.037042e-05 -9.356882e-05
12477.006206 7.183055e-01 1.787923e-02 7.073775e-03 5.884348e-01 -7.412949e-05 -8.094689e-05 2.487306e-05 -1.078913e-04
12481.730626 7.180546e-01 1.795305e-02 7.127320e-03 5.883806e-01 -7.275059e-05 -8.141400e-05 2.291789e-05 -1.363007e-04
12486.467237 7.165063e-01 1.799050e-02 7.165263e-03 5.882181e-01 -6.972719e-05 -7.042627e-05 2.695202e-05 -1.403166e-04
12491.216040 7.151423e-01 1.803056e-02 7.236984e-03 5.875882e-01 -6.860355e-05 -6.304368e-05 3.303731e-05 -1.287413e-04
12495.977036 7.155737e-01 1.812211e-02 7.285123e-03 5.878405e-01 -7.162288e-05 -6.055098e-05 2.756343e-05 -9.518452e-05
12500.750223 7.147366e-01 1.817680e-02 7.320834e-03 5.875938e-01 -7.634167e-05 -6.538650e-05 2.199749e-05 -8.911530e-05
12505.535602 7.141497e-01 1.824768e-02 7.393018e-03 5.869435e-01 -8.094799e-05 -7.022945e-05 2.345367e-05 -8.900133e-05
12510.333172 7.132541e-01 1.830275e-02 7.456453e-03 5.869883e-01 -7.534413e-05 -6.745875e-05 2.760357e-05 -7.944587e-05
12515.142935 7.122390e-01 1.835489e-02 7.475386e-03 5.866987e-01 -7.478996e-05 -6.691677e-05 1.377629e-05 -8.181316e-05
12519.964890 7.113682e-01 1.842651e-02 7.542894e-03 5.861375e-01 -7.461928e-05 -6.561013e-05 9.661946e-06 -5.806677e-05
12524.799037 7.104742e-01 1.846852e-02 7.597117e-03 5.858944e-01 -7.683103e-05 -6.736297e-05 9.472619e-06 -5.903678e-05
12529.645375 6.536616e-01 1.706313e-02 7.037290e-03 5.388563e-01 -7.292999e-05 -6.290526e-05 9.594904e-06 -6.540871e-05
12534.503905 1.224779e-01 3.204551e-03 1.325601e-03 1.010849e-01 -1.335531e-05 -1.042942e-05 1.658859e-06 -1.340923e-05
