# Facility: NSLS-II
# Beamline: QAS
# Year: 2022
# Cycle: 2
# SAF: 309618
# PI: Wang
# Proposal: 309017
# Scan ID: 52268
# UID: 4f95d7b8-cf08-4fec-8251-93213f5b60ae
# Comment: 
# Start time: 07/18/2022  11:51:42
# Stop time: 07/18/2022  11:52:13
# Total time: 00:31
# Trajectory name: Pt-L3-30s-11564.txt
# Element: Platinum ( 78)
# Edge: L3
# E0: 11564
# Reference Foil Element: Pt
# Keithley Gains I0: 1E7 V/A It: 1E6 V/A Iref: 1E7 V/A PIPS: 1E8 V/A 
# Ion Chamber Gas Flow Rates: I0: 0.00 sccm He + 99.70 sccm N2 + 0.00 sccm Ar 
# Ion Chamber Gas Flow Rates: It&Iref: 29.80 sccm N2 + 70.10 sccm Ar
# Incident Beam Path Vertical: -27.99 mm
# Incident Slits Positions B: TOP: 1.0 mm Bottom: -1.0 mm Inboard: -2.0 mm Outboard: 2.0 mm
# Sample Stage Positions: Rotation: 45.0 deg Horizontal: 14.07 mm Vertical: 35.31 mm Beam Direction: 0.00 mm
# PerkinElmer Vertical Position: 500.00 mm
# Front End Mirror Horizontal Positions: Up: -14.00 mm Down: -14.00 mm
#
# energy  i0  it  ir  iff  aux1  aux2  aux3  aux4
11377.444036 4.758873e-01 3.862156e-03 4.398627e-03 2.767234e-01 -2.914157e-05 -2.766458e-05 1.298828e-05 -6.262191e-05
11382.444036 9.406269e-01 7.671046e-03 8.749958e-03 5.471973e-01 -5.673840e-05 -5.020432e-05 2.641817e-05 -1.209898e-04
11387.444036 9.460064e-01 7.762547e-03 8.882997e-03 5.509782e-01 -6.169719e-05 -3.985939e-05 2.023707e-05 -1.224416e-04
11392.444036 9.415871e-01 7.756905e-03 8.873410e-03 5.485814e-01 -6.592504e-05 -3.975953e-05 2.859546e-05 -1.042646e-04
11397.444036 9.410723e-01 7.804133e-03 8.945902e-03 5.483273e-01 -6.582215e-05 -3.960457e-05 2.918806e-05 -1.015880e-04
11402.444036 9.386173e-01 7.827793e-03 9.008048e-03 5.474282e-01 -6.565132e-05 -4.385219e-05 3.574585e-05 -1.027961e-04
11407.444036 9.393253e-01 7.895319e-03 9.080683e-03 5.484106e-01 -6.801470e-05 -5.612755e-05 3.546045e-05 -1.058187e-04
11412.444036 9.363683e-01 7.912612e-03 9.140923e-03 5.470897e-01 -6.452044e-05 -6.459807e-05 3.619959e-05 -1.173299e-04
11417.444036 9.344437e-01 7.943981e-03 9.199759e-03 5.468567e-01 -6.397946e-05 -4.950967e-05 4.287513e-05 -1.178762e-04
11422.444036 9.200339e-01 7.868698e-03 9.128842e-03 5.399132e-01 -6.194543e-05 -4.408012e-05 4.697799e-05 -1.190169e-04
11427.444036 9.288910e-01 7.987232e-03 9.289726e-03 5.461654e-01 -5.941443e-05 -4.375401e-05 4.183837e-05 -1.013952e-04
11432.444036 9.314403e-01 8.069662e-03 9.389414e-03 5.473575e-01 -6.700827e-05 -3.934695e-05 4.070971e-05 -1.393039e-04
11437.444036 9.266215e-01 8.064585e-03 9.393627e-03 5.445653e-01 -5.923931e-05 -4.020233e-05 3.397583e-05 -1.191387e-04
11442.444036 9.266223e-01 8.124323e-03 9.493948e-03 5.452030e-01 -5.673515e-05 -4.739402e-05 4.246056e-05 -1.132571e-04
11447.444036 9.239633e-01 8.142116e-03 9.525077e-03 5.436714e-01 -6.645288e-05 -5.282651e-05 3.869852e-05 -1.138255e-04
11452.444036 9.222421e-01 8.173564e-03 9.599731e-03 5.431831e-01 -6.203943e-05 -5.409752e-05 3.563019e-05 -1.057169e-04
11457.444036 9.201707e-01 8.213663e-03 9.646975e-03 5.427770e-01 -6.665737e-05 -5.108503e-05 2.173622e-05 -1.010337e-04
11462.444036 9.222257e-01 8.299438e-03 9.778831e-03 5.444071e-01 -6.195726e-05 -6.109067e-05 2.438306e-05 -9.419225e-05
11467.444036 9.204640e-01 8.333562e-03 9.854429e-03 5.433709e-01 -6.157290e-05 -6.019447e-05 3.161048e-05 -1.045475e-04
11472.444036 9.187754e-01 8.369987e-03 9.903466e-03 5.431210e-01 -6.696358e-05 -5.564245e-05 2.068780e-05 -1.148113e-04
11477.444036 9.148341e-01 8.379922e-03 9.954469e-03 5.411971e-01 -6.346924e-05 -5.470960e-05 1.248847e-05 -1.591205e-04
11482.444036 9.119431e-01 8.380318e-03 1.000235e-02 5.404520e-01 -5.985315e-05 -4.791743e-05 2.527066e-05 -1.632191e-04
11487.444036 9.032796e-01 8.386504e-03 9.987010e-03 5.351204e-01 -5.762121e-05 -5.067285e-05 2.543541e-05 -1.638290e-04
11492.444036 8.992649e-01 8.358473e-03 9.974200e-03 5.334409e-01 -5.340286e-05 -4.591346e-05 2.758833e-05 -1.688080e-04
11497.444036 9.122788e-01 8.540008e-03 1.022878e-02 5.426751e-01 -5.394406e-05 -5.152502e-05 3.382070e-05 -1.554385e-04
11502.444036 9.104612e-01 8.585432e-03 1.027442e-02 5.421297e-01 -5.834959e-05 -4.915015e-05 3.583379e-05 -1.541386e-04
11507.444036 9.091298e-01 8.621160e-03 1.030164e-02 5.413027e-01 -5.959405e-05 -5.291969e-05 2.906878e-05 -1.402635e-04
11512.444036 9.042736e-01 8.595070e-03 1.028611e-02 5.384998e-01 -5.815547e-05 -4.955825e-05 3.098007e-05 -1.236280e-04
11517.444036 9.054878e-01 8.687034e-03 1.039674e-02 5.403744e-01 -5.596368e-05 -4.865153e-05 2.985714e-05 -1.174363e-04
11522.444036 9.044790e-01 8.727545e-03 1.042670e-02 5.405315e-01 -6.490964e-05 -4.307177e-05 2.709535e-05 -1.192291e-04
11527.444036 9.043490e-01 8.799120e-03 1.048916e-02 5.408478e-01 -6.333547e-05 -4.431901e-05 3.302615e-05 -1.135811e-04
11532.444036 9.049810e-01 8.854604e-03 1.051149e-02 5.423746e-01 -5.861331e-05 -4.393775e-05 3.451274e-05 -1.158086e-04
11534.000000 9.041812e-01 8.851443e-03 1.051267e-02 5.418091e-01 -5.328275e-05 -3.539369e-05 3.487969e-05 -1.126215e-04
11535.000000 9.015523e-01 8.826006e-03 1.045527e-02 5.406318e-01 -4.769455e-05 -3.811347e-05 3.182333e-05 -1.156783e-04
11536.000000 9.090824e-01 8.938950e-03 1.054439e-02 5.444969e-01 -4.079968e-05 -4.984324e-05 3.224468e-05 -1.098065e-04
11537.000000 9.000616e-01 8.835111e-03 1.036801e-02 5.399260e-01 -5.267267e-05 -5.012444e-05 2.923307e-05 -1.139652e-04
11538.000000 9.034571e-01 8.899751e-03 1.044529e-02 5.433100e-01 -5.033209e-05 -5.050049e-05 4.257377e-05 -1.082049e-04
11539.000000 9.038098e-01 8.914102e-03 1.045113e-02 5.432959e-01 -4.930032e-05 -5.029089e-05 3.597201e-05 -1.128278e-04
11540.000000 9.046145e-01 8.958857e-03 1.045440e-02 5.440409e-01 -4.921037e-05 -4.874877e-05 3.224235e-05 -1.250144e-04
11541.000000 9.076817e-01 9.006925e-03 1.051402e-02 5.452680e-01 -5.229755e-05 -4.938402e-05 4.900889e-05 -1.327679e-04
11541.200000 9.104061e-01 9.057053e-03 1.059910e-02 5.469896e-01 -5.765477e-05 -5.591374e-05 5.900201e-05 -1.251960e-04
11541.400000 9.051092e-01 8.898186e-03 1.043889e-02 5.471523e-01 -5.804114e-05 -4.786504e-05 5.082535e-05 -1.259530e-04
11541.600000 9.053326e-01 9.007541e-03 1.045369e-02 5.453006e-01 -5.381449e-05 -5.436791e-05 4.102317e-05 -1.242703e-04
11541.800000 8.987593e-01 8.898377e-03 1.032970e-02 5.415284e-01 -4.983551e-05 -5.876257e-05 3.325823e-05 -1.379494e-04
11542.000000 9.134055e-01 9.090624e-03 1.066646e-02 5.471358e-01 -4.907682e-05 -4.915356e-05 4.332253e-05 -1.338075e-04
11542.200000 8.948957e-01 8.769860e-03 1.035355e-02 5.376353e-01 -4.418316e-05 -4.140773e-05 5.089017e-05 -1.187523e-04
11542.400000 8.968981e-01 8.862063e-03 1.030169e-02 5.394724e-01 -4.601509e-05 -4.420387e-05 5.283964e-05 -1.272323e-04
11542.600000 8.939312e-01 8.852818e-03 1.033802e-02 5.395252e-01 -4.258383e-05 -4.420991e-05 4.806632e-05 -1.264870e-04
11542.800000 9.204599e-01 9.092906e-03 1.058877e-02 5.556021e-01 -5.426650e-05 -5.211556e-05 5.883652e-05 -1.145370e-04
11543.000000 9.105633e-01 9.072216e-03 1.061062e-02 5.485118e-01 -5.526464e-05 -6.097191e-05 6.405007e-05 -1.251318e-04
11543.200000 9.016466e-01 8.962727e-03 1.042775e-02 5.426985e-01 -5.542503e-05 -4.754315e-05 4.917255e-05 -1.312112e-04
11543.400000 9.071857e-01 9.016348e-03 1.047742e-02 5.461068e-01 -4.997224e-05 -3.913873e-05 4.464973e-05 -1.314398e-04
11543.600000 8.965431e-01 8.813196e-03 1.031667e-02 5.408242e-01 -4.820968e-05 -5.026158e-05 3.990431e-05 -1.495116e-04
11543.800000 8.777763e-01 8.578604e-03 9.928899e-03 5.291336e-01 -4.755203e-05 -5.162513e-05 3.178974e-05 -1.479045e-04
11544.000000 8.888490e-01 8.706612e-03 1.009667e-02 5.321939e-01 -3.957276e-05 -5.217541e-05 4.161307e-05 -1.338126e-04
11544.200000 8.786371e-01 8.547609e-03 9.923329e-03 5.296341e-01 -4.824409e-05 -4.865358e-05 3.210368e-05 -1.412354e-04
11544.400000 9.173347e-01 9.088608e-03 1.049614e-02 5.538720e-01 -5.239116e-05 -4.246068e-05 4.450713e-05 -1.365116e-04
11544.600000 8.889698e-01 8.841932e-03 1.022920e-02 5.370159e-01 -4.085549e-05 -4.268227e-05 3.842892e-05 -1.337565e-04
11544.800000 9.249590e-01 9.194407e-03 1.054958e-02 5.557218e-01 -4.246322e-05 -4.136722e-05 4.845449e-05 -1.359181e-04
11545.000000 9.015111e-01 8.920604e-03 1.022093e-02 5.451311e-01 -5.771250e-05 -4.149187e-05 4.684725e-05 -1.384404e-04
11545.200000 8.977102e-01 8.900397e-03 1.030880e-02 5.397844e-01 -6.109898e-05 -5.216203e-05 3.904729e-05 -1.357889e-04
11545.400000 9.094183e-01 9.009579e-03 1.036434e-02 5.503569e-01 -5.960359e-05 -4.574826e-05 3.205141e-05 -1.391589e-04
11545.600000 8.915615e-01 8.740934e-03 1.008331e-02 5.383931e-01 -5.357215e-05 -5.139644e-05 4.145115e-05 -1.375323e-04
11545.800000 8.927485e-01 8.868106e-03 1.019806e-02 5.392716e-01 -4.650108e-05 -6.706385e-05 4.977257e-05 -1.213466e-04
11546.000000 9.165181e-01 9.102019e-03 1.050782e-02 5.530081e-01 -5.047126e-05 -6.443959e-05 4.759644e-05 -1.386090e-04
11546.200000 9.128590e-01 9.098288e-03 1.038668e-02 5.501264e-01 -5.407819e-05 -6.540119e-05 3.638639e-05 -1.330719e-04
11546.400000 8.874269e-01 8.764907e-03 9.881776e-03 5.389590e-01 -4.885271e-05 -5.270790e-05 5.268063e-05 -1.129237e-04
11546.600000 9.217515e-01 9.183376e-03 1.042592e-02 5.588898e-01 -4.659073e-05 -4.930686e-05 4.691872e-05 -1.247709e-04
11546.800000 9.134519e-01 9.119081e-03 1.036486e-02 5.512453e-01 -4.062207e-05 -4.711797e-05 5.233287e-05 -1.162655e-04
11547.000000 8.941945e-01 8.793447e-03 9.992559e-03 5.363359e-01 -5.336444e-05 -4.682914e-05 4.158967e-05 -1.208875e-04
11547.200000 9.030126e-01 8.878062e-03 1.012203e-02 5.437626e-01 -5.062352e-05 -3.620656e-05 5.292129e-05 -1.186510e-04
11547.400000 9.012033e-01 8.992920e-03 1.027609e-02 5.434655e-01 -4.994063e-05 -3.877105e-05 5.752066e-05 -1.091207e-04
11547.600000 9.099202e-01 9.066631e-03 1.034735e-02 5.505485e-01 -5.736104e-05 -4.173817e-05 4.390973e-05 -1.254388e-04
11547.800000 8.956982e-01 8.908648e-03 1.007782e-02 5.403251e-01 -5.064873e-05 -5.035726e-05 6.600398e-05 -1.080732e-04
11548.000000 8.991701e-01 8.917502e-03 1.012754e-02 5.435683e-01 -4.909834e-05 -5.519360e-05 4.840220e-05 -1.148902e-04
11548.200000 9.101110e-01 9.050752e-03 1.026852e-02 5.490248e-01 -3.953638e-05 -4.627721e-05 5.409242e-05 -1.112411e-04
11548.400000 9.047835e-01 9.003691e-03 1.025391e-02 5.472138e-01 -2.965078e-05 -5.011212e-05 6.404998e-05 -1.186995e-04
11548.600000 9.172614e-01 9.208264e-03 1.053461e-02 5.543040e-01 -2.303484e-05 -5.190815e-05 4.380473e-05 -1.274801e-04
11548.800000 9.133125e-01 9.113027e-03 1.024581e-02 5.543110e-01 -2.523352e-05 -5.372079e-05 5.291920e-05 -1.267643e-04
11549.000000 8.902352e-01 8.884412e-03 1.001603e-02 5.374960e-01 -2.947368e-05 -4.673559e-05 6.289623e-05 -1.204416e-04
11549.200000 9.164087e-01 9.103051e-03 1.021723e-02 5.561502e-01 -3.234434e-05 -4.907207e-05 5.139168e-05 -1.235960e-04
11549.400000 8.736636e-01 8.634483e-03 9.646443e-03 5.326491e-01 -3.405664e-05 -4.412741e-05 4.792670e-05 -1.173851e-04
11549.600000 8.526642e-01 8.211227e-03 9.174111e-03 5.169308e-01 -2.812893e-05 -3.988797e-05 4.289429e-05 -1.261502e-04
11549.800000 9.278846e-01 9.322278e-03 1.038725e-02 5.633766e-01 -2.086054e-05 -4.235341e-05 5.706011e-05 -1.219577e-04
11550.000000 9.212606e-01 9.281115e-03 1.047167e-02 5.571921e-01 -1.691592e-05 -3.855175e-05 7.895065e-05 -1.113056e-04
11550.200000 9.045834e-01 9.038165e-03 1.006584e-02 5.462085e-01 -2.501408e-05 -3.813473e-05 4.919817e-05 -1.339140e-04
11550.400000 8.936161e-01 8.861297e-03 9.934163e-03 5.409133e-01 -2.319892e-05 -3.733737e-05 3.154056e-05 -1.270016e-04
11550.600000 9.199773e-01 9.183189e-03 1.015980e-02 5.597570e-01 -1.089314e-05 -3.977959e-05 5.149620e-05 -1.334890e-04
11550.800000 8.713630e-01 8.628348e-03 9.469074e-03 5.279499e-01 -1.529812e-05 -4.428650e-05 5.930131e-05 -1.191915e-04
11551.000000 8.963254e-01 8.918108e-03 9.766936e-03 5.450601e-01 -1.339403e-05 -4.666327e-05 4.443875e-05 -1.219184e-04
11551.200000 9.133229e-01 9.260307e-03 1.008243e-02 5.553421e-01 -1.979962e-05 -3.876378e-05 3.936410e-05 -1.233455e-04
11551.400000 9.029122e-01 9.069077e-03 9.997939e-03 5.514448e-01 -2.444265e-05 -3.839613e-05 4.491750e-05 -1.174598e-04
11551.600000 9.149747e-01 9.117207e-03 1.005351e-02 5.563931e-01 -2.657394e-05 -4.604947e-05 4.763250e-05 -1.086902e-04
11551.800000 8.908732e-01 8.855833e-03 9.664535e-03 5.412295e-01 -2.625510e-05 -4.949285e-05 3.518331e-05 -1.145784e-04
11552.000000 9.060386e-01 9.056860e-03 1.001822e-02 5.528067e-01 -1.828831e-05 -4.693729e-05 5.047574e-05 -1.136099e-04
11552.200000 9.146170e-01 9.125625e-03 9.905389e-03 5.553354e-01 -2.667183e-05 -4.274453e-05 5.755895e-05 -1.204260e-04
11552.400000 8.936113e-01 8.936444e-03 9.657917e-03 5.453569e-01 -2.310677e-05 -2.981986e-05 4.716121e-05 -1.196389e-04
11552.600000 9.143327e-01 9.215840e-03 9.841710e-03 5.568974e-01 -2.378015e-05 -3.615036e-05 4.443350e-05 -1.241903e-04
11552.800000 9.036663e-01 8.988415e-03 9.729782e-03 5.524192e-01 -2.915081e-05 -4.508773e-05 5.152753e-05 -1.191632e-04
11553.000000 8.963268e-01 8.913405e-03 9.614288e-03 5.491481e-01 -2.225348e-05 -5.482068e-05 4.350322e-05 -1.139359e-04
11553.200000 9.032284e-01 9.027108e-03 9.515017e-03 5.505390e-01 -3.436693e-05 -5.493641e-05 4.501725e-05 -1.202024e-04
11553.400000 9.104265e-01 9.146774e-03 9.671906e-03 5.595713e-01 -3.833203e-05 -6.215684e-05 5.412173e-05 -1.082696e-04
11553.600000 8.898769e-01 8.874279e-03 9.390628e-03 5.431163e-01 -2.211753e-05 -5.146570e-05 5.657022e-05 -1.169465e-04
11553.800000 9.113549e-01 9.177039e-03 9.546858e-03 5.575549e-01 -2.816476e-05 -4.980303e-05 4.105335e-05 -1.257935e-04
11554.000000 9.058589e-01 9.086157e-03 9.529337e-03 5.570009e-01 -4.350158e-05 -5.220421e-05 3.334106e-05 -1.091134e-04
11554.200000 8.847412e-01 8.757890e-03 9.110916e-03 5.438241e-01 -4.262842e-05 -5.228678e-05 2.938762e-05 -1.175136e-04
11554.400000 9.055016e-01 9.046616e-03 9.388952e-03 5.547070e-01 -3.569559e-05 -3.239532e-05 3.123393e-05 -1.183126e-04
11554.600000 9.056034e-01 9.060339e-03 9.389640e-03 5.535349e-01 -3.737590e-05 -2.645960e-05 4.523790e-05 -1.137193e-04
11554.800000 9.115428e-01 9.134911e-03 9.438133e-03 5.600535e-01 -3.910732e-05 -3.603589e-05 3.347327e-05 -1.166433e-04
11555.000000 9.052550e-01 9.053072e-03 9.269095e-03 5.558317e-01 -3.946751e-05 -3.890388e-05 3.162531e-05 -1.162658e-04
11555.200000 9.113283e-01 9.117041e-03 9.245479e-03 5.615123e-01 -4.881749e-05 -4.774436e-05 3.741557e-05 -1.077331e-04
11555.400000 8.827441e-01 8.690381e-03 8.646939e-03 5.421993e-01 -5.242818e-05 -4.905217e-05 5.706315e-05 -9.604833e-05
11555.600000 8.875186e-01 8.698515e-03 8.946223e-03 5.460544e-01 -4.556545e-05 -4.779675e-05 5.971334e-05 -1.016181e-04
11555.800000 8.811407e-01 8.751461e-03 8.884403e-03 5.453943e-01 -5.411805e-05 -4.750147e-05 5.709115e-05 -9.269211e-05
11556.000000 9.233915e-01 9.281395e-03 9.238588e-03 5.682855e-01 -5.406595e-05 -6.346479e-05 5.463646e-05 -1.035444e-04
11556.200000 8.996496e-01 8.994747e-03 8.755652e-03 5.568044e-01 -4.345488e-05 -5.598724e-05 4.954906e-05 -1.006357e-04
11556.400000 8.994722e-01 8.940054e-03 8.840541e-03 5.524921e-01 -4.843327e-05 -6.209411e-05 4.034817e-05 -9.408690e-05
11556.600000 9.248516e-01 9.202770e-03 9.054773e-03 5.710514e-01 -4.371903e-05 -5.942734e-05 4.128531e-05 -1.033015e-04
11556.800000 8.789120e-01 8.841569e-03 8.470672e-03 5.417129e-01 -4.745349e-05 -5.003733e-05 3.558920e-05 -1.035411e-04
11557.000000 9.367303e-01 9.497918e-03 9.038476e-03 5.800531e-01 -4.892408e-05 -4.546475e-05 3.957431e-05 -1.212157e-04
11557.200000 9.130275e-01 9.159523e-03 8.733053e-03 5.658037e-01 -5.065488e-05 -4.468494e-05 3.731823e-05 -1.062940e-04
11557.400000 9.086792e-01 9.018344e-03 8.508883e-03 5.627522e-01 -5.694520e-05 -4.734741e-05 4.254228e-05 -9.605734e-05
11557.600000 8.831736e-01 8.741124e-03 8.131985e-03 5.491242e-01 -5.355915e-05 -4.853885e-05 4.625185e-05 -1.051743e-04
11557.800000 9.012862e-01 8.933585e-03 8.240450e-03 5.607096e-01 -5.718204e-05 -4.542490e-05 4.985119e-05 -1.200317e-04
11558.000000 9.092607e-01 9.062746e-03 8.197649e-03 5.696876e-01 -5.484794e-05 -4.815598e-05 4.618387e-05 -1.138511e-04
11558.200000 9.084928e-01 9.150319e-03 8.185185e-03 5.664028e-01 -4.661302e-05 -5.016191e-05 5.049737e-05 -1.184412e-04
11558.400000 9.083022e-01 9.055782e-03 7.946236e-03 5.663382e-01 -4.207496e-05 -5.827011e-05 5.439648e-05 -1.298457e-04
11558.600000 8.887868e-01 8.733621e-03 7.634885e-03 5.561683e-01 -4.477085e-05 -5.467573e-05 5.921813e-05 -1.190153e-04
11558.800000 8.653556e-01 8.461280e-03 7.300411e-03 5.415275e-01 -5.754099e-05 -5.683061e-05 6.301953e-05 -1.121356e-04
11559.000000 9.275149e-01 9.362949e-03 7.931970e-03 5.809038e-01 -5.736140e-05 -5.476913e-05 6.806234e-05 -1.130711e-04
11559.200000 8.905415e-01 8.884381e-03 7.446817e-03 5.552551e-01 -5.459534e-05 -4.603806e-05 6.249224e-05 -1.132092e-04
11559.400000 9.139803e-01 9.114888e-03 7.449588e-03 5.744405e-01 -5.985699e-05 -6.426425e-05 5.653184e-05 -1.041470e-04
11559.600000 8.947980e-01 8.897202e-03 7.112216e-03 5.653027e-01 -5.070687e-05 -5.462286e-05 5.349489e-05 -1.020197e-04
11559.800000 9.028893e-01 8.978597e-03 7.069465e-03 5.709071e-01 -4.956834e-05 -5.243478e-05 5.177684e-05 -1.036559e-04
11560.000000 9.164922e-01 9.193215e-03 7.073987e-03 5.820105e-01 -5.088120e-05 -5.495669e-05 5.524551e-05 -1.027019e-04
11560.200000 9.077071e-01 9.047408e-03 6.711577e-03 5.776255e-01 -5.119769e-05 -4.590911e-05 5.924001e-05 -1.075251e-04
11560.400000 9.006416e-01 8.921213e-03 6.468024e-03 5.758073e-01 -4.468954e-05 -5.187955e-05 4.806727e-05 -1.161981e-04
11560.600000 8.906859e-01 8.726372e-03 6.017100e-03 5.693824e-01 -5.389838e-05 -5.415605e-05 4.524875e-05 -1.038637e-04
11560.800000 9.030724e-01 8.905752e-03 5.953690e-03 5.779770e-01 -5.802485e-05 -5.442218e-05 5.920329e-05 -1.082622e-04
11561.000000 9.125278e-01 9.072281e-03 5.860145e-03 5.877633e-01 -5.312888e-05 -5.182512e-05 4.811244e-05 -1.059162e-04
11561.200000 8.970232e-01 8.818266e-03 5.531666e-03 5.787893e-01 -5.254420e-05 -4.351218e-05 4.923478e-05 -1.094156e-04
11561.400000 9.019309e-01 8.861945e-03 5.337593e-03 5.835569e-01 -5.032423e-05 -5.142378e-05 4.236723e-05 -1.098999e-04
11561.600000 8.924261e-01 8.760036e-03 5.049581e-03 5.839651e-01 -5.573677e-05 -4.863525e-05 5.206565e-05 -1.039923e-04
11561.800000 9.042631e-01 8.898380e-03 4.886348e-03 5.941685e-01 -5.384872e-05 -4.377097e-05 4.126510e-05 -1.161122e-04
11562.000000 8.958834e-01 8.825446e-03 4.626968e-03 5.904359e-01 -4.019829e-05 -4.394550e-05 4.534762e-05 -1.117165e-04
11562.200000 9.015901e-01 8.815438e-03 4.484664e-03 5.964727e-01 -5.765721e-05 -4.562603e-05 4.432184e-05 -1.097965e-04
11562.400000 8.921437e-01 8.649769e-03 4.066912e-03 5.926495e-01 -5.851511e-05 -5.099263e-05 4.363086e-05 -1.091620e-04
11562.600000 9.037694e-01 8.801589e-03 3.927768e-03 6.025528e-01 -6.009591e-05 -5.516691e-05 4.488597e-05 -1.182954e-04
11562.800000 9.052575e-01 8.829048e-03 3.710153e-03 6.074081e-01 -5.369111e-05 -5.217755e-05 4.246981e-05 -1.132058e-04
11563.000000 8.971679e-01 8.704987e-03 3.393501e-03 6.073000e-01 -4.892399e-05 -5.290887e-05 4.554919e-05 -9.730155e-05
11563.200000 8.957420e-01 8.609326e-03 3.091999e-03 6.136199e-01 -4.775783e-05 -5.026233e-05 4.924560e-05 -9.184696e-05
11563.400000 9.082102e-01 8.798614e-03 3.088724e-03 6.272270e-01 -4.386626e-05 -5.272049e-05 6.164554e-05 -1.002296e-04
11563.600000 8.995149e-01 8.673867e-03 2.737689e-03 6.247009e-01 -3.587684e-05 -4.852007e-05 5.787556e-05 -1.000654e-04
11563.800000 9.117879e-01 8.773028e-03 2.701251e-03 6.376017e-01 -4.513113e-05 -4.867170e-05 5.597140e-05 -9.984278e-05
11564.000000 9.003244e-01 8.662440e-03 2.376255e-03 6.382446e-01 -5.544094e-05 -5.302449e-05 4.665084e-05 -1.001910e-04
11564.200000 9.024649e-01 8.583856e-03 2.166407e-03 6.440600e-01 -4.812177e-05 -5.904899e-05 3.835302e-05 -9.827240e-05
11564.400000 9.137573e-01 8.725704e-03 2.113753e-03 6.574354e-01 -4.410991e-05 -4.909315e-05 4.900215e-05 -1.042226e-04
11564.600000 8.990558e-01 8.476048e-03 1.868306e-03 6.559507e-01 -4.454312e-05 -4.877344e-05 5.063955e-05 -1.019133e-04
11564.800000 8.928850e-01 8.246550e-03 1.779216e-03 6.582480e-01 -5.389560e-05 -4.693992e-05 5.327221e-05 -1.081237e-04
11565.000000 8.935926e-01 8.253035e-03 1.745785e-03 6.674987e-01 -5.586497e-05 -4.784467e-05 4.605107e-05 -1.108910e-04
11565.200000 9.126863e-01 8.533902e-03 1.581357e-03 6.899640e-01 -4.482059e-05 -4.696557e-05 4.606371e-05 -1.133422e-04
11565.400000 9.017697e-01 8.286906e-03 1.510724e-03 6.903008e-01 -4.399232e-05 -4.668517e-05 4.499039e-05 -1.127303e-04
11565.600000 9.000558e-01 8.226315e-03 1.466027e-03 6.996221e-01 -3.950391e-05 -5.164626e-05 5.832139e-05 -1.095627e-04
11565.800000 9.019036e-01 8.235130e-03 1.290539e-03 7.078009e-01 -3.638857e-05 -4.582715e-05 4.653280e-05 -1.103641e-04
11566.000000 8.934541e-01 8.028545e-03 1.278362e-03 7.106107e-01 -3.365874e-05 -4.705007e-05 4.782018e-05 -1.071354e-04
11566.200000 9.022247e-01 8.122609e-03 1.297829e-03 7.270116e-01 -3.680436e-05 -4.638832e-05 5.444176e-05 -9.829258e-05
11566.400000 9.185043e-01 8.275527e-03 1.261148e-03 7.465017e-01 -3.148618e-05 -4.715850e-05 4.757485e-05 -9.966336e-05
11566.600000 9.117782e-01 8.143092e-03 1.189699e-03 7.519430e-01 -3.514996e-05 -5.320938e-05 5.257913e-05 -1.006752e-04
11566.800000 9.019260e-01 7.956196e-03 1.211992e-03 7.541837e-01 -3.605111e-05 -4.523745e-05 5.582052e-05 -1.007028e-04
11567.000000 9.020030e-01 7.927641e-03 1.269585e-03 7.603969e-01 -3.718775e-05 -4.071093e-05 4.835273e-05 -9.985512e-05
11567.200000 8.877383e-01 7.684240e-03 1.301399e-03 7.517677e-01 -3.584096e-05 -4.706116e-05 4.447235e-05 -9.852794e-05
11567.400000 8.952367e-01 7.751241e-03 1.229318e-03 7.626601e-01 -4.291713e-05 -4.403208e-05 4.212906e-05 -1.069361e-04
11567.600000 9.061628e-01 7.913767e-03 1.330354e-03 7.757614e-01 -5.090325e-05 -4.298101e-05 6.014693e-05 -1.073918e-04
11567.800000 9.048980e-01 7.885004e-03 1.287841e-03 7.769054e-01 -4.386128e-05 -4.988679e-05 5.342838e-05 -1.091848e-04
11568.000000 9.094875e-01 7.910205e-03 1.428492e-03 7.826794e-01 -4.581181e-05 -5.164067e-05 5.175522e-05 -1.107476e-04
11568.200000 9.030893e-01 7.823491e-03 1.407528e-03 7.758275e-01 -3.731824e-05 -5.347561e-05 6.263173e-05 -9.664697e-05
11568.400000 9.044201e-01 7.863879e-03 1.356226e-03 7.772225e-01 -4.047845e-05 -5.056713e-05 6.047025e-05 -9.454282e-05
11568.600000 9.009465e-01 7.842482e-03 1.486299e-03 7.711727e-01 -4.336944e-05 -5.392369e-05 6.104963e-05 -1.088216e-04
11568.800000 8.967854e-01 7.792086e-03 1.416573e-03 7.645019e-01 -4.284512e-05 -5.112113e-05 5.887573e-05 -1.109994e-04
11569.000000 9.012480e-01 7.878457e-03 1.507746e-03 7.641267e-01 -4.116474e-05 -5.259538e-05 5.235411e-05 -1.048027e-04
11569.200000 8.965724e-01 7.843978e-03 1.490610e-03 7.564161e-01 -4.344504e-05 -4.846115e-05 4.911748e-05 -1.080089e-04
11569.400000 8.997429e-01 7.899986e-03 1.525390e-03 7.552821e-01 -4.436480e-05 -5.282481e-05 4.744837e-05 -1.086696e-04
11569.600000 9.087911e-01 8.096003e-03 1.605583e-03 7.571655e-01 -4.844452e-05 -4.547554e-05 5.332098e-05 -1.029249e-04
11569.800000 8.966400e-01 7.952157e-03 1.571838e-03 7.399557e-01 -4.944237e-05 -3.933929e-05 4.974605e-05 -1.033793e-04
11570.000000 9.049006e-01 8.087895e-03 1.698407e-03 7.421343e-01 -3.561040e-05 -4.260709e-05 5.029442e-05 -1.015194e-04
11570.200000 9.072871e-01 8.162083e-03 1.746897e-03 7.371197e-01 -4.312982e-05 -4.590927e-05 4.011298e-05 -1.000054e-04
11570.400000 9.020514e-01 8.117956e-03 1.759562e-03 7.235286e-01 -4.705243e-05 -5.119856e-05 4.388145e-05 -1.235586e-04
11570.600000 9.070325e-01 8.244976e-03 1.781712e-03 7.238921e-01 -5.830359e-05 -4.979533e-05 4.487578e-05 -1.515277e-04
11570.800000 9.028039e-01 8.221699e-03 1.846776e-03 7.133919e-01 -5.192596e-05 -4.530087e-05 3.859961e-05 -1.340840e-04
11571.000000 9.047531e-01 8.281435e-03 1.809823e-03 7.091004e-01 -5.323166e-05 -4.371413e-05 4.084744e-05 -9.484795e-05
11571.200000 9.047850e-01 8.319770e-03 1.892633e-03 7.030567e-01 -5.163362e-05 -5.658309e-05 4.773462e-05 -9.630420e-05
11571.400000 9.039223e-01 8.342015e-03 1.771751e-03 6.961948e-01 -6.043213e-05 -5.044931e-05 5.330404e-05 -1.037621e-04
11571.600000 9.023654e-01 8.332761e-03 1.803122e-03 6.910544e-01 -5.519165e-05 -4.826142e-05 4.770534e-05 -1.137022e-04
11571.800000 8.997091e-01 8.356704e-03 1.863415e-03 6.821535e-01 -5.991815e-05 -4.425671e-05 4.589522e-05 -1.091522e-04
11572.000000 9.068934e-01 8.470290e-03 1.912396e-03 6.836960e-01 -5.138943e-05 -4.331362e-05 3.800065e-05 -1.205160e-04
11572.200000 9.042910e-01 8.455932e-03 1.916791e-03 6.768307e-01 -4.592860e-05 -5.158645e-05 3.097832e-05 -1.138344e-04
11572.400000 9.030460e-01 8.467894e-03 1.961635e-03 6.721158e-01 -4.204038e-05 -5.886762e-05 1.987953e-05 -1.122486e-04
11572.600000 8.985947e-01 8.434832e-03 1.943500e-03 6.641380e-01 -4.080712e-05 -5.078003e-05 1.576498e-05 -1.206839e-04
11572.800000 8.963089e-01 8.415240e-03 1.937833e-03 6.591687e-01 -4.352932e-05 -4.311010e-05 1.008281e-05 -1.323224e-04
11573.000000 8.956043e-01 8.437138e-03 2.050431e-03 6.553046e-01 -3.983155e-05 -5.064107e-05 1.421942e-05 -1.342080e-04
11573.200000 8.985875e-01 8.501333e-03 2.028543e-03 6.535645e-01 -4.571413e-05 -5.850904e-05 2.217143e-05 -1.315346e-04
11573.400000 8.923352e-01 8.432325e-03 2.091941e-03 6.457486e-01 -4.170920e-05 -5.709305e-05 2.069804e-05 -1.274309e-04
11573.600000 8.977963e-01 8.541326e-03 1.957355e-03 6.479762e-01 -3.275933e-05 -4.914926e-05 2.038943e-05 -1.294295e-04
11573.800000 9.034240e-01 8.668961e-03 2.055252e-03 6.484002e-01 -3.926386e-05 -5.024993e-05 1.197542e-05 -1.264404e-04
11574.000000 9.013922e-01 8.641974e-03 2.058596e-03 6.455429e-01 -4.225323e-05 -4.512301e-05 2.379590e-05 -1.204581e-04
11574.200000 9.051729e-01 8.707424e-03 2.151779e-03 6.446839e-01 -4.419011e-05 -5.151948e-05 2.738363e-05 -1.175599e-04
11574.400000 8.950308e-01 8.544463e-03 1.996370e-03 6.360531e-01 -4.839851e-05 -4.880069e-05 2.194529e-05 -1.167311e-04
11574.600000 8.943256e-01 8.591153e-03 2.085942e-03 6.356757e-01 -5.400447e-05 -5.150651e-05 1.836367e-05 -1.208297e-04
11574.800000 9.002903e-01 8.664914e-03 2.086702e-03 6.364687e-01 -5.802914e-05 -4.645143e-05 2.497091e-05 -1.184835e-04
11575.000000 8.989368e-01 8.667645e-03 2.001051e-03 6.337968e-01 -5.260954e-05 -5.441691e-05 3.171836e-05 -1.179704e-04
11575.200000 8.952695e-01 8.619181e-03 2.080412e-03 6.297080e-01 -5.696371e-05 -5.624619e-05 3.636790e-05 -1.123818e-04
11575.400000 8.987852e-01 8.694741e-03 2.153110e-03 6.303692e-01 -5.082891e-05 -4.507894e-05 3.781449e-05 -1.048633e-04
11575.600000 9.054528e-01 8.774125e-03 2.191539e-03 6.344378e-01 -4.709311e-05 -3.903475e-05 3.674259e-05 -1.145042e-04
11575.800000 8.884815e-01 8.530409e-03 2.179243e-03 6.220865e-01 -4.453424e-05 -4.010299e-05 3.789641e-05 -1.133750e-04
11576.000000 8.992861e-01 8.726003e-03 2.062912e-03 6.301944e-01 -5.029708e-05 -4.135595e-05 2.685890e-05 -1.141518e-04
11576.200000 8.917297e-01 8.615792e-03 2.111417e-03 6.236180e-01 -5.120941e-05 -3.581591e-05 1.979190e-05 -1.154770e-04
11576.400000 9.079970e-01 8.852883e-03 2.074756e-03 6.342475e-01 -4.944935e-05 -3.445542e-05 9.978636e-06 -1.072671e-04
11576.600000 8.935062e-01 8.665142e-03 2.063138e-03 6.249131e-01 -4.135864e-05 -4.895822e-05 1.161132e-05 -1.124303e-04
11576.800000 9.028957e-01 8.821286e-03 2.072354e-03 6.309549e-01 -4.716830e-05 -6.706067e-05 1.386976e-05 -1.039038e-04
11577.000000 8.956700e-01 8.680507e-03 2.041002e-03 6.241513e-01 -4.721346e-05 -6.859937e-05 1.794854e-05 -1.051271e-04
11577.200000 9.168501e-01 9.022013e-03 2.184507e-03 6.379768e-01 -4.260644e-05 -6.117204e-05 2.097920e-05 -1.000237e-04
11577.400000 8.989177e-01 8.732315e-03 2.075439e-03 6.260553e-01 -4.083446e-05 -6.054111e-05 2.102340e-05 -1.113128e-04
11577.600000 9.122418e-01 8.947584e-03 2.116312e-03 6.369703e-01 -4.156532e-05 -6.375022e-05 2.439863e-05 -1.075787e-04
11577.800000 9.055565e-01 8.864118e-03 2.052102e-03 6.312343e-01 -3.980659e-05 -5.308752e-05 1.675943e-05 -1.171805e-04
11578.000000 8.887766e-01 8.592455e-03 2.049110e-03 6.195671e-01 -5.745141e-05 -4.977888e-05 1.748403e-05 -1.263492e-04
11578.200000 9.005772e-01 8.738795e-03 2.062778e-03 6.287181e-01 -6.269328e-05 -5.616138e-05 1.969079e-05 -1.245327e-04
11578.400000 8.923413e-01 8.612935e-03 1.997217e-03 6.223499e-01 -6.053575e-05 -5.055694e-05 2.803585e-05 -1.257615e-04
11578.600000 9.046480e-01 8.840019e-03 2.029147e-03 6.319103e-01 -5.492353e-05 -4.326595e-05 2.667879e-05 -1.129237e-04
11578.800000 8.977503e-01 8.732435e-03 1.992369e-03 6.261336e-01 -6.344210e-05 -4.756493e-05 2.017468e-05 -1.102334e-04
11579.000000 9.027303e-01 8.800263e-03 2.033023e-03 6.298093e-01 -6.453038e-05 -4.768935e-05 1.073593e-05 -1.199853e-04
11579.200000 9.112305e-01 8.969410e-03 2.058738e-03 6.360476e-01 -6.257292e-05 -4.505188e-05 1.026892e-05 -1.236908e-04
11579.400000 8.924854e-01 8.697263e-03 1.963265e-03 6.240961e-01 -6.428785e-05 -4.135222e-05 5.441047e-06 -1.266562e-04
11579.600000 8.970714e-01 8.756148e-03 2.023617e-03 6.257842e-01 -5.926108e-05 -4.512658e-05 7.621984e-06 -1.331776e-04
11579.800000 9.191636e-01 9.106547e-03 1.982091e-03 6.408232e-01 -6.296402e-05 -3.715928e-05 2.245289e-05 -1.268138e-04
11580.000000 8.957070e-01 8.691220e-03 1.902914e-03 6.268307e-01 -6.160481e-05 -2.683676e-05 1.387995e-05 -1.324442e-04
11580.200000 8.964859e-01 8.705259e-03 2.000187e-03 6.263643e-01 -5.943039e-05 -3.138143e-05 2.317737e-05 -1.351218e-04
11580.400000 9.012473e-01 8.806277e-03 2.049520e-03 6.303095e-01 -6.602783e-05 -3.426149e-05 2.943520e-05 -1.322755e-04
11580.600000 9.017122e-01 8.807229e-03 1.985655e-03 6.312254e-01 -5.847927e-05 -4.139208e-05 2.772013e-05 -1.334973e-04
11580.800000 8.783691e-01 8.476763e-03 1.846619e-03 6.139144e-01 -5.555197e-05 -4.383479e-05 3.605964e-05 -1.308565e-04
11581.000000 9.001669e-01 8.766868e-03 1.921952e-03 6.305780e-01 -5.552856e-05 -4.681393e-05 3.010294e-05 -1.329599e-04
11581.200000 9.050399e-01 8.886662e-03 2.048371e-03 6.342693e-01 -6.280984e-05 -5.680065e-05 2.623706e-05 -1.303850e-04
11581.400000 8.876720e-01 8.613740e-03 1.801749e-03 6.194240e-01 -5.866664e-05 -5.924238e-05 1.983635e-05 -1.217666e-04
11581.600000 8.896185e-01 8.634154e-03 1.954450e-03 6.245509e-01 -6.030406e-05 -4.895670e-05 2.450135e-05 -1.159849e-04
11581.800000 8.988622e-01 8.783032e-03 2.097366e-03 6.301594e-01 -5.319051e-05 -4.805129e-05 2.577251e-05 -1.173109e-04
11582.000000 8.987853e-01 8.763788e-03 2.024299e-03 6.289261e-01 -5.077802e-05 -5.431491e-05 3.517945e-05 -1.075611e-04
11582.200000 8.879661e-01 8.641984e-03 1.997500e-03 6.229086e-01 -5.007681e-05 -5.612204e-05 2.731664e-05 -1.162251e-04
11582.400000 9.039461e-01 8.859095e-03 2.032262e-03 6.350995e-01 -5.096625e-05 -5.157921e-05 1.322575e-05 -1.137534e-04
11582.600000 9.051239e-01 8.890696e-03 2.135003e-03 6.376504e-01 -5.002365e-05 -4.090271e-05 1.837986e-05 -1.170604e-04
11582.800000 8.933968e-01 8.706146e-03 2.128966e-03 6.296231e-01 -5.439364e-05 -4.113026e-05 3.383200e-05 -1.028713e-04
11583.000000 8.890371e-01 8.625679e-03 2.057270e-03 6.262287e-01 -5.903615e-05 -3.852105e-05 2.593261e-05 -1.088394e-04
11583.200000 9.059096e-01 8.899013e-03 2.185291e-03 6.378857e-01 -5.364879e-05 -4.133502e-05 3.795430e-05 -1.186805e-04
11583.400000 9.025578e-01 8.852941e-03 2.162171e-03 6.340076e-01 -4.897206e-05 -3.912597e-05 2.889576e-05 -1.193129e-04
11583.600000 8.963838e-01 8.741635e-03 2.139707e-03 6.289880e-01 -4.723032e-05 -3.518954e-05 3.198448e-05 -1.287261e-04
11583.800000 9.130713e-01 9.078634e-03 2.121118e-03 6.441458e-01 -4.859679e-05 -4.213156e-05 3.094156e-05 -1.193366e-04
11584.000000 8.852020e-01 8.626357e-03 2.095656e-03 6.260920e-01 -5.437219e-05 -4.194380e-05 3.543064e-05 -1.107567e-04
11584.200000 9.100261e-01 8.926482e-03 2.232518e-03 6.423866e-01 -4.943965e-05 -4.736188e-05 1.659135e-05 -1.197413e-04
11584.400000 8.872209e-01 8.610752e-03 2.133793e-03 6.251717e-01 -4.584515e-05 -3.884448e-05 1.713714e-05 -1.124772e-04
11584.600000 8.887946e-01 8.631344e-03 2.212320e-03 6.267340e-01 -4.825840e-05 -3.124687e-05 2.403948e-05 -1.186996e-04
11584.800000 8.928291e-01 8.676379e-03 2.135174e-03 6.331956e-01 -4.745178e-05 -2.556479e-05 2.714512e-05 -1.259236e-04
11585.000000 9.039590e-01 8.880294e-03 2.137654e-03 6.401242e-01 -4.507065e-05 -3.044615e-05 2.611103e-05 -1.183822e-04
11585.200000 8.942483e-01 8.730917e-03 2.131833e-03 6.321691e-01 -5.185473e-05 -1.866112e-05 2.575249e-05 -1.196026e-04
11585.400000 8.955033e-01 8.758399e-03 2.218062e-03 6.357084e-01 -4.702950e-05 -2.218642e-05 2.554700e-05 -1.134500e-04
11585.600000 8.945499e-01 8.692767e-03 2.222053e-03 6.344777e-01 -4.112101e-05 -2.675046e-05 1.791720e-05 -1.272425e-04
11585.800000 8.881461e-01 8.629343e-03 2.242069e-03 6.278291e-01 -3.709764e-05 -2.982902e-05 2.816755e-05 -1.202211e-04
11586.000000 8.986604e-01 8.794997e-03 2.099680e-03 6.354264e-01 -4.181264e-05 -2.608362e-05 1.581262e-05 -1.206776e-04
11586.200000 9.127893e-01 8.917642e-03 2.320302e-03 6.450609e-01 -3.493480e-05 -2.850521e-05 1.208017e-05 -1.268715e-04
11586.400000 8.772939e-01 8.527066e-03 2.142758e-03 6.239440e-01 -3.125570e-05 -2.964468e-05 -9.449710e-07 -1.174686e-04
11586.600000 9.062493e-01 8.917589e-03 2.084802e-03 6.432927e-01 -3.258372e-05 -3.135051e-05 1.553182e-05 -1.098543e-04
11586.800000 9.003802e-01 8.795421e-03 2.106945e-03 6.368855e-01 -3.120446e-05 -3.530132e-05 1.691709e-05 -1.094063e-04
11587.000000 8.906347e-01 8.696143e-03 2.253076e-03 6.296321e-01 -4.109493e-05 -4.777886e-05 1.367870e-05 -1.119300e-04
11587.200000 9.027391e-01 8.847201e-03 2.232934e-03 6.391282e-01 -5.165605e-05 -3.401028e-05 1.464810e-05 -1.025191e-04
11587.400000 9.010544e-01 8.826869e-03 2.218562e-03 6.390503e-01 -5.176273e-05 -2.728536e-05 1.561327e-05 -1.025135e-04
11587.600000 8.900353e-01 8.732285e-03 2.205263e-03 6.342403e-01 -4.503993e-05 -4.337365e-05 8.515130e-06 -1.060632e-04
11587.800000 9.127153e-01 9.005383e-03 2.198852e-03 6.486862e-01 -5.307949e-05 -4.918522e-05 7.914209e-06 -1.181081e-04
11588.000000 8.948014e-01 8.733718e-03 2.175081e-03 6.382379e-01 -4.951898e-05 -4.369823e-05 1.345536e-05 -1.154773e-04
11588.200000 8.848466e-01 8.581241e-03 2.132139e-03 6.296211e-01 -4.918306e-05 -2.662107e-05 1.797746e-05 -1.041664e-04
11588.400000 8.905066e-01 8.665917e-03 1.957055e-03 6.359652e-01 -4.392243e-05 -2.584086e-05 -4.166489e-06 -1.186555e-04
11588.600000 9.029730e-01 8.902949e-03 2.154013e-03 6.425155e-01 -4.186223e-05 -3.181194e-05 -2.448326e-06 -1.112714e-04
11588.800000 9.040783e-01 8.892296e-03 2.192941e-03 6.450789e-01 -4.396763e-05 -2.639885e-05 -2.007861e-05 -1.283277e-04
11589.000000 9.011656e-01 8.805939e-03 2.055343e-03 6.408129e-01 -5.161659e-05 -2.275890e-05 -2.549280e-06 -1.238804e-04
11589.200000 8.923507e-01 8.692434e-03 2.165372e-03 6.349492e-01 -5.408486e-05 -2.061721e-05 2.641447e-06 -1.196286e-04
11589.400000 9.009370e-01 8.855023e-03 2.180941e-03 6.399732e-01 -5.192345e-05 -2.205780e-05 -2.310005e-06 -1.210382e-04
11589.600000 9.099258e-01 8.947000e-03 2.104711e-03 6.481898e-01 -5.026296e-05 -2.934199e-05 1.623285e-05 -1.236028e-04
11589.800000 9.019526e-01 8.871590e-03 2.052265e-03 6.417335e-01 -4.592027e-05 -4.246130e-05 2.393053e-05 -1.289756e-04
11590.000000 8.950692e-01 8.775008e-03 2.101292e-03 6.388134e-01 -5.603371e-05 -2.555331e-05 2.011205e-05 -1.188636e-04
11590.200000 8.951044e-01 8.767277e-03 2.162205e-03 6.398599e-01 -5.559673e-05 -3.146134e-05 1.568855e-05 -1.247336e-04
11590.400000 8.804744e-01 8.552549e-03 1.994972e-03 6.294194e-01 -4.468080e-05 -3.567381e-05 1.856373e-05 -1.268435e-04
11590.600000 9.024107e-01 8.852096e-03 2.134620e-03 6.434680e-01 -4.439058e-05 -2.490439e-05 1.000010e-05 -1.243733e-04
11590.800000 8.858187e-01 8.664726e-03 2.087660e-03 6.313471e-01 -4.672736e-05 -4.123147e-05 3.207501e-05 -1.181381e-04
11591.000000 9.036083e-01 8.871193e-03 2.160941e-03 6.440139e-01 -5.208031e-05 -3.458201e-05 3.970608e-05 -1.140376e-04
11591.200000 8.981970e-01 8.826702e-03 2.001168e-03 6.407345e-01 -5.910766e-05 -3.183174e-05 2.740684e-05 -9.660464e-05
11591.400000 9.061496e-01 8.834680e-03 2.078110e-03 6.476501e-01 -6.409100e-05 -3.986126e-05 8.318121e-06 -1.047628e-04
11591.600000 8.490286e-01 8.183732e-03 1.916045e-03 6.076520e-01 -6.387678e-05 -3.788759e-05 1.331761e-05 -1.095737e-04
11591.800000 8.900625e-01 8.695678e-03 1.933040e-03 6.354209e-01 -5.714019e-05 -2.828729e-05 1.565787e-05 -1.076007e-04
11592.000000 9.061647e-01 8.942640e-03 1.995578e-03 6.475561e-01 -5.335654e-05 -3.618190e-05 3.120330e-05 -1.033044e-04
11592.200000 8.942373e-01 8.757942e-03 1.843944e-03 6.404359e-01 -5.142215e-05 -4.193999e-05 1.262763e-05 -1.144012e-04
11592.400000 8.843925e-01 8.542565e-03 1.902909e-03 6.320281e-01 -4.742457e-05 -3.309670e-05 1.795268e-05 -1.109947e-04
11592.600000 8.973863e-01 8.796814e-03 1.906730e-03 6.457854e-01 -4.608470e-05 -2.805474e-05 9.988208e-06 -1.101305e-04
11592.800000 9.050734e-01 8.869947e-03 2.039469e-03 6.477959e-01 -5.145081e-05 -3.848835e-05 1.342690e-05 -1.009137e-04
11593.000000 9.089470e-01 8.996851e-03 1.885737e-03 6.538745e-01 -4.301221e-05 -3.974243e-05 1.722993e-05 -1.050931e-04
11593.200000 8.952628e-01 8.777215e-03 1.869021e-03 6.414564e-01 -3.727732e-05 -4.353534e-05 9.395818e-06 -1.195134e-04
11593.400000 8.966384e-01 8.826945e-03 1.733494e-03 6.429323e-01 -5.002199e-05 -3.378565e-05 1.261765e-05 -1.204641e-04
11593.600000 8.963357e-01 8.777768e-03 1.817885e-03 6.453036e-01 -4.869969e-05 -4.155038e-05 1.436044e-05 -1.288439e-04
11593.800000 8.945087e-01 8.767720e-03 1.854361e-03 6.421627e-01 -3.720928e-05 -4.277460e-05 8.532813e-06 -1.103039e-04
11594.000000 9.047015e-01 8.899998e-03 1.795383e-03 6.490009e-01 -4.216065e-05 -4.804699e-05 9.465634e-06 -1.182307e-04
11594.200000 8.820264e-01 8.599889e-03 1.832950e-03 6.325444e-01 -4.258953e-05 -5.158258e-05 9.206114e-06 -1.185868e-04
11594.400000 9.062985e-01 8.895637e-03 1.910842e-03 6.516173e-01 -3.758433e-05 -3.618323e-05 -8.052462e-07 -1.153516e-04
11594.600000 8.920272e-01 8.738632e-03 1.899411e-03 6.406921e-01 -3.306410e-05 -2.589650e-05 3.005765e-06 -1.182481e-04
11594.800000 8.918738e-01 8.720622e-03 1.898799e-03 6.435732e-01 -4.517964e-05 -2.374858e-05 7.006097e-06 -1.325720e-04
11595.000000 8.997172e-01 8.834050e-03 1.877357e-03 6.467241e-01 -4.998761e-05 -3.846194e-05 -1.612271e-06 -1.247892e-04
11595.200000 9.032304e-01 8.879821e-03 1.873535e-03 6.506094e-01 -5.076723e-05 -3.908776e-05 -3.559085e-06 -1.115810e-04
11595.400000 8.985755e-01 8.865256e-03 2.015718e-03 6.452956e-01 -5.889361e-05 -4.762132e-05 -9.598867e-06 -1.079692e-04
11595.600000 9.074810e-01 8.941199e-03 1.800381e-03 6.531785e-01 -5.599707e-05 -5.508488e-05 -1.296880e-05 -1.082056e-04
11595.800000 8.959119e-01 8.842690e-03 1.841662e-03 6.449776e-01 -5.377244e-05 -4.584931e-05 -1.759743e-07 -1.107161e-04
11596.000000 8.953749e-01 8.779643e-03 1.813190e-03 6.443736e-01 -4.541044e-05 -5.213524e-05 -5.089960e-07 -1.282350e-04
11596.200000 8.876805e-01 8.710547e-03 1.768290e-03 6.400961e-01 -4.290817e-05 -4.981334e-05 8.618670e-06 -1.317952e-04
11596.400000 8.890438e-01 8.662555e-03 1.875565e-03 6.392411e-01 -4.625093e-05 -4.715035e-05 6.875318e-06 -1.298403e-04
11596.600000 9.116375e-01 9.012159e-03 2.035229e-03 6.561133e-01 -5.177296e-05 -5.257531e-05 2.330584e-06 -1.181127e-04
11596.800000 8.987527e-01 8.857916e-03 1.919186e-03 6.494656e-01 -4.676553e-05 -4.732819e-05 5.399037e-06 -1.155118e-04
11597.000000 8.957014e-01 8.807443e-03 1.923818e-03 6.456836e-01 -4.640291e-05 -4.253649e-05 -3.316807e-07 -1.150224e-04
11597.700000 8.941287e-01 8.779142e-03 1.956686e-03 6.448435e-01 -5.055650e-05 -4.857127e-05 -7.693410e-06 -1.173120e-04
11598.400000 8.975245e-01 8.830418e-03 2.013478e-03 6.498093e-01 -5.399197e-05 -5.285252e-05 -1.250901e-05 -1.103180e-04
11599.100000 8.948012e-01 8.774857e-03 1.982215e-03 6.500224e-01 -5.079244e-05 -4.963550e-05 -1.378526e-05 -1.148336e-04
11599.800000 8.978761e-01 8.833672e-03 2.063695e-03 6.514175e-01 -5.874384e-05 -4.504924e-05 -6.219866e-06 -1.277796e-04
11600.500000 8.910100e-01 8.738280e-03 2.080855e-03 6.471269e-01 -5.125419e-05 -3.406363e-05 -9.825025e-06 -1.205932e-04
11601.200000 8.940771e-01 8.795627e-03 2.085687e-03 6.500921e-01 -5.145800e-05 -3.838775e-05 -8.205530e-06 -1.225720e-04
11601.900000 8.881245e-01 8.714885e-03 2.080763e-03 6.465733e-01 -6.454864e-05 -4.081859e-05 -6.458156e-07 -1.212797e-04
11602.600000 8.947941e-01 8.827019e-03 2.098421e-03 6.521122e-01 -7.505673e-05 -5.435808e-05 1.499762e-06 -1.109495e-04
11603.300000 8.946376e-01 8.808003e-03 2.096199e-03 6.531033e-01 -6.892378e-05 -5.195652e-05 8.709563e-06 -1.164547e-04
11604.993695 8.919312e-01 8.777006e-03 2.088211e-03 6.538447e-01 -6.264694e-05 -5.278933e-05 -1.102998e-05 -1.199917e-04
11605.999583 8.943576e-01 8.829297e-03 2.182133e-03 6.566630e-01 -6.739293e-05 -6.577539e-05 -1.538482e-05 -1.228940e-04
11607.017662 8.959963e-01 8.854235e-03 2.203330e-03 6.597927e-01 -7.018827e-05 -5.708161e-05 -7.247200e-06 -1.185218e-04
11608.047933 8.954036e-01 8.857257e-03 2.189412e-03 6.603859e-01 -7.231324e-05 -5.775468e-05 -3.979917e-06 -1.205125e-04
11609.090396 8.961725e-01 8.856802e-03 2.207365e-03 6.629153e-01 -6.816454e-05 -5.214696e-05 -1.490930e-06 -1.267185e-04
11610.145051 8.922994e-01 8.801715e-03 2.184597e-03 6.595907e-01 -6.228431e-05 -5.003953e-05 3.496323e-06 -1.287033e-04
11611.211898 8.931723e-01 8.834945e-03 2.136967e-03 6.629880e-01 -6.553792e-05 -4.598234e-05 -3.072398e-06 -1.104507e-04
11612.290937 8.972839e-01 8.923955e-03 2.112386e-03 6.689270e-01 -6.860786e-05 -4.393728e-05 -4.078735e-06 -1.094707e-04
11613.382167 8.937476e-01 8.861831e-03 2.104399e-03 6.661727e-01 -6.615407e-05 -4.454824e-05 -4.450185e-06 -1.146609e-04
11614.485590 8.948646e-01 8.871699e-03 2.076407e-03 6.666501e-01 -7.099590e-05 -4.686061e-05 6.300725e-06 -1.163800e-04
11615.601204 8.960247e-01 8.899225e-03 2.035847e-03 6.702955e-01 -6.617282e-05 -5.986730e-05 1.029854e-05 -1.222079e-04
11616.729011 8.933860e-01 8.875634e-03 2.011379e-03 6.664791e-01 -6.373079e-05 -5.154527e-05 3.363595e-06 -1.335396e-04
11617.869009 8.944361e-01 8.912150e-03 1.944107e-03 6.675875e-01 -6.342988e-05 -4.634647e-05 2.427245e-06 -1.287856e-04
11619.021199 8.888891e-01 8.841627e-03 1.889022e-03 6.636383e-01 -7.564479e-05 -3.722329e-05 7.175556e-06 -1.326106e-04
11620.185582 8.906955e-01 8.915924e-03 1.909201e-03 6.647542e-01 -6.664841e-05 -4.249939e-05 1.269228e-05 -1.417203e-04
11621.362156 8.950243e-01 9.006783e-03 1.939311e-03 6.643946e-01 -5.996321e-05 -5.267053e-05 1.958813e-05 -1.312497e-04
11622.550922 8.913100e-01 8.947463e-03 1.950987e-03 6.593238e-01 -5.103231e-05 -6.735077e-05 9.365244e-06 -1.265132e-04
11623.751879 8.904300e-01 8.963946e-03 1.967346e-03 6.591082e-01 -5.275545e-05 -6.137031e-05 8.654057e-06 -1.256903e-04
11624.965029 8.917522e-01 9.012384e-03 1.971725e-03 6.580458e-01 -5.672617e-05 -4.819763e-05 1.150184e-05 -1.258967e-04
11626.190371 8.935082e-01 9.057368e-03 2.037670e-03 6.575351e-01 -6.402326e-05 -5.068444e-05 -5.389422e-06 -1.243605e-04
11627.427904 8.912260e-01 9.047676e-03 2.014932e-03 6.532318e-01 -6.606243e-05 -5.249644e-05 -2.213086e-06 -1.217968e-04
11628.677630 8.913018e-01 9.075739e-03 2.073478e-03 6.532828e-01 -6.260365e-05 -5.365206e-05 1.035890e-05 -1.233449e-04
11629.939547 8.905762e-01 9.095119e-03 2.088331e-03 6.511685e-01 -6.354921e-05 -5.228645e-05 1.931588e-05 -1.143113e-04
11631.213657 8.882437e-01 9.079999e-03 2.101093e-03 6.483454e-01 -5.506373e-05 -5.212928e-05 2.605538e-05 -1.104837e-04
11632.499958 8.910048e-01 9.131989e-03 2.124496e-03 6.504302e-01 -5.679821e-05 -5.241912e-05 2.492915e-05 -1.102821e-04
11633.798451 8.908097e-01 9.158701e-03 2.124299e-03 6.480100e-01 -5.493936e-05 -4.446229e-05 1.384493e-05 -1.136127e-04
11635.109136 8.896885e-01 9.146696e-03 2.124502e-03 6.473188e-01 -6.239396e-05 -4.338629e-05 1.793057e-05 -1.166386e-04
11636.432013 8.887613e-01 9.150851e-03 2.126910e-03 6.464066e-01 -5.706915e-05 -4.728019e-05 4.399172e-06 -1.171389e-04
11637.767082 8.887664e-01 9.180023e-03 2.177979e-03 6.462111e-01 -5.004181e-05 -5.244892e-05 -9.716519e-08 -1.165313e-04
11639.114342 8.878945e-01 9.168897e-03 2.192904e-03 6.453748e-01 -5.322230e-05 -6.205696e-05 1.389822e-05 -1.149686e-04
11640.473795 8.904935e-01 9.226889e-03 2.252351e-03 6.471581e-01 -6.784539e-05 -6.204639e-05 1.043872e-05 -1.052343e-04
11641.845440 8.873149e-01 9.193424e-03 2.272064e-03 6.453913e-01 -7.183727e-05 -6.723890e-05 1.353969e-05 -1.163325e-04
11643.229276 8.883639e-01 9.252105e-03 2.279444e-03 6.465429e-01 -6.138720e-05 -7.012747e-05 8.928196e-06 -1.157372e-04
11644.625305 8.872464e-01 9.243375e-03 2.297079e-03 6.456815e-01 -5.989828e-05 -6.634317e-05 1.454857e-06 -1.249805e-04
11646.033525 8.870781e-01 9.260690e-03 2.332130e-03 6.456732e-01 -7.245902e-05 -6.442947e-05 -9.048956e-06 -1.231390e-04
11647.453937 8.869800e-01 9.256109e-03 2.353769e-03 6.462076e-01 -7.316628e-05 -6.142028e-05 1.724825e-06 -1.210545e-04
11648.886541 8.854511e-01 9.255964e-03 2.342803e-03 6.452080e-01 -5.168139e-05 -5.794267e-05 6.036012e-06 -1.234032e-04
11650.331337 8.831670e-01 9.237081e-03 2.310680e-03 6.430446e-01 -4.871584e-05 -5.267330e-05 8.929378e-06 -1.270102e-04
11651.788325 8.838575e-01 9.231443e-03 2.303663e-03 6.452674e-01 -5.814780e-05 -4.532654e-05 1.261664e-05 -1.144021e-04
11653.257505 8.868364e-01 9.304845e-03 2.305477e-03 6.478942e-01 -5.430408e-05 -4.933016e-05 1.674395e-05 -1.167052e-04
11654.738877 8.852804e-01 9.302755e-03 2.284486e-03 6.487507e-01 -6.279558e-05 -5.246655e-05 2.322171e-05 -1.231245e-04
11656.232440 8.859123e-01 9.328352e-03 2.278103e-03 6.497720e-01 -7.132712e-05 -4.743828e-05 1.233142e-05 -1.250510e-04
11657.738196 8.850267e-01 9.327954e-03 2.258918e-03 6.480652e-01 -6.112690e-05 -4.679371e-05 9.821538e-06 -1.263954e-04
11659.256143 8.856363e-01 9.339489e-03 2.263813e-03 6.488294e-01 -6.361879e-05 -5.215369e-05 1.153012e-05 -1.351900e-04
11660.786283 8.843868e-01 9.326016e-03 2.243554e-03 6.484684e-01 -5.998980e-05 -4.904317e-05 1.881637e-05 -1.364356e-04
11662.328614 8.848394e-01 9.339437e-03 2.161218e-03 6.504774e-01 -5.649107e-05 -5.038920e-05 2.430659e-05 -1.256388e-04
11663.883137 8.835305e-01 9.359049e-03 2.180489e-03 6.481664e-01 -5.465912e-05 -5.173899e-05 2.125576e-05 -1.264144e-04
11665.449852 8.832593e-01 9.375499e-03 2.217651e-03 6.492549e-01 -5.185605e-05 -4.651927e-05 1.171161e-05 -1.185293e-04
11667.028759 8.802267e-01 9.342329e-03 2.201583e-03 6.474202e-01 -6.528887e-05 -3.601889e-05 1.458933e-05 -1.262500e-04
11668.619858 8.843303e-01 9.426618e-03 2.207048e-03 6.504934e-01 -6.649746e-05 -4.473275e-05 1.246131e-05 -1.289231e-04
11670.223149 8.832169e-01 9.422822e-03 2.248531e-03 6.505910e-01 -8.029441e-05 -5.041240e-05 1.963498e-05 -1.354917e-04
11671.838632 8.824931e-01 9.429112e-03 2.258289e-03 6.506684e-01 -7.953013e-05 -6.208939e-05 2.063952e-05 -1.267483e-04
11673.466307 8.805902e-01 9.413835e-03 2.233558e-03 6.495265e-01 -7.066371e-05 -5.850663e-05 1.415774e-05 -1.205630e-04
11675.106173 8.822197e-01 9.453181e-03 2.216772e-03 6.512433e-01 -7.213723e-05 -5.438153e-05 2.160676e-05 -1.088381e-04
11676.758232 8.815799e-01 9.456238e-03 2.208363e-03 6.535858e-01 -6.728417e-05 -5.383850e-05 2.673993e-05 -1.007987e-04
11678.422482 8.778134e-01 9.463179e-03 2.255825e-03 6.500303e-01 -6.436170e-05 -5.082341e-05 2.940995e-05 -1.107347e-04
11680.098924 8.759095e-01 9.432063e-03 2.255854e-03 6.488352e-01 -6.030714e-05 -5.809445e-05 1.342731e-05 -1.284575e-04
11681.787558 8.788412e-01 9.480847e-03 2.290339e-03 6.520928e-01 -5.400622e-05 -6.348032e-05 1.061275e-05 -1.238726e-04
11683.488385 8.791426e-01 9.504656e-03 2.319998e-03 6.513455e-01 -5.770271e-05 -6.336499e-05 -6.441343e-06 -1.224719e-04
11685.201403 8.803024e-01 9.528828e-03 2.297248e-03 6.544505e-01 -6.045455e-05 -7.165413e-05 1.139833e-06 -1.236295e-04
11686.926613 8.785863e-01 9.551294e-03 2.283106e-03 6.528119e-01 -5.145638e-05 -6.320695e-05 1.377385e-05 -1.323667e-04
11688.664014 8.766382e-01 9.526744e-03 2.225488e-03 6.526587e-01 -4.882894e-05 -5.830930e-05 1.295490e-05 -1.269486e-04
11690.413608 8.768551e-01 9.535283e-03 2.281317e-03 6.530087e-01 -4.834563e-05 -5.414141e-05 1.208492e-05 -1.224415e-04
11692.175394 8.794109e-01 9.601721e-03 2.285672e-03 6.546909e-01 -4.314032e-05 -4.940180e-05 5.280854e-06 -1.163635e-04
11693.949371 8.766417e-01 9.594978e-03 2.257684e-03 6.507629e-01 -4.819046e-05 -4.300543e-05 8.892785e-06 -1.197885e-04
11695.735541 8.750170e-01 9.590531e-03 2.311793e-03 6.507310e-01 -5.613881e-05 -4.226010e-05 1.109916e-05 -1.183013e-04
11697.533902 8.767575e-01 9.632957e-03 2.355140e-03 6.518617e-01 -5.912928e-05 -4.742470e-05 1.896540e-05 -1.148914e-04
11699.344455 8.768946e-01 9.643510e-03 2.359263e-03 6.509059e-01 -5.968056e-05 -4.060815e-05 1.478579e-05 -1.142805e-04
11701.167201 8.741130e-01 9.657891e-03 2.402662e-03 6.494351e-01 -5.511692e-05 -4.239116e-05 8.229819e-06 -1.166616e-04
11703.002138 8.708452e-01 9.642639e-03 2.461185e-03 6.472280e-01 -6.135279e-05 -5.439149e-05 1.777641e-05 -1.195195e-04
11704.849267 8.723893e-01 9.687027e-03 2.488065e-03 6.480251e-01 -6.270454e-05 -4.783721e-05 1.880564e-05 -1.145595e-04
11706.708588 8.758587e-01 9.751942e-03 2.507824e-03 6.497980e-01 -5.771331e-05 -4.659396e-05 1.806059e-05 -1.105685e-04
11708.580100 8.748458e-01 9.758056e-03 2.508119e-03 6.484071e-01 -5.539963e-05 -4.697898e-05 2.488711e-05 -1.244917e-04
11710.463805 8.736424e-01 9.762330e-03 2.501621e-03 6.468134e-01 -4.970727e-05 -3.816025e-05 2.313507e-05 -1.223726e-04
11712.359702 8.728026e-01 9.768082e-03 2.483336e-03 6.461866e-01 -6.119575e-05 -3.936555e-05 2.508134e-05 -1.232381e-04
11714.267790 8.741396e-01 9.807631e-03 2.507684e-03 6.480441e-01 -6.449357e-05 -4.599172e-05 2.285095e-05 -1.282089e-04
11716.188071 8.716378e-01 9.805227e-03 2.477649e-03 6.464657e-01 -6.308718e-05 -4.763997e-05 2.662208e-05 -1.258882e-04
11718.120543 8.711379e-01 9.816831e-03 2.454950e-03 6.453156e-01 -5.237036e-05 -4.197470e-05 2.970698e-05 -1.295619e-04
11720.065207 8.725486e-01 9.898894e-03 2.446257e-03 6.467648e-01 -5.027202e-05 -4.035957e-05 2.564237e-05 -1.382351e-04
11722.022064 8.717664e-01 9.883194e-03 2.445667e-03 6.442896e-01 -5.330626e-05 -3.528644e-05 2.910588e-05 -1.421868e-04
11723.991112 8.699107e-01 9.886446e-03 2.422996e-03 6.452487e-01 -4.861924e-05 -3.594014e-05 3.387011e-05 -1.443103e-04
11725.972352 8.689161e-01 9.897880e-03 2.394920e-03 6.446787e-01 -5.364364e-05 -3.289562e-05 3.641934e-05 -1.430114e-04
11727.965784 8.708144e-01 9.956115e-03 2.429424e-03 6.456606e-01 -5.975005e-05 -4.431263e-05 2.436052e-05 -1.585337e-04
11729.971407 8.691926e-01 9.957941e-03 2.454321e-03 6.431521e-01 -5.215172e-05 -4.359151e-05 3.269961e-05 -1.585447e-04
11731.989223 8.654006e-01 9.956440e-03 2.426276e-03 6.403891e-01 -5.078656e-05 -4.140757e-05 2.929164e-05 -1.615666e-04
11734.019231 8.660430e-01 9.988629e-03 2.403984e-03 6.429330e-01 -5.652247e-05 -4.397175e-05 8.387814e-06 -1.602942e-04
11736.061430 8.676699e-01 1.001937e-02 2.424273e-03 6.440623e-01 -5.362177e-05 -4.034157e-05 2.604315e-05 -1.528432e-04
11738.115822 8.672062e-01 1.001759e-02 2.441325e-03 6.430385e-01 -5.395021e-05 -4.265009e-05 3.310026e-05 -1.551197e-04
11740.182405 8.682988e-01 1.007556e-02 2.451699e-03 6.453176e-01 -5.793135e-05 -4.669694e-05 3.431915e-05 -1.438741e-04
11742.261180 8.674694e-01 1.007576e-02 2.455316e-03 6.459197e-01 -5.910467e-05 -4.543425e-05 3.458440e-05 -1.366239e-04
11744.352148 8.657278e-01 1.007101e-02 2.437610e-03 6.438052e-01 -5.955019e-05 -3.744790e-05 3.549184e-05 -1.444811e-04
11746.455307 8.632761e-01 1.005521e-02 2.426877e-03 6.430734e-01 -6.910277e-05 -3.687040e-05 3.174134e-05 -1.361520e-04
11748.570658 8.662568e-01 1.012293e-02 2.393177e-03 6.460497e-01 -7.160602e-05 -3.731828e-05 4.355249e-05 -1.319619e-04
11750.698201 8.656110e-01 1.013646e-02 2.443589e-03 6.459532e-01 -6.477737e-05 -4.360539e-05 3.288883e-05 -1.203264e-04
11752.837935 8.652049e-01 1.017218e-02 2.416124e-03 6.463250e-01 -5.604779e-05 -4.528605e-05 2.117893e-05 -1.254285e-04
11754.989862 8.636196e-01 1.018125e-02 2.445586e-03 6.451663e-01 -5.747554e-05 -5.486918e-05 3.276436e-05 -1.254185e-04
11757.153981 8.647644e-01 1.022258e-02 2.448999e-03 6.452960e-01 -6.053647e-05 -5.790148e-05 4.163799e-05 -1.260670e-04
11759.330291 8.632420e-01 1.020495e-02 2.477136e-03 6.445773e-01 -6.702750e-05 -5.227079e-05 4.749290e-05 -1.219323e-04
11761.518794 8.628786e-01 1.023247e-02 2.500812e-03 6.452627e-01 -7.226817e-05 -4.548578e-05 4.587520e-05 -1.198940e-04
11763.719488 8.628360e-01 1.026776e-02 2.539913e-03 6.457846e-01 -6.467568e-05 -4.831228e-05 3.768840e-05 -1.220915e-04
11765.932374 8.628230e-01 1.028272e-02 2.586341e-03 6.469970e-01 -6.321581e-05 -4.473343e-05 3.626596e-05 -1.286633e-04
11768.157453 8.612772e-01 1.028751e-02 2.600280e-03 6.474267e-01 -5.947364e-05 -4.888484e-05 3.876632e-05 -1.236920e-04
11770.394723 8.551759e-01 1.022914e-02 2.638001e-03 6.424376e-01 -5.578663e-05 -4.628899e-05 2.183518e-05 -1.365098e-04
11772.644185 8.511744e-01 1.018737e-02 2.630157e-03 6.390787e-01 -4.772011e-05 -4.763399e-05 3.136261e-05 -1.261625e-04
11774.905838 8.583349e-01 1.031480e-02 2.628853e-03 6.439758e-01 -5.347521e-05 -5.048395e-05 3.258344e-05 -1.149469e-04
11777.179684 8.587883e-01 1.034080e-02 2.695611e-03 6.455277e-01 -4.931628e-05 -4.781086e-05 3.498005e-05 -1.255913e-04
11779.465722 8.581741e-01 1.036340e-02 2.697182e-03 6.440754e-01 -4.721594e-05 -3.958937e-05 2.260158e-05 -1.233543e-04
11781.763952 8.591919e-01 1.041584e-02 2.699304e-03 6.445906e-01 -5.727307e-05 -3.899279e-05 2.862860e-05 -1.206467e-04
11784.074373 8.592883e-01 1.044717e-02 2.715860e-03 6.448038e-01 -5.768254e-05 -4.393388e-05 4.647179e-05 -1.060867e-04
11786.396987 8.578793e-01 1.043470e-02 2.716973e-03 6.446486e-01 -6.190358e-05 -4.449336e-05 4.215840e-05 -1.198560e-04
11788.731792 8.579647e-01 1.045354e-02 2.733837e-03 6.453729e-01 -6.475653e-05 -5.273849e-05 5.186888e-05 -1.165812e-04
11791.078789 8.577708e-01 1.049465e-02 2.743716e-03 6.454104e-01 -5.201549e-05 -5.368254e-05 4.096057e-05 -1.197352e-04
11793.437978 8.560400e-01 1.051613e-02 2.757311e-03 6.459557e-01 -5.347163e-05 -4.925280e-05 4.390538e-05 -1.275883e-04
11795.809359 8.548046e-01 1.050974e-02 2.703910e-03 6.444053e-01 -5.880030e-05 -5.432365e-05 4.311866e-05 -1.315271e-04
11798.192932 8.561549e-01 1.057438e-02 2.729894e-03 6.445021e-01 -5.810243e-05 -5.639474e-05 3.671904e-05 -1.292916e-04
11800.588697 8.557250e-01 1.059815e-02 2.722448e-03 6.453883e-01 -5.477428e-05 -5.683061e-05 2.789865e-05 -1.371433e-04
11802.996654 8.542802e-01 1.059014e-02 2.699944e-03 6.434176e-01 -5.806675e-05 -5.410243e-05 4.228474e-05 -1.311309e-04
11805.416803 8.522151e-01 1.060169e-02 2.664868e-03 6.423384e-01 -5.641950e-05 -5.076130e-05 4.721275e-05 -1.162544e-04
11807.849143 8.534865e-01 1.065099e-02 2.687052e-03 6.431421e-01 -5.821831e-05 -5.325843e-05 3.539368e-05 -1.194714e-04
11810.293676 8.540026e-01 1.068036e-02 2.697389e-03 6.432575e-01 -5.077906e-05 -5.326151e-05 3.171311e-05 -1.292031e-04
11812.750400 8.521366e-01 1.068520e-02 2.649201e-03 6.420699e-01 -5.777841e-05 -4.189185e-05 2.474773e-05 -1.297629e-04
11815.219317 8.517441e-01 1.071108e-02 2.687172e-03 6.434423e-01 -5.687313e-05 -5.607730e-05 2.892040e-05 -1.217797e-04
11817.700425 8.524109e-01 1.075655e-02 2.689760e-03 6.434871e-01 -4.915075e-05 -5.165702e-05 3.326599e-05 -1.210608e-04
11820.193725 8.514590e-01 1.077976e-02 2.690078e-03 6.432157e-01 -4.911086e-05 -4.653594e-05 2.399603e-05 -1.205437e-04
11822.699217 8.492253e-01 1.078464e-02 2.733404e-03 6.426486e-01 -5.196678e-05 -4.394344e-05 4.026720e-05 -1.185916e-04
11825.216901 8.477484e-01 1.079785e-02 2.714712e-03 6.400635e-01 -5.513555e-05 -4.543411e-05 3.176506e-05 -1.169333e-04
11827.746777 8.493842e-01 1.085929e-02 2.788635e-03 6.409953e-01 -5.674454e-05 -4.993409e-05 3.568020e-05 -1.213136e-04
11830.288845 8.502161e-01 1.090077e-02 2.790187e-03 6.410830e-01 -6.381023e-05 -6.000458e-05 4.531394e-05 -1.248859e-04
11832.843105 8.474779e-01 1.088527e-02 2.845683e-03 6.400958e-01 -6.465832e-05 -5.416833e-05 5.613878e-05 -1.138465e-04
11835.409556 8.471757e-01 1.092793e-02 2.862373e-03 6.405527e-01 -5.430489e-05 -5.297833e-05 5.351050e-05 -1.186065e-04
11837.988200 8.462642e-01 1.093699e-02 2.893692e-03 6.391219e-01 -5.194088e-05 -6.310156e-05 4.335218e-05 -1.205792e-04
11840.579035 8.468071e-01 1.098364e-02 2.922953e-03 6.393357e-01 -5.451986e-05 -4.656750e-05 3.864559e-05 -1.147718e-04
11843.182062 8.445391e-01 1.094963e-02 2.972456e-03 6.385373e-01 -5.472062e-05 -4.007193e-05 3.234407e-05 -1.136439e-04
11845.797282 8.433683e-01 1.099328e-02 2.954242e-03 6.385095e-01 -4.951359e-05 -3.914106e-05 2.643349e-05 -1.204988e-04
11848.424693 8.431636e-01 1.101910e-02 2.982122e-03 6.378958e-01 -5.456369e-05 -3.789328e-05 3.208660e-05 -1.277560e-04
11851.064296 8.427936e-01 1.104672e-02 2.961696e-03 6.364689e-01 -5.327137e-05 -3.712783e-05 5.334578e-05 -1.103523e-04
11853.716091 8.431437e-01 1.107351e-02 2.953218e-03 6.378603e-01 -4.641569e-05 -3.447374e-05 5.334544e-05 -1.144756e-04
11856.380078 8.438431e-01 1.111637e-02 2.944975e-03 6.382551e-01 -4.356770e-05 -3.614632e-05 4.530919e-05 -1.171720e-04
11859.056256 8.425467e-01 1.114214e-02 2.970075e-03 6.374643e-01 -3.923401e-05 -3.050147e-05 4.920373e-05 -1.147102e-04
11861.744627 8.377984e-01 1.110070e-02 2.941891e-03 6.345504e-01 -4.376875e-05 -2.698052e-05 4.087265e-05 -1.197731e-04
11864.445190 8.371008e-01 1.113220e-02 2.988260e-03 6.342891e-01 -4.051004e-05 -2.566434e-05 4.619783e-05 -1.092271e-04
11867.157944 8.402328e-01 1.120585e-02 3.067130e-03 6.373049e-01 -4.696039e-05 -3.111139e-05 4.885252e-05 -1.073085e-04
11869.882891 8.386581e-01 1.121458e-02 3.027431e-03 6.343154e-01 -5.208821e-05 -3.224794e-05 5.260564e-05 -1.033778e-04
11872.620029 8.356394e-01 1.119595e-02 3.000588e-03 6.350545e-01 -4.771310e-05 -2.731470e-05 4.940162e-05 -1.103550e-04
11875.369359 8.388789e-01 1.128590e-02 3.050282e-03 6.380189e-01 -4.578720e-05 -3.439852e-05 3.883306e-05 -1.129547e-04
11878.130881 8.384567e-01 1.132649e-02 3.085439e-03 6.388108e-01 -4.152242e-05 -3.718108e-05 4.808873e-05 -1.070350e-04
11880.904595 8.298247e-01 1.123489e-02 3.000265e-03 6.319303e-01 -3.400995e-05 -4.107055e-05 4.148412e-05 -1.171270e-04
11883.690501 8.294213e-01 1.124714e-02 3.005748e-03 6.315066e-01 -3.610617e-05 -4.071207e-05 4.397106e-05 -1.202418e-04
11886.488599 8.363987e-01 1.139467e-02 3.075763e-03 6.376819e-01 -4.022168e-05 -4.307072e-05 3.549099e-05 -1.180143e-04
11889.298889 8.366310e-01 1.141412e-02 3.031010e-03 6.371690e-01 -4.148897e-05 -5.169651e-05 3.812343e-05 -1.295835e-04
11892.121371 8.352188e-01 1.143306e-02 2.996874e-03 6.366883e-01 -4.292599e-05 -4.793226e-05 2.994362e-05 -1.227320e-04
11894.956044 8.355000e-01 1.148825e-02 3.014675e-03 6.368337e-01 -4.662272e-05 -4.873185e-05 2.692126e-05 -1.119127e-04
11897.802910 8.335536e-01 1.147837e-02 3.053197e-03 6.357044e-01 -4.501443e-05 -4.503837e-05 3.586257e-05 -1.181514e-04
11900.661967 8.334827e-01 1.152328e-02 3.075464e-03 6.366510e-01 -3.781297e-05 -4.278206e-05 3.961156e-05 -1.257533e-04
11903.533217 8.332113e-01 1.155940e-02 3.057484e-03 6.370798e-01 -4.022523e-05 -3.835259e-05 5.123934e-05 -1.180487e-04
11906.416658 8.336274e-01 1.160434e-02 3.094832e-03 6.370691e-01 -3.901007e-05 -4.367527e-05 4.920117e-05 -1.155461e-04
11909.312291 8.323978e-01 1.162157e-02 3.143813e-03 6.357706e-01 -4.760031e-05 -3.877226e-05 5.188528e-05 -1.175329e-04
11912.220116 8.307761e-01 1.162542e-02 3.199501e-03 6.342681e-01 -3.443532e-05 -4.307521e-05 5.069187e-05 -1.208933e-04
11915.140133 8.312874e-01 1.168932e-02 3.223852e-03 6.363005e-01 -3.682612e-05 -5.193857e-05 4.638421e-05 -1.274995e-04
11918.072342 8.308533e-01 1.171511e-02 3.254162e-03 6.370191e-01 -4.355659e-05 -5.387806e-05 3.577238e-05 -1.257396e-04
11921.016743 8.287154e-01 1.170396e-02 3.305661e-03 6.338554e-01 -4.406655e-05 -5.646261e-05 2.716055e-05 -1.254251e-04
11923.973335 8.288160e-01 1.174240e-02 3.287219e-03 6.357710e-01 -3.519948e-05 -6.222968e-05 4.456202e-05 -1.253791e-04
11926.942120 8.291589e-01 1.179022e-02 3.308638e-03 6.354277e-01 -3.146156e-05 -6.729236e-05 3.399713e-05 -1.268293e-04
11929.923096 8.283765e-01 1.183280e-02 3.324255e-03 6.351895e-01 -4.304072e-05 -6.494274e-05 2.669746e-05 -1.253876e-04
11932.916265 8.266587e-01 1.184187e-02 3.330319e-03 6.338252e-01 -4.545834e-05 -4.765938e-05 2.981685e-05 -1.213332e-04
11935.921625 8.179127e-01 1.173671e-02 3.263871e-03 6.280999e-01 -4.932184e-05 -3.446955e-05 2.750774e-05 -1.309753e-04
11938.939177 8.200886e-01 1.179823e-02 3.318226e-03 6.291087e-01 -4.855121e-05 -4.188234e-05 3.201396e-05 -1.313616e-04
11941.968921 8.250266e-01 1.192449e-02 3.336208e-03 6.332872e-01 -4.541404e-05 -3.865734e-05 3.064144e-05 -1.295719e-04
11945.010858 8.245397e-01 1.196058e-02 3.375017e-03 6.326901e-01 -4.938428e-05 -3.755160e-05 3.494771e-05 -1.350415e-04
11948.064985 8.234695e-01 1.197276e-02 3.346067e-03 6.328258e-01 -5.380923e-05 -3.586603e-05 4.418840e-05 -1.252116e-04
11951.131305 8.231584e-01 1.201343e-02 3.397984e-03 6.323457e-01 -4.797414e-05 -2.949167e-05 3.334190e-05 -1.253645e-04
11954.209817 8.224210e-01 1.204947e-02 3.400852e-03 6.319773e-01 -4.391103e-05 -3.596931e-05 2.866665e-05 -1.171832e-04
11957.300521 8.227561e-01 1.209664e-02 3.407232e-03 6.322325e-01 -4.743155e-05 -3.945766e-05 2.318866e-05 -1.219487e-04
11960.403416 8.213602e-01 1.212507e-02 3.444452e-03 6.329864e-01 -5.281806e-05 -4.662174e-05 2.399323e-05 -1.175369e-04
11963.518504 8.197497e-01 1.212632e-02 3.459095e-03 6.304513e-01 -5.645972e-05 -4.477856e-05 2.670636e-05 -1.200916e-04
11966.645783 8.205739e-01 1.218532e-02 3.448803e-03 6.313772e-01 -4.718537e-05 -4.914609e-05 2.989814e-05 -1.250808e-04
11969.785255 8.190678e-01 1.220843e-02 3.438055e-03 6.311583e-01 -4.786860e-05 -5.412388e-05 3.185478e-05 -1.149253e-04
11972.936918 8.192721e-01 1.224838e-02 3.459143e-03 6.318228e-01 -5.272978e-05 -4.586651e-05 2.533125e-05 -1.203529e-04
11976.100773 8.186169e-01 1.226244e-02 3.478382e-03 6.312185e-01 -4.948249e-05 -4.451642e-05 2.257299e-05 -1.196444e-04
11979.276820 8.175413e-01 1.229409e-02 3.494036e-03 6.308057e-01 -4.423106e-05 -3.962637e-05 2.527292e-05 -1.276446e-04
11982.465059 8.169615e-01 1.233496e-02 3.482422e-03 6.300258e-01 -4.861467e-05 -3.836855e-05 2.320968e-05 -1.396345e-04
11985.665490 8.160338e-01 1.237267e-02 3.489733e-03 6.298380e-01 -4.324567e-05 -4.354350e-05 3.737200e-05 -1.343325e-04
11988.878112 8.155644e-01 1.238692e-02 3.487164e-03 6.301672e-01 -4.753837e-05 -4.004570e-05 2.944515e-05 -1.207218e-04
11992.102927 8.149931e-01 1.243291e-02 3.480516e-03 6.290511e-01 -4.695211e-05 -3.673604e-05 2.710547e-05 -1.165616e-04
11995.339934 8.139848e-01 1.246503e-02 3.531326e-03 6.283820e-01 -4.708731e-05 -4.254380e-05 3.120081e-05 -1.182155e-04
11998.589132 8.137518e-01 1.252238e-02 3.545793e-03 6.287634e-01 -4.739559e-05 -4.965381e-05 2.936371e-05 -1.263568e-04
12001.850523 8.133733e-01 1.256003e-02 3.599756e-03 6.310586e-01 -4.468328e-05 -5.216590e-05 2.532351e-05 -1.284446e-04
12005.124105 8.130843e-01 1.260000e-02 3.624613e-03 6.296105e-01 -4.580451e-05 -5.153443e-05 1.281361e-05 -1.249363e-04
12008.409879 8.123523e-01 1.262492e-02 3.651221e-03 6.279811e-01 -3.944593e-05 -4.986059e-05 1.198309e-05 -1.216357e-04
12011.707845 8.110374e-01 1.265687e-02 3.688775e-03 6.292013e-01 -3.903863e-05 -4.370713e-05 1.912244e-05 -1.272332e-04
12015.018003 8.098003e-01 1.266122e-02 3.713881e-03 6.279844e-01 -4.008322e-05 -3.986938e-05 2.600564e-05 -1.238690e-04
12018.340353 8.105072e-01 1.272129e-02 3.763187e-03 6.283264e-01 -4.290485e-05 -3.554980e-05 3.651080e-05 -1.265942e-04
12021.674895 8.094047e-01 1.276038e-02 3.762838e-03 6.284425e-01 -4.853621e-05 -3.372243e-05 4.250673e-05 -1.268137e-04
12025.021629 8.079071e-01 1.280143e-02 3.812525e-03 6.265661e-01 -4.513238e-05 -3.447866e-05 3.406305e-05 -1.318364e-04
12028.380554 8.082393e-01 1.284668e-02 3.870749e-03 6.279285e-01 -4.330389e-05 -3.880124e-05 3.258623e-05 -1.372511e-04
12031.751672 8.070285e-01 1.285407e-02 3.851333e-03 6.269433e-01 -4.404400e-05 -3.202343e-05 3.081641e-05 -1.308760e-04
12035.134982 8.056219e-01 1.288941e-02 3.879217e-03 6.266436e-01 -5.423342e-05 -3.508494e-05 3.608659e-05 -1.242531e-04
12038.530483 8.060719e-01 1.296816e-02 3.862303e-03 6.265502e-01 -5.110660e-05 -3.908770e-05 3.153305e-05 -1.219073e-04
12041.938176 8.043238e-01 1.295587e-02 3.853709e-03 6.256120e-01 -5.233406e-05 -3.917441e-05 2.415305e-05 -1.218841e-04
12045.358061 7.965694e-01 1.288472e-02 3.859859e-03 6.203333e-01 -5.293976e-05 -3.403345e-05 1.777374e-05 -1.305012e-04
12048.790139 7.934027e-01 1.287886e-02 3.857686e-03 6.180078e-01 -5.019147e-05 -4.341997e-05 2.250733e-05 -1.259895e-04
12052.234408 8.020351e-01 1.305235e-02 3.933355e-03 6.246780e-01 -4.688860e-05 -4.888655e-05 2.675250e-05 -1.186498e-04
12055.690868 8.016717e-01 1.310393e-02 3.918088e-03 6.254378e-01 -5.049785e-05 -4.578310e-05 2.717363e-05 -1.179364e-04
12059.159521 8.011684e-01 1.314853e-02 3.926153e-03 6.246376e-01 -5.083462e-05 -4.713224e-05 1.018962e-05 -1.311968e-04
12062.640366 8.000686e-01 1.317898e-02 3.955034e-03 6.231041e-01 -4.532969e-05 -4.524084e-05 2.092459e-05 -1.265144e-04
12066.133403 8.000473e-01 1.321831e-02 3.909658e-03 6.228564e-01 -4.301045e-05 -3.881431e-05 2.148643e-05 -1.350589e-04
12069.638631 7.994733e-01 1.327444e-02 3.944708e-03 6.236303e-01 -4.312297e-05 -4.114157e-05 2.256076e-05 -1.273372e-04
12073.156052 7.973501e-01 1.326850e-02 3.942761e-03 6.217662e-01 -5.019542e-05 -4.077105e-05 1.511673e-05 -1.273774e-04
12076.685664 7.984940e-01 1.333214e-02 3.985147e-03 6.235026e-01 -5.674185e-05 -3.494770e-05 1.088748e-05 -1.226952e-04
12080.227468 7.972197e-01 1.335338e-02 4.003453e-03 6.221413e-01 -5.054554e-05 -2.995513e-05 2.726795e-05 -1.301237e-04
12083.781465 7.942229e-01 1.336889e-02 4.016074e-03 6.210009e-01 -5.301623e-05 -1.793268e-05 3.012481e-05 -1.446487e-04
12087.347653 7.943403e-01 1.342372e-02 4.044944e-03 6.208684e-01 -6.087467e-05 -2.446545e-05 3.619727e-05 -1.410456e-04
12090.926033 7.948565e-01 1.349174e-02 4.080381e-03 6.223665e-01 -5.530166e-05 -3.328499e-05 2.924125e-05 -1.479477e-04
12094.516605 7.950040e-01 1.352618e-02 4.151740e-03 6.224395e-01 -4.914360e-05 -2.579726e-05 4.238742e-05 -1.482968e-04
12098.119369 7.941755e-01 1.358357e-02 4.194117e-03 6.212503e-01 -5.438356e-05 -2.307682e-05 4.760313e-05 -1.475183e-04
12101.734324 7.923825e-01 1.358693e-02 4.172521e-03 6.192165e-01 -5.740960e-05 -2.213354e-05 3.888918e-05 -1.388472e-04
12105.361472 7.930790e-01 1.366736e-02 4.249213e-03 6.222512e-01 -5.787246e-05 -3.066836e-05 4.196972e-05 -1.395502e-04
12109.000811 7.916717e-01 1.370375e-02 4.263292e-03 6.205417e-01 -6.655904e-05 -2.446111e-05 3.144058e-05 -1.422268e-04
12112.652343 7.909509e-01 1.373064e-02 4.313300e-03 6.198824e-01 -7.017675e-05 -2.678815e-05 2.528126e-05 -1.420171e-04
12116.316066 7.905983e-01 1.378337e-02 4.331951e-03 6.204768e-01 -6.511379e-05 -3.405330e-05 2.135207e-05 -1.334190e-04
12119.991982 7.902334e-01 1.383367e-02 4.394895e-03 6.212962e-01 -5.770922e-05 -2.944667e-05 2.899567e-05 -1.285435e-04
12123.680089 7.888169e-01 1.384579e-02 4.398710e-03 6.194867e-01 -4.706315e-05 -3.573284e-05 2.433469e-05 -1.300954e-04
12127.380388 7.886015e-01 1.388985e-02 4.408420e-03 6.195570e-01 -6.106221e-05 -2.361962e-05 3.098797e-05 -1.263512e-04
12131.092879 7.856595e-01 1.390456e-02 4.431246e-03 6.190111e-01 -6.734490e-05 -2.994975e-05 2.188091e-05 -1.398342e-04
12134.817562 7.865186e-01 1.397469e-02 4.505608e-03 6.185224e-01 -6.206468e-05 -2.991413e-05 1.828839e-05 -1.505043e-04
12138.554437 7.854447e-01 1.400910e-02 4.509824e-03 6.178613e-01 -5.365949e-05 -2.972644e-05 1.535888e-05 -1.380151e-04
12142.303503 7.848850e-01 1.405889e-02 4.531800e-03 6.172190e-01 -5.870260e-05 -3.842102e-05 2.988693e-05 -1.375704e-04
12146.064762 7.847197e-01 1.412584e-02 4.539948e-03 6.176102e-01 -6.431713e-05 -3.086199e-05 2.693025e-05 -1.340160e-04
12149.838213 7.830458e-01 1.412901e-02 4.551198e-03 6.175263e-01 -6.785978e-05 -3.016327e-05 2.008478e-05 -1.328546e-04
12153.623855 7.823543e-01 1.416453e-02 4.563607e-03 6.166841e-01 -6.424967e-05 -3.118390e-05 1.935228e-05 -1.404323e-04
12157.421689 7.829065e-01 1.423231e-02 4.603813e-03 6.174518e-01 -5.597628e-05 -3.314365e-05 5.370709e-06 -1.407610e-04
12161.231716 7.804201e-01 1.425641e-02 4.611245e-03 6.169951e-01 -5.461069e-05 -3.659580e-05 1.260562e-06 -1.325123e-04
12165.053934 7.802985e-01 1.430373e-02 4.625565e-03 6.158518e-01 -6.121034e-05 -3.940128e-05 1.624469e-05 -1.338771e-04
12168.888344 7.802477e-01 1.434645e-02 4.618588e-03 6.166828e-01 -5.451662e-05 -4.278811e-05 6.373579e-06 -1.473474e-04
12172.734946 7.794782e-01 1.439987e-02 4.627888e-03 6.153924e-01 -4.970642e-05 -4.649595e-05 -2.233393e-06 -1.405898e-04
12176.593740 7.787062e-01 1.444798e-02 4.676465e-03 6.152751e-01 -4.117041e-05 -5.248710e-05 1.038391e-06 -1.329157e-04
12180.464726 7.764844e-01 1.445548e-02 4.654578e-03 6.150203e-01 -4.476984e-05 -4.909556e-05 1.409384e-05 -1.239331e-04
12184.347903 7.766544e-01 1.453255e-02 4.695615e-03 6.140410e-01 -5.112037e-05 -3.886877e-05 2.214301e-05 -1.289511e-04
12188.243273 7.745718e-01 1.454391e-02 4.716040e-03 6.143133e-01 -5.403961e-05 -4.463977e-05 1.503102e-05 -1.328531e-04
12192.150835 7.754023e-01 1.461048e-02 4.745172e-03 6.151376e-01 -5.524917e-05 -4.022529e-05 1.059602e-05 -1.305656e-04
12196.070588 7.737112e-01 1.463652e-02 4.778213e-03 6.132767e-01 -5.036744e-05 -4.394157e-05 1.122097e-05 -1.355454e-04
12200.002533 7.717544e-01 1.466938e-02 4.804376e-03 6.118373e-01 -6.357921e-05 -4.909804e-05 1.666584e-05 -1.265709e-04
12203.946671 7.717887e-01 1.475274e-02 4.823744e-03 6.122145e-01 -6.096696e-05 -5.249067e-05 1.834859e-05 -1.337419e-04
12207.903000 7.702246e-01 1.477015e-02 4.874457e-03 6.111744e-01 -5.500011e-05 -4.676231e-05 1.484231e-05 -1.296391e-04
12211.871521 7.700148e-01 1.481963e-02 4.904628e-03 6.113769e-01 -5.714496e-05 -5.233470e-05 2.110489e-05 -1.227753e-04
12215.852234 7.700017e-01 1.487271e-02 4.945074e-03 6.119977e-01 -6.435652e-05 -4.660316e-05 2.249822e-05 -1.281212e-04
12219.845139 7.688576e-01 1.490568e-02 4.969345e-03 6.105674e-01 -6.535721e-05 -5.007180e-05 1.836385e-05 -1.321812e-04
12223.850236 7.679428e-01 1.494177e-02 5.024009e-03 6.101829e-01 -6.815750e-05 -4.598922e-05 2.534689e-05 -1.296232e-04
12227.867524 7.580634e-01 1.480637e-02 4.983961e-03 6.012980e-01 -6.868500e-05 -5.000642e-05 1.601640e-05 -1.332501e-04
12231.897005 7.500162e-01 1.470005e-02 4.965998e-03 5.969655e-01 -6.042496e-05 -4.998457e-05 1.579970e-05 -1.220390e-04
12235.938678 7.640781e-01 1.504867e-02 5.096574e-03 6.090990e-01 -6.003706e-05 -4.902758e-05 5.181926e-06 -1.334818e-04
12239.992542 7.652372e-01 1.513421e-02 5.181034e-03 6.103132e-01 -5.805020e-05 -6.306395e-05 4.852926e-06 -1.339035e-04
12244.058598 7.641812e-01 1.517796e-02 5.192894e-03 6.085891e-01 -6.625311e-05 -5.881179e-05 9.902459e-06 -1.332052e-04
12248.136847 7.637997e-01 1.523632e-02 5.230403e-03 6.088973e-01 -6.125027e-05 -5.302805e-05 1.773835e-05 -1.405482e-04
12252.227287 7.602153e-01 1.520349e-02 5.267227e-03 6.063861e-01 -6.904266e-05 -5.925761e-05 1.403275e-05 -1.411935e-04
12256.329919 7.609033e-01 1.528475e-02 5.313823e-03 6.078267e-01 -7.157627e-05 -6.193760e-05 1.631178e-05 -1.378208e-04
12260.444743 7.615402e-01 1.536616e-02 5.337970e-03 6.083969e-01 -7.525423e-05 -6.156631e-05 2.069788e-05 -1.349991e-04
12264.571759 7.598982e-01 1.538871e-02 5.393808e-03 6.070043e-01 -6.885549e-05 -5.864928e-05 2.317875e-05 -1.376863e-04
12268.710967 7.598487e-01 1.546270e-02 5.401274e-03 6.080603e-01 -6.661557e-05 -6.264821e-05 1.949270e-05 -1.462423e-04
12272.862366 7.591180e-01 1.553012e-02 5.406287e-03 6.080297e-01 -7.141990e-05 -5.300258e-05 2.458865e-05 -1.417770e-04
12277.025958 7.580255e-01 1.557150e-02 5.396863e-03 6.070160e-01 -7.637235e-05 -4.743920e-05 3.678425e-05 -1.270570e-04
12281.201742 7.573942e-01 1.561064e-02 5.436815e-03 6.066139e-01 -6.392607e-05 -4.564648e-05 3.091081e-05 -1.345383e-04
12285.389717 7.562900e-01 1.565793e-02 5.473269e-03 6.060401e-01 -6.797996e-05 -5.879922e-05 3.080806e-05 -1.376787e-04
12289.589884 7.556483e-01 1.570732e-02 5.463177e-03 6.063247e-01 -6.802611e-05 -5.701431e-05 2.816884e-05 -1.335552e-04
12293.802244 7.550850e-01 1.577017e-02 5.510779e-03 6.053110e-01 -6.731647e-05 -4.202222e-05 3.604434e-05 -1.376960e-04
12298.026795 7.531704e-01 1.581518e-02 5.507934e-03 6.048381e-01 -5.980152e-05 -4.239733e-05 4.351209e-05 -1.367457e-04
12302.263538 7.524843e-01 1.586017e-02 5.566140e-03 6.046772e-01 -5.129078e-05 -4.664157e-05 2.781561e-05 -1.475447e-04
12306.512473 7.526085e-01 1.592566e-02 5.538255e-03 6.044630e-01 -5.690560e-05 -3.657672e-05 3.858712e-05 -1.421997e-04
12310.773600 7.511375e-01 1.596251e-02 5.588325e-03 6.035262e-01 -5.487405e-05 -3.104874e-05 2.977454e-05 -1.346058e-04
12315.046919 7.510126e-01 1.601028e-02 5.633880e-03 6.030708e-01 -5.396487e-05 -2.988710e-05 2.239425e-05 -1.317997e-04
12319.332429 7.490488e-01 1.603213e-02 5.653324e-03 6.033042e-01 -6.195282e-05 -3.709676e-05 3.173174e-05 -1.343160e-04
12323.630132 7.327876e-01 1.576252e-02 5.616021e-03 5.915816e-01 -5.964922e-05 -5.273418e-05 4.047650e-05 -1.259536e-04
12327.940026 7.408619e-01 1.597984e-02 5.701524e-03 5.976628e-01 -5.158237e-05 -5.284833e-05 4.171977e-05 -1.264996e-04
12332.262113 7.468544e-01 1.618792e-02 5.803855e-03 6.028906e-01 -5.349083e-05 -5.264038e-05 3.870503e-05 -1.269564e-04
12336.596391 7.465203e-01 1.626132e-02 5.882146e-03 6.023688e-01 -4.526810e-05 -5.420476e-05 2.889756e-05 -1.303184e-04
12340.942861 7.461961e-01 1.632363e-02 5.917627e-03 6.011845e-01 -5.355641e-05 -4.346930e-05 3.789626e-05 -1.201219e-04
12345.301524 7.439570e-01 1.633208e-02 5.939601e-03 5.998609e-01 -5.500932e-05 -3.231067e-05 3.590618e-05 -1.204386e-04
12349.672378 7.435556e-01 1.638750e-02 5.959198e-03 6.002723e-01 -5.078662e-05 -4.271013e-05 2.961682e-05 -1.129946e-04
12354.055424 7.432691e-01 1.646304e-02 6.004770e-03 6.001559e-01 -5.154061e-05 -5.143560e-05 2.721126e-05 -1.187046e-04
12358.450662 7.426921e-01 1.651372e-02 6.070289e-03 6.005282e-01 -5.549287e-05 -5.134953e-05 2.809268e-05 -1.212290e-04
12362.858091 7.416270e-01 1.656863e-02 6.122250e-03 5.994025e-01 -6.093632e-05 -5.485067e-05 2.688420e-05 -1.230379e-04
12367.277713 7.410217e-01 1.661794e-02 6.141133e-03 5.990186e-01 -6.271034e-05 -4.620344e-05 3.747155e-05 -1.292442e-04
12371.709527 7.375322e-01 1.661326e-02 6.149854e-03 5.979591e-01 -5.720701e-05 -5.503315e-05 3.317268e-05 -1.393361e-04
12376.153532 7.332449e-01 1.659090e-02 6.168071e-03 5.941820e-01 -5.981959e-05 -5.329692e-05 2.096309e-05 -1.432260e-04
12380.609730 7.383522e-01 1.678663e-02 6.238513e-03 5.982519e-01 -6.099559e-05 -4.968691e-05 2.621125e-05 -1.303985e-04
12385.078119 7.388105e-01 1.685556e-02 6.316242e-03 5.987482e-01 -5.194412e-05 -5.168982e-05 2.615889e-05 -1.287571e-04
12389.558700 7.368356e-01 1.689165e-02 6.343272e-03 5.968073e-01 -4.482731e-05 -5.322375e-05 2.922666e-05 -1.264366e-04
12394.051473 7.366432e-01 1.695894e-02 6.380996e-03 5.980165e-01 -4.688328e-05 -5.247671e-05 2.803391e-05 -1.228385e-04
12398.556438 7.355881e-01 1.699631e-02 6.431158e-03 5.968097e-01 -5.556415e-05 -4.449535e-05 1.818150e-05 -1.199688e-04
12403.073595 7.346470e-01 1.704677e-02 6.438977e-03 5.964032e-01 -4.878196e-05 -4.316442e-05 1.447922e-05 -1.222379e-04
12407.602944 7.334557e-01 1.710579e-02 6.493627e-03 5.968681e-01 -4.444653e-05 -4.159639e-05 2.472258e-05 -1.291092e-04
12412.144485 7.329615e-01 1.716381e-02 6.542825e-03 5.964465e-01 -4.952385e-05 -4.106755e-05 2.789495e-05 -1.185670e-04
12416.698218 7.315296e-01 1.719786e-02 6.542653e-03 5.951651e-01 -4.632357e-05 -3.619634e-05 2.704491e-05 -1.144130e-04
12421.264142 7.311501e-01 1.727196e-02 6.617925e-03 5.954297e-01 -5.068175e-05 -3.838420e-05 2.051961e-05 -1.236597e-04
12425.842259 7.293161e-01 1.728903e-02 6.638535e-03 5.939830e-01 -5.396678e-05 -4.268421e-05 1.562934e-05 -1.194016e-04
12430.432567 7.276732e-01 1.732313e-02 6.645972e-03 5.929018e-01 -5.784740e-05 -3.660615e-05 2.074840e-05 -1.159399e-04
12435.035068 7.269792e-01 1.737597e-02 6.673363e-03 5.933634e-01 -5.900954e-05 -3.998156e-05 3.327966e-05 -1.215166e-04
12439.649760 7.267993e-01 1.745659e-02 6.698230e-03 5.931982e-01 -5.683878e-05 -4.496338e-05 3.546426e-05 -1.250814e-04
12444.276644 7.254813e-01 1.750133e-02 6.736170e-03 5.927282e-01 -4.993453e-05 -4.781278e-05 2.295729e-05 -1.194514e-04
12448.915720 7.247287e-01 1.755054e-02 6.762303e-03 5.922139e-01 -5.787916e-05 -4.697483e-05 1.748831e-05 -1.219452e-04
12453.566988 7.246095e-01 1.763653e-02 6.801281e-03 5.924035e-01 -5.401552e-05 -4.687937e-05 1.246282e-05 -1.136650e-04
12458.230448 7.236446e-01 1.768733e-02 6.867186e-03 5.911094e-01 -5.441189e-05 -4.684000e-05 9.223556e-06 -1.132510e-04
12462.906100 7.233085e-01 1.776251e-02 6.894007e-03 5.915887e-01 -5.635189e-05 -4.952147e-05 6.676547e-06 -1.151975e-04
12467.593943 7.236126e-01 1.786126e-02 6.967693e-03 5.931672e-01 -4.647962e-05 -3.883834e-05 -3.912034e-07 -1.216248e-04
12472.293979 7.232078e-01 1.794027e-02 7.043914e-03 5.921886e-01 -4.249249e-05 -4.450842e-05 1.117043e-05 -1.168207e-04
12477.006206 7.225765e-01 1.800879e-02 7.106830e-03 5.922125e-01 -4.140852e-05 -4.244843e-05 2.478117e-05 -1.296130e-04
12481.730626 7.223783e-01 1.808767e-02 7.183354e-03 5.923265e-01 -4.533718e-05 -3.646930e-05 2.700545e-05 -1.311920e-04
12486.467237 7.209518e-01 1.813156e-02 7.225292e-03 5.910091e-01 -4.120344e-05 -3.720563e-05 3.130192e-05 -1.404812e-04
12491.216040 7.198016e-01 1.818248e-02 7.259648e-03 5.908519e-01 -4.233428e-05 -4.363341e-05 2.610315e-05 -1.336529e-04
12495.977036 7.198923e-01 1.826426e-02 7.349892e-03 5.913904e-01 -5.185303e-05 -3.815938e-05 2.154363e-05 -1.266863e-04
12500.750223 7.192697e-01 1.833557e-02 7.426653e-03 5.910512e-01 -4.926684e-05 -3.302611e-05 1.528965e-05 -1.225235e-04
12505.535602 7.185977e-01 1.839204e-02 7.485667e-03 5.909999e-01 -6.661366e-05 -4.068943e-05 2.322398e-05 -1.275446e-04
12510.333172 7.175459e-01 1.844419e-02 7.522291e-03 5.901948e-01 -6.434827e-05 -3.732385e-05 2.002029e-05 -1.379920e-04
12515.142935 7.169112e-01 1.851376e-02 7.584468e-03 5.899556e-01 -5.956457e-05 -4.231472e-05 2.833516e-05 -1.326998e-04
12519.964890 7.160513e-01 1.857476e-02 7.623529e-03 5.898975e-01 -5.586756e-05 -3.316148e-05 3.455648e-05 -1.239786e-04
12524.799037 7.149774e-01 1.863562e-02 7.652240e-03 5.894044e-01 -5.676110e-05 -2.613251e-05 3.475680e-05 -1.539160e-04
12529.645375 6.555479e-01 1.716527e-02 7.053350e-03 5.407573e-01 -4.555142e-05 -3.060720e-05 2.788472e-05 -1.456242e-04
12534.503905 1.187589e-01 3.116843e-03 1.284328e-03 9.797374e-02 -7.783337e-06 -6.084416e-06 5.238887e-06 -2.345849e-05
