# Facility: NSLS-II
# Beamline: QAS
# Year: 2022
# Cycle: 2
# SAF: 309618
# PI: Wang
# Proposal: 309017
# Scan ID: 52264
# UID: f48cede0-fcc6-4228-abf7-37334907d887
# Comment: 
# Start time: 07/18/2022  11:49:19
# Stop time: 07/18/2022  11:49:51
# Total time: 00:32
# Trajectory name: Pt-L3-30s-11564.txt
# Element: Platinum ( 78)
# Edge: L3
# E0: 11564
# Reference Foil Element: Pt
# Keithley Gains I0: 1E7 V/A It: 1E6 V/A Iref: 1E7 V/A PIPS: 1E8 V/A 
# Ion Chamber Gas Flow Rates: I0: 0.00 sccm He + 99.70 sccm N2 + 0.00 sccm Ar 
# Ion Chamber Gas Flow Rates: It&Iref: 29.80 sccm N2 + 70.10 sccm Ar
# Incident Beam Path Vertical: -27.99 mm
# Incident Slits Positions B: TOP: 1.0 mm Bottom: -1.0 mm Inboard: -2.0 mm Outboard: 2.0 mm
# Sample Stage Positions: Rotation: 45.0 deg Horizontal: 14.07 mm Vertical: 35.31 mm Beam Direction: 0.00 mm
# PerkinElmer Vertical Position: 500.00 mm
# Front End Mirror Horizontal Positions: Up: -14.00 mm Down: -14.00 mm
#
# energy  i0  it  ir  iff  aux1  aux2  aux3  aux4
11377.444396 4.747591e-01 3.838443e-03 4.362387e-03 2.759249e-01 -3.022773e-05 -1.984224e-05 2.893642e-08 -8.013080e-05
11382.444396 9.388108e-01 7.608981e-03 8.657432e-03 5.459201e-01 -6.495480e-05 -4.296072e-05 2.469733e-06 -1.256804e-04
11387.444396 9.431039e-01 7.697408e-03 8.785358e-03 5.495341e-01 -6.674539e-05 -4.234513e-05 1.702569e-05 -1.255444e-04
11392.444396 9.389285e-01 7.716370e-03 8.825168e-03 5.469203e-01 -6.392078e-05 -3.845217e-05 2.299808e-05 -1.282156e-04
11397.444396 9.397597e-01 7.771942e-03 8.916467e-03 5.474448e-01 -6.256195e-05 -3.938193e-05 1.817789e-05 -1.347852e-04
11402.444396 9.364757e-01 7.800769e-03 8.973375e-03 5.460731e-01 -6.399196e-05 -4.179711e-05 1.654292e-05 -1.345132e-04
11407.444396 9.357129e-01 7.838363e-03 9.062901e-03 5.467175e-01 -6.118387e-05 -4.025666e-05 1.512587e-05 -1.195688e-04
11412.444396 9.343092e-01 7.881474e-03 9.082640e-03 5.461472e-01 -6.300294e-05 -3.600428e-05 1.687539e-05 -1.170109e-04
11417.444396 9.319094e-01 7.912554e-03 9.141999e-03 5.448206e-01 -6.009127e-05 -3.983070e-05 1.598061e-05 -1.175916e-04
11422.444396 9.170260e-01 7.839401e-03 9.073207e-03 5.373220e-01 -6.279657e-05 -4.647160e-05 2.058185e-05 -1.154147e-04
11427.444396 9.266872e-01 7.961895e-03 9.229861e-03 5.449555e-01 -6.776648e-05 -4.941031e-05 1.303458e-05 -1.179815e-04
11432.444396 9.285498e-01 8.020748e-03 9.335452e-03 5.454131e-01 -6.413115e-05 -5.419736e-05 1.043968e-05 -1.225490e-04
11437.444396 9.264298e-01 8.070582e-03 9.401901e-03 5.441672e-01 -7.015738e-05 -5.201713e-05 4.167020e-06 -1.307989e-04
11442.444396 9.235377e-01 8.081777e-03 9.439129e-03 5.432176e-01 -5.562738e-05 -5.134267e-05 4.587052e-06 -1.272169e-04
11447.444396 9.233411e-01 8.128134e-03 9.534108e-03 5.433904e-01 -5.006439e-05 -4.672835e-05 1.145469e-05 -1.246813e-04
11452.444396 9.207581e-01 8.151984e-03 9.605493e-03 5.424166e-01 -5.675796e-05 -5.167551e-05 7.643128e-06 -1.212508e-04
11457.444396 9.178539e-01 8.160322e-03 9.610884e-03 5.412226e-01 -6.205057e-05 -4.872404e-05 4.678732e-06 -1.215188e-04
11462.444396 9.154385e-01 8.196013e-03 9.662800e-03 5.398686e-01 -6.364082e-05 -4.780559e-05 1.329595e-05 -1.186237e-04
11467.444396 9.125510e-01 8.212633e-03 9.704577e-03 5.385158e-01 -6.473311e-05 -4.372153e-05 1.733035e-05 -1.156642e-04
11472.444396 9.118332e-01 8.259522e-03 9.781611e-03 5.390229e-01 -6.166245e-05 -4.413193e-05 3.310609e-06 -1.232540e-04
11477.444396 9.089328e-01 8.278857e-03 9.813862e-03 5.375585e-01 -5.899243e-05 -4.710938e-05 7.525834e-06 -1.271787e-04
11482.444396 9.087658e-01 8.343389e-03 9.918030e-03 5.377285e-01 -5.131767e-05 -4.672817e-05 6.351234e-06 -1.215748e-04
11487.444396 8.974579e-01 8.287750e-03 9.878326e-03 5.312788e-01 -6.120859e-05 -4.213356e-05 9.071811e-06 -1.094957e-04
11492.444396 8.975033e-01 8.307667e-03 9.922803e-03 5.320314e-01 -6.264757e-05 -4.312347e-05 1.563394e-05 -1.176738e-04
11497.444396 9.055245e-01 8.436116e-03 1.005857e-02 5.376995e-01 -6.259009e-05 -4.308882e-05 1.917457e-05 -1.627152e-04
11502.444396 9.051934e-01 8.507547e-03 1.016874e-02 5.388924e-01 -6.503386e-05 -4.174955e-05 5.067594e-06 -1.643656e-04
11507.444396 9.035533e-01 8.535735e-03 1.022920e-02 5.378199e-01 -6.181018e-05 -4.230785e-05 6.584649e-06 -1.395094e-04
11512.444396 9.015539e-01 8.548803e-03 1.023590e-02 5.364099e-01 -6.659735e-05 -4.929031e-05 7.546290e-06 -1.091302e-04
11517.444396 9.031152e-01 8.637991e-03 1.032302e-02 5.387264e-01 -7.216264e-05 -4.837484e-05 1.387770e-05 -1.184182e-04
11522.444396 9.024982e-01 8.694660e-03 1.039169e-02 5.393339e-01 -7.257767e-05 -5.524232e-05 8.918121e-06 -1.212119e-04
11527.444396 9.015160e-01 8.743277e-03 1.041836e-02 5.392997e-01 -6.835328e-05 -5.886724e-05 1.565602e-05 -1.213807e-04
11532.444396 9.011038e-01 8.797597e-03 1.042254e-02 5.402590e-01 -5.694031e-05 -6.800346e-05 2.350703e-05 -1.156457e-04
11534.000000 9.017869e-01 8.820001e-03 1.043130e-02 5.406886e-01 -5.555828e-05 -7.476701e-05 2.000426e-05 -1.193858e-04
11535.000000 8.984928e-01 8.820568e-03 1.044132e-02 5.393794e-01 -6.097593e-05 -7.069315e-05 1.828253e-05 -1.206083e-04
11536.000000 8.991727e-01 8.802292e-03 1.037970e-02 5.417858e-01 -6.275641e-05 -8.218134e-05 2.270866e-05 -1.175629e-04
11537.000000 8.987579e-01 8.789399e-03 1.034387e-02 5.395974e-01 -6.067965e-05 -8.203499e-05 1.544157e-05 -1.266427e-04
11538.000000 8.880686e-01 8.650429e-03 1.017839e-02 5.341019e-01 -6.858506e-05 -7.460317e-05 1.732289e-05 -1.215399e-04
11539.000000 8.905871e-01 8.709520e-03 1.016198e-02 5.346816e-01 -7.012987e-05 -7.490407e-05 1.666537e-05 -1.222943e-04
11540.000000 9.021485e-01 8.877391e-03 1.036333e-02 5.409579e-01 -6.040852e-05 -6.653096e-05 1.894672e-05 -1.344361e-04
11541.000000 9.040933e-01 8.937662e-03 1.038003e-02 5.449670e-01 -6.580878e-05 -7.187891e-05 2.450299e-05 -1.248321e-04
11541.200000 9.183061e-01 9.147424e-03 1.061881e-02 5.540747e-01 -6.659046e-05 -7.813676e-05 2.012709e-05 -1.227053e-04
11541.400000 8.911621e-01 8.861836e-03 1.024913e-02 5.372867e-01 -7.422446e-05 -7.069608e-05 1.436204e-05 -1.395767e-04
11541.600000 9.074140e-01 8.995201e-03 1.056297e-02 5.458865e-01 -7.739324e-05 -7.332866e-05 1.306652e-05 -1.322125e-04
11541.800000 9.080193e-01 8.947893e-03 1.034382e-02 5.500872e-01 -6.937719e-05 -7.301427e-05 1.555234e-05 -1.357495e-04
11542.000000 8.937666e-01 8.782902e-03 1.033165e-02 5.401810e-01 -7.168550e-05 -7.286000e-05 1.232901e-05 -1.278173e-04
11542.200000 9.186872e-01 8.998261e-03 1.044170e-02 5.526579e-01 -7.196025e-05 -6.625079e-05 3.101908e-05 -1.197920e-04
11542.400000 9.113499e-01 9.036296e-03 1.043656e-02 5.459243e-01 -7.014707e-05 -6.572280e-05 4.274035e-05 -1.121239e-04
11542.600000 8.679259e-01 8.601531e-03 1.003610e-02 5.217690e-01 -6.506514e-05 -6.657363e-05 3.072531e-05 -9.627495e-05
11542.800000 9.221667e-01 9.084213e-03 1.042704e-02 5.548410e-01 -7.783852e-05 -5.436825e-05 2.804682e-05 -1.082565e-04
11543.000000 8.921942e-01 8.849161e-03 1.034347e-02 5.342711e-01 -7.329801e-05 -5.370321e-05 2.219460e-05 -1.245121e-04
11543.200000 9.057211e-01 8.925988e-03 1.031036e-02 5.467455e-01 -7.072539e-05 -5.915095e-05 8.364898e-06 -1.269982e-04
11543.400000 8.920736e-01 8.857216e-03 1.023810e-02 5.375660e-01 -6.914790e-05 -5.361150e-05 9.286529e-06 -1.159233e-04
11543.600000 8.991152e-01 8.843557e-03 1.022763e-02 5.447528e-01 -6.157202e-05 -5.970820e-05 1.854491e-05 -1.084294e-04
11543.800000 8.806493e-01 8.559005e-03 9.973788e-03 5.302769e-01 -6.402902e-05 -5.458990e-05 1.292129e-05 -1.090470e-04
11544.000000 9.045206e-01 8.958419e-03 1.024483e-02 5.456147e-01 -6.995351e-05 -4.943971e-05 2.508941e-05 -1.108763e-04
11544.200000 8.868668e-01 8.672483e-03 1.023764e-02 5.322758e-01 -6.421693e-05 -5.567472e-05 1.521053e-05 -1.136400e-04
11544.400000 9.085750e-01 9.005610e-03 1.045987e-02 5.469215e-01 -6.136272e-05 -5.608512e-05 2.881109e-05 -1.216937e-04
11544.600000 8.992683e-01 8.928883e-03 1.023562e-02 5.411529e-01 -6.043249e-05 -5.202278e-05 2.252249e-05 -1.166961e-04
11544.800000 9.188801e-01 9.152273e-03 1.064276e-02 5.521028e-01 -5.954352e-05 -5.307390e-05 2.289565e-05 -1.204638e-04
11545.000000 8.869782e-01 8.717228e-03 1.006556e-02 5.327583e-01 -5.122825e-05 -5.377402e-05 2.477230e-05 -1.259238e-04
11545.200000 8.792755e-01 8.608164e-03 9.927206e-03 5.295110e-01 -5.311514e-05 -5.382090e-05 2.147480e-05 -1.260862e-04
11545.400000 9.106535e-01 8.991405e-03 1.031034e-02 5.516129e-01 -5.465945e-05 -4.577097e-05 2.959008e-05 -1.120287e-04
11545.600000 9.088584e-01 9.015872e-03 1.035169e-02 5.506605e-01 -5.492473e-05 -4.698829e-05 2.582566e-05 -1.145474e-04
11545.800000 9.157796e-01 9.200719e-03 1.065964e-02 5.540199e-01 -6.341966e-05 -5.118067e-05 2.656229e-05 -1.148566e-04
11546.000000 8.941361e-01 8.838245e-03 1.009235e-02 5.396922e-01 -5.613287e-05 -5.508979e-05 7.029031e-06 -1.058730e-04
11546.200000 9.142992e-01 9.148413e-03 1.063741e-02 5.553535e-01 -5.485992e-05 -5.492305e-05 5.839781e-06 -8.872550e-05
11546.400000 8.835472e-01 8.754650e-03 1.002263e-02 5.347059e-01 -5.139814e-05 -5.096807e-05 1.032470e-05 -1.011302e-04
11546.600000 9.022277e-01 8.953575e-03 1.014376e-02 5.432973e-01 -5.501183e-05 -5.481790e-05 3.613696e-06 -1.104195e-04
11546.800000 9.069743e-01 8.954704e-03 1.026945e-02 5.485189e-01 -7.411481e-05 -5.289182e-05 2.667687e-06 -1.056782e-04
11547.000000 8.744075e-01 8.569034e-03 9.800604e-03 5.308896e-01 -7.070120e-05 -4.547910e-05 1.300174e-05 -1.055291e-04
11547.200000 9.193355e-01 9.274836e-03 1.052212e-02 5.567736e-01 -6.980309e-05 -5.051107e-05 1.322660e-05 -1.159225e-04
11547.400000 9.209390e-01 9.214833e-03 1.054412e-02 5.579256e-01 -8.067572e-05 -5.115165e-05 2.383557e-05 -1.107939e-04
11547.600000 8.763441e-01 8.626195e-03 9.554126e-03 5.323646e-01 -7.938509e-05 -5.622379e-05 1.796309e-05 -1.082679e-04
11547.800000 8.993744e-01 8.909865e-03 1.001163e-02 5.436464e-01 -7.882636e-05 -5.466040e-05 2.135929e-05 -1.158925e-04
11548.000000 9.038488e-01 8.992199e-03 1.017227e-02 5.479834e-01 -8.776221e-05 -5.315070e-05 1.950524e-05 -1.168222e-04
11548.200000 8.825396e-01 8.704218e-03 9.832416e-03 5.370270e-01 -9.250640e-05 -4.755276e-05 8.568165e-06 -1.171857e-04
11548.400000 8.866051e-01 8.708391e-03 9.916481e-03 5.371337e-01 -9.136491e-05 -4.542261e-05 1.837922e-05 -1.212640e-04
11548.600000 9.056804e-01 9.082973e-03 1.021034e-02 5.472507e-01 -8.290137e-05 -3.823878e-05 2.360992e-05 -1.210732e-04
11548.800000 9.052402e-01 8.974275e-03 1.012426e-02 5.493550e-01 -8.134670e-05 -3.524828e-05 3.389630e-05 -1.200499e-04
11549.000000 9.041456e-01 8.954224e-03 1.003233e-02 5.481320e-01 -7.684332e-05 -4.543871e-05 3.437134e-05 -1.130960e-04
11549.200000 8.917511e-01 8.772782e-03 9.923508e-03 5.401045e-01 -6.961859e-05 -5.024014e-05 1.781063e-05 -1.100830e-04
11549.400000 8.930765e-01 8.798196e-03 9.887912e-03 5.437059e-01 -6.534895e-05 -4.811810e-05 3.315487e-05 -1.061459e-04
11549.600000 8.913890e-01 8.855332e-03 1.007674e-02 5.412782e-01 -5.991284e-05 -4.786070e-05 3.023125e-05 -1.077375e-04
11549.800000 9.055283e-01 8.966102e-03 9.961700e-03 5.521805e-01 -6.632282e-05 -4.945055e-05 1.060073e-05 -1.130851e-04
11550.000000 9.045990e-01 8.982954e-03 1.007552e-02 5.487346e-01 -6.424169e-05 -4.876566e-05 1.454706e-05 -1.080858e-04
11550.200000 9.035578e-01 9.018462e-03 1.004653e-02 5.475041e-01 -6.606647e-05 -5.329301e-05 9.638599e-06 -1.175552e-04
11550.400000 8.754536e-01 8.662510e-03 9.730848e-03 5.308609e-01 -6.459655e-05 -4.509537e-05 4.530492e-06 -1.149069e-04
11550.600000 9.008266e-01 8.905342e-03 9.847461e-03 5.477715e-01 -7.286029e-05 -4.975218e-05 1.075800e-05 -1.067902e-04
11550.800000 8.926539e-01 8.842094e-03 9.915388e-03 5.443719e-01 -7.527216e-05 -4.944619e-05 8.893065e-06 -1.085634e-04
11551.000000 9.071704e-01 9.077761e-03 9.975025e-03 5.539955e-01 -7.660815e-05 -3.602565e-05 -2.039666e-06 -1.137016e-04
11551.200000 8.949702e-01 8.909373e-03 9.666118e-03 5.443929e-01 -7.365047e-05 -4.162701e-05 7.706771e-06 -1.133733e-04
11551.400000 9.174195e-01 9.194552e-03 9.970543e-03 5.580838e-01 -6.343360e-05 -5.924930e-05 4.394269e-06 -1.111909e-04
11551.600000 9.047315e-01 9.001510e-03 9.871839e-03 5.492201e-01 -5.850204e-05 -5.127902e-05 1.540968e-05 -1.056054e-04
11551.800000 8.828075e-01 8.772264e-03 9.372087e-03 5.361165e-01 -6.404715e-05 -4.753467e-05 -2.009352e-07 -9.915326e-05
11552.000000 8.992402e-01 8.848192e-03 9.794316e-03 5.466487e-01 -6.039119e-05 -5.679042e-05 3.198381e-06 -1.040461e-04
11552.200000 9.123844e-01 9.172011e-03 9.991964e-03 5.569635e-01 -5.761106e-05 -6.051903e-05 2.272311e-05 -1.037848e-04
11552.400000 8.991300e-01 8.970120e-03 9.610749e-03 5.481408e-01 -5.983102e-05 -6.216725e-05 3.717018e-05 -1.003876e-04
11552.600000 9.106377e-01 9.102106e-03 9.668237e-03 5.542310e-01 -6.555601e-05 -6.255895e-05 1.816198e-05 -1.144937e-04
11552.800000 8.995925e-01 8.975662e-03 9.615855e-03 5.500678e-01 -6.031318e-05 -6.213897e-05 2.336831e-05 -1.085061e-04
11553.000000 9.017950e-01 8.990902e-03 9.679928e-03 5.489982e-01 -5.879368e-05 -5.731544e-05 3.221574e-05 -1.088760e-04
11553.200000 8.987037e-01 8.900211e-03 9.586939e-03 5.481994e-01 -5.927694e-05 -5.636451e-05 2.120182e-05 -1.025416e-04
11553.400000 8.869635e-01 8.770477e-03 9.213082e-03 5.448837e-01 -6.778972e-05 -5.571049e-05 1.569466e-05 -1.038334e-04
11553.600000 9.063028e-01 9.044589e-03 9.627395e-03 5.556605e-01 -7.406975e-05 -5.371910e-05 1.223145e-05 -1.205354e-04
11553.800000 9.163723e-01 9.181189e-03 9.807528e-03 5.592913e-01 -7.157661e-05 -6.025836e-05 2.201143e-05 -1.177310e-04
11554.000000 8.864142e-01 8.799131e-03 9.254614e-03 5.411908e-01 -6.119240e-05 -5.992966e-05 1.829497e-05 -1.032646e-04
11554.200000 9.010821e-01 8.884669e-03 9.375213e-03 5.517997e-01 -5.339210e-05 -6.233607e-05 1.822530e-06 -1.117960e-04
11554.400000 9.083899e-01 9.025308e-03 9.266717e-03 5.547241e-01 -5.774952e-05 -6.373255e-05 1.526938e-06 -1.154683e-04
11554.600000 8.518019e-01 8.322964e-03 8.463706e-03 5.228697e-01 -6.198088e-05 -5.699946e-05 -4.733427e-06 -1.097277e-04
11554.800000 9.231493e-01 9.339951e-03 9.519715e-03 5.679044e-01 -6.797155e-05 -5.368183e-05 -1.366697e-06 -1.002874e-04
11555.000000 9.130708e-01 9.128920e-03 9.314285e-03 5.599159e-01 -8.119329e-05 -5.633525e-05 1.296292e-05 -9.775716e-05
11555.200000 8.995008e-01 8.925826e-03 9.162147e-03 5.510444e-01 -7.530444e-05 -5.441964e-05 1.303099e-05 -1.035241e-04
11555.400000 9.195313e-01 9.131752e-03 9.450720e-03 5.676011e-01 -6.621789e-05 -4.930419e-05 4.688338e-06 -1.066608e-04
11555.600000 8.903957e-01 8.831286e-03 8.991375e-03 5.468676e-01 -6.127376e-05 -5.065579e-05 3.595183e-06 -1.050833e-04
11555.800000 9.105329e-01 9.085148e-03 9.062264e-03 5.592153e-01 -6.889251e-05 -4.698954e-05 1.420212e-05 -1.031180e-04
11556.000000 9.055672e-01 9.034948e-03 8.916232e-03 5.583985e-01 -7.334779e-05 -4.382483e-05 1.770589e-05 -1.001876e-04
11556.200000 8.966057e-01 8.908213e-03 8.806153e-03 5.512354e-01 -8.306143e-05 -3.703237e-05 2.201469e-05 -1.015322e-04
11556.400000 8.947367e-01 8.835732e-03 8.677227e-03 5.517735e-01 -6.955823e-05 -4.522042e-05 2.368887e-05 -1.012372e-04
11556.600000 8.806496e-01 8.652208e-03 8.491913e-03 5.453280e-01 -5.943234e-05 -4.009454e-05 2.886005e-05 -1.010189e-04
11556.800000 9.076846e-01 9.057167e-03 8.752028e-03 5.638910e-01 -6.474921e-05 -4.553103e-05 1.623359e-05 -1.001826e-04
11557.000000 9.050405e-01 9.030448e-03 8.570481e-03 5.601921e-01 -7.087565e-05 -4.770932e-05 4.390599e-06 -1.083902e-04
11557.200000 9.010029e-01 8.996225e-03 8.598016e-03 5.594398e-01 -6.900566e-05 -5.684219e-05 8.008898e-06 -1.028491e-04
11557.400000 8.940128e-01 8.871134e-03 8.367363e-03 5.544858e-01 -6.730850e-05 -6.096856e-05 9.046438e-06 -9.890235e-05
11557.600000 8.861109e-01 8.752839e-03 7.979207e-03 5.515795e-01 -6.843217e-05 -6.680736e-05 6.183649e-06 -1.051993e-04
11557.800000 8.902612e-01 8.749743e-03 8.042531e-03 5.553341e-01 -6.121703e-05 -7.063235e-05 7.453861e-06 -1.164379e-04
11558.000000 8.706036e-01 8.484716e-03 7.672696e-03 5.443191e-01 -5.749010e-05 -6.478266e-05 7.146704e-06 -1.191372e-04
11558.200000 9.114187e-01 9.081237e-03 8.090917e-03 5.705050e-01 -5.685562e-05 -5.840063e-05 9.961874e-06 -1.115901e-04
11558.400000 9.040259e-01 8.985895e-03 8.019430e-03 5.652646e-01 -6.086768e-05 -5.695195e-05 1.728091e-05 -1.095341e-04
11558.600000 9.042874e-01 8.977791e-03 7.866394e-03 5.678017e-01 -6.223628e-05 -5.974525e-05 1.547713e-05 -1.079152e-04
11558.800000 8.891033e-01 8.815057e-03 7.533659e-03 5.569213e-01 -5.166098e-05 -5.705902e-05 7.012195e-06 -1.093773e-04
11559.000000 8.994933e-01 8.860431e-03 7.576809e-03 5.661481e-01 -5.428649e-05 -5.440931e-05 1.916469e-05 -1.124422e-04
11559.200000 8.939778e-01 8.799902e-03 7.347041e-03 5.639181e-01 -5.351747e-05 -4.901205e-05 1.742788e-05 -1.111627e-04
11559.400000 8.981196e-01 8.896196e-03 7.163028e-03 5.669459e-01 -5.337284e-05 -5.155220e-05 1.024137e-05 -1.084361e-04
11559.600000 8.973036e-01 8.857365e-03 6.952723e-03 5.688513e-01 -5.502828e-05 -5.636406e-05 2.582994e-05 -1.084425e-04
11559.800000 9.044044e-01 8.939960e-03 6.856196e-03 5.734187e-01 -5.616914e-05 -5.353214e-05 2.179629e-05 -1.126663e-04
11560.000000 8.816905e-01 8.652594e-03 6.525563e-03 5.598838e-01 -4.959051e-05 -4.985312e-05 1.369480e-05 -1.173476e-04
11560.200000 8.984035e-01 8.864985e-03 6.479354e-03 5.701036e-01 -5.505336e-05 -6.046109e-05 3.100400e-05 -1.189857e-04
11560.400000 9.043215e-01 8.927826e-03 6.551705e-03 5.763596e-01 -5.817045e-05 -5.951189e-05 2.526114e-05 -1.154281e-04
11560.600000 8.674550e-01 8.374816e-03 6.003623e-03 5.530783e-01 -6.831016e-05 -4.442077e-05 3.093925e-05 -1.067895e-04
11560.800000 8.899903e-01 8.726074e-03 5.769882e-03 5.713118e-01 -7.203832e-05 -3.463432e-05 2.474354e-05 -1.201889e-04
11561.000000 9.038582e-01 8.915267e-03 5.991257e-03 5.838886e-01 -7.095881e-05 -5.094834e-05 2.679359e-05 -1.050543e-04
11561.200000 8.973800e-01 8.816243e-03 5.474800e-03 5.809924e-01 -7.113246e-05 -4.239518e-05 2.879132e-05 -1.119231e-04
11561.400000 8.793713e-01 8.576087e-03 5.165116e-03 5.665188e-01 -7.136962e-05 -4.420720e-05 1.649852e-05 -1.235008e-04
11561.600000 8.942696e-01 8.719752e-03 5.079553e-03 5.817261e-01 -6.815647e-05 -4.193355e-05 1.802479e-05 -1.232256e-04
11561.800000 8.911342e-01 8.677182e-03 4.770496e-03 5.824791e-01 -7.012991e-05 -4.287240e-05 9.389154e-06 -1.322057e-04
11562.000000 9.103348e-01 8.916068e-03 4.662254e-03 5.991539e-01 -6.401602e-05 -4.044503e-05 2.018292e-05 -1.314952e-04
11562.200000 8.968705e-01 8.757434e-03 4.238355e-03 5.914262e-01 -6.350353e-05 -4.302734e-05 3.013647e-05 -1.339760e-04
11562.400000 8.643068e-01 8.267661e-03 3.912770e-03 5.715272e-01 -6.640561e-05 -4.347633e-05 2.195742e-05 -1.272143e-04
11562.600000 8.931486e-01 8.563747e-03 3.829826e-03 5.975386e-01 -7.053716e-05 -5.224843e-05 2.456359e-05 -1.226330e-04
11562.800000 9.074926e-01 8.905630e-03 3.788821e-03 6.097540e-01 -6.690820e-05 -5.544084e-05 2.702877e-05 -1.262176e-04
11563.000000 8.977479e-01 8.684234e-03 3.353312e-03 6.086390e-01 -6.299438e-05 -4.904506e-05 3.077015e-05 -1.161226e-04
11563.200000 8.982111e-01 8.640724e-03 3.189210e-03 6.147710e-01 -7.550928e-05 -4.847687e-05 2.426303e-05 -1.209531e-04
11563.400000 8.969039e-01 8.608229e-03 2.994049e-03 6.194547e-01 -6.711452e-05 -3.911026e-05 4.374282e-05 -1.025539e-04
11563.600000 8.952552e-01 8.544919e-03 2.725332e-03 6.213732e-01 -6.513603e-05 -4.039065e-05 3.594898e-05 -1.113240e-04
11563.800000 8.975923e-01 8.568289e-03 2.426909e-03 6.291880e-01 -7.050931e-05 -4.334419e-05 2.171613e-05 -1.207075e-04
11564.000000 8.833716e-01 8.291379e-03 2.306126e-03 6.245927e-01 -6.887843e-05 -3.895423e-05 2.892795e-05 -1.161411e-04
11564.200000 9.098566e-01 8.665530e-03 2.329029e-03 6.476454e-01 -6.905325e-05 -3.554711e-05 1.484320e-05 -1.166821e-04
11564.400000 9.104533e-01 8.685379e-03 2.037640e-03 6.575568e-01 -6.368066e-05 -3.204252e-05 1.099930e-05 -1.079956e-04
11564.600000 9.020578e-01 8.498508e-03 1.801644e-03 6.572895e-01 -6.188796e-05 -2.901648e-05 1.533614e-05 -1.036909e-04
11564.800000 8.964234e-01 8.371001e-03 1.674125e-03 6.617082e-01 -5.999420e-05 -3.231055e-05 -3.216450e-06 -1.088100e-04
11565.000000 9.043500e-01 8.451756e-03 1.561496e-03 6.767055e-01 -6.984436e-05 -4.040686e-05 -4.123742e-06 -1.086774e-04
11565.200000 9.025594e-01 8.345189e-03 1.437258e-03 6.845857e-01 -6.853695e-05 -3.480544e-05 -5.357080e-07 -1.094154e-04
11565.400000 8.944141e-01 8.183473e-03 1.455535e-03 6.844567e-01 -6.207452e-05 -2.596110e-05 4.634141e-06 -1.185022e-04
11565.600000 9.022148e-01 8.218120e-03 1.416644e-03 7.007870e-01 -6.274590e-05 -3.452388e-05 1.397030e-05 -9.465515e-05
11565.800000 9.067359e-01 8.275123e-03 1.332840e-03 7.128975e-01 -5.631920e-05 -3.899603e-05 1.428483e-05 -9.644834e-05
11566.000000 9.016776e-01 8.107608e-03 1.236722e-03 7.192100e-01 -5.593297e-05 -4.955677e-05 1.923120e-05 -9.687831e-05
11566.200000 9.005116e-01 8.034596e-03 1.151679e-03 7.265887e-01 -6.110770e-05 -3.995002e-05 1.516883e-05 -1.026359e-04
11566.400000 9.087104e-01 8.148370e-03 1.359337e-03 7.421334e-01 -6.379425e-05 -5.149898e-05 9.314326e-06 -1.086793e-04
11566.600000 8.970582e-01 7.975865e-03 1.214532e-03 7.395478e-01 -6.643993e-05 -4.453221e-05 1.612961e-05 -1.087266e-04
11566.800000 8.983045e-01 7.911422e-03 1.276504e-03 7.502208e-01 -5.944536e-05 -4.243295e-05 1.105351e-05 -1.102009e-04
11567.000000 9.033131e-01 7.934829e-03 1.202921e-03 7.590958e-01 -6.193294e-05 -4.560726e-05 -6.341790e-06 -1.125738e-04
11567.200000 8.925562e-01 7.747441e-03 1.294054e-03 7.554077e-01 -6.470371e-05 -3.975402e-05 -9.029460e-06 -1.221516e-04
11567.400000 8.923309e-01 7.728593e-03 1.286869e-03 7.573623e-01 -5.696127e-05 -4.703075e-05 2.496512e-06 -1.206553e-04
11567.600000 8.972274e-01 7.770161e-03 1.292034e-03 7.662136e-01 -5.827841e-05 -5.172236e-05 2.437073e-07 -1.149497e-04
11567.800000 8.895578e-01 7.643907e-03 1.218432e-03 7.634939e-01 -7.312385e-05 -5.105328e-05 8.269339e-06 -1.133898e-04
11568.000000 9.058456e-01 7.886920e-03 1.371444e-03 7.784905e-01 -6.966900e-05 -5.493362e-05 5.494603e-06 -1.130826e-04
11568.200000 8.967815e-01 7.755833e-03 1.316245e-03 7.709694e-01 -6.836038e-05 -4.971188e-05 -6.155121e-06 -1.174479e-04
11568.400000 9.114368e-01 7.962220e-03 1.410858e-03 7.828065e-01 -7.048750e-05 -4.531605e-05 1.172229e-07 -1.231743e-04
11568.600000 8.986008e-01 7.800810e-03 1.331304e-03 7.691687e-01 -6.624519e-05 -5.064827e-05 1.019507e-05 -1.232202e-04
11568.800000 9.008870e-01 7.870779e-03 1.334232e-03 7.706292e-01 -6.427941e-05 -4.555128e-05 -7.637829e-06 -1.276868e-04
11569.000000 9.008297e-01 7.849523e-03 1.522012e-03 7.660632e-01 -6.251056e-05 -3.983628e-05 -1.822506e-05 -1.271732e-04
11569.200000 9.004589e-01 7.876921e-03 1.544102e-03 7.608545e-01 -6.332103e-05 -4.541076e-05 2.265655e-06 -1.254873e-04
11569.400000 8.888597e-01 7.731920e-03 1.558417e-03 7.436230e-01 -6.208831e-05 -5.220701e-05 1.530794e-06 -1.456367e-04
11569.600000 8.984138e-01 7.894849e-03 1.508169e-03 7.472664e-01 -5.657369e-05 -5.365508e-05 -4.620226e-06 -1.400249e-04
11569.800000 9.011816e-01 7.958070e-03 1.451766e-03 7.436030e-01 -5.448661e-05 -5.807512e-05 8.586869e-07 -1.347083e-04
11570.000000 8.958751e-01 7.943928e-03 1.673059e-03 7.324960e-01 -5.539907e-05 -5.765491e-05 2.416544e-06 -1.198739e-04
11570.200000 9.065483e-01 8.142703e-03 1.716489e-03 7.367226e-01 -4.780306e-05 -6.187366e-05 -2.468255e-07 -1.124604e-04
11570.400000 9.037198e-01 8.136652e-03 1.713246e-03 7.270827e-01 -5.030364e-05 -5.254846e-05 -3.370306e-06 -1.144558e-04
11570.600000 8.981690e-01 8.090138e-03 1.707785e-03 7.163289e-01 -5.312689e-05 -4.473816e-05 1.314956e-06 -1.205494e-04
11570.800000 8.970116e-01 8.109882e-03 1.681491e-03 7.082201e-01 -5.735463e-05 -4.585607e-05 5.791060e-06 -1.205735e-04
11571.000000 8.977113e-01 8.163693e-03 1.792265e-03 7.024354e-01 -6.310362e-05 -4.504666e-05 4.750907e-06 -1.196735e-04
11571.200000 9.038009e-01 8.292814e-03 1.880355e-03 7.028588e-01 -6.051120e-05 -5.344928e-05 6.652060e-06 -1.103129e-04
11571.400000 9.022403e-01 8.302979e-03 1.871963e-03 6.947900e-01 -6.330670e-05 -4.971494e-05 -3.198704e-06 -1.006534e-04
11571.600000 9.008985e-01 8.314248e-03 1.807993e-03 6.876123e-01 -5.712156e-05 -3.942240e-05 2.367401e-06 -1.027578e-04
11571.800000 9.028223e-01 8.380049e-03 1.846038e-03 6.849546e-01 -5.378179e-05 -3.618285e-05 5.191483e-06 -1.059691e-04
11572.000000 9.019986e-01 8.391114e-03 1.919447e-03 6.798467e-01 -5.102702e-05 -4.435257e-05 1.015782e-05 -1.097506e-04
11572.200000 9.021760e-01 8.424953e-03 1.925216e-03 6.756160e-01 -5.381628e-05 -4.397490e-05 1.641085e-05 -1.143506e-04
11572.400000 8.978644e-01 8.392693e-03 1.904448e-03 6.678386e-01 -5.756409e-05 -4.248825e-05 1.930953e-05 -1.134967e-04
11572.600000 9.011483e-01 8.458888e-03 1.874018e-03 6.668201e-01 -6.317814e-05 -4.170310e-05 1.053744e-05 -1.264857e-04
11572.800000 8.971226e-01 8.417046e-03 1.973372e-03 6.594656e-01 -6.463170e-05 -4.586007e-05 1.369380e-05 -1.307768e-04
11573.000000 9.041494e-01 8.549869e-03 2.025533e-03 6.600734e-01 -5.339749e-05 -4.727002e-05 1.999176e-05 -1.281374e-04
11573.200000 9.033105e-01 8.546710e-03 2.057071e-03 6.570981e-01 -5.174077e-05 -4.776146e-05 1.940172e-05 -1.240773e-04
11573.400000 8.934061e-01 8.398070e-03 2.114697e-03 6.463757e-01 -5.056568e-05 -4.032523e-05 1.975953e-05 -1.261180e-04
11573.600000 8.977333e-01 8.511335e-03 2.111370e-03 6.469014e-01 -4.810023e-05 -3.994630e-05 2.390057e-05 -1.235066e-04
11573.800000 8.978393e-01 8.530566e-03 2.015564e-03 6.447490e-01 -4.539636e-05 -4.495959e-05 2.399247e-05 -1.226727e-04
11574.000000 8.961040e-01 8.525358e-03 2.031993e-03 6.417248e-01 -4.828543e-05 -4.714797e-05 3.052691e-05 -1.235114e-04
11574.200000 8.880445e-01 8.405089e-03 2.082266e-03 6.323736e-01 -5.074152e-05 -4.779371e-05 3.176095e-05 -1.213580e-04
11574.400000 8.840990e-01 8.377811e-03 2.057655e-03 6.287213e-01 -4.478103e-05 -3.867047e-05 3.190200e-05 -1.238567e-04
11574.600000 8.985203e-01 8.625487e-03 2.142671e-03 6.367961e-01 -4.346807e-05 -3.397435e-05 1.637493e-05 -1.205534e-04
11574.800000 9.033505e-01 8.706809e-03 2.157112e-03 6.384757e-01 -4.976818e-05 -2.976491e-05 1.768837e-05 -1.236080e-04
11575.000000 8.958743e-01 8.593436e-03 2.059160e-03 6.341854e-01 -4.593139e-05 -3.102935e-05 1.585987e-05 -1.159940e-04
11575.200000 9.022497e-01 8.696698e-03 2.132593e-03 6.354578e-01 -4.241921e-05 -3.262612e-05 6.890860e-06 -1.089104e-04
11575.400000 8.999987e-01 8.665876e-03 2.070532e-03 6.318040e-01 -4.665824e-05 -3.174455e-05 6.463439e-06 -1.181640e-04
11575.600000 8.930952e-01 8.586777e-03 2.075413e-03 6.263274e-01 -4.972288e-05 -3.530005e-05 3.201923e-06 -1.185341e-04
11575.800000 9.034353e-01 8.767042e-03 2.175585e-03 6.325052e-01 -4.350354e-05 -3.693063e-05 7.578888e-06 -1.037032e-04
11576.000000 8.915778e-01 8.567771e-03 2.107525e-03 6.236492e-01 -5.588946e-05 -3.592961e-05 2.496306e-06 -1.083466e-04
11576.200000 9.028504e-01 8.765980e-03 2.160173e-03 6.319455e-01 -6.281056e-05 -2.952985e-05 -4.451461e-07 -1.110983e-04
11576.400000 8.862876e-01 8.494659e-03 2.117724e-03 6.178306e-01 -6.427422e-05 -3.133443e-05 6.229014e-06 -1.113431e-04
11576.600000 9.005758e-01 8.744285e-03 2.065763e-03 6.286826e-01 -6.475702e-05 -3.872072e-05 1.040098e-05 -1.066360e-04
11576.800000 9.069583e-01 8.865880e-03 2.133187e-03 6.320571e-01 -6.513329e-05 -3.240510e-05 1.496078e-05 -1.057956e-04
11577.000000 9.049535e-01 8.839337e-03 2.045085e-03 6.293133e-01 -6.532868e-05 -3.380551e-05 3.625708e-06 -9.488397e-05
11577.200000 8.996741e-01 8.723560e-03 2.167140e-03 6.264169e-01 -7.223215e-05 -3.823358e-05 1.120960e-05 -9.951088e-05
11577.400000 8.997094e-01 8.756276e-03 2.069392e-03 6.283527e-01 -7.054583e-05 -4.328029e-05 1.923274e-05 -1.045223e-04
11577.600000 8.916188e-01 8.628228e-03 2.008872e-03 6.193846e-01 -6.794514e-05 -3.444914e-05 2.137120e-05 -1.021421e-04
11577.800000 8.966926e-01 8.709836e-03 2.120798e-03 6.248346e-01 -6.235382e-05 -4.709988e-05 1.095453e-05 -1.190437e-04
11578.000000 9.006983e-01 8.783950e-03 2.081354e-03 6.280904e-01 -6.173862e-05 -5.136922e-05 1.118769e-05 -1.356178e-04
11578.200000 8.935164e-01 8.688603e-03 2.023941e-03 6.242607e-01 -6.610187e-05 -4.723503e-05 1.781983e-05 -1.303360e-04
11578.400000 9.065993e-01 8.896430e-03 1.984706e-03 6.314598e-01 -6.807415e-05 -4.518022e-05 6.632653e-06 -1.334614e-04
11578.600000 8.969421e-01 8.715636e-03 2.162677e-03 6.258719e-01 -5.895187e-05 -4.621254e-05 4.164897e-06 -1.330895e-04
11578.800000 8.915468e-01 8.661636e-03 2.099194e-03 6.210754e-01 -5.422710e-05 -4.223524e-05 -3.057024e-06 -1.451023e-04
11579.000000 9.016964e-01 8.814261e-03 2.077646e-03 6.290849e-01 -6.073074e-05 -3.957139e-05 5.184977e-06 -1.414429e-04
11579.200000 8.940644e-01 8.682416e-03 2.086964e-03 6.240293e-01 -6.536426e-05 -3.513043e-05 1.032388e-05 -1.274176e-04
11579.400000 8.875403e-01 8.587538e-03 2.054323e-03 6.198293e-01 -6.513495e-05 -3.118725e-05 1.461967e-05 -1.280419e-04
11579.600000 8.951473e-01 8.736637e-03 1.974680e-03 6.237053e-01 -6.633469e-05 -2.556570e-05 1.539174e-05 -1.316933e-04
11579.800000 8.876934e-01 8.559916e-03 1.952011e-03 6.202249e-01 -6.844671e-05 -2.491284e-05 7.671828e-06 -1.319171e-04
11580.000000 8.997595e-01 8.786937e-03 2.046117e-03 6.284388e-01 -6.865739e-05 -2.929334e-05 2.902286e-06 -1.219178e-04
11580.200000 9.039251e-01 8.837394e-03 2.041552e-03 6.319198e-01 -6.151781e-05 -2.537865e-05 -5.504058e-06 -1.290999e-04
11580.400000 8.902619e-01 8.663394e-03 2.049326e-03 6.217669e-01 -6.191239e-05 -3.201823e-05 2.083330e-06 -1.235616e-04
11580.600000 8.917729e-01 8.669002e-03 1.879924e-03 6.247035e-01 -6.763056e-05 -1.844680e-05 -2.928618e-06 -1.418419e-04
11580.800000 8.985437e-01 8.764635e-03 1.960926e-03 6.278061e-01 -7.122933e-05 -9.388448e-06 4.030253e-06 -1.341743e-04
11581.000000 8.892880e-01 8.613449e-03 1.898286e-03 6.212438e-01 -6.770046e-05 -9.321085e-06 3.383093e-06 -1.243244e-04
11581.200000 8.889845e-01 8.643374e-03 1.890577e-03 6.218891e-01 -6.224414e-05 -1.734284e-05 4.906283e-06 -1.223774e-04
11581.400000 8.998703e-01 8.791126e-03 1.991237e-03 6.302627e-01 -6.006976e-05 -2.404798e-05 1.125844e-06 -1.407209e-04
11581.600000 8.942771e-01 8.714357e-03 2.043173e-03 6.268825e-01 -5.957307e-05 -2.687239e-05 4.054233e-06 -1.503400e-04
11581.800000 8.921458e-01 8.648281e-03 1.949781e-03 6.257368e-01 -6.039491e-05 -3.236675e-05 1.508367e-05 -1.317118e-04
11582.000000 9.064194e-01 8.895357e-03 1.934533e-03 6.358853e-01 -5.361597e-05 -2.992192e-05 1.380798e-05 -1.297881e-04
11582.200000 8.943774e-01 8.730345e-03 2.017682e-03 6.284711e-01 -5.151653e-05 -3.496201e-05 7.419576e-06 -1.297492e-04
11582.400000 8.753991e-01 8.433902e-03 1.944088e-03 6.134555e-01 -5.525485e-05 -3.949926e-05 1.015623e-05 -1.320683e-04
11582.600000 8.945648e-01 8.720895e-03 2.052205e-03 6.287550e-01 -5.726636e-05 -3.974508e-05 1.755692e-05 -1.385754e-04
11582.800000 9.012501e-01 8.830663e-03 1.975001e-03 6.314052e-01 -5.511176e-05 -4.602681e-05 2.271509e-05 -1.356313e-04
11583.000000 8.992777e-01 8.754235e-03 2.109781e-03 6.326138e-01 -5.888223e-05 -5.367371e-05 1.780777e-05 -1.375888e-04
11583.200000 8.877790e-01 8.590760e-03 2.002940e-03 6.232068e-01 -5.363790e-05 -4.910916e-05 2.025190e-05 -1.348868e-04
11583.400000 8.976591e-01 8.784766e-03 2.082672e-03 6.326988e-01 -5.312423e-05 -4.495533e-05 2.005744e-05 -1.303950e-04
11583.600000 8.988995e-01 8.814279e-03 2.099128e-03 6.338160e-01 -6.330471e-05 -4.956418e-05 1.213060e-05 -1.400714e-04
11583.800000 8.896597e-01 8.648347e-03 2.007888e-03 6.268965e-01 -5.399842e-05 -4.341050e-05 2.916600e-06 -1.386696e-04
11584.000000 8.846956e-01 8.579217e-03 2.130135e-03 6.235280e-01 -5.764334e-05 -4.433788e-05 1.465128e-05 -1.424179e-04
11584.200000 8.966278e-01 8.746742e-03 2.136571e-03 6.330025e-01 -5.421372e-05 -4.756671e-05 4.173824e-06 -1.460493e-04
11584.400000 9.019330e-01 8.841363e-03 2.118046e-03 6.372795e-01 -6.914515e-05 -5.110834e-05 1.469926e-05 -1.443047e-04
11584.600000 8.959068e-01 8.711825e-03 2.112676e-03 6.318738e-01 -7.412524e-05 -5.473365e-05 1.288543e-05 -1.406604e-04
11584.800000 8.962748e-01 8.752371e-03 2.082038e-03 6.335992e-01 -6.027813e-05 -6.206056e-05 2.873837e-08 -1.219808e-04
11585.000000 9.013281e-01 8.812355e-03 2.164892e-03 6.368478e-01 -5.807988e-05 -5.865442e-05 7.775278e-06 -1.241446e-04
11585.200000 9.131564e-01 9.010582e-03 2.103926e-03 6.454386e-01 -5.825039e-05 -5.649263e-05 5.480997e-06 -1.138749e-04
11585.400000 8.990814e-01 8.828046e-03 2.151426e-03 6.367261e-01 -5.729048e-05 -5.070807e-05 8.033707e-06 -1.075365e-04
11585.600000 8.906559e-01 8.671096e-03 2.164675e-03 6.303429e-01 -6.815022e-05 -4.723743e-05 -1.588460e-06 -1.135189e-04
11585.800000 8.932172e-01 8.692953e-03 2.211131e-03 6.329819e-01 -6.698511e-05 -4.097860e-05 -5.430376e-06 -1.121274e-04
11586.000000 8.958778e-01 8.744223e-03 2.150510e-03 6.360904e-01 -6.336469e-05 -4.964726e-05 5.608851e-06 -1.068921e-04
11586.200000 9.084853e-01 8.949905e-03 2.174538e-03 6.413684e-01 -6.522636e-05 -4.354188e-05 -1.151298e-05 -1.037874e-04
11586.400000 8.873795e-01 8.613561e-03 2.203573e-03 6.263551e-01 -6.619911e-05 -4.261892e-05 -1.405280e-05 -1.052102e-04
11586.600000 9.003911e-01 8.780542e-03 2.142497e-03 6.378634e-01 -6.177744e-05 -4.490952e-05 -1.964656e-05 -1.063196e-04
11586.800000 8.922511e-01 8.663436e-03 2.142516e-03 6.318762e-01 -6.607251e-05 -5.574410e-05 -3.006628e-05 -1.105572e-04
11587.000000 8.887125e-01 8.645828e-03 2.077530e-03 6.321768e-01 -6.545572e-05 -5.604831e-05 -1.920948e-05 -1.078279e-04
11587.200000 9.002184e-01 8.808452e-03 2.284373e-03 6.380423e-01 -6.648327e-05 -6.349319e-05 -1.931844e-05 -9.969785e-05
11587.400000 8.970724e-01 8.741754e-03 2.182833e-03 6.377421e-01 -6.154220e-05 -5.638441e-05 -4.244771e-06 -9.073510e-05
11587.600000 8.967302e-01 8.714020e-03 2.247072e-03 6.355826e-01 -5.821511e-05 -5.184598e-05 -8.470834e-06 -1.093169e-04
11587.800000 8.877570e-01 8.695796e-03 2.076475e-03 6.309299e-01 -4.695413e-05 -3.740792e-05 -2.275629e-05 -1.190992e-04
11588.000000 9.096710e-01 8.931311e-03 2.125872e-03 6.471783e-01 -4.415701e-05 -3.096733e-05 -1.162214e-05 -1.187687e-04
11588.200000 8.980381e-01 8.839003e-03 2.157874e-03 6.394986e-01 -5.404915e-05 -3.641414e-05 8.718859e-06 -1.161797e-04
11588.400000 8.937242e-01 8.694906e-03 2.116629e-03 6.370049e-01 -5.154345e-05 -4.337047e-05 8.979126e-06 -1.141405e-04
11588.600000 8.761879e-01 8.426001e-03 2.005195e-03 6.224195e-01 -5.908144e-05 -3.115169e-05 -6.406289e-06 -1.238280e-04
11588.800000 9.023801e-01 8.828529e-03 2.214349e-03 6.432353e-01 -5.535958e-05 -2.473409e-05 -6.446351e-06 -1.368619e-04
11589.000000 8.892990e-01 8.652738e-03 2.089976e-03 6.319355e-01 -5.839738e-05 -3.043226e-05 7.441989e-06 -1.263739e-04
11589.200000 8.945380e-01 8.721079e-03 2.175555e-03 6.364386e-01 -5.776364e-05 -2.600061e-05 1.420192e-05 -1.284910e-04
11589.400000 8.941740e-01 8.671315e-03 2.068122e-03 6.404851e-01 -5.074391e-05 -3.028791e-05 7.427526e-06 -1.268827e-04
11589.600000 8.909716e-01 8.650773e-03 1.973592e-03 6.339873e-01 -4.617224e-05 -2.221138e-05 5.564998e-06 -1.228207e-04
11589.800000 8.879354e-01 8.639999e-03 2.065349e-03 6.328993e-01 -5.299018e-05 -2.154759e-05 9.965960e-07 -1.148366e-04
11590.000000 8.982306e-01 8.738486e-03 1.928421e-03 6.424501e-01 -5.320257e-05 -2.353073e-05 2.133200e-06 -1.185524e-04
11590.200000 8.923232e-01 8.739556e-03 1.945293e-03 6.360285e-01 -5.712796e-05 -3.687506e-05 1.604238e-05 -1.106198e-04
11590.400000 8.969054e-01 8.725378e-03 1.986998e-03 6.414235e-01 -5.793196e-05 -3.845937e-05 5.833308e-06 -1.234836e-04
11590.600000 8.929694e-01 8.706893e-03 2.137906e-03 6.374279e-01 -5.527205e-05 -3.703431e-05 1.275341e-05 -1.239276e-04
11590.800000 8.921765e-01 8.725559e-03 2.117523e-03 6.356819e-01 -5.456119e-05 -3.948982e-05 2.815019e-06 -1.360704e-04
11591.000000 8.884833e-01 8.640152e-03 1.981772e-03 6.346351e-01 -5.583283e-05 -3.406766e-05 -6.651537e-06 -1.356014e-04
11591.200000 8.847119e-01 8.561982e-03 1.930023e-03 6.336293e-01 -5.760939e-05 -3.397941e-05 3.337157e-06 -1.328707e-04
11591.400000 9.017763e-01 8.816355e-03 1.942403e-03 6.468949e-01 -4.890536e-05 -3.488173e-05 1.410597e-05 -1.267069e-04
11591.600000 8.932943e-01 8.724695e-03 1.969392e-03 6.402581e-01 -4.738271e-05 -3.194068e-05 -2.174333e-06 -1.201768e-04
11591.800000 9.018008e-01 8.804068e-03 2.056789e-03 6.465373e-01 -4.910808e-05 -3.434229e-05 -2.848139e-06 -1.212360e-04
11592.000000 8.886342e-01 8.632793e-03 1.972320e-03 6.381514e-01 -6.453109e-05 -3.670069e-05 3.650502e-06 -1.148052e-04
11592.200000 8.769431e-01 8.441916e-03 1.861842e-03 6.289082e-01 -5.565450e-05 -4.663906e-05 9.335771e-06 -1.186288e-04
11592.400000 8.983015e-01 8.803024e-03 1.810417e-03 6.428832e-01 -6.733968e-05 -4.188789e-05 1.432986e-05 -1.094524e-04
11592.600000 8.931749e-01 8.716778e-03 1.920183e-03 6.410919e-01 -6.773817e-05 -4.029858e-05 1.502340e-06 -1.066111e-04
11592.800000 9.035529e-01 8.867091e-03 1.959982e-03 6.481959e-01 -6.800303e-05 -3.676578e-05 1.539813e-05 -1.096946e-04
11593.000000 8.903604e-01 8.703645e-03 2.032725e-03 6.424424e-01 -5.659660e-05 -2.269593e-05 7.583414e-06 -1.272313e-04
11593.200000 8.809963e-01 8.534142e-03 1.875824e-03 6.322838e-01 -5.160170e-05 -2.080116e-05 9.646522e-08 -1.339881e-04
11593.400000 8.669080e-01 8.352643e-03 1.821200e-03 6.220791e-01 -4.961268e-05 -3.384661e-05 5.337647e-06 -1.381194e-04
11593.600000 8.900168e-01 8.707301e-03 1.799520e-03 6.380056e-01 -5.427363e-05 -2.496398e-05 9.097710e-06 -1.242068e-04
11593.800000 8.949186e-01 8.787292e-03 1.932469e-03 6.417731e-01 -5.714180e-05 -2.892739e-05 5.943284e-06 -1.246738e-04
11594.000000 8.901528e-01 8.717912e-03 1.574030e-03 6.404508e-01 -4.807037e-05 -2.353776e-05 1.874795e-06 -1.296002e-04
11594.200000 8.957927e-01 8.744922e-03 1.878077e-03 6.438329e-01 -5.255880e-05 -3.339980e-05 1.552852e-05 -1.101015e-04
11594.400000 9.010473e-01 8.858753e-03 1.854104e-03 6.479780e-01 -5.297099e-05 -3.432144e-05 -1.200379e-05 -1.089392e-04
11594.600000 8.869369e-01 8.622401e-03 1.894464e-03 6.377570e-01 -5.470229e-05 -3.243111e-05 -3.024673e-06 -1.126557e-04
11594.800000 8.818826e-01 8.702446e-03 1.839635e-03 6.342023e-01 -5.566963e-05 -2.417806e-05 -8.254387e-07 -1.080241e-04
11595.000000 9.101338e-01 8.929844e-03 1.899496e-03 6.567826e-01 -5.716730e-05 -2.660441e-05 1.135026e-05 -1.153047e-04
11595.200000 8.877839e-01 8.673012e-03 1.801179e-03 6.389533e-01 -5.744280e-05 -3.141956e-05 1.339732e-05 -1.225899e-04
11595.400000 8.978330e-01 8.778199e-03 1.847468e-03 6.476662e-01 -5.064164e-05 -3.685528e-05 -6.933986e-06 -1.353807e-04
11595.600000 8.924631e-01 8.746347e-03 2.029470e-03 6.435541e-01 -4.973209e-05 -3.951116e-05 -1.118004e-05 -1.204005e-04
11595.800000 8.835075e-01 8.634489e-03 2.061874e-03 6.364391e-01 -4.691558e-05 -3.904742e-05 -2.013949e-06 -1.276989e-04
11596.000000 9.025292e-01 8.817871e-03 2.026126e-03 6.477589e-01 -4.013531e-05 -2.690877e-05 9.242332e-06 -1.255331e-04
11596.200000 8.901520e-01 8.769596e-03 1.862827e-03 6.419611e-01 -4.107429e-05 -2.987286e-05 5.897118e-07 -1.341831e-04
11596.400000 8.895408e-01 8.744825e-03 1.767261e-03 6.426395e-01 -4.715305e-05 -3.847456e-05 -3.424869e-06 -1.344934e-04
11596.600000 8.964951e-01 8.802339e-03 1.847605e-03 6.464265e-01 -5.008657e-05 -2.993734e-05 9.737164e-06 -1.325666e-04
11596.800000 8.754728e-01 8.522471e-03 1.818365e-03 6.322906e-01 -4.987132e-05 -3.313288e-05 7.571273e-06 -1.293118e-04
11597.000000 8.875136e-01 8.660900e-03 1.916215e-03 6.396077e-01 -4.791978e-05 -3.421300e-05 1.400663e-05 -1.227617e-04
11597.700000 8.915132e-01 8.729691e-03 1.961274e-03 6.445887e-01 -3.891246e-05 -3.430336e-05 1.599564e-05 -1.120719e-04
11598.400000 8.877630e-01 8.690154e-03 1.931886e-03 6.424814e-01 -3.985683e-05 -3.898770e-05 1.001508e-05 -1.148379e-04
11599.100000 8.867572e-01 8.684370e-03 1.976502e-03 6.428048e-01 -4.451212e-05 -3.941244e-05 3.718392e-06 -1.185364e-04
11599.800000 8.929261e-01 8.766474e-03 2.045056e-03 6.469569e-01 -4.954136e-05 -4.233631e-05 8.373594e-06 -1.150075e-04
11600.500000 8.944515e-01 8.778455e-03 2.014015e-03 6.499743e-01 -5.465747e-05 -3.832642e-05 2.148538e-05 -1.241041e-04
11601.200000 8.938278e-01 8.804583e-03 2.060733e-03 6.508477e-01 -4.719476e-05 -3.020396e-05 1.980687e-05 -1.300247e-04
11601.900000 8.903030e-01 8.755088e-03 2.083872e-03 6.484814e-01 -4.474139e-05 -2.868141e-05 1.333114e-05 -1.306578e-04
11602.600000 8.938284e-01 8.800556e-03 2.131776e-03 6.533663e-01 -4.551376e-05 -2.398652e-05 5.083370e-06 -1.248492e-04
11603.300000 8.915229e-01 8.760859e-03 2.131149e-03 6.512238e-01 -5.424834e-05 -1.935140e-05 1.823124e-05 -1.239937e-04
11604.993695 8.892421e-01 8.735619e-03 2.147883e-03 6.506049e-01 -4.947553e-05 -1.971911e-05 1.612094e-05 -1.177325e-04
11605.999583 8.902035e-01 8.757473e-03 2.114060e-03 6.524919e-01 -4.772433e-05 -2.670521e-05 1.165942e-05 -1.247494e-04
11607.017662 8.903008e-01 8.762890e-03 2.136212e-03 6.542232e-01 -4.863481e-05 -3.647081e-05 1.386692e-05 -1.279429e-04
11608.047933 8.924725e-01 8.789828e-03 2.148524e-03 6.569206e-01 -5.065226e-05 -3.978801e-05 1.282227e-05 -1.193943e-04
11609.090396 8.912516e-01 8.786826e-03 2.184220e-03 6.572052e-01 -4.760783e-05 -2.644317e-05 1.353241e-05 -1.161403e-04
11610.145051 8.882268e-01 8.742890e-03 2.153071e-03 6.564185e-01 -5.463245e-05 -2.234478e-05 1.363903e-05 -1.288343e-04
11611.211898 8.918616e-01 8.810510e-03 2.125715e-03 6.611419e-01 -5.916462e-05 -1.000038e-05 9.007478e-06 -1.378887e-04
11612.290937 8.908508e-01 8.804375e-03 2.140527e-03 6.638211e-01 -5.488985e-05 -9.987164e-06 1.197465e-05 -1.364218e-04
11613.382167 8.903460e-01 8.787728e-03 2.037811e-03 6.639150e-01 -5.622030e-05 -4.266575e-06 -1.798278e-06 -1.375943e-04
11614.485590 8.896950e-01 8.778448e-03 2.035421e-03 6.644873e-01 -5.642990e-05 2.003672e-06 -4.607298e-06 -1.389142e-04
11615.601204 8.907959e-01 8.805516e-03 2.022937e-03 6.670916e-01 -5.128105e-05 8.296529e-06 -1.063808e-05 -1.386921e-04
11616.729011 8.914934e-01 8.837416e-03 1.979295e-03 6.667158e-01 -5.715265e-05 -1.242230e-05 -5.206815e-06 -1.260082e-04
11617.869009 8.896343e-01 8.813704e-03 1.990882e-03 6.660329e-01 -4.523854e-05 -1.717887e-05 2.395867e-06 -1.138076e-04
11619.021199 8.913500e-01 8.858316e-03 1.986890e-03 6.647690e-01 -4.205883e-05 -1.672674e-05 1.217989e-05 -1.151211e-04
11620.185582 8.850522e-01 8.772850e-03 1.890269e-03 6.594213e-01 -4.737345e-05 -1.149161e-05 5.945704e-06 -1.159318e-04
11621.362156 8.873236e-01 8.847203e-03 1.932917e-03 6.591557e-01 -5.268953e-05 -1.597941e-05 2.725897e-06 -1.185919e-04
11622.550922 8.891833e-01 8.887006e-03 1.974160e-03 6.583102e-01 -4.742963e-05 -1.508162e-05 1.371326e-05 -1.054874e-04
11623.751879 8.866365e-01 8.867534e-03 2.025217e-03 6.556070e-01 -4.660345e-05 -7.891336e-06 1.839985e-05 -1.197371e-04
11624.965029 8.886976e-01 8.933267e-03 2.006315e-03 6.561847e-01 -4.111518e-05 -9.701104e-06 1.082507e-05 -1.159698e-04
11626.190371 8.885525e-01 8.957541e-03 2.054631e-03 6.546594e-01 -4.595567e-05 6.695006e-06 4.991363e-06 -1.123254e-04
11627.427904 8.891622e-01 8.993185e-03 2.010250e-03 6.534389e-01 -4.405508e-05 -3.746891e-06 2.603488e-06 -1.046160e-04
11628.677630 8.876866e-01 8.982021e-03 2.043467e-03 6.503758e-01 -4.224794e-05 -1.171885e-05 1.334146e-05 -1.238835e-04
11629.939547 8.864680e-01 8.984699e-03 2.080156e-03 6.484298e-01 -4.679462e-05 -1.204434e-05 8.167912e-06 -1.154089e-04
11631.213657 8.881701e-01 9.039708e-03 2.119799e-03 6.486648e-01 -4.905093e-05 -1.395366e-05 4.334019e-06 -1.065640e-04
11632.499958 8.863725e-01 9.019057e-03 2.097109e-03 6.473223e-01 -5.286972e-05 -9.981232e-06 4.478848e-06 -9.923980e-05
11633.798451 8.888858e-01 9.083207e-03 2.075820e-03 6.471105e-01 -5.441401e-05 -9.079604e-06 1.256399e-05 -1.111250e-04
11635.109136 8.870001e-01 9.087316e-03 2.116610e-03 6.445965e-01 -4.594282e-05 -6.886700e-06 7.214437e-06 -1.080209e-04
11636.432013 8.866936e-01 9.092310e-03 2.147497e-03 6.441549e-01 -3.423396e-05 -3.662153e-06 6.952342e-06 -1.162036e-04
11637.767082 8.863004e-01 9.094333e-03 2.154859e-03 6.437579e-01 -3.759707e-05 -9.100107e-06 5.856722e-06 -1.082455e-04
11639.114342 8.862382e-01 9.122187e-03 2.218277e-03 6.448655e-01 -4.548825e-05 -7.084524e-06 1.480813e-06 -1.130043e-04
11640.473795 8.848480e-01 9.114480e-03 2.226303e-03 6.432149e-01 -4.630617e-05 -1.230473e-05 3.460222e-06 -1.081459e-04
11641.845440 8.864421e-01 9.151410e-03 2.257482e-03 6.432877e-01 -4.312430e-05 -2.165199e-06 -3.107771e-06 -1.095997e-04
11643.229276 8.857838e-01 9.170601e-03 2.258401e-03 6.432807e-01 -4.453124e-05 -1.030077e-05 6.034718e-06 -1.206871e-04
11644.625305 8.844108e-01 9.164855e-03 2.328771e-03 6.425346e-01 -4.095418e-05 -1.461861e-05 9.302923e-06 -1.192483e-04
11646.033525 8.845914e-01 9.192420e-03 2.365073e-03 6.435596e-01 -4.642529e-05 -1.180260e-05 1.595985e-05 -1.152351e-04
11647.453937 8.839768e-01 9.182953e-03 2.358119e-03 6.446101e-01 -4.586370e-05 -1.421503e-05 2.263079e-05 -1.098538e-04
11648.886541 8.820781e-01 9.179442e-03 2.340191e-03 6.422071e-01 -4.430379e-05 -1.383298e-05 1.193295e-05 -1.162003e-04
11650.331337 8.796433e-01 9.170021e-03 2.294215e-03 6.424760e-01 -4.688473e-05 -1.567621e-05 1.014868e-05 -1.110567e-04
11651.788325 8.837100e-01 9.223773e-03 2.331443e-03 6.430571e-01 -5.057570e-05 -1.998124e-05 4.257577e-06 -1.187512e-04
11653.257505 8.821892e-01 9.213487e-03 2.296559e-03 6.439342e-01 -5.566371e-05 -2.263017e-05 1.394222e-05 -1.191568e-04
11654.738877 8.827560e-01 9.237104e-03 2.279163e-03 6.460040e-01 -5.348998e-05 -2.213614e-05 9.390784e-06 -1.099513e-04
11656.232440 8.825943e-01 9.254989e-03 2.264699e-03 6.460283e-01 -5.391100e-05 -2.535454e-05 1.646059e-05 -1.122324e-04
11657.738196 8.823412e-01 9.262874e-03 2.233450e-03 6.458161e-01 -4.996649e-05 -2.461022e-05 1.850807e-05 -1.066188e-04
11659.256143 8.821027e-01 9.260009e-03 2.195788e-03 6.461816e-01 -5.255273e-05 -2.087190e-05 1.410930e-05 -1.041301e-04
11660.786283 8.817244e-01 9.262919e-03 2.249600e-03 6.458786e-01 -5.132382e-05 -1.986865e-05 1.893275e-05 -1.215576e-04
11662.328614 8.816718e-01 9.269623e-03 2.213611e-03 6.463753e-01 -5.871826e-05 -1.678488e-05 2.015334e-05 -1.250104e-04
11663.883137 8.815504e-01 9.297286e-03 2.212131e-03 6.474541e-01 -6.433909e-05 -1.824816e-05 1.807619e-05 -1.272755e-04
11665.449852 8.775831e-01 9.269606e-03 2.164180e-03 6.424621e-01 -6.954640e-05 -2.700653e-05 2.215286e-05 -1.252926e-04
11667.028759 8.800461e-01 9.316946e-03 2.199516e-03 6.463537e-01 -5.669495e-05 -3.806884e-05 2.340676e-05 -1.166873e-04
11668.619858 8.811491e-01 9.352727e-03 2.193555e-03 6.484234e-01 -5.833983e-05 -4.056719e-05 3.317535e-05 -1.129992e-04
11670.223149 8.790101e-01 9.332125e-03 2.163788e-03 6.483492e-01 -6.041893e-05 -3.695312e-05 2.025456e-05 -1.092934e-04
11671.838632 8.784762e-01 9.340629e-03 2.179207e-03 6.484126e-01 -6.291904e-05 -3.242721e-05 5.131079e-06 -1.070033e-04
11673.466307 8.794579e-01 9.393302e-03 2.231048e-03 6.503438e-01 -6.831635e-05 -2.678340e-05 -3.213185e-06 -1.117347e-04
11675.106173 8.781279e-01 9.385142e-03 2.214025e-03 6.488906e-01 -5.524933e-05 -2.527643e-05 9.607047e-06 -1.061919e-04
11676.758232 8.777689e-01 9.373749e-03 2.216327e-03 6.500144e-01 -5.485669e-05 -2.654361e-05 2.083286e-05 -1.013533e-04
11678.422482 8.765818e-01 9.402064e-03 2.283806e-03 6.503322e-01 -5.546430e-05 -2.797069e-05 2.399117e-05 -1.123544e-04
11680.098924 8.743991e-01 9.385889e-03 2.237882e-03 6.480424e-01 -5.982687e-05 -2.211135e-05 2.035832e-05 -1.206123e-04
11681.787558 8.755103e-01 9.393984e-03 2.244636e-03 6.485546e-01 -5.092859e-05 -2.326626e-05 2.844967e-05 -1.183793e-04
11683.488385 8.764154e-01 9.422727e-03 2.265562e-03 6.496609e-01 -5.414931e-05 -3.393025e-05 2.854313e-05 -1.146231e-04
11685.201403 8.771487e-01 9.466098e-03 2.277841e-03 6.513580e-01 -5.666428e-05 -3.674872e-05 2.908090e-05 -1.078200e-04
11686.926613 8.765987e-01 9.457590e-03 2.276967e-03 6.511417e-01 -5.451721e-05 -3.485128e-05 2.905502e-05 -1.026307e-04
11688.664014 8.751953e-01 9.477136e-03 2.253240e-03 6.512371e-01 -5.259358e-05 -3.629325e-05 3.299759e-05 -1.002847e-04
11690.413608 8.734394e-01 9.466286e-03 2.231039e-03 6.495771e-01 -5.427080e-05 -3.376259e-05 2.201038e-05 -9.440983e-05
11692.175394 8.763521e-01 9.545907e-03 2.252757e-03 6.525472e-01 -6.022803e-05 -3.701678e-05 2.018395e-05 -9.314584e-05
11693.949371 8.744813e-01 9.542418e-03 2.297186e-03 6.501027e-01 -5.957003e-05 -3.573900e-05 1.336069e-05 -9.166410e-05
11695.735541 8.743929e-01 9.572304e-03 2.334386e-03 6.493157e-01 -6.464860e-05 -3.984254e-05 1.767672e-05 -1.014157e-04
11697.533902 8.739506e-01 9.579749e-03 2.351461e-03 6.498550e-01 -6.129490e-05 -5.125159e-05 2.686208e-05 -9.799573e-05
11699.344455 8.741245e-01 9.621459e-03 2.380703e-03 6.493143e-01 -6.363870e-05 -4.945037e-05 1.790550e-05 -9.686452e-05
11701.167201 8.711942e-01 9.598240e-03 2.400679e-03 6.460200e-01 -5.726630e-05 -4.125979e-05 1.298407e-05 -9.660515e-05
11703.002138 8.689863e-01 9.599195e-03 2.416501e-03 6.451015e-01 -5.323226e-05 -3.744393e-05 6.373518e-06 -8.944069e-05
11704.849267 8.701648e-01 9.633644e-03 2.439985e-03 6.459158e-01 -5.725059e-05 -3.570107e-05 4.882977e-06 -1.008655e-04
11706.708588 8.721836e-01 9.687627e-03 2.480302e-03 6.470074e-01 -5.644255e-05 -3.280490e-05 1.865197e-05 -1.023648e-04
11708.580100 8.720128e-01 9.692559e-03 2.463427e-03 6.477593e-01 -6.055097e-05 -2.656047e-05 1.909235e-05 -1.291091e-04
11710.463805 8.726253e-01 9.736518e-03 2.460238e-03 6.465916e-01 -6.226251e-05 -2.700443e-05 1.233113e-05 -1.177524e-04
11712.359702 8.698322e-01 9.730514e-03 2.452040e-03 6.435661e-01 -7.289711e-05 -2.961140e-05 1.018356e-05 -1.114171e-04
11714.267790 8.709253e-01 9.772415e-03 2.479148e-03 6.458300e-01 -7.161628e-05 -3.475272e-05 3.730048e-06 -1.066183e-04
11716.188071 8.697911e-01 9.778581e-03 2.460458e-03 6.442213e-01 -6.451289e-05 -2.919665e-05 3.765841e-07 -1.118710e-04
11718.120543 8.691632e-01 9.805104e-03 2.456090e-03 6.450693e-01 -6.123088e-05 -1.974364e-05 -1.192159e-06 -1.147872e-04
11720.065207 8.691958e-01 9.812987e-03 2.474176e-03 6.442883e-01 -6.420238e-05 -2.495113e-05 4.173474e-06 -1.088206e-04
11722.022064 8.698623e-01 9.841910e-03 2.461358e-03 6.448478e-01 -5.865099e-05 -2.613781e-05 2.501447e-06 -1.060166e-04
11723.991112 8.666080e-01 9.820910e-03 2.393057e-03 6.412041e-01 -6.185162e-05 -2.632699e-05 -3.180898e-06 -1.092899e-04
11725.972352 8.675252e-01 9.857514e-03 2.436203e-03 6.439221e-01 -6.362438e-05 -2.848822e-05 -1.386933e-06 -1.092167e-04
11727.965784 8.680380e-01 9.915697e-03 2.445462e-03 6.431661e-01 -6.324631e-05 -2.534913e-05 9.827577e-06 -1.082481e-04
11729.971407 8.664039e-01 9.911501e-03 2.398291e-03 6.418541e-01 -6.062379e-05 -2.383331e-05 6.638603e-06 -1.112806e-04
11731.989223 8.622012e-01 9.868681e-03 2.408844e-03 6.401808e-01 -5.855062e-05 -2.902317e-05 1.113905e-05 -1.002820e-04
11734.019231 8.631386e-01 9.892846e-03 2.407843e-03 6.405808e-01 -5.874373e-05 -2.877224e-05 1.464268e-05 -1.213431e-04
11736.061430 8.623547e-01 9.910786e-03 2.439523e-03 6.402813e-01 -5.734931e-05 -1.638918e-05 1.047362e-05 -1.510076e-04
11738.115822 8.652442e-01 9.992645e-03 2.491525e-03 6.410765e-01 -5.510807e-05 -1.650144e-05 3.150580e-06 -1.543233e-04
11740.182405 8.649382e-01 9.991287e-03 2.484752e-03 6.428822e-01 -4.839964e-05 -1.929110e-05 -3.994519e-06 -1.523747e-04
11742.261180 8.631020e-01 9.984638e-03 2.459645e-03 6.406362e-01 -4.458433e-05 -1.567729e-05 1.625230e-06 -1.519325e-04
11744.352148 8.611321e-01 9.981337e-03 2.465110e-03 6.392536e-01 -4.949838e-05 -1.774915e-05 1.439289e-05 -1.598945e-04
11746.455307 8.638747e-01 1.006189e-02 2.487590e-03 6.434122e-01 -5.787309e-05 -1.630657e-05 1.880748e-05 -1.531426e-04
11748.570658 8.632556e-01 1.006878e-02 2.466419e-03 6.428719e-01 -5.952133e-05 -2.161238e-05 1.531326e-05 -1.604717e-04
11750.698201 8.624408e-01 1.008511e-02 2.455203e-03 6.431224e-01 -6.185275e-05 -2.843623e-05 1.427534e-05 -1.613502e-04
11752.837935 8.607335e-01 1.007577e-02 2.443483e-03 6.422463e-01 -7.140801e-05 -2.521635e-05 1.020754e-05 -1.548510e-04
11754.989862 8.627065e-01 1.013497e-02 2.452386e-03 6.442238e-01 -6.623226e-05 -3.060035e-05 1.083786e-05 -1.460647e-04
11757.153981 8.619196e-01 1.014095e-02 2.449039e-03 6.425963e-01 -5.902298e-05 -3.577377e-05 2.089168e-05 -1.387005e-04
11759.330291 8.618454e-01 1.016316e-02 2.468989e-03 6.440555e-01 -5.491229e-05 -3.261929e-05 2.098306e-05 -1.386381e-04
11761.518794 8.596368e-01 1.017268e-02 2.484129e-03 6.448306e-01 -6.226201e-05 -3.988439e-05 1.541975e-05 -1.457298e-04
11763.719488 8.606356e-01 1.021209e-02 2.555149e-03 6.431401e-01 -5.859488e-05 -3.575996e-05 6.745085e-06 -1.459859e-04
11765.932374 8.596667e-01 1.022092e-02 2.602845e-03 6.439464e-01 -5.739403e-05 -3.323127e-05 -1.411222e-06 -1.486846e-04
11768.157453 8.592683e-01 1.025501e-02 2.598658e-03 6.448846e-01 -5.757764e-05 -3.566350e-05 2.775951e-06 -1.523012e-04
11770.394723 8.524084e-01 1.016747e-02 2.615157e-03 6.406635e-01 -5.081262e-05 -4.071095e-05 8.819445e-06 -1.564335e-04
11772.644185 8.482224e-01 1.014106e-02 2.642547e-03 6.365375e-01 -4.469297e-05 -3.106007e-05 1.055138e-05 -1.519504e-04
11774.905838 8.556105e-01 1.026005e-02 2.658558e-03 6.417747e-01 -5.967438e-05 -3.742457e-05 5.827392e-06 -1.512592e-04
11777.179684 8.570749e-01 1.030093e-02 2.670622e-03 6.429820e-01 -5.722142e-05 -3.038187e-05 -3.474466e-06 -1.520304e-04
11779.465722 8.558997e-01 1.031055e-02 2.687680e-03 6.421278e-01 -5.672458e-05 -2.383769e-05 8.645030e-06 -1.454496e-04
11781.763952 8.555870e-01 1.034124e-02 2.670295e-03 6.444338e-01 -5.201960e-05 -2.175877e-05 1.081747e-05 -1.414933e-04
11784.074373 8.561415e-01 1.038555e-02 2.663896e-03 6.437527e-01 -5.242458e-05 -2.440194e-05 1.933409e-05 -1.444381e-04
11786.396987 8.536943e-01 1.036718e-02 2.682711e-03 6.423243e-01 -5.219064e-05 -2.825096e-05 9.837024e-06 -1.586199e-04
11788.731792 8.544276e-01 1.041659e-02 2.725866e-03 6.422098e-01 -5.160984e-05 -2.605175e-05 1.291281e-05 -1.512255e-04
11791.078789 8.540315e-01 1.041378e-02 2.720424e-03 6.423482e-01 -5.364953e-05 -1.628279e-05 1.129902e-05 -1.149465e-04
11793.437978 8.542624e-01 1.047262e-02 2.752991e-03 6.438163e-01 -5.611821e-05 -2.878560e-05 -6.022351e-07 -1.018033e-04
11795.809359 8.519339e-01 1.044891e-02 2.709146e-03 6.430326e-01 -5.927712e-05 -3.500952e-05 7.380644e-06 -9.202944e-05
11798.192932 8.524927e-01 1.047964e-02 2.722245e-03 6.417246e-01 -6.189725e-05 -3.679302e-05 1.409957e-05 -1.072406e-04
11800.588697 8.512184e-01 1.050085e-02 2.736050e-03 6.411100e-01 -6.035814e-05 -4.161392e-05 1.326045e-05 -1.074300e-04
11802.996654 8.525716e-01 1.057512e-02 2.706434e-03 6.423667e-01 -6.502863e-05 -3.722965e-05 1.342369e-05 -1.088510e-04
11805.416803 8.516441e-01 1.057036e-02 2.648155e-03 6.397914e-01 -5.492721e-05 -4.152868e-05 2.233661e-05 -1.069997e-04
11807.849143 8.510029e-01 1.057820e-02 2.667482e-03 6.405667e-01 -6.428405e-05 -4.274678e-05 2.633893e-05 -1.044179e-04
11810.293676 8.503074e-01 1.059211e-02 2.632064e-03 6.400917e-01 -6.080202e-05 -3.606417e-05 1.985244e-05 -1.109919e-04
11812.750400 8.480067e-01 1.060176e-02 2.619765e-03 6.389593e-01 -6.598293e-05 -2.592624e-05 1.155528e-05 -1.163738e-04
11815.219317 8.470480e-01 1.061350e-02 2.623958e-03 6.376065e-01 -6.774526e-05 -2.625925e-05 6.771710e-06 -1.164339e-04
11817.700425 8.482077e-01 1.066985e-02 2.661812e-03 6.400472e-01 -6.447050e-05 -2.582285e-05 1.446551e-06 -1.149527e-04
11820.193725 8.492236e-01 1.072206e-02 2.685067e-03 6.400317e-01 -5.466264e-05 -3.048434e-05 1.615646e-05 -1.180037e-04
11822.699217 8.465652e-01 1.070229e-02 2.690567e-03 6.389961e-01 -5.847051e-05 -3.843744e-05 1.217391e-05 -1.187847e-04
11825.216901 8.449204e-01 1.071052e-02 2.699468e-03 6.383910e-01 -6.421208e-05 -3.431166e-05 3.062122e-07 -1.214182e-04
11827.746777 8.472926e-01 1.080404e-02 2.724889e-03 6.388424e-01 -5.677597e-05 -4.176856e-05 -2.978203e-06 -1.163948e-04
11830.288845 8.466164e-01 1.083319e-02 2.761566e-03 6.386450e-01 -5.503064e-05 -3.874852e-05 1.081105e-05 -1.180652e-04
11832.843105 8.435601e-01 1.081457e-02 2.751991e-03 6.362593e-01 -5.786836e-05 -3.744950e-05 9.262423e-06 -1.160137e-04
11835.409556 8.436592e-01 1.086059e-02 2.796379e-03 6.374820e-01 -5.497056e-05 -3.767528e-05 6.549284e-06 -1.076603e-04
11837.988200 8.440429e-01 1.089208e-02 2.835171e-03 6.374548e-01 -4.816480e-05 -3.429319e-05 3.771062e-06 -1.029574e-04
11840.579035 8.441022e-01 1.092240e-02 2.911427e-03 6.374001e-01 -4.225539e-05 -3.725534e-05 4.744469e-07 -9.586410e-05
11843.182062 8.422035e-01 1.092843e-02 2.935920e-03 6.361555e-01 -4.738268e-05 -3.566639e-05 7.039624e-06 -1.019103e-04
11845.797282 8.404160e-01 1.093461e-02 2.925693e-03 6.358184e-01 -4.337170e-05 -3.998443e-05 1.321370e-05 -9.705323e-05
11848.424693 8.407834e-01 1.095955e-02 2.942486e-03 6.354253e-01 -4.165826e-05 -4.568082e-05 3.027195e-06 -1.025935e-04
11851.064296 8.420484e-01 1.101175e-02 2.952215e-03 6.359276e-01 -5.093434e-05 -4.041846e-05 1.087645e-06 -1.078560e-04
11853.716091 8.402466e-01 1.102882e-02 2.938947e-03 6.356887e-01 -5.968697e-05 -4.703785e-05 4.405809e-06 -1.044563e-04
11856.380078 8.406929e-01 1.106422e-02 2.955084e-03 6.372933e-01 -5.208672e-05 -5.650079e-05 -1.018870e-06 -1.094642e-04
11859.056256 8.406434e-01 1.109756e-02 2.957333e-03 6.381069e-01 -4.968748e-05 -5.198502e-05 4.892481e-06 -1.037476e-04
11861.744627 8.360390e-01 1.106280e-02 2.974839e-03 6.345647e-01 -5.412901e-05 -5.006922e-05 1.142818e-05 -1.119928e-04
11864.445190 8.336787e-01 1.105526e-02 2.959826e-03 6.321296e-01 -5.224199e-05 -4.991871e-05 1.172333e-05 -1.110642e-04
11867.157944 8.380629e-01 1.115656e-02 3.030507e-03 6.364990e-01 -5.326430e-05 -4.310525e-05 1.221254e-05 -1.107901e-04
11869.882891 8.364973e-01 1.116568e-02 3.037832e-03 6.349376e-01 -5.181859e-05 -3.790388e-05 1.263145e-05 -1.084417e-04
11872.620029 8.343037e-01 1.117319e-02 2.987905e-03 6.335044e-01 -4.437350e-05 -3.801675e-05 1.475200e-05 -1.075079e-04
11875.369359 8.364736e-01 1.123717e-02 3.024140e-03 6.356664e-01 -4.691548e-05 -3.887146e-05 9.129958e-06 -1.093776e-04
11878.130881 8.363601e-01 1.127315e-02 3.035977e-03 6.375500e-01 -5.142013e-05 -4.398766e-05 6.730399e-07 -1.155688e-04
11880.904595 8.273447e-01 1.117125e-02 2.982372e-03 6.313322e-01 -4.779288e-05 -2.636590e-05 1.071109e-05 -1.129082e-04
11883.690501 8.271568e-01 1.119249e-02 2.969028e-03 6.310773e-01 -5.588985e-05 -2.259976e-05 8.833209e-06 -1.106712e-04
11886.488599 8.336134e-01 1.132831e-02 2.969859e-03 6.353060e-01 -5.972320e-05 -2.145852e-05 9.195471e-06 -1.087666e-04
11889.298889 8.342205e-01 1.136465e-02 2.979295e-03 6.358606e-01 -6.729983e-05 -2.211875e-05 5.465932e-07 -1.158428e-04
11892.121371 8.327842e-01 1.137981e-02 2.987445e-03 6.368045e-01 -7.201757e-05 -2.584843e-05 3.845678e-06 -1.170991e-04
11894.956044 8.326253e-01 1.142795e-02 2.987481e-03 6.347062e-01 -5.663147e-05 -3.175258e-05 -1.692821e-07 -1.157778e-04
11897.802910 8.322286e-01 1.144690e-02 3.041914e-03 6.343709e-01 -6.755710e-05 -3.401888e-05 2.596780e-06 -1.124836e-04
11900.661967 8.318361e-01 1.147807e-02 3.024122e-03 6.353284e-01 -6.658368e-05 -3.035695e-05 2.551813e-06 -9.963222e-05
11903.533217 8.291154e-01 1.146786e-02 3.042456e-03 6.330798e-01 -6.518620e-05 -3.236773e-05 5.363022e-06 -1.023897e-04
11906.416658 8.304484e-01 1.153096e-02 3.108517e-03 6.338354e-01 -5.722253e-05 -2.998976e-05 7.923876e-06 -1.141789e-04
11909.312291 8.299016e-01 1.155880e-02 3.144580e-03 6.335992e-01 -5.684383e-05 -3.041273e-05 1.332788e-05 -1.139527e-04
11912.220116 8.288966e-01 1.159393e-02 3.148165e-03 6.340106e-01 -6.114774e-05 -2.800926e-05 2.258504e-05 -1.064930e-04
11915.140133 8.281998e-01 1.162552e-02 3.208949e-03 6.336919e-01 -6.904718e-05 -3.795112e-05 9.762561e-06 -1.072127e-04
11918.072342 8.276992e-01 1.166316e-02 3.238898e-03 6.338829e-01 -6.400412e-05 -3.880757e-05 8.414773e-06 -1.154932e-04
11921.016743 8.270376e-01 1.170405e-02 3.288686e-03 6.338812e-01 -5.617789e-05 -4.124023e-05 1.046312e-05 -1.223935e-04
11923.973335 8.260609e-01 1.173574e-02 3.282816e-03 6.331498e-01 -5.362819e-05 -3.946109e-05 1.685694e-05 -1.168618e-04
11926.942120 8.257428e-01 1.175634e-02 3.295514e-03 6.327563e-01 -3.662525e-05 -3.605091e-05 4.392943e-06 -1.172912e-04
11929.923096 8.251603e-01 1.178042e-02 3.273665e-03 6.325146e-01 -4.780574e-05 -4.500157e-05 1.735635e-05 -1.186221e-04
11932.916265 8.241382e-01 1.180827e-02 3.269828e-03 6.313790e-01 -4.980207e-05 -4.622029e-05 3.011121e-06 -1.094616e-04
11935.921625 8.154392e-01 1.172738e-02 3.252768e-03 6.252400e-01 -5.302248e-05 -3.816087e-05 -1.542947e-07 -1.120412e-04
11938.939177 8.172914e-01 1.178969e-02 3.289013e-03 6.279233e-01 -4.668151e-05 -3.175582e-05 -8.481816e-06 -1.181425e-04
11941.968921 8.231224e-01 1.191000e-02 3.291448e-03 6.318328e-01 -3.957940e-05 -3.642828e-05 8.112531e-06 -1.149397e-04
11945.010858 8.221756e-01 1.194077e-02 3.296192e-03 6.318958e-01 -4.402802e-05 -3.590909e-05 6.897961e-06 -1.150308e-04
11948.064985 8.198400e-01 1.192776e-02 3.336203e-03 6.298197e-01 -4.036020e-05 -3.634402e-05 1.225821e-05 -1.098605e-04
11951.131305 8.215551e-01 1.200505e-02 3.364437e-03 6.315456e-01 -4.743525e-05 -3.843826e-05 2.489682e-05 -1.126122e-04
11954.209817 8.204281e-01 1.202935e-02 3.401549e-03 6.309510e-01 -4.924975e-05 -5.293796e-05 2.045437e-05 -1.127021e-04
11957.300521 8.200698e-01 1.205691e-02 3.397299e-03 6.302953e-01 -5.213084e-05 -5.050725e-05 7.680314e-06 -1.156036e-04
11960.403416 8.192329e-01 1.209258e-02 3.384859e-03 6.305703e-01 -5.439891e-05 -4.452040e-05 5.954604e-06 -1.101479e-04
11963.518504 8.172065e-01 1.209553e-02 3.405118e-03 6.284830e-01 -6.573243e-05 -4.415632e-05 1.350430e-05 -9.054918e-05
11966.645783 8.190911e-01 1.217919e-02 3.428390e-03 6.298768e-01 -6.289101e-05 -4.089630e-05 7.320652e-06 -9.316509e-05
11969.785255 8.170022e-01 1.218577e-02 3.420563e-03 6.295514e-01 -5.774407e-05 -3.469399e-05 1.010715e-05 -9.789605e-05
11972.936918 8.166888e-01 1.222634e-02 3.416508e-03 6.294553e-01 -5.034113e-05 -4.323233e-05 1.138282e-05 -1.053983e-04
11976.100773 8.167984e-01 1.226906e-02 3.433501e-03 6.291537e-01 -4.281134e-05 -4.859329e-05 1.159793e-05 -1.128883e-04
11979.276820 8.149796e-01 1.228286e-02 3.430282e-03 6.263820e-01 -3.532631e-05 -4.652095e-05 1.373551e-05 -1.162555e-04
11982.465059 8.138692e-01 1.230162e-02 3.421909e-03 6.271766e-01 -4.095285e-05 -4.417260e-05 1.334237e-05 -1.172143e-04
11985.665490 8.142080e-01 1.236410e-02 3.454354e-03 6.283070e-01 -4.319586e-05 -3.716866e-05 9.350341e-06 -1.198653e-04
11988.878112 8.136214e-01 1.238743e-02 3.467076e-03 6.281189e-01 -5.559840e-05 -3.948572e-05 1.412271e-05 -1.185141e-04
11992.102927 8.124133e-01 1.240486e-02 3.473949e-03 6.280651e-01 -5.422829e-05 -4.859986e-05 1.439071e-05 -1.100566e-04
11995.339934 8.117578e-01 1.243656e-02 3.518990e-03 6.271288e-01 -4.814409e-05 -4.907133e-05 9.710911e-06 -1.041631e-04
11998.589132 8.120769e-01 1.248760e-02 3.531412e-03 6.281430e-01 -4.876476e-05 -5.139952e-05 1.812546e-05 -1.088370e-04
12001.850523 8.098040e-01 1.249102e-02 3.542606e-03 6.263030e-01 -4.419694e-05 -4.511420e-05 6.191216e-06 -1.028221e-04
12005.124105 8.094870e-01 1.253259e-02 3.557571e-03 6.273296e-01 -4.264674e-05 -4.074074e-05 5.446028e-06 -1.075218e-04
12008.409879 8.090332e-01 1.258064e-02 3.586347e-03 6.273119e-01 -4.046782e-05 -4.972503e-05 1.433983e-05 -1.044857e-04
12011.707845 8.084158e-01 1.260922e-02 3.646125e-03 6.269051e-01 -4.554108e-05 -5.315410e-05 8.223124e-06 -1.182661e-04
12015.018003 8.082487e-01 1.263823e-02 3.703819e-03 6.251745e-01 -5.300903e-05 -5.091219e-05 8.659495e-06 -1.182607e-04
12018.340353 8.071792e-01 1.268488e-02 3.766057e-03 6.251462e-01 -4.793900e-05 -5.611432e-05 2.320781e-05 -1.124194e-04
12021.674895 8.067212e-01 1.270457e-02 3.790230e-03 6.252026e-01 -3.803743e-05 -6.012525e-05 2.401771e-05 -1.100264e-04
12025.021629 8.063747e-01 1.275275e-02 3.765875e-03 6.259821e-01 -4.195669e-05 -6.067129e-05 2.781838e-05 -1.161353e-04
12028.380554 8.046449e-01 1.277774e-02 3.807325e-03 6.250374e-01 -5.449115e-05 -6.263541e-05 1.928378e-05 -1.252753e-04
12031.751672 8.039529e-01 1.279853e-02 3.849487e-03 6.253173e-01 -5.709690e-05 -5.383881e-05 2.270691e-05 -1.280206e-04
12035.134982 8.039591e-01 1.284438e-02 3.812523e-03 6.243725e-01 -5.790354e-05 -4.653657e-05 8.480476e-06 -1.409606e-04
12038.530483 8.034173e-01 1.288096e-02 3.847429e-03 6.242444e-01 -5.294176e-05 -5.549510e-05 1.607453e-05 -1.399406e-04
12041.938176 8.026170e-01 1.291338e-02 3.821426e-03 6.225404e-01 -4.965489e-05 -6.314419e-05 1.789319e-05 -1.240015e-04
12045.358061 7.952188e-01 1.284690e-02 3.810423e-03 6.181165e-01 -4.789197e-05 -5.475055e-05 2.054844e-05 -1.057008e-04
12048.790139 7.913752e-01 1.283941e-02 3.780294e-03 6.151519e-01 -5.318156e-05 -5.262761e-05 1.027443e-05 -1.131787e-04
12052.234408 7.990956e-01 1.300366e-02 3.816424e-03 6.223629e-01 -6.200609e-05 -5.720089e-05 1.194836e-05 -1.150769e-04
12055.690868 7.994198e-01 1.305820e-02 3.880506e-03 6.232301e-01 -5.227200e-05 -5.140473e-05 4.955341e-06 -1.198801e-04
12059.159521 7.994663e-01 1.311346e-02 3.904757e-03 6.234725e-01 -5.022696e-05 -4.973422e-05 1.252554e-05 -1.215849e-04
12062.640366 7.980457e-01 1.313177e-02 3.897605e-03 6.216621e-01 -5.139983e-05 -5.335142e-05 7.132373e-06 -1.235590e-04
12066.133403 7.978549e-01 1.317971e-02 3.938667e-03 6.226274e-01 -4.974485e-05 -5.093808e-05 7.031789e-06 -1.251361e-04
12069.638631 7.969608e-01 1.319707e-02 3.949633e-03 6.216239e-01 -5.561306e-05 -5.111079e-05 1.180582e-05 -1.152184e-04
12073.156052 7.959146e-01 1.323275e-02 3.984814e-03 6.224607e-01 -5.790084e-05 -4.797518e-05 2.409155e-05 -1.151729e-04
12076.685664 7.955163e-01 1.326659e-02 3.953975e-03 6.220815e-01 -4.610510e-05 -5.612949e-05 2.816845e-05 -1.177852e-04
12080.227468 7.950447e-01 1.330670e-02 3.946507e-03 6.221799e-01 -5.265445e-05 -4.953532e-05 2.067039e-05 -1.312985e-04
12083.781465 7.918857e-01 1.330285e-02 3.968693e-03 6.186779e-01 -4.898422e-05 -4.258368e-05 1.399948e-05 -1.288894e-04
12087.347653 7.912842e-01 1.334429e-02 3.998758e-03 6.188896e-01 -5.044240e-05 -4.463392e-05 1.192846e-05 -1.277246e-04
12090.926033 7.929705e-01 1.342144e-02 4.071727e-03 6.213105e-01 -5.438555e-05 -5.059168e-05 1.621208e-05 -1.231828e-04
12094.516605 7.921978e-01 1.346040e-02 4.113139e-03 6.202638e-01 -5.442764e-05 -3.430967e-05 1.807678e-05 -1.143476e-04
12098.119369 7.914445e-01 1.351201e-02 4.143064e-03 6.197896e-01 -5.879898e-05 -3.557795e-05 2.047229e-05 -1.091936e-04
12101.734324 7.901929e-01 1.351973e-02 4.160995e-03 6.188196e-01 -5.563193e-05 -4.472434e-05 2.966566e-05 -1.185425e-04
12105.361472 7.899518e-01 1.356119e-02 4.194159e-03 6.190829e-01 -5.247883e-05 -4.448044e-05 2.309790e-05 -1.205245e-04
12109.000811 7.894235e-01 1.360332e-02 4.233494e-03 6.204508e-01 -5.313258e-05 -2.250008e-05 2.556235e-05 -1.290583e-04
12112.652343 7.884670e-01 1.364177e-02 4.231733e-03 6.176642e-01 -4.364185e-05 -2.310174e-05 1.458064e-05 -1.287602e-04
12116.316066 7.873233e-01 1.369332e-02 4.273211e-03 6.175329e-01 -4.902671e-05 -3.257176e-05 2.397740e-05 -1.294255e-04
12119.991982 7.866013e-01 1.371081e-02 4.339964e-03 6.181474e-01 -4.737256e-05 -3.817175e-05 3.086112e-05 -1.307003e-04
12123.680089 7.860635e-01 1.374729e-02 4.353514e-03 6.174111e-01 -5.609515e-05 -3.685741e-05 2.627527e-05 -1.303800e-04
12127.380388 7.849524e-01 1.380424e-02 4.353232e-03 6.160823e-01 -5.475620e-05 -2.902042e-05 1.255619e-05 -1.301500e-04
12131.092879 7.852902e-01 1.386087e-02 4.392508e-03 6.169653e-01 -4.898055e-05 -2.912343e-05 9.881109e-06 -1.258547e-04
12134.817562 7.835966e-01 1.390453e-02 4.436689e-03 6.156879e-01 -5.934388e-05 -3.770298e-05 1.712968e-05 -1.127877e-04
12138.554437 7.820639e-01 1.392773e-02 4.428967e-03 6.148031e-01 -6.272595e-05 -3.355814e-05 1.638858e-05 -1.145179e-04
12142.303503 7.827633e-01 1.399426e-02 4.445278e-03 6.160910e-01 -6.328099e-05 -3.550224e-05 2.383289e-05 -1.210733e-04
12146.064762 7.808624e-01 1.400848e-02 4.458036e-03 6.147217e-01 -5.856256e-05 -3.673178e-05 2.208954e-05 -1.143434e-04
12149.838213 7.813030e-01 1.407206e-02 4.489354e-03 6.154803e-01 -4.885749e-05 -3.520512e-05 1.655333e-05 -1.111574e-04
12153.623855 7.795324e-01 1.408767e-02 4.489043e-03 6.138117e-01 -4.570244e-05 -3.508564e-05 6.571566e-06 -1.236229e-04
12157.421689 7.794653e-01 1.412421e-02 4.556876e-03 6.143789e-01 -4.217256e-05 -4.188638e-05 1.197014e-05 -1.210491e-04
12161.231716 7.785562e-01 1.417381e-02 4.557700e-03 6.143908e-01 -3.641650e-05 -4.829837e-05 2.224657e-05 -1.181760e-04
12165.053934 7.771582e-01 1.419634e-02 4.518303e-03 6.142418e-01 -3.777391e-05 -4.494519e-05 1.495863e-05 -1.085944e-04
12168.888344 7.775933e-01 1.428131e-02 4.573455e-03 6.143001e-01 -4.294246e-05 -4.218013e-05 1.229009e-05 -1.042415e-04
12172.734946 7.766073e-01 1.432535e-02 4.590032e-03 6.144132e-01 -4.496010e-05 -4.078026e-05 9.893164e-06 -1.123434e-04
12176.593740 7.761266e-01 1.436443e-02 4.596994e-03 6.131648e-01 -4.404504e-05 -3.959508e-05 6.356966e-06 -1.128587e-04
12180.464726 7.746524e-01 1.440517e-02 4.597399e-03 6.128313e-01 -3.837359e-05 -3.987710e-05 5.638075e-06 -1.090956e-04
12184.347903 7.737437e-01 1.444135e-02 4.627172e-03 6.128740e-01 -3.759554e-05 -4.286325e-05 9.394228e-06 -1.045601e-04
12188.243273 7.738466e-01 1.450521e-02 4.690165e-03 6.134471e-01 -3.207505e-05 -4.169142e-05 2.807954e-05 -1.039134e-04
12192.150835 7.721020e-01 1.451302e-02 4.687325e-03 6.118400e-01 -4.324605e-05 -3.377923e-05 1.380778e-05 -1.092903e-04
12196.070588 7.718770e-01 1.458509e-02 4.736995e-03 6.109180e-01 -5.374906e-05 -3.310863e-05 2.205153e-06 -1.186319e-04
12200.002533 7.704833e-01 1.463142e-02 4.751864e-03 6.110741e-01 -4.854040e-05 -3.976326e-05 1.909115e-07 -1.193824e-04
12203.946671 7.684709e-01 1.465741e-02 4.788854e-03 6.101028e-01 -4.352684e-05 -4.092707e-05 8.309922e-06 -1.058451e-04
12207.903000 7.674443e-01 1.467417e-02 4.822730e-03 6.086487e-01 -4.158217e-05 -3.716990e-05 8.138992e-06 -1.168900e-04
12211.871521 7.684206e-01 1.474450e-02 4.877959e-03 6.104711e-01 -3.284101e-05 -3.066129e-05 8.379419e-06 -1.162075e-04
12215.852234 7.671875e-01 1.479100e-02 4.888011e-03 6.094536e-01 -5.008953e-05 -3.198510e-05 1.741197e-05 -1.210123e-04
12219.845139 7.669138e-01 1.485965e-02 4.946405e-03 6.100796e-01 -5.147853e-05 -3.634046e-05 1.211871e-05 -1.312525e-04
12223.850236 7.664912e-01 1.490249e-02 4.978493e-03 6.099060e-01 -5.308968e-05 -3.697798e-05 -1.395994e-07 -1.334393e-04
12227.867524 7.559434e-01 1.472725e-02 4.934477e-03 6.022701e-01 -6.154107e-05 -4.421523e-05 4.372569e-07 -1.212096e-04
12231.897005 7.480737e-01 1.465804e-02 4.947229e-03 5.958219e-01 -5.376228e-05 -4.110413e-05 2.787536e-06 -1.277292e-04
12235.938678 7.616420e-01 1.498871e-02 5.074049e-03 6.064809e-01 -4.641203e-05 -3.226959e-05 9.101325e-06 -1.275955e-04
12239.992542 7.622845e-01 1.507555e-02 5.102086e-03 6.069444e-01 -4.885156e-05 -2.871583e-05 6.363001e-06 -1.148953e-04
12244.058598 7.613118e-01 1.511501e-02 5.116883e-03 6.068554e-01 -4.620086e-05 -3.150092e-05 7.276619e-06 -1.076522e-04
12248.136847 7.611044e-01 1.516440e-02 5.167563e-03 6.065865e-01 -4.952930e-05 -3.870951e-05 1.195758e-05 -1.169042e-04
12252.227287 7.585999e-01 1.516373e-02 5.196867e-03 6.054289e-01 -5.233683e-05 -4.619942e-05 8.046538e-06 -1.223650e-04
12256.329919 7.587638e-01 1.523211e-02 5.216906e-03 6.059594e-01 -4.902536e-05 -4.515687e-05 8.711490e-06 -1.164331e-04
12260.444743 7.584594e-01 1.528745e-02 5.258015e-03 6.052756e-01 -4.940194e-05 -3.868171e-05 8.284170e-06 -1.162729e-04
12264.571759 7.582564e-01 1.536069e-02 5.332536e-03 6.063493e-01 -6.110062e-05 -3.146729e-05 9.797782e-06 -1.224176e-04
12268.710967 7.575777e-01 1.540682e-02 5.356059e-03 6.057787e-01 -6.053873e-05 -3.697298e-05 3.058335e-06 -1.273908e-04
12272.862366 7.558556e-01 1.544301e-02 5.369351e-03 6.052969e-01 -5.146709e-05 -4.459365e-05 8.627257e-06 -1.152442e-04
12277.025958 7.553837e-01 1.549843e-02 5.385162e-03 6.038298e-01 -4.715594e-05 -3.722961e-05 1.208568e-05 -1.197604e-04
12281.201742 7.545744e-01 1.553546e-02 5.399654e-03 6.048034e-01 -6.445377e-05 -3.553081e-05 1.406133e-05 -1.369980e-04
12285.389717 7.538460e-01 1.557715e-02 5.389524e-03 6.041919e-01 -5.914381e-05 -4.063784e-05 7.832944e-06 -1.348133e-04
12289.589884 7.522200e-01 1.561175e-02 5.413302e-03 6.030762e-01 -5.731326e-05 -3.574480e-05 1.014952e-05 -1.344850e-04
12293.802244 7.519125e-01 1.569214e-02 5.454752e-03 6.031488e-01 -6.747108e-05 -3.587747e-05 7.860490e-06 -1.411554e-04
12298.026795 7.502446e-01 1.570691e-02 5.451914e-03 6.028806e-01 -6.703761e-05 -3.250644e-05 9.532288e-06 -1.380424e-04
12302.263538 7.493569e-01 1.574038e-02 5.478987e-03 6.009802e-01 -6.299870e-05 -3.420332e-05 1.146994e-05 -1.285830e-04
12306.512473 7.506074e-01 1.583801e-02 5.541652e-03 6.030186e-01 -5.738059e-05 -2.624516e-05 1.370917e-05 -1.363910e-04
12310.773600 7.493694e-01 1.587793e-02 5.538798e-03 6.012289e-01 -6.694365e-05 -2.403593e-05 2.065674e-06 -1.732239e-04
12315.046919 7.487020e-01 1.592494e-02 5.581028e-03 6.019412e-01 -7.390444e-05 -2.666545e-05 -2.221670e-06 -1.842150e-04
12319.332429 7.464370e-01 1.594398e-02 5.588255e-03 5.998257e-01 -6.390964e-05 -3.097061e-05 -8.481636e-07 -1.834097e-04
12323.630132 7.302850e-01 1.567373e-02 5.579377e-03 5.875209e-01 -7.292315e-05 -3.648640e-05 1.376434e-05 -1.504620e-04
12327.940026 7.388051e-01 1.590835e-02 5.651733e-03 5.950780e-01 -7.626788e-05 -4.418897e-05 1.166548e-05 -1.322963e-04
12332.262113 7.440189e-01 1.609630e-02 5.777956e-03 5.988775e-01 -7.003884e-05 -5.074040e-05 8.025061e-06 -1.280188e-04
12336.596391 7.436253e-01 1.615529e-02 5.768853e-03 5.984010e-01 -6.530342e-05 -4.267951e-05 9.530392e-06 -1.325963e-04
12340.942861 7.434373e-01 1.622450e-02 5.848290e-03 5.990925e-01 -7.200517e-05 -4.893228e-05 6.202735e-06 -1.247496e-04
12345.301524 7.416187e-01 1.626117e-02 5.889764e-03 5.980720e-01 -7.365878e-05 -4.239080e-05 1.823654e-06 -1.355804e-04
12349.672378 7.406209e-01 1.630652e-02 5.945988e-03 5.969515e-01 -6.484439e-05 -4.614270e-05 9.001147e-06 -1.338919e-04
12354.055424 7.411651e-01 1.639677e-02 5.990921e-03 5.977352e-01 -6.113103e-05 -4.493250e-05 1.735689e-05 -1.336303e-04
12358.450662 7.396334e-01 1.642677e-02 6.041315e-03 5.978299e-01 -5.729713e-05 -4.737147e-05 1.215498e-05 -1.333960e-04
12362.858091 7.389233e-01 1.647803e-02 6.069324e-03 5.970040e-01 -5.517423e-05 -4.564454e-05 1.303799e-05 -1.302173e-04
12367.277713 7.378020e-01 1.653345e-02 6.068255e-03 5.973539e-01 -6.397339e-05 -4.245997e-05 2.999016e-06 -1.334188e-04
12371.709527 7.344615e-01 1.652963e-02 6.096125e-03 5.955252e-01 -6.589213e-05 -4.718484e-05 6.500281e-06 -1.530864e-04
12376.153532 7.310445e-01 1.652996e-02 6.118304e-03 5.920156e-01 -5.650106e-05 -5.280382e-05 6.019357e-06 -1.678313e-04
12380.609730 7.364813e-01 1.672141e-02 6.207529e-03 5.965127e-01 -5.727399e-05 -5.230130e-05 1.045332e-05 -1.746117e-04
12385.078119 7.351616e-01 1.675268e-02 6.235851e-03 5.964671e-01 -5.238923e-05 -5.169110e-05 9.856579e-06 -1.797699e-04
12389.558700 7.350227e-01 1.682294e-02 6.309210e-03 5.963600e-01 -5.564296e-05 -4.225737e-05 1.228944e-05 -1.798096e-04
12394.051473 7.337139e-01 1.686939e-02 6.327186e-03 5.952092e-01 -6.283310e-05 -4.071378e-05 1.087759e-05 -1.811587e-04
12398.556438 7.331586e-01 1.694197e-02 6.363947e-03 5.942795e-01 -5.861058e-05 -4.046815e-05 1.199603e-05 -1.749006e-04
12403.073595 7.321574e-01 1.697714e-02 6.384954e-03 5.952676e-01 -5.928468e-05 -3.380626e-05 1.188794e-05 -1.751734e-04
12407.602944 7.311088e-01 1.702609e-02 6.406388e-03 5.947840e-01 -5.694766e-05 -3.568894e-05 1.301054e-05 -1.834503e-04
12412.144485 7.305027e-01 1.709083e-02 6.480372e-03 5.933390e-01 -6.311452e-05 -3.308915e-05 1.493278e-05 -1.805662e-04
12416.698218 7.289253e-01 1.712542e-02 6.493071e-03 5.932060e-01 -5.823745e-05 -3.225879e-05 2.391395e-05 -1.713156e-04
12421.264142 7.282732e-01 1.717420e-02 6.539734e-03 5.930498e-01 -5.353758e-05 -3.493892e-05 2.190640e-05 -1.736475e-04
12425.842259 7.272673e-01 1.722750e-02 6.569977e-03 5.928900e-01 -4.807854e-05 -4.568329e-05 1.133545e-05 -1.641646e-04
12430.432567 7.252718e-01 1.725091e-02 6.572944e-03 5.904711e-01 -5.304177e-05 -3.634751e-05 1.920321e-05 -1.685876e-04
12435.035068 7.244385e-01 1.729313e-02 6.605261e-03 5.901020e-01 -5.757572e-05 -3.537699e-05 2.167478e-05 -1.635873e-04
12439.649760 7.247459e-01 1.737568e-02 6.651259e-03 5.905813e-01 -5.252036e-05 -3.813471e-05 2.151152e-05 -1.574581e-04
12444.276644 7.237609e-01 1.742475e-02 6.667740e-03 5.900054e-01 -4.746698e-05 -4.825650e-05 1.484521e-05 -1.590990e-04
12448.915720 7.222987e-01 1.745746e-02 6.705417e-03 5.896899e-01 -5.032077e-05 -4.718259e-05 1.422034e-05 -1.400422e-04
12453.566988 7.225555e-01 1.756488e-02 6.794579e-03 5.901251e-01 -4.881422e-05 -4.469268e-05 2.729514e-05 -1.111105e-04
12458.230448 7.220685e-01 1.763241e-02 6.853524e-03 5.903826e-01 -4.816556e-05 -4.232945e-05 2.318503e-05 -1.093240e-04
12462.906100 7.215067e-01 1.770689e-02 6.897282e-03 5.894585e-01 -4.299824e-05 -4.070886e-05 2.213845e-05 -1.153719e-04
12467.593943 7.211915e-01 1.776601e-02 6.898059e-03 5.900820e-01 -4.688808e-05 -4.307200e-05 2.834249e-05 -1.124120e-04
12472.293979 7.209261e-01 1.782980e-02 6.994496e-03 5.897994e-01 -4.825758e-05 -4.308219e-05 2.125608e-05 -1.293860e-04
12477.006206 7.206526e-01 1.790990e-02 7.084837e-03 5.900974e-01 -5.756061e-05 -4.809184e-05 2.186435e-05 -1.575355e-04
12481.730626 7.195242e-01 1.797493e-02 7.130196e-03 5.902990e-01 -5.432535e-05 -4.299139e-05 1.758736e-05 -1.700452e-04
12486.467237 7.185132e-01 1.802762e-02 7.187124e-03 5.890187e-01 -5.382717e-05 -4.616452e-05 1.945026e-05 -1.705366e-04
12491.216040 7.171771e-01 1.807487e-02 7.194989e-03 5.880368e-01 -4.606106e-05 -3.788645e-05 1.040994e-05 -1.707817e-04
12495.977036 7.175298e-01 1.815962e-02 7.261318e-03 5.886215e-01 -4.371736e-05 -3.484904e-05 1.130927e-05 -1.661416e-04
12500.750223 7.170338e-01 1.823705e-02 7.331050e-03 5.888883e-01 -5.530729e-05 -4.059392e-05 1.487952e-05 -1.587363e-04
12505.535602 7.164614e-01 1.832088e-02 7.414213e-03 5.889645e-01 -5.326723e-05 -3.397947e-05 9.023814e-06 -1.575925e-04
12510.333172 7.155477e-01 1.836726e-02 7.468412e-03 5.880463e-01 -5.053084e-05 -3.518210e-05 6.321514e-06 -1.250847e-04
12515.142935 7.147078e-01 1.843109e-02 7.535945e-03 5.882025e-01 -5.404619e-05 -3.774105e-05 7.448539e-06 -1.013360e-04
12519.964890 7.137601e-01 1.849206e-02 7.586069e-03 5.880966e-01 -5.778142e-05 -3.316123e-05 1.540825e-05 -1.102365e-04
12524.799037 7.127437e-01 1.853826e-02 7.638253e-03 5.873428e-01 -6.230517e-05 -4.023147e-05 1.774248e-05 -1.231358e-04
12529.645375 6.533823e-01 1.706709e-02 7.052079e-03 5.388223e-01 -5.729678e-05 -3.100712e-05 2.022239e-05 -1.127451e-04
12534.503905 1.185402e-01 3.104187e-03 1.280472e-03 9.777158e-02 -1.047040e-05 -6.154903e-06 5.925600e-06 -1.933572e-05
