# Facility: NSLS-II
# Beamline: QAS
# Year: 2022
# Cycle: 2
# SAF: 309618
# PI: Wang
# Proposal: 309017
# Scan ID: 52269
# UID: 29d01e06-e011-49ce-82a2-a50656b6de80
# Comment: 
# Start time: 07/18/2022  11:52:17
# Stop time: 07/18/2022  11:52:48
# Total time: 00:31
# Trajectory name: Pt-L3-30s-11564.txt
# Element: Platinum ( 78)
# Edge: L3
# E0: 11564
# Reference Foil Element: Pt
# Keithley Gains I0: 1E7 V/A It: 1E6 V/A Iref: 1E7 V/A PIPS: 1E8 V/A 
# Ion Chamber Gas Flow Rates: I0: 0.00 sccm He + 99.70 sccm N2 + 0.00 sccm Ar 
# Ion Chamber Gas Flow Rates: It&Iref: 29.80 sccm N2 + 70.10 sccm Ar
# Incident Beam Path Vertical: -27.99 mm
# Incident Slits Positions B: TOP: 1.0 mm Bottom: -1.0 mm Inboard: -2.0 mm Outboard: 2.0 mm
# Sample Stage Positions: Rotation: 45.0 deg Horizontal: 14.07 mm Vertical: 35.31 mm Beam Direction: 0.00 mm
# PerkinElmer Vertical Position: 500.00 mm
# Front End Mirror Horizontal Positions: Up: -14.00 mm Down: -14.00 mm
#
# energy  i0  it  ir  iff  aux1  aux2  aux3  aux4
11377.444036 4.759746e-01 3.866722e-03 4.381802e-03 2.766730e-01 -3.311890e-05 -2.516478e-05 1.060991e-05 -5.627497e-05
11382.444036 9.409118e-01 7.676615e-03 8.727821e-03 5.471837e-01 -6.630914e-05 -6.408075e-05 1.987707e-05 -1.256450e-04
11387.444036 9.462497e-01 7.771324e-03 8.845543e-03 5.512580e-01 -6.104363e-05 -6.969809e-05 1.518859e-05 -1.320155e-04
11392.444036 9.417068e-01 7.760334e-03 8.913087e-03 5.484009e-01 -6.075051e-05 -6.165127e-05 1.103632e-05 -1.285508e-04
11397.444036 9.412199e-01 7.794175e-03 8.970973e-03 5.483729e-01 -6.181112e-05 -5.758419e-05 2.276612e-05 -1.406233e-04
11402.444036 9.394093e-01 7.845943e-03 9.011933e-03 5.478252e-01 -6.508790e-05 -5.709044e-05 2.774151e-05 -1.345222e-04
11407.444036 9.402259e-01 7.903905e-03 9.114285e-03 5.489060e-01 -7.307710e-05 -6.274606e-05 2.566801e-05 -1.174261e-04
11412.444036 9.384784e-01 7.935110e-03 9.168892e-03 5.480936e-01 -6.339823e-05 -5.809946e-05 2.305485e-05 -1.162708e-04
11417.444036 9.359596e-01 7.966076e-03 9.220914e-03 5.473443e-01 -6.399183e-05 -5.695131e-05 1.338212e-05 -1.258749e-04
11422.444036 9.214978e-01 7.880698e-03 9.165546e-03 5.403966e-01 -5.758229e-05 -5.896173e-05 1.521208e-05 -1.286283e-04
11427.444036 9.303298e-01 8.000255e-03 9.310693e-03 5.467907e-01 -6.100879e-05 -5.622200e-05 2.565670e-05 -1.233533e-04
11432.444036 9.310099e-01 8.046233e-03 9.407822e-03 5.466114e-01 -6.427042e-05 -5.250248e-05 2.523763e-05 -1.274477e-04
11437.444036 9.301846e-01 8.101592e-03 9.476895e-03 5.459719e-01 -7.286713e-05 -5.944139e-05 2.748184e-05 -1.408117e-04
11442.444036 9.258993e-01 8.095753e-03 9.492269e-03 5.441749e-01 -6.932135e-05 -5.769980e-05 2.505584e-05 -1.431561e-04
11447.444036 9.257361e-01 8.169355e-03 9.594325e-03 5.451220e-01 -6.700538e-05 -4.833010e-05 2.019714e-05 -1.450012e-04
11452.444036 9.231147e-01 8.193660e-03 9.630167e-03 5.438725e-01 -7.232644e-05 -5.576038e-05 1.566844e-05 -1.367483e-04
11457.444036 9.212897e-01 8.239182e-03 9.667708e-03 5.428817e-01 -6.457152e-05 -5.607523e-05 2.734487e-05 -1.314014e-04
11462.444036 9.211681e-01 8.301279e-03 9.759746e-03 5.432934e-01 -6.134583e-05 -5.714213e-05 2.166035e-05 -1.355831e-04
11467.444036 9.186379e-01 8.313846e-03 9.818942e-03 5.418111e-01 -6.730224e-05 -5.566518e-05 1.418575e-05 -1.277545e-04
11472.444036 9.153614e-01 8.330032e-03 9.863518e-03 5.406944e-01 -6.139527e-05 -5.384167e-05 6.141682e-06 -1.330752e-04
11477.444036 9.124043e-01 8.338530e-03 9.895511e-03 5.394566e-01 -5.867580e-05 -5.968510e-05 5.080190e-06 -1.390863e-04
11482.444036 9.095389e-01 8.350613e-03 9.927886e-03 5.381610e-01 -5.283019e-05 -6.180617e-05 1.448835e-05 -1.322097e-04
11487.444036 8.999022e-01 8.344702e-03 9.918141e-03 5.324740e-01 -5.377723e-05 -5.298744e-05 7.783433e-07 -1.382158e-04
11492.444036 9.006033e-01 8.396053e-03 1.000166e-02 5.342443e-01 -4.619433e-05 -6.205233e-05 3.492127e-06 -1.378532e-04
11497.444036 9.101302e-01 8.527950e-03 1.017623e-02 5.402041e-01 -5.510464e-05 -6.236494e-05 8.796072e-06 -1.351105e-04
11502.444036 9.103195e-01 8.605972e-03 1.026061e-02 5.411896e-01 -4.972787e-05 -5.717113e-05 1.580961e-05 -1.483277e-04
11507.444036 9.110340e-01 8.673254e-03 1.032725e-02 5.426781e-01 -5.179616e-05 -5.550781e-05 2.084117e-05 -1.500265e-04
11512.444036 9.052686e-01 8.637778e-03 1.031386e-02 5.391163e-01 -6.117642e-05 -5.840216e-05 9.354680e-06 -1.375521e-04
11517.444036 9.053774e-01 8.697453e-03 1.039716e-02 5.399709e-01 -6.148244e-05 -6.494994e-05 9.415799e-06 -1.485100e-04
11522.444036 9.044828e-01 8.748705e-03 1.045422e-02 5.391099e-01 -6.836936e-05 -5.366238e-05 8.505538e-06 -1.954282e-04
11527.444036 9.034115e-01 8.809693e-03 1.045773e-02 5.403702e-01 -6.579375e-05 -5.897323e-05 4.812458e-06 -1.668673e-04
11532.444036 9.043345e-01 8.879613e-03 1.050231e-02 5.421735e-01 -6.102942e-05 -7.456259e-05 -5.608180e-06 -1.366174e-04
11534.000000 9.029397e-01 8.851520e-03 1.050340e-02 5.410793e-01 -5.627535e-05 -7.121917e-05 -9.574532e-07 -1.323899e-04
11535.000000 9.029595e-01 8.872287e-03 1.051523e-02 5.419578e-01 -6.670737e-05 -6.251021e-05 -3.176119e-06 -1.295542e-04
11536.000000 8.965220e-01 8.779144e-03 1.031443e-02 5.379388e-01 -7.142987e-05 -5.995088e-05 4.916742e-06 -1.311165e-04
11537.000000 9.057144e-01 8.927567e-03 1.047104e-02 5.429382e-01 -5.987849e-05 -6.434268e-05 -1.478308e-05 -1.369943e-04
11538.000000 9.076875e-01 8.969485e-03 1.053053e-02 5.457645e-01 -5.914242e-05 -6.587452e-05 -2.054782e-05 -1.287828e-04
11539.000000 9.017323e-01 8.876764e-03 1.041432e-02 5.418588e-01 -6.303523e-05 -6.821082e-05 3.635837e-06 -1.233018e-04
11540.000000 9.077409e-01 8.972495e-03 1.047502e-02 5.467845e-01 -6.700233e-05 -7.370483e-05 3.781366e-06 -1.192788e-04
11541.000000 9.004552e-01 8.863246e-03 1.034327e-02 5.402679e-01 -6.319088e-05 -5.443588e-05 -6.002779e-06 -1.257604e-04
11541.200000 8.958815e-01 8.807239e-03 1.038162e-02 5.394766e-01 -5.718808e-05 -5.671219e-05 -1.285629e-05 -1.306125e-04
11541.400000 9.086637e-01 9.006578e-03 1.045416e-02 5.454858e-01 -5.652872e-05 -5.426636e-05 -1.211428e-05 -1.256538e-04
11541.600000 9.076722e-01 8.946366e-03 1.045070e-02 5.474273e-01 -6.250482e-05 -5.743664e-05 -7.593455e-06 -1.290237e-04
11541.800000 9.045811e-01 9.015235e-03 1.062327e-02 5.450860e-01 -6.354552e-05 -6.331708e-05 2.879847e-06 -1.197162e-04
11542.000000 9.224520e-01 9.151863e-03 1.074649e-02 5.557192e-01 -6.564488e-05 -7.174070e-05 -4.735695e-06 -1.332289e-04
11542.200000 9.024390e-01 8.938277e-03 1.035693e-02 5.432805e-01 -7.332268e-05 -7.755580e-05 -5.865524e-06 -1.178495e-04
11542.400000 9.032678e-01 8.973677e-03 1.058482e-02 5.441566e-01 -6.933469e-05 -7.496486e-05 -1.500580e-06 -1.173136e-04
11542.600000 8.803315e-01 8.569843e-03 1.004009e-02 5.285164e-01 -6.199787e-05 -6.981740e-05 -1.883779e-07 -1.286126e-04
11542.800000 9.154571e-01 9.008006e-03 1.044335e-02 5.508658e-01 -6.435274e-05 -6.554761e-05 1.405595e-05 -1.267008e-04
11543.000000 9.058597e-01 9.042055e-03 1.047453e-02 5.449679e-01 -5.306751e-05 -7.172737e-05 5.095067e-06 -1.220188e-04
11543.200000 8.999829e-01 8.922017e-03 1.027602e-02 5.422061e-01 -5.779339e-05 -6.765370e-05 2.506609e-06 -1.329554e-04
11543.400000 9.113570e-01 9.038385e-03 1.052489e-02 5.443605e-01 -5.688863e-05 -6.303035e-05 8.322193e-06 -1.312592e-04
11543.600000 9.004146e-01 8.895278e-03 1.028770e-02 5.399226e-01 -5.932995e-05 -6.270784e-05 4.700910e-06 -1.279420e-04
11543.800000 9.015514e-01 8.900575e-03 1.037788e-02 5.449483e-01 -6.138170e-05 -7.001039e-05 8.535131e-06 -1.268887e-04
11544.000000 9.061214e-01 9.034692e-03 1.041712e-02 5.458764e-01 -6.382863e-05 -6.354040e-05 7.332252e-06 -1.336007e-04
11544.200000 8.732861e-01 8.470463e-03 9.713495e-03 5.254465e-01 -6.224667e-05 -5.814922e-05 5.696394e-07 -1.373036e-04
11544.400000 9.116071e-01 9.068848e-03 1.042547e-02 5.521718e-01 -6.299874e-05 -6.609869e-05 9.037344e-06 -1.439211e-04
11544.600000 8.918182e-01 8.842298e-03 1.027237e-02 5.392764e-01 -5.631464e-05 -6.366453e-05 1.876125e-05 -1.299483e-04
11544.800000 8.881639e-01 8.750599e-03 9.954866e-03 5.333949e-01 -5.683516e-05 -6.897917e-05 1.565158e-05 -1.269137e-04
11545.000000 9.050602e-01 8.959387e-03 1.027378e-02 5.485906e-01 -6.921835e-05 -6.629595e-05 7.415720e-06 -1.197036e-04
11545.200000 9.150491e-01 9.086079e-03 1.047777e-02 5.528215e-01 -6.402447e-05 -5.765579e-05 -3.854646e-06 -1.385919e-04
11545.400000 9.028637e-01 8.968495e-03 1.044527e-02 5.440965e-01 -5.987156e-05 -6.186549e-05 -8.552577e-06 -1.553239e-04
11545.600000 8.840812e-01 8.832410e-03 1.016450e-02 5.352499e-01 -5.883429e-05 -6.889811e-05 -5.604069e-06 -1.337878e-04
11545.800000 9.093399e-01 9.049406e-03 1.032864e-02 5.494991e-01 -6.440042e-05 -7.648726e-05 -9.725517e-06 -1.347236e-04
11546.000000 9.018768e-01 8.958393e-03 1.023056e-02 5.451879e-01 -5.492691e-05 -6.464298e-05 2.027969e-05 -1.239808e-04
11546.200000 9.077781e-01 9.060643e-03 1.031873e-02 5.489650e-01 -6.132658e-05 -6.840834e-05 2.941496e-06 -1.363813e-04
11546.400000 9.034194e-01 9.027953e-03 1.040727e-02 5.461452e-01 -6.264171e-05 -7.433770e-05 -7.517950e-06 -1.325692e-04
11546.600000 9.016084e-01 8.982421e-03 1.026485e-02 5.427549e-01 -6.495705e-05 -8.239526e-05 3.608162e-06 -1.259103e-04
11546.800000 9.008665e-01 8.879356e-03 1.014523e-02 5.425127e-01 -7.394041e-05 -8.211622e-05 1.516684e-05 -1.338820e-04
11547.000000 8.946399e-01 8.822185e-03 1.004941e-02 5.414070e-01 -5.914235e-05 -7.856549e-05 1.182312e-05 -1.252108e-04
11547.200000 9.052873e-01 8.984113e-03 1.021842e-02 5.486124e-01 -5.744317e-05 -7.642185e-05 -4.113900e-07 -1.366043e-04
11547.400000 9.152171e-01 9.096491e-03 1.036664e-02 5.543186e-01 -5.609828e-05 -7.695990e-05 4.496024e-06 -1.402216e-04
11547.600000 9.058102e-01 9.046696e-03 1.022914e-02 5.464566e-01 -5.236075e-05 -6.789671e-05 2.085108e-05 -1.235495e-04
11547.800000 9.214899e-01 9.309996e-03 1.039559e-02 5.547915e-01 -5.059323e-05 -6.403485e-05 7.708322e-06 -1.300237e-04
11548.000000 9.024896e-01 8.919777e-03 1.003741e-02 5.457230e-01 -6.423158e-05 -7.260880e-05 -2.435710e-06 -1.442839e-04
11548.200000 8.966486e-01 8.874214e-03 1.023998e-02 5.439271e-01 -6.297959e-05 -7.597558e-05 -1.438691e-06 -1.268577e-04
11548.400000 8.934991e-01 8.868324e-03 9.987949e-03 5.388086e-01 -4.482325e-05 -7.673065e-05 -2.267446e-06 -1.247313e-04
11548.600000 9.158293e-01 9.155294e-03 1.030536e-02 5.545107e-01 -5.497880e-05 -8.113523e-05 7.184250e-06 -1.342869e-04
11548.800000 9.205828e-01 9.246750e-03 1.032592e-02 5.586279e-01 -6.478593e-05 -7.432605e-05 -1.393317e-06 -1.350285e-04
11549.000000 9.053533e-01 9.136097e-03 1.031648e-02 5.470815e-01 -6.123653e-05 -5.854411e-05 4.108246e-06 -1.316346e-04
11549.200000 9.099554e-01 9.123714e-03 1.017225e-02 5.492104e-01 -5.791405e-05 -5.402138e-05 1.531657e-05 -1.335104e-04
11549.400000 9.048405e-01 8.951627e-03 1.005149e-02 5.466274e-01 -6.264328e-05 -6.518063e-05 -8.142326e-06 -1.355589e-04
11549.600000 8.882091e-01 8.826736e-03 9.779870e-03 5.363636e-01 -6.425500e-05 -5.943676e-05 3.121425e-06 -1.291101e-04
11549.800000 9.058883e-01 9.006562e-03 9.803653e-03 5.470739e-01 -6.275450e-05 -5.874836e-05 6.657768e-06 -1.248327e-04
11550.000000 9.006907e-01 8.967682e-03 1.000239e-02 5.454041e-01 -7.531028e-05 -6.030944e-05 1.101790e-05 -1.321847e-04
11550.200000 9.197918e-01 9.187613e-03 1.022469e-02 5.604366e-01 -7.599408e-05 -7.381786e-05 4.389522e-07 -1.272395e-04
11550.400000 9.051894e-01 9.146155e-03 9.911089e-03 5.503660e-01 -6.509626e-05 -7.635652e-05 -3.705266e-06 -1.112845e-04
11550.600000 9.093963e-01 9.076481e-03 1.000368e-02 5.564694e-01 -6.676621e-05 -7.983763e-05 -4.699773e-06 -1.121906e-04
11550.800000 9.035172e-01 9.014095e-03 9.875641e-03 5.493959e-01 -6.743050e-05 -7.242009e-05 -1.700731e-05 -1.032395e-04
11551.000000 8.881420e-01 8.824135e-03 9.699310e-03 5.390174e-01 -5.755114e-05 -8.034960e-05 -8.506582e-06 -9.498182e-05
11551.200000 8.935318e-01 8.864656e-03 9.650090e-03 5.420230e-01 -6.397622e-05 -7.150799e-05 -1.034328e-05 -1.255619e-04
11551.400000 9.184606e-01 9.195427e-03 1.008127e-02 5.585412e-01 -7.217958e-05 -6.894886e-05 -2.302051e-05 -1.305588e-04
11551.600000 9.030616e-01 9.055309e-03 9.921144e-03 5.492535e-01 -7.174326e-05 -7.136110e-05 -1.819819e-05 -1.236545e-04
11551.800000 9.087390e-01 9.082940e-03 9.998983e-03 5.537598e-01 -6.507059e-05 -8.528980e-05 -9.681549e-06 -1.141449e-04
11552.000000 8.963662e-01 8.899700e-03 9.741855e-03 5.475825e-01 -6.769803e-05 -8.824241e-05 -9.874359e-06 -1.206165e-04
11552.200000 9.049457e-01 9.053019e-03 9.650901e-03 5.505440e-01 -7.432619e-05 -8.627987e-05 -1.151720e-05 -1.176032e-04
11552.400000 9.000329e-01 9.046914e-03 9.759025e-03 5.494194e-01 -7.332486e-05 -8.478319e-05 -1.147029e-05 -1.219211e-04
11552.600000 9.110529e-01 9.271621e-03 9.879227e-03 5.556524e-01 -6.744369e-05 -8.441377e-05 -1.768758e-07 -1.189518e-04
11552.800000 9.105554e-01 9.189370e-03 9.803886e-03 5.559930e-01 -6.746852e-05 -8.924697e-05 -2.889114e-06 -1.169282e-04
11553.000000 9.214718e-01 9.289170e-03 9.786979e-03 5.625962e-01 -6.305528e-05 -8.519572e-05 4.994156e-06 -1.187179e-04
11553.200000 8.882709e-01 8.873417e-03 9.357372e-03 5.427287e-01 -4.983998e-05 -7.625154e-05 -4.356205e-06 -1.282328e-04
11553.400000 9.131761e-01 9.146493e-03 9.836539e-03 5.564294e-01 -4.284580e-05 -7.497047e-05 2.903069e-06 -1.371983e-04
11553.600000 8.825330e-01 8.796709e-03 9.241062e-03 5.388873e-01 -4.901605e-05 -6.829381e-05 2.463919e-05 -1.185020e-04
11553.800000 8.995786e-01 8.999234e-03 9.359782e-03 5.488257e-01 -5.746845e-05 -7.697172e-05 2.034702e-05 -1.244332e-04
11554.000000 9.219042e-01 9.229862e-03 9.718564e-03 5.631025e-01 -6.105791e-05 -8.143470e-05 1.161152e-05 -1.338128e-04
11554.200000 9.084154e-01 9.089684e-03 9.481335e-03 5.553303e-01 -5.587159e-05 -8.194518e-05 1.401556e-05 -1.345542e-04
11554.400000 9.098433e-01 9.088713e-03 9.386020e-03 5.579795e-01 -6.637024e-05 -8.024999e-05 7.480057e-06 -1.348293e-04
11554.600000 8.734855e-01 8.631608e-03 9.159923e-03 5.362331e-01 -5.684188e-05 -7.520287e-05 3.219560e-06 -1.379675e-04
11554.800000 9.041578e-01 8.901366e-03 9.077407e-03 5.546861e-01 -6.655711e-05 -8.402965e-05 -6.841777e-07 -1.343226e-04
11555.000000 9.017212e-01 8.927883e-03 9.050412e-03 5.539135e-01 -6.183858e-05 -7.205139e-05 2.077955e-06 -1.414661e-04
11555.200000 9.097995e-01 9.085511e-03 9.136358e-03 5.561359e-01 -6.533251e-05 -7.628772e-05 1.096830e-05 -1.307449e-04
11555.400000 8.988498e-01 9.006377e-03 9.070242e-03 5.523816e-01 -6.650473e-05 -8.361280e-05 3.004891e-06 -1.342261e-04
11555.600000 8.854902e-01 8.877857e-03 8.854656e-03 5.427081e-01 -6.875459e-05 -7.267149e-05 1.885216e-05 -1.137169e-04
11555.800000 9.029490e-01 9.008075e-03 8.922713e-03 5.562107e-01 -6.803374e-05 -6.731636e-05 -7.750590e-06 -1.301508e-04
11556.000000 9.052370e-01 9.077139e-03 8.836254e-03 5.599962e-01 -5.893527e-05 -6.189364e-05 -1.982847e-06 -1.363513e-04
11556.200000 9.143974e-01 9.199883e-03 9.100922e-03 5.644082e-01 -5.432677e-05 -6.679921e-05 3.860553e-06 -1.431785e-04
11556.400000 9.016347e-01 9.045692e-03 8.933836e-03 5.567773e-01 -6.287777e-05 -7.670936e-05 1.324515e-05 -1.285816e-04
11556.600000 9.040142e-01 9.004303e-03 8.710015e-03 5.591594e-01 -6.423088e-05 -6.968260e-05 5.020519e-07 -1.454524e-04
11556.800000 8.901875e-01 8.822562e-03 8.554679e-03 5.476411e-01 -6.038994e-05 -6.641567e-05 1.648986e-06 -1.388029e-04
11557.000000 9.017727e-01 8.970054e-03 8.574631e-03 5.565130e-01 -6.116114e-05 -7.934119e-05 5.124422e-06 -1.344831e-04
11557.200000 9.197977e-01 9.264585e-03 8.801307e-03 5.703869e-01 -4.937194e-05 -7.442991e-05 1.546517e-05 -1.347006e-04
11557.400000 9.132524e-01 9.160818e-03 8.529157e-03 5.676222e-01 -6.026034e-05 -6.643678e-05 1.758445e-05 -1.333563e-04
11557.600000 8.992781e-01 8.969820e-03 8.317614e-03 5.570976e-01 -7.008397e-05 -6.410231e-05 9.079564e-06 -1.293636e-04
11557.800000 8.987665e-01 8.912238e-03 8.071877e-03 5.595809e-01 -6.353134e-05 -6.434774e-05 1.830756e-05 -1.412590e-04
11558.000000 9.069368e-01 9.015072e-03 8.201486e-03 5.647334e-01 -5.512671e-05 -6.939628e-05 1.418654e-05 -1.322836e-04
11558.200000 8.945453e-01 8.930755e-03 7.918453e-03 5.603597e-01 -5.703233e-05 -7.212927e-05 1.249990e-05 -1.215261e-04
11558.400000 9.021697e-01 8.985856e-03 7.799912e-03 5.623972e-01 -5.993987e-05 -6.764493e-05 -2.254696e-06 -1.255696e-04
11558.600000 8.783090e-01 8.682205e-03 7.417330e-03 5.487373e-01 -5.906291e-05 -7.052026e-05 1.176203e-05 -1.166324e-04
11558.800000 9.179557e-01 9.092807e-03 7.697207e-03 5.757334e-01 -6.967325e-05 -7.383006e-05 1.138985e-05 -1.303148e-04
11559.000000 9.135968e-01 9.145513e-03 7.831978e-03 5.743105e-01 -6.980395e-05 -7.189869e-05 -6.252683e-07 -1.303375e-04
11559.200000 8.920094e-01 8.927109e-03 7.480148e-03 5.597964e-01 -8.078198e-05 -6.878890e-05 -4.229028e-07 -1.272276e-04
11559.400000 9.281142e-01 9.370138e-03 7.616062e-03 5.853801e-01 -8.806010e-05 -5.742865e-05 1.240642e-05 -1.171922e-04
11559.600000 9.054649e-01 8.984046e-03 7.194356e-03 5.727048e-01 -7.287802e-05 -6.116909e-05 1.228787e-05 -1.167473e-04
11559.800000 8.767826e-01 8.485919e-03 6.552486e-03 5.545875e-01 -6.403813e-05 -6.270095e-05 1.829604e-05 -1.273407e-04
11560.000000 9.081941e-01 9.042136e-03 6.774207e-03 5.789128e-01 -6.608716e-05 -7.408740e-05 1.159109e-05 -1.247075e-04
11560.200000 9.066920e-01 9.009128e-03 6.674692e-03 5.780491e-01 -6.658046e-05 -7.083446e-05 1.712888e-05 -1.210204e-04
11560.400000 9.012745e-01 8.962529e-03 6.425551e-03 5.743796e-01 -6.209769e-05 -7.798006e-05 1.805197e-05 -1.316336e-04
11560.600000 9.008618e-01 8.904017e-03 6.293568e-03 5.774521e-01 -5.207898e-05 -7.452794e-05 1.026054e-05 -1.266346e-04
11560.800000 9.060254e-01 8.931102e-03 6.061100e-03 5.816507e-01 -5.235410e-05 -6.526006e-05 5.624408e-06 -1.295392e-04
11561.000000 9.177058e-01 9.195513e-03 5.991788e-03 5.930987e-01 -4.873687e-05 -6.769887e-05 9.627592e-07 -1.287847e-04
11561.200000 9.186476e-01 9.218992e-03 5.792233e-03 5.951139e-01 -5.098180e-05 -6.877934e-05 1.469323e-06 -1.339902e-04
11561.400000 9.065502e-01 8.945584e-03 5.378812e-03 5.867623e-01 -4.763622e-05 -7.414036e-05 3.862079e-06 -1.307428e-04
11561.600000 8.876108e-01 8.651571e-03 5.051863e-03 5.739143e-01 -4.728100e-05 -7.474735e-05 1.512534e-06 -1.283568e-04
11561.800000 9.099913e-01 8.930609e-03 5.010671e-03 5.958293e-01 -5.123128e-05 -7.671929e-05 1.020451e-06 -1.246030e-04
11562.000000 9.012318e-01 8.904157e-03 4.628031e-03 5.921729e-01 -5.763242e-05 -7.582398e-05 1.642861e-05 -1.185436e-04
11562.200000 9.000299e-01 8.798956e-03 4.426702e-03 5.952882e-01 -5.938244e-05 -8.340232e-05 2.396798e-05 -1.203208e-04
11562.400000 8.962630e-01 8.705466e-03 3.988574e-03 5.973013e-01 -5.774176e-05 -9.379048e-05 1.094390e-05 -1.161478e-04
11562.600000 9.068418e-01 8.836729e-03 3.940360e-03 6.057975e-01 -6.657048e-05 -9.478810e-05 8.646440e-06 -1.175265e-04
11562.800000 9.057780e-01 8.868469e-03 3.523779e-03 6.085005e-01 -7.257343e-05 -8.727923e-05 4.683841e-06 -1.237223e-04
11563.000000 9.110924e-01 8.898848e-03 3.450760e-03 6.160130e-01 -6.792945e-05 -7.873119e-05 1.367744e-05 -1.194152e-04
11563.200000 9.105142e-01 8.815521e-03 3.198621e-03 6.224857e-01 -6.359779e-05 -7.689882e-05 1.410842e-05 -1.220412e-04
11563.400000 9.067878e-01 8.824305e-03 3.090391e-03 6.249862e-01 -5.370103e-05 -6.793829e-05 1.047466e-05 -1.208684e-04
11563.600000 9.073047e-01 8.706617e-03 2.675980e-03 6.320136e-01 -6.408346e-05 -7.113210e-05 1.229724e-05 -1.217797e-04
11563.800000 9.096539e-01 8.741998e-03 2.528902e-03 6.383021e-01 -6.716406e-05 -7.303297e-05 8.977767e-06 -1.229976e-04
11564.000000 9.023537e-01 8.623662e-03 2.441884e-03 6.364551e-01 -6.545825e-05 -7.003456e-05 1.738304e-05 -1.243493e-04
11564.200000 9.008268e-01 8.549406e-03 2.071235e-03 6.431907e-01 -6.161917e-05 -6.917698e-05 1.403096e-05 -1.175302e-04
11564.400000 9.043439e-01 8.549341e-03 1.882123e-03 6.517845e-01 -6.431526e-05 -7.008745e-05 -5.721809e-06 -1.252552e-04
11564.600000 9.042699e-01 8.519976e-03 1.794432e-03 6.583899e-01 -6.219579e-05 -7.125009e-05 8.450092e-07 -1.255605e-04
11564.800000 9.015989e-01 8.378401e-03 1.654356e-03 6.650319e-01 -6.629318e-05 -7.709675e-05 1.207725e-05 -1.150807e-04
11565.000000 8.649373e-01 7.897880e-03 1.601458e-03 6.476439e-01 -6.861348e-05 -8.013948e-05 2.794958e-06 -1.270718e-04
11565.200000 9.188649e-01 8.560750e-03 1.463660e-03 6.937741e-01 -5.493255e-05 -7.762344e-05 -2.460827e-06 -1.305638e-04
11565.400000 9.074533e-01 8.378958e-03 1.529447e-03 6.943107e-01 -5.274655e-05 -7.933127e-05 6.648515e-06 -1.311744e-04
11565.600000 8.967328e-01 8.172163e-03 1.401703e-03 6.984080e-01 -4.482270e-05 -6.869528e-05 1.424015e-05 -1.295387e-04
11565.800000 9.057507e-01 8.235328e-03 1.354739e-03 7.130441e-01 -4.446912e-05 -5.741743e-05 3.111051e-05 -1.249974e-04
11566.000000 9.119395e-01 8.305318e-03 1.338076e-03 7.267258e-01 -4.287222e-05 -6.018325e-05 2.374690e-05 -1.296820e-04
11566.200000 8.961476e-01 8.005481e-03 1.222808e-03 7.227912e-01 -4.028804e-05 -6.445160e-05 1.841991e-05 -1.201978e-04
11566.400000 9.033424e-01 8.076125e-03 1.316430e-03 7.401925e-01 -4.383752e-05 -7.778740e-05 1.217669e-05 -1.222404e-04
11566.600000 9.063332e-01 8.080649e-03 1.159393e-03 7.480384e-01 -4.274648e-05 -6.779885e-05 -1.662383e-06 -1.573011e-04
11566.800000 8.974666e-01 7.880791e-03 1.234537e-03 7.454546e-01 -4.521852e-05 -7.374515e-05 1.568001e-06 -1.730432e-04
11567.000000 9.080791e-01 8.025025e-03 1.323691e-03 7.627531e-01 -5.079406e-05 -6.834483e-05 2.329725e-06 -1.786929e-04
11567.200000 9.094105e-01 8.012698e-03 1.233130e-03 7.691969e-01 -5.611042e-05 -6.226192e-05 1.104289e-05 -1.755753e-04
11567.400000 8.962999e-01 7.792984e-03 1.295947e-03 7.618607e-01 -5.790245e-05 -6.352877e-05 1.742817e-05 -1.740163e-04
11567.600000 9.089923e-01 7.959332e-03 1.270215e-03 7.763283e-01 -5.800818e-05 -6.904239e-05 5.383923e-06 -1.811869e-04
11567.800000 8.848256e-01 7.635609e-03 1.144397e-03 7.604256e-01 -5.997937e-05 -6.746233e-05 -4.118361e-06 -1.782193e-04
11568.000000 9.101208e-01 7.965360e-03 1.261767e-03 7.824942e-01 -5.741792e-05 -6.298082e-05 -6.518601e-06 -1.532255e-04
11568.200000 9.048728e-01 7.870423e-03 1.396470e-03 7.749041e-01 -6.472778e-05 -5.597145e-05 1.149185e-05 -1.153096e-04
11568.400000 8.956644e-01 7.716429e-03 1.271457e-03 7.705953e-01 -6.962651e-05 -5.637619e-05 1.708583e-06 -1.257855e-04
11568.600000 9.033275e-01 7.858424e-03 1.388400e-03 7.745077e-01 -6.347717e-05 -6.843863e-05 8.085493e-06 -1.261734e-04
11568.800000 9.019209e-01 7.858072e-03 1.407624e-03 7.709678e-01 -5.657582e-05 -6.971731e-05 1.812660e-05 -1.273738e-04
11569.000000 9.027290e-01 7.886544e-03 1.537398e-03 7.651108e-01 -5.585040e-05 -7.499073e-05 1.678611e-05 -1.202331e-04
11569.200000 9.057423e-01 7.972250e-03 1.467272e-03 7.616032e-01 -5.905566e-05 -7.241481e-05 1.068202e-05 -1.252159e-04
11569.400000 9.036165e-01 7.944877e-03 1.580403e-03 7.576308e-01 -6.414043e-05 -6.255217e-05 1.269782e-05 -1.202505e-04
11569.600000 9.094710e-01 8.072843e-03 1.538135e-03 7.561500e-01 -6.302881e-05 -5.697050e-05 1.180660e-05 -1.231754e-04
11569.800000 9.008896e-01 7.996240e-03 1.570877e-03 7.437827e-01 -6.252874e-05 -6.474943e-05 4.930146e-06 -1.525026e-04
11570.000000 9.050949e-01 8.082864e-03 1.570676e-03 7.404754e-01 -7.175796e-05 -6.850981e-05 6.454756e-06 -1.506015e-04
11570.200000 9.023151e-01 8.083501e-03 1.645524e-03 7.315094e-01 -6.124644e-05 -7.288933e-05 6.925556e-06 -1.428776e-04
11570.400000 9.007760e-01 8.110507e-03 1.744362e-03 7.238204e-01 -5.462525e-05 -7.496152e-05 1.270717e-05 -1.360643e-04
11570.600000 9.057560e-01 8.212254e-03 1.739155e-03 7.229720e-01 -6.204222e-05 -7.629519e-05 -1.638815e-06 -1.355207e-04
11570.800000 9.051481e-01 8.242435e-03 1.779274e-03 7.157559e-01 -6.177086e-05 -6.543029e-05 -5.435291e-06 -1.251590e-04
11571.000000 9.000297e-01 8.189956e-03 1.713983e-03 7.052118e-01 -5.939088e-05 -5.607017e-05 -2.222912e-06 -1.240829e-04
11571.200000 9.077373e-01 8.370180e-03 1.777695e-03 7.060209e-01 -7.059553e-05 -4.948731e-05 -5.035627e-06 -1.255233e-04
11571.400000 9.088525e-01 8.415115e-03 1.794671e-03 6.993845e-01 -6.885935e-05 -5.525085e-05 -1.142216e-06 -1.148722e-04
11571.600000 9.099791e-01 8.484115e-03 1.827292e-03 6.966363e-01 -6.840317e-05 -5.745791e-05 -2.653885e-06 -1.187603e-04
11571.800000 9.054423e-01 8.444350e-03 1.827787e-03 6.880223e-01 -7.432334e-05 -6.771203e-05 9.463926e-06 -1.252220e-04
11572.000000 9.043195e-01 8.429089e-03 1.903711e-03 6.812448e-01 -8.285940e-05 -5.521745e-05 1.053312e-05 -1.272120e-04
11572.200000 9.038908e-01 8.445188e-03 1.898512e-03 6.766541e-01 -8.202006e-05 -6.073225e-05 1.533905e-05 -1.244730e-04
11572.400000 9.038435e-01 8.482468e-03 1.960468e-03 6.713784e-01 -6.873899e-05 -5.223011e-05 2.092979e-05 -1.321895e-04
11572.600000 9.023046e-01 8.467832e-03 2.000697e-03 6.664465e-01 -6.612076e-05 -4.913195e-05 2.974518e-05 -1.296485e-04
11572.800000 8.981270e-01 8.429856e-03 1.994756e-03 6.604286e-01 -6.073271e-05 -5.306904e-05 3.173487e-05 -1.294418e-04
11573.000000 8.995037e-01 8.484250e-03 1.985657e-03 6.582081e-01 -6.310044e-05 -5.508180e-05 3.212701e-05 -1.284836e-04
11573.200000 8.982727e-01 8.501778e-03 1.983396e-03 6.537951e-01 -7.312216e-05 -4.555682e-05 4.715864e-05 -1.181766e-04
11573.400000 9.078550e-01 8.669909e-03 2.086431e-03 6.591675e-01 -7.714400e-05 -5.948619e-05 4.733108e-05 -1.270182e-04
11573.600000 8.964530e-01 8.517448e-03 2.059256e-03 6.461130e-01 -7.389902e-05 -6.853835e-05 2.161159e-05 -1.628315e-04
11573.800000 9.009912e-01 8.596049e-03 2.016677e-03 6.468934e-01 -7.952030e-05 -6.821675e-05 1.298542e-05 -1.679909e-04
11574.000000 9.069019e-01 8.696466e-03 2.048736e-03 6.490161e-01 -7.506822e-05 -5.248940e-05 7.901098e-06 -1.734842e-04
11574.200000 9.028418e-01 8.673883e-03 2.060192e-03 6.426157e-01 -5.934190e-05 -5.093995e-05 1.518171e-05 -1.852740e-04
11574.400000 9.033144e-01 8.694810e-03 2.097489e-03 6.422352e-01 -6.533275e-05 -6.032802e-05 1.785567e-05 -1.799699e-04
11574.600000 9.000625e-01 8.651213e-03 2.010469e-03 6.391912e-01 -7.569006e-05 -6.129905e-05 2.318502e-05 -1.757296e-04
11574.800000 9.045907e-01 8.739562e-03 2.009169e-03 6.400776e-01 -7.771380e-05 -6.243477e-05 2.711945e-05 -1.813743e-04
11575.000000 9.063917e-01 8.743430e-03 2.062588e-03 6.402561e-01 -7.784153e-05 -5.878476e-05 3.009922e-05 -1.782533e-04
11575.200000 9.010623e-01 8.661202e-03 2.012153e-03 6.355883e-01 -7.825851e-05 -5.653911e-05 2.625749e-05 -1.869916e-04
11575.400000 9.026649e-01 8.716810e-03 2.145908e-03 6.344387e-01 -7.852829e-05 -6.142115e-05 2.760036e-05 -1.893103e-04
11575.600000 8.985588e-01 8.682217e-03 2.074716e-03 6.306283e-01 -7.549011e-05 -6.768979e-05 2.604909e-05 -1.915332e-04
11575.800000 8.943149e-01 8.591545e-03 2.085893e-03 6.265187e-01 -6.172630e-05 -5.548490e-05 3.225301e-05 -1.970530e-04
11576.000000 8.997100e-01 8.697663e-03 2.088210e-03 6.311622e-01 -6.308758e-05 -4.662320e-05 2.698250e-05 -1.924361e-04
11576.200000 9.019614e-01 8.736639e-03 2.072496e-03 6.293123e-01 -6.676700e-05 -4.517524e-05 2.414106e-05 -1.950528e-04
11576.400000 9.006155e-01 8.733267e-03 2.197992e-03 6.292681e-01 -6.928887e-05 -4.349240e-05 2.037328e-05 -2.050851e-04
11576.600000 9.000758e-01 8.723820e-03 2.047502e-03 6.294786e-01 -6.654294e-05 -4.123779e-05 2.590270e-05 -2.068046e-04
11576.800000 8.997832e-01 8.769543e-03 2.126042e-03 6.277090e-01 -6.410092e-05 -4.239942e-05 3.108369e-05 -2.042237e-04
11577.000000 8.939869e-01 8.675516e-03 2.157542e-03 6.246378e-01 -5.694469e-05 -4.855800e-05 2.151237e-05 -2.056983e-04
11577.200000 9.010138e-01 8.752347e-03 2.095808e-03 6.290035e-01 -5.906186e-05 -4.679998e-05 2.050163e-05 -1.961518e-04
11577.400000 9.040862e-01 8.819629e-03 2.183045e-03 6.303508e-01 -6.736536e-05 -4.483892e-05 2.646352e-05 -1.997822e-04
11577.600000 9.054652e-01 8.867074e-03 2.130850e-03 6.316010e-01 -7.465422e-05 -5.353239e-05 1.567967e-05 -1.994196e-04
11577.800000 9.007642e-01 8.783702e-03 2.073993e-03 6.252893e-01 -6.913170e-05 -6.163922e-05 1.711514e-05 -2.038190e-04
11578.000000 9.067452e-01 8.887885e-03 2.059477e-03 6.322621e-01 -6.166458e-05 -6.262508e-05 1.704143e-05 -2.032788e-04
11578.200000 9.019892e-01 8.790194e-03 2.122572e-03 6.279737e-01 -6.418863e-05 -5.360365e-05 1.506019e-05 -1.550745e-04
11578.400000 8.892984e-01 8.599346e-03 2.162213e-03 6.179788e-01 -6.111145e-05 -4.995787e-05 1.594224e-05 -1.364264e-04
11578.600000 9.007548e-01 8.780602e-03 2.053641e-03 6.270298e-01 -7.442900e-05 -4.642207e-05 1.434193e-05 -1.367548e-04
11578.800000 8.962599e-01 8.709031e-03 2.036691e-03 6.253059e-01 -7.254353e-05 -4.814438e-05 -7.262368e-07 -1.381418e-04
11579.000000 9.090687e-01 8.895540e-03 1.969852e-03 6.358113e-01 -6.773453e-05 -5.061549e-05 1.064851e-06 -1.393035e-04
11579.200000 8.984859e-01 8.755275e-03 1.908087e-03 6.267261e-01 -6.096915e-05 -5.240444e-05 8.751783e-06 -1.346467e-04
11579.400000 8.917212e-01 8.640807e-03 1.943982e-03 6.227951e-01 -7.239269e-05 -6.089384e-05 -5.952060e-06 -1.375361e-04
11579.600000 9.103106e-01 8.957381e-03 1.924482e-03 6.370437e-01 -8.049059e-05 -6.196842e-05 -6.806761e-06 -1.373387e-04
11579.800000 8.965277e-01 8.709540e-03 2.016400e-03 6.242892e-01 -7.150963e-05 -6.019004e-05 -5.649718e-06 -1.407625e-04
11580.000000 8.920082e-01 8.640321e-03 1.824514e-03 6.232928e-01 -6.542147e-05 -6.335271e-05 -6.277096e-06 -1.327973e-04
11580.200000 9.025103e-01 8.791589e-03 1.830675e-03 6.330873e-01 -6.240197e-05 -5.763045e-05 -9.456067e-06 -1.260336e-04
11580.400000 9.038043e-01 8.855533e-03 2.148296e-03 6.317168e-01 -6.072904e-05 -5.548904e-05 -4.773766e-06 -1.256234e-04
11580.600000 8.906920e-01 8.645476e-03 2.002483e-03 6.230977e-01 -6.936231e-05 -4.952994e-05 7.443771e-06 -1.332293e-04
11580.800000 8.847396e-01 8.551669e-03 2.058458e-03 6.179357e-01 -7.766860e-05 -4.290808e-05 1.030438e-05 -1.455367e-04
11581.000000 9.051345e-01 8.856882e-03 1.931647e-03 6.320680e-01 -7.024156e-05 -4.870694e-05 -3.271684e-06 -1.472736e-04
11581.200000 8.953695e-01 8.698449e-03 2.037454e-03 6.260645e-01 -6.614562e-05 -4.725912e-05 3.590998e-07 -1.366794e-04
11581.400000 9.076016e-01 8.894577e-03 2.052786e-03 6.357199e-01 -6.241968e-05 -4.955344e-05 5.521870e-06 -1.346082e-04
11581.600000 9.015680e-01 8.835056e-03 2.009839e-03 6.324136e-01 -6.482579e-05 -5.782785e-05 8.588960e-06 -1.312868e-04
11581.800000 8.909933e-01 8.666737e-03 2.067039e-03 6.242080e-01 -6.235971e-05 -5.277826e-05 1.353214e-05 -1.328445e-04
11582.000000 8.887449e-01 8.578721e-03 2.033734e-03 6.246946e-01 -6.001070e-05 -5.380488e-05 1.861513e-05 -1.236898e-04
11582.200000 9.034725e-01 8.859843e-03 2.129255e-03 6.365926e-01 -6.271941e-05 -5.622565e-05 1.553488e-05 -1.251578e-04
11582.400000 9.023857e-01 8.823639e-03 2.129623e-03 6.332993e-01 -6.465668e-05 -5.691492e-05 1.936800e-05 -1.156696e-04
11582.600000 8.987090e-01 8.772621e-03 2.046736e-03 6.314937e-01 -6.918870e-05 -6.120542e-05 3.321763e-06 -1.158547e-04
11582.800000 9.157219e-01 8.991363e-03 2.114082e-03 6.423496e-01 -6.967980e-05 -5.051802e-05 -9.439200e-07 -1.089174e-04
11583.000000 8.893117e-01 8.677052e-03 1.970703e-03 6.243664e-01 -6.704747e-05 -5.720103e-05 -1.142886e-06 -1.091790e-04
11583.200000 9.008384e-01 8.801591e-03 2.107210e-03 6.350196e-01 -6.488230e-05 -6.223575e-05 -1.004195e-06 -1.247279e-04
11583.400000 9.042770e-01 8.818165e-03 2.136479e-03 6.356771e-01 -6.640005e-05 -6.442339e-05 4.528238e-06 -1.286632e-04
11583.600000 9.006391e-01 8.779761e-03 2.082659e-03 6.343905e-01 -7.096471e-05 -6.106058e-05 2.850684e-05 -1.201918e-04
11583.800000 9.110504e-01 9.034388e-03 2.137594e-03 6.424878e-01 -7.230818e-05 -6.899443e-05 1.799438e-05 -1.224373e-04
11584.000000 8.985283e-01 8.827140e-03 2.041725e-03 6.347183e-01 -7.146705e-05 -7.035382e-05 2.330200e-05 -1.097558e-04
11584.200000 8.914048e-01 8.685450e-03 2.170887e-03 6.287861e-01 -6.957192e-05 -6.603591e-05 2.527817e-05 -1.221018e-04
11584.400000 8.997326e-01 8.788926e-03 2.132380e-03 6.358930e-01 -6.822121e-05 -5.972788e-05 2.586811e-05 -1.284769e-04
11584.600000 9.070920e-01 8.878820e-03 2.198994e-03 6.404130e-01 -7.445105e-05 -6.308711e-05 8.418350e-06 -1.268042e-04
11584.800000 8.959859e-01 8.773338e-03 2.092904e-03 6.340330e-01 -7.499967e-05 -6.193199e-05 1.206084e-05 -1.140317e-04
11585.000000 8.686719e-01 8.406890e-03 2.430687e-03 6.123788e-01 -7.248385e-05 -5.271887e-05 3.601242e-05 -1.219096e-04
11585.200000 9.025638e-01 8.796823e-03 2.109756e-03 6.359302e-01 -8.367375e-05 -5.173559e-05 3.862328e-05 -1.137634e-04
11585.400000 8.901968e-01 8.667046e-03 2.194044e-03 6.294357e-01 -8.759625e-05 -5.738805e-05 3.906663e-05 -1.062556e-04
11585.600000 8.984616e-01 8.768057e-03 2.178253e-03 6.344319e-01 -8.047402e-05 -5.589864e-05 1.737534e-05 -1.130651e-04
11585.800000 8.970694e-01 8.776891e-03 2.198332e-03 6.355018e-01 -8.660877e-05 -5.893568e-05 2.999209e-05 -1.155163e-04
11586.000000 9.108327e-01 8.932310e-03 2.251794e-03 6.451422e-01 -8.308225e-05 -4.904583e-05 2.613203e-05 -1.215219e-04
11586.200000 8.906195e-01 8.662444e-03 2.240922e-03 6.310290e-01 -6.783859e-05 -4.854288e-05 2.218466e-05 -1.204033e-04
11586.400000 8.992298e-01 8.823872e-03 2.185037e-03 6.388450e-01 -7.154070e-05 -4.476252e-05 6.325089e-06 -1.185808e-04
11586.600000 9.057852e-01 8.924349e-03 2.269478e-03 6.427576e-01 -7.564113e-05 -4.083315e-05 1.028715e-05 -1.196325e-04
11586.800000 8.879523e-01 8.666265e-03 2.183987e-03 6.282473e-01 -7.882208e-05 -5.256388e-05 9.480160e-06 -1.117104e-04
11587.000000 8.998746e-01 8.816094e-03 2.080763e-03 6.383980e-01 -8.002413e-05 -6.348336e-05 1.151477e-05 -1.197028e-04
11587.200000 8.651836e-01 8.378837e-03 2.102334e-03 6.134844e-01 -7.011005e-05 -5.979159e-05 1.786757e-05 -1.133614e-04
11587.400000 9.060121e-01 8.958805e-03 2.164012e-03 6.412433e-01 -6.843308e-05 -5.800361e-05 4.877213e-06 -1.124868e-04
11587.600000 9.112501e-01 8.966111e-03 2.204508e-03 6.488137e-01 -7.555647e-05 -6.187624e-05 5.690181e-06 -1.144634e-04
11587.800000 8.940617e-01 8.742198e-03 2.035920e-03 6.347009e-01 -6.209390e-05 -5.364256e-05 8.332832e-06 -1.230093e-04
11588.000000 8.960290e-01 8.803446e-03 2.156155e-03 6.361542e-01 -6.861414e-05 -5.961231e-05 7.739146e-06 -1.184207e-04
11588.200000 8.978924e-01 8.810314e-03 2.208738e-03 6.382362e-01 -6.833841e-05 -4.617239e-05 2.218921e-05 -1.095958e-04
11588.400000 9.047727e-01 8.918554e-03 2.155064e-03 6.453381e-01 -6.046232e-05 -4.481347e-05 1.815156e-05 -1.098388e-04
11588.600000 8.997622e-01 8.867535e-03 2.247307e-03 6.383734e-01 -6.485939e-05 -4.144739e-05 2.578154e-05 -1.079245e-04
11588.800000 8.922773e-01 8.740478e-03 2.043400e-03 6.337998e-01 -6.475191e-05 -3.637253e-05 3.224510e-05 -1.098078e-04
11589.000000 8.957627e-01 8.732172e-03 2.191362e-03 6.395804e-01 -6.302214e-05 -3.442297e-05 1.305907e-05 -1.206134e-04
11589.200000 9.020374e-01 8.854457e-03 2.111804e-03 6.445896e-01 -6.509100e-05 -4.902540e-05 1.296890e-05 -1.259790e-04
11589.400000 8.914665e-01 8.733313e-03 2.154937e-03 6.399754e-01 -6.878351e-05 -5.174027e-05 1.624399e-05 -1.248276e-04
11589.600000 9.006187e-01 8.801674e-03 2.216743e-03 6.406336e-01 -6.791730e-05 -3.849373e-05 1.857014e-05 -1.350319e-04
11589.800000 8.946467e-01 8.765797e-03 1.956588e-03 6.375532e-01 -6.507952e-05 -4.037949e-05 1.279449e-05 -1.308366e-04
11590.000000 8.874969e-01 8.671793e-03 2.064693e-03 6.338817e-01 -6.752918e-05 -4.540545e-05 2.929098e-05 -1.298771e-04
11590.200000 8.977269e-01 8.824837e-03 2.137242e-03 6.408737e-01 -7.819922e-05 -4.602028e-05 1.888698e-05 -1.306979e-04
11590.400000 8.975934e-01 8.797125e-03 1.858882e-03 6.395748e-01 -6.623309e-05 -4.558851e-05 4.837253e-06 -1.327138e-04
11590.600000 9.020254e-01 8.874546e-03 2.031304e-03 6.414996e-01 -6.560460e-05 -3.590991e-05 9.790712e-06 -1.223106e-04
11590.800000 8.911618e-01 8.777177e-03 1.921651e-03 6.413190e-01 -6.170308e-05 -3.288762e-05 -1.402881e-06 -1.203053e-04
11591.000000 9.021546e-01 8.827489e-03 2.018037e-03 6.434598e-01 -6.132283e-05 -2.641875e-05 3.697849e-06 -1.106209e-04
11591.200000 8.870919e-01 8.682141e-03 1.946049e-03 6.361354e-01 -6.733246e-05 -3.445422e-05 -5.970476e-06 -1.194233e-04
11591.400000 8.978674e-01 8.785407e-03 2.008548e-03 6.428326e-01 -6.938277e-05 -4.855670e-05 4.239793e-06 -1.192449e-04
11591.600000 9.235393e-01 9.144822e-03 2.014572e-03 6.577303e-01 -7.127493e-05 -5.098978e-05 -1.692747e-06 -1.253908e-04
11591.800000 8.859978e-01 8.680313e-03 1.913716e-03 6.366847e-01 -5.883637e-05 -5.084284e-05 -4.104119e-06 -1.285853e-04
11592.000000 8.916497e-01 8.757240e-03 1.941292e-03 6.392963e-01 -5.596205e-05 -5.486894e-05 -1.148338e-05 -1.230401e-04
11592.200000 8.894899e-01 8.670834e-03 1.876666e-03 6.386714e-01 -5.421340e-05 -5.228687e-05 -9.580508e-06 -1.205973e-04
11592.400000 8.940960e-01 8.734733e-03 1.894182e-03 6.425359e-01 -5.965887e-05 -4.494917e-05 2.624175e-06 -1.255737e-04
11592.600000 9.015076e-01 8.894830e-03 1.928598e-03 6.459722e-01 -5.172839e-05 -4.587212e-05 3.251154e-05 -1.201385e-04
11592.800000 8.961296e-01 8.802234e-03 2.017061e-03 6.418584e-01 -5.029189e-05 -5.380674e-05 2.184491e-05 -1.284990e-04
11593.000000 9.067400e-01 8.970036e-03 1.910165e-03 6.478162e-01 -6.547445e-05 -5.129802e-05 1.415389e-05 -1.199241e-04
11593.200000 8.848422e-01 8.644625e-03 1.950134e-03 6.319044e-01 -7.092420e-05 -3.989285e-05 1.494027e-05 -1.166542e-04
11593.400000 9.025626e-01 8.858191e-03 1.837292e-03 6.486826e-01 -7.172612e-05 -4.781965e-05 1.999857e-05 -1.325904e-04
11593.600000 9.058349e-01 8.924772e-03 1.882002e-03 6.492334e-01 -6.726586e-05 -4.488691e-05 1.449368e-05 -1.390966e-04
11593.800000 9.048428e-01 8.927462e-03 1.885570e-03 6.482617e-01 -6.478528e-05 -4.498139e-05 1.259041e-05 -1.282562e-04
11594.000000 8.981498e-01 8.846426e-03 1.958104e-03 6.464712e-01 -6.800749e-05 -4.556451e-05 1.651571e-05 -1.254477e-04
11594.200000 9.029831e-01 8.825199e-03 1.914512e-03 6.518113e-01 -6.814302e-05 -4.563097e-05 2.078344e-05 -1.247181e-04
11594.400000 8.787057e-01 8.634419e-03 1.830835e-03 6.354249e-01 -6.664622e-05 -5.137215e-05 2.312641e-05 -1.164726e-04
11594.600000 8.793398e-01 8.543517e-03 1.822456e-03 6.322816e-01 -6.961031e-05 -5.498754e-05 1.020675e-05 -1.304249e-04
11594.800000 8.937851e-01 8.761063e-03 1.766698e-03 6.437856e-01 -7.438806e-05 -5.054619e-05 1.735545e-05 -1.171543e-04
11595.000000 9.058618e-01 8.970226e-03 1.798244e-03 6.518940e-01 -7.089116e-05 -4.729495e-05 2.481121e-05 -1.099817e-04
11595.200000 8.998636e-01 8.862224e-03 1.869634e-03 6.471750e-01 -7.132129e-05 -4.762717e-05 2.507672e-05 -1.120886e-04
11595.400000 8.943894e-01 8.772988e-03 1.818728e-03 6.447483e-01 -7.352087e-05 -5.798234e-05 1.799071e-05 -1.163946e-04
11595.600000 8.875972e-01 8.692037e-03 1.747992e-03 6.418447e-01 -7.222496e-05 -6.048412e-05 1.451536e-05 -1.246359e-04
11595.800000 8.971885e-01 8.802954e-03 1.920994e-03 6.440798e-01 -6.698983e-05 -5.947493e-05 1.297209e-05 -1.341100e-04
11596.000000 8.899544e-01 8.727842e-03 1.787959e-03 6.417428e-01 -7.710634e-05 -5.009689e-05 1.701804e-05 -1.205197e-04
11596.200000 9.021833e-01 8.900031e-03 1.930020e-03 6.481667e-01 -8.033412e-05 -4.592173e-05 5.040681e-07 -1.278524e-04
11596.400000 8.997067e-01 8.860723e-03 1.942920e-03 6.473838e-01 -8.114137e-05 -5.169904e-05 1.575801e-05 -1.349475e-04
11596.600000 8.902247e-01 8.740477e-03 1.931624e-03 6.428402e-01 -8.181485e-05 -5.352875e-05 1.940252e-05 -1.326602e-04
11596.800000 8.969820e-01 8.754808e-03 1.898695e-03 6.455117e-01 -6.618220e-05 -4.943013e-05 3.269767e-05 -1.310859e-04
11597.000000 8.880280e-01 8.666870e-03 1.924253e-03 6.402222e-01 -7.301243e-05 -5.385549e-05 2.040119e-05 -1.379867e-04
11597.700000 8.961373e-01 8.818322e-03 1.913295e-03 6.497125e-01 -7.572691e-05 -5.402090e-05 1.087499e-05 -1.322960e-04
11598.400000 8.952741e-01 8.801311e-03 1.967009e-03 6.460270e-01 -7.722140e-05 -5.211988e-05 2.559442e-05 -1.201645e-04
11599.100000 8.947901e-01 8.807431e-03 2.073695e-03 6.477611e-01 -7.455473e-05 -3.802268e-05 2.662821e-05 -1.299212e-04
11599.800000 8.940584e-01 8.773882e-03 2.049260e-03 6.500047e-01 -8.409996e-05 -3.801593e-05 2.580945e-05 -1.186277e-04
11600.500000 8.991686e-01 8.845881e-03 2.133674e-03 6.518316e-01 -7.432627e-05 -4.459514e-05 2.617322e-05 -1.182026e-04
11601.200000 8.912985e-01 8.759275e-03 2.071829e-03 6.490652e-01 -7.355375e-05 -4.460145e-05 2.164103e-05 -1.146995e-04
11601.900000 8.950948e-01 8.844102e-03 2.077861e-03 6.520687e-01 -7.757739e-05 -4.558041e-05 2.713979e-05 -1.115888e-04
11602.600000 8.894048e-01 8.727559e-03 2.148632e-03 6.487570e-01 -8.363086e-05 -4.733852e-05 2.080583e-05 -1.291228e-04
11603.300000 8.953962e-01 8.822239e-03 2.114466e-03 6.548766e-01 -7.046954e-05 -4.355167e-05 1.987995e-05 -1.618927e-04
11604.993695 8.958634e-01 8.837232e-03 2.138952e-03 6.573990e-01 -6.220155e-05 -5.331935e-05 1.615321e-05 -1.684320e-04
11605.999583 8.892068e-01 8.751345e-03 2.146400e-03 6.522945e-01 -7.256230e-05 -4.672975e-05 1.502157e-05 -1.550471e-04
11607.017662 8.944070e-01 8.838880e-03 2.160690e-03 6.567381e-01 -7.775487e-05 -4.876416e-05 1.807437e-05 -1.282895e-04
11608.047933 8.962678e-01 8.854909e-03 2.154672e-03 6.609701e-01 -8.157236e-05 -5.296825e-05 6.000322e-06 -1.261526e-04
11609.090396 8.899681e-01 8.769812e-03 2.125269e-03 6.582396e-01 -7.273634e-05 -4.681619e-05 3.986693e-06 -1.266949e-04
11610.145051 8.903470e-01 8.776709e-03 2.117866e-03 6.599607e-01 -7.198893e-05 -3.660518e-05 8.427611e-06 -1.359337e-04
11611.211898 8.913636e-01 8.794938e-03 2.078328e-03 6.618448e-01 -7.438871e-05 -3.096866e-05 7.585639e-06 -1.302492e-04
11612.290937 8.934838e-01 8.813008e-03 2.084903e-03 6.643986e-01 -7.182953e-05 -3.991521e-05 1.089749e-05 -1.249908e-04
11613.382167 8.923529e-01 8.813876e-03 2.091151e-03 6.640831e-01 -7.367325e-05 -4.528603e-05 1.460129e-05 -1.220878e-04
11614.485590 8.914289e-01 8.828410e-03 2.064999e-03 6.643879e-01 -6.846537e-05 -5.938302e-05 9.130224e-06 -1.270824e-04
11615.601204 8.939501e-01 8.869754e-03 1.979197e-03 6.668616e-01 -6.863226e-05 -5.266876e-05 1.135349e-05 -1.264119e-04
11616.729011 8.902343e-01 8.823931e-03 1.984999e-03 6.645977e-01 -7.734992e-05 -5.386371e-05 2.013819e-05 -1.275120e-04
11617.869009 8.924882e-01 8.866783e-03 1.943256e-03 6.658385e-01 -7.558235e-05 -4.942042e-05 1.404365e-05 -1.255212e-04
11619.021199 8.945355e-01 8.919185e-03 1.937926e-03 6.678463e-01 -7.159674e-05 -4.886134e-05 7.081934e-06 -1.305520e-04
11620.185582 8.927872e-01 8.911765e-03 1.892246e-03 6.653588e-01 -6.888039e-05 -4.693676e-05 9.571841e-06 -1.268213e-04
11621.362156 8.925328e-01 8.922543e-03 1.920410e-03 6.636930e-01 -6.981819e-05 -5.329866e-05 1.113175e-05 -1.177613e-04
11622.550922 8.934869e-01 8.964475e-03 1.994693e-03 6.617867e-01 -6.742596e-05 -6.563351e-05 1.556523e-05 -1.181183e-04
11623.751879 8.916748e-01 8.966549e-03 1.951383e-03 6.574247e-01 -7.579353e-05 -6.761035e-05 1.083914e-05 -1.235355e-04
11624.965029 8.914393e-01 8.991471e-03 2.002076e-03 6.568168e-01 -8.154648e-05 -6.769571e-05 -3.578123e-06 -1.316681e-04
11626.190371 8.911507e-01 9.015054e-03 1.993662e-03 6.550767e-01 -8.299996e-05 -5.886900e-05 6.709077e-06 -1.263635e-04
11627.427904 8.933400e-01 9.082167e-03 2.002889e-03 6.561391e-01 -8.049305e-05 -5.717531e-05 1.048067e-05 -1.201337e-04
11628.677630 8.920738e-01 9.073233e-03 2.007506e-03 6.526721e-01 -6.724987e-05 -6.005885e-05 1.709723e-05 -1.315265e-04
11629.939547 8.920453e-01 9.087688e-03 2.075489e-03 6.505079e-01 -6.724768e-05 -5.509881e-05 1.061153e-05 -1.373393e-04
11631.213657 8.903591e-01 9.114669e-03 2.117227e-03 6.488143e-01 -7.564245e-05 -3.139236e-05 7.812094e-06 -1.379356e-04
11632.499958 8.904896e-01 9.128650e-03 2.098914e-03 6.474692e-01 -6.855392e-05 -3.626475e-05 9.490335e-06 -1.397183e-04
11633.798451 8.897067e-01 9.127397e-03 2.110307e-03 6.468923e-01 -6.134609e-05 -4.030664e-05 1.601973e-05 -1.379302e-04
11635.109136 8.907607e-01 9.149800e-03 2.172997e-03 6.478336e-01 -6.615524e-05 -4.273516e-05 1.537549e-05 -1.465682e-04
11636.432013 8.890251e-01 9.138108e-03 2.145541e-03 6.464004e-01 -5.788452e-05 -4.653526e-05 2.404200e-06 -1.778467e-04
11637.767082 8.894206e-01 9.175870e-03 2.181539e-03 6.444658e-01 -6.409917e-05 -4.624747e-05 6.686364e-06 -1.806220e-04
11639.114342 8.891528e-01 9.190704e-03 2.215804e-03 6.459419e-01 -6.916926e-05 -4.693878e-05 2.500544e-06 -1.813785e-04
11640.473795 8.884926e-01 9.184451e-03 2.256451e-03 6.454224e-01 -6.847922e-05 -4.300197e-05 3.976663e-06 -1.890669e-04
11641.845440 8.890878e-01 9.229165e-03 2.286192e-03 6.469277e-01 -6.086881e-05 -4.161681e-05 9.597071e-06 -1.926077e-04
11643.229276 8.873808e-01 9.216908e-03 2.249065e-03 6.438272e-01 -6.539270e-05 -4.832883e-05 2.366131e-06 -1.932195e-04
11644.625305 8.876739e-01 9.247879e-03 2.367757e-03 6.462099e-01 -7.001239e-05 -5.380733e-05 6.762349e-06 -1.827818e-04
11646.033525 8.864565e-01 9.231614e-03 2.341678e-03 6.454997e-01 -7.257049e-05 -4.432985e-05 1.045079e-05 -1.861354e-04
11647.453937 8.868098e-01 9.245412e-03 2.325073e-03 6.450968e-01 -7.988467e-05 -3.645789e-05 -5.667736e-08 -1.935662e-04
11648.886541 8.842406e-01 9.230811e-03 2.296963e-03 6.437646e-01 -8.051030e-05 -3.564751e-05 6.110518e-06 -1.868250e-04
11650.331337 8.835528e-01 9.227061e-03 2.324349e-03 6.464120e-01 -8.024474e-05 -4.266757e-05 2.536184e-06 -1.921399e-04
11651.788325 8.840999e-01 9.229020e-03 2.291244e-03 6.465025e-01 -8.227296e-05 -4.419002e-05 5.286947e-06 -1.949123e-04
11653.257505 8.851382e-01 9.264271e-03 2.302487e-03 6.472474e-01 -8.299474e-05 -4.743484e-05 4.395403e-06 -1.980639e-04
11654.738877 8.862018e-01 9.306097e-03 2.308809e-03 6.490306e-01 -8.422070e-05 -5.539291e-05 1.175735e-05 -1.956362e-04
11656.232440 8.855510e-01 9.313211e-03 2.273408e-03 6.484208e-01 -7.808805e-05 -4.100080e-05 1.708575e-05 -1.912370e-04
11657.738196 8.848971e-01 9.320969e-03 2.233534e-03 6.485146e-01 -7.707686e-05 -3.412347e-05 1.161209e-05 -1.869375e-04
11659.256143 8.849195e-01 9.349251e-03 2.210809e-03 6.483005e-01 -7.139792e-05 -3.589830e-05 1.845203e-05 -1.835878e-04
11660.786283 8.857598e-01 9.380402e-03 2.269215e-03 6.498248e-01 -7.150808e-05 -4.172817e-05 1.086574e-05 -1.919949e-04
11662.328614 8.836890e-01 9.356981e-03 2.224059e-03 6.479995e-01 -6.987124e-05 -4.932942e-05 1.116186e-05 -1.930013e-04
11663.883137 8.837130e-01 9.380927e-03 2.207356e-03 6.489520e-01 -6.580941e-05 -5.069120e-05 1.095840e-05 -1.785019e-04
11665.449852 8.832921e-01 9.368305e-03 2.199317e-03 6.485657e-01 -6.009603e-05 -5.214652e-05 8.331198e-06 -1.333845e-04
11667.028759 8.834896e-01 9.404904e-03 2.211450e-03 6.493994e-01 -6.028758e-05 -5.700619e-05 8.857827e-06 -1.274628e-04
11668.619858 8.801262e-01 9.371255e-03 2.216577e-03 6.485137e-01 -6.407200e-05 -5.724328e-05 4.326147e-06 -1.353265e-04
11670.223149 8.839638e-01 9.449839e-03 2.228434e-03 6.513705e-01 -6.969428e-05 -5.517435e-05 1.496910e-06 -1.314749e-04
11671.838632 8.815002e-01 9.409958e-03 2.224630e-03 6.494830e-01 -7.693229e-05 -6.329098e-05 1.287048e-05 -1.344612e-04
11673.466307 8.816815e-01 9.438654e-03 2.240828e-03 6.500897e-01 -7.230192e-05 -6.554202e-05 8.407752e-06 -1.362863e-04
11675.106173 8.813136e-01 9.457819e-03 2.224988e-03 6.509203e-01 -7.360336e-05 -5.856414e-05 2.472672e-06 -1.376587e-04
11676.758232 8.805396e-01 9.464646e-03 2.228400e-03 6.517004e-01 -7.345872e-05 -6.244060e-05 1.003119e-05 -1.330259e-04
11678.422482 8.776407e-01 9.448352e-03 2.273058e-03 6.498721e-01 -6.996722e-05 -6.207114e-05 1.385724e-05 -1.253676e-04
11680.098924 8.788676e-01 9.478526e-03 2.268150e-03 6.504619e-01 -7.965119e-05 -5.977086e-05 1.556958e-05 -1.351015e-04
11681.787558 8.783890e-01 9.482863e-03 2.252497e-03 6.501144e-01 -7.318063e-05 -5.362643e-05 1.743391e-05 -1.475015e-04
11683.488385 8.789299e-01 9.522757e-03 2.261034e-03 6.521404e-01 -7.621670e-05 -5.542185e-05 2.016547e-05 -1.357852e-04
11685.201403 8.792701e-01 9.549807e-03 2.283622e-03 6.528565e-01 -7.499448e-05 -5.594941e-05 7.653238e-06 -1.314535e-04
11686.926613 8.793489e-01 9.572073e-03 2.260629e-03 6.530572e-01 -6.951589e-05 -5.501410e-05 1.231431e-05 -1.296677e-04
11688.664014 8.771512e-01 9.531450e-03 2.202147e-03 6.511820e-01 -6.651448e-05 -4.640346e-05 1.582924e-05 -1.327712e-04
11690.413608 8.795766e-01 9.594615e-03 2.264777e-03 6.540502e-01 -6.299269e-05 -5.012804e-05 1.423767e-05 -1.445067e-04
11692.175394 8.783382e-01 9.589802e-03 2.259084e-03 6.519615e-01 -5.659328e-05 -5.139653e-05 1.841877e-05 -1.448055e-04
11693.949371 8.765986e-01 9.598817e-03 2.245871e-03 6.519649e-01 -5.900097e-05 -4.424884e-05 1.240330e-05 -1.284397e-04
11695.735541 8.754637e-01 9.602226e-03 2.283143e-03 6.496367e-01 -6.582994e-05 -4.468097e-05 1.889960e-05 -1.163118e-04
11697.533902 8.778991e-01 9.681948e-03 2.317735e-03 6.530938e-01 -5.519122e-05 -4.539574e-05 9.050962e-06 -1.168830e-04
11699.344455 8.759506e-01 9.663600e-03 2.345371e-03 6.493907e-01 -5.549547e-05 -4.497923e-05 -5.139801e-06 -1.321888e-04
11701.167201 8.742410e-01 9.675613e-03 2.412045e-03 6.483193e-01 -5.344875e-05 -4.937663e-05 -1.205758e-05 -1.354052e-04
11703.002138 8.707266e-01 9.661892e-03 2.440716e-03 6.465015e-01 -5.280343e-05 -4.302618e-05 1.686011e-06 -1.411397e-04
11704.849267 8.742283e-01 9.700442e-03 2.401913e-03 6.498573e-01 -4.680177e-05 -3.921415e-05 1.120357e-05 -1.399270e-04
11706.708588 8.736972e-01 9.729301e-03 2.460680e-03 6.486674e-01 -4.816390e-05 -4.729231e-05 1.165715e-05 -1.369872e-04
11708.580100 8.738572e-01 9.768417e-03 2.441699e-03 6.472051e-01 -5.026299e-05 -5.639590e-05 7.282382e-06 -1.443297e-04
11710.463805 8.735203e-01 9.778238e-03 2.499986e-03 6.477729e-01 -5.199672e-05 -5.295612e-05 2.928623e-06 -1.350015e-04
11712.359702 8.739136e-01 9.803780e-03 2.495311e-03 6.484471e-01 -5.185206e-05 -4.365324e-05 9.197197e-06 -1.341235e-04
11714.267790 8.728261e-01 9.806469e-03 2.500544e-03 6.468731e-01 -6.045588e-05 -5.244739e-05 6.114013e-06 -1.659513e-04
11716.188071 8.732915e-01 9.837011e-03 2.437917e-03 6.472625e-01 -5.757529e-05 -4.680337e-05 1.344512e-05 -1.802886e-04
11718.120543 8.724889e-01 9.861557e-03 2.436814e-03 6.456919e-01 -5.894090e-05 -4.292584e-05 1.735848e-05 -1.662763e-04
11720.065207 8.721351e-01 9.880834e-03 2.463276e-03 6.454225e-01 -5.581666e-05 -4.482452e-05 1.403600e-05 -1.337900e-04
11722.022064 8.698946e-01 9.866393e-03 2.415172e-03 6.453119e-01 -5.885345e-05 -4.965143e-05 1.666396e-05 -1.170856e-04
11723.991112 8.708218e-01 9.919120e-03 2.409265e-03 6.451719e-01 -6.070273e-05 -4.973917e-05 1.921795e-05 -1.247320e-04
11725.972352 8.709964e-01 9.954153e-03 2.451312e-03 6.459426e-01 -5.071740e-05 -4.965388e-05 1.725432e-05 -1.400849e-04
11727.965784 8.698082e-01 9.952847e-03 2.429939e-03 6.449864e-01 -5.028933e-05 -5.265148e-05 1.747187e-05 -1.351104e-04
11729.971407 8.694083e-01 9.983871e-03 2.410774e-03 6.443378e-01 -4.459535e-05 -4.988117e-05 1.520677e-05 -1.308767e-04
11731.989223 8.657901e-01 9.954844e-03 2.425629e-03 6.412558e-01 -3.842273e-05 -4.754691e-05 1.404764e-05 -1.277751e-04
11734.019231 8.659602e-01 9.979181e-03 2.404457e-03 6.429031e-01 -4.249944e-05 -4.779574e-05 9.676945e-06 -1.305424e-04
11736.061430 8.671423e-01 1.001060e-02 2.414597e-03 6.436023e-01 -5.252811e-05 -4.701580e-05 -8.301143e-06 -1.431769e-04
11738.115822 8.678222e-01 1.004293e-02 2.408724e-03 6.432492e-01 -5.583761e-05 -4.122864e-05 9.025386e-06 -1.348420e-04
11740.182405 8.676561e-01 1.006005e-02 2.437683e-03 6.452297e-01 -6.017428e-05 -2.941554e-05 2.333643e-05 -1.299395e-04
11742.261180 8.680401e-01 1.008266e-02 2.443733e-03 6.447896e-01 -5.827081e-05 -2.649749e-05 2.223001e-05 -1.236819e-04
11744.352148 8.655477e-01 1.006584e-02 2.456305e-03 6.433685e-01 -6.001277e-05 -2.717523e-05 1.980189e-05 -1.154737e-04
11746.455307 8.671690e-01 1.012947e-02 2.504420e-03 6.457978e-01 -5.719073e-05 -3.341788e-05 2.196118e-05 -1.274286e-04
11748.570658 8.656894e-01 1.013287e-02 2.450879e-03 6.451893e-01 -5.310730e-05 -3.507178e-05 3.141160e-05 -1.311044e-04
11750.698201 8.659371e-01 1.015900e-02 2.452040e-03 6.478144e-01 -5.156031e-05 -3.505029e-05 2.654949e-05 -1.249587e-04
11752.837935 8.644097e-01 1.016061e-02 2.447377e-03 6.458158e-01 -5.282717e-05 -3.889324e-05 2.344458e-05 -1.278877e-04
11754.989862 8.643740e-01 1.018364e-02 2.461595e-03 6.468498e-01 -5.539733e-05 -4.019454e-05 2.139263e-05 -1.328060e-04
11757.153981 8.633589e-01 1.019633e-02 2.447375e-03 6.459456e-01 -4.857901e-05 -4.795299e-05 1.452471e-05 -1.325908e-04
11759.330291 8.633317e-01 1.022217e-02 2.409283e-03 6.429756e-01 -5.287552e-05 -5.026726e-05 2.427206e-05 -1.332336e-04
11761.518794 8.638297e-01 1.024045e-02 2.482197e-03 6.463303e-01 -5.590735e-05 -5.103326e-05 3.133790e-05 -1.599354e-04
11763.719488 8.617125e-01 1.023385e-02 2.548167e-03 6.457251e-01 -5.757996e-05 -4.872920e-05 2.847118e-05 -1.850731e-04
11765.932374 8.617664e-01 1.026460e-02 2.600402e-03 6.459108e-01 -5.837918e-05 -4.198196e-05 1.269060e-05 -1.908463e-04
11768.157453 8.623082e-01 1.030324e-02 2.604280e-03 6.472406e-01 -6.592754e-05 -4.621011e-05 1.895640e-05 -1.863391e-04
11770.394723 8.549937e-01 1.024000e-02 2.623690e-03 6.422338e-01 -6.999316e-05 -4.744650e-05 2.071983e-05 -1.780242e-04
11772.644185 8.512302e-01 1.024144e-02 2.660748e-03 6.380023e-01 -6.887734e-05 -4.581134e-05 1.789925e-05 -1.808894e-04
11774.905838 8.583154e-01 1.035621e-02 2.696853e-03 6.443322e-01 -6.198159e-05 -4.673554e-05 1.040795e-05 -1.583087e-04
11777.179684 8.590644e-01 1.039160e-02 2.655871e-03 6.457581e-01 -6.729321e-05 -4.471208e-05 1.534962e-05 -1.231895e-04
11779.465722 8.586488e-01 1.039924e-02 2.683839e-03 6.442643e-01 -7.390874e-05 -4.328137e-05 9.652887e-06 -1.341143e-04
11781.763952 8.591877e-01 1.043340e-02 2.692049e-03 6.454415e-01 -7.616338e-05 -4.656655e-05 1.529125e-05 -1.345558e-04
11784.074373 8.576596e-01 1.042753e-02 2.732451e-03 6.457246e-01 -6.164710e-05 -5.666531e-05 1.431649e-05 -1.259860e-04
11786.396987 8.581518e-01 1.045974e-02 2.748483e-03 6.454880e-01 -5.940035e-05 -5.049351e-05 7.894210e-06 -1.382370e-04
11788.731792 8.577206e-01 1.048540e-02 2.722960e-03 6.451113e-01 -7.021686e-05 -5.267284e-05 1.124968e-05 -1.376422e-04
11791.078789 8.572822e-01 1.051564e-02 2.742912e-03 6.441689e-01 -7.181461e-05 -5.760776e-05 1.339302e-05 -1.366014e-04
11793.437978 8.556552e-01 1.052641e-02 2.742215e-03 6.436915e-01 -6.624005e-05 -5.319683e-05 2.122155e-05 -1.326607e-04
11795.809359 8.561790e-01 1.056144e-02 2.736559e-03 6.441996e-01 -6.430174e-05 -5.051612e-05 1.200347e-05 -1.332163e-04
11798.192932 8.558259e-01 1.060540e-02 2.730090e-03 6.444387e-01 -6.490775e-05 -4.030355e-05 2.163291e-05 -1.394810e-04
11800.588697 8.550720e-01 1.060915e-02 2.705152e-03 6.442731e-01 -6.855484e-05 -3.596034e-05 2.526967e-05 -1.516672e-04
11802.996654 8.529112e-01 1.059578e-02 2.669491e-03 6.426211e-01 -6.087623e-05 -4.282464e-05 1.896004e-05 -1.472803e-04
11805.416803 8.542140e-01 1.062198e-02 2.664831e-03 6.427714e-01 -6.052089e-05 -3.847265e-05 2.553195e-05 -1.352779e-04
11807.849143 8.531520e-01 1.064303e-02 2.668689e-03 6.425844e-01 -5.535023e-05 -3.199763e-05 3.206654e-05 -1.332693e-04
11810.293676 8.532660e-01 1.068144e-02 2.638912e-03 6.422186e-01 -4.434218e-05 -3.223918e-05 3.138371e-05 -1.258814e-04
11812.750400 8.533138e-01 1.071883e-02 2.637782e-03 6.431093e-01 -5.418758e-05 -3.071278e-05 2.873084e-05 -1.701390e-04
11815.219317 8.529194e-01 1.074746e-02 2.647174e-03 6.412831e-01 -6.381430e-05 -3.901263e-05 1.890911e-05 -1.866074e-04
11817.700425 8.522938e-01 1.075250e-02 2.620535e-03 6.419798e-01 -7.004795e-05 -2.949983e-05 1.147863e-05 -1.504515e-04
11820.193725 8.494471e-01 1.075295e-02 2.648418e-03 6.389330e-01 -6.620329e-05 -2.837633e-05 2.802870e-05 -1.262015e-04
11822.699217 8.492681e-01 1.077113e-02 2.673002e-03 6.391744e-01 -5.413634e-05 -3.042113e-05 1.409422e-05 -1.267383e-04
11825.216901 8.507868e-01 1.085354e-02 2.745026e-03 6.415339e-01 -5.870578e-05 -3.636039e-05 1.039121e-05 -1.209421e-04
11827.746777 8.503589e-01 1.087879e-02 2.760675e-03 6.421942e-01 -6.504725e-05 -3.917827e-05 1.624215e-05 -1.268721e-04
11830.288845 8.467412e-01 1.085919e-02 2.782284e-03 6.391677e-01 -6.935551e-05 -4.018411e-05 3.384046e-05 -1.244318e-04
11832.843105 8.489953e-01 1.092041e-02 2.808423e-03 6.400887e-01 -6.273936e-05 -4.068093e-05 2.281364e-05 -1.202796e-04
11835.409556 8.475593e-01 1.093194e-02 2.868266e-03 6.400861e-01 -5.629260e-05 -4.173576e-05 1.624424e-05 -1.235029e-04
11837.988200 8.450226e-01 1.091117e-02 2.827007e-03 6.386702e-01 -5.846707e-05 -4.662066e-05 9.932478e-06 -1.269862e-04
11840.579035 8.456443e-01 1.096757e-02 2.931834e-03 6.383098e-01 -6.609902e-05 -4.856910e-05 1.577919e-05 -1.237341e-04
11843.182062 8.459163e-01 1.100827e-02 2.935085e-03 6.388243e-01 -6.633151e-05 -4.023476e-05 2.965147e-05 -1.205302e-04
11845.797282 8.421048e-01 1.098852e-02 2.947742e-03 6.368855e-01 -6.270918e-05 -5.136608e-05 2.551879e-05 -1.194712e-04
11848.424693 8.432600e-01 1.104920e-02 2.960433e-03 6.375262e-01 -6.532944e-05 -4.765756e-05 4.409998e-06 -1.191828e-04
11851.064296 8.439194e-01 1.106690e-02 2.966790e-03 6.385297e-01 -6.410346e-05 -4.878659e-05 7.127460e-06 -1.237621e-04
11853.716091 8.440975e-01 1.112869e-02 2.958041e-03 6.384526e-01 -5.841641e-05 -5.529723e-05 1.219683e-05 -1.274171e-04
11856.380078 8.433901e-01 1.113752e-02 2.938083e-03 6.384400e-01 -7.177901e-05 -4.235073e-05 2.734798e-06 -1.368477e-04
11859.056256 8.395672e-01 1.110117e-02 2.897833e-03 6.356673e-01 -6.932442e-05 -3.819572e-05 1.385414e-05 -1.301165e-04
11861.744627 8.377103e-01 1.111880e-02 2.995767e-03 6.343253e-01 -7.242831e-05 -3.389615e-05 2.046679e-05 -1.320121e-04
11864.445190 8.379677e-01 1.116600e-02 3.041360e-03 6.355323e-01 -6.459681e-05 -3.038644e-05 2.804227e-05 -1.412376e-04
11867.157944 8.400226e-01 1.121846e-02 3.019305e-03 6.370000e-01 -6.211167e-05 -3.765393e-05 2.611209e-05 -1.391269e-04
11869.882891 8.369040e-01 1.118533e-02 3.001007e-03 6.337169e-01 -7.668368e-05 -4.622288e-05 1.964488e-05 -1.387815e-04
11872.620029 8.379040e-01 1.125359e-02 3.050589e-03 6.360261e-01 -8.387234e-05 -5.104057e-05 7.449295e-06 -1.415843e-04
11875.369359 8.389272e-01 1.131620e-02 3.027595e-03 6.385006e-01 -7.793729e-05 -5.260841e-05 1.153562e-05 -1.525023e-04
11878.130881 8.383633e-01 1.132189e-02 3.052909e-03 6.365962e-01 -7.418017e-05 -4.811387e-05 1.634429e-05 -1.535151e-04
11880.904595 8.294228e-01 1.124006e-02 3.012417e-03 6.310803e-01 -7.369244e-05 -5.770219e-05 1.739571e-05 -1.534192e-04
11883.690501 8.303018e-01 1.127380e-02 2.967356e-03 6.326722e-01 -7.636840e-05 -5.400780e-05 2.023730e-05 -1.551315e-04
11886.488599 8.365026e-01 1.140705e-02 2.984607e-03 6.385360e-01 -7.208039e-05 -4.658735e-05 7.737415e-06 -1.441026e-04
11889.298889 8.360562e-01 1.142659e-02 3.016714e-03 6.380981e-01 -7.188243e-05 -4.080812e-05 -9.004853e-06 -1.517157e-04
11892.121371 8.354783e-01 1.145222e-02 2.975268e-03 6.372401e-01 -7.650617e-05 -4.871529e-05 6.476370e-06 -1.428322e-04
11894.956044 8.342424e-01 1.146119e-02 3.001894e-03 6.369440e-01 -7.608650e-05 -6.098750e-05 8.368228e-06 -1.369576e-04
11897.802910 8.343991e-01 1.150526e-02 3.009929e-03 6.367684e-01 -7.165722e-05 -6.686844e-05 1.695204e-05 -1.359665e-04
11900.661967 8.334361e-01 1.153764e-02 2.992690e-03 6.351891e-01 -6.828642e-05 -6.286117e-05 1.749028e-05 -1.344979e-04
11903.533217 8.338663e-01 1.158292e-02 3.042861e-03 6.367462e-01 -7.148159e-05 -6.094052e-05 1.428696e-05 -1.325101e-04
11906.416658 8.326519e-01 1.159723e-02 3.061956e-03 6.363214e-01 -6.249029e-05 -5.205444e-05 6.708259e-06 -1.300486e-04
11909.312291 8.317285e-01 1.160635e-02 3.115895e-03 6.354756e-01 -5.359205e-05 -4.816601e-05 2.039715e-05 -1.327499e-04
11912.220116 8.320018e-01 1.166242e-02 3.176799e-03 6.369682e-01 -5.181943e-05 -6.047634e-05 1.881694e-05 -1.286881e-04
11915.140133 8.306435e-01 1.167808e-02 3.216643e-03 6.347173e-01 -5.795484e-05 -5.933755e-05 1.222318e-05 -1.305934e-04
11918.072342 8.301095e-01 1.170857e-02 3.233102e-03 6.350797e-01 -6.784414e-05 -6.409279e-05 1.428785e-05 -1.324981e-04
11921.016743 8.294996e-01 1.175584e-02 3.255056e-03 6.362765e-01 -6.841773e-05 -6.013529e-05 1.253084e-05 -1.377025e-04
11923.973335 8.291110e-01 1.176708e-02 3.235634e-03 6.354034e-01 -5.824015e-05 -5.021031e-05 1.980715e-05 -1.298142e-04
11926.942120 8.290823e-01 1.180996e-02 3.259539e-03 6.350530e-01 -5.149465e-05 -4.924657e-05 2.772732e-05 -1.282197e-04
11929.923096 8.277810e-01 1.182529e-02 3.307098e-03 6.336657e-01 -5.350191e-05 -5.766005e-05 1.840099e-05 -1.287774e-04
11932.916265 8.270161e-01 1.187169e-02 3.306012e-03 6.330141e-01 -5.797360e-05 -5.639142e-05 2.286543e-05 -1.401831e-04
11935.921625 8.181117e-01 1.177407e-02 3.264929e-03 6.272887e-01 -5.964675e-05 -5.811956e-05 2.053897e-05 -1.419369e-04
11938.939177 8.206378e-01 1.184273e-02 3.278988e-03 6.283466e-01 -5.579944e-05 -5.747545e-05 1.366094e-05 -1.449051e-04
11941.968921 8.248959e-01 1.193913e-02 3.307870e-03 6.333545e-01 -5.395173e-05 -5.164764e-05 1.428780e-05 -1.372032e-04
11945.010858 8.247589e-01 1.197795e-02 3.344181e-03 6.327346e-01 -5.694974e-05 -4.368039e-05 1.986318e-05 -1.344721e-04
11948.064985 8.235453e-01 1.200590e-02 3.376767e-03 6.318590e-01 -5.636906e-05 -4.269683e-05 2.250560e-05 -1.344071e-04
11951.131305 8.227913e-01 1.202605e-02 3.355376e-03 6.328149e-01 -5.408677e-05 -4.287714e-05 2.474390e-05 -1.370523e-04
11954.209817 8.233293e-01 1.207783e-02 3.405147e-03 6.336119e-01 -5.983241e-05 -4.273263e-05 2.494785e-05 -1.394617e-04
11957.300521 8.217519e-01 1.209135e-02 3.406438e-03 6.309757e-01 -5.972779e-05 -5.442460e-05 2.534733e-05 -1.274871e-04
11960.403416 8.212736e-01 1.211974e-02 3.417692e-03 6.315936e-01 -6.413960e-05 -6.017917e-05 3.107759e-05 -1.321120e-04
11963.518504 8.208380e-01 1.217773e-02 3.428367e-03 6.311815e-01 -5.816796e-05 -6.131480e-05 2.481774e-05 -1.279972e-04
11966.645783 8.202565e-01 1.218541e-02 3.412268e-03 6.314323e-01 -5.907045e-05 -5.329450e-05 3.223143e-05 -1.225583e-04
11969.785255 8.194724e-01 1.220859e-02 3.385468e-03 6.301255e-01 -5.882549e-05 -5.559026e-05 4.104286e-05 -1.188833e-04
11972.936918 8.195325e-01 1.227646e-02 3.421254e-03 6.319279e-01 -5.119194e-05 -5.862662e-05 4.099610e-05 -1.149551e-04
11976.100773 8.190551e-01 1.232016e-02 3.447360e-03 6.311637e-01 -5.399967e-05 -6.928961e-05 4.313925e-05 -1.237810e-04
11979.276820 8.180073e-01 1.233651e-02 3.459302e-03 6.303044e-01 -5.656058e-05 -6.644055e-05 4.120423e-05 -1.215547e-04
11982.465059 8.169773e-01 1.236613e-02 3.466413e-03 6.310742e-01 -5.882002e-05 -6.297548e-05 3.760200e-05 -1.192035e-04
11985.665490 8.164839e-01 1.240548e-02 3.462235e-03 6.292588e-01 -5.681810e-05 -5.935195e-05 4.316441e-05 -1.252386e-04
11988.878112 8.165495e-01 1.245562e-02 3.462850e-03 6.309744e-01 -6.067085e-05 -5.920710e-05 4.481679e-05 -1.329754e-04
11992.102927 8.147749e-01 1.246101e-02 3.486313e-03 6.290760e-01 -6.054379e-05 -6.178560e-05 4.894217e-05 -1.288733e-04
11995.339934 8.140830e-01 1.250726e-02 3.526895e-03 6.272051e-01 -5.948171e-05 -6.015015e-05 3.417787e-05 -1.330643e-04
11998.589132 8.142243e-01 1.254841e-02 3.526914e-03 6.284046e-01 -5.507354e-05 -5.643669e-05 3.947548e-05 -1.340369e-04
12001.850523 8.130140e-01 1.256092e-02 3.569827e-03 6.285453e-01 -5.423525e-05 -6.343364e-05 4.130842e-05 -1.366104e-04
12005.124105 8.113818e-01 1.257622e-02 3.578648e-03 6.271351e-01 -5.044087e-05 -7.335062e-05 5.201093e-05 -1.312459e-04
12008.409879 8.119110e-01 1.261881e-02 3.624842e-03 6.277414e-01 -5.580725e-05 -7.438011e-05 4.134566e-05 -1.342509e-04
12011.707845 8.107873e-01 1.264556e-02 3.655090e-03 6.289320e-01 -5.265304e-05 -6.580216e-05 4.203595e-05 -1.354234e-04
12015.018003 8.111583e-01 1.269241e-02 3.736147e-03 6.292436e-01 -5.949482e-05 -6.158012e-05 3.957517e-05 -1.350127e-04
12018.340353 8.101066e-01 1.272948e-02 3.746283e-03 6.273378e-01 -6.220191e-05 -5.571980e-05 4.094236e-05 -1.306714e-04
12021.674895 8.088271e-01 1.274776e-02 3.750084e-03 6.275606e-01 -5.704672e-05 -5.349646e-05 4.238589e-05 -1.336862e-04
12025.021629 8.089366e-01 1.280985e-02 3.782025e-03 6.271435e-01 -5.870355e-05 -5.181873e-05 3.885666e-05 -1.421462e-04
12028.380554 8.084389e-01 1.283852e-02 3.808508e-03 6.275296e-01 -5.767103e-05 -5.460942e-05 4.102657e-05 -1.415275e-04
12031.751672 8.071562e-01 1.286117e-02 3.831550e-03 6.258613e-01 -4.848963e-05 -5.556226e-05 4.356054e-05 -1.470826e-04
12035.134982 8.061403e-01 1.288042e-02 3.832248e-03 6.256311e-01 -4.779738e-05 -6.255398e-05 3.354585e-05 -1.414019e-04
12038.530483 8.063452e-01 1.293152e-02 3.844826e-03 6.260536e-01 -4.643194e-05 -5.849594e-05 3.824933e-05 -1.386824e-04
12041.938176 8.051510e-01 1.297587e-02 3.872524e-03 6.260677e-01 -3.841539e-05 -5.777087e-05 4.330484e-05 -1.327436e-04
12045.358061 7.976364e-01 1.290287e-02 3.854191e-03 6.209149e-01 -4.447658e-05 -5.319617e-05 4.921310e-05 -1.249841e-04
12048.790139 7.941783e-01 1.288739e-02 3.823146e-03 6.183448e-01 -5.456925e-05 -4.743844e-05 5.723032e-05 -1.426675e-04
12052.234408 8.015722e-01 1.303921e-02 3.862975e-03 6.242697e-01 -6.048870e-05 -4.660427e-05 5.124750e-05 -1.371175e-04
12055.690868 8.019012e-01 1.309034e-02 3.872842e-03 6.260573e-01 -5.666880e-05 -5.324725e-05 4.250868e-05 -1.320540e-04
12059.159521 8.019715e-01 1.312957e-02 3.882199e-03 6.263034e-01 -4.508636e-05 -6.426841e-05 3.556036e-05 -1.318165e-04
12062.640366 8.010549e-01 1.316986e-02 3.895559e-03 6.233048e-01 -3.937674e-05 -6.820932e-05 4.220506e-05 -1.364075e-04
12066.133403 8.002300e-01 1.321883e-02 3.905401e-03 6.241710e-01 -3.950015e-05 -6.737186e-05 3.603019e-05 -1.425264e-04
12069.638631 7.995923e-01 1.326006e-02 3.955228e-03 6.233918e-01 -4.027284e-05 -6.523627e-05 2.589997e-05 -1.435670e-04
12073.156052 7.988083e-01 1.329519e-02 3.954914e-03 6.233031e-01 -4.595704e-05 -6.390944e-05 3.064407e-05 -1.400920e-04
12076.685664 7.980188e-01 1.333328e-02 3.985469e-03 6.238972e-01 -4.773787e-05 -6.029058e-05 3.041077e-05 -1.444450e-04
12080.227468 7.971436e-01 1.337056e-02 3.976699e-03 6.231794e-01 -3.966139e-05 -5.958571e-05 4.023404e-05 -1.403063e-04
12083.781465 7.938903e-01 1.336504e-02 3.969277e-03 6.204004e-01 -4.291841e-05 -5.829811e-05 4.376489e-05 -1.475106e-04
12087.347653 7.944420e-01 1.343768e-02 3.996474e-03 6.212797e-01 -4.672987e-05 -5.547452e-05 4.142025e-05 -1.544331e-04
12090.926033 7.953564e-01 1.350776e-02 4.055362e-03 6.225884e-01 -5.157405e-05 -5.676586e-05 2.941482e-05 -1.608466e-04
12094.516605 7.942227e-01 1.351652e-02 4.108309e-03 6.209801e-01 -4.864850e-05 -5.393578e-05 2.863563e-05 -1.611957e-04
12098.119369 7.934438e-01 1.357344e-02 4.153812e-03 6.211377e-01 -4.889514e-05 -6.320281e-05 2.901402e-05 -1.665120e-04
12101.734324 7.931896e-01 1.360698e-02 4.171552e-03 6.211188e-01 -5.040852e-05 -5.540015e-05 1.515515e-05 -1.679120e-04
12105.361472 7.924179e-01 1.363690e-02 4.209087e-03 6.211933e-01 -4.050275e-05 -5.025671e-05 2.726240e-05 -1.646814e-04
12109.000811 7.913079e-01 1.366612e-02 4.240053e-03 6.205187e-01 -3.704647e-05 -5.982481e-05 1.304847e-05 -1.638562e-04
12112.652343 7.909730e-01 1.372567e-02 4.183273e-03 6.202542e-01 -3.389500e-05 -6.044101e-05 1.536272e-05 -1.371363e-04
12116.316066 7.911415e-01 1.377217e-02 4.310683e-03 6.217940e-01 -3.714675e-05 -6.164885e-05 9.472587e-06 -1.192496e-04
12119.991982 7.892597e-01 1.379815e-02 4.336327e-03 6.209664e-01 -3.353208e-05 -5.961472e-05 1.351753e-05 -1.213180e-04
12123.680089 7.885082e-01 1.383620e-02 4.361884e-03 6.197586e-01 -3.311430e-05 -6.685985e-05 1.463267e-05 -1.196201e-04
12127.380388 7.878585e-01 1.388156e-02 4.414049e-03 6.181254e-01 -4.236307e-05 -6.040257e-05 5.706854e-06 -1.331209e-04
12131.092879 7.879790e-01 1.394739e-02 4.430058e-03 6.187552e-01 -5.520885e-05 -5.175712e-05 1.069795e-05 -1.362636e-04
12134.817562 7.867572e-01 1.396349e-02 4.454045e-03 6.189840e-01 -5.462398e-05 -5.816278e-05 1.418821e-05 -1.462115e-04
12138.554437 7.854230e-01 1.398938e-02 4.431154e-03 6.187397e-01 -4.549750e-05 -5.431321e-05 1.912549e-05 -1.563377e-04
12142.303503 7.852840e-01 1.405496e-02 4.489379e-03 6.178227e-01 -4.954087e-05 -5.597445e-05 8.670250e-06 -1.455743e-04
12146.064762 7.843605e-01 1.408529e-02 4.507041e-03 6.180762e-01 -4.615276e-05 -5.411295e-05 1.285870e-05 -1.517809e-04
12149.838213 7.833242e-01 1.413451e-02 4.532478e-03 6.182456e-01 -4.378724e-05 -5.319302e-05 8.859629e-06 -1.523575e-04
12153.623855 7.829997e-01 1.419010e-02 4.558568e-03 6.169122e-01 -4.839883e-05 -5.282327e-05 1.444339e-05 -1.519730e-04
12157.421689 7.814780e-01 1.422157e-02 4.576026e-03 6.157801e-01 -4.444234e-05 -6.088381e-05 1.872582e-05 -1.505204e-04
12161.231716 7.808066e-01 1.424140e-02 4.569178e-03 6.165297e-01 -4.395052e-05 -6.140304e-05 1.104156e-05 -1.383724e-04
12165.053934 7.808424e-01 1.430407e-02 4.560764e-03 6.171877e-01 -4.733751e-05 -6.212600e-05 9.572156e-07 -1.369065e-04
12168.888344 7.797482e-01 1.433617e-02 4.580310e-03 6.158505e-01 -4.623047e-05 -6.075316e-05 -9.158020e-06 -1.444948e-04
12172.734946 7.792306e-01 1.438998e-02 4.595811e-03 6.158941e-01 -4.010733e-05 -6.608149e-05 2.949163e-06 -1.431376e-04
12176.593740 7.780505e-01 1.443210e-02 4.622232e-03 6.153668e-01 -4.110175e-05 -5.761350e-05 4.205845e-06 -1.507723e-04
12180.464726 7.761542e-01 1.445375e-02 4.631293e-03 6.136878e-01 -4.136656e-05 -5.851768e-05 7.438960e-06 -1.553343e-04
12184.347903 7.770096e-01 1.451361e-02 4.650408e-03 6.141678e-01 -4.224810e-05 -6.384805e-05 6.684462e-06 -1.521056e-04
12188.243273 7.752096e-01 1.452001e-02 4.649375e-03 6.143309e-01 -4.525120e-05 -6.642773e-05 8.693770e-06 -1.564552e-04
12192.150835 7.757259e-01 1.461250e-02 4.736124e-03 6.141773e-01 -3.900582e-05 -6.026609e-05 9.284339e-06 -1.537139e-04
12196.070588 7.727841e-01 1.461578e-02 4.724073e-03 6.127679e-01 -4.345063e-05 -5.640084e-05 8.282469e-06 -1.503135e-04
12200.002533 7.726062e-01 1.468048e-02 4.769470e-03 6.134219e-01 -4.548872e-05 -6.295489e-05 9.042416e-06 -1.416242e-04
12203.946671 7.716240e-01 1.471751e-02 4.837075e-03 6.131492e-01 -4.819213e-05 -5.791944e-05 1.189220e-05 -1.428579e-04
12207.903000 7.693486e-01 1.471722e-02 4.819782e-03 6.107680e-01 -5.210952e-05 -4.630982e-05 2.481804e-05 -1.369538e-04
12211.871521 7.704527e-01 1.481817e-02 4.859419e-03 6.113851e-01 -4.845627e-05 -4.055187e-05 1.510563e-05 -1.392840e-04
12215.852234 7.702276e-01 1.488706e-02 4.949359e-03 6.110542e-01 -4.435011e-05 -4.629265e-05 1.690796e-05 -1.484153e-04
12219.845139 7.687506e-01 1.490469e-02 4.994782e-03 6.103062e-01 -5.270337e-05 -4.732475e-05 1.635711e-05 -1.460984e-04
12223.850236 7.673769e-01 1.494264e-02 5.027102e-03 6.102477e-01 -5.008262e-05 -5.563637e-05 2.980296e-06 -1.409942e-04
12227.867524 7.578675e-01 1.481101e-02 4.980514e-03 6.037080e-01 -5.227292e-05 -5.612409e-05 4.116558e-06 -1.396056e-04
12231.897005 7.501117e-01 1.472267e-02 4.916005e-03 5.975372e-01 -5.153426e-05 -6.873170e-05 1.473710e-05 -1.315556e-04
12235.938678 7.648764e-01 1.507116e-02 5.087780e-03 6.082327e-01 -4.545652e-05 -6.741682e-05 1.477819e-05 -1.354941e-04
12239.992542 7.643658e-01 1.511864e-02 5.107626e-03 6.087412e-01 -5.103441e-05 -4.940154e-05 1.871280e-05 -1.430632e-04
12244.058598 7.639706e-01 1.516862e-02 5.188673e-03 6.089846e-01 -4.666459e-05 -5.553049e-05 3.490845e-06 -1.407402e-04
12248.136847 7.632919e-01 1.523063e-02 5.197032e-03 6.093942e-01 -4.089467e-05 -5.687898e-05 4.236002e-06 -1.414745e-04
12252.227287 7.602068e-01 1.522206e-02 5.203676e-03 6.066234e-01 -3.963354e-05 -5.691146e-05 1.038050e-05 -1.469923e-04
12256.329919 7.614560e-01 1.530668e-02 5.266510e-03 6.078453e-01 -4.373834e-05 -5.245880e-05 1.184954e-05 -1.387714e-04
12260.444743 7.606679e-01 1.536082e-02 5.254066e-03 6.067082e-01 -4.780259e-05 -5.341895e-05 1.243798e-05 -1.431874e-04
12264.571759 7.608716e-01 1.544770e-02 5.321547e-03 6.080189e-01 -4.874029e-05 -6.068133e-05 7.794002e-06 -1.365318e-04
12268.710967 7.592690e-01 1.546029e-02 5.358678e-03 6.070347e-01 -5.009710e-05 -6.535784e-05 9.775076e-06 -1.341352e-04
12272.862366 7.585452e-01 1.552767e-02 5.411734e-03 6.078767e-01 -4.445698e-05 -6.550072e-05 1.451103e-05 -1.311241e-04
12277.025958 7.582490e-01 1.559231e-02 5.435915e-03 6.069176e-01 -4.690263e-05 -6.120984e-05 6.691488e-06 -1.361777e-04
12281.201742 7.576559e-01 1.564160e-02 5.447603e-03 6.074068e-01 -4.626738e-05 -6.215391e-05 1.357247e-05 -1.299808e-04
12285.389717 7.559748e-01 1.565751e-02 5.448678e-03 6.050919e-01 -3.286906e-05 -6.195915e-05 1.361134e-05 -1.230257e-04
12289.589884 7.552485e-01 1.572071e-02 5.468539e-03 6.048534e-01 -3.347671e-05 -6.733059e-05 5.703303e-06 -1.274630e-04
12293.802244 7.550009e-01 1.578948e-02 5.498758e-03 6.051729e-01 -4.632027e-05 -7.076911e-05 1.610295e-05 -1.309075e-04
12298.026795 7.532347e-01 1.581683e-02 5.464700e-03 6.038056e-01 -4.624853e-05 -6.467347e-05 1.716340e-05 -1.216196e-04
12302.263538 7.521887e-01 1.586074e-02 5.542552e-03 6.043263e-01 -5.737573e-05 -6.778271e-05 7.893480e-06 -1.259335e-04
12306.512473 7.530671e-01 1.594976e-02 5.561231e-03 6.049231e-01 -6.090226e-05 -6.591151e-05 6.640910e-06 -1.244269e-04
12310.773600 7.517832e-01 1.599426e-02 5.581173e-03 6.039569e-01 -5.883739e-05 -6.786597e-05 1.072166e-05 -1.258640e-04
12315.046919 7.504496e-01 1.604214e-02 5.635283e-03 6.027516e-01 -5.205404e-05 -6.578524e-05 8.985202e-06 -1.291241e-04
12319.332429 7.488848e-01 1.607979e-02 5.680002e-03 6.023879e-01 -5.144363e-05 -7.035628e-05 1.351859e-05 -1.290035e-04
12323.630132 7.323144e-01 1.576580e-02 5.579572e-03 5.898584e-01 -5.386645e-05 -6.815769e-05 1.502899e-05 -1.317950e-04
12327.940026 7.415563e-01 1.601485e-02 5.678415e-03 5.966928e-01 -5.306322e-05 -6.592191e-05 6.713276e-06 -1.379584e-04
12332.262113 7.461305e-01 1.620038e-02 5.793222e-03 6.015572e-01 -4.519748e-05 -6.583923e-05 8.865297e-07 -1.445567e-04
12336.596391 7.468544e-01 1.627790e-02 5.859917e-03 6.012098e-01 -4.161343e-05 -6.497718e-05 1.011441e-05 -1.521629e-04
12340.942861 7.459314e-01 1.632736e-02 5.897341e-03 6.011026e-01 -4.156199e-05 -6.536660e-05 6.788070e-06 -1.521330e-04
12345.301524 7.443604e-01 1.635600e-02 5.927838e-03 6.007085e-01 -4.395229e-05 -6.013793e-05 1.334539e-05 -1.484447e-04
12349.672378 7.436026e-01 1.641669e-02 5.992074e-03 6.000026e-01 -4.598152e-05 -5.736184e-05 8.069355e-06 -1.447959e-04
12354.055424 7.433097e-01 1.648595e-02 6.030353e-03 6.003605e-01 -4.129768e-05 -6.651922e-05 2.424829e-05 -1.486778e-04
12358.450662 7.431219e-01 1.655954e-02 6.071994e-03 6.000993e-01 -5.010504e-05 -5.907584e-05 2.472511e-05 -1.454115e-04
12362.858091 7.419534e-01 1.660698e-02 6.102815e-03 5.995436e-01 -5.872975e-05 -5.443493e-05 1.493899e-05 -1.493613e-04
12367.277713 7.410968e-01 1.666643e-02 6.145375e-03 5.984483e-01 -3.521169e-05 -5.631043e-05 1.939395e-05 -1.466606e-04
12371.709527 7.376847e-01 1.665038e-02 6.162510e-03 5.969848e-01 -3.410031e-05 -5.697733e-05 1.848222e-05 -1.504094e-04
12376.153532 7.341476e-01 1.663396e-02 6.204775e-03 5.949538e-01 -3.219832e-05 -5.198185e-05 2.065836e-05 -1.366784e-04
12380.609730 7.394919e-01 1.681547e-02 6.299544e-03 5.987085e-01 -2.922797e-05 -6.147723e-05 1.131191e-05 -1.459632e-04
12385.078119 7.382039e-01 1.687155e-02 6.310036e-03 5.983358e-01 -3.208051e-05 -6.828189e-05 1.350868e-05 -1.529895e-04
12389.558700 7.380202e-01 1.693228e-02 6.371234e-03 5.979126e-01 -3.559976e-05 -6.284921e-05 7.014658e-06 -1.439232e-04
12394.051473 7.360570e-01 1.695814e-02 6.404177e-03 5.971999e-01 -4.288163e-05 -5.960165e-05 9.111300e-06 -1.363804e-04
12398.556438 7.357754e-01 1.702918e-02 6.403841e-03 5.970282e-01 -3.801371e-05 -4.764253e-05 5.008437e-06 -1.369222e-04
12403.073595 7.339231e-01 1.705207e-02 6.430796e-03 5.958931e-01 -4.434981e-05 -5.812836e-05 1.244041e-05 -1.415913e-04
12407.602944 7.335074e-01 1.711871e-02 6.489729e-03 5.964059e-01 -4.587094e-05 -5.907269e-05 -1.009259e-07 -1.412470e-04
12412.144485 7.328496e-01 1.718697e-02 6.491988e-03 5.959241e-01 -4.576976e-05 -6.212668e-05 4.706474e-06 -1.427670e-04
12416.698218 7.319314e-01 1.723188e-02 6.541461e-03 5.944537e-01 -4.917123e-05 -6.289116e-05 1.477448e-05 -1.445665e-04
12421.264142 7.312908e-01 1.729229e-02 6.584171e-03 5.948312e-01 -4.906828e-05 -4.979769e-05 1.772291e-05 -1.388795e-04
12425.842259 7.299217e-01 1.733306e-02 6.609100e-03 5.948180e-01 -5.755552e-05 -5.434247e-05 1.871129e-05 -1.309279e-04
12430.432567 7.272602e-01 1.734808e-02 6.618983e-03 5.928318e-01 -4.894659e-05 -6.841310e-05 9.174493e-06 -1.357832e-04
12435.035068 7.273654e-01 1.741848e-02 6.644158e-03 5.931450e-01 -4.030435e-05 -5.885586e-05 1.447001e-05 -1.325396e-04
12439.649760 7.266683e-01 1.746946e-02 6.674621e-03 5.924823e-01 -4.378629e-05 -5.957570e-05 6.759250e-06 -1.285728e-04
12444.276644 7.260699e-01 1.753065e-02 6.737529e-03 5.919339e-01 -4.805678e-05 -4.632564e-05 4.565352e-06 -1.408367e-04
12448.915720 7.253387e-01 1.758803e-02 6.753912e-03 5.916690e-01 -5.197724e-05 -4.075917e-05 1.820853e-05 -1.399574e-04
12453.566988 7.251125e-01 1.767893e-02 6.806524e-03 5.919964e-01 -4.957179e-05 -3.638862e-05 2.183948e-05 -1.389782e-04
12458.230448 7.250434e-01 1.777045e-02 6.874151e-03 5.920852e-01 -4.275484e-05 -2.538744e-05 2.138574e-05 -1.434612e-04
12462.906100 7.243567e-01 1.782269e-02 6.928710e-03 5.923538e-01 -3.327973e-05 -2.673685e-05 2.068184e-05 -1.375770e-04
12467.593943 7.237764e-01 1.788882e-02 6.972880e-03 5.928199e-01 -3.367532e-05 -3.318939e-05 2.014175e-05 -1.343235e-04
12472.293979 7.236354e-01 1.797144e-02 7.047637e-03 5.922549e-01 -4.123107e-05 -4.720845e-05 2.107151e-05 -1.304404e-04
12477.006206 7.232261e-01 1.803851e-02 7.074200e-03 5.923281e-01 -4.073111e-05 -4.862323e-05 1.773673e-05 -1.307284e-04
12481.730626 7.217721e-01 1.807588e-02 7.141914e-03 5.909031e-01 -4.656155e-05 -4.443399e-05 2.289425e-05 -1.297948e-04
12486.467237 7.209368e-01 1.814473e-02 7.217801e-03 5.907987e-01 -4.918387e-05 -4.804356e-05 2.308804e-05 -1.279093e-04
12491.216040 7.198899e-01 1.820099e-02 7.294403e-03 5.910181e-01 -4.712298e-05 -5.250536e-05 2.346610e-05 -1.383627e-04
12495.977036 7.202896e-01 1.829377e-02 7.333717e-03 5.916546e-01 -5.393778e-05 -5.490137e-05 1.643177e-05 -1.262050e-04
12500.750223 7.197400e-01 1.835683e-02 7.409682e-03 5.909524e-01 -5.547545e-05 -6.062176e-05 2.166571e-05 -1.248713e-04
12505.535602 7.188354e-01 1.841987e-02 7.447172e-03 5.903480e-01 -5.077869e-05 -6.546810e-05 3.217426e-05 -1.315317e-04
12510.333172 7.181811e-01 1.848931e-02 7.532258e-03 5.903009e-01 -4.401532e-05 -6.022031e-05 2.301920e-05 -1.361695e-04
12515.142935 7.172395e-01 1.854167e-02 7.568003e-03 5.906690e-01 -4.346856e-05 -5.095371e-05 1.983206e-05 -1.340017e-04
12519.964890 7.162644e-01 1.859041e-02 7.627478e-03 5.894032e-01 -3.914638e-05 -5.002447e-05 2.035380e-05 -1.278749e-04
12524.799037 7.153612e-01 1.865999e-02 7.671851e-03 5.896649e-01 -5.339099e-05 -4.882864e-05 2.442652e-05 -1.250415e-04
12529.645375 6.612236e-01 1.732138e-02 7.143978e-03 5.450390e-01 -4.432849e-05 -4.771795e-05 2.278029e-05 -1.311034e-04
12534.503905 1.281082e-01 3.363002e-03 1.387941e-03 1.056532e-01 -7.891246e-06 -1.017913e-05 4.689054e-06 -2.619420e-05
