# Facility: NSLS-II
# Beamline: QAS
# Year: 2022
# Cycle: 2
# SAF: 309618
# PI: Wang
# Proposal: 309017
# Scan ID: 52226
# UID: b81b5d7a-c755-49ad-8938-2a74ae4371e2
# Comment: 
# Start time: 07/18/2022  10:50:27
# Stop time: 07/18/2022  10:50:59
# Total time: 00:32
# Trajectory name: Pt-L3-30s-11564.txt
# Element: Platinum ( 78)
# Edge: L3
# E0: 11564
# Reference Foil Element: Pt
# Keithley Gains I0: 1E7 V/A It: 1E6 V/A Iref: 1E7 V/A PIPS: 1E8 V/A 
# Ion Chamber Gas Flow Rates: I0: 0.00 sccm He + 99.70 sccm N2 + 0.00 sccm Ar 
# Ion Chamber Gas Flow Rates: It&Iref: 29.80 sccm N2 + 70.10 sccm Ar
# Incident Beam Path Vertical: -27.99 mm
# Incident Slits Positions B: TOP: 1.0 mm Bottom: -1.0 mm Inboard: -2.0 mm Outboard: 2.0 mm
# Sample Stage Positions: Rotation: 45.0 deg Horizontal: 14.07 mm Vertical: 35.31 mm Beam Direction: 0.00 mm
# PerkinElmer Vertical Position: 500.00 mm
# Front End Mirror Horizontal Positions: Up: -14.00 mm Down: -14.00 mm
#
# energy  i0  it  ir  iff  aux1  aux2  aux3  aux4
11377.830356 4.719003e-01 3.826963e-03 4.368109e-03 2.734278e-01 -3.423816e-05 -2.695393e-05 7.751891e-06 -4.691425e-05
11382.830356 9.336010e-01 7.608250e-03 8.702563e-03 5.416821e-01 -6.671799e-05 -5.960639e-05 1.116136e-05 -8.616189e-05
11387.830356 9.395014e-01 7.721645e-03 8.827087e-03 5.455071e-01 -5.479391e-05 -5.355204e-05 -4.377403e-06 -8.032188e-05
11392.830356 9.341154e-01 7.720788e-03 8.824920e-03 5.425571e-01 -5.878928e-05 -4.763285e-05 -8.597947e-06 -7.939754e-05
11397.830356 9.335363e-01 7.757928e-03 8.903579e-03 5.422667e-01 -6.326217e-05 -4.375317e-05 -6.548713e-06 -8.541449e-05
11402.830356 9.312212e-01 7.786744e-03 8.983420e-03 5.414434e-01 -6.935443e-05 -5.314902e-05 -5.637030e-06 -7.484795e-05
11407.830356 9.284046e-01 7.790337e-03 9.020779e-03 5.406338e-01 -7.722647e-05 -5.967151e-05 2.774094e-06 -7.702805e-05
11412.830356 9.284677e-01 7.853665e-03 9.096440e-03 5.412245e-01 -8.678985e-05 -4.988153e-05 3.352694e-06 -8.859766e-05
11417.830356 9.245904e-01 7.865767e-03 9.111222e-03 5.387553e-01 -8.170098e-05 -4.200436e-05 -2.965499e-06 -9.087567e-05
11422.830356 9.129408e-01 7.826011e-03 9.090352e-03 5.330440e-01 -7.597725e-05 -4.462396e-05 7.343934e-06 -9.213311e-05
11427.830356 9.254733e-01 7.975425e-03 9.273745e-03 5.419592e-01 -8.007655e-05 -4.242192e-05 6.498662e-06 -9.096233e-05
11432.830356 9.282982e-01 8.053438e-03 9.419402e-03 5.427519e-01 -8.387405e-05 -4.636432e-05 -3.952499e-06 -9.699198e-05
11437.830356 9.246096e-01 8.061535e-03 9.460890e-03 5.410091e-01 -8.651784e-05 -3.977135e-05 -7.092216e-06 -1.058808e-04
11442.830356 9.225543e-01 8.098004e-03 9.510259e-03 5.401749e-01 -8.645678e-05 -3.726248e-05 -1.425544e-05 -1.001591e-04
11447.830356 9.229923e-01 8.170862e-03 9.603764e-03 5.413073e-01 -7.793997e-05 -3.864884e-05 -1.654451e-05 -9.723133e-05
11452.830356 9.209085e-01 8.194200e-03 9.640843e-03 5.405996e-01 -6.730265e-05 -4.049647e-05 -6.399233e-06 -9.198207e-05
11457.830356 9.192522e-01 8.221392e-03 9.721835e-03 5.390610e-01 -7.448986e-05 -4.154551e-05 -8.740758e-06 -9.805979e-05
11462.830356 9.197654e-01 8.288490e-03 9.797611e-03 5.402340e-01 -7.990990e-05 -3.547163e-05 -1.311878e-06 -1.023287e-04
11467.830356 9.187484e-01 8.323659e-03 9.860558e-03 5.401808e-01 -8.385954e-05 -3.075134e-05 -4.322780e-06 -1.046859e-04
11472.830356 9.183972e-01 8.376686e-03 9.960352e-03 5.403833e-01 -8.147581e-05 -4.117193e-05 -8.333627e-06 -1.083690e-04
11477.830356 9.170509e-01 8.411912e-03 1.000696e-02 5.399800e-01 -8.635339e-05 -4.079586e-05 -4.088760e-06 -1.091013e-04
11482.830356 9.139369e-01 8.424084e-03 1.005568e-02 5.387711e-01 -8.450371e-05 -3.111393e-05 -1.505734e-06 -9.542724e-05
11487.830356 9.020499e-01 8.372646e-03 1.000533e-02 5.317929e-01 -8.958412e-05 -3.998748e-05 7.274915e-07 -8.923606e-05
11492.830356 9.042017e-01 8.414651e-03 1.006476e-02 5.343985e-01 -9.981018e-05 -3.620143e-05 2.462893e-06 -9.220642e-05
11497.830356 9.156620e-01 8.611600e-03 1.029516e-02 5.416140e-01 -9.232494e-05 -4.811119e-05 9.137454e-06 -9.010426e-05
11502.830356 9.137231e-01 8.633770e-03 1.035851e-02 5.414613e-01 -8.686710e-05 -5.151338e-05 1.720238e-05 -8.238308e-05
11507.830356 9.126743e-01 8.677190e-03 1.042022e-02 5.416945e-01 -8.636405e-05 -4.922629e-05 1.455777e-05 -7.998153e-05
11512.830356 9.107238e-01 8.698107e-03 1.048952e-02 5.412834e-01 -9.054780e-05 -5.944375e-05 -3.130428e-06 -9.310791e-05
11517.830356 9.094306e-01 8.740401e-03 1.053604e-02 5.406102e-01 -8.869951e-05 -5.633966e-05 7.524633e-06 -8.458807e-05
11522.830356 9.080499e-01 8.767935e-03 1.054806e-02 5.406339e-01 -8.827109e-05 -5.055913e-05 -2.323851e-06 -7.639067e-05
11527.830356 9.070928e-01 8.820290e-03 1.055305e-02 5.412950e-01 -8.637104e-05 -4.362786e-05 5.765569e-07 -7.698214e-05
11532.830356 9.051378e-01 8.854184e-03 1.058123e-02 5.400219e-01 -8.577980e-05 -4.153099e-05 6.378046e-06 -6.984635e-05
11534.000000 9.003259e-01 8.800412e-03 1.051290e-02 5.378945e-01 -8.377616e-05 -4.213586e-05 1.258978e-05 -6.702250e-05
11535.000000 9.077043e-01 8.918528e-03 1.060337e-02 5.425251e-01 -8.608219e-05 -4.096574e-05 1.945404e-05 -6.055471e-05
11536.000000 9.072917e-01 8.916646e-03 1.061073e-02 5.429703e-01 -9.199325e-05 -3.358482e-05 2.000173e-05 -7.180285e-05
11537.000000 9.059809e-01 8.909419e-03 1.057071e-02 5.432873e-01 -9.456892e-05 -4.466500e-05 1.723520e-05 -8.791425e-05
11538.000000 9.104138e-01 8.994028e-03 1.063687e-02 5.441013e-01 -9.251764e-05 -4.722569e-05 1.878548e-05 -1.108651e-04
11539.000000 9.049352e-01 8.912599e-03 1.053843e-02 5.423514e-01 -8.816364e-05 -5.138739e-05 3.411620e-06 -1.327068e-04
11540.000000 9.077867e-01 8.967399e-03 1.058708e-02 5.442137e-01 -8.757584e-05 -4.702624e-05 -6.586845e-06 -1.109732e-04
11541.000000 9.048661e-01 8.919923e-03 1.049108e-02 5.412716e-01 -8.971098e-05 -5.342219e-05 -5.937794e-06 -7.907486e-05
11541.200000 9.325011e-01 9.239600e-03 1.085755e-02 5.579202e-01 -9.094249e-05 -5.222466e-05 -1.237505e-05 -7.603927e-05
11541.400000 9.150106e-01 9.057391e-03 1.061537e-02 5.463544e-01 -9.482063e-05 -5.138978e-05 1.369566e-06 -7.648457e-05
11541.600000 8.991702e-01 8.902444e-03 1.052548e-02 5.386529e-01 -8.992259e-05 -5.262622e-05 1.098328e-05 -6.982931e-05
11541.800000 9.057173e-01 8.925424e-03 1.050791e-02 5.415845e-01 -9.122571e-05 -5.180635e-05 1.062319e-06 -7.525714e-05
11542.000000 9.099245e-01 8.948515e-03 1.044837e-02 5.439065e-01 -8.576270e-05 -5.667631e-05 -1.485279e-06 -7.235410e-05
11542.200000 8.994325e-01 8.815207e-03 1.046189e-02 5.422351e-01 -9.499631e-05 -5.879885e-05 -9.367222e-06 -8.393338e-05
11542.400000 9.025196e-01 8.885224e-03 1.058064e-02 5.445651e-01 -8.764412e-05 -4.668190e-05 -1.140500e-06 -7.527053e-05
11542.600000 9.121347e-01 9.040245e-03 1.062803e-02 5.489906e-01 -9.418702e-05 -4.352362e-05 8.919118e-06 -6.249817e-05
11542.800000 9.074379e-01 8.926698e-03 1.056840e-02 5.416438e-01 -9.099133e-05 -3.818510e-05 7.628801e-06 -6.088449e-05
11543.000000 9.077762e-01 9.003394e-03 1.054158e-02 5.442406e-01 -8.451471e-05 -5.010344e-05 1.698518e-06 -7.672048e-05
11543.200000 9.085505e-01 8.972671e-03 1.050498e-02 5.449223e-01 -8.292315e-05 -4.237253e-05 1.238500e-05 -7.169362e-05
11543.400000 9.031607e-01 8.937899e-03 1.041546e-02 5.420988e-01 -8.121456e-05 -4.371287e-05 1.219356e-05 -8.170084e-05
11543.600000 9.108178e-01 9.040506e-03 1.046699e-02 5.481032e-01 -8.857633e-05 -4.955221e-05 2.312238e-05 -7.676665e-05
11543.800000 9.048442e-01 8.955507e-03 1.053482e-02 5.429809e-01 -9.325940e-05 -5.696108e-05 1.975312e-05 -6.846314e-05
11544.000000 9.086114e-01 8.957728e-03 1.030258e-02 5.420866e-01 -8.944747e-05 -5.369367e-05 1.289188e-06 -8.164646e-05
11544.200000 8.930847e-01 8.851185e-03 1.041425e-02 5.363011e-01 -7.487214e-05 -4.648563e-05 1.489696e-05 -7.706764e-05
11544.400000 9.136415e-01 9.078467e-03 1.041943e-02 5.511524e-01 -7.244723e-05 -5.150706e-05 1.407504e-05 -7.879607e-05
11544.600000 9.066798e-01 8.998656e-03 1.051907e-02 5.460939e-01 -7.965298e-05 -4.973284e-05 -5.392168e-06 -8.676110e-05
11544.800000 8.943738e-01 8.864111e-03 1.039876e-02 5.365058e-01 -8.228050e-05 -5.720093e-05 2.576053e-06 -8.207108e-05
11545.000000 9.197110e-01 9.096030e-03 1.071986e-02 5.514811e-01 -9.213200e-05 -5.445707e-05 -4.431319e-06 -9.499551e-05
11545.200000 9.067222e-01 8.947883e-03 1.045609e-02 5.435250e-01 -9.187201e-05 -5.900478e-05 -2.064433e-06 -9.591864e-05
11545.400000 8.841522e-01 8.808411e-03 1.012271e-02 5.320575e-01 -8.772236e-05 -4.868853e-05 4.661292e-06 -9.501601e-05
11545.600000 9.253888e-01 9.183433e-03 1.063783e-02 5.588063e-01 -8.218462e-05 -3.239983e-05 4.346993e-06 -9.024171e-05
11545.800000 8.838061e-01 8.772450e-03 9.903538e-03 5.314165e-01 -7.583270e-05 -3.740341e-05 -6.734811e-06 -1.032852e-04
11546.000000 9.159555e-01 9.087695e-03 1.054257e-02 5.496056e-01 -8.345285e-05 -4.093140e-05 -3.936355e-07 -1.014514e-04
11546.200000 8.968778e-01 8.852005e-03 1.039806e-02 5.391458e-01 -7.672866e-05 -3.712669e-05 -4.675599e-06 -9.216952e-05
11546.400000 9.053949e-01 8.956087e-03 1.033320e-02 5.472586e-01 -7.449538e-05 -4.048366e-05 -1.241558e-06 -9.314090e-05
11546.600000 9.028264e-01 8.963179e-03 1.036928e-02 5.421957e-01 -7.177968e-05 -4.062536e-05 3.040480e-06 -8.511014e-05
11546.800000 8.945244e-01 8.849444e-03 1.026073e-02 5.359393e-01 -7.183610e-05 -4.482476e-05 1.098963e-06 -7.943776e-05
11547.000000 9.050115e-01 8.920546e-03 1.030577e-02 5.457811e-01 -9.017273e-05 -4.950510e-05 1.354663e-05 -7.979869e-05
11547.200000 8.948185e-01 8.928447e-03 1.013039e-02 5.393764e-01 -8.835655e-05 -4.402815e-05 7.083081e-07 -8.241537e-05
11547.400000 9.061849e-01 8.989719e-03 1.034793e-02 5.473278e-01 -9.984986e-05 -4.057193e-05 -7.842777e-06 -7.896365e-05
11547.600000 9.144598e-01 9.154774e-03 1.031782e-02 5.508092e-01 -8.727724e-05 -3.624682e-05 1.112809e-06 -8.345841e-05
11547.800000 9.059728e-01 8.989399e-03 1.028674e-02 5.439372e-01 -9.039605e-05 -3.690883e-05 4.764809e-06 -8.855671e-05
11548.000000 9.013048e-01 8.992642e-03 1.022427e-02 5.456021e-01 -8.841352e-05 -3.727740e-05 2.849187e-08 -9.112787e-05
11548.200000 9.102111e-01 8.993889e-03 1.006997e-02 5.490904e-01 -9.350144e-05 -4.597894e-05 3.473461e-06 -8.701639e-05
11548.400000 9.030789e-01 8.948764e-03 1.010860e-02 5.459682e-01 -1.026334e-04 -4.789538e-05 5.704426e-06 -8.212600e-05
11548.600000 8.904464e-01 8.722203e-03 9.833244e-03 5.392196e-01 -9.825898e-05 -4.790168e-05 3.513330e-06 -8.982097e-05
11548.800000 8.998607e-01 8.931637e-03 1.016512e-02 5.417107e-01 -8.774763e-05 -4.438410e-05 7.744307e-06 -8.539013e-05
11549.000000 8.943008e-01 8.910319e-03 1.002677e-02 5.412534e-01 -8.628337e-05 -5.455186e-05 9.720870e-06 -7.535624e-05
11549.200000 9.111189e-01 9.102121e-03 1.023768e-02 5.515273e-01 -9.106565e-05 -5.847122e-05 -1.601639e-06 -6.469458e-05
11549.400000 9.059962e-01 9.022836e-03 1.013396e-02 5.470866e-01 -8.732915e-05 -5.633447e-05 -2.900842e-06 -7.159279e-05
11549.600000 8.962940e-01 8.922936e-03 1.007074e-02 5.429573e-01 -8.754904e-05 -5.837669e-05 -1.774743e-05 -8.273315e-05
11549.800000 8.898143e-01 8.741600e-03 9.774318e-03 5.369512e-01 -9.499455e-05 -5.783734e-05 -4.380051e-06 -8.809306e-05
11550.000000 8.895001e-01 8.758673e-03 9.836608e-03 5.370152e-01 -9.230480e-05 -5.359863e-05 -4.143693e-06 -8.377567e-05
11550.200000 9.116325e-01 9.159791e-03 1.011597e-02 5.518512e-01 -9.029729e-05 -5.547916e-05 -1.456057e-05 -8.033720e-05
11550.400000 9.028419e-01 9.027970e-03 1.007822e-02 5.463696e-01 -8.305650e-05 -5.384034e-05 2.640382e-06 -8.710663e-05
11550.600000 9.045907e-01 9.002105e-03 9.993724e-03 5.476897e-01 -7.578166e-05 -5.751790e-05 -8.028428e-06 -8.724269e-05
11550.800000 8.950852e-01 8.869304e-03 9.914852e-03 5.439746e-01 -7.223409e-05 -4.955082e-05 -8.675461e-06 -8.536689e-05
11551.000000 9.055477e-01 8.954980e-03 9.991256e-03 5.476667e-01 -8.195944e-05 -5.454480e-05 7.470917e-06 -8.323153e-05
11551.200000 9.037342e-01 8.992796e-03 1.009295e-02 5.490109e-01 -8.825345e-05 -5.897386e-05 1.024489e-05 -8.036885e-05
11551.400000 9.078752e-01 9.019932e-03 1.001699e-02 5.517261e-01 -8.675468e-05 -5.972621e-05 2.374716e-06 -8.890138e-05
11551.600000 9.037653e-01 9.086472e-03 9.934117e-03 5.507334e-01 -7.982158e-05 -5.951986e-05 7.837346e-06 -8.386112e-05
11551.800000 9.121037e-01 9.098077e-03 9.850783e-03 5.532279e-01 -7.960094e-05 -6.428452e-05 1.058528e-07 -9.003752e-05
11552.000000 8.940687e-01 8.936655e-03 9.635828e-03 5.412258e-01 -7.804703e-05 -5.996177e-05 -4.626373e-06 -9.432833e-05
11552.200000 9.066946e-01 9.010066e-03 9.782805e-03 5.495084e-01 -8.306344e-05 -5.142277e-05 -3.014419e-06 -8.138644e-05
11552.400000 8.892052e-01 8.772709e-03 9.636756e-03 5.398424e-01 -7.623128e-05 -4.205440e-05 6.546984e-07 -7.321003e-05
11552.600000 9.054289e-01 9.061129e-03 9.896895e-03 5.498283e-01 -7.533696e-05 -5.559907e-05 -7.043532e-06 -7.261318e-05
11552.800000 9.135617e-01 9.145056e-03 9.948356e-03 5.544470e-01 -8.069266e-05 -3.858922e-05 -7.559240e-06 -7.578781e-05
11553.000000 9.012803e-01 9.006499e-03 9.687679e-03 5.442344e-01 -8.033048e-05 -4.966553e-05 -7.245633e-06 -7.511527e-05
11553.200000 9.035508e-01 9.015960e-03 9.659466e-03 5.496585e-01 -7.335426e-05 -5.416948e-05 -1.040455e-05 -8.716959e-05
11553.400000 9.060251e-01 9.072463e-03 9.716407e-03 5.511602e-01 -6.697266e-05 -5.569068e-05 -1.277035e-05 -8.312842e-05
11553.600000 9.091219e-01 9.072907e-03 9.765918e-03 5.526899e-01 -8.139201e-05 -5.638382e-05 -1.656522e-05 -8.411542e-05
11553.800000 9.078328e-01 9.148316e-03 9.657798e-03 5.561465e-01 -7.758174e-05 -5.832982e-05 -1.878229e-06 -8.673622e-05
11554.000000 9.068481e-01 9.064155e-03 9.571898e-03 5.524291e-01 -7.594042e-05 -5.555620e-05 -4.434832e-06 -9.320667e-05
11554.200000 9.100894e-01 9.100610e-03 9.726774e-03 5.565410e-01 -8.083041e-05 -4.502038e-05 -2.400611e-06 -7.667798e-05
11554.400000 9.103204e-01 9.077865e-03 9.645625e-03 5.540926e-01 -7.912324e-05 -5.702696e-05 -1.018149e-05 -7.478721e-05
11554.600000 8.964988e-01 8.920236e-03 9.218771e-03 5.465052e-01 -7.577894e-05 -5.869899e-05 -3.159684e-07 -7.617964e-05
11554.800000 8.997882e-01 8.972719e-03 9.251475e-03 5.515936e-01 -8.082401e-05 -5.736862e-05 2.648286e-06 -6.649397e-05
11555.000000 9.174264e-01 9.224088e-03 9.614523e-03 5.604575e-01 -7.533092e-05 -5.638698e-05 5.030947e-06 -7.047711e-05
11555.200000 9.046951e-01 9.038423e-03 9.357024e-03 5.542495e-01 -7.359614e-05 -5.987877e-05 -2.708531e-06 -7.227071e-05
11555.400000 9.000685e-01 9.008717e-03 9.217737e-03 5.499811e-01 -6.514763e-05 -6.277324e-05 -1.561740e-07 -6.465048e-05
11555.600000 9.014368e-01 8.990638e-03 9.140589e-03 5.520949e-01 -6.817115e-05 -6.093258e-05 1.049678e-05 -7.383604e-05
11555.800000 9.078990e-01 9.108747e-03 9.331895e-03 5.575347e-01 -5.983760e-05 -5.489806e-05 1.018946e-05 -7.190727e-05
11556.000000 8.982186e-01 8.881394e-03 9.081795e-03 5.503872e-01 -6.190316e-05 -4.501771e-05 1.742120e-05 -7.024756e-05
11556.200000 9.005835e-01 8.990632e-03 8.938913e-03 5.523000e-01 -7.713047e-05 -5.027493e-05 5.981841e-06 -7.698692e-05
11556.400000 9.035993e-01 9.020161e-03 8.929972e-03 5.562211e-01 -7.164213e-05 -4.870471e-05 1.486861e-05 -6.240085e-05
11556.600000 9.021612e-01 8.986119e-03 8.851729e-03 5.552306e-01 -7.030449e-05 -5.078948e-05 9.222859e-06 -6.054461e-05
11556.800000 9.061934e-01 9.034375e-03 8.843291e-03 5.577594e-01 -7.062854e-05 -4.833387e-05 -4.799235e-06 -6.295317e-05
11557.000000 8.891430e-01 8.790359e-03 8.436005e-03 5.496750e-01 -6.138062e-05 -5.289366e-05 8.588022e-06 -7.227709e-05
11557.200000 8.959691e-01 8.867575e-03 8.473437e-03 5.544825e-01 -6.541320e-05 -5.423675e-05 2.033989e-06 -7.028738e-05
11557.400000 9.105900e-01 9.096063e-03 8.599613e-03 5.608382e-01 -7.220803e-05 -4.781026e-05 1.047484e-05 -5.118108e-05
11557.600000 8.976436e-01 8.946386e-03 8.561852e-03 5.553897e-01 -7.337817e-05 -4.462001e-05 1.204883e-05 -5.348882e-05
11557.800000 8.991514e-01 8.868191e-03 8.313953e-03 5.575330e-01 -7.120191e-05 -5.168104e-05 -1.098922e-06 -7.917649e-05
11558.000000 9.007133e-01 8.922948e-03 8.216639e-03 5.553784e-01 -7.142665e-05 -5.693063e-05 1.376918e-06 -7.546440e-05
11558.200000 9.040355e-01 8.979616e-03 8.120939e-03 5.599668e-01 -7.758462e-05 -5.765704e-05 -1.668390e-06 -7.613431e-05
11558.400000 8.994938e-01 8.953993e-03 8.078596e-03 5.611857e-01 -7.070371e-05 -4.887387e-05 -7.803841e-06 -7.387545e-05
11558.600000 9.047452e-01 9.007993e-03 7.907509e-03 5.618729e-01 -7.226803e-05 -5.576896e-05 -6.569399e-06 -8.067221e-05
11558.800000 8.974337e-01 8.916673e-03 7.812052e-03 5.615982e-01 -7.458140e-05 -4.893367e-05 -2.596081e-06 -7.634524e-05
11559.000000 9.079629e-01 8.979232e-03 7.772558e-03 5.679335e-01 -7.054211e-05 -4.378257e-05 4.089369e-06 -8.360185e-05
11559.200000 9.106088e-01 9.089012e-03 7.668207e-03 5.693544e-01 -6.497549e-05 -4.132056e-05 1.645470e-05 -7.393511e-05
11559.400000 9.018976e-01 8.984304e-03 7.326367e-03 5.653757e-01 -6.464746e-05 -4.892526e-05 6.785501e-06 -7.657254e-05
11559.600000 9.024120e-01 8.923331e-03 7.150331e-03 5.669301e-01 -6.068548e-05 -4.280825e-05 4.494201e-06 -7.288773e-05
11559.800000 8.895110e-01 8.811269e-03 7.057716e-03 5.588337e-01 -6.780966e-05 -4.348178e-05 2.595164e-07 -6.724173e-05
11560.000000 9.130036e-01 9.136043e-03 7.060968e-03 5.774346e-01 -7.424998e-05 -4.513730e-05 4.370693e-06 -7.253511e-05
11560.200000 9.042580e-01 8.938818e-03 6.700194e-03 5.737421e-01 -7.640472e-05 -4.391781e-05 -4.367939e-06 -7.393015e-05
11560.400000 8.985026e-01 8.905690e-03 6.528446e-03 5.709004e-01 -7.415959e-05 -4.085151e-05 5.157999e-06 -6.766535e-05
11560.600000 9.037222e-01 8.896628e-03 6.372158e-03 5.748469e-01 -7.570737e-05 -4.167690e-05 8.930932e-07 -7.445815e-05
11560.800000 8.867222e-01 8.650039e-03 6.021411e-03 5.645602e-01 -7.682341e-05 -4.565182e-05 2.782588e-06 -7.694334e-05
11561.000000 9.080744e-01 8.952808e-03 5.978039e-03 5.827808e-01 -7.797903e-05 -5.608707e-05 1.914201e-05 -6.851431e-05
11561.200000 9.082038e-01 8.987418e-03 5.732150e-03 5.848325e-01 -7.635910e-05 -5.611110e-05 2.003949e-05 -6.922026e-05
11561.400000 8.997835e-01 8.840294e-03 5.447649e-03 5.806878e-01 -8.577015e-05 -5.689777e-05 1.908668e-05 -6.988553e-05
11561.600000 9.043143e-01 8.909240e-03 5.372957e-03 5.882679e-01 -7.489079e-05 -5.442715e-05 3.219224e-05 -6.330866e-05
11561.800000 8.995306e-01 8.792696e-03 5.091383e-03 5.857511e-01 -7.957354e-05 -4.931620e-05 1.188229e-05 -7.608618e-05
11562.000000 8.989938e-01 8.764681e-03 4.795842e-03 5.869898e-01 -8.570338e-05 -4.627318e-05 1.099517e-05 -8.126913e-05
11562.200000 9.040057e-01 8.883126e-03 4.592605e-03 5.925242e-01 -8.294465e-05 -5.290975e-05 1.135962e-05 -8.836763e-05
11562.400000 9.033499e-01 8.862729e-03 4.382949e-03 5.970842e-01 -8.896837e-05 -5.207458e-05 1.729063e-05 -7.835945e-05
11562.600000 9.090014e-01 8.921711e-03 3.898500e-03 6.025446e-01 -8.867451e-05 -4.619109e-05 2.088260e-05 -7.829203e-05
11562.800000 9.055100e-01 8.824030e-03 3.855484e-03 6.052471e-01 -8.123650e-05 -5.101666e-05 1.029358e-06 -7.576801e-05
11563.000000 9.051252e-01 8.788652e-03 3.590770e-03 6.076308e-01 -8.256544e-05 -5.026578e-05 3.448871e-07 -9.139751e-05
11563.200000 9.015494e-01 8.712299e-03 3.275896e-03 6.125185e-01 -8.004417e-05 -5.528557e-05 1.323888e-05 -8.448747e-05
11563.400000 8.996806e-01 8.649674e-03 3.087743e-03 6.163034e-01 -8.027206e-05 -5.628959e-05 8.373337e-07 -7.773661e-05
11563.600000 9.054568e-01 8.732689e-03 2.927058e-03 6.236459e-01 -8.415896e-05 -6.393515e-05 7.314772e-07 -7.522401e-05
11563.800000 9.028229e-01 8.664899e-03 2.704586e-03 6.247035e-01 -8.661449e-05 -6.160625e-05 4.980926e-06 -7.386824e-05
11564.000000 9.055401e-01 8.667527e-03 2.601399e-03 6.353710e-01 -8.809042e-05 -5.902030e-05 -1.156207e-06 -8.083102e-05
11564.200000 9.092275e-01 8.678536e-03 2.329147e-03 6.422213e-01 -8.172802e-05 -6.201109e-05 -1.177899e-05 -7.390408e-05
11564.400000 9.081819e-01 8.620782e-03 2.128379e-03 6.483238e-01 -8.373887e-05 -5.597102e-05 -1.518171e-05 -7.825639e-05
11564.600000 9.052206e-01 8.549601e-03 1.959136e-03 6.540692e-01 -7.629746e-05 -5.480312e-05 -1.673258e-05 -7.702780e-05
11564.800000 8.973852e-01 8.412350e-03 1.810539e-03 6.553729e-01 -7.579064e-05 -5.066617e-05 -1.682771e-05 -8.025661e-05
11565.000000 9.101779e-01 8.560001e-03 1.687538e-03 6.728096e-01 -8.099179e-05 -5.426719e-05 -2.023788e-05 -7.765477e-05
11565.200000 9.060916e-01 8.457591e-03 1.552428e-03 6.763782e-01 -8.758240e-05 -5.012275e-05 -2.893536e-05 -7.063315e-05
11565.400000 9.037149e-01 8.331018e-03 1.457772e-03 6.849561e-01 -8.361455e-05 -5.926206e-05 -3.181887e-05 -7.591511e-05
11565.600000 9.035012e-01 8.291997e-03 1.486235e-03 6.944195e-01 -8.889639e-05 -6.204988e-05 -2.714992e-05 -8.163608e-05
11565.800000 9.060602e-01 8.305294e-03 1.364914e-03 7.046649e-01 -9.296668e-05 -6.758134e-05 -1.536819e-05 -8.329014e-05
11566.000000 9.017009e-01 8.173513e-03 1.343658e-03 7.116087e-01 -9.218958e-05 -6.337364e-05 -1.357089e-05 -8.502326e-05
11566.200000 8.980560e-01 8.079028e-03 1.364854e-03 7.169754e-01 -8.637992e-05 -6.423821e-05 -5.818762e-06 -7.057283e-05
11566.400000 9.039078e-01 8.065354e-03 1.216478e-03 7.301877e-01 -9.111177e-05 -6.746133e-05 -1.945442e-06 -7.546581e-05
11566.600000 8.934552e-01 7.921458e-03 1.294253e-03 7.289513e-01 -8.988780e-05 -7.077546e-05 -1.013981e-05 -8.170831e-05
11566.800000 9.062309e-01 8.034839e-03 1.251174e-03 7.488382e-01 -7.454294e-05 -6.576761e-05 6.812762e-06 -6.901936e-05
11567.000000 9.007960e-01 7.925739e-03 1.230196e-03 7.522260e-01 -6.428425e-05 -6.548000e-05 1.499197e-05 -7.362150e-05
11567.200000 9.055729e-01 7.929857e-03 1.264162e-03 7.613251e-01 -6.710695e-05 -5.517450e-05 3.187219e-06 -8.183963e-05
11567.400000 9.030430e-01 7.914608e-03 1.366712e-03 7.643580e-01 -6.648510e-05 -5.658808e-05 9.996872e-06 -6.910935e-05
11567.600000 9.116686e-01 7.994209e-03 1.408921e-03 7.752533e-01 -6.864863e-05 -5.836942e-05 7.078893e-06 -6.686481e-05
11567.800000 8.998484e-01 7.809803e-03 1.250510e-03 7.670812e-01 -6.526907e-05 -5.994266e-05 1.350069e-05 -7.063726e-05
11568.000000 8.990543e-01 7.811154e-03 1.231614e-03 7.701843e-01 -6.974404e-05 -7.170214e-05 1.460948e-05 -8.156197e-05
11568.200000 9.061400e-01 7.888753e-03 1.370309e-03 7.764508e-01 -6.205018e-05 -7.234253e-05 8.220865e-06 -8.149963e-05
11568.400000 8.982968e-01 7.771051e-03 1.437604e-03 7.697687e-01 -7.197370e-05 -6.196602e-05 3.377224e-07 -7.122270e-05
11568.600000 9.047650e-01 7.875411e-03 1.434921e-03 7.762769e-01 -7.273397e-05 -5.380029e-05 -1.076988e-05 -6.704330e-05
11568.800000 8.969881e-01 7.777303e-03 1.455385e-03 7.648477e-01 -6.888907e-05 -5.052700e-05 -6.873521e-06 -6.446710e-05
11569.000000 9.012087e-01 7.888452e-03 1.421256e-03 7.647665e-01 -6.263585e-05 -4.352266e-05 4.003204e-06 -8.014775e-05
11569.200000 9.035863e-01 7.904666e-03 1.491509e-03 7.620262e-01 -6.493007e-05 -4.248411e-05 3.788539e-06 -8.015869e-05
11569.400000 9.007812e-01 7.909911e-03 1.576337e-03 7.562385e-01 -6.622332e-05 -5.305835e-05 7.588936e-06 -8.893233e-05
11569.600000 9.068059e-01 8.038422e-03 1.567138e-03 7.587789e-01 -5.194475e-05 -5.647167e-05 7.697224e-06 -7.779615e-05
11569.800000 9.038800e-01 8.027478e-03 1.640644e-03 7.477095e-01 -5.299004e-05 -4.784676e-05 1.275366e-06 -6.930695e-05
11570.000000 9.004008e-01 8.003663e-03 1.590861e-03 7.366876e-01 -5.293563e-05 -4.954429e-05 1.310144e-06 -7.589125e-05
11570.200000 9.024360e-01 8.112668e-03 1.649581e-03 7.335622e-01 -5.813967e-05 -5.606107e-05 -3.409486e-06 -8.060831e-05
11570.400000 9.032826e-01 8.141798e-03 1.697714e-03 7.289352e-01 -5.746166e-05 -5.521176e-05 6.491727e-06 -7.983479e-05
11570.600000 9.062564e-01 8.197099e-03 1.749244e-03 7.255393e-01 -5.923095e-05 -5.067398e-05 6.798223e-06 -6.885851e-05
11570.800000 9.054410e-01 8.225539e-03 1.761933e-03 7.182859e-01 -5.856289e-05 -5.134292e-05 2.199435e-06 -6.086617e-05
11571.000000 9.032273e-01 8.252357e-03 1.875147e-03 7.097389e-01 -5.490825e-05 -4.535767e-05 3.072765e-06 -6.502591e-05
11571.200000 9.018703e-01 8.249507e-03 1.789280e-03 7.025446e-01 -6.791972e-05 -5.034441e-05 4.532418e-06 -7.064575e-05
11571.400000 9.035933e-01 8.309205e-03 1.861066e-03 6.984407e-01 -6.720734e-05 -4.564688e-05 3.747052e-06 -7.364795e-05
11571.600000 9.017451e-01 8.305426e-03 1.949916e-03 6.910394e-01 -6.770206e-05 -3.471962e-05 1.044822e-05 -7.063945e-05
11571.800000 9.003656e-01 8.325858e-03 1.882585e-03 6.843183e-01 -6.546565e-05 -2.899102e-05 7.368580e-07 -7.342815e-05
11572.000000 8.992518e-01 8.351820e-03 1.857979e-03 6.787226e-01 -6.949211e-05 -4.426005e-05 1.439898e-06 -7.146202e-05
11572.200000 9.023329e-01 8.435576e-03 1.927808e-03 6.760452e-01 -6.931783e-05 -4.877439e-05 3.163399e-07 -7.709614e-05
11572.400000 9.016753e-01 8.456858e-03 1.950234e-03 6.713090e-01 -7.468021e-05 -4.695938e-05 -7.908340e-06 -8.155132e-05
11572.600000 9.014234e-01 8.499052e-03 1.975649e-03 6.666562e-01 -7.443877e-05 -5.071098e-05 -1.558336e-05 -7.552025e-05
11572.800000 9.017441e-01 8.505501e-03 1.975139e-03 6.633863e-01 -7.381913e-05 -4.781921e-05 -7.647168e-06 -8.577095e-05
11573.000000 8.978116e-01 8.456670e-03 1.973902e-03 6.569091e-01 -8.041962e-05 -4.680922e-05 -4.058857e-06 -9.207791e-05
11573.200000 9.019876e-01 8.541009e-03 1.891039e-03 6.565835e-01 -8.556146e-05 -5.753874e-05 -1.521552e-05 -9.167047e-05
11573.400000 9.101096e-01 8.698558e-03 2.051376e-03 6.603184e-01 -7.961003e-05 -6.363200e-05 -1.374427e-05 -8.381934e-05
11573.600000 9.011912e-01 8.592459e-03 2.048472e-03 6.489536e-01 -7.634202e-05 -5.679115e-05 -1.342358e-05 -7.817784e-05
11573.800000 8.992695e-01 8.583359e-03 2.013689e-03 6.455883e-01 -7.904339e-05 -5.434759e-05 -1.993343e-05 -8.544360e-05
11574.000000 8.975882e-01 8.572486e-03 2.022081e-03 6.416305e-01 -7.600022e-05 -5.281044e-05 -2.253036e-05 -7.957056e-05
11574.200000 9.009636e-01 8.635951e-03 2.206907e-03 6.426134e-01 -8.392580e-05 -6.506309e-05 -1.766657e-05 -7.870869e-05
11574.400000 8.982801e-01 8.627110e-03 2.167022e-03 6.396708e-01 -6.425298e-05 -5.464845e-05 -1.459049e-05 -1.141911e-04
11574.600000 9.017047e-01 8.681397e-03 2.151696e-03 6.394716e-01 -6.683203e-05 -4.663873e-05 -1.276871e-05 -1.373046e-04
11574.800000 9.022402e-01 8.724925e-03 2.033859e-03 6.359618e-01 -7.450880e-05 -4.507616e-05 -1.570310e-05 -1.326643e-04
11575.000000 9.078529e-01 8.826914e-03 2.138756e-03 6.394779e-01 -7.627266e-05 -3.703884e-05 -4.762220e-06 -1.422574e-04
11575.200000 9.026369e-01 8.720816e-03 2.061450e-03 6.349536e-01 -7.019129e-05 -4.493679e-05 -4.756769e-06 -1.404831e-04
11575.400000 9.010730e-01 8.726070e-03 2.057375e-03 6.327399e-01 -7.025981e-05 -4.539338e-05 -2.160416e-06 -1.379489e-04
11575.600000 9.036827e-01 8.773990e-03 2.177698e-03 6.324609e-01 -7.061293e-05 -4.589036e-05 -7.057272e-06 -1.392757e-04
11575.800000 8.952258e-01 8.667252e-03 2.121024e-03 6.260291e-01 -7.065471e-05 -3.787401e-05 -1.919226e-05 -1.360735e-04
11576.000000 9.002362e-01 8.718603e-03 2.089238e-03 6.284994e-01 -7.079473e-05 -4.065273e-05 -6.695441e-06 -1.435491e-04
11576.200000 9.009772e-01 8.728745e-03 2.163788e-03 6.270938e-01 -7.051463e-05 -3.612966e-05 -1.083007e-05 -1.462544e-04
11576.400000 9.043912e-01 8.815563e-03 2.166787e-03 6.306975e-01 -6.522370e-05 -4.202624e-05 -1.267808e-05 -1.492483e-04
11576.600000 9.030770e-01 8.807858e-03 2.145681e-03 6.293391e-01 -6.625699e-05 -3.758947e-05 -1.367336e-05 -1.459238e-04
11576.800000 8.992935e-01 8.781973e-03 2.184934e-03 6.257144e-01 -6.269619e-05 -3.510685e-05 -1.007433e-05 -1.431890e-04
11577.000000 8.927895e-01 8.643109e-03 2.098830e-03 6.206971e-01 -7.331794e-05 -3.097160e-05 -2.018341e-05 -1.460580e-04
11577.200000 8.994571e-01 8.765905e-03 1.968359e-03 6.256794e-01 -7.827867e-05 -3.358496e-05 -1.960349e-05 -1.474795e-04
11577.400000 8.997045e-01 8.769881e-03 2.088413e-03 6.238293e-01 -6.884443e-05 -3.736736e-05 1.751921e-07 -1.358378e-04
11577.600000 8.980319e-01 8.756825e-03 2.070773e-03 6.245612e-01 -7.212111e-05 -4.875125e-05 -5.164939e-06 -1.490431e-04
11577.800000 9.007844e-01 8.796820e-03 2.019435e-03 6.269080e-01 -6.594639e-05 -4.162431e-05 -4.654004e-06 -1.434154e-04
11578.000000 9.001878e-01 8.806868e-03 2.140110e-03 6.259583e-01 -6.270509e-05 -4.289432e-05 -1.619232e-05 -1.204187e-04
11578.200000 9.022602e-01 8.797019e-03 2.075023e-03 6.277029e-01 -6.949457e-05 -4.859086e-05 -1.142530e-05 -1.046421e-04
11578.400000 9.006722e-01 8.808091e-03 2.095094e-03 6.274207e-01 -6.817558e-05 -4.752669e-05 -1.525627e-05 -9.834502e-05
11578.600000 8.939179e-01 8.689553e-03 2.017539e-03 6.223193e-01 -6.200664e-05 -5.020429e-05 -2.240896e-05 -9.540999e-05
11578.800000 8.934212e-01 8.696546e-03 2.033599e-03 6.212771e-01 -7.344060e-05 -4.255544e-05 -2.421837e-05 -9.198234e-05
11579.000000 9.027858e-01 8.826831e-03 2.077435e-03 6.256386e-01 -7.511082e-05 -4.107320e-05 -3.160658e-05 -9.818368e-05
11579.200000 8.990436e-01 8.783110e-03 2.057019e-03 6.244787e-01 -7.577938e-05 -4.251624e-05 -2.313141e-05 -9.769411e-05
11579.400000 8.973909e-01 8.722403e-03 1.951348e-03 6.242322e-01 -6.956992e-05 -3.698850e-05 -1.712721e-05 -9.224115e-05
11579.600000 8.995377e-01 8.781556e-03 2.046372e-03 6.246808e-01 -6.336900e-05 -2.968807e-05 -2.103098e-05 -9.316376e-05
11579.800000 8.986711e-01 8.743152e-03 2.024318e-03 6.274205e-01 -5.953284e-05 -3.163734e-05 -1.814439e-05 -9.994283e-05
11580.000000 9.036518e-01 8.877148e-03 1.996466e-03 6.317529e-01 -5.964034e-05 -3.492565e-05 -1.407193e-05 -1.020551e-04
11580.200000 9.029342e-01 8.832351e-03 2.010756e-03 6.293891e-01 -5.986721e-05 -4.330744e-05 -8.672081e-06 -9.447658e-05
11580.400000 8.949384e-01 8.682690e-03 2.058615e-03 6.210087e-01 -5.711122e-05 -4.046500e-05 -8.619843e-06 -9.588709e-05
11580.600000 8.959977e-01 8.721618e-03 1.921396e-03 6.253272e-01 -6.815106e-05 -3.140849e-05 -6.862689e-06 -1.000513e-04
11580.800000 9.050646e-01 8.865198e-03 2.069064e-03 6.312631e-01 -6.178907e-05 -3.959982e-05 -3.677587e-08 -1.009402e-04
11581.000000 8.966040e-01 8.756430e-03 1.978637e-03 6.251456e-01 -5.842030e-05 -4.957793e-05 4.293240e-06 -9.940560e-05
11581.200000 9.011296e-01 8.834637e-03 2.089235e-03 6.276154e-01 -5.592519e-05 -3.686469e-05 -7.175906e-08 -9.525001e-05
11581.400000 9.057104e-01 8.893756e-03 2.102935e-03 6.318135e-01 -6.133758e-05 -2.345584e-05 -4.923845e-06 -1.012751e-04
11581.600000 8.953697e-01 8.740473e-03 2.012969e-03 6.246902e-01 -5.941793e-05 -2.561482e-05 3.840790e-06 -9.843005e-05
11581.800000 8.990077e-01 8.760326e-03 2.059637e-03 6.303144e-01 -6.489402e-05 -2.706639e-05 -9.463303e-06 -1.097328e-04
11582.000000 8.991410e-01 8.804553e-03 2.026484e-03 6.294758e-01 -5.766542e-05 -3.389817e-05 -1.154535e-05 -1.395860e-04
11582.200000 9.027740e-01 8.871605e-03 2.092959e-03 6.326892e-01 -5.404701e-05 -4.583945e-05 -1.483072e-05 -1.393877e-04
11582.400000 8.978521e-01 8.788643e-03 2.061772e-03 6.291054e-01 -5.740432e-05 -4.102304e-05 -1.180196e-05 -1.314458e-04
11582.600000 8.992446e-01 8.816132e-03 2.036826e-03 6.318494e-01 -5.745931e-05 -3.517186e-05 -2.846449e-05 -1.336999e-04
11582.800000 8.974010e-01 8.787734e-03 2.079702e-03 6.272215e-01 -6.330465e-05 -3.355027e-05 -3.491976e-05 -1.478899e-04
11583.000000 8.999738e-01 8.813321e-03 2.092664e-03 6.295896e-01 -6.735197e-05 -3.263297e-05 -2.591787e-05 -1.429873e-04
11583.200000 8.907266e-01 8.648881e-03 1.983414e-03 6.228279e-01 -7.085011e-05 -3.229590e-05 -1.405720e-05 -1.398244e-04
11583.400000 8.981318e-01 8.776939e-03 2.207115e-03 6.308748e-01 -7.019080e-05 -3.178103e-05 -1.905375e-05 -1.409038e-04
11583.600000 9.024823e-01 8.832697e-03 2.139757e-03 6.331909e-01 -7.398197e-05 -2.818199e-05 -1.757509e-05 -1.407338e-04
11583.800000 8.947169e-01 8.757198e-03 2.191378e-03 6.279706e-01 -7.411109e-05 -3.568107e-05 -6.588289e-06 -1.381317e-04
11584.000000 8.926001e-01 8.719798e-03 2.129754e-03 6.276142e-01 -6.989568e-05 -1.998344e-05 7.206006e-07 -1.395648e-04
11584.200000 8.959810e-01 8.750581e-03 2.115303e-03 6.311538e-01 -6.943250e-05 -1.712711e-05 -5.357447e-07 -1.396683e-04
11584.400000 9.059905e-01 8.913988e-03 2.173452e-03 6.368338e-01 -8.036055e-05 -2.030036e-05 -1.276596e-05 -1.443688e-04
11584.600000 8.972359e-01 8.781874e-03 2.119085e-03 6.325815e-01 -7.340268e-05 -2.161539e-05 -1.320440e-05 -1.478528e-04
11584.800000 8.976655e-01 8.785576e-03 2.157351e-03 6.338685e-01 -6.674685e-05 -2.092546e-05 -1.147835e-05 -1.462503e-04
11585.000000 8.860427e-01 8.632956e-03 2.173534e-03 6.251957e-01 -5.433640e-05 -2.491439e-05 -6.808840e-06 -1.512052e-04
11585.200000 9.073536e-01 8.967131e-03 2.143776e-03 6.418049e-01 -6.329936e-05 -2.047757e-05 -1.794024e-06 -1.551143e-04
11585.400000 9.039486e-01 8.910547e-03 2.178583e-03 6.347382e-01 -6.854206e-05 -2.958993e-05 -7.776128e-07 -1.637710e-04
11585.600000 8.877989e-01 8.679000e-03 2.188022e-03 6.266355e-01 -7.449691e-05 -3.669289e-05 -1.432143e-05 -1.638635e-04
11585.800000 8.965215e-01 8.761160e-03 2.194885e-03 6.339735e-01 -7.287387e-05 -3.143464e-05 -7.729757e-06 -1.785507e-04
11586.000000 9.017990e-01 8.841479e-03 2.197422e-03 6.355347e-01 -7.300561e-05 -2.550035e-05 -7.558119e-06 -1.653699e-04
11586.200000 8.980292e-01 8.813547e-03 2.175073e-03 6.336515e-01 -6.971515e-05 -2.837403e-05 -1.728845e-05 -1.529407e-04
11586.400000 8.989648e-01 8.811178e-03 2.294072e-03 6.354412e-01 -7.109554e-05 -3.690170e-05 -1.290236e-06 -1.482575e-04
11586.600000 8.936906e-01 8.744043e-03 2.129079e-03 6.312263e-01 -7.266276e-05 -3.426840e-05 -3.378475e-06 -1.509570e-04
11586.800000 9.034077e-01 8.822676e-03 2.218610e-03 6.399444e-01 -6.681047e-05 -3.143430e-05 -2.998790e-06 -1.505388e-04
11587.000000 8.891250e-01 8.682076e-03 2.217012e-03 6.294260e-01 -5.920580e-05 -3.105295e-05 1.054058e-06 -1.580890e-04
11587.200000 8.980165e-01 8.792074e-03 2.237422e-03 6.368388e-01 -6.136697e-05 -2.943642e-05 9.801691e-06 -1.500389e-04
11587.400000 8.979562e-01 8.800052e-03 2.338345e-03 6.377060e-01 -5.996317e-05 -4.207775e-05 4.798209e-06 -1.390206e-04
11587.600000 8.932270e-01 8.795546e-03 2.040651e-03 6.330984e-01 -5.438951e-05 -3.677815e-05 -5.060777e-06 -1.413913e-04
11587.800000 9.024654e-01 8.899811e-03 2.227854e-03 6.387762e-01 -5.684268e-05 -3.863732e-05 3.438465e-06 -1.378414e-04
11588.000000 8.996921e-01 8.793743e-03 2.276989e-03 6.408155e-01 -6.154924e-05 -4.103049e-05 2.033332e-05 -1.488294e-04
11588.200000 9.013373e-01 8.840240e-03 2.295084e-03 6.369080e-01 -6.473460e-05 -2.972711e-05 8.169953e-06 -1.461784e-04
11588.400000 8.956364e-01 8.792246e-03 2.205492e-03 6.334760e-01 -6.646394e-05 -3.059401e-05 1.361737e-05 -1.472418e-04
11588.600000 8.889587e-01 8.759146e-03 2.209123e-03 6.299277e-01 -7.024923e-05 -2.698786e-05 8.832249e-06 -1.454428e-04
11588.800000 8.930776e-01 8.707587e-03 2.268276e-03 6.330721e-01 -7.340634e-05 -2.840688e-05 1.105204e-05 -1.502682e-04
11589.000000 8.990810e-01 8.842041e-03 2.216574e-03 6.376312e-01 -6.919525e-05 -3.635393e-05 1.293577e-05 -1.466943e-04
11589.200000 9.000034e-01 8.824621e-03 2.202426e-03 6.401926e-01 -7.091006e-05 -3.346213e-05 1.871415e-05 -1.453404e-04
11589.400000 8.808890e-01 8.625813e-03 2.079241e-03 6.257057e-01 -6.973417e-05 -3.790608e-05 5.431062e-06 -1.403051e-04
11589.600000 8.997826e-01 8.847299e-03 2.194260e-03 6.376727e-01 -7.757957e-05 -3.561926e-05 1.602609e-05 -1.332423e-04
11589.800000 8.941071e-01 8.795304e-03 2.217609e-03 6.348071e-01 -7.524135e-05 -4.445742e-05 3.212862e-06 -1.377307e-04
11590.000000 8.983634e-01 8.780245e-03 2.128035e-03 6.400296e-01 -7.464909e-05 -5.136331e-05 -4.962808e-06 -1.338326e-04
11590.200000 8.963705e-01 8.778523e-03 2.132083e-03 6.371754e-01 -7.190778e-05 -3.846167e-05 1.651849e-06 -1.315463e-04
11590.400000 8.892670e-01 8.671424e-03 2.233738e-03 6.330679e-01 -6.762673e-05 -3.466517e-05 1.735832e-06 -1.346865e-04
11590.600000 8.828930e-01 8.631538e-03 2.159967e-03 6.286423e-01 -6.462343e-05 -4.582915e-05 3.705732e-07 -1.318033e-04
11590.800000 9.045962e-01 8.914612e-03 2.106025e-03 6.453832e-01 -6.818281e-05 -3.835306e-05 -1.224341e-05 -1.338437e-04
11591.000000 8.887685e-01 8.719228e-03 2.002377e-03 6.318070e-01 -7.308468e-05 -3.994804e-05 4.741508e-06 -1.233421e-04
11591.200000 9.031973e-01 8.879976e-03 2.087799e-03 6.439858e-01 -7.762390e-05 -4.451853e-05 -6.704856e-06 -1.211735e-04
11591.400000 9.011887e-01 8.824305e-03 2.103880e-03 6.453547e-01 -8.536288e-05 -4.422519e-05 -1.327570e-05 -1.385934e-04
11591.600000 8.942198e-01 8.801595e-03 1.955713e-03 6.385212e-01 -7.092784e-05 -5.058002e-05 9.086624e-07 -1.371739e-04
11591.800000 8.887652e-01 8.685414e-03 2.024713e-03 6.318422e-01 -6.808756e-05 -4.618079e-05 -3.209172e-06 -1.402111e-04
11592.000000 9.046897e-01 8.920550e-03 2.076051e-03 6.467107e-01 -6.249325e-05 -4.927773e-05 -1.178250e-05 -1.453592e-04
11592.200000 8.871032e-01 8.702779e-03 2.054319e-03 6.368267e-01 -6.188070e-05 -4.830162e-05 -1.152162e-05 -1.421744e-04
11592.400000 8.992002e-01 8.891479e-03 1.980799e-03 6.434525e-01 -7.233779e-05 -5.249157e-05 8.124722e-06 -1.382941e-04
11592.600000 9.016887e-01 8.845361e-03 1.991890e-03 6.434909e-01 -6.577542e-05 -4.539584e-05 -1.727374e-05 -1.327578e-04
11592.800000 8.715257e-01 8.488891e-03 2.029452e-03 6.200502e-01 -6.372825e-05 -4.603698e-05 -2.710339e-05 -1.352903e-04
11593.000000 9.068448e-01 8.900732e-03 1.959113e-03 6.463583e-01 -7.077584e-05 -5.296428e-05 -1.307658e-05 -1.269771e-04
11593.200000 8.899763e-01 8.716034e-03 1.938531e-03 6.366341e-01 -7.064764e-05 -5.227613e-05 -1.837613e-05 -1.269449e-04
11593.400000 8.908081e-01 8.809418e-03 1.845701e-03 6.377889e-01 -6.487040e-05 -5.381853e-05 -1.867812e-05 -1.181302e-04
11593.600000 9.025891e-01 8.846695e-03 1.971788e-03 6.434833e-01 -6.805781e-05 -5.288261e-05 -7.040138e-06 -1.252117e-04
11593.800000 8.927506e-01 8.772830e-03 2.012046e-03 6.380464e-01 -6.593907e-05 -4.280290e-05 -1.152580e-05 -1.333386e-04
11594.000000 8.873204e-01 8.636769e-03 1.924580e-03 6.333867e-01 -5.625741e-05 -4.666203e-05 -9.289802e-06 -1.385033e-04
11594.200000 8.905734e-01 8.746370e-03 2.014531e-03 6.361782e-01 -5.940607e-05 -5.208696e-05 -1.033151e-06 -1.497920e-04
11594.400000 9.013168e-01 8.851881e-03 1.838088e-03 6.451061e-01 -6.181612e-05 -5.707364e-05 -6.097626e-06 -1.421155e-04
11594.600000 8.941416e-01 8.812509e-03 1.911682e-03 6.415924e-01 -5.491146e-05 -5.688323e-05 2.834473e-06 -1.393332e-04
11594.800000 9.003825e-01 8.864097e-03 1.904106e-03 6.465269e-01 -5.232488e-05 -4.391859e-05 -1.414013e-05 -1.416032e-04
11595.000000 8.882453e-01 8.737374e-03 1.878938e-03 6.372342e-01 -5.374100e-05 -4.573988e-05 -1.517432e-06 -1.333339e-04
11595.200000 8.945615e-01 8.752088e-03 1.858683e-03 6.430548e-01 -4.755825e-05 -5.396798e-05 1.185223e-06 -1.290292e-04
11595.400000 8.958774e-01 8.805385e-03 1.853652e-03 6.439572e-01 -5.250978e-05 -4.426276e-05 -8.970420e-06 -1.396443e-04
11595.600000 8.922468e-01 8.776206e-03 1.674093e-03 6.393230e-01 -4.933201e-05 -4.268271e-05 1.631889e-08 -1.406741e-04
11595.800000 8.948168e-01 8.775359e-03 1.868758e-03 6.432177e-01 -5.566507e-05 -5.494889e-05 1.295915e-05 -1.326284e-04
11596.000000 8.877408e-01 8.710475e-03 1.837601e-03 6.377609e-01 -4.517632e-05 -6.281268e-05 -9.041675e-06 -1.286126e-04
11596.200000 9.089230e-01 8.933791e-03 1.910854e-03 6.512808e-01 -5.304099e-05 -6.479066e-05 -2.278930e-05 -1.456427e-04
11596.400000 8.652651e-01 8.484820e-03 1.965444e-03 6.205471e-01 -3.841337e-05 -4.938667e-05 -6.875812e-06 -1.343475e-04
11596.600000 9.084072e-01 8.942095e-03 2.009155e-03 6.555234e-01 -4.230751e-05 -5.718634e-05 -1.545808e-05 -1.487338e-04
11596.800000 8.895836e-01 8.740220e-03 1.938503e-03 6.413664e-01 -4.306102e-05 -5.500422e-05 -1.717477e-05 -1.504355e-04
11597.000000 8.980725e-01 8.825285e-03 1.976736e-03 6.478573e-01 -4.531528e-05 -4.778341e-05 -1.490183e-05 -1.549470e-04
11597.700000 8.929770e-01 8.777779e-03 1.969503e-03 6.429534e-01 -4.754629e-05 -4.810209e-05 4.004222e-07 -1.115662e-04
11598.400000 8.902904e-01 8.753348e-03 1.965921e-03 6.429057e-01 -5.616444e-05 -4.323397e-05 1.023905e-05 -9.819885e-05
11599.100000 8.875817e-01 8.693775e-03 1.966742e-03 6.400977e-01 -5.389237e-05 -3.946124e-05 7.603099e-06 -9.374935e-05
11599.800000 8.958466e-01 8.815493e-03 2.118882e-03 6.482334e-01 -5.473850e-05 -3.435116e-05 -3.058533e-06 -9.862357e-05
11600.500000 8.929660e-01 8.767718e-03 2.053347e-03 6.472481e-01 -4.622289e-05 -4.148106e-05 5.322590e-06 -8.231347e-05
11601.200000 8.930061e-01 8.788640e-03 2.103586e-03 6.483863e-01 -4.225439e-05 -4.737018e-05 8.786431e-06 -8.939720e-05
11601.900000 8.926575e-01 8.790974e-03 2.098048e-03 6.479613e-01 -4.778083e-05 -3.761406e-05 -4.503361e-06 -1.072829e-04
11602.600000 8.938258e-01 8.808802e-03 2.095693e-03 6.505586e-01 -5.000696e-05 -4.224628e-05 -3.435868e-06 -9.809375e-05
11603.300000 8.934814e-01 8.806987e-03 2.067640e-03 6.496284e-01 -5.450001e-05 -4.362126e-05 -2.265010e-06 -1.007988e-04
11604.993695 8.894285e-01 8.785012e-03 2.116939e-03 6.509013e-01 -5.958670e-05 -5.006359e-05 -9.829960e-06 -9.516166e-05
11605.999583 8.912455e-01 8.809881e-03 2.203139e-03 6.525837e-01 -5.235972e-05 -4.733295e-05 -5.207930e-06 -8.372031e-05
11607.017662 8.902782e-01 8.780789e-03 2.170063e-03 6.537010e-01 -5.193698e-05 -3.954126e-05 -5.402523e-06 -8.270771e-05
11608.047933 8.892601e-01 8.776197e-03 2.171665e-03 6.526325e-01 -5.798764e-05 -3.255373e-05 -1.260030e-05 -9.469939e-05
11609.090396 8.919795e-01 8.810975e-03 2.162427e-03 6.555599e-01 -6.078208e-05 -3.353925e-05 -1.223470e-05 -9.562204e-05
11610.145051 8.915347e-01 8.820200e-03 2.168435e-03 6.571231e-01 -5.715297e-05 -3.995422e-05 -1.247607e-05 -9.534291e-05
11611.211898 8.936563e-01 8.853274e-03 2.153660e-03 6.612708e-01 -5.904096e-05 -3.910468e-05 -1.055658e-05 -9.424808e-05
11612.290937 8.903633e-01 8.839707e-03 2.091532e-03 6.609204e-01 -6.296492e-05 -4.650470e-05 -1.152688e-05 -8.107643e-05
11613.382167 8.883355e-01 8.804002e-03 2.067881e-03 6.602385e-01 -6.657146e-05 -4.915211e-05 -2.517162e-05 -9.287113e-05
11614.485590 8.906890e-01 8.816241e-03 2.069543e-03 6.602984e-01 -7.184478e-05 -4.851830e-05 -1.563192e-05 -9.530020e-05
11615.601204 8.903462e-01 8.838026e-03 2.024285e-03 6.616779e-01 -6.229318e-05 -4.352739e-05 -9.110223e-06 -9.441005e-05
11616.729011 8.900465e-01 8.843016e-03 1.956344e-03 6.623003e-01 -6.618680e-05 -4.307101e-05 -2.054933e-05 -1.005002e-04
11617.869009 8.909858e-01 8.880473e-03 1.950680e-03 6.635479e-01 -7.249748e-05 -4.011918e-05 -2.446151e-05 -1.017625e-04
11619.021199 8.860574e-01 8.812570e-03 1.966879e-03 6.580474e-01 -7.569837e-05 -4.268763e-05 -2.170309e-05 -9.478681e-05
11620.185582 8.888985e-01 8.864358e-03 1.992449e-03 6.598960e-01 -6.897767e-05 -3.963755e-05 -1.843099e-05 -9.811140e-05
11621.362156 8.899740e-01 8.904122e-03 1.940518e-03 6.596924e-01 -7.145210e-05 -2.020609e-05 -1.933446e-05 -8.814266e-05
11622.550922 8.890677e-01 8.906340e-03 1.975648e-03 6.571437e-01 -7.369121e-05 -2.809997e-05 -1.849138e-05 -9.157923e-05
11623.751879 8.892595e-01 8.943216e-03 1.990918e-03 6.552831e-01 -6.728683e-05 -3.956471e-05 -2.854663e-05 -8.470071e-05
11624.965029 8.900786e-01 8.983370e-03 2.030243e-03 6.563002e-01 -7.392166e-05 -4.017941e-05 -1.424268e-05 -9.189983e-05
11626.190371 8.891633e-01 8.992153e-03 2.063675e-03 6.517154e-01 -7.965055e-05 -3.422442e-05 -1.328402e-05 -7.874085e-05
11627.427904 8.864044e-01 8.976201e-03 2.027580e-03 6.495753e-01 -7.258922e-05 -3.529512e-05 -1.285052e-05 -8.688727e-05
11628.677630 8.889847e-01 9.036602e-03 2.047951e-03 6.489489e-01 -7.673371e-05 -4.021224e-05 -1.188783e-05 -8.630293e-05
11629.939547 8.896191e-01 9.066563e-03 2.066589e-03 6.474075e-01 -8.551516e-05 -4.122635e-05 -2.088091e-05 -9.346142e-05
11631.213657 8.869943e-01 9.065071e-03 2.109700e-03 6.464188e-01 -8.545833e-05 -4.049794e-05 -1.067237e-05 -7.677558e-05
11632.499958 8.881671e-01 9.107898e-03 2.133347e-03 6.471758e-01 -8.527926e-05 -3.851865e-05 -1.183522e-05 -7.486780e-05
11633.798451 8.864527e-01 9.080199e-03 2.138779e-03 6.434987e-01 -9.258230e-05 -4.262555e-05 -1.941844e-05 -8.546430e-05
11635.109136 8.842645e-01 9.095972e-03 2.179426e-03 6.417731e-01 -8.491568e-05 -4.078881e-05 -1.431092e-05 -8.605261e-05
11636.432013 8.860825e-01 9.126125e-03 2.185855e-03 6.425060e-01 -7.638711e-05 -3.441608e-05 -8.973319e-06 -7.659050e-05
11637.767082 8.879747e-01 9.183942e-03 2.222646e-03 6.441781e-01 -7.949049e-05 -3.946622e-05 -3.330349e-06 -7.669048e-05
11639.114342 8.844946e-01 9.161698e-03 2.212508e-03 6.403422e-01 -7.763937e-05 -3.907108e-05 -2.425353e-06 -7.613650e-05
11640.473795 8.854544e-01 9.178579e-03 2.256864e-03 6.406464e-01 -7.838267e-05 -3.519115e-05 -4.044280e-06 -8.288255e-05
11641.845440 8.846597e-01 9.175784e-03 2.283036e-03 6.412587e-01 -7.750416e-05 -3.562732e-05 -1.246344e-05 -8.456700e-05
11643.229276 8.821521e-01 9.159470e-03 2.308134e-03 6.387480e-01 -7.560311e-05 -3.913467e-05 -1.946761e-05 -8.638919e-05
11644.625305 8.841674e-01 9.203997e-03 2.335486e-03 6.405088e-01 -6.777579e-05 -3.566570e-05 -1.356629e-05 -9.084999e-05
11646.033525 8.862928e-01 9.237879e-03 2.355570e-03 6.424216e-01 -6.161244e-05 -3.203930e-05 1.916267e-06 -1.013146e-04
11647.453937 8.808741e-01 9.174375e-03 2.366786e-03 6.390574e-01 -6.867099e-05 -3.945037e-05 -2.803110e-07 -1.027283e-04
11648.886541 8.799775e-01 9.191257e-03 2.334742e-03 6.404321e-01 -7.522913e-05 -4.145164e-05 -3.252893e-06 -9.633215e-05
11650.331337 8.800776e-01 9.197248e-03 2.328640e-03 6.398599e-01 -6.888338e-05 -4.516684e-05 -1.003177e-05 -9.543029e-05
11651.788325 8.833391e-01 9.242750e-03 2.364226e-03 6.402755e-01 -6.564044e-05 -4.152579e-05 -6.890096e-06 -9.273661e-05
11653.257505 8.831952e-01 9.258252e-03 2.294829e-03 6.411233e-01 -6.206468e-05 -4.649162e-05 -7.535901e-06 -8.921900e-05
11654.738877 8.819627e-01 9.239896e-03 2.265109e-03 6.423292e-01 -6.227400e-05 -3.696384e-05 -2.159974e-05 -9.850846e-05
11656.232440 8.828474e-01 9.286348e-03 2.303675e-03 6.439584e-01 -6.666313e-05 -3.411130e-05 -1.117260e-05 -8.315128e-05
11657.738196 8.829588e-01 9.325242e-03 2.267570e-03 6.443200e-01 -7.455183e-05 -5.026003e-05 -1.522335e-05 -8.032497e-05
11659.256143 8.830574e-01 9.353128e-03 2.227468e-03 6.450855e-01 -7.689267e-05 -4.296797e-05 -7.879295e-06 -8.097478e-05
11660.786283 8.802288e-01 9.319859e-03 2.192329e-03 6.438487e-01 -7.925818e-05 -4.572301e-05 -1.189067e-05 -8.055474e-05
11662.328614 8.817096e-01 9.361279e-03 2.244384e-03 6.458731e-01 -7.282330e-05 -4.270182e-05 -9.324925e-06 -7.879718e-05
11663.883137 8.810756e-01 9.367839e-03 2.224612e-03 6.447877e-01 -7.576704e-05 -4.315861e-05 -1.223914e-05 -8.943712e-05
11665.449852 8.803209e-01 9.370301e-03 2.214296e-03 6.464066e-01 -7.132686e-05 -4.006781e-05 -9.337992e-06 -9.009323e-05
11667.028759 8.783285e-01 9.359096e-03 2.230933e-03 6.436649e-01 -7.020292e-05 -4.847343e-05 -8.716405e-06 -8.400480e-05
11668.619858 8.814591e-01 9.415181e-03 2.215829e-03 6.461482e-01 -6.721487e-05 -4.267081e-05 -1.195238e-05 -8.603240e-05
11670.223149 8.796536e-01 9.392697e-03 2.207108e-03 6.463804e-01 -6.518048e-05 -5.111415e-05 -2.010332e-05 -9.203459e-05
11671.838632 8.778831e-01 9.400428e-03 2.229267e-03 6.452183e-01 -7.051519e-05 -5.655470e-05 -2.233203e-05 -9.433451e-05
11673.466307 8.785174e-01 9.410129e-03 2.271720e-03 6.458948e-01 -7.285254e-05 -5.042418e-05 -1.366941e-05 -9.210517e-05
11675.106173 8.790568e-01 9.420589e-03 2.241166e-03 6.465097e-01 -6.812546e-05 -4.735281e-05 -1.451036e-05 -8.830891e-05
11676.758232 8.760164e-01 9.384937e-03 2.254313e-03 6.435916e-01 -7.125101e-05 -3.953304e-05 -1.551957e-05 -8.875008e-05
11678.422482 8.753580e-01 9.426427e-03 2.264999e-03 6.462552e-01 -7.285452e-05 -3.542191e-05 -2.371432e-05 -8.672641e-05
11680.098924 8.751490e-01 9.435996e-03 2.282372e-03 6.475042e-01 -6.707508e-05 -2.962523e-05 -1.621121e-05 -9.107442e-05
11681.787558 8.758967e-01 9.457316e-03 2.307870e-03 6.465884e-01 -7.403219e-05 -3.182305e-05 -1.170720e-05 -8.675710e-05
11683.488385 8.752090e-01 9.457925e-03 2.287888e-03 6.462819e-01 -6.464916e-05 -3.321508e-05 -1.385787e-05 -9.608743e-05
11685.201403 8.753164e-01 9.491123e-03 2.296091e-03 6.478470e-01 -6.951711e-05 -3.910215e-05 -8.862861e-06 -9.087282e-05
11686.926613 8.761253e-01 9.495993e-03 2.283619e-03 6.488142e-01 -6.861805e-05 -3.982171e-05 -1.661981e-05 -8.872955e-05
11688.664014 8.755197e-01 9.511894e-03 2.291526e-03 6.487175e-01 -6.168681e-05 -4.477350e-05 -1.769542e-05 -8.702328e-05
11690.413608 8.748817e-01 9.531362e-03 2.228272e-03 6.485207e-01 -6.394677e-05 -5.460133e-05 -2.395167e-05 -7.972320e-05
11692.175394 8.736612e-01 9.542546e-03 2.297025e-03 6.489026e-01 -6.306799e-05 -5.567264e-05 -3.219423e-06 -8.239266e-05
11693.949371 8.747476e-01 9.610463e-03 2.329266e-03 6.486364e-01 -5.824052e-05 -5.168371e-05 -1.026779e-06 -9.438699e-05
11695.735541 8.732062e-01 9.604418e-03 2.310179e-03 6.482019e-01 -5.880728e-05 -4.402252e-05 1.784607e-06 -8.495117e-05
11697.533902 8.729590e-01 9.606701e-03 2.366353e-03 6.472805e-01 -6.741692e-05 -3.639351e-05 -9.795896e-06 -8.444637e-05
11699.344455 8.726110e-01 9.613397e-03 2.371302e-03 6.456418e-01 -7.386129e-05 -4.031883e-05 -1.347050e-05 -8.720532e-05
11701.167201 8.706924e-01 9.624747e-03 2.411593e-03 6.448594e-01 -7.420269e-05 -3.595260e-05 -3.029262e-06 -9.501132e-05
11703.002138 8.680406e-01 9.615517e-03 2.440842e-03 6.430221e-01 -7.337553e-05 -3.900982e-05 -8.041295e-06 -1.027147e-04
11704.849267 8.703773e-01 9.665865e-03 2.461298e-03 6.432328e-01 -6.879499e-05 -3.871235e-05 -4.741233e-06 -9.245889e-05
11706.708588 8.704148e-01 9.674857e-03 2.432662e-03 6.430031e-01 -7.699302e-05 -3.959360e-05 -1.617771e-05 -9.396015e-05
11708.580100 8.697421e-01 9.694635e-03 2.481965e-03 6.437443e-01 -7.790573e-05 -3.843465e-05 -1.555810e-05 -9.555235e-05
11710.463805 8.693335e-01 9.717773e-03 2.450706e-03 6.420353e-01 -8.053128e-05 -4.175115e-05 -1.844633e-05 -9.147952e-05
11712.359702 8.708329e-01 9.782556e-03 2.501243e-03 6.434496e-01 -7.195720e-05 -4.305509e-05 -2.275779e-05 -8.612109e-05
11714.267790 8.692905e-01 9.777768e-03 2.476611e-03 6.415908e-01 -7.017805e-05 -4.328926e-05 -2.608549e-05 -8.580460e-05
11716.188071 8.679454e-01 9.784597e-03 2.472539e-03 6.413832e-01 -6.322841e-05 -5.029998e-05 -2.821300e-05 -9.289337e-05
11718.120543 8.672967e-01 9.796086e-03 2.415560e-03 6.408322e-01 -5.535696e-05 -5.067025e-05 -3.368232e-05 -1.015046e-04
11720.065207 8.686388e-01 9.832991e-03 2.419156e-03 6.415065e-01 -6.049842e-05 -4.883261e-05 -3.232832e-05 -9.687981e-05
11722.022064 8.668589e-01 9.830178e-03 2.414041e-03 6.408530e-01 -6.107446e-05 -4.212706e-05 -1.667981e-05 -1.051642e-04
11723.991112 8.677241e-01 9.888363e-03 2.435576e-03 6.410442e-01 -6.310900e-05 -4.583219e-05 -1.528546e-05 -1.031778e-04
11725.972352 8.652812e-01 9.855147e-03 2.369176e-03 6.394276e-01 -5.341478e-05 -4.930642e-05 -1.128663e-05 -1.111441e-04
11727.965784 8.667631e-01 9.913157e-03 2.431734e-03 6.396991e-01 -5.548655e-05 -3.866835e-05 -3.002907e-05 -1.312943e-04
11729.971407 8.649217e-01 9.915907e-03 2.400334e-03 6.378336e-01 -5.678962e-05 -3.874162e-05 -2.120419e-05 -1.392179e-04
11731.989223 8.621394e-01 9.899697e-03 2.426201e-03 6.366523e-01 -7.087291e-05 -5.461514e-05 -3.560468e-05 -1.247336e-04
11734.019231 8.606262e-01 9.895337e-03 2.419751e-03 6.378458e-01 -6.394265e-05 -5.318855e-05 -2.248852e-05 -9.878043e-05
11736.061430 8.643267e-01 9.952756e-03 2.420846e-03 6.406484e-01 -5.693391e-05 -5.764526e-05 -1.389603e-05 -9.514859e-05
11738.115822 8.623992e-01 9.967719e-03 2.447930e-03 6.384759e-01 -6.349812e-05 -5.025245e-05 -2.447180e-05 -9.095703e-05
11740.182405 8.618237e-01 9.967088e-03 2.485644e-03 6.381421e-01 -7.241456e-05 -4.963021e-05 -2.544607e-05 -8.204369e-05
11742.261180 8.587058e-01 9.930750e-03 2.454609e-03 6.370761e-01 -6.210446e-05 -4.429848e-05 -2.857559e-05 -9.082355e-05
11744.352148 8.581111e-01 9.969728e-03 2.453830e-03 6.372355e-01 -6.448100e-05 -4.789614e-05 -2.819235e-05 -8.487310e-05
11746.455307 8.579536e-01 9.998538e-03 2.494790e-03 6.372557e-01 -6.543494e-05 -4.917741e-05 -2.605538e-05 -7.522894e-05
11748.570658 8.599438e-01 1.006358e-02 2.459622e-03 6.390103e-01 -6.013958e-05 -4.588966e-05 -2.836998e-05 -7.366599e-05
11750.698201 8.571691e-01 1.003058e-02 2.469526e-03 6.369722e-01 -5.378198e-05 -4.478741e-05 -3.141797e-05 -7.239816e-05
11752.837935 8.557491e-01 1.003058e-02 2.439492e-03 6.355570e-01 -4.904647e-05 -4.682316e-05 -2.192998e-05 -7.461866e-05
11754.989862 8.559949e-01 1.007889e-02 2.460881e-03 6.371350e-01 -4.687788e-05 -4.161605e-05 -1.759892e-05 -8.296525e-05
11757.153981 8.567420e-01 1.011185e-02 2.456203e-03 6.380192e-01 -4.984139e-05 -3.867961e-05 -2.157629e-05 -8.038817e-05
11759.330291 8.547938e-01 1.009686e-02 2.452531e-03 6.383019e-01 -5.058221e-05 -4.237800e-05 -2.831370e-05 -9.294741e-05
11761.518794 8.554204e-01 1.014088e-02 2.520527e-03 6.393490e-01 -4.569441e-05 -4.814528e-05 -2.411675e-05 -8.629138e-05
11763.719488 8.547739e-01 1.015545e-02 2.511208e-03 6.385415e-01 -5.525775e-05 -5.606266e-05 -2.156470e-05 -7.514521e-05
11765.932374 8.537736e-01 1.018289e-02 2.524443e-03 6.381735e-01 -6.681408e-05 -4.311305e-05 -1.718807e-05 -6.919180e-05
11768.157453 8.533418e-01 1.019269e-02 2.585436e-03 6.375786e-01 -7.216921e-05 -4.676346e-05 -2.802551e-05 -7.469693e-05
11770.394723 8.494926e-01 1.019422e-02 2.581706e-03 6.349038e-01 -7.517738e-05 -4.570742e-05 -1.717698e-05 -7.242553e-05
11772.644185 8.432037e-01 1.012745e-02 2.555955e-03 6.303340e-01 -6.404084e-05 -4.178225e-05 -1.281399e-05 -7.755275e-05
11774.905838 8.480888e-01 1.020843e-02 2.652382e-03 6.359754e-01 -5.615365e-05 -4.095522e-05 -1.748362e-05 -7.855963e-05
11777.179684 8.505006e-01 1.026501e-02 2.666974e-03 6.377209e-01 -7.204175e-05 -3.457403e-05 -1.110050e-05 -7.599410e-05
11779.465722 8.517629e-01 1.030876e-02 2.709773e-03 6.375407e-01 -6.723935e-05 -3.448657e-05 -1.253975e-05 -7.087854e-05
11781.763952 8.510599e-01 1.032962e-02 2.710242e-03 6.378459e-01 -6.609125e-05 -3.134442e-05 -6.006035e-06 -6.288448e-05
11784.074373 8.499602e-01 1.035223e-02 2.682302e-03 6.376212e-01 -6.808561e-05 -3.771263e-05 -3.992464e-07 -6.238677e-05
11786.396987 8.478025e-01 1.034078e-02 2.673372e-03 6.348536e-01 -7.112900e-05 -3.200778e-05 -7.836673e-06 -6.455323e-05
11788.731792 8.487637e-01 1.037132e-02 2.706345e-03 6.367069e-01 -6.344198e-05 -2.871111e-05 -2.548536e-06 -6.623221e-05
11791.078789 8.481888e-01 1.039264e-02 2.740714e-03 6.359007e-01 -5.550846e-05 -3.188586e-05 6.440555e-06 -7.745868e-05
11793.437978 8.481751e-01 1.040906e-02 2.720151e-03 6.362786e-01 -6.662648e-05 -3.856634e-05 7.874984e-06 -8.394948e-05
11795.809359 8.481270e-01 1.045846e-02 2.731466e-03 6.355691e-01 -6.048388e-05 -3.602352e-05 -2.032698e-06 -1.019079e-04
11798.192932 8.476476e-01 1.048083e-02 2.733842e-03 6.363865e-01 -6.850274e-05 -3.893943e-05 -4.890494e-06 -1.057034e-04
11800.588697 8.472090e-01 1.049794e-02 2.693596e-03 6.342607e-01 -6.405316e-05 -4.086399e-05 -2.420021e-06 -9.760091e-05
11802.996654 8.453940e-01 1.049780e-02 2.679057e-03 6.342366e-01 -6.086009e-05 -3.887672e-05 -8.412312e-06 -9.116420e-05
11805.416803 8.459125e-01 1.055035e-02 2.648924e-03 6.350308e-01 -5.258404e-05 -2.792613e-05 -9.663139e-06 -8.136218e-05
11807.849143 8.444996e-01 1.055051e-02 2.608695e-03 6.340201e-01 -5.523035e-05 -2.803317e-05 -9.849410e-06 -8.022753e-05
11810.293676 8.440557e-01 1.057284e-02 2.649674e-03 6.338404e-01 -6.029308e-05 -2.965732e-05 -7.887124e-06 -7.986319e-05
11812.750400 8.444775e-01 1.061987e-02 2.614401e-03 6.345932e-01 -6.428772e-05 -1.835486e-05 6.444893e-06 -8.762127e-05
11815.219317 8.447762e-01 1.067534e-02 2.646165e-03 6.362559e-01 -6.012905e-05 -1.847707e-05 -1.922010e-06 -9.362109e-05
11817.700425 8.423898e-01 1.062966e-02 2.640425e-03 6.344319e-01 -6.276896e-05 -2.788291e-05 -5.373393e-06 -9.170937e-05
11820.193725 8.415530e-01 1.066553e-02 2.643624e-03 6.337162e-01 -7.161256e-05 -2.149174e-05 -4.576030e-06 -8.887178e-05
11822.699217 8.410132e-01 1.066435e-02 2.676722e-03 6.332319e-01 -6.002761e-05 -2.685785e-05 4.342681e-07 -8.795347e-05
11825.216901 8.426324e-01 1.073781e-02 2.704065e-03 6.339405e-01 -5.275847e-05 -3.255161e-05 -5.705477e-06 -8.844565e-05
11827.746777 8.413961e-01 1.075245e-02 2.737517e-03 6.337542e-01 -5.899295e-05 -2.639945e-05 -4.380152e-06 -9.168458e-05
11830.288845 8.385143e-01 1.073486e-02 2.732252e-03 6.303929e-01 -5.772983e-05 -2.028511e-05 -6.975710e-06 -9.315086e-05
11832.843105 8.395887e-01 1.078535e-02 2.774815e-03 6.326789e-01 -5.621634e-05 -2.630167e-05 -1.174607e-05 -9.295362e-05
11835.409556 8.394158e-01 1.080796e-02 2.808982e-03 6.309769e-01 -6.310509e-05 -2.113354e-05 -8.491180e-06 -9.118575e-05
11837.988200 8.373411e-01 1.081838e-02 2.860724e-03 6.305455e-01 -6.111607e-05 -2.341043e-05 -1.532622e-05 -1.064785e-04
11840.579035 8.377177e-01 1.085677e-02 2.898440e-03 6.323334e-01 -5.617806e-05 -2.691258e-05 -1.142114e-05 -1.006955e-04
11843.182062 8.383183e-01 1.089722e-02 2.910055e-03 6.316369e-01 -5.528338e-05 -3.152271e-05 -6.538796e-06 -8.672506e-05
11845.797282 8.344748e-01 1.087710e-02 2.909399e-03 6.283087e-01 -5.121066e-05 -4.036150e-05 -3.095651e-06 -8.327740e-05
11848.424693 8.353243e-01 1.093362e-02 2.916920e-03 6.300772e-01 -5.899414e-05 -4.194958e-05 -2.036648e-05 -8.769108e-05
11851.064296 8.357872e-01 1.096373e-02 2.952785e-03 6.302990e-01 -6.197017e-05 -3.984859e-05 -1.818440e-05 -8.479868e-05
11853.716091 8.355603e-01 1.098940e-02 2.942040e-03 6.309804e-01 -5.970919e-05 -3.567269e-05 -1.299549e-05 -8.550887e-05
11856.380078 8.340993e-01 1.101175e-02 2.962883e-03 6.302314e-01 -5.716381e-05 -3.553028e-05 -9.640449e-06 -8.789759e-05
11859.056256 8.342397e-01 1.104842e-02 2.917686e-03 6.298487e-01 -6.838539e-05 -3.648835e-05 -1.775028e-05 -9.401412e-05
11861.744627 8.312312e-01 1.104996e-02 2.938918e-03 6.280499e-01 -8.338207e-05 -3.422406e-05 -2.891606e-05 -9.783571e-05
11864.445190 8.287640e-01 1.102474e-02 2.978160e-03 6.281338e-01 -8.615773e-05 -4.126621e-05 -1.860846e-05 -9.285522e-05
11867.157944 8.306406e-01 1.107781e-02 3.009184e-03 6.287117e-01 -8.616749e-05 -4.060784e-05 -1.553303e-05 -8.991086e-05
11869.882891 8.286534e-01 1.107040e-02 2.997560e-03 6.276890e-01 -8.117509e-05 -3.296195e-05 -1.644287e-05 -9.699573e-05
11872.620029 8.308658e-01 1.115433e-02 3.040461e-03 6.296281e-01 -7.908325e-05 -3.427673e-05 -1.589610e-05 -8.864880e-05
11875.369359 8.305758e-01 1.118336e-02 3.003564e-03 6.294668e-01 -7.794977e-05 -3.320766e-05 -1.704109e-05 -8.345927e-05
11878.130881 8.305351e-01 1.123177e-02 3.036506e-03 6.296294e-01 -7.591476e-05 -3.488581e-05 -5.612163e-06 -8.663817e-05
11880.904595 8.240649e-01 1.117397e-02 3.005722e-03 6.245455e-01 -8.382028e-05 -3.561007e-05 -1.062194e-05 -9.078219e-05
11883.690501 8.220683e-01 1.118971e-02 2.970821e-03 6.235455e-01 -8.495145e-05 -3.782311e-05 -1.279450e-05 -9.477058e-05
11886.488599 8.268018e-01 1.127476e-02 2.982772e-03 6.275958e-01 -8.125959e-05 -3.143826e-05 -1.392148e-05 -9.326020e-05
11889.298889 8.294609e-01 1.135366e-02 3.024885e-03 6.312000e-01 -8.057224e-05 -3.713643e-05 -9.075836e-06 -9.207418e-05
11892.121371 8.283841e-01 1.137766e-02 2.996411e-03 6.296909e-01 -8.119299e-05 -4.015981e-05 -1.288562e-05 -9.591000e-05
11894.956044 8.270937e-01 1.139175e-02 2.982686e-03 6.291280e-01 -6.988742e-05 -4.252053e-05 -5.288684e-06 -1.003264e-04
11897.802910 8.259275e-01 1.141852e-02 3.029000e-03 6.297246e-01 -6.820721e-05 -4.438037e-05 -1.159389e-05 -8.538827e-05
11900.661967 8.267345e-01 1.144649e-02 3.042861e-03 6.302837e-01 -6.420323e-05 -4.608143e-05 -9.796441e-06 -8.514291e-05
11903.533217 8.264226e-01 1.149194e-02 3.106029e-03 6.299293e-01 -6.554124e-05 -3.650537e-05 -1.616719e-05 -9.184796e-05
11906.416658 8.249344e-01 1.150114e-02 3.097817e-03 6.284619e-01 -7.051305e-05 -2.901817e-05 -7.826673e-06 -9.316514e-05
11909.312291 8.249909e-01 1.153671e-02 3.156211e-03 6.280731e-01 -7.075777e-05 -3.314683e-05 -2.131810e-06 -9.064061e-05
11912.220116 8.234685e-01 1.155685e-02 3.167037e-03 6.283842e-01 -6.335826e-05 -3.402930e-05 -9.316177e-06 -7.050201e-05
11915.140133 8.232596e-01 1.156807e-02 3.195716e-03 6.280999e-01 -5.688094e-05 -3.163004e-05 -1.215302e-05 -7.237647e-05
11918.072342 8.239000e-01 1.162931e-02 3.262775e-03 6.276394e-01 -6.171056e-05 -4.021511e-05 8.220927e-07 -7.724395e-05
11921.016743 8.221678e-01 1.164305e-02 3.268814e-03 6.271741e-01 -7.289735e-05 -4.638003e-05 -8.666945e-06 -8.657015e-05
11923.973335 8.222923e-01 1.168903e-02 3.263574e-03 6.277821e-01 -6.597025e-05 -2.852379e-05 -1.052004e-05 -9.214042e-05
11926.942120 8.216000e-01 1.171721e-02 3.292689e-03 6.274958e-01 -5.809553e-05 -2.098735e-05 -1.543197e-05 -9.491446e-05
11929.923096 8.208760e-01 1.173281e-02 3.331186e-03 6.282515e-01 -6.040143e-05 -3.048428e-05 -1.673291e-05 -1.325939e-04
11932.916265 8.200678e-01 1.179378e-02 3.303235e-03 6.258604e-01 -6.140302e-05 -2.739045e-05 -8.422007e-06 -1.453434e-04
11935.921625 8.124558e-01 1.171831e-02 3.287507e-03 6.205619e-01 -5.165869e-05 -3.105729e-05 -3.960767e-06 -1.421521e-04
11938.939177 8.126565e-01 1.174283e-02 3.291657e-03 6.235356e-01 -5.218028e-05 -2.152739e-05 -2.181190e-06 -1.511420e-04
11941.968921 8.172460e-01 1.182991e-02 3.316263e-03 6.261617e-01 -5.914550e-05 -2.237542e-05 -2.442993e-06 -1.440108e-04
11945.010858 8.184688e-01 1.190215e-02 3.339283e-03 6.258428e-01 -6.491421e-05 -3.431239e-05 -5.188972e-06 -1.437487e-04
11948.064985 8.168020e-01 1.190896e-02 3.337027e-03 6.244842e-01 -6.002989e-05 -3.017342e-05 -9.224612e-06 -1.406759e-04
11951.131305 8.154671e-01 1.192654e-02 3.336016e-03 6.270108e-01 -5.751476e-05 -2.643772e-05 -9.488816e-06 -1.040202e-04
11954.209817 8.163018e-01 1.199581e-02 3.379663e-03 6.255836e-01 -5.212284e-05 -2.501368e-05 -5.057329e-06 -9.051650e-05
11957.300521 8.152618e-01 1.202507e-02 3.438845e-03 6.246933e-01 -5.393845e-05 -2.042254e-05 -1.265111e-05 -8.748118e-05
11960.403416 8.130780e-01 1.202746e-02 3.434514e-03 6.233968e-01 -5.683484e-05 -3.156817e-05 -1.197547e-05 -8.790202e-05
11963.518504 8.130930e-01 1.206653e-02 3.442255e-03 6.232216e-01 -5.673026e-05 -3.547876e-05 -1.525174e-05 -9.045313e-05
11966.645783 8.139574e-01 1.213105e-02 3.437265e-03 6.224828e-01 -6.078379e-05 -3.982521e-05 -2.208449e-05 -8.621685e-05
11969.785255 8.124605e-01 1.212191e-02 3.430294e-03 6.232775e-01 -6.710938e-05 -4.002761e-05 -2.670541e-05 -8.440833e-05
11972.936918 8.113597e-01 1.214395e-02 3.441766e-03 6.234138e-01 -6.722668e-05 -3.187641e-05 -2.071258e-05 -9.442006e-05
11976.100773 8.117455e-01 1.219756e-02 3.484744e-03 6.226486e-01 -4.780430e-05 -2.448318e-05 -1.934912e-05 -9.521451e-05
11979.276820 8.113443e-01 1.224500e-02 3.477235e-03 6.237054e-01 -5.175034e-05 -2.797548e-05 -1.717586e-05 -1.021240e-04
11982.465059 8.102103e-01 1.225653e-02 3.473160e-03 6.226033e-01 -5.960598e-05 -3.264696e-05 -2.432028e-05 -1.010674e-04
11985.665490 8.089773e-01 1.227716e-02 3.461973e-03 6.217395e-01 -6.520698e-05 -2.960695e-05 -2.149998e-05 -9.724733e-05
11988.878112 8.086252e-01 1.231928e-02 3.483245e-03 6.217495e-01 -5.970634e-05 -2.101016e-05 -2.460064e-05 -9.834419e-05
11992.102927 8.078645e-01 1.233597e-02 3.504951e-03 6.222733e-01 -6.662057e-05 -3.389695e-05 -2.578600e-05 -9.004902e-05
11995.339934 8.077922e-01 1.238369e-02 3.542754e-03 6.223551e-01 -6.763817e-05 -2.963743e-05 -1.630792e-05 -7.384339e-05
11998.589132 8.067270e-01 1.241878e-02 3.554031e-03 6.222034e-01 -6.685402e-05 -2.915500e-05 -1.846570e-05 -7.895464e-05
12001.850523 8.066903e-01 1.244179e-02 3.564614e-03 6.238339e-01 -5.939369e-05 -2.337441e-05 -7.277184e-06 -8.739628e-05
12005.124105 8.052630e-01 1.246154e-02 3.614510e-03 6.209339e-01 -6.228853e-05 -2.579963e-05 -4.158882e-07 -8.851928e-05
12008.409879 8.045379e-01 1.248406e-02 3.635535e-03 6.208740e-01 -7.337501e-05 -3.198585e-05 -1.688024e-05 -9.359686e-05
12011.707845 8.051012e-01 1.254698e-02 3.712576e-03 6.212377e-01 -7.189886e-05 -2.787839e-05 -1.660306e-05 -1.011363e-04
12015.018003 8.042600e-01 1.258272e-02 3.733185e-03 6.224034e-01 -7.180609e-05 -2.697932e-05 -2.632808e-06 -1.090025e-04
12018.340353 8.030430e-01 1.261701e-02 3.782988e-03 6.210129e-01 -6.620864e-05 -3.478080e-05 -1.106938e-06 -1.103890e-04
12021.674895 8.026735e-01 1.266158e-02 3.805345e-03 6.198743e-01 -6.726257e-05 -3.330908e-05 -1.579791e-06 -1.048125e-04
12025.021629 8.022785e-01 1.271098e-02 3.827883e-03 6.203113e-01 -6.143815e-05 -3.003947e-05 -8.020117e-07 -9.507840e-05
12028.380554 8.008283e-01 1.271186e-02 3.824216e-03 6.197839e-01 -6.204803e-05 -2.743407e-05 -8.337277e-07 -9.457838e-05
12031.751672 7.995046e-01 1.275034e-02 3.812627e-03 6.185223e-01 -5.796513e-05 -3.313103e-05 -8.760897e-06 -1.046625e-04
12035.134982 8.004843e-01 1.283305e-02 3.821440e-03 6.206495e-01 -6.920806e-05 -3.607820e-05 -1.709534e-05 -9.914862e-05
12038.530483 7.985200e-01 1.282547e-02 3.844844e-03 6.178131e-01 -6.846385e-05 -4.204819e-05 -1.928463e-05 -8.542879e-05
12041.938176 7.987161e-01 1.287941e-02 3.859726e-03 6.207395e-01 -6.025256e-05 -3.237931e-05 -1.419221e-05 -9.069138e-05
12045.358061 7.917913e-01 1.280950e-02 3.828525e-03 6.142044e-01 -4.756392e-05 -2.269764e-05 -1.037560e-05 -8.408294e-05
12048.790139 7.858097e-01 1.275283e-02 3.821645e-03 6.094759e-01 -5.531581e-05 -2.076325e-05 -2.055389e-05 -9.250252e-05
12052.234408 7.948241e-01 1.295548e-02 3.911620e-03 6.176646e-01 -6.583661e-05 -2.416251e-05 -1.795011e-05 -8.950299e-05
12055.690868 7.943702e-01 1.297977e-02 3.897142e-03 6.163803e-01 -7.538347e-05 -2.752795e-05 -7.863371e-06 -9.519631e-05
12059.159521 7.947416e-01 1.302032e-02 3.932844e-03 6.169462e-01 -7.803522e-05 -2.455172e-05 -1.399455e-05 -9.493465e-05
12062.640366 7.941337e-01 1.306024e-02 3.948044e-03 6.175943e-01 -7.820932e-05 -2.960762e-05 -1.956713e-05 -9.438234e-05
12066.133403 7.926095e-01 1.309025e-02 3.931527e-03 6.160295e-01 -7.368211e-05 -3.101620e-05 -1.521934e-05 -9.996050e-05
12069.638631 7.909941e-01 1.313145e-02 3.911838e-03 6.169907e-01 -6.482815e-05 -3.279116e-05 -8.782615e-06 -8.831919e-05
12073.156052 7.921293e-01 1.321057e-02 3.963269e-03 6.177070e-01 -5.472843e-05 -3.040858e-05 -1.088847e-05 -9.646359e-05
12076.685664 7.907826e-01 1.323965e-02 3.977997e-03 6.172306e-01 -5.824039e-05 -3.622870e-05 3.509038e-06 -9.583777e-05
12080.227468 7.898214e-01 1.326373e-02 3.985524e-03 6.165131e-01 -5.603928e-05 -3.705953e-05 3.193707e-06 -9.701532e-05
12083.781465 7.879209e-01 1.326994e-02 4.008979e-03 6.139480e-01 -6.592974e-05 -3.715042e-05 7.661451e-06 -9.373387e-05
12087.347653 7.872601e-01 1.330695e-02 4.033230e-03 6.132093e-01 -6.117482e-05 -3.557134e-05 -2.978669e-06 -1.007918e-04
12090.926033 7.881823e-01 1.336122e-02 4.073991e-03 6.144687e-01 -5.282557e-05 -3.721178e-05 -1.021005e-05 -1.070466e-04
12094.516605 7.876073e-01 1.340544e-02 4.090700e-03 6.153375e-01 -5.174051e-05 -4.361061e-05 -1.234553e-05 -1.110625e-04
12098.119369 7.868509e-01 1.344568e-02 4.111358e-03 6.141897e-01 -6.267508e-05 -4.454487e-05 -2.357559e-05 -1.106401e-04
12101.734324 7.860051e-01 1.347854e-02 4.149798e-03 6.129730e-01 -6.941975e-05 -4.310315e-05 -1.096000e-05 -1.156415e-04
12105.361472 7.850809e-01 1.350604e-02 4.196440e-03 6.128960e-01 -6.247208e-05 -3.575503e-05 -1.445948e-05 -1.224282e-04
12109.000811 7.847525e-01 1.355622e-02 4.234103e-03 6.140025e-01 -6.116229e-05 -2.986632e-05 -8.867596e-06 -1.253826e-04
12112.652343 7.845193e-01 1.362457e-02 4.256243e-03 6.127734e-01 -6.386894e-05 -4.286477e-05 -1.551784e-05 -1.166010e-04
12116.316066 7.823685e-01 1.362729e-02 4.282294e-03 6.114833e-01 -6.578367e-05 -4.228983e-05 -1.750947e-05 -1.110748e-04
12119.991982 7.821961e-01 1.368741e-02 4.349170e-03 6.110671e-01 -6.576426e-05 -4.615880e-05 -1.997631e-05 -1.131395e-04
12123.680089 7.820789e-01 1.374134e-02 4.360281e-03 6.125867e-01 -6.056694e-05 -4.872218e-05 -2.536105e-05 -1.091162e-04
12127.380388 7.805724e-01 1.374935e-02 4.357310e-03 6.114068e-01 -5.785925e-05 -3.848892e-05 -2.927333e-05 -1.035799e-04
12131.092879 7.805924e-01 1.381577e-02 4.429316e-03 6.124629e-01 -5.668239e-05 -3.579225e-05 -2.299136e-05 -1.002793e-04
12134.817562 7.793397e-01 1.382379e-02 4.427445e-03 6.108728e-01 -6.402819e-05 -4.149595e-05 -2.118008e-05 -8.729347e-05
12138.554437 7.793727e-01 1.389225e-02 4.467252e-03 6.122030e-01 -6.507063e-05 -4.208593e-05 -1.766850e-05 -8.419352e-05
12142.303503 7.765977e-01 1.390005e-02 4.441998e-03 6.100168e-01 -5.622740e-05 -4.831539e-05 -2.363461e-05 -8.820243e-05
12146.064762 7.778215e-01 1.397630e-02 4.483811e-03 6.119350e-01 -5.271029e-05 -4.852556e-05 -3.645587e-05 -8.272647e-05
12149.838213 7.757855e-01 1.397168e-02 4.502421e-03 6.093957e-01 -5.844902e-05 -4.280086e-05 -3.109153e-05 -8.002290e-05
12153.623855 7.753830e-01 1.400847e-02 4.516565e-03 6.083448e-01 -5.076902e-05 -4.071579e-05 -3.003351e-05 -8.707624e-05
12157.421689 7.751987e-01 1.408023e-02 4.563357e-03 6.092054e-01 -5.004541e-05 -4.283453e-05 -3.275616e-05 -7.950692e-05
12161.231716 7.743433e-01 1.412049e-02 4.522597e-03 6.097703e-01 -5.065029e-05 -4.304442e-05 -3.325510e-05 -8.400374e-05
12165.053934 7.729955e-01 1.414498e-02 4.553422e-03 6.094097e-01 -5.167107e-05 -4.529734e-05 -2.232331e-05 -8.614336e-05
12168.888344 7.720990e-01 1.418663e-02 4.555252e-03 6.079948e-01 -5.320007e-05 -4.479525e-05 -1.515397e-05 -8.769653e-05
12172.734946 7.721544e-01 1.424987e-02 4.580540e-03 6.083528e-01 -6.121095e-05 -4.549271e-05 -1.811903e-05 -1.049499e-04
12176.593740 7.693951e-01 1.424908e-02 4.580579e-03 6.062262e-01 -5.569616e-05 -3.635739e-05 -2.025537e-05 -1.482800e-04
12180.464726 7.714226e-01 1.435385e-02 4.639450e-03 6.097197e-01 -5.416004e-05 -4.550706e-05 -2.801488e-05 -1.512420e-04
12184.347903 7.689038e-01 1.437600e-02 4.658376e-03 6.072707e-01 -5.824465e-05 -4.272760e-05 -1.926112e-05 -1.486852e-04
12188.243273 7.690227e-01 1.443476e-02 4.673540e-03 6.066313e-01 -6.666601e-05 -3.508124e-05 -2.003566e-05 -1.461783e-04
12192.150835 7.684954e-01 1.446756e-02 4.679478e-03 6.074458e-01 -5.844528e-05 -3.556791e-05 -2.420335e-05 -1.435874e-04
12196.070588 7.676274e-01 1.450787e-02 4.762925e-03 6.067945e-01 -5.532136e-05 -3.343521e-05 -2.042577e-05 -1.476408e-04
12200.002533 7.666691e-01 1.454775e-02 4.755727e-03 6.061353e-01 -5.969768e-05 -3.230899e-05 -2.169252e-05 -1.510985e-04
12203.946671 7.651534e-01 1.460041e-02 4.797991e-03 6.063334e-01 -5.668310e-05 -3.626813e-05 -1.503304e-05 -1.431945e-04
12207.903000 7.637629e-01 1.460557e-02 4.790190e-03 6.051938e-01 -5.960085e-05 -3.275710e-05 -1.671636e-05 -1.399615e-04
12211.871521 7.645771e-01 1.468465e-02 4.846273e-03 6.054929e-01 -6.146185e-05 -3.247473e-05 -1.693571e-05 -1.425776e-04
12215.852234 7.642119e-01 1.475622e-02 4.904468e-03 6.053893e-01 -6.257808e-05 -3.393998e-05 -1.341349e-05 -1.539690e-04
12219.845139 7.627167e-01 1.476700e-02 4.941038e-03 6.046291e-01 -6.000216e-05 -4.047042e-05 -7.250337e-06 -1.598468e-04
12223.850236 7.616475e-01 1.481870e-02 4.956610e-03 6.039120e-01 -6.071045e-05 -4.232227e-05 1.009723e-06 -1.457558e-04
12227.867524 7.531793e-01 1.470018e-02 4.951519e-03 5.974435e-01 -6.761979e-05 -3.915743e-05 -3.220596e-06 -1.457325e-04
12231.897005 7.431104e-01 1.455160e-02 4.918424e-03 5.898035e-01 -5.699272e-05 -3.419867e-05 -3.333586e-06 -1.448544e-04
12235.938678 7.577656e-01 1.491887e-02 5.098927e-03 6.006885e-01 -5.819597e-05 -3.417194e-05 -4.288846e-06 -1.452783e-04
12239.992542 7.581775e-01 1.497563e-02 5.125011e-03 6.031068e-01 -5.280007e-05 -2.991265e-05 -1.439926e-05 -1.432190e-04
12244.058598 7.572769e-01 1.502492e-02 5.136217e-03 6.014010e-01 -5.564939e-05 -2.411019e-05 -2.133099e-05 -1.536808e-04
12248.136847 7.570578e-01 1.507238e-02 5.195773e-03 6.013095e-01 -5.127522e-05 -2.925543e-05 -1.150236e-05 -1.426120e-04
12252.227287 7.547776e-01 1.510376e-02 5.209370e-03 6.003752e-01 -5.403558e-05 -3.377403e-05 -1.200727e-05 -1.537563e-04
12256.329919 7.552758e-01 1.516552e-02 5.237311e-03 6.000885e-01 -5.009770e-05 -3.983201e-05 -1.848530e-05 -1.505501e-04
12260.444743 7.546013e-01 1.521408e-02 5.290503e-03 6.006819e-01 -5.528832e-05 -4.888222e-05 -1.549163e-05 -1.430073e-04
12264.571759 7.546923e-01 1.527087e-02 5.313233e-03 6.005474e-01 -5.995618e-05 -4.847545e-05 -2.275149e-05 -1.440482e-04
12268.710967 7.533556e-01 1.532189e-02 5.338075e-03 5.992637e-01 -5.479503e-05 -3.501460e-05 -1.504980e-05 -1.334272e-04
12272.862366 7.524325e-01 1.535117e-02 5.376966e-03 5.995260e-01 -5.942752e-05 -3.562337e-05 -1.575313e-06 -9.595632e-05
12277.025958 7.517867e-01 1.540900e-02 5.387871e-03 5.991088e-01 -5.986748e-05 -4.476766e-05 -3.051153e-06 -8.503560e-05
12281.201742 7.512793e-01 1.548392e-02 5.429692e-03 5.990160e-01 -5.569361e-05 -3.711193e-05 -1.161066e-05 -8.778161e-05
12285.389717 7.501260e-01 1.551585e-02 5.451519e-03 5.980447e-01 -5.966598e-05 -4.244255e-05 -1.410897e-05 -9.305071e-05
12289.589884 7.492265e-01 1.557558e-02 5.423434e-03 5.981014e-01 -5.548853e-05 -5.093346e-05 -1.202871e-05 -9.722987e-05
12293.802244 7.482204e-01 1.562093e-02 5.467041e-03 5.971273e-01 -5.620918e-05 -4.362782e-05 -1.859240e-05 -9.736919e-05
12298.026795 7.467690e-01 1.565967e-02 5.462023e-03 5.972917e-01 -5.956152e-05 -4.319800e-05 -1.844180e-05 -1.043572e-04
12302.263538 7.464192e-01 1.570752e-02 5.511832e-03 5.970155e-01 -5.919426e-05 -3.953107e-05 -2.367132e-05 -9.366434e-05
12306.512473 7.456814e-01 1.574818e-02 5.558174e-03 5.963521e-01 -5.680091e-05 -3.343420e-05 -3.047215e-05 -9.280653e-05
12310.773600 7.459925e-01 1.583650e-02 5.588157e-03 5.973665e-01 -4.994877e-05 -3.548126e-05 -3.224711e-05 -9.117355e-05
12315.046919 7.448191e-01 1.587913e-02 5.629348e-03 5.973319e-01 -5.401056e-05 -4.175835e-05 -2.462200e-05 -9.807170e-05
12319.332429 7.433804e-01 1.591126e-02 5.662843e-03 5.967710e-01 -6.311121e-05 -5.361575e-05 -1.403201e-05 -9.102650e-05
12323.630132 7.274600e-01 1.562813e-02 5.573135e-03 5.837694e-01 -6.745930e-05 -5.069765e-05 -1.241950e-05 -8.631591e-05
12327.940026 7.345672e-01 1.581734e-02 5.625939e-03 5.892760e-01 -5.772477e-05 -4.430453e-05 -4.984013e-06 -8.647301e-05
12332.262113 7.408431e-01 1.604549e-02 5.738888e-03 5.943629e-01 -6.220417e-05 -4.356532e-05 -1.460456e-05 -1.000549e-04
12336.596391 7.402078e-01 1.609827e-02 5.810685e-03 5.947748e-01 -5.628143e-05 -3.938363e-05 -1.910369e-05 -1.058092e-04
12340.942861 7.398950e-01 1.618122e-02 5.871231e-03 5.945320e-01 -5.871456e-05 -4.003090e-05 -1.536487e-05 -9.983703e-05
12345.301524 7.383273e-01 1.619376e-02 5.888214e-03 5.934008e-01 -6.325720e-05 -4.672112e-05 -9.888486e-06 -1.032579e-04
12349.672378 7.379707e-01 1.626227e-02 5.974098e-03 5.940030e-01 -6.975150e-05 -3.484968e-05 -1.470011e-05 -1.028294e-04
12354.055424 7.376463e-01 1.632524e-02 6.012930e-03 5.930352e-01 -7.493016e-05 -3.673997e-05 -1.310029e-05 -9.710401e-05
12358.450662 7.371009e-01 1.638109e-02 6.043344e-03 5.924036e-01 -7.195725e-05 -5.702960e-05 -2.237921e-05 -9.692830e-05
12362.858091 7.363251e-01 1.644090e-02 6.092482e-03 5.935877e-01 -7.112159e-05 -6.101729e-05 -1.547146e-05 -8.642363e-05
12367.277713 7.350013e-01 1.649108e-02 6.125097e-03 5.925550e-01 -7.572830e-05 -6.414795e-05 -1.332525e-05 -8.752074e-05
12371.709527 7.322970e-01 1.651226e-02 6.137964e-03 5.910301e-01 -7.752644e-05 -5.859130e-05 -1.492626e-05 -9.595051e-05
12376.153532 7.282676e-01 1.649217e-02 6.132173e-03 5.880100e-01 -8.385801e-05 -6.218272e-05 -1.187983e-05 -8.681902e-05
12380.609730 7.326497e-01 1.663972e-02 6.218903e-03 5.916244e-01 -7.541153e-05 -5.782501e-05 -6.470954e-06 -9.305439e-05
12385.078119 7.324958e-01 1.670657e-02 6.256925e-03 5.921781e-01 -7.521823e-05 -5.621293e-05 -4.807371e-06 -9.907804e-05
12389.558700 7.313664e-01 1.675048e-02 6.301397e-03 5.906235e-01 -8.218180e-05 -5.433409e-05 -1.151282e-05 -1.042728e-04
12394.051473 7.306403e-01 1.681173e-02 6.363981e-03 5.901604e-01 -8.017999e-05 -5.537965e-05 -1.250561e-05 -1.112110e-04
12398.556438 7.297835e-01 1.686200e-02 6.359199e-03 5.907107e-01 -7.066043e-05 -5.084202e-05 -4.250767e-06 -1.043906e-04
12403.073595 7.290663e-01 1.690301e-02 6.403585e-03 5.911957e-01 -7.356653e-05 -5.634239e-05 -2.649548e-06 -9.919992e-05
12407.602944 7.269931e-01 1.693925e-02 6.414518e-03 5.895090e-01 -7.167685e-05 -6.595782e-05 -3.087712e-06 -1.011676e-04
12412.144485 7.268525e-01 1.701716e-02 6.488693e-03 5.885720e-01 -7.359373e-05 -5.330750e-05 -9.275099e-06 -1.054877e-04
12416.698218 7.258147e-01 1.705777e-02 6.525360e-03 5.884543e-01 -6.213492e-05 -5.517394e-05 -1.228946e-05 -1.015641e-04
12421.264142 7.249420e-01 1.710661e-02 6.530964e-03 5.885563e-01 -6.825765e-05 -5.257818e-05 -7.477943e-06 -1.017567e-04
12425.842259 7.231122e-01 1.713963e-02 6.551868e-03 5.873510e-01 -7.091886e-05 -4.810512e-05 -6.112827e-06 -1.405386e-04
12430.432567 7.211840e-01 1.717011e-02 6.598267e-03 5.867800e-01 -7.779180e-05 -5.000278e-05 -2.000256e-05 -1.188467e-04
12435.035068 7.209639e-01 1.724650e-02 6.636098e-03 5.867051e-01 -7.496294e-05 -5.292266e-05 -1.261770e-05 -1.061108e-04
12439.649760 7.204505e-01 1.731091e-02 6.657451e-03 5.865117e-01 -7.406433e-05 -5.027908e-05 -1.393622e-05 -1.084901e-04
12444.276644 7.196045e-01 1.736814e-02 6.684327e-03 5.864921e-01 -6.444046e-05 -3.883624e-05 -1.118426e-05 -1.123876e-04
12448.915720 7.194165e-01 1.744130e-02 6.746524e-03 5.864383e-01 -6.137105e-05 -4.523804e-05 -2.083677e-05 -1.180617e-04
12453.566988 7.190644e-01 1.750493e-02 6.812568e-03 5.858607e-01 -6.203479e-05 -5.405862e-05 -2.018228e-05 -1.108498e-04
12458.230448 7.184441e-01 1.757782e-02 6.849358e-03 5.851978e-01 -6.123577e-05 -5.125029e-05 -1.232869e-05 -9.970372e-05
12462.906100 7.181303e-01 1.765352e-02 6.921705e-03 5.853033e-01 -6.425635e-05 -5.504474e-05 -1.419760e-05 -1.041256e-04
12467.593943 7.176573e-01 1.771086e-02 6.950242e-03 5.853822e-01 -6.857230e-05 -5.290774e-05 -1.375631e-06 -1.171000e-04
12472.293979 7.171638e-01 1.778128e-02 7.013716e-03 5.854729e-01 -7.691706e-05 -5.151391e-05 2.352772e-06 -1.212774e-04
12477.006206 7.162253e-01 1.784896e-02 7.083759e-03 5.859384e-01 -7.906617e-05 -5.130239e-05 -5.134992e-06 -1.143488e-04
12481.730626 7.156719e-01 1.793131e-02 7.124722e-03 5.849237e-01 -7.820882e-05 -5.353177e-05 -4.032808e-06 -1.068823e-04
12486.467237 7.147351e-01 1.799121e-02 7.167575e-03 5.842979e-01 -6.997874e-05 -5.076898e-05 -9.649413e-07 -1.119487e-04
12491.216040 7.132454e-01 1.802499e-02 7.225863e-03 5.837545e-01 -6.007035e-05 -4.788747e-05 -7.245616e-06 -1.135072e-04
12495.977036 7.134391e-01 1.811169e-02 7.291769e-03 5.840014e-01 -6.860507e-05 -4.368890e-05 3.242986e-06 -1.004248e-04
12500.750223 7.126698e-01 1.818133e-02 7.365358e-03 5.837177e-01 -6.973564e-05 -3.766377e-05 -6.483433e-06 -1.025261e-04
12505.535602 7.119322e-01 1.823556e-02 7.408480e-03 5.834290e-01 -7.025893e-05 -4.477648e-05 -8.384405e-06 -1.050096e-04
12510.333172 7.109464e-01 1.829117e-02 7.485356e-03 5.832207e-01 -7.015852e-05 -3.959867e-05 -1.055185e-05 -9.742664e-05
12515.142935 7.099686e-01 1.833804e-02 7.515576e-03 5.828689e-01 -6.982929e-05 -3.658014e-05 -2.755627e-07 -9.548154e-05
12519.964890 7.092253e-01 1.841002e-02 7.573067e-03 5.822381e-01 -6.514073e-05 -4.562310e-05 -1.787306e-05 -1.064312e-04
12524.799037 7.081832e-01 1.845519e-02 7.600706e-03 5.815999e-01 -6.146965e-05 -3.500166e-05 -7.328497e-06 -1.111734e-04
12529.645375 6.496925e-01 1.701180e-02 7.035834e-03 5.339569e-01 -5.113123e-05 -2.043923e-05 -7.670227e-06 -1.011942e-04
12534.503905 1.178464e-01 3.095173e-03 1.279553e-03 9.689492e-02 -9.276206e-06 -5.121646e-06 -9.991353e-07 -1.786136e-05
