# Facility: NSLS-II
# Beamline: QAS
# Year: 2022
# Cycle: 2
# SAF: 309618
# PI: Wang
# Proposal: 309017
# Scan ID: 52231
# UID: 9a29101d-551d-4492-aced-63306123ea88
# Comment: 
# Start time: 07/18/2022  10:55:06
# Stop time: 07/18/2022  10:55:38
# Total time: 00:32
# Trajectory name: Pt-L3-30s-11564.txt
# Element: Platinum ( 78)
# Edge: L3
# E0: 11564
# Reference Foil Element: Pt
# Keithley Gains I0: 1E7 V/A It: 1E6 V/A Iref: 1E7 V/A PIPS: 1E8 V/A 
# Ion Chamber Gas Flow Rates: I0: 0.00 sccm He + 99.70 sccm N2 + 0.00 sccm Ar 
# Ion Chamber Gas Flow Rates: It&Iref: 29.80 sccm N2 + 70.10 sccm Ar
# Incident Beam Path Vertical: -27.99 mm
# Incident Slits Positions B: TOP: 1.0 mm Bottom: -1.0 mm Inboard: -2.0 mm Outboard: 2.0 mm
# Sample Stage Positions: Rotation: 45.0 deg Horizontal: 17.03 mm Vertical: 2.93 mm Beam Direction: 0.00 mm
# PerkinElmer Vertical Position: 500.00 mm
# Front End Mirror Horizontal Positions: Up: -14.00 mm Down: -14.00 mm
#
# energy  i0  it  ir  iff  aux1  aux2  aux3  aux4
11377.572770 4.744780e-01 1.795658e-05 1.533706e-05 3.186594e-01 -3.721226e-05 -2.114059e-05 7.418712e-06 -7.157753e-05
11382.572770 9.382322e-01 2.715168e-05 2.152353e-05 6.306768e-01 -7.154229e-05 -4.479985e-05 1.228139e-05 -1.363689e-04
11387.572770 9.426580e-01 1.110324e-05 3.407162e-05 6.337714e-01 -8.112442e-05 -4.527071e-05 1.598684e-05 -1.143112e-04
11392.572770 9.389239e-01 1.181344e-05 3.087204e-05 6.312519e-01 -7.386186e-05 -5.347528e-05 2.267955e-05 -1.148749e-04
11397.572770 9.395247e-01 9.871810e-06 1.803468e-05 6.322796e-01 -7.246332e-05 -7.272361e-05 2.319690e-05 -1.190620e-04
11402.572770 9.364543e-01 9.675190e-06 1.658745e-05 6.312206e-01 -6.930221e-05 -6.076536e-05 2.359478e-05 -1.221820e-04
11407.572770 9.368321e-01 2.045243e-05 2.410417e-05 6.320285e-01 -6.594606e-05 -5.923118e-05 2.555418e-05 -1.191033e-04
11412.572770 9.343267e-01 2.836612e-05 2.949441e-05 6.304321e-01 -6.844871e-05 -4.611186e-05 2.288045e-05 -1.122570e-04
11417.572770 9.309999e-01 2.551152e-05 2.342516e-05 6.285258e-01 -6.817059e-05 -4.001713e-05 2.051779e-05 -1.141091e-04
11422.572770 9.177331e-01 2.038002e-05 2.296480e-05 6.218842e-01 -6.197793e-05 -5.312808e-05 2.704809e-05 -1.196652e-04
11427.572770 9.274640e-01 2.373163e-05 8.278258e-06 6.300084e-01 -5.582625e-05 -4.394240e-05 3.336990e-05 -1.172552e-04
11432.572770 9.292219e-01 2.883877e-05 1.276277e-05 6.306598e-01 -5.739469e-05 -4.183744e-05 3.189945e-05 -1.318722e-04
11437.572770 9.245327e-01 2.370947e-05 1.786931e-05 6.267257e-01 -6.337426e-05 -3.649176e-05 2.376779e-05 -1.672676e-04
11442.572770 9.211177e-01 3.445786e-05 1.278761e-06 6.254287e-01 -6.491091e-05 -3.284789e-05 2.634140e-05 -1.751706e-04
11447.572770 9.195690e-01 3.227168e-05 1.014213e-05 6.247393e-01 -6.170273e-05 -2.806502e-05 2.963189e-05 -1.739056e-04
11452.572770 9.203745e-01 2.742402e-05 2.331059e-05 6.258029e-01 -6.357431e-05 -2.959182e-05 2.562019e-05 -1.768718e-04
11457.572770 9.200347e-01 3.337043e-05 3.122773e-05 6.262638e-01 -6.200355e-05 -3.531246e-05 2.082011e-05 -1.751157e-04
11462.572770 9.175163e-01 3.064311e-05 3.984071e-05 6.248339e-01 -6.239104e-05 -3.746623e-05 2.811141e-05 -1.687196e-04
11467.572770 9.169539e-01 3.696749e-05 7.395434e-06 6.246205e-01 -6.097508e-05 -3.619304e-05 2.521996e-05 -1.578630e-04
11472.572770 9.146348e-01 3.768629e-05 5.492230e-06 6.246319e-01 -5.460614e-05 -3.813449e-05 2.876215e-05 -1.226134e-04
11477.572770 9.099432e-01 3.489992e-05 2.411535e-05 6.213312e-01 -5.319805e-05 -3.264377e-05 3.403669e-05 -1.171180e-04
11482.572770 9.089040e-01 3.857403e-05 2.283232e-05 6.209316e-01 -5.787697e-05 -2.916373e-05 2.914971e-05 -1.224517e-04
11487.572770 8.979063e-01 3.029650e-05 2.075739e-05 6.143248e-01 -6.337994e-05 -3.747370e-05 2.111496e-05 -1.196189e-04
11492.572770 9.003363e-01 2.941591e-05 2.733234e-05 6.158666e-01 -6.317143e-05 -2.809511e-05 1.785951e-05 -1.154469e-04
11497.572770 9.106887e-01 2.343183e-05 5.846206e-05 6.247920e-01 -7.131989e-05 -3.410231e-05 2.493529e-05 -1.150002e-04
11502.572770 9.089846e-01 2.258176e-05 2.185178e-05 6.246761e-01 -7.463944e-05 -3.502648e-05 2.195758e-05 -1.101436e-04
11507.572770 9.081137e-01 1.900320e-05 5.968376e-05 6.245037e-01 -6.936040e-05 -3.839571e-05 2.396748e-05 -1.204470e-04
11512.572770 9.038261e-01 2.168267e-05 1.837233e-05 6.215390e-01 -6.686871e-05 -4.246990e-05 2.794253e-05 -1.257808e-04
11517.572770 9.041238e-01 3.503811e-05 2.797928e-05 6.227560e-01 -7.091514e-05 -3.260880e-05 2.392529e-05 -1.244647e-04
11522.572770 9.031781e-01 3.516619e-05 5.099518e-05 6.235264e-01 -6.824111e-05 -4.030625e-05 2.238289e-05 -1.283385e-04
11527.572770 9.009856e-01 2.417484e-05 3.702834e-05 6.227359e-01 -6.775991e-05 -3.544929e-05 6.367000e-06 -1.245565e-04
11532.572770 9.007521e-01 2.395247e-05 3.034141e-05 6.237218e-01 -7.044782e-05 -3.963118e-05 1.584682e-05 -1.185349e-04
11534.000000 8.993862e-01 2.542887e-05 1.130989e-05 6.230048e-01 -7.243532e-05 -4.694639e-05 1.977364e-05 -1.070876e-04
11535.000000 9.035937e-01 4.193631e-05 4.617970e-05 6.268296e-01 -6.591605e-05 -5.315354e-05 1.477320e-05 -1.251165e-04
11536.000000 9.003030e-01 4.622375e-05 8.992558e-05 6.253824e-01 -7.053582e-05 -3.833064e-05 7.474315e-06 -1.166558e-04
11537.000000 9.007746e-01 4.801313e-05 5.879591e-05 6.252976e-01 -6.666436e-05 -2.915660e-05 6.100231e-06 -1.050514e-04
11538.000000 9.015330e-01 4.411692e-05 2.063548e-05 6.262538e-01 -6.374241e-05 -3.287854e-05 -5.365832e-07 -1.156851e-04
11539.000000 8.988699e-01 4.613422e-05 1.426511e-05 6.253960e-01 -6.749343e-05 -3.082405e-05 -3.757280e-06 -1.138434e-04
11540.000000 9.007905e-01 4.339247e-05 8.567687e-06 6.270642e-01 -7.719553e-05 -2.998362e-05 -4.580102e-06 -1.105122e-04
11541.000000 8.989560e-01 4.880333e-05 -1.891012e-05 6.267862e-01 -8.346146e-05 -2.343196e-05 7.941715e-06 -1.115014e-04
11541.200000 9.217898e-01 6.230325e-05 -3.081857e-05 6.436097e-01 -8.599217e-05 -2.505409e-05 9.645847e-06 -1.121578e-04
11541.400000 8.996427e-01 8.404222e-05 7.752694e-06 6.250068e-01 -8.901813e-05 -3.111166e-05 1.011263e-06 -1.044319e-04
11541.600000 8.993322e-01 3.957026e-05 -4.169019e-05 6.261766e-01 -8.856820e-05 -3.269640e-05 3.789480e-06 -9.848861e-05
11541.800000 9.256735e-01 7.251277e-05 1.348642e-04 6.414771e-01 -7.446142e-05 -3.534460e-05 -1.299082e-05 -1.031530e-04
11542.000000 8.937683e-01 -2.181069e-05 3.862238e-05 6.222451e-01 -6.905900e-05 -2.960372e-05 -1.786037e-06 -1.125573e-04
11542.200000 9.058466e-01 4.277559e-05 4.731990e-06 6.318858e-01 -7.057074e-05 -2.632358e-05 9.818307e-06 -1.117839e-04
11542.400000 8.887633e-01 6.213501e-05 -6.722882e-05 6.182237e-01 -8.103158e-05 -3.051721e-05 -5.355350e-07 -1.506553e-04
11542.600000 9.071357e-01 1.842551e-05 9.911218e-05 6.302336e-01 -6.655844e-05 -3.676686e-05 2.479376e-06 -1.721162e-04
11542.800000 8.933148e-01 6.039487e-05 -1.564478e-05 6.193479e-01 -6.918506e-05 -3.768604e-05 -2.748937e-06 -1.678700e-04
11543.000000 8.917013e-01 1.761931e-05 2.511724e-05 6.220184e-01 -7.419129e-05 -4.084852e-05 -1.154361e-05 -1.580688e-04
11543.200000 9.144660e-01 2.043551e-05 1.317068e-04 6.377732e-01 -7.757490e-05 -4.360835e-05 -8.018195e-06 -1.616570e-04
11543.400000 9.028489e-01 3.505518e-05 6.855444e-05 6.313270e-01 -8.484937e-05 -3.898723e-05 9.018464e-07 -1.706606e-04
11543.600000 8.993656e-01 4.961018e-05 9.592233e-05 6.288893e-01 -8.550375e-05 -4.462199e-05 8.220557e-06 -1.697712e-04
11543.800000 8.860052e-01 7.759853e-05 2.590535e-05 6.182748e-01 -8.909828e-05 -4.434159e-05 1.236970e-05 -1.529022e-04
11544.000000 9.077163e-01 4.666708e-05 1.137795e-04 6.304528e-01 -8.352474e-05 -5.138938e-05 5.887361e-06 -1.743901e-04
11544.200000 9.022076e-01 6.052242e-05 -7.269020e-05 6.294286e-01 -7.954904e-05 -3.597874e-05 -4.371585e-07 -1.890952e-04
11544.400000 8.840103e-01 1.754940e-05 8.835076e-05 6.198304e-01 -7.658310e-05 -4.497696e-05 1.050125e-05 -1.804721e-04
11544.600000 8.852038e-01 4.523739e-05 1.652078e-04 6.189872e-01 -7.322227e-05 -5.651117e-05 -6.505696e-06 -1.721986e-04
11544.800000 8.962952e-01 2.058150e-05 1.685744e-04 6.250736e-01 -7.993368e-05 -4.669993e-05 -2.850987e-06 -1.699338e-04
11545.000000 9.158174e-01 5.341686e-05 9.772291e-05 6.418028e-01 -7.843048e-05 -4.797886e-05 1.130996e-05 -1.668491e-04
11545.200000 8.860177e-01 4.486096e-05 -2.852070e-05 6.200336e-01 -7.764388e-05 -5.057936e-05 2.225329e-06 -1.764397e-04
11545.400000 9.021712e-01 2.297793e-05 6.808644e-05 6.267470e-01 -8.317108e-05 -4.243727e-05 2.828657e-06 -1.721915e-04
11545.600000 8.993695e-01 4.404249e-05 -1.694498e-04 6.263372e-01 -8.439890e-05 -4.723262e-05 -4.952886e-06 -1.582307e-04
11545.800000 9.046625e-01 3.623269e-06 3.840055e-05 6.346121e-01 -8.325224e-05 -4.863053e-05 2.151673e-06 -1.733723e-04
11546.000000 8.926807e-01 7.184830e-05 2.486799e-04 6.269091e-01 -8.126023e-05 -4.449222e-05 1.525929e-05 -1.596994e-04
11546.200000 9.043305e-01 7.894226e-05 8.519709e-06 6.349340e-01 -7.457130e-05 -4.862758e-05 5.492340e-06 -1.704647e-04
11546.400000 9.079619e-01 6.414919e-05 1.141979e-04 6.334013e-01 -8.536079e-05 -4.426039e-05 6.392083e-06 -1.719750e-04
11546.600000 8.934511e-01 2.280496e-05 4.479954e-05 6.231146e-01 -8.440680e-05 -3.598718e-05 1.901637e-05 -1.656308e-04
11546.800000 8.976965e-01 4.709771e-05 5.203344e-05 6.275916e-01 -8.303079e-05 -3.384053e-05 1.427218e-05 -1.678939e-04
11547.000000 8.637669e-01 5.320155e-05 -6.213046e-05 6.011670e-01 -8.525082e-05 -3.883762e-05 1.846775e-07 -1.664519e-04
11547.200000 8.615172e-01 2.360070e-06 6.489824e-05 6.007623e-01 -7.768649e-05 -4.938621e-05 -1.003558e-05 -1.690791e-04
11547.400000 8.949726e-01 4.757141e-05 2.467062e-05 6.281122e-01 -8.323760e-05 -5.989925e-05 5.520816e-06 -1.523966e-04
11547.600000 9.029446e-01 2.379456e-05 6.594367e-05 6.360098e-01 -7.197622e-05 -6.141725e-05 5.035960e-06 -1.456884e-04
11547.800000 9.121430e-01 5.267314e-05 -3.871629e-05 6.368468e-01 -7.031146e-05 -5.523435e-05 2.054790e-05 -1.549224e-04
11548.000000 8.912139e-01 6.154855e-05 1.225268e-04 6.231733e-01 -6.608262e-05 -5.149276e-05 2.555459e-05 -1.687062e-04
11548.200000 9.105383e-01 4.826502e-05 1.558823e-04 6.392877e-01 -5.954475e-05 -5.138229e-05 2.190715e-05 -1.695865e-04
11548.400000 8.958500e-01 1.813244e-05 1.856197e-04 6.257840e-01 -6.658949e-05 -4.674962e-05 4.591393e-06 -1.624765e-04
11548.600000 9.039049e-01 5.546403e-05 4.646301e-05 6.336664e-01 -6.358596e-05 -4.003472e-05 -4.497287e-07 -1.563526e-04
11548.800000 8.796268e-01 7.531485e-06 -1.695235e-04 6.162449e-01 -6.013016e-05 -4.121935e-05 -1.018495e-05 -1.510966e-04
11549.000000 9.110706e-01 6.016433e-05 9.235027e-05 6.419176e-01 -6.725868e-05 -4.129466e-05 -9.737860e-06 -1.694114e-04
11549.200000 9.082074e-01 -2.969693e-06 -5.208638e-05 6.381735e-01 -7.265295e-05 -4.889128e-05 5.744010e-06 -1.723175e-04
11549.400000 9.091948e-01 3.067549e-05 8.917121e-05 6.376322e-01 -5.972872e-05 -4.731150e-05 2.900654e-06 -1.492697e-04
11549.600000 8.954914e-01 -1.624148e-05 5.876381e-05 6.274822e-01 -5.812214e-05 -4.256226e-05 -5.169974e-06 -1.542087e-04
11549.800000 9.058998e-01 4.208955e-05 6.879235e-05 6.344262e-01 -6.081904e-05 -4.767275e-05 5.775242e-07 -1.203223e-04
11550.000000 8.943813e-01 5.055448e-05 1.041453e-05 6.287418e-01 -5.643210e-05 -4.248524e-05 8.129335e-06 -1.146735e-04
11550.200000 9.044562e-01 3.866262e-05 1.240800e-05 6.321257e-01 -6.152873e-05 -4.557886e-05 1.131108e-05 -1.193870e-04
11550.400000 9.055508e-01 1.240343e-05 -1.871386e-05 6.362424e-01 -6.436990e-05 -4.574443e-05 1.091329e-05 -1.120552e-04
11550.600000 9.035252e-01 2.588238e-05 3.845506e-05 6.365624e-01 -5.269570e-05 -3.613836e-05 3.737917e-06 -1.162460e-04
11550.800000 8.965044e-01 3.130676e-05 1.126325e-04 6.291300e-01 -5.020604e-05 -3.299886e-05 6.620557e-06 -1.234700e-04
11551.000000 8.893483e-01 4.882893e-05 7.153803e-05 6.285433e-01 -6.135931e-05 -3.715253e-05 2.126176e-06 -1.257453e-04
11551.200000 8.952241e-01 2.430682e-05 6.096706e-05 6.305682e-01 -5.912870e-05 -2.840081e-05 9.070040e-06 -1.215646e-04
11551.400000 8.735831e-01 5.793886e-05 1.041274e-04 6.140002e-01 -6.254311e-05 -3.766216e-05 1.735303e-05 -1.223929e-04
11551.600000 9.052536e-01 3.059205e-05 8.881936e-05 6.369111e-01 -6.677644e-05 -4.195779e-05 1.563827e-05 -1.120009e-04
11551.800000 9.103952e-01 4.489127e-05 1.083514e-04 6.397294e-01 -7.507342e-05 -3.165638e-05 5.698126e-06 -1.224516e-04
11552.000000 9.007431e-01 1.758479e-05 8.049604e-05 6.373431e-01 -7.492841e-05 -3.678194e-05 6.337781e-06 -1.163914e-04
11552.200000 8.987685e-01 5.010436e-05 6.481166e-05 6.354367e-01 -8.186955e-05 -3.103877e-05 2.928565e-06 -1.157784e-04
11552.400000 8.923869e-01 4.087434e-05 -3.373319e-05 6.303034e-01 -6.815465e-05 -3.286149e-05 8.256634e-06 -1.114931e-04
11552.600000 8.965660e-01 5.903043e-05 1.363970e-04 6.328375e-01 -6.227036e-05 -3.539905e-05 2.512369e-06 -1.184953e-04
11552.800000 8.954685e-01 2.714595e-06 -1.788287e-04 6.357290e-01 -5.313722e-05 -3.447248e-05 1.870960e-05 -9.512980e-05
11553.000000 9.102080e-01 3.346365e-05 4.303005e-05 6.457554e-01 -6.117771e-05 -4.242490e-05 8.522533e-07 -1.019840e-04
11553.200000 9.048129e-01 4.323673e-05 2.248124e-05 6.405238e-01 -6.633339e-05 -4.840655e-05 -4.703916e-06 -1.059732e-04
11553.400000 8.879231e-01 1.586979e-05 7.617611e-05 6.276367e-01 -6.520072e-05 -3.440812e-05 -8.955100e-07 -1.134936e-04
11553.600000 8.993415e-01 1.825981e-05 5.281176e-05 6.374381e-01 -6.398086e-05 -3.444041e-05 5.548577e-06 -1.106306e-04
11553.800000 8.988462e-01 3.437744e-05 6.413952e-05 6.384966e-01 -6.156290e-05 -3.845005e-05 7.273806e-06 -1.166160e-04
11554.000000 9.068123e-01 3.620136e-07 1.081754e-05 6.417864e-01 -6.232989e-05 -4.575090e-05 1.302635e-05 -1.085690e-04
11554.200000 9.013442e-01 3.138967e-05 3.851354e-05 6.412440e-01 -7.225997e-05 -4.808845e-05 2.631190e-05 -9.905858e-05
11554.400000 9.045898e-01 1.756661e-05 -1.617756e-05 6.424576e-01 -7.240012e-05 -4.963586e-05 1.633942e-05 -1.051857e-04
11554.600000 8.999907e-01 2.418651e-05 1.687359e-04 6.380567e-01 -6.784106e-05 -5.130609e-05 1.304326e-05 -1.183510e-04
11554.800000 8.707058e-01 2.191877e-05 -1.077882e-04 6.175396e-01 -5.901419e-05 -4.845231e-05 1.497714e-05 -1.055545e-04
11555.000000 9.040218e-01 2.983079e-05 2.120142e-05 6.445063e-01 -5.452507e-05 -6.009181e-05 8.500803e-06 -1.089446e-04
11555.200000 9.104010e-01 7.826069e-05 -6.403542e-06 6.466760e-01 -6.056849e-05 -6.467233e-05 1.807318e-06 -1.086831e-04
11555.400000 9.039855e-01 4.576206e-06 1.808136e-05 6.423533e-01 -5.616104e-05 -4.534980e-05 -1.165837e-05 -1.120951e-04
11555.600000 9.052804e-01 3.897025e-05 -9.207095e-05 6.439445e-01 -5.474541e-05 -5.668003e-05 -7.442328e-07 -1.051136e-04
11555.800000 9.022810e-01 5.732558e-05 -1.645669e-04 6.439667e-01 -6.277877e-05 -6.057803e-05 1.880359e-05 -1.081121e-04
11556.000000 8.806054e-01 -2.112953e-05 -6.488307e-05 6.268617e-01 -6.010497e-05 -6.250378e-05 5.661917e-06 -1.062659e-04
11556.200000 9.040090e-01 3.420769e-05 9.034760e-05 6.476818e-01 -6.590230e-05 -5.732058e-05 5.132685e-06 -9.482233e-05
11556.400000 9.051467e-01 1.693217e-05 2.757018e-05 6.472411e-01 -7.078333e-05 -5.847717e-05 4.913478e-06 -9.123291e-05
11556.600000 9.027927e-01 2.728132e-05 -6.377577e-05 6.465018e-01 -6.881182e-05 -6.234131e-05 5.700711e-06 -9.184461e-05
11556.800000 8.958273e-01 2.490131e-05 2.377907e-05 6.419096e-01 -7.031271e-05 -5.334320e-05 8.144226e-06 -9.109659e-05
11557.000000 8.669474e-01 1.904224e-05 -4.901945e-05 6.229055e-01 -6.709191e-05 -5.858523e-05 6.687751e-06 -7.801330e-05
11557.200000 9.071227e-01 1.941537e-05 -3.687381e-05 6.549699e-01 -7.126535e-05 -6.612418e-05 5.653701e-06 -8.679638e-05
11557.400000 9.048759e-01 1.560955e-05 -7.649654e-05 6.528266e-01 -7.446014e-05 -7.215515e-05 1.497858e-05 -1.011987e-04
11557.600000 9.083856e-01 5.277836e-05 4.013748e-05 6.572988e-01 -7.536014e-05 -7.224980e-05 2.678465e-05 -9.768205e-05
11557.800000 8.997749e-01 3.590844e-05 1.317543e-04 6.520469e-01 -7.998062e-05 -6.899002e-05 7.421138e-06 -9.178060e-05
11558.000000 8.979787e-01 -1.156398e-05 4.531688e-06 6.500446e-01 -8.234193e-05 -6.890201e-05 1.211464e-05 -1.000024e-04
11558.200000 9.059829e-01 2.218231e-05 1.903906e-05 6.566813e-01 -7.842033e-05 -6.562607e-05 9.238897e-06 -1.192236e-04
11558.400000 8.820201e-01 4.738313e-05 1.367887e-05 6.413068e-01 -7.009123e-05 -6.411709e-05 6.680585e-06 -1.014108e-04
11558.600000 9.030514e-01 2.782737e-05 4.367279e-05 6.573337e-01 -6.735084e-05 -6.544775e-05 -3.563906e-06 -1.010884e-04
11558.800000 8.971248e-01 2.813185e-05 4.539641e-07 6.532606e-01 -7.108792e-05 -6.496317e-05 -6.319439e-06 -9.801078e-05
11559.000000 8.864697e-01 4.105528e-05 1.288463e-04 6.461014e-01 -7.102522e-05 -5.772113e-05 6.150652e-06 -1.073639e-04
11559.200000 9.062233e-01 1.152387e-05 1.809539e-05 6.643405e-01 -6.518555e-05 -6.118564e-05 1.556137e-05 -1.069151e-04
11559.400000 9.047759e-01 3.292812e-05 6.736764e-05 6.639672e-01 -5.568901e-05 -5.389387e-05 1.403452e-06 -1.048694e-04
11559.600000 9.098599e-01 1.823709e-05 1.288086e-04 6.681322e-01 -5.529783e-05 -5.246377e-05 -3.565196e-06 -9.730337e-05
11559.800000 8.998053e-01 1.405869e-05 3.484433e-05 6.611315e-01 -7.245736e-05 -6.159440e-05 5.760172e-06 -8.758981e-05
11560.000000 8.981368e-01 4.985543e-05 1.055499e-04 6.641745e-01 -7.755613e-05 -6.306124e-05 1.914695e-07 -8.800869e-05
11560.200000 9.057868e-01 3.019056e-05 7.391621e-05 6.716133e-01 -6.553160e-05 -5.886872e-05 -3.304348e-06 -9.726995e-05
11560.400000 8.964611e-01 2.001522e-05 -2.498115e-05 6.656603e-01 -5.472869e-05 -5.943217e-05 3.679766e-06 -9.845437e-05
11560.600000 9.001425e-01 1.643922e-05 1.104374e-04 6.695798e-01 -5.434357e-05 -5.533692e-05 1.185270e-05 -1.091434e-04
11560.800000 8.885581e-01 3.907026e-05 -8.833263e-06 6.648964e-01 -4.752510e-05 -5.955357e-05 1.579214e-05 -1.146509e-04
11561.000000 9.004701e-01 5.170245e-05 1.446284e-05 6.762860e-01 -5.045020e-05 -4.979259e-05 7.451400e-06 -1.040817e-04
11561.200000 9.130866e-01 1.675423e-05 3.969990e-05 6.888356e-01 -4.909890e-05 -6.226592e-05 1.163627e-05 -1.045380e-04
11561.400000 9.181598e-01 2.113123e-05 -1.625003e-05 6.952698e-01 -5.280718e-05 -5.647481e-05 1.706699e-05 -1.161798e-04
11561.600000 8.837800e-01 6.145570e-05 1.847817e-04 6.737872e-01 -6.364072e-05 -4.945772e-05 1.509585e-05 -1.036349e-04
11561.800000 8.951094e-01 2.519978e-05 6.304182e-05 6.845119e-01 -6.733011e-05 -5.218200e-05 1.690625e-05 -1.062898e-04
11562.000000 8.980438e-01 1.535724e-05 -6.948630e-06 6.869779e-01 -6.173776e-05 -5.388798e-05 2.103778e-05 -1.101677e-04
11562.200000 9.145428e-01 4.255276e-05 9.877054e-05 7.053587e-01 -6.042543e-05 -5.062325e-05 1.868699e-05 -1.060411e-04
11562.400000 9.144283e-01 2.872209e-05 1.587264e-05 7.100785e-01 -5.712993e-05 -5.252541e-05 1.212617e-05 -1.048971e-04
11562.600000 8.768574e-01 -2.258165e-06 2.280623e-04 6.854923e-01 -5.860598e-05 -5.321996e-05 -2.723689e-06 -1.023689e-04
11562.800000 9.014983e-01 1.056710e-05 -3.922551e-05 7.096487e-01 -5.839846e-05 -4.453978e-05 1.254683e-05 -1.047220e-04
11563.000000 9.098042e-01 2.128616e-06 4.392407e-05 7.222326e-01 -5.160730e-05 -4.327827e-05 2.689905e-05 -9.885885e-05
11563.200000 9.021061e-01 4.755401e-05 4.382868e-05 7.225042e-01 -4.750115e-05 -3.674229e-05 1.274813e-05 -1.040149e-04
11563.400000 8.841163e-01 2.004280e-05 4.159196e-05 7.121179e-01 -5.650171e-05 -4.628711e-05 1.602545e-05 -1.010814e-04
11563.600000 8.898465e-01 3.444490e-05 -7.587656e-05 7.226870e-01 -5.178658e-05 -4.386613e-05 2.578658e-05 -1.067618e-04
11563.800000 9.122632e-01 3.594983e-05 8.139293e-05 7.485794e-01 -5.820722e-05 -5.213209e-05 2.402877e-05 -9.483677e-05
11564.000000 9.028878e-01 2.332142e-05 3.201510e-05 7.505295e-01 -5.272389e-05 -4.972110e-05 2.630985e-05 -9.313076e-05
11564.200000 9.016784e-01 2.512909e-05 8.221251e-06 7.576374e-01 -5.290131e-05 -4.295696e-05 3.378900e-05 -9.265599e-05
11564.400000 8.996272e-01 3.410047e-05 3.961703e-05 7.666066e-01 -5.662570e-05 -4.522646e-05 2.808463e-05 -1.030325e-04
11564.600000 8.988833e-01 2.211185e-05 -8.259437e-05 7.756805e-01 -6.105237e-05 -4.434178e-05 9.537752e-06 -1.118120e-04
11564.800000 8.989786e-01 3.502402e-05 2.348187e-05 7.858674e-01 -5.162275e-05 -4.606293e-05 1.496449e-05 -9.990252e-05
11565.000000 8.988310e-01 2.698342e-05 1.070072e-05 7.955057e-01 -4.653172e-05 -4.652028e-05 2.493377e-05 -1.007721e-04
11565.200000 8.831182e-01 -5.159481e-06 2.608939e-05 7.924676e-01 -4.477845e-05 -4.098314e-05 7.001358e-06 -1.035624e-04
11565.400000 9.016908e-01 2.240070e-05 -3.358988e-05 8.207293e-01 -3.916048e-05 -4.167603e-05 1.548504e-05 -1.008335e-04
11565.600000 9.028438e-01 7.211225e-06 7.377040e-05 8.303502e-01 -4.823469e-05 -4.682110e-05 1.684880e-05 -9.949237e-05
11565.800000 8.880338e-01 1.854475e-05 5.856360e-05 8.298148e-01 -5.852956e-05 -4.699329e-05 2.235991e-05 -9.878682e-05
11566.000000 9.007987e-01 1.993459e-06 -1.524278e-05 8.540459e-01 -5.133524e-05 -4.626061e-05 1.495489e-05 -1.023851e-04
11566.200000 9.089640e-01 2.338883e-05 1.384160e-05 8.716413e-01 -5.328034e-05 -5.217417e-05 8.968021e-06 -1.100444e-04
11566.400000 9.037444e-01 2.325374e-05 1.757711e-04 8.820577e-01 -5.885822e-05 -5.853092e-05 -4.223484e-06 -9.922745e-05
11566.600000 8.911728e-01 1.204623e-05 -4.022636e-05 8.807297e-01 -5.825493e-05 -5.090314e-05 4.479824e-06 -1.026442e-04
11566.800000 8.997922e-01 6.144185e-06 3.799956e-05 8.966082e-01 -4.731831e-05 -4.360043e-05 1.291886e-05 -1.134177e-04
11567.000000 8.922640e-01 2.690165e-05 7.994140e-05 8.956158e-01 -4.773923e-05 -4.737005e-05 9.427647e-06 -1.102552e-04
11567.200000 8.971558e-01 7.928532e-06 -6.089322e-05 9.072556e-01 -5.284847e-05 -4.167076e-05 1.826352e-05 -1.055139e-04
11567.400000 9.036806e-01 3.357937e-05 8.181893e-06 9.194664e-01 -4.013740e-05 -3.830116e-05 1.622060e-05 -9.023899e-05
11567.600000 8.983212e-01 3.226570e-05 1.533826e-04 9.184882e-01 -4.959314e-05 -2.979515e-05 9.988811e-06 -8.921232e-05
11567.800000 8.965094e-01 3.413204e-07 1.641125e-04 9.233648e-01 -5.819479e-05 -2.284388e-05 6.167895e-07 -8.520222e-05
11568.000000 8.994222e-01 3.709228e-05 1.077184e-04 9.277935e-01 -5.696662e-05 -3.500925e-05 6.161980e-06 -8.876507e-05
11568.200000 8.842412e-01 4.172729e-05 -1.395259e-04 9.112247e-01 -5.397367e-05 -3.973230e-05 1.175446e-05 -9.457227e-05
11568.400000 9.012910e-01 2.908805e-05 6.778367e-05 9.282397e-01 -5.693520e-05 -3.527189e-05 2.048832e-05 -9.094429e-05
11568.600000 9.015769e-01 3.307953e-05 -7.124136e-06 9.268779e-01 -6.155781e-05 -4.220547e-05 1.507961e-05 -8.071175e-05
11568.800000 9.110187e-01 2.251618e-05 3.117705e-05 9.344567e-01 -5.592031e-05 -3.470921e-05 1.852478e-05 -9.538700e-05
11569.000000 9.146632e-01 1.583053e-05 6.125524e-05 9.337445e-01 -6.332098e-05 -3.457433e-05 1.582753e-05 -9.973565e-05
11569.200000 9.056410e-01 1.664315e-05 -4.292240e-05 9.200490e-01 -6.386908e-05 -3.488009e-05 2.429266e-06 -8.741630e-05
11569.400000 8.887415e-01 2.663688e-05 -1.146952e-05 8.954967e-01 -6.123162e-05 -4.137081e-05 1.058590e-05 -8.725172e-05
11569.600000 8.998955e-01 2.813973e-05 -2.247451e-05 9.020135e-01 -5.964205e-05 -4.214556e-05 9.553608e-06 -9.219323e-05
11569.800000 9.017323e-01 4.155738e-05 -1.020651e-05 8.958842e-01 -5.837034e-05 -4.322849e-05 8.274099e-06 -9.818811e-05
11570.000000 9.000386e-01 3.508600e-05 -3.489975e-05 8.876808e-01 -6.295997e-05 -3.975074e-05 1.104752e-05 -1.002838e-04
11570.200000 9.016440e-01 4.913861e-05 -1.946903e-05 8.801892e-01 -7.101851e-05 -3.678996e-05 1.522937e-05 -1.008442e-04
11570.400000 8.984024e-01 3.536259e-05 -4.323256e-05 8.703365e-01 -8.055900e-05 -4.351614e-05 1.492135e-05 -9.163855e-05
11570.600000 9.049566e-01 3.491029e-05 4.746799e-06 8.689417e-01 -7.641853e-05 -4.877526e-05 4.422711e-06 -1.012499e-04
11570.800000 9.044776e-01 1.554998e-05 2.199031e-05 8.597447e-01 -6.064042e-05 -3.976737e-05 9.550271e-06 -9.293037e-05
11571.000000 9.035094e-01 1.292092e-05 1.795289e-05 8.514790e-01 -6.572332e-05 -2.609763e-05 1.739888e-05 -1.018574e-04
11571.200000 8.990230e-01 4.777806e-05 1.105344e-05 8.396495e-01 -5.623924e-05 -3.591045e-05 5.764368e-06 -1.498019e-04
11571.400000 9.010711e-01 4.512813e-05 9.367525e-05 8.350822e-01 -5.690078e-05 -3.908236e-05 6.591904e-06 -1.530494e-04
11571.600000 9.037289e-01 3.046386e-05 2.334051e-05 8.305173e-01 -5.618537e-05 -3.564328e-05 3.307270e-06 -1.434421e-04
11571.800000 9.011045e-01 3.208559e-05 -2.691943e-05 8.203522e-01 -6.899328e-05 -3.944878e-05 -2.048741e-06 -1.317870e-04
11572.000000 8.998925e-01 2.793877e-05 1.680246e-05 8.131928e-01 -6.517417e-05 -4.848522e-05 5.495387e-06 -8.974069e-05
11572.200000 9.008344e-01 2.949799e-05 2.454534e-05 8.082894e-01 -5.778150e-05 -5.632018e-05 4.299212e-06 -1.009528e-04
11572.400000 9.009115e-01 2.279812e-05 5.211420e-05 8.021909e-01 -5.414901e-05 -5.735512e-05 4.367081e-06 -1.128211e-04
11572.600000 8.966032e-01 1.543010e-05 3.203621e-05 7.929656e-01 -5.876070e-05 -5.153159e-05 6.025136e-06 -1.127111e-04
11572.800000 8.944519e-01 1.284536e-05 -1.792643e-05 7.865717e-01 -6.000233e-05 -5.355858e-05 3.877770e-06 -1.032704e-04
11573.000000 8.924690e-01 1.917696e-05 3.797078e-05 7.778970e-01 -7.289470e-05 -5.633767e-05 8.129291e-06 -1.081589e-04
11573.200000 8.967480e-01 3.839972e-05 2.936961e-05 7.787706e-01 -6.801259e-05 -5.950477e-05 1.216127e-05 -1.088914e-04
11573.400000 8.998155e-01 5.642890e-05 1.273776e-04 7.783877e-01 -5.916372e-05 -6.116385e-05 1.142751e-05 -9.078161e-05
11573.600000 8.973347e-01 4.149916e-05 1.339572e-04 7.705021e-01 -5.189187e-05 -7.187846e-05 7.820392e-06 -9.960491e-05
11573.800000 9.005143e-01 2.526139e-05 1.110501e-04 7.705003e-01 -6.344897e-05 -6.879732e-05 1.511005e-05 -1.079085e-04
11574.000000 8.848658e-01 5.979500e-06 -1.652376e-05 7.532627e-01 -5.986374e-05 -7.027634e-05 1.107254e-07 -1.068202e-04
11574.200000 8.974139e-01 9.216842e-06 3.477085e-05 7.624516e-01 -5.016362e-05 -6.776530e-05 -2.460194e-06 -1.018927e-04
11574.400000 8.961125e-01 1.808171e-05 8.309077e-05 7.571356e-01 -4.705246e-05 -6.349208e-05 -2.218830e-06 -9.699738e-05
11574.600000 9.002188e-01 2.782993e-05 2.642587e-05 7.611862e-01 -4.982908e-05 -7.228984e-05 -3.010711e-06 -9.694275e-05
11574.800000 8.928008e-01 2.029194e-05 -4.400676e-05 7.514431e-01 -5.046807e-05 -6.240195e-05 3.932856e-06 -1.033672e-04
11575.000000 9.022006e-01 1.589466e-05 -7.974079e-06 7.551322e-01 -4.835559e-05 -5.549857e-05 -1.376512e-07 -1.075331e-04
11575.200000 9.064984e-01 1.793073e-05 1.071898e-04 7.591243e-01 -4.770206e-05 -5.625254e-05 -1.872045e-06 -9.974283e-05
11575.400000 8.920902e-01 2.520064e-05 1.424183e-04 7.436564e-01 -4.608740e-05 -5.577870e-05 4.053986e-06 -8.986260e-05
11575.600000 9.028135e-01 -2.347604e-07 -6.669767e-05 7.518397e-01 -5.882701e-05 -6.072635e-05 9.728833e-06 -8.733796e-05
11575.800000 8.927429e-01 1.435586e-05 1.219471e-04 7.424422e-01 -7.212575e-05 -6.140071e-05 -3.129365e-06 -8.355822e-05
11576.000000 9.015847e-01 3.538695e-06 3.825325e-05 7.491315e-01 -6.806454e-05 -6.924752e-05 2.718677e-06 -9.186737e-05
11576.200000 8.934936e-01 -5.898793e-07 -5.202491e-05 7.420337e-01 -6.009101e-05 -7.294805e-05 3.225758e-06 -9.878043e-05
11576.400000 8.981707e-01 1.699831e-06 -1.928520e-05 7.428476e-01 -5.782237e-05 -6.513452e-05 9.905229e-06 -1.058341e-04
11576.600000 8.887535e-01 -3.330312e-05 1.409366e-06 7.361217e-01 -6.391494e-05 -6.506054e-05 1.370142e-05 -8.532182e-05
11576.800000 8.985294e-01 -1.264781e-05 2.058574e-05 7.423744e-01 -6.065278e-05 -6.901286e-05 1.458506e-05 -8.680684e-05
11577.000000 9.060526e-01 8.819089e-06 5.003734e-05 7.495490e-01 -5.650178e-05 -6.765572e-05 6.631148e-06 -8.489785e-05
11577.200000 9.021095e-01 3.844944e-07 -4.366229e-05 7.449714e-01 -5.318822e-05 -6.201071e-05 1.409890e-05 -7.350318e-05
11577.400000 8.868396e-01 2.311656e-05 5.117679e-05 7.315027e-01 -6.323889e-05 -5.563693e-05 1.395413e-05 -7.464892e-05
11577.600000 8.995477e-01 1.399204e-05 1.147667e-04 7.436371e-01 -6.541935e-05 -5.907996e-05 1.440706e-05 -7.243649e-05
11577.800000 8.966836e-01 -8.760904e-06 -4.663326e-05 7.401848e-01 -6.350169e-05 -5.321821e-05 2.018323e-05 -7.596336e-05
11578.000000 8.901888e-01 3.544317e-06 5.457229e-05 7.352991e-01 -5.529926e-05 -5.020204e-05 2.225507e-05 -8.070787e-05
11578.200000 8.937765e-01 1.272417e-05 -4.413070e-05 7.384941e-01 -5.685878e-05 -5.416618e-05 1.953598e-05 -9.345867e-05
11578.400000 9.012629e-01 -1.295567e-05 -3.307326e-06 7.472556e-01 -5.904325e-05 -5.715793e-05 1.834931e-05 -9.656584e-05
11578.600000 9.023114e-01 -3.871097e-06 1.087085e-04 7.472360e-01 -6.026730e-05 -5.462927e-05 1.958559e-05 -9.572332e-05
11578.800000 8.958976e-01 3.497969e-06 -8.584113e-05 7.423417e-01 -5.743517e-05 -5.421117e-05 2.701468e-05 -9.545149e-05
11579.000000 9.037187e-01 -2.366314e-05 -1.193592e-04 7.475294e-01 -5.774104e-05 -5.867426e-05 2.438027e-05 -1.023759e-04
11579.200000 8.892300e-01 -1.990566e-07 7.220748e-06 7.349958e-01 -6.019348e-05 -6.801338e-05 2.703248e-05 -8.390921e-05
11579.400000 8.845858e-01 -8.151530e-06 -8.139023e-05 7.340788e-01 -6.895278e-05 -6.217710e-05 2.860473e-05 -9.360300e-05
11579.600000 8.981714e-01 8.296958e-06 -3.019935e-05 7.464572e-01 -7.021775e-05 -5.447900e-05 1.312914e-05 -9.387794e-05
11579.800000 8.952326e-01 1.198927e-05 8.514616e-05 7.441370e-01 -6.613916e-05 -5.315094e-05 2.261296e-05 -8.717867e-05
11580.000000 8.953544e-01 -1.152713e-05 2.130079e-04 7.450533e-01 -6.900979e-05 -5.169412e-05 1.513534e-05 -8.998263e-05
11580.200000 9.067896e-01 2.270707e-06 -1.054636e-04 7.509591e-01 -6.824518e-05 -4.246980e-05 9.563767e-06 -9.975439e-05
11580.400000 8.952224e-01 1.367731e-05 -2.542332e-05 7.407260e-01 -6.019542e-05 -4.634740e-05 7.116423e-06 -9.288954e-05
11580.600000 9.001737e-01 -1.110435e-05 8.018504e-05 7.483417e-01 -6.391992e-05 -4.999208e-05 1.553674e-05 -9.586581e-05
11580.800000 9.073574e-01 -1.950451e-05 6.585159e-05 7.540129e-01 -6.959428e-05 -4.652954e-05 8.047625e-06 -1.081259e-04
11581.000000 8.990980e-01 1.554525e-05 9.332205e-05 7.474976e-01 -6.482793e-05 -5.347326e-05 2.224970e-05 -1.068175e-04
11581.200000 8.902818e-01 1.669568e-05 1.684749e-04 7.392581e-01 -5.807863e-05 -4.783492e-05 2.798139e-05 -1.035526e-04
11581.400000 8.999061e-01 3.811539e-05 -1.084745e-05 7.459820e-01 -6.506126e-05 -5.458404e-05 2.404825e-05 -1.055103e-04
11581.600000 9.007384e-01 -1.650997e-05 -1.084578e-05 7.482825e-01 -6.914437e-05 -5.765953e-05 2.336426e-05 -9.447720e-05
11581.800000 8.923886e-01 1.888077e-05 6.984356e-06 7.417378e-01 -7.947316e-05 -6.392999e-05 2.768859e-05 -8.771843e-05
11582.000000 8.871843e-01 5.807696e-06 2.652627e-05 7.375932e-01 -8.108676e-05 -6.242733e-05 2.681947e-05 -9.000177e-05
11582.200000 8.971796e-01 2.499381e-05 -1.367974e-05 7.496032e-01 -7.945603e-05 -6.049346e-05 2.143870e-06 -1.054142e-04
11582.400000 8.998929e-01 2.623140e-05 9.494442e-06 7.485058e-01 -7.656319e-05 -7.230203e-05 1.088985e-05 -1.061485e-04
11582.600000 9.009145e-01 3.325289e-05 -3.913660e-05 7.481800e-01 -8.229578e-05 -7.051621e-05 1.075036e-05 -9.613884e-05
11582.800000 8.966356e-01 1.110336e-05 1.944691e-04 7.465785e-01 -7.542580e-05 -6.072943e-05 1.156690e-05 -8.940714e-05
11583.000000 9.017158e-01 1.612748e-05 -2.558628e-05 7.529052e-01 -7.644013e-05 -6.335399e-05 1.329855e-05 -8.401925e-05
11583.200000 8.991918e-01 7.200715e-06 5.960542e-05 7.508889e-01 -8.002536e-05 -6.954179e-05 8.998548e-06 -8.377046e-05
11583.400000 8.784245e-01 1.048288e-05 8.737326e-05 7.325255e-01 -7.577369e-05 -6.187146e-05 2.467410e-05 -7.578585e-05
11583.600000 8.939915e-01 2.519574e-05 2.776430e-05 7.451904e-01 -7.251914e-05 -5.499733e-05 1.080712e-05 -7.537867e-05
11583.800000 9.026335e-01 1.211507e-05 -2.813688e-05 7.544852e-01 -6.646588e-05 -5.769281e-05 6.137736e-06 -8.321474e-05
11584.000000 8.980076e-01 2.260469e-05 -3.540411e-05 7.498971e-01 -7.229928e-05 -5.808783e-05 5.144201e-06 -1.000173e-04
11584.200000 8.916548e-01 -9.381782e-06 1.111066e-04 7.473621e-01 -8.379502e-05 -5.022529e-05 -1.366833e-07 -9.654580e-05
11584.400000 8.925872e-01 6.390909e-06 -4.700291e-05 7.470278e-01 -8.857981e-05 -5.858369e-05 7.979922e-07 -1.093935e-04
11584.600000 8.978059e-01 2.766501e-05 7.454537e-05 7.501048e-01 -8.476205e-05 -5.739177e-05 3.104815e-06 -1.053193e-04
11584.800000 8.941731e-01 -1.478652e-05 4.691882e-05 7.479312e-01 -9.404640e-05 -5.280867e-05 8.974967e-06 -9.229236e-05
11585.000000 8.929123e-01 -7.850809e-06 -2.654481e-05 7.493972e-01 -8.888582e-05 -5.142408e-05 9.487687e-06 -8.484089e-05
11585.200000 8.926424e-01 2.262072e-05 4.754035e-05 7.480235e-01 -8.933823e-05 -4.495530e-05 8.651251e-06 -9.450293e-05
11585.400000 9.040522e-01 1.197557e-05 2.146714e-05 7.597353e-01 -8.626714e-05 -5.779267e-05 1.079875e-05 -9.646700e-05
11585.600000 8.865901e-01 -4.318895e-06 8.213885e-05 7.465216e-01 -8.474350e-05 -5.498299e-05 9.984934e-06 -1.070160e-04
11585.800000 9.003385e-01 -1.920794e-05 -1.020757e-04 7.521148e-01 -7.152521e-05 -5.055923e-05 1.006244e-05 -1.010842e-04
11586.000000 8.775593e-01 4.258174e-05 -1.687576e-05 7.384131e-01 -7.181958e-05 -5.132675e-05 1.373347e-05 -9.188455e-05
11586.200000 9.016986e-01 2.921087e-06 8.769344e-05 7.590477e-01 -7.704755e-05 -4.866396e-05 1.035418e-05 -8.790977e-05
11586.400000 9.124037e-01 -1.247497e-05 -1.370066e-04 7.660076e-01 -7.477418e-05 -3.739411e-05 -7.079212e-06 -9.910699e-05
11586.600000 8.806244e-01 1.638089e-05 1.265098e-04 7.425380e-01 -7.628829e-05 -2.965630e-05 2.745326e-06 -1.029366e-04
11586.800000 8.983639e-01 2.325768e-05 5.302688e-05 7.554288e-01 -7.941908e-05 -3.435581e-05 1.400318e-05 -1.296729e-04
11587.000000 8.983197e-01 1.979744e-05 2.476556e-05 7.563523e-01 -7.615818e-05 -3.836407e-05 2.412761e-05 -1.429537e-04
11587.200000 8.971354e-01 2.180277e-05 -1.525681e-05 7.549597e-01 -7.256193e-05 -3.841971e-05 1.426884e-05 -1.155956e-04
11587.400000 9.004074e-01 -2.208347e-05 3.031523e-05 7.608256e-01 -7.070416e-05 -4.483734e-05 1.096342e-06 -9.014135e-05
11587.600000 8.878091e-01 2.005525e-05 7.675252e-05 7.483187e-01 -7.421076e-05 -3.804254e-05 7.095529e-06 -9.903429e-05
11587.800000 9.057752e-01 1.482365e-06 -6.120722e-05 7.617711e-01 -6.889242e-05 -4.152791e-05 7.716967e-06 -8.995977e-05
11588.000000 8.836050e-01 1.954202e-05 -9.250840e-05 7.412358e-01 -6.700030e-05 -3.855863e-05 -5.897911e-06 -9.700259e-05
11588.200000 8.852761e-01 -2.723001e-06 -4.627505e-05 7.446205e-01 -7.186378e-05 -4.897532e-05 2.733544e-06 -9.153196e-05
11588.400000 9.082970e-01 1.074370e-05 -1.342797e-04 7.669039e-01 -6.961887e-05 -4.366199e-05 4.328541e-06 -8.744699e-05
11588.600000 9.029749e-01 3.104208e-05 -1.108893e-05 7.615353e-01 -6.646655e-05 -3.329529e-05 -3.080497e-06 -9.578960e-05
11588.800000 8.823928e-01 3.674677e-05 6.991840e-05 7.452339e-01 -6.163701e-05 -3.615134e-05 -4.909507e-06 -9.803433e-05
11589.000000 8.866418e-01 -7.214795e-07 1.167058e-04 7.483481e-01 -6.660148e-05 -4.763458e-05 -7.862002e-06 -8.761148e-05
11589.200000 8.999391e-01 -2.358060e-05 -1.855164e-05 7.617559e-01 -6.106471e-05 -6.266499e-05 -2.361134e-05 -1.039001e-04
11589.400000 8.925282e-01 -8.846131e-06 3.169303e-06 7.545309e-01 -5.753579e-05 -6.143701e-05 2.897582e-06 -9.451559e-05
11589.600000 8.955427e-01 -1.848486e-05 2.325253e-05 7.576123e-01 -6.597663e-05 -5.824773e-05 5.062943e-07 -9.347728e-05
11589.800000 8.899871e-01 3.148309e-05 9.382766e-05 7.542788e-01 -6.911575e-05 -5.213471e-05 7.033208e-06 -9.404020e-05
11590.000000 8.860435e-01 -7.773014e-06 -2.069899e-05 7.495928e-01 -6.167735e-05 -4.322613e-05 -3.649811e-06 -9.658208e-05
11590.200000 9.133397e-01 5.920996e-07 -5.899958e-05 7.739956e-01 -5.260043e-05 -3.663675e-05 -9.968426e-06 -9.921379e-05
11590.400000 8.943233e-01 2.587250e-05 3.837513e-06 7.617628e-01 -5.073501e-05 -3.168388e-05 3.697634e-06 -9.834173e-05
11590.600000 8.977440e-01 4.274302e-05 -1.632085e-05 7.618451e-01 -5.199920e-05 -3.577910e-05 -7.976201e-06 -9.369494e-05
11590.800000 8.947973e-01 4.277260e-05 -3.415206e-05 7.587868e-01 -5.366542e-05 -3.984548e-05 -1.093873e-05 -8.222668e-05
11591.000000 8.907197e-01 -8.639018e-06 1.107185e-04 7.552186e-01 -5.825349e-05 -4.472398e-05 2.935611e-06 -8.030129e-05
11591.200000 9.116292e-01 4.201184e-05 8.921920e-05 7.724885e-01 -5.993612e-05 -5.402106e-05 4.195395e-06 -8.673523e-05
11591.400000 8.936302e-01 4.673003e-05 2.194832e-05 7.591933e-01 -6.178130e-05 -5.178633e-05 1.171064e-05 -8.739416e-05
11591.600000 8.912054e-01 3.507024e-05 1.067616e-04 7.584628e-01 -5.727469e-05 -3.890332e-05 3.031221e-06 -8.984698e-05
11591.800000 8.968236e-01 4.132031e-05 -8.483663e-05 7.633963e-01 -5.280991e-05 -3.339890e-05 -5.114016e-06 -9.023985e-05
11592.000000 8.957598e-01 2.583081e-05 -3.255370e-05 7.628061e-01 -7.360815e-05 -4.863659e-05 -3.961570e-06 -9.576642e-05
11592.200000 8.905446e-01 4.154329e-05 1.805943e-04 7.583411e-01 -6.592887e-05 -4.590964e-05 7.101312e-06 -1.035969e-04
11592.400000 8.945858e-01 -1.496263e-06 6.694241e-05 7.609148e-01 -6.586058e-05 -4.687151e-05 1.694713e-06 -9.281531e-05
11592.600000 8.992177e-01 4.877667e-05 -1.487295e-05 7.647217e-01 -5.953520e-05 -5.045823e-05 1.373760e-06 -8.498697e-05
11592.800000 9.004001e-01 5.622594e-05 1.638375e-05 7.652260e-01 -4.774021e-05 -4.015185e-05 -4.421887e-06 -8.805404e-05
11593.000000 8.882933e-01 4.665277e-05 2.280851e-04 7.562104e-01 -5.452142e-05 -4.851017e-05 -1.102015e-05 -8.924157e-05
11593.200000 8.871068e-01 7.942589e-05 -1.946702e-05 7.546641e-01 -6.078134e-05 -4.736833e-05 -1.984065e-06 -9.153447e-05
11593.400000 8.847759e-01 3.054318e-05 -1.437123e-04 7.539088e-01 -5.612869e-05 -4.419571e-05 -9.700915e-06 -8.718133e-05
11593.600000 9.044070e-01 5.343933e-05 8.740351e-06 7.767180e-01 -5.892968e-05 -4.380179e-05 -7.634813e-06 -8.963577e-05
11593.800000 8.964720e-01 1.091954e-05 -2.428924e-05 7.663465e-01 -5.772243e-05 -5.211088e-05 -7.377568e-06 -8.103364e-05
11594.000000 9.002772e-01 2.997483e-05 2.137806e-05 7.685929e-01 -6.181124e-05 -5.829985e-05 -1.519642e-05 -7.688828e-05
11594.200000 8.886651e-01 2.380840e-05 -1.617568e-04 7.605420e-01 -5.815021e-05 -4.906283e-05 -6.838188e-06 -7.226932e-05
11594.400000 9.021442e-01 3.025639e-05 -9.393512e-05 7.714410e-01 -6.510053e-05 -5.497734e-05 -7.569063e-06 -8.393507e-05
11594.600000 8.803587e-01 9.331663e-06 3.673319e-05 7.547320e-01 -6.692833e-05 -6.088462e-05 -1.086906e-05 -8.333426e-05
11594.800000 8.930275e-01 2.286841e-05 1.833849e-05 7.672707e-01 -6.016629e-05 -5.440067e-05 -7.157951e-06 -8.414180e-05
11595.000000 8.982741e-01 2.692081e-05 5.177450e-05 7.686913e-01 -6.299760e-05 -5.147456e-05 -1.615515e-06 -8.579573e-05
11595.200000 9.009909e-01 2.027742e-05 6.602918e-05 7.697538e-01 -6.071210e-05 -4.993736e-05 -1.236145e-06 -8.849112e-05
11595.400000 8.953697e-01 1.806843e-05 6.473147e-05 7.632636e-01 -7.153909e-05 -4.693347e-05 1.042406e-05 -8.743422e-05
11595.600000 8.783301e-01 2.163534e-05 1.239564e-05 7.503228e-01 -6.475103e-05 -5.044545e-05 3.479532e-06 -8.964462e-05
11595.800000 8.931853e-01 4.477034e-05 -1.771531e-05 7.662553e-01 -5.898675e-05 -4.877995e-05 7.061631e-06 -9.564304e-05
11596.000000 8.844168e-01 1.999635e-05 -1.073584e-05 7.574888e-01 -6.842356e-05 -5.401543e-05 1.740741e-05 -9.830249e-05
11596.200000 9.090174e-01 4.785256e-05 3.845844e-05 7.818995e-01 -6.946883e-05 -4.769290e-05 6.961108e-06 -1.136758e-04
11596.400000 8.915867e-01 1.102989e-05 -1.247267e-04 7.648074e-01 -7.721650e-05 -4.946213e-05 4.979992e-06 -1.136887e-04
11596.600000 8.940382e-01 4.989707e-05 -6.780053e-06 7.659466e-01 -7.914549e-05 -4.385588e-05 6.379895e-06 -1.104712e-04
11596.800000 8.841282e-01 4.139952e-05 -1.627438e-05 7.586944e-01 -7.659378e-05 -5.340027e-05 6.131250e-06 -1.123923e-04
11597.000000 8.913451e-01 3.567524e-05 -3.811940e-05 7.668468e-01 -7.917439e-05 -5.939204e-05 8.156599e-06 -1.131067e-04
11597.700000 8.945756e-01 -1.327064e-06 2.714735e-05 7.696135e-01 -7.066611e-05 -5.114955e-05 1.214718e-05 -1.023764e-04
11598.400000 8.907055e-01 1.001607e-05 -2.112559e-05 7.682770e-01 -6.890014e-05 -4.842898e-05 6.673220e-07 -9.970468e-05
11599.100000 8.926917e-01 1.181589e-05 2.052305e-05 7.682931e-01 -5.926868e-05 -5.245060e-05 -9.236802e-06 -1.120652e-04
11599.800000 8.936904e-01 7.272180e-06 3.098098e-05 7.729904e-01 -6.519358e-05 -5.349243e-05 1.032806e-06 -9.241464e-05
11600.500000 8.910397e-01 7.266148e-06 2.636076e-05 7.719742e-01 -6.352418e-05 -5.459159e-05 3.572833e-06 -1.008677e-04
11601.200000 8.882753e-01 1.481390e-05 4.158389e-06 7.698666e-01 -6.630001e-05 -5.466733e-05 1.833239e-05 -1.017793e-04
11601.900000 8.946553e-01 2.104642e-05 -4.221136e-05 7.782624e-01 -7.076255e-05 -4.099311e-05 9.644848e-06 -9.796607e-05
11602.600000 8.888526e-01 2.470789e-05 -1.179536e-05 7.735309e-01 -7.175519e-05 -4.119403e-05 3.388853e-06 -9.701457e-05
11603.300000 8.900221e-01 2.744343e-05 -3.083837e-05 7.732231e-01 -6.789325e-05 -4.541120e-05 -1.254449e-07 -9.123065e-05
11604.993695 8.880469e-01 4.247252e-05 3.398829e-05 7.747058e-01 -7.403982e-05 -5.051983e-05 5.903527e-06 -8.966101e-05
11605.999583 8.866391e-01 2.587476e-05 2.691762e-05 7.744735e-01 -7.290245e-05 -5.686336e-05 9.748264e-06 -9.540387e-05
11607.017662 8.888863e-01 2.834314e-05 1.873766e-05 7.788612e-01 -6.894868e-05 -5.469054e-05 1.584076e-05 -9.921219e-05
11608.047933 8.930855e-01 2.968127e-05 1.647765e-05 7.826000e-01 -7.030617e-05 -4.751877e-05 1.065153e-05 -9.682924e-05
11609.090396 8.905462e-01 3.675593e-05 1.605299e-05 7.825651e-01 -6.708822e-05 -4.576002e-05 2.787663e-06 -9.912789e-05
11610.145051 8.921174e-01 3.256202e-05 6.907021e-06 7.843244e-01 -6.215698e-05 -4.669015e-05 -2.118025e-06 -1.065280e-04
11611.211898 8.912487e-01 3.091671e-05 5.065102e-05 7.852581e-01 -6.237800e-05 -3.764777e-05 -3.644477e-07 -1.089890e-04
11612.290937 8.936464e-01 2.180852e-05 2.311035e-05 7.904632e-01 -6.694843e-05 -4.161783e-05 1.927735e-06 -1.056743e-04
11613.382167 8.884486e-01 2.655045e-05 6.010849e-06 7.870174e-01 -7.867380e-05 -3.514406e-05 -4.391644e-06 -9.886604e-05
11614.485590 8.854855e-01 3.524771e-05 4.117245e-05 7.861577e-01 -7.861840e-05 -4.688166e-05 -8.706727e-06 -9.161665e-05
11615.601204 8.879616e-01 2.756330e-05 -1.295814e-05 7.893000e-01 -7.219694e-05 -4.250383e-05 -9.657796e-06 -1.000787e-04
11616.729011 8.872298e-01 4.000113e-05 1.944010e-06 7.912465e-01 -6.914072e-05 -4.507925e-05 -2.727958e-06 -9.573048e-05
11617.869009 8.896155e-01 3.130216e-05 1.753981e-05 7.922601e-01 -7.565275e-05 -3.795776e-05 -5.487428e-06 -8.913390e-05
11619.021199 8.896304e-01 3.228541e-05 4.605899e-06 7.931037e-01 -7.962051e-05 -3.414460e-05 -6.821753e-06 -9.196286e-05
11620.185582 8.878490e-01 4.677684e-05 8.983108e-05 7.888916e-01 -7.363115e-05 -3.338847e-05 -2.400996e-06 -8.644377e-05
11621.362156 8.889059e-01 5.007269e-05 5.522134e-06 7.878893e-01 -6.303939e-05 -3.132586e-05 -6.002738e-06 -9.479377e-05
11622.550922 8.907134e-01 3.503870e-05 -7.856365e-06 7.876713e-01 -6.393844e-05 -2.158531e-05 1.133263e-05 -9.870349e-05
11623.751879 8.897307e-01 5.425143e-05 1.418574e-05 7.849605e-01 -7.677174e-05 -1.499910e-05 1.674230e-06 -9.898453e-05
11624.965029 8.890994e-01 4.728067e-05 -1.367236e-07 7.829255e-01 -7.837293e-05 -2.715398e-05 7.126580e-06 -9.203193e-05
11626.190371 8.854846e-01 4.222189e-05 1.369019e-05 7.765328e-01 -6.816393e-05 -3.209718e-05 9.103328e-06 -8.803341e-05
11627.427904 8.890913e-01 3.859997e-05 4.961016e-05 7.758299e-01 -6.718734e-05 -3.436000e-05 2.977435e-06 -1.060794e-04
11628.677630 8.885873e-01 1.838364e-05 4.437776e-05 7.758088e-01 -6.573577e-05 -3.397913e-05 -9.048424e-06 -1.188059e-04
11629.939547 8.883548e-01 3.022301e-05 8.552933e-05 7.722256e-01 -7.175796e-05 -4.045809e-05 6.935787e-06 -1.016663e-04
11631.213657 8.880554e-01 3.377245e-05 2.811932e-05 7.710981e-01 -7.041799e-05 -3.340920e-05 4.483893e-06 -9.547840e-05
11632.499958 8.873736e-01 3.107725e-05 6.720428e-05 7.692041e-01 -6.420095e-05 -3.628401e-05 7.570264e-07 -1.002709e-04
11633.798451 8.881413e-01 5.371576e-05 3.084404e-05 7.684661e-01 -6.150990e-05 -3.764014e-05 1.272665e-05 -9.947379e-05
11635.109136 8.867584e-01 4.342485e-05 -9.751403e-06 7.674115e-01 -6.212097e-05 -4.089346e-05 2.744730e-05 -1.071046e-04
11636.432013 8.866640e-01 2.469521e-05 6.584898e-06 7.667470e-01 -6.302390e-05 -4.353801e-05 2.070106e-05 -9.614753e-05
11637.767082 8.850852e-01 3.937214e-05 3.558386e-05 7.637985e-01 -4.868632e-05 -4.253621e-05 1.462959e-05 -8.554882e-05
11639.114342 8.859807e-01 3.715795e-05 5.937040e-05 7.654646e-01 -4.825374e-05 -4.231397e-05 1.439694e-05 -8.548085e-05
11640.473795 8.856030e-01 1.817398e-05 5.119759e-05 7.650855e-01 -4.615544e-05 -4.775165e-05 1.173670e-05 -8.592121e-05
11641.845440 8.824017e-01 2.803365e-05 1.850932e-05 7.622320e-01 -5.228898e-05 -4.389090e-05 1.868233e-05 -7.282419e-05
11643.229276 8.842717e-01 2.343834e-05 -1.158740e-06 7.624233e-01 -5.784888e-05 -4.743582e-05 2.818750e-05 -7.574265e-05
11644.625305 8.857802e-01 2.179229e-05 1.597306e-05 7.646145e-01 -5.781466e-05 -4.211442e-05 2.403570e-05 -8.900885e-05
11646.033525 8.840648e-01 3.551685e-05 4.702668e-05 7.637376e-01 -5.869130e-05 -3.874361e-05 2.227689e-05 -8.773981e-05
11647.453937 8.839696e-01 4.320712e-05 4.361029e-05 7.649153e-01 -5.460645e-05 -3.685071e-05 1.116070e-05 -9.135019e-05
11648.886541 8.804373e-01 3.509945e-05 4.540846e-05 7.625229e-01 -6.010981e-05 -4.316527e-05 -5.953922e-06 -9.580020e-05
11650.331337 8.802619e-01 1.985047e-05 3.493587e-05 7.616858e-01 -5.839244e-05 -4.267511e-05 -6.317497e-07 -9.427196e-05
11651.788325 8.822475e-01 8.255264e-06 -1.041404e-05 7.651100e-01 -5.880644e-05 -5.016662e-05 8.465301e-06 -8.269936e-05
11653.257505 8.823658e-01 1.649379e-05 1.338290e-05 7.665008e-01 -4.672305e-05 -5.101260e-05 9.829652e-06 -8.929829e-05
11654.738877 8.828596e-01 3.275386e-05 5.624020e-05 7.676479e-01 -4.459394e-05 -4.974944e-05 7.233758e-06 -9.300488e-05
11656.232440 8.819906e-01 3.256641e-05 8.464662e-05 7.668851e-01 -5.114603e-05 -5.033751e-05 1.526750e-06 -8.577156e-05
11657.738196 8.827034e-01 4.734652e-05 5.459099e-05 7.688062e-01 -5.815854e-05 -5.765940e-05 1.333536e-05 -9.558293e-05
11659.256143 8.817254e-01 2.684507e-05 3.432526e-05 7.679722e-01 -6.366697e-05 -6.563673e-05 2.010082e-05 -1.015110e-04
11660.786283 8.812148e-01 2.471528e-05 3.257352e-05 7.691790e-01 -7.166467e-05 -4.859923e-05 9.133853e-06 -9.675674e-05
11662.328614 8.810449e-01 2.419286e-05 2.566238e-05 7.682128e-01 -7.440100e-05 -3.879072e-05 2.216900e-05 -8.247568e-05
11663.883137 8.801331e-01 3.233310e-05 -6.117315e-07 7.678361e-01 -6.868171e-05 -3.642643e-05 1.692236e-05 -9.219978e-05
11665.449852 8.807119e-01 1.620626e-05 2.684119e-05 7.685165e-01 -6.735105e-05 -4.001879e-05 1.887589e-05 -9.390333e-05
11667.028759 8.805668e-01 2.362710e-05 -5.878482e-06 7.715208e-01 -6.633396e-05 -3.731392e-05 1.176396e-05 -8.549150e-05
11668.619858 8.790261e-01 2.887681e-05 2.688218e-05 7.701874e-01 -6.330382e-05 -3.847430e-05 2.342663e-05 -7.838901e-05
11670.223149 8.789653e-01 3.339462e-05 4.310313e-05 7.708453e-01 -5.254917e-05 -4.019479e-05 1.071602e-05 -7.617193e-05
11671.838632 8.785832e-01 2.585578e-05 1.384189e-05 7.712253e-01 -6.103174e-05 -4.490474e-05 1.230983e-05 -8.549632e-05
11673.466307 8.801383e-01 2.577866e-05 4.113114e-05 7.731343e-01 -6.533501e-05 -4.161203e-05 9.439645e-06 -8.069251e-05
11675.106173 8.780725e-01 2.841689e-05 5.209252e-05 7.717560e-01 -6.433123e-05 -4.989690e-05 1.725998e-06 -7.859025e-05
11676.758232 8.771558e-01 2.896724e-05 4.381799e-05 7.722732e-01 -6.037292e-05 -4.710487e-05 -4.355595e-07 -8.013222e-05
11678.422482 8.748428e-01 2.680351e-05 1.894248e-05 7.715071e-01 -6.468463e-05 -4.081498e-05 1.571007e-05 -7.546201e-05
11680.098924 8.759164e-01 2.320210e-05 5.175545e-05 7.730350e-01 -6.350672e-05 -4.523339e-05 3.824444e-06 -8.263286e-05
11681.787558 8.756049e-01 3.974281e-05 3.196367e-05 7.730957e-01 -7.268405e-05 -4.885825e-05 5.672639e-06 -8.511859e-05
11683.488385 8.763731e-01 3.992108e-05 5.564585e-05 7.737038e-01 -7.344086e-05 -5.626575e-05 1.055590e-05 -8.248518e-05
11685.201403 8.760422e-01 2.447278e-05 4.378089e-05 7.738168e-01 -6.662001e-05 -5.688376e-05 2.524698e-05 -6.913156e-05
11686.926613 8.771160e-01 2.515135e-05 3.290423e-05 7.751526e-01 -7.437723e-05 -4.912426e-05 1.649468e-05 -8.322724e-05
11688.664014 8.750033e-01 3.254534e-05 2.513265e-05 7.743718e-01 -6.829819e-05 -5.724381e-05 1.580153e-05 -8.576678e-05
11690.413608 8.752822e-01 4.899482e-05 2.481663e-05 7.741274e-01 -7.035003e-05 -5.877854e-05 2.326874e-05 -7.777803e-05
11692.175394 8.744430e-01 5.035458e-05 1.949995e-05 7.742984e-01 -6.734212e-05 -4.831809e-05 1.456173e-05 -9.132210e-05
11693.949371 8.755866e-01 4.513959e-05 1.253639e-05 7.752320e-01 -7.054474e-05 -4.731304e-05 1.842625e-05 -9.746988e-05
11695.735541 8.733815e-01 4.295918e-05 2.652653e-05 7.720630e-01 -6.957693e-05 -4.939716e-05 1.830558e-05 -9.152540e-05
11697.533902 8.740005e-01 2.458692e-05 2.529768e-05 7.726354e-01 -5.949759e-05 -5.470269e-05 2.061459e-05 -8.291416e-05
11699.344455 8.728650e-01 2.266409e-05 4.757305e-05 7.720694e-01 -6.617810e-05 -5.862162e-05 1.610276e-05 -8.764065e-05
11701.167201 8.727572e-01 2.860592e-05 3.712040e-05 7.715278e-01 -7.343286e-05 -6.199534e-05 2.990356e-05 -8.938231e-05
11703.002138 8.683381e-01 2.424056e-05 2.985031e-06 7.673049e-01 -7.191016e-05 -6.470580e-05 3.492125e-05 -1.027530e-04
11704.849267 8.701429e-01 3.085818e-05 5.118190e-05 7.695462e-01 -6.876376e-05 -6.390835e-05 2.780331e-05 -9.235717e-05
11706.708588 8.709153e-01 3.141148e-05 2.826953e-05 7.682038e-01 -6.417823e-05 -6.089498e-05 2.726743e-05 -9.428432e-05
11708.580100 8.715376e-01 3.087761e-05 3.642177e-05 7.689339e-01 -6.459427e-05 -6.632971e-05 2.678331e-05 -1.037341e-04
11710.463805 8.697774e-01 3.002511e-05 -9.681001e-06 7.677149e-01 -7.077290e-05 -5.905385e-05 1.428577e-05 -9.986224e-05
11712.359702 8.709124e-01 2.652927e-05 4.921904e-05 7.673041e-01 -7.347282e-05 -5.815194e-05 1.484722e-05 -9.482263e-05
11714.267790 8.697552e-01 3.942003e-05 3.170801e-05 7.675733e-01 -7.268969e-05 -6.095642e-05 6.123156e-06 -8.686248e-05
11716.188071 8.698105e-01 3.317678e-05 -5.557968e-06 7.684188e-01 -7.747005e-05 -7.222374e-05 1.868712e-05 -9.764833e-05
11718.120543 8.688165e-01 3.456472e-05 5.113208e-05 7.660064e-01 -6.925177e-05 -6.102731e-05 1.712232e-05 -9.305847e-05
11720.065207 8.698923e-01 3.743419e-05 -1.065282e-05 7.677333e-01 -6.237066e-05 -6.026043e-05 2.211975e-05 -1.024230e-04
11722.022064 8.678302e-01 2.768607e-05 3.900253e-05 7.662240e-01 -6.109059e-05 -6.471131e-05 3.068577e-05 -9.759801e-05
11723.991112 8.676269e-01 4.719861e-05 3.986542e-05 7.661690e-01 -6.071085e-05 -6.466018e-05 1.984525e-05 -1.037723e-04
11725.972352 8.675234e-01 5.800566e-05 3.511375e-05 7.649040e-01 -5.931738e-05 -6.407965e-05 1.522502e-05 -1.001496e-04
11727.965784 8.682900e-01 4.204731e-05 1.882363e-06 7.643701e-01 -6.434177e-05 -5.249969e-05 6.179127e-06 -1.076949e-04
11729.971407 8.662023e-01 4.422865e-05 5.695766e-05 7.629616e-01 -6.350623e-05 -6.466286e-05 5.381278e-06 -1.286141e-04
11731.989223 8.635353e-01 2.873727e-05 4.624452e-05 7.624092e-01 -6.727403e-05 -6.848417e-05 1.508459e-05 -1.194868e-04
11734.019231 8.624154e-01 3.164083e-05 2.882211e-05 7.615087e-01 -6.604173e-05 -6.430656e-05 1.798534e-05 -1.123215e-04
11736.061430 8.646603e-01 3.685973e-05 1.541093e-05 7.650281e-01 -5.583556e-05 -6.224148e-05 7.764002e-06 -1.173447e-04
11738.115822 8.646506e-01 2.816195e-05 3.117426e-05 7.647570e-01 -5.960744e-05 -5.808743e-05 1.980324e-05 -1.166270e-04
11740.182405 8.646720e-01 2.820549e-05 2.556769e-05 7.660101e-01 -6.078881e-05 -5.371291e-05 1.717261e-05 -1.154855e-04
11742.261180 8.641935e-01 3.642349e-05 1.501739e-05 7.650417e-01 -6.532019e-05 -5.109144e-05 1.670883e-05 -1.175684e-04
11744.352148 8.637403e-01 3.422117e-05 2.373464e-05 7.644995e-01 -7.478932e-05 -5.435202e-05 1.626727e-05 -1.165833e-04
11746.455307 8.634147e-01 3.386771e-05 3.100313e-05 7.658620e-01 -6.143985e-05 -5.948224e-05 1.434595e-05 -1.081024e-04
11748.570658 8.630949e-01 3.039876e-05 9.414294e-06 7.659750e-01 -5.292696e-05 -5.662139e-05 8.709995e-06 -9.364494e-05
11750.698201 8.615150e-01 1.784468e-05 2.735324e-05 7.647497e-01 -5.754843e-05 -5.382404e-05 1.289187e-06 -1.027369e-04
11752.837935 8.615704e-01 1.565967e-05 2.531803e-05 7.649879e-01 -5.991212e-05 -5.646851e-05 1.170254e-05 -1.011538e-04
11754.989862 8.614714e-01 2.643893e-05 -8.890058e-06 7.662709e-01 -6.096343e-05 -6.741642e-05 3.262677e-05 -9.519352e-05
11757.153981 8.612644e-01 3.664920e-05 1.754486e-05 7.659516e-01 -5.428337e-05 -6.302141e-05 1.488659e-05 -1.006336e-04
11759.330291 8.600279e-01 2.344553e-05 8.966160e-06 7.662709e-01 -5.764967e-05 -4.541243e-05 1.088848e-05 -9.544233e-05
11761.518794 8.601919e-01 3.099153e-05 6.460059e-05 7.675502e-01 -5.718193e-05 -4.082953e-05 1.420444e-05 -9.121672e-05
11763.719488 8.598617e-01 3.331478e-05 1.451308e-05 7.677982e-01 -5.669368e-05 -3.363199e-05 1.455989e-05 -1.002482e-04
11765.932374 8.591274e-01 3.549119e-05 1.687511e-05 7.668603e-01 -5.115928e-05 -4.078577e-05 2.033176e-05 -9.257134e-05
11768.157453 8.583371e-01 2.338104e-05 8.008273e-06 7.668135e-01 -5.709865e-05 -4.902976e-05 2.487035e-05 -9.778537e-05
11770.394723 8.530656e-01 2.849593e-05 1.201815e-05 7.621000e-01 -6.236942e-05 -4.245905e-05 1.711663e-05 -1.076220e-04
11772.644185 8.486824e-01 3.349624e-05 3.350528e-05 7.582891e-01 -7.066966e-05 -4.964015e-05 1.805540e-05 -1.019572e-04
11774.905838 8.541917e-01 2.111034e-05 3.565789e-05 7.630788e-01 -6.875794e-05 -5.090860e-05 2.008105e-05 -9.792464e-05
11777.179684 8.552753e-01 3.591107e-05 4.297264e-05 7.650281e-01 -7.425901e-05 -5.177340e-05 3.206843e-05 -9.128540e-05
11779.465722 8.562773e-01 4.736227e-05 -3.678189e-06 7.656130e-01 -6.992404e-05 -4.872882e-05 3.164221e-05 -9.336235e-05
11781.763952 8.554910e-01 4.202336e-05 3.301994e-05 7.662428e-01 -6.798335e-05 -5.722460e-05 1.993668e-05 -1.048927e-04
11784.074373 8.553834e-01 4.379211e-05 1.021186e-05 7.673513e-01 -6.396990e-05 -5.581248e-05 1.663720e-05 -1.074500e-04
11786.396987 8.550247e-01 4.438226e-05 2.585749e-05 7.648235e-01 -7.105643e-05 -6.555786e-05 1.606627e-05 -9.607575e-05
11788.731792 8.542223e-01 3.571978e-05 -4.642002e-07 7.654694e-01 -6.957549e-05 -7.160745e-05 1.757975e-05 -9.159451e-05
11791.078789 8.538796e-01 4.103981e-05 2.043493e-05 7.661357e-01 -6.118349e-05 -6.933434e-05 9.557135e-06 -9.517783e-05
11793.437978 8.531806e-01 2.790666e-05 5.146878e-06 7.651659e-01 -5.966009e-05 -6.852789e-05 1.626517e-05 -8.983380e-05
11795.809359 8.519502e-01 4.244650e-05 3.199686e-05 7.642397e-01 -5.433052e-05 -6.954004e-05 9.972982e-06 -9.250148e-05
11798.192932 8.527206e-01 3.279072e-05 4.444973e-05 7.658458e-01 -5.691909e-05 -6.942378e-05 1.570209e-05 -8.751499e-05
11800.588697 8.522117e-01 2.942318e-05 6.041515e-05 7.644719e-01 -5.700910e-05 -6.178432e-05 9.336497e-06 -9.495894e-05
11802.996654 8.506731e-01 3.047678e-05 2.249354e-05 7.635099e-01 -6.438823e-05 -5.930975e-05 8.137869e-06 -9.159259e-05
11805.416803 8.504495e-01 2.894145e-05 1.816706e-05 7.628023e-01 -7.204322e-05 -6.272579e-05 5.145591e-06 -1.002119e-04
11807.849143 8.501568e-01 1.844350e-05 1.353011e-05 7.632227e-01 -6.799820e-05 -6.540459e-05 2.945408e-06 -1.062128e-04
11810.293676 8.502273e-01 1.667298e-05 2.568017e-05 7.635491e-01 -5.749061e-05 -6.510031e-05 5.591069e-06 -1.116933e-04
11812.750400 8.483410e-01 3.659774e-05 3.171242e-05 7.617961e-01 -5.713646e-05 -6.163318e-05 1.374539e-05 -1.127110e-04
11815.219317 8.491983e-01 3.731516e-05 2.588384e-05 7.622872e-01 -5.001731e-05 -5.431377e-05 8.116265e-06 -1.222931e-04
11817.700425 8.486143e-01 4.393616e-05 2.584862e-05 7.637111e-01 -5.311428e-05 -5.053811e-05 1.729034e-05 -1.155433e-04
11820.193725 8.480568e-01 3.926035e-05 5.077807e-05 7.626560e-01 -5.593116e-05 -5.042355e-05 2.281565e-05 -1.136630e-04
11822.699217 8.447805e-01 2.276426e-05 5.179928e-05 7.598666e-01 -6.444055e-05 -5.714876e-05 2.285010e-05 -1.150906e-04
11825.216901 8.459653e-01 2.764590e-05 2.734834e-05 7.622872e-01 -6.641921e-05 -6.118961e-05 2.259134e-05 -1.079044e-04
11827.746777 8.464296e-01 3.402791e-05 -1.023072e-06 7.625294e-01 -6.529250e-05 -7.111584e-05 2.130108e-05 -1.138540e-04
11830.288845 8.459395e-01 4.336003e-05 6.388539e-05 7.612547e-01 -5.755995e-05 -7.511856e-05 1.911632e-05 -1.132325e-04
11832.843105 8.451700e-01 4.398548e-05 4.678110e-05 7.603994e-01 -5.593767e-05 -7.168053e-05 2.924290e-05 -1.026020e-04
11835.409556 8.445313e-01 4.428275e-05 4.220226e-05 7.606158e-01 -6.104873e-05 -6.606534e-05 2.662190e-05 -1.149029e-04
11837.988200 8.428699e-01 3.739737e-05 6.296775e-05 7.604957e-01 -5.131316e-05 -6.494683e-05 3.424283e-05 -1.133278e-04
11840.579035 8.431107e-01 2.936482e-05 3.215335e-05 7.609333e-01 -6.056903e-05 -6.337510e-05 1.832050e-05 -1.060898e-04
11843.182062 8.425824e-01 3.009067e-05 5.008861e-05 7.604019e-01 -7.598959e-05 -6.927902e-05 1.828927e-05 -1.093581e-04
11845.797282 8.396609e-01 2.504292e-05 6.495425e-05 7.569814e-01 -6.403456e-05 -8.023420e-05 1.659870e-05 -1.118738e-04
11848.424693 8.409195e-01 2.767201e-05 5.838523e-05 7.580185e-01 -5.580806e-05 -7.444778e-05 1.805459e-05 -1.077860e-04
11851.064296 8.404238e-01 2.338071e-05 4.376064e-05 7.583154e-01 -6.418822e-05 -6.559746e-05 1.805259e-05 -1.039398e-04
11853.716091 8.393140e-01 2.445318e-05 3.331210e-05 7.566669e-01 -5.652476e-05 -7.032868e-05 1.906066e-05 -1.111719e-04
11856.380078 8.394872e-01 1.843527e-05 6.506913e-05 7.574340e-01 -6.285817e-05 -6.857929e-05 8.687787e-06 -1.072126e-04
11859.056256 8.393951e-01 2.123301e-05 3.520574e-05 7.594958e-01 -5.581418e-05 -6.109783e-05 1.826726e-05 -9.968293e-05
11861.744627 8.347377e-01 4.339026e-05 3.670359e-05 7.561906e-01 -5.825156e-05 -5.561620e-05 1.397678e-05 -1.014056e-04
11864.445190 8.342348e-01 2.894126e-05 1.206041e-05 7.541697e-01 -6.040543e-05 -6.404007e-05 5.971897e-06 -1.091111e-04
11867.157944 8.365000e-01 2.837581e-05 2.144788e-05 7.569608e-01 -6.610603e-05 -6.674088e-05 7.566009e-06 -1.194539e-04
11869.882891 8.341646e-01 3.192197e-05 2.628091e-05 7.558922e-01 -6.996552e-05 -6.534620e-05 1.198364e-06 -1.146038e-04
11872.620029 8.341826e-01 3.611506e-05 1.320008e-05 7.561035e-01 -7.618346e-05 -7.197244e-05 1.792166e-05 -1.199103e-04
11875.369359 8.370656e-01 2.670603e-05 1.467730e-05 7.591307e-01 -6.599748e-05 -6.860651e-05 2.627837e-05 -1.167510e-04
11878.130881 8.340445e-01 3.571563e-05 4.297930e-05 7.580707e-01 -6.606034e-05 -6.512301e-05 2.884661e-05 -1.108229e-04
11880.904595 8.256080e-01 3.675158e-05 3.912588e-06 7.504033e-01 -6.732843e-05 -6.514798e-05 1.979297e-05 -1.079173e-04
11883.690501 8.275311e-01 4.397437e-05 1.106733e-05 7.526844e-01 -6.323214e-05 -7.300493e-05 1.751460e-05 -1.173782e-04
11886.488599 8.320563e-01 4.786652e-05 1.073358e-06 7.569978e-01 -6.066021e-05 -7.160190e-05 2.637071e-06 -1.287553e-04
11889.298889 8.324564e-01 3.909106e-05 4.364351e-05 7.573083e-01 -6.252949e-05 -6.754558e-05 7.071108e-06 -1.299126e-04
11892.121371 8.325417e-01 3.706936e-05 1.998102e-05 7.588331e-01 -6.027515e-05 -6.606903e-05 1.952064e-05 -1.274962e-04
11894.956044 8.321830e-01 3.412333e-05 5.659896e-05 7.581647e-01 -5.590984e-05 -6.652704e-05 2.425456e-05 -1.237413e-04
11897.802910 8.301241e-01 2.559640e-05 2.981701e-05 7.562475e-01 -5.336833e-05 -5.452500e-05 1.735994e-05 -1.280583e-04
11900.661967 8.308294e-01 2.629592e-05 3.768031e-05 7.566307e-01 -6.864841e-05 -5.503855e-05 1.054697e-05 -1.279506e-04
11903.533217 8.308070e-01 4.633954e-05 4.173856e-05 7.580572e-01 -7.135514e-05 -5.802825e-05 1.386425e-05 -1.145240e-04
11906.416658 8.280311e-01 3.983496e-05 1.813747e-05 7.564252e-01 -5.664750e-05 -6.138800e-05 5.735256e-06 -1.149918e-04
11909.312291 8.285569e-01 3.980217e-05 1.625346e-05 7.565023e-01 -5.451290e-05 -6.015916e-05 7.245034e-06 -1.177477e-04
11912.220116 8.287604e-01 3.152411e-05 3.039823e-05 7.569815e-01 -5.692071e-05 -6.248155e-05 1.148110e-05 -1.148245e-04
11915.140133 8.269066e-01 3.525459e-05 4.556694e-05 7.551447e-01 -6.355496e-05 -6.402298e-05 5.609300e-06 -1.186113e-04
11918.072342 8.269138e-01 3.947868e-05 3.081247e-05 7.555293e-01 -6.613980e-05 -6.726420e-05 -4.190069e-06 -1.232176e-04
11921.016743 8.266571e-01 4.380816e-05 2.187944e-06 7.542194e-01 -6.051796e-05 -7.052834e-05 -8.661315e-07 -1.212101e-04
11923.973335 8.256196e-01 4.050591e-05 2.913792e-05 7.545147e-01 -5.034637e-05 -6.488157e-05 -2.009193e-06 -1.152077e-04
11926.942120 8.237675e-01 4.127182e-05 4.637584e-05 7.527463e-01 -6.577065e-05 -5.110055e-05 -3.694359e-06 -1.145242e-04
11929.923096 8.252774e-01 2.981849e-05 -2.970087e-06 7.544757e-01 -6.607121e-05 -5.806329e-05 -4.655901e-06 -1.172915e-04
11932.916265 8.236738e-01 3.924465e-05 1.695821e-05 7.534089e-01 -6.906460e-05 -5.221586e-05 1.203530e-05 -1.184052e-04
11935.921625 8.157596e-01 3.417116e-05 5.663277e-06 7.462086e-01 -6.171542e-05 -4.660510e-05 7.002248e-06 -1.209435e-04
11938.939177 8.173358e-01 3.706367e-05 1.686872e-05 7.492183e-01 -6.087807e-05 -4.396674e-05 9.544672e-06 -1.128220e-04
11941.968921 8.216486e-01 5.014286e-05 1.434876e-05 7.527569e-01 -5.301712e-05 -4.206276e-05 2.779365e-06 -1.168796e-04
11945.010858 8.208572e-01 4.691777e-05 -3.629524e-06 7.512296e-01 -6.220113e-05 -6.116788e-05 1.166743e-05 -1.187799e-04
11948.064985 8.212463e-01 3.978187e-05 3.312437e-05 7.535581e-01 -6.171983e-05 -6.903231e-05 1.181146e-05 -1.185302e-04
11951.131305 8.207354e-01 4.416054e-05 1.555166e-05 7.528501e-01 -5.491963e-05 -6.365813e-05 1.177334e-05 -1.123560e-04
11954.209817 8.186699e-01 4.544715e-05 3.875878e-06 7.506377e-01 -5.324695e-05 -5.517974e-05 9.873480e-06 -1.095961e-04
11957.300521 8.192272e-01 4.726443e-05 1.075136e-05 7.514116e-01 -5.543844e-05 -5.460962e-05 1.762194e-05 -1.038183e-04
11960.403416 8.190277e-01 3.882928e-05 3.901032e-07 7.515780e-01 -5.246141e-05 -5.092364e-05 1.608917e-05 -1.118374e-04
11963.518504 8.182386e-01 4.333243e-05 4.575379e-05 7.495608e-01 -5.023395e-05 -5.973101e-05 1.019168e-05 -1.077337e-04
11966.645783 8.174298e-01 4.431838e-05 6.632955e-05 7.501729e-01 -5.322231e-05 -6.184948e-05 9.087043e-06 -1.175425e-04
11969.785255 8.167493e-01 3.962117e-05 -9.127870e-06 7.500236e-01 -5.105714e-05 -6.218265e-05 1.436665e-05 -1.090725e-04
11972.936918 8.158158e-01 2.567740e-05 -2.931718e-06 7.498253e-01 -4.816977e-05 -5.798688e-05 8.576491e-06 -1.147268e-04
11976.100773 8.151827e-01 3.909287e-05 3.536784e-05 7.510769e-01 -4.752532e-05 -5.741388e-05 -3.188468e-06 -1.183226e-04
11979.276820 8.148491e-01 4.598403e-05 2.904106e-05 7.509453e-01 -5.491750e-05 -5.415463e-05 3.984714e-06 -1.173529e-04
11982.465059 8.136913e-01 4.253893e-05 2.678996e-05 7.492991e-01 -6.125309e-05 -6.014691e-05 5.435447e-06 -1.132705e-04
11985.665490 8.126609e-01 4.339689e-05 4.725254e-05 7.488943e-01 -6.503296e-05 -6.616649e-05 6.423416e-06 -1.290882e-04
11988.878112 8.127601e-01 5.476112e-05 4.621518e-05 7.475928e-01 -6.212916e-05 -5.796579e-05 1.161736e-05 -1.308410e-04
11992.102927 8.126204e-01 6.192732e-05 1.781358e-05 7.489546e-01 -6.410661e-05 -4.777264e-05 1.055099e-05 -1.126735e-04
11995.339934 8.122610e-01 5.232174e-05 2.134851e-05 7.477925e-01 -6.959430e-05 -4.749415e-05 2.062113e-05 -1.047478e-04
11998.589132 8.104538e-01 4.725034e-05 7.911700e-06 7.482013e-01 -6.408125e-05 -6.067226e-05 2.374922e-05 -1.044277e-04
12001.850523 8.104810e-01 5.500911e-05 2.682386e-05 7.478119e-01 -6.826647e-05 -5.232097e-05 2.348893e-05 -1.008209e-04
12005.124105 8.091629e-01 6.639712e-05 -2.352533e-06 7.461270e-01 -7.211753e-05 -5.602038e-05 2.934155e-05 -9.949705e-05
12008.409879 8.093050e-01 5.784549e-05 5.382382e-06 7.466036e-01 -5.982903e-05 -4.937274e-05 3.013373e-05 -9.923297e-05
12011.707845 8.078626e-01 5.805412e-05 1.329274e-05 7.451599e-01 -5.833161e-05 -5.110995e-05 3.837482e-05 -9.548204e-05
12015.018003 8.071494e-01 4.996664e-05 1.151855e-06 7.474852e-01 -6.188178e-05 -6.317214e-05 3.524003e-05 -9.412000e-05
12018.340353 8.067688e-01 4.947441e-05 3.074533e-05 7.460604e-01 -6.324941e-05 -5.682821e-05 2.014419e-05 -9.936674e-05
12021.674895 8.063031e-01 5.581075e-05 5.050888e-05 7.464106e-01 -6.346301e-05 -6.440496e-05 2.280206e-05 -9.843231e-05
12025.021629 8.053375e-01 4.993514e-05 2.370760e-05 7.454082e-01 -6.557274e-05 -5.725616e-05 2.248700e-05 -9.672640e-05
12028.380554 8.056802e-01 3.429001e-05 -1.084319e-05 7.459948e-01 -5.795212e-05 -5.619194e-05 2.266163e-05 -8.557634e-05
12031.751672 8.040102e-01 3.934499e-05 2.331644e-05 7.455483e-01 -6.686297e-05 -5.738905e-05 2.051303e-05 -9.499041e-05
12035.134982 8.027547e-01 3.448800e-05 4.947876e-06 7.444515e-01 -6.692149e-05 -5.151385e-05 2.768674e-05 -9.137205e-05
12038.530483 8.033651e-01 4.250797e-05 7.948029e-06 7.448035e-01 -7.225805e-05 -5.868650e-05 2.623076e-05 -8.336304e-05
12041.938176 8.008912e-01 5.870010e-05 4.731858e-05 7.438260e-01 -6.832986e-05 -6.515654e-05 2.592911e-05 -8.238991e-05
12045.358061 7.945977e-01 3.701607e-05 5.104405e-05 7.391920e-01 -6.390632e-05 -6.668146e-05 1.673789e-05 -9.109107e-05
12048.790139 7.895570e-01 4.213674e-05 2.314082e-05 7.352886e-01 -6.053804e-05 -6.793288e-05 1.953162e-05 -9.775390e-05
12052.234408 7.982543e-01 2.640059e-05 6.832660e-06 7.418595e-01 -6.550240e-05 -7.249862e-05 2.598634e-05 -1.007529e-04
12055.690868 7.988802e-01 3.573373e-05 3.363945e-05 7.431730e-01 -6.286319e-05 -7.164629e-05 2.656333e-05 -9.174211e-05
12059.159521 7.981374e-01 3.386895e-05 1.116409e-05 7.439165e-01 -6.600207e-05 -6.838518e-05 1.066454e-05 -1.025552e-04
12062.640366 7.973048e-01 3.582621e-05 1.886728e-05 7.417844e-01 -6.764568e-05 -7.147713e-05 1.277460e-05 -9.626974e-05
12066.133403 7.968581e-01 2.097650e-05 5.938202e-06 7.408058e-01 -6.278313e-05 -5.992449e-05 1.966347e-05 -9.497808e-05
12069.638631 7.963681e-01 5.556285e-05 3.664549e-05 7.417476e-01 -6.183032e-05 -5.575300e-05 2.589265e-05 -9.622461e-05
12073.156052 7.959054e-01 2.661456e-05 2.702484e-05 7.421445e-01 -6.588306e-05 -6.191257e-05 2.077521e-05 -1.008091e-04
12076.685664 7.944988e-01 3.444555e-05 1.680019e-05 7.407106e-01 -6.401087e-05 -5.826853e-05 2.007728e-05 -1.015039e-04
12080.227468 7.940515e-01 4.465403e-05 2.135418e-05 7.390608e-01 -7.139609e-05 -5.763994e-05 6.238638e-06 -9.416121e-05
12083.781465 7.917351e-01 3.180776e-05 6.931842e-06 7.385264e-01 -7.827575e-05 -6.267316e-05 4.888382e-06 -8.045182e-05
12087.347653 7.907322e-01 2.511664e-05 6.794104e-06 7.377015e-01 -7.142444e-05 -6.323606e-05 5.744148e-06 -8.062059e-05
12090.926033 7.917039e-01 4.681758e-05 1.769948e-05 7.388745e-01 -7.107533e-05 -6.862124e-05 8.412780e-06 -8.902904e-05
12094.516605 7.911167e-01 3.272148e-05 1.167123e-05 7.380545e-01 -6.773013e-05 -6.118300e-05 4.880437e-06 -9.144122e-05
12098.119369 7.915656e-01 4.853257e-05 -1.709777e-05 7.391381e-01 -5.348455e-05 -5.811156e-05 1.042763e-05 -8.591005e-05
12101.734324 7.903043e-01 5.336532e-05 2.018732e-05 7.385993e-01 -5.278946e-05 -6.234114e-05 1.356872e-05 -8.181574e-05
12105.361472 7.887906e-01 5.776820e-05 2.921560e-05 7.374053e-01 -5.012230e-05 -6.451096e-05 2.338101e-06 -8.472556e-05
12109.000811 7.881711e-01 4.918110e-05 3.256214e-05 7.387332e-01 -5.354998e-05 -6.241261e-05 -3.955305e-06 -9.551293e-05
12112.652343 7.882350e-01 4.058990e-05 3.580361e-05 7.371177e-01 -5.937559e-05 -5.510111e-05 7.925651e-07 -8.678153e-05
12116.316066 7.869129e-01 4.008955e-05 2.394203e-05 7.351885e-01 -6.761175e-05 -5.465096e-05 -7.143469e-07 -8.810246e-05
12119.991982 7.860142e-01 3.974965e-05 2.042820e-05 7.359341e-01 -6.138630e-05 -5.820047e-05 3.632340e-06 -8.525122e-05
12123.680089 7.860980e-01 2.453284e-05 2.047839e-05 7.368670e-01 -5.289197e-05 -5.936400e-05 5.613237e-06 -8.989262e-05
12127.380388 7.846706e-01 2.876549e-05 1.156952e-05 7.355684e-01 -5.849725e-05 -5.999692e-05 6.729236e-06 -9.136008e-05
12131.092879 7.838015e-01 3.549103e-05 1.940078e-05 7.353967e-01 -6.370474e-05 -5.321889e-05 9.738103e-06 -1.028348e-04
12134.817562 7.834472e-01 3.673927e-05 2.456573e-05 7.344998e-01 -6.477805e-05 -6.749339e-05 8.691871e-06 -1.096133e-04
12138.554437 7.810885e-01 4.399449e-05 1.619518e-05 7.333983e-01 -6.169198e-05 -5.565154e-05 6.823003e-06 -1.070370e-04
12142.303503 7.822824e-01 3.985670e-05 -7.684338e-06 7.336294e-01 -6.838889e-05 -5.638975e-05 8.508040e-06 -1.059363e-04
12146.064762 7.802087e-01 3.483257e-05 -2.428227e-06 7.316654e-01 -7.122445e-05 -6.157317e-05 2.628176e-05 -1.053105e-04
12149.838213 7.808277e-01 4.099215e-05 3.311233e-05 7.322491e-01 -6.818083e-05 -6.952433e-05 2.249762e-05 -1.098006e-04
12153.623855 7.800562e-01 5.473818e-05 3.065215e-05 7.332087e-01 -6.312599e-05 -7.542741e-05 2.339324e-05 -9.768535e-05
12157.421689 7.782072e-01 5.264580e-05 4.168279e-05 7.319847e-01 -5.979923e-05 -6.836723e-05 2.676304e-05 -1.002435e-04
12161.231716 7.779466e-01 4.976126e-05 1.656131e-05 7.319467e-01 -5.713302e-05 -6.140087e-05 1.646704e-05 -1.016632e-04
12165.053934 7.760515e-01 4.420628e-05 -1.261347e-06 7.308350e-01 -6.218490e-05 -6.624214e-05 1.376410e-05 -1.082244e-04
12168.888344 7.763080e-01 3.653101e-05 4.262505e-05 7.303753e-01 -6.241310e-05 -6.955241e-05 6.613790e-06 -1.149835e-04
12172.734946 7.760147e-01 3.551854e-05 3.962624e-05 7.303066e-01 -5.618507e-05 -6.261246e-05 3.036840e-06 -1.187110e-04
12176.593740 7.737589e-01 3.495915e-05 2.049411e-05 7.294454e-01 -6.516506e-05 -5.361880e-05 6.823970e-06 -1.260268e-04
12180.464726 7.744843e-01 1.619035e-05 9.598338e-06 7.306601e-01 -7.043630e-05 -4.387793e-05 1.457097e-05 -1.122216e-04
12184.347903 7.722548e-01 1.857813e-05 1.725295e-05 7.294567e-01 -7.804049e-05 -4.532477e-05 2.054658e-05 -1.073102e-04
12188.243273 7.725604e-01 3.533135e-05 3.127555e-05 7.301249e-01 -7.131134e-05 -5.404130e-05 1.475442e-05 -1.079548e-04
12192.150835 7.722695e-01 2.996650e-05 6.329421e-05 7.290908e-01 -6.667990e-05 -4.865065e-05 1.021688e-05 -1.203031e-04
12196.070588 7.696292e-01 2.544498e-05 -1.735364e-05 7.272858e-01 -7.197808e-05 -4.542022e-05 1.128052e-05 -1.164774e-04
12200.002533 7.700281e-01 2.583949e-05 5.355178e-06 7.284476e-01 -6.422729e-05 -5.372249e-05 1.057800e-05 -1.158521e-04
12203.946671 7.678350e-01 4.146686e-05 6.568470e-05 7.262201e-01 -5.941231e-05 -5.493102e-05 -1.348159e-06 -1.157392e-04
12207.903000 7.674002e-01 3.746482e-05 5.943304e-05 7.254754e-01 -6.587991e-05 -5.685835e-05 3.172720e-06 -1.050664e-04
12211.871521 7.672122e-01 2.789470e-05 3.556034e-05 7.252106e-01 -5.419222e-05 -6.481611e-05 4.845860e-06 -9.865050e-05
12215.852234 7.675179e-01 2.162424e-05 1.030847e-05 7.254465e-01 -5.104724e-05 -6.148318e-05 7.631208e-06 -9.316086e-05
12219.845139 7.664531e-01 2.547397e-05 6.656075e-06 7.249805e-01 -5.435528e-05 -6.803318e-05 8.103098e-06 -9.615439e-05
12223.850236 7.650647e-01 1.617992e-05 1.733763e-05 7.252210e-01 -6.052465e-05 -6.514500e-05 1.365377e-05 -9.415178e-05
12227.867524 7.565340e-01 1.815993e-05 2.156084e-05 7.172310e-01 -6.505508e-05 -6.553922e-05 1.008818e-05 -9.729778e-05
12231.897005 7.473573e-01 1.280261e-05 1.960918e-05 7.082152e-01 -6.318103e-05 -7.026050e-05 1.364418e-05 -9.092874e-05
12235.938678 7.601970e-01 1.796141e-05 3.975242e-05 7.208991e-01 -5.718506e-05 -7.319099e-05 1.648319e-05 -1.025367e-04
12239.992542 7.622896e-01 4.345572e-06 5.039749e-05 7.233573e-01 -5.784213e-05 -6.933212e-05 2.197613e-05 -9.389685e-05
12244.058598 7.606457e-01 1.525623e-05 2.630602e-05 7.216753e-01 -6.665566e-05 -5.900543e-05 1.869663e-05 -7.924768e-05
12248.136847 7.599623e-01 1.161397e-05 3.438027e-05 7.219930e-01 -6.840256e-05 -6.162903e-05 9.441255e-06 -8.295850e-05
12252.227287 7.579750e-01 1.543675e-05 6.122627e-05 7.200921e-01 -6.359304e-05 -6.665249e-05 7.399979e-07 -8.399099e-05
12256.329919 7.583958e-01 1.468037e-05 4.965182e-05 7.209613e-01 -6.284982e-05 -7.447484e-05 4.482730e-06 -8.833904e-05
12260.444743 7.576875e-01 1.749772e-05 3.803426e-05 7.207618e-01 -5.702642e-05 -7.338246e-05 1.028040e-05 -8.511855e-05
12264.571759 7.569751e-01 2.412985e-05 3.232258e-05 7.207803e-01 -5.807850e-05 -7.780575e-05 -3.823932e-06 -7.640063e-05
12268.710967 7.567258e-01 2.194435e-05 3.101821e-05 7.199498e-01 -5.141838e-05 -7.318852e-05 -5.493716e-06 -7.975307e-05
12272.862366 7.560636e-01 1.589495e-05 4.997959e-05 7.196461e-01 -4.780223e-05 -6.427253e-05 9.201484e-07 -9.126005e-05
12277.025958 7.552882e-01 1.437639e-05 5.472063e-05 7.200882e-01 -4.989612e-05 -6.752653e-05 1.508257e-06 -9.579102e-05
12281.201742 7.540496e-01 1.324678e-05 5.315811e-05 7.190374e-01 -5.591605e-05 -7.229169e-05 -6.275643e-06 -9.928803e-05
12285.389717 7.541594e-01 2.090695e-05 2.799177e-05 7.191751e-01 -5.710072e-05 -7.277909e-05 -8.859511e-06 -8.894439e-05
12289.589884 7.533295e-01 2.943793e-05 6.649645e-06 7.195121e-01 -6.658753e-05 -6.671191e-05 -9.666994e-06 -9.641147e-05
12293.802244 7.520536e-01 2.296848e-05 3.185408e-05 7.174443e-01 -6.460862e-05 -7.219142e-05 1.489485e-07 -9.522492e-05
12298.026795 7.505765e-01 1.803973e-05 4.133108e-05 7.164934e-01 -7.175596e-05 -6.070725e-05 2.437704e-06 -8.913537e-05
12302.263538 7.487887e-01 6.111474e-06 8.871886e-06 7.151581e-01 -6.549753e-05 -6.305802e-05 1.663154e-05 -9.373984e-05
12306.512473 7.500089e-01 7.127970e-06 3.895243e-05 7.155493e-01 -5.889608e-05 -5.963966e-05 1.777935e-05 -9.662836e-05
12310.773600 7.489063e-01 1.190902e-05 4.230068e-05 7.154114e-01 -5.664966e-05 -6.155791e-05 1.701730e-05 -9.928331e-05
12315.046919 7.478075e-01 3.864371e-06 4.278789e-05 7.170628e-01 -5.104674e-05 -7.116769e-05 1.512166e-05 -9.330719e-05
12319.332429 7.459852e-01 -6.072515e-07 4.343404e-05 7.144675e-01 -4.961739e-05 -7.251851e-05 1.335413e-05 -9.701518e-05
12323.630132 7.303187e-01 1.965573e-06 3.461621e-05 7.002703e-01 -5.546123e-05 -6.380885e-05 6.409140e-06 -1.014577e-04
12327.940026 7.381146e-01 1.052114e-05 1.968703e-05 7.074862e-01 -5.970098e-05 -6.986314e-05 -4.371911e-06 -1.021074e-04
12332.262113 7.443189e-01 2.647857e-05 4.831225e-05 7.129794e-01 -6.175162e-05 -6.109953e-05 8.146581e-07 -1.062260e-04
12336.596391 7.444966e-01 3.136417e-05 5.307763e-05 7.139231e-01 -5.976648e-05 -5.964098e-05 4.672166e-06 -1.116149e-04
12340.942861 7.432828e-01 1.991633e-05 2.054137e-05 7.149470e-01 -6.169278e-05 -5.876426e-05 -3.537022e-06 -1.127932e-04
12345.301524 7.417120e-01 2.269155e-05 1.835158e-05 7.120750e-01 -7.150347e-05 -6.637847e-05 -7.001256e-06 -1.146385e-04
12349.672378 7.411905e-01 3.235386e-05 1.759074e-05 7.128922e-01 -7.100582e-05 -7.707749e-05 -2.246362e-06 -1.123166e-04
12354.055424 7.413252e-01 2.882160e-05 2.960504e-05 7.131979e-01 -6.139294e-05 -8.124418e-05 6.684436e-07 -1.152676e-04
12358.450662 7.400099e-01 2.926999e-05 5.732521e-05 7.122089e-01 -5.641789e-05 -7.118546e-05 2.097699e-06 -1.083775e-04
12362.858091 7.393509e-01 4.304971e-05 2.851415e-05 7.115788e-01 -5.306100e-05 -5.559616e-05 -3.432644e-06 -1.168373e-04
12367.277713 7.386181e-01 5.134772e-05 4.263053e-05 7.108339e-01 -4.799558e-05 -5.533076e-05 -4.393018e-06 -1.095630e-04
12371.709527 7.347968e-01 4.726982e-05 6.547416e-05 7.094741e-01 -5.028878e-05 -5.861943e-05 -2.331882e-06 -1.035965e-04
12376.153532 7.318400e-01 5.474178e-05 3.901203e-05 7.074346e-01 -5.032372e-05 -5.979754e-05 -5.226503e-06 -1.039512e-04
12380.609730 7.362723e-01 5.294379e-05 6.551210e-05 7.106770e-01 -4.735984e-05 -6.832045e-05 3.792935e-06 -1.050587e-04
12385.078119 7.361766e-01 5.454759e-05 5.430370e-05 7.126012e-01 -4.614799e-05 -6.789045e-05 -7.702421e-06 -1.057900e-04
12389.558700 7.352133e-01 4.464905e-05 3.649842e-05 7.110963e-01 -5.725153e-05 -5.420437e-05 2.816006e-06 -1.368472e-04
12394.051473 7.337483e-01 4.437034e-05 5.074513e-05 7.089354e-01 -6.101841e-05 -5.015297e-05 1.979318e-05 -1.474978e-04
12398.556438 7.333126e-01 4.343657e-05 4.282077e-05 7.085904e-01 -6.090863e-05 -4.237505e-05 1.851248e-05 -1.427723e-04
12403.073595 7.321550e-01 3.386418e-05 1.871741e-05 7.075997e-01 -5.848057e-05 -4.693923e-05 1.181911e-05 -1.465913e-04
12407.602944 7.307980e-01 3.810368e-05 3.701733e-05 7.072392e-01 -6.442624e-05 -7.042078e-05 1.628178e-05 -1.405008e-04
12412.144485 7.301881e-01 3.914621e-05 3.896203e-05 7.075124e-01 -6.171125e-05 -7.602790e-05 1.913759e-05 -1.508588e-04
12416.698218 7.295780e-01 3.533801e-05 3.166877e-05 7.075351e-01 -5.781415e-05 -8.618389e-05 2.226741e-05 -1.503916e-04
12421.264142 7.287344e-01 2.949931e-05 2.906313e-05 7.061100e-01 -5.712386e-05 -8.028928e-05 2.628871e-05 -1.322818e-04
12425.842259 7.276611e-01 3.686003e-05 2.196248e-05 7.059791e-01 -6.203078e-05 -7.130874e-05 9.020108e-06 -1.067619e-04
12430.432567 7.248893e-01 4.361548e-05 4.365482e-05 7.037473e-01 -5.730049e-05 -5.997875e-05 8.848195e-06 -1.212246e-04
12435.035068 7.250464e-01 4.376066e-05 3.415396e-05 7.046937e-01 -4.946764e-05 -6.966091e-05 6.514786e-06 -1.159704e-04
12439.649760 7.247987e-01 4.429789e-05 2.781444e-05 7.055471e-01 -4.674117e-05 -7.048128e-05 1.123593e-05 -1.050871e-04
12444.276644 7.235293e-01 4.210359e-05 3.028691e-05 7.048553e-01 -4.431770e-05 -7.266509e-05 7.849871e-06 -1.095028e-04
12448.915720 7.216630e-01 2.803560e-05 3.962255e-05 7.038479e-01 -5.903852e-05 -7.398093e-05 2.713337e-06 -1.098496e-04
12453.566988 7.202156e-01 3.497108e-05 4.818774e-05 7.015485e-01 -5.801847e-05 -7.152661e-05 1.514162e-05 -1.141567e-04
12458.230448 7.199792e-01 4.192947e-05 2.520138e-05 7.015108e-01 -5.541398e-05 -7.128304e-05 1.214658e-05 -1.194821e-04
12462.906100 7.207474e-01 2.960146e-05 1.855683e-05 7.030949e-01 -6.156609e-05 -6.401234e-05 -6.728857e-07 -1.066573e-04
12467.593943 7.199273e-01 1.762456e-05 9.894858e-06 7.023406e-01 -6.457862e-05 -6.664581e-05 -1.750629e-06 -9.476890e-05
12472.293979 7.191705e-01 3.106028e-05 2.477615e-05 7.023843e-01 -6.375555e-05 -6.266129e-05 2.197437e-06 -9.591964e-05
12477.006206 7.191990e-01 3.484569e-05 1.263953e-05 7.029167e-01 -6.426705e-05 -6.632907e-05 3.846813e-06 -9.850135e-05
12481.730626 7.187489e-01 3.016005e-05 5.180142e-05 7.023637e-01 -5.735925e-05 -7.211225e-05 6.505483e-06 -1.147856e-04
12486.467237 7.180002e-01 2.926824e-05 4.588647e-05 7.023550e-01 -6.369373e-05 -7.117052e-05 6.820446e-06 -1.795681e-04
12491.216040 7.168108e-01 3.364444e-05 4.191119e-05 7.021686e-01 -6.370253e-05 -6.362779e-05 9.307403e-06 -1.838465e-04
12495.977036 7.172873e-01 3.524722e-05 2.653860e-05 7.028719e-01 -6.051532e-05 -5.926927e-05 8.157465e-06 -1.770466e-04
12500.750223 7.163661e-01 3.230035e-05 4.933748e-05 7.023011e-01 -5.608177e-05 -6.346010e-05 9.501103e-06 -1.788083e-04
12505.535602 7.155360e-01 3.472542e-05 6.719010e-05 7.020553e-01 -5.826954e-05 -7.246429e-05 4.439784e-06 -1.787153e-04
12510.333172 7.146632e-01 2.977748e-05 3.282689e-05 7.011524e-01 -6.372678e-05 -6.286374e-05 -1.778342e-06 -1.769971e-04
12515.142935 7.136972e-01 2.978371e-05 3.986839e-05 7.011173e-01 -7.292196e-05 -5.334559e-05 1.539971e-06 -1.700526e-04
12519.964890 7.127283e-01 2.753646e-05 6.297357e-05 7.007480e-01 -6.497485e-05 -5.523155e-05 -4.305678e-06 -1.636362e-04
12524.799037 7.118278e-01 3.871419e-05 4.530105e-05 6.999518e-01 -6.036887e-05 -6.037603e-05 2.242028e-06 -1.148150e-04
12529.645375 6.579789e-01 4.655553e-05 4.679604e-05 6.477955e-01 -5.439276e-05 -5.691026e-05 -2.829760e-06 -7.988857e-05
12534.503905 1.275591e-01 8.106168e-06 3.150145e-06 1.256043e-01 -1.054784e-05 -9.990601e-06 -1.170446e-06 -1.735796e-05
