# Facility: NSLS-II
# Beamline: QAS
# Year: 2022
# Cycle: 2
# SAF: 309618
# PI: Wang
# Proposal: 309017
# Scan ID: 52210
# UID: 9323e9e7-12c0-4240-91ff-5d6dc4a09b0e
# Comment: 
# Start time: 07/18/2022  09:55:19
# Stop time: 07/18/2022  09:55:51
# Total time: 00:32
# Trajectory name: Pt-L3-30s-11564.txt
# Element: Platinum ( 78)
# Edge: L3
# E0: 11564
# Reference Foil Element: Pt
# Keithley Gains I0: 1E7 V/A It: 1E6 V/A Iref: 1E7 V/A PIPS: 1E8 V/A 
# Ion Chamber Gas Flow Rates: I0: 0.00 sccm He + 99.70 sccm N2 + 0.00 sccm Ar 
# Ion Chamber Gas Flow Rates: It&Iref: 89.80 sccm N2 + 210.20 sccm Ar
# Incident Beam Path Vertical: -27.99 mm
# Incident Slits Positions B: TOP: 1.0 mm Bottom: -1.0 mm Inboard: -2.0 mm Outboard: 2.0 mm
# Sample Stage Positions: Rotation: 45.0 deg Horizontal: 0.00 mm Vertical: -20.00 mm Beam Direction: 0.00 mm
# PerkinElmer Vertical Position: 500.00 mm
# Front End Mirror Horizontal Positions: Up: -14.00 mm Down: -14.00 mm
#
# energy  i0  it  ir  iff  aux1  aux2  aux3  aux4
11377.830247 4.679678e-01 5.454972e-01 6.299726e-01 1.587827e-02 -1.450846e-05 -2.207830e-05 3.184703e-05 -3.227118e-05
11382.830247 9.239520e-01 1.077780e+00 1.246904e+00 3.138495e-02 -3.104694e-05 -4.011043e-05 5.698461e-05 -6.231633e-05
11387.830247 9.285807e-01 1.084263e+00 1.257542e+00 3.151592e-02 -2.633541e-05 -4.633084e-05 5.455930e-05 -6.336529e-05
11392.830247 9.230180e-01 1.078849e+00 1.254296e+00 3.127151e-02 -1.705529e-05 -4.781615e-05 5.562426e-05 -5.404337e-05
11397.830247 9.222913e-01 1.078948e+00 1.257659e+00 3.139027e-02 -1.944296e-05 -4.151883e-05 5.381852e-05 -6.229044e-05
11402.830247 9.204351e-01 1.077702e+00 1.259322e+00 3.118568e-02 -1.296270e-05 -3.742113e-05 5.241523e-05 -5.871096e-05
11407.830247 9.205808e-01 1.078752e+00 1.264031e+00 3.129871e-02 -1.788860e-05 -3.211093e-05 5.753707e-05 -6.410676e-05
11412.830247 9.178917e-01 1.076681e+00 1.264769e+00 3.152461e-02 -2.169911e-05 -4.006078e-05 5.625366e-05 -6.173543e-05
11417.830247 9.156865e-01 1.074913e+00 1.266015e+00 3.122476e-02 -2.370294e-05 -3.791402e-05 6.212701e-05 -5.760976e-05
11422.830247 9.009513e-01 1.059106e+00 1.250067e+00 3.089270e-02 -2.731131e-05 -4.920518e-05 6.619389e-05 -4.957185e-05
11427.830247 9.110153e-01 1.071506e+00 1.268511e+00 3.112340e-02 -2.230688e-05 -5.001475e-05 5.896089e-05 -4.908575e-05
11432.830247 9.129731e-01 1.074653e+00 1.275640e+00 3.127312e-02 -2.690726e-05 -5.166693e-05 6.110262e-05 -5.240373e-05
11437.830247 9.105815e-01 1.072851e+00 1.276748e+00 3.137613e-02 -3.209085e-05 -5.611153e-05 6.562930e-05 -5.171158e-05
11442.830247 9.116729e-01 1.075143e+00 1.282769e+00 3.136938e-02 -3.637276e-05 -6.364073e-05 5.643278e-05 -5.029700e-05
11447.830247 9.114813e-01 1.075827e+00 1.286886e+00 3.142094e-02 -3.192336e-05 -6.141008e-05 5.704450e-05 -4.730504e-05
11452.830247 9.085364e-01 1.073369e+00 1.287195e+00 3.130220e-02 -2.776477e-05 -5.204796e-05 5.868068e-05 -5.633896e-05
11457.830247 9.038232e-01 1.068946e+00 1.284836e+00 3.114663e-02 -2.607737e-05 -5.039589e-05 5.502868e-05 -4.271511e-05
11462.830247 9.037219e-01 1.069795e+00 1.288870e+00 3.121454e-02 -3.393625e-05 -5.474059e-05 6.364154e-05 -3.881937e-05
11467.830247 9.020806e-01 1.068793e+00 1.290786e+00 3.121404e-02 -3.793947e-05 -4.575118e-05 6.114484e-05 -4.384711e-05
11472.830247 9.028109e-01 1.070468e+00 1.295869e+00 3.125021e-02 -4.075625e-05 -4.694270e-05 6.145982e-05 -5.127101e-05
11477.830247 9.015133e-01 1.069821e+00 1.297876e+00 3.117576e-02 -5.144206e-05 -3.973641e-05 5.624596e-05 -5.294694e-05
11482.830247 9.006791e-01 1.069688e+00 1.300600e+00 3.118310e-02 -4.493381e-05 -4.128090e-05 6.483575e-05 -4.943385e-05
11487.830247 8.889142e-01 1.057214e+00 1.287355e+00 3.084198e-02 -4.281932e-05 -4.599676e-05 6.543594e-05 -3.969057e-05
11492.830247 8.907913e-01 1.060198e+00 1.293218e+00 3.103806e-02 -3.655255e-05 -4.595975e-05 7.482046e-05 -3.984730e-05
11497.830247 9.014296e-01 1.073523e+00 1.312376e+00 3.142461e-02 -4.027069e-05 -4.484598e-05 5.171796e-05 -5.721745e-05
11502.830247 8.988753e-01 1.071437e+00 1.311666e+00 3.118968e-02 -4.605483e-05 -4.758102e-05 4.483844e-05 -4.900713e-05
11507.830247 8.966599e-01 1.069875e+00 1.310886e+00 3.132016e-02 -4.319070e-05 -4.886199e-05 5.314048e-05 -5.228802e-05
11512.830247 8.970285e-01 1.071227e+00 1.313276e+00 3.153090e-02 -3.770362e-05 -4.953528e-05 4.780097e-05 -4.940563e-05
11517.830247 8.968277e-01 1.071775e+00 1.314136e+00 3.155985e-02 -4.276405e-05 -5.079210e-05 3.664370e-05 -5.584938e-05
11522.830247 8.958725e-01 1.071571e+00 1.312742e+00 3.137275e-02 -4.052410e-05 -5.061681e-05 5.095185e-05 -5.636904e-05
11527.830247 8.922395e-01 1.068388e+00 1.305862e+00 3.124704e-02 -3.694514e-05 -3.979832e-05 5.167981e-05 -6.261857e-05
11532.830247 8.899954e-01 1.066744e+00 1.298488e+00 3.136553e-02 -3.694704e-05 -4.662691e-05 5.600335e-05 -6.365038e-05
11534.000000 8.878062e-01 1.064260e+00 1.293941e+00 3.123691e-02 -3.739258e-05 -5.385519e-05 4.929850e-05 -6.622608e-05
11535.000000 8.913052e-01 1.068657e+00 1.297713e+00 3.096333e-02 -3.177504e-05 -4.892704e-05 5.725953e-05 -6.370133e-05
11536.000000 8.945749e-01 1.072547e+00 1.300623e+00 3.125789e-02 -3.457771e-05 -4.746770e-05 4.995876e-05 -6.406529e-05
11537.000000 8.893446e-01 1.066943e+00 1.291157e+00 3.141146e-02 -3.866138e-05 -5.591235e-05 6.137372e-05 -6.411332e-05
11538.000000 8.928744e-01 1.070917e+00 1.294012e+00 3.144201e-02 -4.372671e-05 -5.602814e-05 6.226474e-05 -6.635006e-05
11539.000000 8.871514e-01 1.064765e+00 1.283514e+00 3.149318e-02 -3.882083e-05 -5.446721e-05 5.547315e-05 -7.398657e-05
11540.000000 8.939002e-01 1.072509e+00 1.290164e+00 3.135053e-02 -3.057696e-05 -5.884214e-05 5.482802e-05 -6.914306e-05
11541.000000 8.978989e-01 1.077254e+00 1.293163e+00 3.190850e-02 -1.855451e-05 -6.036910e-05 4.941679e-05 -6.762416e-05
11541.200000 8.917996e-01 1.070223e+00 1.283448e+00 3.256341e-02 -1.446951e-05 -6.096351e-05 5.355331e-05 -6.131542e-05
11541.400000 9.156595e-01 1.099137e+00 1.317531e+00 3.385945e-02 -2.122412e-05 -6.157510e-05 5.311170e-05 -6.768748e-05
11541.600000 8.487224e-01 1.018464e+00 1.220411e+00 2.841631e-02 -1.665710e-05 -4.496362e-05 5.878902e-05 -7.127644e-05
11541.800000 9.031432e-01 1.083816e+00 1.297263e+00 3.091544e-02 -1.369679e-05 -5.574718e-05 5.439341e-05 -7.159298e-05
11542.000000 8.918003e-01 1.070807e+00 1.280739e+00 3.159469e-02 -1.381274e-05 -5.561654e-05 5.024898e-05 -7.720238e-05
11542.200000 8.736569e-01 1.049142e+00 1.253395e+00 2.954449e-02 -1.962756e-05 -5.654987e-05 5.186252e-05 -7.741686e-05
11542.400000 8.864692e-01 1.064231e+00 1.270653e+00 3.071020e-02 -1.667650e-05 -5.395531e-05 5.824960e-05 -7.038043e-05
11542.600000 9.006529e-01 1.081126e+00 1.291698e+00 3.300850e-02 -1.463746e-05 -6.517516e-05 4.980985e-05 -8.301473e-05
11542.800000 8.890189e-01 1.067131e+00 1.273613e+00 3.308712e-02 -1.814828e-05 -4.458295e-05 6.048572e-05 -6.646773e-05
11543.000000 9.041270e-01 1.085275e+00 1.293932e+00 3.105338e-02 -2.300024e-05 -3.968497e-05 5.707779e-05 -7.023788e-05
11543.200000 8.957004e-01 1.075705e+00 1.280903e+00 3.268284e-02 -1.973980e-05 -3.882892e-05 7.622436e-05 -6.478849e-05
11543.400000 8.293231e-01 9.956452e-01 1.184688e+00 3.035973e-02 -2.127993e-05 -3.779786e-05 6.354731e-05 -6.018671e-05
11543.600000 9.129136e-01 1.096495e+00 1.304755e+00 2.996806e-02 -1.593873e-05 -4.511454e-05 5.810926e-05 -6.719487e-05
11543.800000 8.972586e-01 1.077597e+00 1.281268e+00 3.054214e-02 -1.203745e-05 -5.007684e-05 5.274374e-05 -5.751791e-05
11544.000000 8.971615e-01 1.077319e+00 1.279883e+00 3.223622e-02 -1.121848e-05 -5.904569e-05 4.980733e-05 -6.630057e-05
11544.200000 8.953274e-01 1.075320e+00 1.275587e+00 3.085899e-02 -8.498016e-06 -5.580970e-05 4.669303e-05 -7.041479e-05
11544.400000 8.813618e-01 1.058215e+00 1.255168e+00 3.244597e-02 -6.455729e-06 -5.069363e-05 4.557709e-05 -5.305688e-05
11544.600000 8.987034e-01 1.079214e+00 1.278859e+00 3.149038e-02 -9.538656e-06 -5.630569e-05 4.132757e-05 -5.532601e-05
11544.800000 8.851587e-01 1.063651e+00 1.258014e+00 3.094015e-02 -9.795750e-06 -5.483546e-05 4.836381e-05 -5.270242e-05
11545.000000 8.825314e-01 1.060601e+00 1.253261e+00 3.058311e-02 -1.732263e-05 -5.196209e-05 4.728999e-05 -5.666172e-05
11545.200000 8.888477e-01 1.067229e+00 1.260713e+00 3.141192e-02 -3.419475e-05 -5.451370e-05 4.439341e-05 -7.289737e-05
11545.400000 8.954544e-01 1.075368e+00 1.269539e+00 3.290905e-02 -3.187518e-05 -5.617099e-05 5.366510e-05 -6.940495e-05
11545.600000 8.999588e-01 1.080386e+00 1.274966e+00 3.244858e-02 -2.610218e-05 -5.654598e-05 6.469365e-05 -5.219942e-05
11545.800000 8.984548e-01 1.079017e+00 1.271021e+00 3.258478e-02 -2.712682e-05 -6.012249e-05 7.164058e-05 -5.651494e-05
11546.000000 9.005236e-01 1.081474e+00 1.272848e+00 3.345229e-02 -2.905714e-05 -6.475592e-05 5.699309e-05 -5.842655e-05
11546.200000 8.910864e-01 1.070169e+00 1.257744e+00 3.261933e-02 -3.164956e-05 -6.244896e-05 5.947641e-05 -4.668605e-05
11546.400000 8.833635e-01 1.061429e+00 1.245110e+00 3.069078e-02 -3.515224e-05 -6.436532e-05 5.635933e-05 -4.992063e-05
11546.600000 8.774927e-01 1.055193e+00 1.234772e+00 3.144045e-02 -2.960017e-05 -6.483607e-05 6.830880e-05 -4.735393e-05
11546.800000 8.977841e-01 1.077651e+00 1.262694e+00 3.070528e-02 -2.410684e-05 -6.602749e-05 7.431425e-05 -4.570285e-05
11547.000000 8.746880e-01 1.051689e+00 1.228961e+00 3.010176e-02 -1.470059e-05 -7.386266e-05 5.901059e-05 -4.077037e-05
11547.200000 8.932230e-01 1.073093e+00 1.254357e+00 3.115920e-02 -2.519468e-05 -8.027367e-05 7.427991e-05 -3.811932e-05
11547.400000 9.044368e-01 1.086483e+00 1.267565e+00 3.204421e-02 -2.833018e-05 -7.765526e-05 6.232038e-05 -4.185204e-05
11547.600000 8.778779e-01 1.055098e+00 1.229334e+00 3.035316e-02 -3.009914e-05 -6.975572e-05 6.439731e-05 -4.211579e-05
11547.800000 9.007619e-01 1.083253e+00 1.259602e+00 3.329640e-02 -2.966502e-05 -6.441049e-05 6.536522e-05 -4.743618e-05
11548.000000 9.007701e-01 1.082514e+00 1.256943e+00 3.023345e-02 -3.456100e-05 -5.947183e-05 5.569115e-05 -4.141625e-05
11548.200000 8.864790e-01 1.064914e+00 1.235101e+00 3.133436e-02 -3.322509e-05 -5.675288e-05 5.865673e-05 -3.977370e-05
11548.400000 8.995101e-01 1.081484e+00 1.252297e+00 3.032875e-02 -3.555526e-05 -6.065652e-05 5.589350e-05 -5.877213e-05
11548.600000 9.077941e-01 1.090755e+00 1.263115e+00 3.235573e-02 -3.726479e-05 -5.003485e-05 4.844378e-05 -6.891782e-05
11548.800000 9.000689e-01 1.081366e+00 1.249239e+00 3.179891e-02 -3.148863e-05 -5.718010e-05 5.513128e-05 -6.765456e-05
11549.000000 8.749215e-01 1.051145e+00 1.211975e+00 3.140033e-02 -2.788326e-05 -5.468791e-05 4.672493e-05 -8.146166e-05
11549.200000 8.862226e-01 1.065337e+00 1.224950e+00 3.118749e-02 -3.446710e-05 -5.734377e-05 4.705307e-05 -7.159916e-05
11549.400000 8.875122e-01 1.065941e+00 1.225283e+00 3.081764e-02 -3.530488e-05 -5.242526e-05 5.050914e-05 -7.374895e-05
11549.600000 8.883793e-01 1.067212e+00 1.224677e+00 3.199315e-02 -3.701336e-05 -6.496890e-05 3.472402e-05 -7.223792e-05
11549.800000 9.003761e-01 1.081376e+00 1.238585e+00 3.163246e-02 -3.303263e-05 -5.720329e-05 3.894088e-05 -7.828727e-05
11550.000000 8.806132e-01 1.058150e+00 1.209116e+00 3.009642e-02 -2.891807e-05 -5.346761e-05 4.884671e-05 -5.602064e-05
11550.200000 8.966712e-01 1.077937e+00 1.228903e+00 3.144327e-02 -3.157939e-05 -5.590495e-05 5.075116e-05 -6.296318e-05
11550.400000 8.913174e-01 1.072159e+00 1.219327e+00 3.119525e-02 -3.005308e-05 -5.242137e-05 4.387548e-05 -5.878747e-05
11550.600000 8.948382e-01 1.076209e+00 1.221786e+00 3.159075e-02 -3.961188e-05 -5.078747e-05 4.601093e-05 -7.587898e-05
11550.800000 8.929854e-01 1.073486e+00 1.215831e+00 3.160246e-02 -3.766400e-05 -5.120287e-05 6.013071e-05 -6.680474e-05
11551.000000 8.977701e-01 1.078969e+00 1.219391e+00 3.120539e-02 -3.582405e-05 -4.531827e-05 4.725214e-05 -7.377355e-05
11551.200000 9.032829e-01 1.085034e+00 1.223795e+00 2.921654e-02 -2.936950e-05 -4.534152e-05 3.836023e-05 -7.631450e-05
11551.400000 8.968190e-01 1.078310e+00 1.213091e+00 3.266378e-02 -2.481855e-05 -4.935208e-05 4.416056e-05 -7.939670e-05
11551.600000 8.841069e-01 1.063667e+00 1.192858e+00 3.204520e-02 -3.722900e-05 -5.426754e-05 2.961228e-05 -7.993056e-05
11551.800000 8.933845e-01 1.074102e+00 1.201226e+00 3.089130e-02 -4.189497e-05 -5.831702e-05 3.725786e-05 -8.376725e-05
11552.000000 8.700850e-01 1.047203e+00 1.166516e+00 2.984934e-02 -3.724529e-05 -4.941027e-05 5.845398e-05 -7.226379e-05
11552.200000 8.889694e-01 1.069128e+00 1.188893e+00 3.069216e-02 -3.224423e-05 -6.344587e-05 6.352065e-05 -7.091734e-05
11552.400000 9.078384e-01 1.091749e+00 1.211201e+00 3.248573e-02 -3.765675e-05 -6.213908e-05 5.968128e-05 -7.736144e-05
11552.600000 8.813483e-01 1.060020e+00 1.171759e+00 3.048407e-02 -3.393333e-05 -5.872800e-05 5.873554e-05 -7.903083e-05
11552.800000 8.970886e-01 1.079060e+00 1.188657e+00 3.065478e-02 -3.686667e-05 -5.730734e-05 5.966198e-05 -7.287724e-05
11553.000000 8.861104e-01 1.066410e+00 1.169753e+00 3.247556e-02 -3.938055e-05 -5.404330e-05 6.071000e-05 -7.639456e-05
11553.200000 8.919508e-01 1.072717e+00 1.173498e+00 3.113148e-02 -3.571469e-05 -5.635513e-05 6.086583e-05 -6.880692e-05
11553.400000 9.091251e-01 1.092480e+00 1.191637e+00 3.138323e-02 -3.700294e-05 -6.416944e-05 5.860942e-05 -7.256519e-05
11553.600000 8.875537e-01 1.067230e+00 1.158516e+00 3.335566e-02 -3.277376e-05 -5.970800e-05 5.726300e-05 -5.876135e-05
11553.800000 8.929607e-01 1.074048e+00 1.161541e+00 3.146709e-02 -2.140098e-05 -4.806557e-05 5.459944e-05 -6.204889e-05
11554.000000 9.009539e-01 1.083811e+00 1.166669e+00 2.951977e-02 -3.424283e-05 -4.450651e-05 5.193487e-05 -7.142804e-05
11554.200000 8.874318e-01 1.067700e+00 1.143953e+00 3.091674e-02 -3.419507e-05 -4.896799e-05 5.214672e-05 -5.600465e-05
11554.400000 8.776211e-01 1.056036e+00 1.126143e+00 3.151944e-02 -3.105470e-05 -5.556299e-05 6.005599e-05 -5.686778e-05
11554.600000 8.950936e-01 1.077180e+00 1.143064e+00 3.279842e-02 -3.203105e-05 -6.090969e-05 5.977671e-05 -5.303067e-05
11554.800000 8.838081e-01 1.063027e+00 1.123297e+00 3.117770e-02 -3.800371e-05 -5.903270e-05 5.284610e-05 -5.753493e-05
11555.000000 8.952972e-01 1.077034e+00 1.132243e+00 3.038419e-02 -3.784367e-05 -4.919049e-05 5.565431e-05 -6.920882e-05
11555.200000 8.958264e-01 1.077992e+00 1.126377e+00 3.120306e-02 -3.705518e-05 -5.981823e-05 4.969715e-05 -6.049661e-05
11555.400000 8.844652e-01 1.064762e+00 1.104807e+00 3.238861e-02 -2.903385e-05 -5.291706e-05 4.373353e-05 -7.134305e-05
11555.600000 8.747331e-01 1.053580e+00 1.086281e+00 3.047859e-02 -3.385128e-05 -6.040886e-05 4.441157e-05 -6.410738e-05
11555.800000 8.884817e-01 1.068452e+00 1.097112e+00 3.191966e-02 -3.951362e-05 -5.689348e-05 4.172396e-05 -6.807718e-05
11556.000000 8.966304e-01 1.078416e+00 1.099648e+00 3.111169e-02 -4.761497e-05 -6.497894e-05 6.034871e-05 -6.474975e-05
11556.200000 8.879816e-01 1.068380e+00 1.081133e+00 3.125984e-02 -5.315874e-05 -5.794935e-05 6.569366e-05 -6.144582e-05
11556.400000 8.884173e-01 1.068859e+00 1.074308e+00 3.100529e-02 -4.288236e-05 -5.078082e-05 5.138517e-05 -6.802447e-05
11556.600000 8.956393e-01 1.078108e+00 1.073770e+00 3.181883e-02 -4.494658e-05 -5.377398e-05 6.951850e-05 -5.760434e-05
11556.800000 8.775429e-01 1.056532e+00 1.043623e+00 3.064001e-02 -4.613224e-05 -4.651692e-05 6.850074e-05 -6.369327e-05
11557.000000 8.988381e-01 1.081450e+00 1.060381e+00 3.332218e-02 -5.063751e-05 -4.668202e-05 5.488978e-05 -5.882959e-05
11557.200000 8.864577e-01 1.067080e+00 1.036071e+00 3.094721e-02 -5.179302e-05 -4.470449e-05 4.223950e-05 -6.290005e-05
11557.400000 8.782411e-01 1.056938e+00 1.017343e+00 3.046095e-02 -4.076364e-05 -4.426465e-05 3.499051e-05 -5.619772e-05
11557.600000 8.957066e-01 1.078775e+00 1.026108e+00 3.062456e-02 -3.550697e-05 -5.726132e-05 4.733508e-05 -6.008707e-05
11557.800000 8.564008e-01 1.032267e+00 9.692670e-01 2.998233e-02 -2.959434e-05 -5.478257e-05 5.291144e-05 -6.585064e-05
11558.000000 8.981494e-01 1.080831e+00 1.005215e+00 3.211085e-02 -2.822664e-05 -4.468089e-05 3.928389e-05 -7.855421e-05
11558.200000 8.962912e-01 1.079065e+00 9.906589e-01 3.162616e-02 -3.540343e-05 -4.238142e-05 5.330529e-05 -8.393831e-05
11558.400000 8.826375e-01 1.062485e+00 9.634143e-01 3.094083e-02 -4.117276e-05 -4.974591e-05 5.066183e-05 -7.512476e-05
11558.600000 8.933196e-01 1.076062e+00 9.606599e-01 3.122253e-02 -3.904571e-05 -4.840967e-05 3.471580e-05 -7.475341e-05
11558.800000 8.854809e-01 1.066664e+00 9.377917e-01 3.166654e-02 -4.147374e-05 -5.031402e-05 3.413620e-05 -8.982909e-05
11559.000000 8.830899e-01 1.063492e+00 9.193620e-01 3.104008e-02 -4.597946e-05 -5.937247e-05 4.271403e-05 -8.307635e-05
11559.200000 8.924103e-01 1.073924e+00 9.145733e-01 3.239241e-02 -4.470928e-05 -5.842204e-05 4.169180e-05 -8.518590e-05
11559.400000 8.950366e-01 1.077401e+00 9.010018e-01 3.168264e-02 -4.140936e-05 -6.204345e-05 4.798668e-05 -6.529281e-05
11559.600000 8.910337e-01 1.071516e+00 8.789777e-01 3.120500e-02 -4.659083e-05 -5.865823e-05 4.052962e-05 -6.480294e-05
11559.800000 8.878402e-01 1.069126e+00 8.556207e-01 3.141279e-02 -5.029465e-05 -5.443852e-05 4.671500e-05 -6.318880e-05
11560.000000 8.836705e-01 1.064509e+00 8.326855e-01 3.173839e-02 -4.445965e-05 -5.976968e-05 4.048721e-05 -6.795471e-05
11560.200000 8.989613e-01 1.082141e+00 8.279600e-01 3.192891e-02 -4.824659e-05 -6.986368e-05 3.305343e-05 -7.630226e-05
11560.400000 8.891376e-01 1.070877e+00 7.968945e-01 3.170980e-02 -5.382543e-05 -6.058413e-05 3.569784e-05 -7.531056e-05
11560.600000 8.816168e-01 1.061912e+00 7.671773e-01 3.068905e-02 -4.590560e-05 -6.233633e-05 3.595604e-05 -7.619170e-05
11560.800000 8.833426e-01 1.063812e+00 7.437068e-01 3.092165e-02 -5.071556e-05 -5.701705e-05 3.214387e-05 -7.574786e-05
11561.000000 8.941388e-01 1.076785e+00 7.290814e-01 3.186496e-02 -5.499718e-05 -5.165910e-05 4.437146e-05 -7.044573e-05
11561.200000 8.893175e-01 1.071003e+00 6.982368e-01 3.198977e-02 -5.443625e-05 -4.693065e-05 3.053032e-05 -8.351281e-05
11561.400000 8.925632e-01 1.074401e+00 6.742388e-01 3.114246e-02 -5.511109e-05 -4.253425e-05 2.429649e-05 -8.526005e-05
11561.600000 8.773364e-01 1.057221e+00 6.341136e-01 3.095330e-02 -5.289899e-05 -4.119900e-05 3.099822e-05 -7.893891e-05
11561.800000 8.891410e-01 1.070898e+00 6.141304e-01 3.075028e-02 -5.842044e-05 -4.700992e-05 3.281446e-05 -7.219937e-05
11562.000000 8.969401e-01 1.079730e+00 5.944120e-01 3.174111e-02 -6.191561e-05 -5.391209e-05 4.469505e-05 -6.873121e-05
11562.200000 9.019619e-01 1.086309e+00 5.645093e-01 3.205150e-02 -5.517752e-05 -5.574723e-05 4.531298e-05 -6.723143e-05
11562.400000 8.956142e-01 1.078440e+00 5.274329e-01 3.273187e-02 -5.667537e-05 -5.863768e-05 3.834214e-05 -7.424032e-05
11562.600000 8.922187e-01 1.074407e+00 4.926812e-01 3.142156e-02 -5.149123e-05 -5.546008e-05 5.501684e-05 -6.301730e-05
11562.800000 8.903202e-01 1.072222e+00 4.610479e-01 3.082750e-02 -5.776012e-05 -5.536969e-05 5.603714e-05 -6.481297e-05
11563.000000 8.979600e-01 1.082033e+00 4.326701e-01 3.173000e-02 -5.985940e-05 -4.635335e-05 4.511694e-05 -6.674170e-05
11563.200000 8.797358e-01 1.060815e+00 3.924110e-01 3.152394e-02 -5.997866e-05 -5.596686e-05 5.045229e-05 -5.529558e-05
11563.400000 8.934384e-01 1.076547e+00 3.713376e-01 3.198962e-02 -5.924004e-05 -5.301445e-05 5.410497e-05 -4.878396e-05
11563.600000 8.939133e-01 1.076444e+00 3.450576e-01 3.152738e-02 -5.496090e-05 -4.928351e-05 4.210506e-05 -5.593815e-05
11563.800000 8.896566e-01 1.071653e+00 3.146146e-01 3.079398e-02 -5.379491e-05 -5.078719e-05 4.305274e-05 -5.748292e-05
11564.000000 8.898214e-01 1.071849e+00 2.884919e-01 3.116961e-02 -5.832030e-05 -5.512016e-05 4.737900e-05 -5.210782e-05
11564.200000 8.896430e-01 1.071959e+00 2.639364e-01 3.203264e-02 -4.886056e-05 -5.623342e-05 5.139059e-05 -5.497572e-05
11564.400000 8.893777e-01 1.071574e+00 2.422041e-01 3.172516e-02 -5.016565e-05 -4.547051e-05 5.684167e-05 -5.878342e-05
11564.600000 8.973630e-01 1.081316e+00 2.245860e-01 3.159894e-02 -5.787120e-05 -5.352310e-05 6.009335e-05 -5.891090e-05
11564.800000 8.864953e-01 1.068284e+00 2.052130e-01 3.281339e-02 -5.354012e-05 -5.322137e-05 6.115952e-05 -5.673048e-05
11565.000000 8.885975e-01 1.070690e+00 1.899913e-01 3.130503e-02 -5.317349e-05 -5.474884e-05 5.901812e-05 -5.343016e-05
11565.200000 8.920957e-01 1.074422e+00 1.776430e-01 3.214365e-02 -4.962192e-05 -5.805933e-05 4.985128e-05 -5.642851e-05
11565.400000 8.959637e-01 1.079622e+00 1.673181e-01 3.117436e-02 -3.863738e-05 -5.743002e-05 5.411801e-05 -6.229842e-05
11565.600000 8.844122e-01 1.066369e+00 1.555655e-01 3.096070e-02 -3.141179e-05 -4.733720e-05 6.034584e-05 -5.535272e-05
11565.800000 8.768818e-01 1.057048e+00 1.468274e-01 3.135762e-02 -2.223238e-05 -4.992733e-05 6.314091e-05 -4.958022e-05
11566.000000 8.921881e-01 1.075625e+00 1.443033e-01 3.203056e-02 -2.955752e-05 -5.477032e-05 5.697725e-05 -6.602341e-05
11566.200000 8.874396e-01 1.069800e+00 1.390934e-01 3.214131e-02 -4.030856e-05 -5.531477e-05 4.025860e-05 -6.911115e-05
11566.400000 8.886420e-01 1.070948e+00 1.366077e-01 3.147296e-02 -3.645089e-05 -6.562672e-05 4.358479e-05 -7.431754e-05
11566.600000 8.986297e-01 1.083048e+00 1.366189e-01 3.099403e-02 -4.989292e-05 -6.410808e-05 3.907672e-05 -7.165712e-05
11566.800000 8.933279e-01 1.076864e+00 1.353637e-01 3.099673e-02 -4.075603e-05 -6.622926e-05 4.897139e-05 -7.528194e-05
11567.000000 8.937956e-01 1.077210e+00 1.359863e-01 3.141118e-02 -3.431998e-05 -6.774448e-05 4.691190e-05 -7.113977e-05
11567.200000 8.875303e-01 1.069466e+00 1.364355e-01 3.144406e-02 -3.339795e-05 -5.949395e-05 4.143107e-05 -6.948357e-05
11567.400000 8.954345e-01 1.079165e+00 1.394297e-01 3.147962e-02 -2.904324e-05 -5.638612e-05 3.702938e-05 -6.512238e-05
11567.600000 8.898266e-01 1.072582e+00 1.411329e-01 3.142908e-02 -3.205454e-05 -4.982187e-05 3.438561e-05 -4.544399e-05
11567.800000 8.864827e-01 1.069304e+00 1.437128e-01 3.137703e-02 -2.903883e-05 -3.920025e-05 3.294616e-05 -4.985047e-05
11568.000000 8.884132e-01 1.071159e+00 1.473147e-01 3.197173e-02 -2.821139e-05 -3.593410e-05 4.087752e-05 -4.593508e-05
11568.200000 8.948928e-01 1.078775e+00 1.518179e-01 3.112024e-02 -3.543532e-05 -4.254694e-05 3.614017e-05 -5.782264e-05
11568.400000 8.874499e-01 1.070524e+00 1.545956e-01 3.179559e-02 -2.886252e-05 -5.131120e-05 2.726798e-05 -6.757883e-05
11568.600000 8.856428e-01 1.067913e+00 1.581415e-01 3.161559e-02 -3.282202e-05 -4.842383e-05 2.748999e-05 -7.775557e-05
11568.800000 8.916224e-01 1.075128e+00 1.629689e-01 3.127559e-02 -3.155826e-05 -5.903616e-05 2.880163e-05 -6.618903e-05
11569.000000 8.943335e-01 1.078197e+00 1.673654e-01 3.153531e-02 -3.312757e-05 -6.652826e-05 2.231330e-05 -6.726376e-05
11569.200000 8.872033e-01 1.070137e+00 1.701516e-01 3.144180e-02 -4.160042e-05 -6.211241e-05 2.073298e-05 -6.519849e-05
11569.400000 8.893320e-01 1.072386e+00 1.744075e-01 3.142306e-02 -4.818442e-05 -6.409666e-05 2.937529e-05 -7.414861e-05
11569.600000 8.886835e-01 1.071523e+00 1.781343e-01 3.109774e-02 -4.443488e-05 -5.021360e-05 6.092550e-05 -6.834400e-05
11569.800000 8.888839e-01 1.072030e+00 1.819936e-01 3.114800e-02 -4.143215e-05 -4.666614e-05 6.667047e-05 -6.563902e-05
11570.000000 8.891193e-01 1.072545e+00 1.855402e-01 3.152156e-02 -3.148269e-05 -4.384884e-05 4.737197e-05 -6.898935e-05
11570.200000 8.901529e-01 1.074048e+00 1.892054e-01 3.142219e-02 -3.790783e-05 -4.867763e-05 4.552122e-05 -4.565385e-05
11570.400000 8.890779e-01 1.072598e+00 1.922851e-01 3.166784e-02 -4.306684e-05 -5.317691e-05 5.257019e-05 -5.345380e-05
11570.600000 8.910749e-01 1.074777e+00 1.959314e-01 3.157950e-02 -4.503843e-05 -4.884714e-05 5.512512e-05 -5.275996e-05
11570.800000 8.878455e-01 1.071065e+00 1.983911e-01 3.155501e-02 -4.910651e-05 -4.542075e-05 5.019090e-05 -6.781428e-05
11571.000000 8.900800e-01 1.073646e+00 2.015992e-01 3.160715e-02 -4.129391e-05 -4.860232e-05 6.295134e-05 -7.023920e-05
11571.200000 8.899357e-01 1.073481e+00 2.041862e-01 3.172589e-02 -4.436392e-05 -4.950672e-05 5.591951e-05 -5.045469e-05
11571.400000 8.875776e-01 1.071086e+00 2.064932e-01 3.115521e-02 -4.149021e-05 -4.995192e-05 5.659612e-05 -5.047990e-05
11571.600000 8.898687e-01 1.073674e+00 2.095245e-01 3.131313e-02 -3.406248e-05 -4.647297e-05 6.142345e-05 -4.991965e-05
11571.800000 8.911566e-01 1.075064e+00 2.122804e-01 3.259580e-02 -2.525044e-05 -5.282476e-05 5.575789e-05 -5.305017e-05
11572.000000 8.915351e-01 1.075445e+00 2.147068e-01 3.204035e-02 -2.988322e-05 -5.833338e-05 5.321255e-05 -5.119593e-05
11572.200000 8.913838e-01 1.075582e+00 2.170102e-01 3.175449e-02 -3.631839e-05 -6.071117e-05 5.880396e-05 -5.462996e-05
11572.400000 8.908550e-01 1.075050e+00 2.190358e-01 3.135718e-02 -2.168856e-05 -5.856902e-05 6.408260e-05 -6.117972e-05
11572.600000 8.889287e-01 1.072390e+00 2.206502e-01 3.124071e-02 -2.603750e-05 -6.278964e-05 6.171990e-05 -5.410786e-05
11572.800000 8.883730e-01 1.071827e+00 2.226635e-01 3.187595e-02 -3.489045e-05 -6.730205e-05 7.418219e-05 -5.069586e-05
11573.000000 8.886705e-01 1.072257e+00 2.247723e-01 3.160349e-02 -5.129125e-05 -6.580051e-05 6.217236e-05 -5.642700e-05
11573.200000 8.885920e-01 1.071998e+00 2.265566e-01 3.186797e-02 -4.278754e-05 -7.271196e-05 6.259833e-05 -5.014071e-05
11573.400000 8.867190e-01 1.069914e+00 2.280178e-01 3.156939e-02 -4.127310e-05 -6.735849e-05 6.729472e-05 -5.736388e-05
11573.600000 8.839128e-01 1.066919e+00 2.290614e-01 3.135789e-02 -3.842805e-05 -6.639718e-05 5.592518e-05 -6.985946e-05
11573.800000 8.872467e-01 1.071068e+00 2.315565e-01 3.154917e-02 -4.844556e-05 -6.790645e-05 6.275175e-05 -6.408748e-05
11574.000000 8.857636e-01 1.068981e+00 2.326670e-01 3.171345e-02 -4.456317e-05 -6.638431e-05 5.991322e-05 -6.522213e-05
11574.200000 8.875295e-01 1.071396e+00 2.342782e-01 3.112191e-02 -4.132497e-05 -6.406315e-05 6.052272e-05 -5.781070e-05
11574.400000 8.873201e-01 1.071593e+00 2.354683e-01 3.161807e-02 -4.503522e-05 -6.352123e-05 6.055489e-05 -5.932656e-05
11574.600000 8.862719e-01 1.070313e+00 2.362727e-01 3.123305e-02 -5.052654e-05 -6.524966e-05 5.552667e-05 -5.991808e-05
11574.800000 8.870418e-01 1.071176e+00 2.373880e-01 3.124377e-02 -5.052710e-05 -5.111132e-05 7.141521e-05 -6.995968e-05
11575.000000 8.930148e-01 1.078085e+00 2.397123e-01 3.148029e-02 -4.156015e-05 -5.257262e-05 5.752040e-05 -6.908158e-05
11575.200000 8.923539e-01 1.077230e+00 2.400522e-01 3.174591e-02 -4.392952e-05 -6.470894e-05 6.274413e-05 -6.946928e-05
11575.400000 8.869164e-01 1.071305e+00 2.391507e-01 3.196930e-02 -4.231462e-05 -6.943100e-05 6.274775e-05 -6.919976e-05
11575.600000 8.912752e-01 1.076110e+00 2.403595e-01 3.172428e-02 -4.231430e-05 -8.214677e-05 6.480802e-05 -6.840432e-05
11575.800000 8.836892e-01 1.067232e+00 2.384620e-01 3.161216e-02 -4.281168e-05 -8.325678e-05 5.912925e-05 -6.562504e-05
11576.000000 8.874456e-01 1.071637e+00 2.394685e-01 3.143244e-02 -4.366839e-05 -7.406890e-05 5.434706e-05 -6.189785e-05
11576.200000 8.870250e-01 1.071380e+00 2.391273e-01 3.161625e-02 -3.671465e-05 -7.360132e-05 6.548130e-05 -6.202776e-05
11576.400000 8.898965e-01 1.074611e+00 2.392828e-01 3.116968e-02 -2.973283e-05 -7.687909e-05 6.710681e-05 -6.437298e-05
11576.600000 8.848957e-01 1.069005e+00 2.375266e-01 3.167544e-02 -2.639728e-05 -7.546583e-05 6.624311e-05 -6.530215e-05
11576.800000 8.860592e-01 1.069879e+00 2.371204e-01 3.163666e-02 -2.882433e-05 -7.065022e-05 7.240665e-05 -6.489774e-05
11577.000000 8.976845e-01 1.083596e+00 2.394938e-01 3.197116e-02 -4.456600e-05 -6.874973e-05 6.408396e-05 -6.257033e-05
11577.200000 8.861996e-01 1.070844e+00 2.354522e-01 3.116221e-02 -5.142061e-05 -5.793401e-05 6.588651e-05 -6.924547e-05
11577.400000 8.869553e-01 1.071584e+00 2.345012e-01 3.188309e-02 -4.866988e-05 -5.947708e-05 6.076638e-05 -6.802135e-05
11577.600000 8.898826e-01 1.074747e+00 2.345317e-01 3.147615e-02 -3.568549e-05 -6.786463e-05 5.964173e-05 -5.212777e-05
11577.800000 8.837099e-01 1.067734e+00 2.316445e-01 3.024632e-02 -3.637548e-05 -7.181768e-05 5.304707e-05 -5.856252e-05
11578.000000 8.960430e-01 1.082222e+00 2.339748e-01 3.135695e-02 -3.397351e-05 -8.245778e-05 5.590364e-05 -6.375088e-05
11578.200000 8.888665e-01 1.073835e+00 2.309052e-01 3.193138e-02 -3.745030e-05 -7.604179e-05 4.735936e-05 -6.735684e-05
11578.400000 8.976645e-01 1.084023e+00 2.318568e-01 3.168117e-02 -3.617792e-05 -7.120212e-05 6.325485e-05 -5.903365e-05
11578.600000 8.886512e-01 1.073580e+00 2.282596e-01 3.144095e-02 -2.751891e-05 -6.371223e-05 6.749308e-05 -5.472108e-05
11578.800000 8.887964e-01 1.073604e+00 2.271176e-01 3.169614e-02 -2.783477e-05 -6.621907e-05 7.852192e-05 -5.377580e-05
11579.000000 8.801722e-01 1.063828e+00 2.238486e-01 3.116204e-02 -2.852791e-05 -6.542663e-05 7.493632e-05 -5.929472e-05
11579.200000 8.851966e-01 1.069437e+00 2.240272e-01 3.156501e-02 -3.740652e-05 -6.866182e-05 7.442208e-05 -5.821922e-05
11579.400000 8.922558e-01 1.077630e+00 2.249279e-01 3.232835e-02 -4.184713e-05 -7.380114e-05 7.536816e-05 -5.933056e-05
11579.600000 8.910582e-01 1.076106e+00 2.235083e-01 3.106974e-02 -4.465600e-05 -7.157718e-05 7.978423e-05 -5.876797e-05
11579.800000 8.785778e-01 1.061790e+00 2.198714e-01 3.139604e-02 -3.527276e-05 -6.838855e-05 8.261758e-05 -5.155953e-05
11580.000000 8.809803e-01 1.065097e+00 2.200128e-01 3.073632e-02 -3.709846e-05 -7.157039e-05 6.759016e-05 -5.046992e-05
11580.200000 8.902902e-01 1.075979e+00 2.217821e-01 3.120421e-02 -3.705149e-05 -6.849578e-05 7.224141e-05 -4.979861e-05
11580.400000 8.822995e-01 1.066258e+00 2.193857e-01 3.171098e-02 -4.139594e-05 -6.364551e-05 6.508961e-05 -4.886054e-05
11580.600000 8.813814e-01 1.065037e+00 2.190883e-01 3.097943e-02 -4.929700e-05 -6.481184e-05 6.610473e-05 -5.528282e-05
11580.800000 8.937673e-01 1.079758e+00 2.222942e-01 3.201962e-02 -4.977733e-05 -5.708227e-05 7.317037e-05 -5.027340e-05
11581.000000 8.887032e-01 1.073779e+00 2.210489e-01 3.131610e-02 -5.480496e-05 -4.671427e-05 8.041546e-05 -4.989925e-05
11581.200000 8.840900e-01 1.068299e+00 2.205560e-01 3.063193e-02 -5.076511e-05 -6.080743e-05 7.663304e-05 -5.349472e-05
11581.400000 8.919664e-01 1.077991e+00 2.233296e-01 3.293373e-02 -5.019462e-05 -6.698882e-05 7.411970e-05 -7.462452e-05
11581.600000 8.889573e-01 1.075165e+00 2.232699e-01 3.136380e-02 -4.374822e-05 -6.495567e-05 6.650275e-05 -7.799183e-05
11581.800000 8.696516e-01 1.052580e+00 2.193180e-01 3.105346e-02 -4.387010e-05 -5.779041e-05 6.212753e-05 -7.711008e-05
11582.000000 8.873502e-01 1.072794e+00 2.248362e-01 3.269333e-02 -4.789317e-05 -5.389693e-05 7.009083e-05 -6.661588e-05
11582.200000 8.810055e-01 1.065330e+00 2.244628e-01 3.118522e-02 -4.205809e-05 -5.985164e-05 6.343125e-05 -7.005678e-05
11582.400000 8.795610e-01 1.063276e+00 2.249486e-01 3.099192e-02 -3.826903e-05 -5.498189e-05 6.194255e-05 -6.336497e-05
11582.600000 8.900688e-01 1.075900e+00 2.291761e-01 3.154802e-02 -4.345216e-05 -4.676860e-05 6.902445e-05 -6.526660e-05
11582.800000 8.868006e-01 1.072049e+00 2.297982e-01 3.286638e-02 -3.347653e-05 -5.000853e-05 7.031166e-05 -5.814674e-05
11583.000000 8.891001e-01 1.075407e+00 2.318893e-01 3.256881e-02 -3.461137e-05 -4.768006e-05 7.648637e-05 -5.211623e-05
11583.200000 8.825173e-01 1.067551e+00 2.318845e-01 3.161062e-02 -3.869739e-05 -6.113667e-05 7.248140e-05 -5.295321e-05
11583.400000 8.803644e-01 1.064745e+00 2.326629e-01 3.086496e-02 -3.641281e-05 -5.314418e-05 6.625660e-05 -5.320886e-05
11583.600000 8.882132e-01 1.073938e+00 2.361557e-01 3.117321e-02 -4.869267e-05 -6.033308e-05 7.253850e-05 -4.998498e-05
11583.800000 8.855091e-01 1.070653e+00 2.366827e-01 3.170669e-02 -4.550150e-05 -6.328642e-05 7.833752e-05 -4.722877e-05
11584.000000 8.782473e-01 1.062301e+00 2.361054e-01 3.083229e-02 -4.922606e-05 -5.239551e-05 8.426685e-05 -4.850977e-05
11584.200000 8.858864e-01 1.071294e+00 2.391286e-01 3.161537e-02 -4.255884e-05 -4.601660e-05 7.971806e-05 -5.080779e-05
11584.400000 8.865232e-01 1.072461e+00 2.405162e-01 3.135822e-02 -4.517249e-05 -4.253402e-05 7.376756e-05 -6.541739e-05
11584.600000 8.873430e-01 1.073833e+00 2.419079e-01 3.128287e-02 -4.515967e-05 -4.755975e-05 7.417034e-05 -7.168231e-05
11584.800000 8.822398e-01 1.067585e+00 2.409764e-01 3.088079e-02 -4.474006e-05 -4.690076e-05 7.654959e-05 -7.830132e-05
11585.000000 8.945582e-01 1.081511e+00 2.450454e-01 3.270104e-02 -4.659869e-05 -4.523536e-05 8.092833e-05 -8.949455e-05
11585.200000 8.886286e-01 1.074516e+00 2.442104e-01 3.157811e-02 -4.411093e-05 -4.269801e-05 6.829550e-05 -6.198362e-05
11585.400000 8.811006e-01 1.066040e+00 2.423343e-01 3.100207e-02 -5.044161e-05 -3.859051e-05 6.936592e-05 -5.522149e-05
11585.600000 8.731698e-01 1.057091e+00 2.406563e-01 3.109521e-02 -5.465918e-05 -3.104334e-05 8.003853e-05 -4.977023e-05
11585.800000 8.833789e-01 1.069048e+00 2.437703e-01 3.158866e-02 -5.037373e-05 -3.276780e-05 7.592522e-05 -5.712974e-05
11586.000000 8.869135e-01 1.072485e+00 2.448330e-01 3.111030e-02 -4.824670e-05 -3.268061e-05 7.738528e-05 -5.085311e-05
11586.200000 8.834486e-01 1.068860e+00 2.443484e-01 3.019930e-02 -3.921831e-05 -4.658416e-05 6.141094e-05 -5.179155e-05
11586.400000 8.872952e-01 1.073703e+00 2.454917e-01 3.110027e-02 -2.988530e-05 -5.030573e-05 7.025095e-05 -5.884913e-05
11586.600000 8.749050e-01 1.058568e+00 2.420160e-01 3.284777e-02 -3.983702e-05 -4.268146e-05 8.385744e-05 -6.721529e-05
11586.800000 8.945276e-01 1.081801e+00 2.474628e-01 3.172010e-02 -4.184791e-05 -4.142793e-05 8.000302e-05 -7.672975e-05
11587.000000 8.916888e-01 1.079116e+00 2.466474e-01 3.057674e-02 -3.504340e-05 -4.607570e-05 8.850535e-05 -6.446727e-05
11587.200000 8.746420e-01 1.058437e+00 2.417981e-01 3.185872e-02 -4.310800e-05 -4.291809e-05 8.072916e-05 -7.489993e-05
11587.400000 8.912327e-01 1.078467e+00 2.459173e-01 3.238656e-02 -4.335397e-05 -3.892430e-05 8.025824e-05 -7.306162e-05
11587.600000 8.840963e-01 1.070059e+00 2.437552e-01 3.001804e-02 -3.882565e-05 -3.380413e-05 7.966656e-05 -5.772362e-05
11587.800000 8.856944e-01 1.072242e+00 2.440727e-01 3.131004e-02 -3.677089e-05 -4.045383e-05 8.597306e-05 -6.156072e-05
11588.000000 8.825558e-01 1.067539e+00 2.427068e-01 3.100932e-02 -3.203284e-05 -4.937113e-05 9.734370e-05 -6.648349e-05
11588.200000 8.918642e-01 1.079606e+00 2.447370e-01 3.273848e-02 -3.390658e-05 -5.376383e-05 8.976425e-05 -6.340928e-05
11588.400000 8.795123e-01 1.063939e+00 2.409342e-01 3.255495e-02 -3.378109e-05 -5.363887e-05 7.273692e-05 -6.305685e-05
11588.600000 8.812057e-01 1.066586e+00 2.407290e-01 3.149165e-02 -2.864680e-05 -5.295039e-05 6.774710e-05 -5.094645e-05
11588.800000 8.533546e-01 1.033883e+00 2.323586e-01 2.990228e-02 -1.858376e-05 -4.738594e-05 7.541685e-05 -5.420014e-05
11589.000000 8.971954e-01 1.085680e+00 2.435005e-01 3.322562e-02 -2.618282e-05 -5.666246e-05 7.954121e-05 -4.030578e-05
11589.200000 8.774074e-01 1.061635e+00 2.372850e-01 3.159660e-02 -3.161541e-05 -5.308661e-05 6.534752e-05 -4.666394e-05
11589.400000 8.834500e-01 1.069888e+00 2.380552e-01 3.063732e-02 -3.660360e-05 -4.804783e-05 5.932766e-05 -5.440765e-05
11589.600000 8.839863e-01 1.070312e+00 2.370374e-01 3.104605e-02 -3.815320e-05 -4.819669e-05 5.910110e-05 -4.600639e-05
11589.800000 8.704026e-01 1.054338e+00 2.316774e-01 3.315878e-02 -3.898241e-05 -4.711811e-05 5.448059e-05 -5.329057e-05
11590.000000 8.807811e-01 1.066243e+00 2.332717e-01 3.202809e-02 -2.671788e-05 -4.756189e-05 6.726163e-05 -4.888447e-05
11590.200000 8.922650e-01 1.079687e+00 2.351218e-01 3.119762e-02 -2.864718e-05 -4.734644e-05 7.932478e-05 -5.367664e-05
11590.400000 8.810338e-01 1.066489e+00 2.306261e-01 2.969477e-02 -3.531822e-05 -4.046706e-05 7.018368e-05 -6.248394e-05
11590.600000 8.842133e-01 1.070758e+00 2.300590e-01 3.221110e-02 -2.758678e-05 -4.257670e-05 6.909983e-05 -5.768005e-05
11590.800000 8.686847e-01 1.052606e+00 2.240858e-01 3.085271e-02 -1.763804e-05 -4.281641e-05 9.169392e-05 -6.448111e-05
11591.000000 8.782509e-01 1.063483e+00 2.247278e-01 3.045950e-02 -1.966451e-05 -3.856350e-05 8.702411e-05 -6.605995e-05
11591.200000 8.831780e-01 1.069785e+00 2.242729e-01 3.020785e-02 -2.353780e-05 -3.468927e-05 9.416130e-05 -5.913812e-05
11591.400000 8.552711e-01 1.035900e+00 2.156664e-01 3.280021e-02 -1.931002e-05 -3.896570e-05 9.410268e-05 -4.954762e-05
11591.600000 8.932665e-01 1.081478e+00 2.235636e-01 3.230371e-02 -2.745773e-05 -4.632286e-05 1.045000e-04 -5.433532e-05
11591.800000 8.810162e-01 1.067244e+00 2.189023e-01 3.118059e-02 -2.990656e-05 -4.209512e-05 8.797292e-05 -7.056504e-05
11592.000000 8.879889e-01 1.075645e+00 2.187269e-01 3.108420e-02 -2.392695e-05 -3.083620e-05 8.879153e-05 -7.059609e-05
11592.200000 8.765136e-01 1.061934e+00 2.139462e-01 3.046442e-02 -2.953396e-05 -3.257943e-05 8.626320e-05 -6.708976e-05
11592.400000 8.832847e-01 1.069702e+00 2.141043e-01 3.056206e-02 -2.552382e-05 -3.317408e-05 7.851193e-05 -6.332808e-05
11592.600000 8.770041e-01 1.062065e+00 2.108387e-01 3.317034e-02 -2.595243e-05 -4.522986e-05 8.485826e-05 -4.783090e-05
11592.800000 8.806196e-01 1.066630e+00 2.099750e-01 3.265650e-02 -3.031573e-05 -4.598321e-05 8.870771e-05 -5.265030e-05
11593.000000 8.827795e-01 1.069617e+00 2.092173e-01 3.003502e-02 -3.838908e-05 -4.357344e-05 8.825794e-05 -4.812757e-05
11593.200000 8.790501e-01 1.064318e+00 2.070600e-01 3.294783e-02 -4.643826e-05 -4.911230e-05 6.912304e-05 -5.353425e-05
11593.400000 8.831578e-01 1.069656e+00 2.066325e-01 3.082359e-02 -3.768415e-05 -4.856498e-05 6.114426e-05 -7.147634e-05
11593.600000 8.828556e-01 1.069591e+00 2.053341e-01 3.205212e-02 -3.360247e-05 -3.803903e-05 5.944332e-05 -8.041596e-05
11593.800000 8.810219e-01 1.066913e+00 2.042686e-01 3.160282e-02 -2.730832e-05 -4.033440e-05 6.010633e-05 -7.325244e-05
11594.000000 8.833892e-01 1.069943e+00 2.041454e-01 3.103644e-02 -3.218502e-05 -4.984590e-05 6.896366e-05 -7.935560e-05
11594.200000 8.751156e-01 1.059888e+00 2.017123e-01 3.088300e-02 -2.803852e-05 -3.869188e-05 7.845812e-05 -6.525178e-05
11594.400000 8.946620e-01 1.084297e+00 2.055922e-01 3.080692e-02 -3.035168e-05 -4.460094e-05 7.223592e-05 -8.509135e-05
11594.600000 8.975224e-01 1.086866e+00 2.062143e-01 3.291476e-02 -2.891476e-05 -4.793850e-05 7.697481e-05 -7.616437e-05
11594.800000 8.898015e-01 1.077364e+00 2.041361e-01 3.184683e-02 -2.709991e-05 -4.389493e-05 5.519239e-05 -6.889661e-05
11595.000000 8.806958e-01 1.067309e+00 2.020437e-01 3.067360e-02 -1.564578e-05 -4.356950e-05 5.600884e-05 -7.368515e-05
11595.200000 8.789188e-01 1.065330e+00 2.018626e-01 3.009572e-02 -1.672355e-05 -3.730715e-05 4.371956e-05 -7.816399e-05
11595.400000 8.808698e-01 1.067621e+00 2.028391e-01 3.078893e-02 -1.848350e-05 -3.260111e-05 5.471430e-05 -6.723439e-05
11595.600000 8.763149e-01 1.062024e+00 2.022245e-01 3.120471e-02 -1.998109e-05 -3.208917e-05 7.717183e-05 -6.550577e-05
11595.800000 8.796150e-01 1.065651e+00 2.034120e-01 3.256897e-02 -1.888656e-05 -3.587288e-05 8.994234e-05 -6.769915e-05
11596.000000 8.885843e-01 1.076377e+00 2.063549e-01 3.040240e-02 -3.398249e-05 -3.185156e-05 8.324212e-05 -7.246464e-05
11596.200000 8.877158e-01 1.075648e+00 2.070189e-01 3.219287e-02 -2.820828e-05 -3.151867e-05 7.174964e-05 -7.903265e-05
11596.400000 8.813948e-01 1.068336e+00 2.065308e-01 3.188736e-02 -2.840106e-05 -4.158998e-05 6.860627e-05 -7.702410e-05
11596.600000 8.522355e-01 1.033275e+00 2.006475e-01 2.906442e-02 -3.556891e-05 -4.473206e-05 7.880825e-05 -6.289599e-05
11596.800000 8.940198e-01 1.083132e+00 2.111990e-01 3.172936e-02 -4.508176e-05 -4.875728e-05 7.959890e-05 -6.526144e-05
11597.000000 8.821078e-01 1.069091e+00 2.095512e-01 3.113005e-02 -4.281947e-05 -4.984445e-05 7.152307e-05 -6.574649e-05
11597.700000 8.767059e-01 1.063296e+00 2.123634e-01 3.110016e-02 -3.666062e-05 -3.545527e-05 7.280910e-05 -6.471931e-05
11598.400000 8.828381e-01 1.070331e+00 2.179130e-01 3.135980e-02 -2.754288e-05 -4.341002e-05 6.787555e-05 -6.911703e-05
11599.100000 8.773560e-01 1.064116e+00 2.201995e-01 3.151779e-02 -2.407714e-05 -5.634398e-05 7.187732e-05 -7.228426e-05
11599.800000 8.795735e-01 1.066792e+00 2.240052e-01 3.113621e-02 -2.969517e-05 -5.125496e-05 6.263699e-05 -7.344273e-05
11600.500000 8.784498e-01 1.065985e+00 2.262053e-01 3.119049e-02 -2.911553e-05 -4.979238e-05 6.181580e-05 -6.089916e-05
11601.200000 8.824894e-01 1.070241e+00 2.289282e-01 3.132342e-02 -2.195526e-05 -5.508609e-05 6.668253e-05 -4.688823e-05
11601.900000 8.783709e-01 1.065713e+00 2.293264e-01 3.129311e-02 -3.221227e-05 -5.838456e-05 6.895863e-05 -5.740277e-05
11602.600000 8.797431e-01 1.067436e+00 2.308381e-01 3.147115e-02 -3.245320e-05 -5.806305e-05 7.712177e-05 -5.107096e-05
11603.300000 8.801693e-01 1.068167e+00 2.321944e-01 3.143349e-02 -2.662398e-05 -5.659533e-05 7.780969e-05 -4.731044e-05
11604.993695 8.797089e-01 1.067756e+00 2.358189e-01 3.138714e-02 -2.355122e-05 -5.855734e-05 8.754293e-05 -5.174497e-05
11605.999583 8.803788e-01 1.068714e+00 2.387002e-01 3.148664e-02 -1.758769e-05 -5.793815e-05 7.842581e-05 -5.325568e-05
11607.017662 8.812818e-01 1.070116e+00 2.414237e-01 3.155424e-02 -2.324189e-05 -5.098876e-05 8.197963e-05 -5.749770e-05
11608.047933 8.759950e-01 1.063987e+00 2.413963e-01 3.126434e-02 -2.124688e-05 -4.836710e-05 8.900567e-05 -5.609518e-05
11609.090396 8.776782e-01 1.066129e+00 2.417974e-01 3.125541e-02 -2.769744e-05 -5.489552e-05 8.229912e-05 -5.973384e-05
11610.145051 8.801001e-01 1.069275e+00 2.407889e-01 3.173711e-02 -3.444611e-05 -5.724582e-05 7.070735e-05 -6.850288e-05
11611.211898 8.795124e-01 1.068784e+00 2.377743e-01 3.155230e-02 -2.787577e-05 -6.157950e-05 6.533339e-05 -6.312286e-05
11612.290937 8.801868e-01 1.069770e+00 2.344385e-01 3.098630e-02 -1.936510e-05 -6.298564e-05 6.657200e-05 -7.012538e-05
11613.382167 8.780115e-01 1.067452e+00 2.295570e-01 3.124421e-02 -1.634719e-05 -6.316768e-05 6.607582e-05 -6.943284e-05
11614.485590 8.794486e-01 1.069047e+00 2.258729e-01 3.184985e-02 -1.033483e-05 -5.929350e-05 7.126381e-05 -6.733117e-05
11615.601204 8.770623e-01 1.066645e+00 2.207782e-01 3.179542e-02 -2.113623e-05 -5.413487e-05 7.386475e-05 -7.213568e-05
11616.729011 8.752045e-01 1.064676e+00 2.161103e-01 3.158779e-02 -2.603724e-05 -5.810955e-05 6.055776e-05 -7.816347e-05
11617.869009 8.793317e-01 1.069576e+00 2.137519e-01 3.110692e-02 -3.131827e-05 -6.676583e-05 6.515039e-05 -7.809871e-05
11619.021199 8.798987e-01 1.070684e+00 2.116064e-01 3.113957e-02 -3.683797e-05 -6.365317e-05 5.516668e-05 -7.209107e-05
11620.185582 8.707960e-01 1.060101e+00 2.083367e-01 3.093973e-02 -3.401419e-05 -5.810652e-05 5.366401e-05 -6.855001e-05
11621.362156 8.735952e-01 1.063432e+00 2.090836e-01 3.129905e-02 -3.343989e-05 -5.579001e-05 6.779951e-05 -7.254834e-05
11622.550922 8.763335e-01 1.067144e+00 2.110827e-01 3.198255e-02 -3.297299e-05 -4.740653e-05 6.850806e-05 -6.372367e-05
11623.751879 8.745229e-01 1.065349e+00 2.125744e-01 3.134243e-02 -2.785922e-05 -4.248398e-05 7.168708e-05 -5.723402e-05
11624.965029 8.735792e-01 1.064456e+00 2.142501e-01 3.167065e-02 -2.977172e-05 -4.297982e-05 6.381786e-05 -4.628260e-05
11626.190371 8.727964e-01 1.063541e+00 2.160987e-01 3.103242e-02 -3.437137e-05 -4.886641e-05 5.944201e-05 -5.997448e-05
11627.427904 8.749865e-01 1.066517e+00 2.186212e-01 3.138733e-02 -3.842256e-05 -4.813275e-05 6.315765e-05 -6.938558e-05
11628.677630 8.765392e-01 1.068318e+00 2.209260e-01 3.170986e-02 -3.795844e-05 -4.670584e-05 6.521075e-05 -7.768905e-05
11629.939547 8.749157e-01 1.066581e+00 2.224726e-01 3.173014e-02 -4.332553e-05 -5.030262e-05 4.677371e-05 -7.784959e-05
11631.213657 8.744950e-01 1.066421e+00 2.238975e-01 3.145070e-02 -4.272899e-05 -5.604399e-05 4.352697e-05 -6.650611e-05
11632.499958 8.724909e-01 1.064505e+00 2.247222e-01 3.166128e-02 -3.983343e-05 -5.660838e-05 5.225741e-05 -6.492657e-05
11633.798451 8.765452e-01 1.069581e+00 2.270834e-01 3.166375e-02 -4.103809e-05 -5.936798e-05 5.189598e-05 -5.657448e-05
11635.109136 8.742895e-01 1.067014e+00 2.279280e-01 3.111582e-02 -3.665805e-05 -5.714742e-05 5.875034e-05 -5.844338e-05
11636.432013 8.740519e-01 1.066957e+00 2.297545e-01 3.183708e-02 -3.200883e-05 -5.707587e-05 5.261733e-05 -6.179353e-05
11637.767082 8.730301e-01 1.066068e+00 2.319697e-01 3.164174e-02 -4.560162e-05 -5.679041e-05 6.390538e-05 -6.121425e-05
11639.114342 8.735614e-01 1.066905e+00 2.349476e-01 3.145614e-02 -5.471391e-05 -5.398928e-05 6.124015e-05 -5.873032e-05
11640.473795 8.728378e-01 1.066278e+00 2.378453e-01 3.125954e-02 -5.637405e-05 -3.689154e-05 5.803174e-05 -5.478773e-05
11641.845440 8.721197e-01 1.065555e+00 2.406851e-01 3.109734e-02 -5.305119e-05 -3.193977e-05 6.319508e-05 -5.331200e-05
11643.229276 8.727339e-01 1.066656e+00 2.435221e-01 3.175778e-02 -5.334801e-05 -3.567725e-05 5.909487e-05 -6.759627e-05
11644.625305 8.725148e-01 1.066720e+00 2.455777e-01 3.123682e-02 -4.294636e-05 -2.661394e-05 5.836358e-05 -6.881928e-05
11646.033525 8.716663e-01 1.065706e+00 2.467978e-01 3.160283e-02 -4.617944e-05 -3.607158e-05 6.053531e-05 -5.070176e-05
11647.453937 8.700911e-01 1.064324e+00 2.475499e-01 3.193549e-02 -4.893676e-05 -3.890193e-05 5.921612e-05 -6.157347e-05
11648.886541 8.697248e-01 1.063861e+00 2.479669e-01 3.112704e-02 -4.155131e-05 -3.898114e-05 5.741305e-05 -7.459679e-05
11650.331337 8.676828e-01 1.061843e+00 2.475262e-01 3.165763e-02 -4.525061e-05 -4.669075e-05 4.475809e-05 -7.106531e-05
11651.788325 8.703577e-01 1.065415e+00 2.475243e-01 3.148814e-02 -5.270502e-05 -4.514838e-05 4.543080e-05 -6.507645e-05
11653.257505 8.688295e-01 1.063721e+00 2.455078e-01 3.098146e-02 -5.397088e-05 -4.246841e-05 6.079247e-05 -5.902648e-05
11654.738877 8.712484e-01 1.066670e+00 2.437049e-01 3.112166e-02 -4.337741e-05 -4.421501e-05 5.945643e-05 -6.598502e-05
11656.232440 8.697382e-01 1.065307e+00 2.404303e-01 3.110293e-02 -3.828413e-05 -4.026776e-05 5.873382e-05 -8.103920e-05
11657.738196 8.697007e-01 1.065531e+00 2.374577e-01 3.137313e-02 -4.060886e-05 -3.752048e-05 5.914010e-05 -8.394710e-05
11659.256143 8.680127e-01 1.063687e+00 2.343220e-01 3.119653e-02 -4.160455e-05 -5.070790e-05 6.088645e-05 -7.816618e-05
11660.786283 8.687963e-01 1.065087e+00 2.324372e-01 3.147145e-02 -4.007659e-05 -5.173197e-05 7.105207e-05 -6.657867e-05
11662.328614 8.677675e-01 1.064326e+00 2.307072e-01 3.194114e-02 -3.872301e-05 -4.609835e-05 6.372933e-05 -7.349808e-05
11663.883137 8.680072e-01 1.064701e+00 2.300618e-01 3.118455e-02 -4.226913e-05 -5.150190e-05 4.711788e-05 -6.449816e-05
11665.449852 8.679979e-01 1.064855e+00 2.300863e-01 3.104381e-02 -4.167721e-05 -5.086597e-05 5.048668e-05 -6.189258e-05
11667.028759 8.689227e-01 1.066411e+00 2.306637e-01 3.117932e-02 -3.487446e-05 -4.796888e-05 6.361168e-05 -5.684720e-05
11668.619858 8.644802e-01 1.061327e+00 2.300754e-01 3.155673e-02 -5.450415e-05 -4.655084e-05 4.860542e-05 -5.448090e-05
11670.223149 8.670606e-01 1.064656e+00 2.315279e-01 3.051152e-02 -5.069956e-05 -5.663981e-05 4.825633e-05 -5.702277e-05
11671.838632 8.669375e-01 1.064730e+00 2.323875e-01 3.175157e-02 -5.071564e-05 -6.755140e-05 4.844841e-05 -6.085680e-05
11673.466307 8.661926e-01 1.064197e+00 2.331012e-01 3.107273e-02 -4.934923e-05 -6.529992e-05 5.418195e-05 -5.432294e-05
11675.106173 8.658476e-01 1.063931e+00 2.338694e-01 3.155987e-02 -5.724267e-05 -7.176504e-05 5.556648e-05 -6.369734e-05
11676.758232 8.656611e-01 1.064180e+00 2.346047e-01 3.100971e-02 -6.105285e-05 -7.069092e-05 5.514531e-05 -6.601166e-05
11678.422482 8.627447e-01 1.060795e+00 2.343362e-01 3.159673e-02 -5.964035e-05 -6.838088e-05 5.692989e-05 -6.668991e-05
11680.098924 8.617994e-01 1.059899e+00 2.340714e-01 3.161057e-02 -6.008768e-05 -6.031400e-05 4.860421e-05 -7.160665e-05
11681.787558 8.634955e-01 1.062353e+00 2.342429e-01 3.121154e-02 -6.281861e-05 -6.488578e-05 4.443411e-05 -6.445536e-05
11683.488385 8.648248e-01 1.064299e+00 2.338474e-01 3.184512e-02 -5.590504e-05 -6.086227e-05 5.083976e-05 -7.124944e-05
11685.201403 8.633462e-01 1.063059e+00 2.326443e-01 3.145420e-02 -5.868969e-05 -5.689709e-05 5.290160e-05 -7.833886e-05
11686.926613 8.623476e-01 1.061890e+00 2.316007e-01 3.136809e-02 -5.892098e-05 -6.060031e-05 5.801268e-05 -7.053330e-05
11688.664014 8.621081e-01 1.061858e+00 2.311304e-01 3.141018e-02 -5.288901e-05 -5.546999e-05 5.268067e-05 -5.836541e-05
11690.413608 8.627289e-01 1.063203e+00 2.316337e-01 3.189926e-02 -4.578839e-05 -5.524736e-05 5.587372e-05 -6.093466e-05
11692.175394 8.623156e-01 1.062930e+00 2.323177e-01 3.204261e-02 -4.514912e-05 -5.980478e-05 6.095624e-05 -6.538924e-05
11693.949371 8.627126e-01 1.063664e+00 2.340041e-01 3.121867e-02 -4.606484e-05 -6.474072e-05 5.725601e-05 -7.248089e-05
11695.735541 8.611926e-01 1.062225e+00 2.356701e-01 3.107572e-02 -4.901657e-05 -5.099460e-05 5.349911e-05 -7.458540e-05
11697.533902 8.614863e-01 1.062974e+00 2.386751e-01 3.159851e-02 -5.711675e-05 -5.670607e-05 4.925633e-05 -7.762760e-05
11699.344455 8.607177e-01 1.062248e+00 2.415699e-01 3.144945e-02 -5.209033e-05 -5.535385e-05 5.037956e-05 -6.696170e-05
11701.167201 8.596482e-01 1.061432e+00 2.448210e-01 3.144657e-02 -5.308497e-05 -5.113541e-05 5.055460e-05 -6.014284e-05
11703.002138 8.555707e-01 1.056650e+00 2.468523e-01 3.090040e-02 -6.147110e-05 -5.777478e-05 5.275272e-05 -6.943472e-05
11704.849267 8.563185e-01 1.057830e+00 2.498124e-01 3.081353e-02 -6.243137e-05 -5.580554e-05 4.982246e-05 -7.231475e-05
11706.708588 8.596593e-01 1.062111e+00 2.525740e-01 3.120817e-02 -4.211403e-05 -5.649070e-05 5.246299e-05 -7.523930e-05
11708.580100 8.594075e-01 1.062296e+00 2.534964e-01 3.129743e-02 -4.316599e-05 -5.774691e-05 5.240746e-05 -7.119593e-05
11710.463805 8.582890e-01 1.061102e+00 2.532694e-01 3.104061e-02 -4.116929e-05 -4.904317e-05 3.759489e-05 -7.328528e-05
11712.359702 8.579303e-01 1.060978e+00 2.522988e-01 3.154408e-02 -3.954798e-05 -5.130402e-05 4.043519e-05 -6.403215e-05
11714.267790 8.566734e-01 1.059913e+00 2.507930e-01 3.154500e-02 -3.266087e-05 -4.276419e-05 4.048499e-05 -7.395239e-05
11716.188071 8.565833e-01 1.060038e+00 2.494241e-01 3.138182e-02 -3.441560e-05 -4.334591e-05 4.351655e-05 -7.042298e-05
11718.120543 8.568521e-01 1.060796e+00 2.478444e-01 3.181723e-02 -3.645648e-05 -5.565765e-05 5.410855e-05 -6.543243e-05
11720.065207 8.566091e-01 1.060849e+00 2.458624e-01 3.108485e-02 -4.071297e-05 -6.057725e-05 4.007040e-05 -7.091429e-05
11722.022064 8.563301e-01 1.060995e+00 2.441987e-01 3.142163e-02 -4.766280e-05 -6.884804e-05 4.588536e-05 -6.635088e-05
11723.991112 8.556397e-01 1.060512e+00 2.427220e-01 3.189585e-02 -4.161501e-05 -6.705250e-05 5.170701e-05 -6.329027e-05
11725.972352 8.548291e-01 1.059795e+00 2.414462e-01 3.103565e-02 -4.538118e-05 -6.411993e-05 5.764560e-05 -5.424274e-05
11727.965784 8.543345e-01 1.059317e+00 2.406106e-01 3.115503e-02 -3.758973e-05 -5.815015e-05 5.920477e-05 -5.690840e-05
11729.971407 8.530440e-01 1.058422e+00 2.396310e-01 3.133538e-02 -3.920674e-05 -6.064675e-05 6.059511e-05 -6.817017e-05
11731.989223 8.511103e-01 1.056257e+00 2.384148e-01 3.145261e-02 -3.248656e-05 -7.404266e-05 6.109958e-05 -6.277452e-05
11734.019231 8.493890e-01 1.054481e+00 2.378194e-01 3.128955e-02 -3.337320e-05 -7.573121e-05 5.811486e-05 -6.605741e-05
11736.061430 8.521195e-01 1.058007e+00 2.385736e-01 3.087080e-02 -3.603181e-05 -7.327135e-05 5.143043e-05 -5.914500e-05
11738.115822 8.531112e-01 1.059671e+00 2.394703e-01 3.198971e-02 -2.965712e-05 -7.136804e-05 4.403136e-05 -5.153265e-05
11740.182405 8.519141e-01 1.058670e+00 2.397210e-01 3.180755e-02 -3.791311e-05 -5.793359e-05 4.076265e-05 -5.921048e-05
11742.261180 8.509073e-01 1.057863e+00 2.401885e-01 3.138459e-02 -4.310941e-05 -4.532880e-05 3.915442e-05 -7.054603e-05
11744.352148 8.504709e-01 1.057603e+00 2.401827e-01 3.120254e-02 -3.521192e-05 -4.233952e-05 3.438763e-05 -7.659885e-05
11746.455307 8.507666e-01 1.058377e+00 2.402656e-01 3.116693e-02 -3.724103e-05 -4.895537e-05 3.566025e-05 -6.469636e-05
11748.570658 8.504340e-01 1.058515e+00 2.395893e-01 3.127969e-02 -3.696972e-05 -5.225897e-05 3.191861e-05 -7.670812e-05
11750.698201 8.493703e-01 1.057390e+00 2.382158e-01 3.152685e-02 -3.813218e-05 -5.220718e-05 3.448300e-05 -7.997702e-05
11752.837935 8.488337e-01 1.057158e+00 2.371921e-01 3.101891e-02 -4.509007e-05 -4.883282e-05 3.616381e-05 -7.477905e-05
11754.989862 8.494523e-01 1.058232e+00 2.369196e-01 3.140127e-02 -2.793905e-05 -5.043964e-05 2.962395e-05 -6.346215e-05
11757.153981 8.480807e-01 1.057166e+00 2.370653e-01 3.107261e-02 -2.559639e-05 -5.670852e-05 3.271991e-05 -5.619025e-05
11759.330291 8.471790e-01 1.056178e+00 2.386022e-01 3.126918e-02 -3.133661e-05 -5.160261e-05 4.404801e-05 -5.060562e-05
11761.518794 8.474257e-01 1.056857e+00 2.413097e-01 3.141796e-02 -3.541306e-05 -5.787271e-05 5.117861e-05 -5.587211e-05
11763.719488 8.473277e-01 1.057123e+00 2.447363e-01 3.139173e-02 -3.383833e-05 -5.577938e-05 4.664366e-05 -5.343220e-05
11765.932374 8.459387e-01 1.055746e+00 2.475425e-01 3.129692e-02 -4.202541e-05 -5.210029e-05 4.380600e-05 -5.742483e-05
11768.157453 8.466451e-01 1.057089e+00 2.508666e-01 3.147724e-02 -3.800434e-05 -5.652201e-05 5.767745e-05 -6.238190e-05
11770.394723 8.411546e-01 1.050898e+00 2.515831e-01 3.148368e-02 -4.070446e-05 -5.836145e-05 5.336073e-05 -6.412367e-05
11772.644185 8.358825e-01 1.044867e+00 2.518507e-01 3.161693e-02 -4.126866e-05 -6.214848e-05 5.837741e-05 -5.730748e-05
11774.905838 8.413488e-01 1.051850e+00 2.548115e-01 3.104878e-02 -5.265330e-05 -6.596467e-05 5.404847e-05 -5.696483e-05
11777.179684 8.444886e-01 1.055917e+00 2.568579e-01 3.161591e-02 -4.606242e-05 -6.083467e-05 4.874708e-05 -6.641695e-05
11779.465722 8.429718e-01 1.054479e+00 2.572268e-01 3.149693e-02 -4.795565e-05 -6.037619e-05 3.437030e-05 -6.678029e-05
11781.763952 8.425581e-01 1.054620e+00 2.577748e-01 3.105696e-02 -3.370865e-05 -6.448033e-05 3.125229e-05 -6.376865e-05
11784.074373 8.416968e-01 1.053780e+00 2.579027e-01 3.057298e-02 -3.627341e-05 -6.904302e-05 4.474518e-05 -5.882047e-05
11786.396987 8.432355e-01 1.056281e+00 2.586496e-01 3.150419e-02 -3.112035e-05 -7.309460e-05 4.883811e-05 -6.008048e-05
11788.731792 8.417335e-01 1.054405e+00 2.583578e-01 3.120786e-02 -2.906633e-05 -6.659759e-05 4.472619e-05 -5.792224e-05
11791.078789 8.418504e-01 1.054986e+00 2.584032e-01 3.105218e-02 -4.136680e-05 -5.815734e-05 3.768051e-05 -5.818676e-05
11793.437978 8.410014e-01 1.054339e+00 2.579678e-01 3.180167e-02 -4.416390e-05 -5.873871e-05 4.689972e-05 -5.787972e-05
11795.809359 8.398786e-01 1.053506e+00 2.571166e-01 3.176813e-02 -4.834750e-05 -6.136728e-05 3.832902e-05 -5.144009e-05
11798.192932 8.401222e-01 1.054071e+00 2.563490e-01 3.090426e-02 -4.455307e-05 -6.265258e-05 5.167439e-05 -5.698208e-05
11800.588697 8.402003e-01 1.054869e+00 2.550012e-01 3.116515e-02 -4.542799e-05 -6.638757e-05 6.487145e-05 -6.144590e-05
11802.996654 8.386972e-01 1.053365e+00 2.526069e-01 3.143880e-02 -5.279085e-05 -5.927620e-05 5.526714e-05 -6.560769e-05
11805.416803 8.373817e-01 1.052209e+00 2.502105e-01 3.109015e-02 -4.963795e-05 -5.844662e-05 6.322880e-05 -4.995273e-05
11807.849143 8.371633e-01 1.051999e+00 2.480444e-01 3.114253e-02 -4.701817e-05 -6.532550e-05 6.162696e-05 -5.751599e-05
11810.293676 8.376733e-01 1.053266e+00 2.465655e-01 3.146032e-02 -4.623390e-05 -6.620456e-05 6.439799e-05 -5.205146e-05
11812.750400 8.371735e-01 1.052958e+00 2.450462e-01 3.160425e-02 -4.143970e-05 -5.787395e-05 5.893643e-05 -4.490169e-05
11815.219317 8.367681e-01 1.053060e+00 2.442027e-01 3.154192e-02 -3.198921e-05 -4.724070e-05 5.947509e-05 -5.716041e-05
11817.700425 8.360935e-01 1.052327e+00 2.440585e-01 3.110468e-02 -2.443439e-05 -3.907302e-05 6.109205e-05 -5.863602e-05
11820.193725 8.352310e-01 1.051686e+00 2.447162e-01 3.172430e-02 -2.199744e-05 -3.943082e-05 5.258524e-05 -4.568418e-05
11822.699217 8.336281e-01 1.050419e+00 2.455943e-01 3.089761e-02 -2.306181e-05 -4.026254e-05 4.669634e-05 -3.912734e-05
11825.216901 8.342512e-01 1.051938e+00 2.477508e-01 3.111781e-02 -2.533770e-05 -3.555014e-05 3.476970e-05 -4.183952e-05
11827.746777 8.328491e-01 1.050450e+00 2.496982e-01 3.062443e-02 -2.427630e-05 -4.822259e-05 3.674602e-05 -4.270712e-05
11830.288845 8.329007e-01 1.050620e+00 2.525584e-01 3.085686e-02 -2.707873e-05 -4.923158e-05 3.264827e-05 -4.560688e-05
11832.843105 8.336276e-01 1.051769e+00 2.561309e-01 3.164750e-02 -2.695755e-05 -4.449016e-05 3.914233e-05 -5.641082e-05
11835.409556 8.306254e-01 1.048868e+00 2.587025e-01 3.114680e-02 -3.363191e-05 -4.497107e-05 3.971517e-05 -6.239685e-05
11837.988200 8.290448e-01 1.047392e+00 2.613077e-01 3.148648e-02 -3.175188e-05 -4.329205e-05 5.206678e-05 -6.108298e-05
11840.579035 8.305462e-01 1.049514e+00 2.639565e-01 3.110202e-02 -4.013856e-05 -4.530619e-05 5.251087e-05 -5.896279e-05
11843.182062 8.307583e-01 1.050091e+00 2.656090e-01 3.089616e-02 -4.383432e-05 -4.326272e-05 6.043579e-05 -4.526329e-05
11845.797282 8.260519e-01 1.045128e+00 2.650792e-01 3.097173e-02 -5.317320e-05 -5.154959e-05 6.699800e-05 -4.360214e-05
11848.424693 8.271612e-01 1.046871e+00 2.657837e-01 3.058526e-02 -5.526665e-05 -4.544453e-05 5.229664e-05 -5.763585e-05
11851.064296 8.280274e-01 1.047985e+00 2.657589e-01 3.114399e-02 -5.434596e-05 -4.407746e-05 7.007890e-05 -4.062007e-05
11853.716091 8.287641e-01 1.049559e+00 2.655773e-01 3.157311e-02 -5.448837e-05 -5.428653e-05 7.549853e-05 -3.812640e-05
11856.380078 8.274124e-01 1.048344e+00 2.648870e-01 3.099148e-02 -4.948937e-05 -6.504316e-05 7.827598e-05 -3.526460e-05
11859.056256 8.266048e-01 1.047867e+00 2.648567e-01 3.115625e-02 -4.396161e-05 -7.344532e-05 7.135128e-05 -3.910868e-05
11861.744627 8.237926e-01 1.044577e+00 2.649635e-01 3.063417e-02 -5.341628e-05 -8.072375e-05 7.881259e-05 -5.608714e-05
11864.445190 8.204585e-01 1.040945e+00 2.653031e-01 3.069831e-02 -5.613376e-05 -7.026347e-05 7.321993e-05 -5.807377e-05
11867.157944 8.250857e-01 1.047154e+00 2.680755e-01 3.114476e-02 -5.996883e-05 -7.195918e-05 7.013116e-05 -5.977219e-05
11869.882891 8.221658e-01 1.044117e+00 2.677396e-01 3.116840e-02 -6.042917e-05 -7.426366e-05 6.283859e-05 -5.783713e-05
11872.620029 8.213930e-01 1.043594e+00 2.674619e-01 3.080002e-02 -6.494894e-05 -6.895903e-05 5.367855e-05 -4.747855e-05
11875.369359 8.227366e-01 1.045733e+00 2.675385e-01 3.131016e-02 -6.576364e-05 -7.257259e-05 6.398352e-05 -4.295589e-05
11878.130881 8.237420e-01 1.047381e+00 2.668170e-01 3.118507e-02 -5.190163e-05 -6.261059e-05 6.487679e-05 -6.687048e-05
11880.904595 8.148209e-01 1.036930e+00 2.628712e-01 3.084202e-02 -4.797698e-05 -5.892388e-05 5.232362e-05 -6.520393e-05
11883.690501 8.146639e-01 1.037170e+00 2.616936e-01 3.093761e-02 -4.579331e-05 -6.184778e-05 4.514790e-05 -5.930130e-05
11886.488599 8.209369e-01 1.045159e+00 2.626339e-01 3.101220e-02 -3.808740e-05 -6.283771e-05 5.144505e-05 -7.076548e-05
11889.298889 8.201851e-01 1.044732e+00 2.613327e-01 3.075763e-02 -3.923290e-05 -5.308377e-05 6.954523e-05 -6.260521e-05
11892.121371 8.212500e-01 1.046529e+00 2.610042e-01 3.130578e-02 -5.282031e-05 -5.076339e-05 7.795012e-05 -6.246569e-05
11894.956044 8.197123e-01 1.045140e+00 2.601534e-01 3.124684e-02 -4.675610e-05 -5.242491e-05 8.207965e-05 -5.545255e-05
11897.802910 8.172102e-01 1.042395e+00 2.594525e-01 3.146483e-02 -4.708980e-05 -5.341076e-05 7.226839e-05 -5.521135e-05
11900.661967 8.175202e-01 1.043243e+00 2.607261e-01 3.164730e-02 -4.441025e-05 -5.310019e-05 8.159751e-05 -6.157691e-05
11903.533217 8.182355e-01 1.044595e+00 2.626512e-01 3.108020e-02 -4.955627e-05 -6.033413e-05 7.436574e-05 -6.112647e-05
11906.416658 8.165580e-01 1.042878e+00 2.646539e-01 3.125351e-02 -4.602714e-05 -5.137730e-05 6.521479e-05 -5.515531e-05
11909.312291 8.168420e-01 1.043977e+00 2.678615e-01 3.160588e-02 -5.287063e-05 -4.991394e-05 6.289316e-05 -6.359420e-05
11912.220116 8.161985e-01 1.043408e+00 2.707032e-01 3.115718e-02 -5.309708e-05 -4.882239e-05 6.844373e-05 -6.181936e-05
11915.140133 8.144638e-01 1.041744e+00 2.729032e-01 3.114350e-02 -4.465223e-05 -4.705603e-05 7.236528e-05 -5.208784e-05
11918.072342 8.142365e-01 1.041542e+00 2.751489e-01 3.124388e-02 -4.057753e-05 -5.466445e-05 6.517555e-05 -6.155603e-05
11921.016743 8.144557e-01 1.042704e+00 2.769633e-01 3.114935e-02 -3.157532e-05 -6.656914e-05 6.789016e-05 -6.912832e-05
11923.973335 8.137678e-01 1.042196e+00 2.776785e-01 3.067602e-02 -4.099496e-05 -7.153557e-05 6.809376e-05 -6.644418e-05
11926.942120 8.130215e-01 1.041745e+00 2.778673e-01 3.075144e-02 -4.061017e-05 -6.248693e-05 7.434292e-05 -5.968281e-05
11929.923096 8.127566e-01 1.041863e+00 2.778948e-01 3.099189e-02 -3.171188e-05 -5.292571e-05 7.191073e-05 -5.779569e-05
11932.916265 8.115561e-01 1.040876e+00 2.774609e-01 3.108915e-02 -3.406821e-05 -5.473773e-05 6.946674e-05 -5.989092e-05
11935.921625 8.027141e-01 1.030352e+00 2.743979e-01 3.092865e-02 -4.119183e-05 -5.091636e-05 6.643442e-05 -6.460623e-05
11938.939177 8.050201e-01 1.033705e+00 2.753599e-01 3.106196e-02 -4.111164e-05 -4.755572e-05 7.094232e-05 -5.684410e-05
11941.968921 8.100801e-01 1.040569e+00 2.774633e-01 3.093469e-02 -4.404979e-05 -4.460297e-05 7.343492e-05 -6.119438e-05
11945.010858 8.098432e-01 1.040562e+00 2.777960e-01 3.111262e-02 -4.755645e-05 -4.943361e-05 7.734773e-05 -6.625071e-05
11948.064985 8.081902e-01 1.038814e+00 2.780400e-01 3.088126e-02 -5.004593e-05 -5.597289e-05 8.434503e-05 -5.563898e-05
11951.131305 8.078574e-01 1.038878e+00 2.792003e-01 3.076791e-02 -3.687218e-05 -7.340814e-05 8.942678e-05 -6.317669e-05
11954.209817 8.082335e-01 1.040369e+00 2.809628e-01 3.104116e-02 -4.352738e-05 -6.637404e-05 8.867151e-05 -6.904775e-05
11957.300521 8.059075e-01 1.037711e+00 2.810169e-01 3.100020e-02 -4.273008e-05 -5.906740e-05 7.284762e-05 -6.025837e-05
11960.403416 8.064399e-01 1.038699e+00 2.816837e-01 3.153599e-02 -3.416653e-05 -6.233002e-05 7.507522e-05 -6.284548e-05
11963.518504 8.066325e-01 1.039614e+00 2.814933e-01 3.123085e-02 -3.730880e-05 -6.454591e-05 8.389406e-05 -6.509735e-05
11966.645783 8.053139e-01 1.038227e+00 2.803653e-01 3.118888e-02 -4.651513e-05 -6.799309e-05 7.656207e-05 -7.050590e-05
11969.785255 8.043742e-01 1.037703e+00 2.794392e-01 3.113315e-02 -4.767465e-05 -6.758135e-05 7.400809e-05 -6.573784e-05
11972.936918 8.043920e-01 1.038325e+00 2.791860e-01 3.117577e-02 -5.077025e-05 -6.365109e-05 7.802022e-05 -5.980463e-05
11976.100773 8.034654e-01 1.037543e+00 2.788857e-01 3.071754e-02 -5.000847e-05 -6.126409e-05 7.286836e-05 -6.838393e-05
11979.276820 8.017915e-01 1.035810e+00 2.785731e-01 3.083607e-02 -5.595938e-05 -5.999253e-05 6.788422e-05 -6.942644e-05
11982.465059 8.022133e-01 1.036686e+00 2.789345e-01 3.077981e-02 -5.498198e-05 -5.418158e-05 7.382223e-05 -6.648674e-05
11985.665490 8.015429e-01 1.036556e+00 2.791328e-01 3.064784e-02 -5.309719e-05 -5.118758e-05 7.214715e-05 -6.729081e-05
11988.878112 7.997625e-01 1.034874e+00 2.788668e-01 3.123542e-02 -5.866642e-05 -6.367098e-05 7.197540e-05 -5.923520e-05
11992.102927 7.998313e-01 1.035678e+00 2.795055e-01 3.084096e-02 -5.597160e-05 -6.854294e-05 7.248461e-05 -5.320338e-05
11995.339934 7.995668e-01 1.035743e+00 2.801874e-01 3.060161e-02 -5.854810e-05 -8.011127e-05 6.784964e-05 -5.875383e-05
11998.589132 7.985624e-01 1.034807e+00 2.812063e-01 3.086678e-02 -6.414345e-05 -8.175622e-05 5.635199e-05 -7.119804e-05
12001.850523 7.979286e-01 1.034573e+00 2.828042e-01 3.128799e-02 -5.939025e-05 -7.239080e-05 6.145467e-05 -6.655626e-05
12005.124105 7.976497e-01 1.034721e+00 2.852095e-01 3.086917e-02 -5.595564e-05 -7.255520e-05 6.675496e-05 -7.253053e-05
12008.409879 7.969259e-01 1.034496e+00 2.875862e-01 3.102801e-02 -4.798551e-05 -5.986771e-05 7.702581e-05 -7.468367e-05
12011.707845 7.961004e-01 1.033890e+00 2.903499e-01 3.050486e-02 -4.981284e-05 -6.240376e-05 7.425963e-05 -7.366973e-05
12015.018003 7.954180e-01 1.033707e+00 2.928670e-01 3.138651e-02 -4.914531e-05 -6.847918e-05 5.739455e-05 -6.473931e-05
12018.340353 7.952966e-01 1.033992e+00 2.953476e-01 3.125269e-02 -4.610383e-05 -6.727881e-05 6.210180e-05 -6.713318e-05
12021.674895 7.946548e-01 1.033583e+00 2.967692e-01 3.080312e-02 -3.663282e-05 -6.379167e-05 6.473144e-05 -6.731985e-05
12025.021629 7.937485e-01 1.033012e+00 2.974273e-01 3.069550e-02 -2.768155e-05 -5.425172e-05 7.130906e-05 -6.961760e-05
12028.380554 7.927636e-01 1.032343e+00 2.976568e-01 3.076447e-02 -2.081620e-05 -5.657169e-05 7.464727e-05 -6.977611e-05
12031.751672 7.921817e-01 1.032056e+00 2.975801e-01 3.104363e-02 -2.513141e-05 -5.913626e-05 7.980953e-05 -6.645561e-05
12035.134982 7.913051e-01 1.031448e+00 2.972489e-01 3.099875e-02 -3.418502e-05 -5.794584e-05 6.999405e-05 -6.801871e-05
12038.530483 7.909289e-01 1.031600e+00 2.971434e-01 3.100967e-02 -2.829975e-05 -5.775661e-05 7.176272e-05 -6.448060e-05
12041.938176 7.897048e-01 1.030769e+00 2.967258e-01 3.090260e-02 -3.246838e-05 -6.347092e-05 6.635044e-05 -7.173451e-05
12045.358061 7.833195e-01 1.022909e+00 2.945012e-01 3.034188e-02 -3.479109e-05 -5.566239e-05 7.028056e-05 -6.651489e-05
12048.790139 7.788025e-01 1.017729e+00 2.927159e-01 3.100331e-02 -2.978494e-05 -5.641065e-05 6.465603e-05 -7.284656e-05
12052.234408 7.862297e-01 1.027577e+00 2.955315e-01 3.052999e-02 -3.062549e-05 -6.017867e-05 6.909697e-05 -5.878956e-05
12055.690868 7.860424e-01 1.027996e+00 2.955022e-01 3.066153e-02 -3.444260e-05 -6.357119e-05 7.374869e-05 -5.632077e-05
12059.159521 7.873515e-01 1.030287e+00 2.962303e-01 3.052871e-02 -4.190008e-05 -6.604198e-05 8.057387e-05 -7.571582e-05
12062.640366 7.856972e-01 1.028750e+00 2.959565e-01 3.044359e-02 -5.083135e-05 -6.742754e-05 7.048643e-05 -7.626083e-05
12066.133403 7.849086e-01 1.027967e+00 2.960483e-01 3.093414e-02 -5.003063e-05 -6.123233e-05 6.131897e-05 -8.333082e-05
12069.638631 7.852686e-01 1.029214e+00 2.967962e-01 3.110998e-02 -5.467408e-05 -5.454572e-05 7.069517e-05 -7.534095e-05
12073.156052 7.835041e-01 1.027452e+00 2.970079e-01 3.071366e-02 -5.394355e-05 -6.127169e-05 6.081082e-05 -6.930183e-05
12076.685664 7.829245e-01 1.027120e+00 2.971682e-01 3.057585e-02 -5.209447e-05 -6.593214e-05 4.634528e-05 -7.092679e-05
12080.227468 7.828544e-01 1.027707e+00 2.978143e-01 3.046428e-02 -3.746762e-05 -7.045132e-05 5.231645e-05 -7.147281e-05
12083.781465 7.794382e-01 1.024028e+00 2.973680e-01 3.075245e-02 -3.714652e-05 -5.041999e-05 5.732488e-05 -7.464409e-05
12087.347653 7.787333e-01 1.023577e+00 2.983928e-01 3.080310e-02 -3.429799e-05 -4.856396e-05 6.092607e-05 -7.510070e-05
12090.926033 7.812150e-01 1.027041e+00 3.008781e-01 3.114632e-02 -4.367951e-05 -4.851455e-05 8.089710e-05 -7.119884e-05
12094.516605 7.803625e-01 1.026506e+00 3.022900e-01 3.096913e-02 -5.145283e-05 -4.628653e-05 7.891655e-05 -7.284775e-05
12098.119369 7.796363e-01 1.026101e+00 3.039203e-01 3.086537e-02 -4.861735e-05 -5.225380e-05 8.048645e-05 -7.897042e-05
12101.734324 7.778589e-01 1.024418e+00 3.049566e-01 3.057566e-02 -4.289484e-05 -4.889517e-05 7.600862e-05 -7.730787e-05
12105.361472 7.781752e-01 1.025377e+00 3.067657e-01 3.086415e-02 -5.182731e-05 -5.116899e-05 7.350292e-05 -7.956102e-05
12109.000811 7.768380e-01 1.024374e+00 3.078485e-01 3.078018e-02 -6.148772e-05 -5.648900e-05 7.351653e-05 -9.258318e-05
12112.652343 7.769238e-01 1.024914e+00 3.094134e-01 3.088222e-02 -6.265574e-05 -4.623858e-05 7.910599e-05 -8.691698e-05
12116.316066 7.757161e-01 1.023750e+00 3.105073e-01 3.093628e-02 -6.790077e-05 -5.288097e-05 7.819250e-05 -8.088815e-05
12119.991982 7.742088e-01 1.022076e+00 3.114480e-01 3.071709e-02 -6.337672e-05 -6.822391e-05 6.546098e-05 -8.783980e-05
12123.680089 7.748585e-01 1.023779e+00 3.134283e-01 3.066278e-02 -6.036217e-05 -6.055383e-05 6.988322e-05 -8.994163e-05
12127.380388 7.728212e-01 1.021970e+00 3.143025e-01 3.068697e-02 -5.067715e-05 -6.622776e-05 6.461579e-05 -8.423658e-05
12131.092879 7.727492e-01 1.022285e+00 3.158460e-01 3.091609e-02 -5.057425e-05 -6.905552e-05 5.988498e-05 -8.963687e-05
12134.817562 7.721926e-01 1.022193e+00 3.169105e-01 3.101085e-02 -4.990736e-05 -7.074516e-05 5.944103e-05 -8.109115e-05
12138.554437 7.712658e-01 1.021297e+00 3.173281e-01 3.070639e-02 -5.427887e-05 -6.659938e-05 5.898261e-05 -7.846885e-05
12142.303503 7.707062e-01 1.021218e+00 3.177723e-01 3.088630e-02 -4.864964e-05 -6.401224e-05 6.903399e-05 -7.649940e-05
12146.064762 7.697079e-01 1.020391e+00 3.178691e-01 3.121423e-02 -4.636264e-05 -6.144963e-05 6.918495e-05 -6.880489e-05
12149.838213 7.691408e-01 1.020496e+00 3.182110e-01 3.073374e-02 -4.968274e-05 -6.626071e-05 6.666955e-05 -7.364150e-05
12153.623855 7.681797e-01 1.019844e+00 3.183164e-01 3.096482e-02 -5.037674e-05 -6.995238e-05 6.544569e-05 -7.801905e-05
12157.421689 7.670347e-01 1.018714e+00 3.182645e-01 3.094091e-02 -3.704196e-05 -6.586851e-05 5.045098e-05 -8.691583e-05
12161.231716 7.672765e-01 1.019764e+00 3.186338e-01 3.048473e-02 -3.474599e-05 -5.017028e-05 4.980998e-05 -9.229019e-05
12165.053934 7.651612e-01 1.017376e+00 3.178895e-01 3.065193e-02 -4.106323e-05 -5.445869e-05 5.976470e-05 -8.556236e-05
12168.888344 7.648656e-01 1.017703e+00 3.181368e-01 3.052677e-02 -3.924833e-05 -6.084192e-05 6.688900e-05 -8.743941e-05
12172.734946 7.649871e-01 1.018418e+00 3.186446e-01 3.043594e-02 -3.845108e-05 -5.835010e-05 6.810820e-05 -8.937052e-05
12176.593740 7.609927e-01 1.013891e+00 3.174452e-01 3.049996e-02 -3.092985e-05 -6.557648e-05 6.348774e-05 -5.843643e-05
12180.464726 7.632638e-01 1.017287e+00 3.189121e-01 3.084564e-02 -3.101755e-05 -6.538503e-05 5.736091e-05 -5.983886e-05
12184.347903 7.610035e-01 1.014759e+00 3.185170e-01 3.071169e-02 -2.945534e-05 -6.419005e-05 6.712827e-05 -6.697318e-05
12188.243273 7.614122e-01 1.015806e+00 3.195321e-01 3.074659e-02 -2.249257e-05 -6.248854e-05 6.534172e-05 -6.581283e-05
12192.150835 7.605916e-01 1.015595e+00 3.202241e-01 3.049517e-02 -4.098417e-05 -4.742084e-05 7.508639e-05 -6.400816e-05
12196.070588 7.588149e-01 1.013683e+00 3.206683e-01 3.061914e-02 -4.847336e-05 -5.447763e-05 7.625238e-05 -6.457520e-05
12200.002533 7.592707e-01 1.014949e+00 3.223087e-01 3.096771e-02 -4.971324e-05 -5.396476e-05 9.016756e-05 -5.499205e-05
12203.946671 7.569336e-01 1.012539e+00 3.230834e-01 3.062201e-02 -4.837888e-05 -5.705468e-05 9.210091e-05 -4.766312e-05
12207.903000 7.559630e-01 1.011766e+00 3.244159e-01 3.044502e-02 -4.704153e-05 -6.339167e-05 9.252426e-05 -5.464649e-05
12211.871521 7.569695e-01 1.013727e+00 3.267063e-01 3.070218e-02 -4.810555e-05 -6.242991e-05 8.581399e-05 -6.510171e-05
12215.852234 7.560177e-01 1.013205e+00 3.284095e-01 3.062356e-02 -4.284092e-05 -5.846394e-05 7.499629e-05 -6.983091e-05
12219.845139 7.554877e-01 1.012790e+00 3.298517e-01 3.068530e-02 -2.987032e-05 -6.187002e-05 6.808244e-05 -7.539436e-05
12223.850236 7.544997e-01 1.012250e+00 3.311408e-01 3.058696e-02 -3.420413e-05 -6.564237e-05 6.353304e-05 -7.134932e-05
12227.867524 7.460017e-01 1.001642e+00 3.288869e-01 3.025471e-02 -4.137879e-05 -6.109266e-05 6.561649e-05 -6.827928e-05
12231.897005 7.359486e-01 9.893183e-01 3.259515e-01 3.028414e-02 -4.353827e-05 -6.061281e-05 7.152953e-05 -6.835216e-05
12235.938678 7.504446e-01 1.008749e+00 3.338709e-01 3.082529e-02 -3.682181e-05 -5.291989e-05 7.439325e-05 -6.321680e-05
12239.992542 7.494409e-01 1.007891e+00 3.347776e-01 3.067990e-02 -4.180626e-05 -5.007217e-05 8.157599e-05 -5.842942e-05
12244.058598 7.506381e-01 1.010032e+00 3.366917e-01 3.052578e-02 -4.069215e-05 -5.130331e-05 8.070659e-05 -6.397767e-05
12248.136847 7.494460e-01 1.009101e+00 3.376727e-01 3.071341e-02 -3.643356e-05 -5.570812e-05 7.989147e-05 -6.053299e-05
12252.227287 7.471264e-01 1.006569e+00 3.383290e-01 3.058097e-02 -2.945022e-05 -5.673379e-05 7.320778e-05 -5.822662e-05
12256.329919 7.477527e-01 1.008078e+00 3.404359e-01 3.040697e-02 -4.147981e-05 -6.299889e-05 7.029485e-05 -5.606131e-05
12260.444743 7.464791e-01 1.006971e+00 3.414889e-01 3.038097e-02 -3.811288e-05 -6.529795e-05 6.575508e-05 -5.010554e-05
12264.571759 7.465679e-01 1.007612e+00 3.428175e-01 3.057331e-02 -3.565703e-05 -6.159817e-05 7.557761e-05 -5.814219e-05
12268.710967 7.454876e-01 1.006693e+00 3.433613e-01 3.045730e-02 -3.578290e-05 -5.541091e-05 7.122014e-05 -5.742451e-05
12272.862366 7.451496e-01 1.006730e+00 3.439301e-01 3.052605e-02 -3.329170e-05 -6.349599e-05 7.673294e-05 -6.239806e-05
12277.025958 7.442683e-01 1.006351e+00 3.441822e-01 3.017316e-02 -2.790243e-05 -6.342470e-05 7.134167e-05 -6.393042e-05
12281.201742 7.433049e-01 1.005658e+00 3.440990e-01 3.044206e-02 -2.668083e-05 -7.067171e-05 6.518043e-05 -7.144479e-05
12285.389717 7.423291e-01 1.004969e+00 3.438607e-01 3.041312e-02 -2.916874e-05 -6.227079e-05 6.165019e-05 -7.702193e-05
12289.589884 7.414729e-01 1.004387e+00 3.437325e-01 3.054411e-02 -3.679533e-05 -5.902105e-05 6.342622e-05 -7.344933e-05
12293.802244 7.413705e-01 1.004872e+00 3.438917e-01 3.058176e-02 -4.132942e-05 -5.678289e-05 6.846691e-05 -6.810840e-05
12298.026795 7.390020e-01 1.002349e+00 3.431092e-01 3.051287e-02 -3.946342e-05 -5.747714e-05 5.842019e-05 -6.602046e-05
12302.263538 7.384704e-01 1.002116e+00 3.432405e-01 3.051866e-02 -3.505392e-05 -5.355950e-05 6.206401e-05 -6.762714e-05
12306.512473 7.383042e-01 1.002465e+00 3.438891e-01 3.068044e-02 -3.380470e-05 -5.475936e-05 6.476101e-05 -7.232312e-05
12310.773600 7.385352e-01 1.003530e+00 3.451552e-01 3.052826e-02 -3.720567e-05 -5.193159e-05 6.928668e-05 -6.129504e-05
12315.046919 7.369784e-01 1.001893e+00 3.456532e-01 3.039970e-02 -3.117421e-05 -5.394117e-05 5.673760e-05 -6.485585e-05
12319.332429 7.356499e-01 1.000980e+00 3.466704e-01 3.018899e-02 -3.195212e-05 -6.269335e-05 5.315410e-05 -6.166205e-05
12323.630132 7.195801e-01 9.801295e-01 3.409800e-01 2.977736e-02 -2.504207e-05 -6.626754e-05 6.200147e-05 -5.840532e-05
12327.940026 7.272957e-01 9.910501e-01 3.466055e-01 3.031890e-02 -2.350692e-05 -7.543598e-05 6.190193e-05 -5.756692e-05
12332.262113 7.338396e-01 1.000417e+00 3.520078e-01 3.070549e-02 -3.805275e-05 -7.269863e-05 5.179600e-05 -5.522865e-05
12336.596391 7.329762e-01 9.997703e-01 3.539798e-01 3.048222e-02 -3.880684e-05 -7.420375e-05 5.636746e-05 -6.051740e-05
12340.942861 7.325011e-01 9.997243e-01 3.556767e-01 3.059376e-02 -3.040494e-05 -7.400131e-05 5.185093e-05 -5.976118e-05
12345.301524 7.309293e-01 9.982243e-01 3.568800e-01 3.053303e-02 -3.055789e-05 -7.599476e-05 5.729584e-05 -5.635339e-05
12349.672378 7.296851e-01 9.972194e-01 3.581126e-01 3.043183e-02 -3.539090e-05 -7.747223e-05 5.098584e-05 -5.301530e-05
12354.055424 7.295700e-01 9.977122e-01 3.596398e-01 3.036661e-02 -3.478300e-05 -7.360560e-05 4.913524e-05 -6.002865e-05
12358.450662 7.289256e-01 9.975092e-01 3.608902e-01 3.039266e-02 -3.440967e-05 -6.422761e-05 4.785021e-05 -6.091425e-05
12362.858091 7.275597e-01 9.960997e-01 3.615910e-01 3.031400e-02 -2.996546e-05 -6.720426e-05 3.772378e-05 -6.463993e-05
12367.277713 7.270811e-01 9.960755e-01 3.626356e-01 3.040100e-02 -4.007205e-05 -7.488421e-05 4.326705e-05 -5.429718e-05
12371.709527 7.243900e-01 9.930165e-01 3.627525e-01 3.052789e-02 -3.956500e-05 -7.020540e-05 5.363655e-05 -5.441931e-05
12376.153532 7.207941e-01 9.888964e-01 3.626528e-01 3.025206e-02 -5.039257e-05 -6.283406e-05 4.964372e-05 -5.489410e-05
12380.609730 7.251025e-01 9.952296e-01 3.661453e-01 3.046999e-02 -5.016443e-05 -5.180601e-05 5.002307e-05 -6.257526e-05
12385.078119 7.248526e-01 9.954172e-01 3.674888e-01 3.039496e-02 -4.054475e-05 -5.981321e-05 5.379211e-05 -6.185287e-05
12389.558700 7.238682e-01 9.948391e-01 3.684473e-01 3.029508e-02 -3.582545e-05 -5.570594e-05 3.809957e-05 -5.899053e-05
12394.051473 7.226757e-01 9.938333e-01 3.691382e-01 3.039153e-02 -2.631326e-05 -5.634381e-05 4.942787e-05 -6.572978e-05
12398.556438 7.217322e-01 9.931870e-01 3.700900e-01 3.049095e-02 -3.408351e-05 -5.857334e-05 5.745682e-05 -6.458769e-05
12403.073595 7.206045e-01 9.923128e-01 3.707277e-01 3.032016e-02 -2.421514e-05 -6.504080e-05 5.606780e-05 -7.035932e-05
12407.602944 7.195508e-01 9.915463e-01 3.713716e-01 3.033046e-02 -2.617447e-05 -6.298411e-05 6.103982e-05 -6.654709e-05
12412.144485 7.184041e-01 9.906994e-01 3.718408e-01 3.047251e-02 -2.656064e-05 -5.343871e-05 5.946555e-05 -5.887940e-05
12416.698218 7.177215e-01 9.903258e-01 3.724470e-01 3.035056e-02 -2.912754e-05 -6.398096e-05 5.666666e-05 -5.897169e-05
12421.264142 7.167642e-01 9.895177e-01 3.729429e-01 3.031813e-02 -2.187706e-05 -6.554947e-05 5.542450e-05 -6.062341e-05
12425.842259 7.150071e-01 9.879233e-01 3.730697e-01 3.020132e-02 -2.596108e-05 -6.149399e-05 4.750308e-05 -5.581661e-05
12430.432567 7.133737e-01 9.862237e-01 3.731236e-01 3.004330e-02 -2.621651e-05 -5.992365e-05 5.730071e-05 -5.947691e-05
12435.035068 7.137799e-01 9.875385e-01 3.743586e-01 3.021733e-02 -3.231663e-05 -5.487554e-05 6.124207e-05 -5.004635e-05
12439.649760 7.143029e-01 9.887992e-01 3.756751e-01 3.031155e-02 -3.136427e-05 -4.878788e-05 5.773370e-05 -5.579222e-05
12444.276644 7.133903e-01 9.883652e-01 3.764386e-01 3.020848e-02 -3.013301e-05 -5.818348e-05 5.231718e-05 -4.846903e-05
12448.915720 7.128895e-01 9.883189e-01 3.776221e-01 3.015925e-02 -2.924979e-05 -4.690908e-05 4.953921e-05 -5.229193e-05
12453.566988 7.127988e-01 9.887019e-01 3.790404e-01 3.045759e-02 -2.575256e-05 -3.611770e-05 6.037743e-05 -4.255182e-05
12458.230448 7.121304e-01 9.883158e-01 3.801583e-01 3.018859e-02 -3.060449e-05 -3.982590e-05 5.532771e-05 -4.069265e-05
12462.906100 7.117869e-01 9.885996e-01 3.817251e-01 3.024784e-02 -3.623947e-05 -3.898281e-05 4.733415e-05 -5.737539e-05
12467.593943 7.110925e-01 9.882792e-01 3.830631e-01 3.003164e-02 -3.593101e-05 -4.160662e-05 4.852656e-05 -6.179121e-05
12472.293979 7.103073e-01 9.878862e-01 3.845373e-01 3.020857e-02 -3.367106e-05 -5.056773e-05 5.280129e-05 -5.914085e-05
12477.006206 7.097051e-01 9.877228e-01 3.862008e-01 3.024073e-02 -3.495429e-05 -5.109734e-05 5.089073e-05 -4.643828e-05
12481.730626 7.089746e-01 9.873579e-01 3.877645e-01 3.032423e-02 -2.697132e-05 -5.061384e-05 3.795804e-05 -5.077492e-05
12486.467237 7.076160e-01 9.861554e-01 3.890242e-01 3.032122e-02 -2.330002e-05 -4.727845e-05 3.510053e-05 -4.526291e-05
12491.216040 7.062303e-01 9.849386e-01 3.904023e-01 3.041156e-02 -3.095265e-05 -4.607531e-05 3.693036e-05 -4.309500e-05
12495.977036 7.064319e-01 9.859531e-01 3.926305e-01 3.042855e-02 -4.283454e-05 -6.140244e-05 3.412147e-05 -4.826141e-05
12500.750223 7.058516e-01 9.857196e-01 3.942824e-01 3.020966e-02 -4.207090e-05 -5.733044e-05 2.990765e-05 -4.144171e-05
12505.535602 7.049304e-01 9.850729e-01 3.956210e-01 3.042154e-02 -3.348324e-05 -5.430269e-05 3.971203e-05 -4.414708e-05
12510.333172 7.040257e-01 9.844892e-01 3.969764e-01 3.036882e-02 -3.797506e-05 -6.147386e-05 5.355273e-05 -5.157215e-05
12515.142935 7.028577e-01 9.835999e-01 3.980376e-01 3.028121e-02 -4.437535e-05 -6.161251e-05 5.304218e-05 -5.764754e-05
12519.964890 7.019173e-01 9.829571e-01 3.991514e-01 3.013938e-02 -3.823096e-05 -6.826642e-05 4.321403e-05 -5.114527e-05
12524.799037 7.010422e-01 9.823567e-01 4.002256e-01 3.033373e-02 -4.013705e-05 -7.566993e-05 4.050371e-05 -4.860239e-05
12529.645375 6.483724e-01 9.091310e-01 3.714791e-01 2.805783e-02 -3.890376e-05 -6.104638e-05 4.998808e-05 -4.025459e-05
12534.503905 1.256755e-01 1.762828e-01 7.212672e-02 5.441481e-03 -6.807960e-06 -1.079760e-05 1.081721e-05 -6.300595e-06
