# Facility: NSLS-II
# Beamline: QAS
# Year: 2022
# Cycle: 2
# SAF: 309618
# PI: Wang
# Proposal: 309017
# Scan ID: 52203
# UID: 00407e8a-6d45-443e-becf-7eb750c37fec
# Comment: 
# Start time: 07/18/2022  09:41:13
# Stop time: 07/18/2022  09:41:45
# Total time: 00:32
# Trajectory name: Pt-L3-30s-11564.txt
# Element: Platinum ( 78)
# Edge: L3
# E0: 11564
# Reference Foil Element: Pt
# Keithley Gains I0: 1E7 V/A It: 1E6 V/A Iref: 1E7 V/A PIPS: 1E8 V/A 
# Ion Chamber Gas Flow Rates: I0: 0.00 sccm He + 99.70 sccm N2 + 0.00 sccm Ar 
# Ion Chamber Gas Flow Rates: It&Iref: 89.80 sccm N2 + 210.20 sccm Ar
# Incident Beam Path Vertical: -27.99 mm
# Incident Slits Positions B: TOP: 1.0 mm Bottom: -1.0 mm Inboard: -2.0 mm Outboard: 2.0 mm
# Sample Stage Positions: Rotation: 45.0 deg Horizontal: 0.00 mm Vertical: -20.00 mm Beam Direction: 0.00 mm
# PerkinElmer Vertical Position: 500.00 mm
# Front End Mirror Horizontal Positions: Up: -14.00 mm Down: -14.00 mm
#
# energy  i0  it  ir  iff  aux1  aux2  aux3  aux4
10487.202212 4.714615e-01 5.362260e-01 6.316753e-01 1.563727e-02 -1.989716e-05 -2.858463e-05 2.108595e-05 -4.007460e-05
10492.202212 9.309800e-01 1.059692e+00 1.250847e+00 3.080330e-02 -4.544776e-05 -4.382547e-05 4.207928e-05 -8.321706e-05
10497.202212 9.348525e-01 1.065269e+00 1.261203e+00 3.099162e-02 -4.644158e-05 -3.958935e-05 3.898821e-05 -8.048095e-05
10502.202212 9.333215e-01 1.064735e+00 1.264295e+00 3.103413e-02 -3.777844e-05 -4.812098e-05 4.621470e-05 -7.880686e-05
10507.202212 9.300431e-01 1.061977e+00 1.264833e+00 3.100678e-02 -3.981341e-05 -5.449334e-05 4.327922e-05 -6.919272e-05
10512.202212 9.296734e-01 1.062584e+00 1.269287e+00 3.093027e-02 -3.672702e-05 -5.359461e-05 3.952743e-05 -6.611089e-05
10517.202212 9.279365e-01 1.061651e+00 1.271995e+00 3.098005e-02 -4.230310e-05 -5.329340e-05 2.976681e-05 -5.173694e-05
10522.202212 9.231214e-01 1.057289e+00 1.270599e+00 3.082570e-02 -3.297884e-05 -4.687864e-05 2.775753e-05 -4.591928e-05
10527.202212 9.136793e-01 1.047945e+00 1.262649e+00 3.074347e-02 -3.575141e-05 -4.090170e-05 2.931943e-05 -4.230367e-05
10532.202212 9.247541e-01 1.061178e+00 1.283185e+00 3.093654e-02 -3.538981e-05 -5.216157e-05 3.252261e-05 -4.721032e-05
10537.202212 9.232077e-01 1.060477e+00 1.286245e+00 3.093928e-02 -4.284598e-05 -4.037538e-05 4.065954e-05 -5.578238e-05
10542.202212 9.204075e-01 1.058520e+00 1.287631e+00 3.117452e-02 -3.477277e-05 -3.555166e-05 2.807636e-05 -6.861215e-05
10547.202212 9.186185e-01 1.057593e+00 1.290221e+00 3.078805e-02 -3.095421e-05 -3.236442e-05 1.533830e-05 -6.314944e-05
10552.202212 9.182868e-01 1.058362e+00 1.294967e+00 3.096062e-02 -3.300209e-05 -4.425612e-05 1.574716e-05 -6.814292e-05
10557.202212 9.171629e-01 1.058279e+00 1.298529e+00 3.095184e-02 -3.902473e-05 -4.469728e-05 2.751048e-05 -6.499248e-05
10562.202212 9.157644e-01 1.057923e+00 1.301743e+00 3.097751e-02 -4.004393e-05 -4.921801e-05 3.179780e-05 -6.599013e-05
10567.202212 9.134946e-01 1.056474e+00 1.303400e+00 3.086124e-02 -3.220848e-05 -5.463787e-05 3.059449e-05 -7.164217e-05
10572.202212 9.123478e-01 1.056361e+00 1.306527e+00 3.088464e-02 -3.361271e-05 -3.319684e-05 2.504437e-05 -1.019291e-04
10577.202212 9.078192e-01 1.052258e+00 1.304446e+00 3.068967e-02 -3.351552e-05 -3.012359e-05 2.283290e-05 -8.023552e-05
10582.202212 8.934149e-01 1.037106e+00 1.287895e+00 3.012226e-02 -3.591439e-05 -3.676507e-05 1.879753e-05 -5.899699e-05
10587.202212 9.100522e-01 1.056779e+00 1.315910e+00 3.097943e-02 -3.069566e-05 -4.266705e-05 2.019525e-05 -6.724461e-05
10592.202212 9.092493e-01 1.056971e+00 1.318369e+00 3.079958e-02 -3.691866e-05 -4.602527e-05 1.941924e-05 -6.626490e-05
10597.202212 9.085033e-01 1.057065e+00 1.320063e+00 3.078510e-02 -3.567020e-05 -4.010183e-05 2.342448e-05 -6.839308e-05
10602.202212 9.058045e-01 1.055053e+00 1.318344e+00 3.094169e-02 -3.044392e-05 -4.620084e-05 2.316916e-05 -9.655595e-05
10607.202212 9.047054e-01 1.054862e+00 1.317710e+00 3.087901e-02 -2.698616e-05 -4.018759e-05 3.635854e-05 -9.602670e-05
10612.202212 9.027317e-01 1.053785e+00 1.313913e+00 3.100916e-02 -2.767009e-05 -3.980506e-05 2.960712e-05 -5.795493e-05
10617.202212 9.033308e-01 1.055408e+00 1.310693e+00 3.104937e-02 -3.162407e-05 -3.514941e-05 2.493224e-05 -3.767617e-05
10622.202212 9.022347e-01 1.055236e+00 1.299618e+00 3.104803e-02 -4.444233e-05 -4.806227e-05 3.452227e-05 -4.538237e-05
10627.202212 8.996821e-01 1.053390e+00 1.275139e+00 3.088868e-02 -4.754128e-05 -4.347522e-05 4.640345e-05 -6.463423e-05
10632.202212 8.986100e-01 1.052978e+00 1.226315e+00 3.079283e-02 -4.259069e-05 -3.805777e-05 4.081205e-05 -7.378659e-05
10637.202212 8.980075e-01 1.053206e+00 1.093296e+00 3.089070e-02 -3.214323e-05 -3.781226e-05 3.634076e-05 -7.698260e-05
10642.202212 8.978212e-01 1.054180e+00 6.572734e-01 3.098811e-02 -3.239932e-05 -3.321023e-05 3.956106e-05 -7.247459e-05
10647.202212 8.975077e-01 1.054812e+00 1.980155e-01 3.083819e-02 -3.464740e-05 -3.073057e-05 4.836735e-05 -7.348797e-05
10652.202212 8.973009e-01 1.055824e+00 2.177494e-01 3.094886e-02 -3.740072e-05 -2.621645e-05 5.037634e-05 -7.509769e-05
10657.202212 8.955450e-01 1.054890e+00 2.295606e-01 3.089110e-02 -3.693861e-05 -3.153299e-05 4.115103e-05 -7.551481e-05
10662.202212 8.914503e-01 1.051105e+00 2.372611e-01 3.080625e-02 -3.310747e-05 -2.872485e-05 2.967504e-05 -7.748167e-05
10667.202212 8.906434e-01 1.051118e+00 2.262689e-01 3.090611e-02 -3.258418e-05 -2.886779e-05 2.894580e-05 -7.665545e-05
10672.202212 8.893572e-01 1.050655e+00 2.125457e-01 3.083975e-02 -3.790089e-05 -3.349971e-05 3.418420e-05 -9.598014e-05
10677.202212 8.867220e-01 1.048581e+00 2.304676e-01 3.078482e-02 -4.563233e-05 -2.572162e-05 4.655809e-05 -1.262290e-04
10682.202212 8.846748e-01 1.047280e+00 2.388559e-01 3.075348e-02 -4.344682e-05 -2.383057e-05 4.559987e-05 -1.233775e-04
10687.202212 8.847215e-01 1.048386e+00 2.255943e-01 3.079473e-02 -4.776350e-05 -1.335347e-05 4.440153e-05 -1.118811e-04
10692.202212 8.835996e-01 1.048065e+00 2.121542e-01 3.089345e-02 -4.986508e-05 -1.379922e-05 4.294607e-05 -7.432357e-05
10697.202212 8.823150e-01 1.047560e+00 2.169300e-01 3.076971e-02 -4.657999e-05 -1.100201e-05 3.590235e-05 -6.276876e-05
10702.202212 8.810314e-01 1.047056e+00 2.247666e-01 3.085030e-02 -4.484731e-05 -2.582276e-05 2.986836e-05 -6.677898e-05
10707.202212 8.790754e-01 1.045853e+00 2.330366e-01 3.081435e-02 -3.877468e-05 -2.606659e-05 3.214600e-05 -6.918097e-05
10712.202212 8.776704e-01 1.045309e+00 2.435932e-01 3.078567e-02 -3.970271e-05 -2.981844e-05 3.147327e-05 -5.947502e-05
10717.202212 8.749807e-01 1.043175e+00 2.468239e-01 3.076432e-02 -4.551683e-05 -2.241505e-05 4.373937e-05 -7.096830e-05
10722.202212 8.753514e-01 1.044554e+00 2.406123e-01 3.068278e-02 -4.290518e-05 -2.423482e-05 3.915845e-05 -6.833684e-05
10727.202212 8.743641e-01 1.044278e+00 2.319142e-01 3.075543e-02 -3.862246e-05 -2.115474e-05 3.754986e-05 -6.334025e-05
10732.202212 8.730622e-01 1.043865e+00 2.304224e-01 3.096969e-02 -3.784383e-05 -1.327981e-05 4.568873e-05 -4.646951e-05
10737.202212 8.712573e-01 1.042821e+00 2.326194e-01 3.090871e-02 -4.398550e-05 -1.659846e-05 4.418031e-05 -4.177739e-05
10742.202212 8.687926e-01 1.041031e+00 2.337392e-01 3.049449e-02 -4.060147e-05 -2.984181e-05 4.722768e-05 -4.397366e-05
10747.202212 8.685594e-01 1.041670e+00 2.321415e-01 3.084312e-02 -4.595973e-05 -3.483523e-05 4.536949e-05 -3.736030e-05
10752.202212 8.675456e-01 1.041509e+00 2.319628e-01 3.077986e-02 -5.057302e-05 -2.608895e-05 3.982505e-05 -3.432038e-05
10757.202212 8.658796e-01 1.040506e+00 2.379675e-01 3.083684e-02 -5.411189e-05 -2.019638e-05 3.604610e-05 -3.993715e-05
10762.202212 8.630075e-01 1.038116e+00 2.469298e-01 3.056164e-02 -4.534708e-05 -2.379854e-05 3.072447e-05 -4.118609e-05
10767.202212 8.632856e-01 1.039435e+00 2.519296e-01 3.078251e-02 -4.027057e-05 -2.378496e-05 2.806885e-05 -4.636464e-05
10772.202212 8.624962e-01 1.039467e+00 2.495281e-01 3.092920e-02 -3.287519e-05 -3.298655e-05 3.289399e-05 -3.777076e-05
10777.202212 8.612061e-01 1.038926e+00 2.443737e-01 3.058353e-02 -2.878766e-05 -3.357748e-05 3.145229e-05 -2.639455e-05
10782.202212 8.593637e-01 1.037767e+00 2.403504e-01 3.060609e-02 -2.866581e-05 -2.464186e-05 3.341639e-05 -3.212271e-05
10787.202212 8.561902e-01 1.034976e+00 2.378957e-01 3.058088e-02 -3.449282e-05 -2.010635e-05 4.079918e-05 -3.551002e-05
10792.202212 8.566404e-01 1.036421e+00 2.386060e-01 3.065016e-02 -3.217553e-05 -1.266523e-05 3.405813e-05 -3.000805e-05
10797.202212 8.554860e-01 1.036227e+00 2.392645e-01 3.058012e-02 -3.414740e-05 -1.635596e-05 3.967170e-05 -2.912151e-05
10802.202212 8.541616e-01 1.035480e+00 2.374322e-01 3.077584e-02 -2.582531e-05 -2.391155e-05 4.282003e-05 -3.621216e-05
10807.202212 8.531585e-01 1.035274e+00 2.367445e-01 3.066510e-02 -2.564648e-05 -2.619977e-05 3.990652e-05 -3.250156e-05
10812.202212 8.519034e-01 1.034868e+00 2.421709e-01 3.055721e-02 -2.784382e-05 -2.457776e-05 2.402217e-05 -3.502345e-05
10817.202212 8.479719e-01 1.031168e+00 2.491092e-01 3.044332e-02 -3.035101e-05 -2.122673e-05 1.901799e-05 -2.715833e-05
10822.202212 8.447093e-01 1.028263e+00 2.530299e-01 3.050387e-02 -3.532813e-05 -2.438926e-05 2.343750e-05 -3.152410e-05
10827.202212 8.474748e-01 1.032444e+00 2.563796e-01 3.080410e-02 -3.181767e-05 -2.566042e-05 1.404782e-05 -3.769778e-05
10832.202212 8.468717e-01 1.032710e+00 2.572890e-01 3.072870e-02 -3.320138e-05 -3.591991e-05 1.054665e-05 -5.858277e-05
10837.202212 8.457407e-01 1.032280e+00 2.570354e-01 3.040257e-02 -3.655061e-05 -3.184162e-05 1.413357e-05 -6.840901e-05
10842.202212 8.446089e-01 1.031784e+00 2.550830e-01 3.072157e-02 -3.467214e-05 -2.422636e-05 1.759445e-05 -5.824909e-05
10847.202212 8.430377e-01 1.030984e+00 2.506875e-01 3.091447e-02 -3.092501e-05 -2.324268e-05 2.241288e-05 -6.863979e-05
10852.202212 8.421161e-01 1.031016e+00 2.458717e-01 3.064851e-02 -3.138655e-05 -1.645377e-05 2.586309e-05 -6.587954e-05
10857.202212 8.402762e-01 1.029674e+00 2.431446e-01 3.054962e-02 -4.258619e-05 -2.008285e-05 2.656062e-05 -6.727477e-05
10862.202212 8.396375e-01 1.029752e+00 2.448209e-01 3.066017e-02 -4.203491e-05 -2.271504e-05 3.277968e-05 -6.376816e-05
10867.202212 8.382979e-01 1.029132e+00 2.492519e-01 3.061829e-02 -4.313734e-05 -1.831562e-05 2.212663e-05 -5.999837e-05
10872.202212 8.371703e-01 1.028818e+00 2.560900e-01 3.074092e-02 -4.036215e-05 -2.725418e-05 2.151088e-05 -6.261294e-05
10877.202212 8.358676e-01 1.028145e+00 2.622167e-01 3.077757e-02 -4.809911e-05 -3.118713e-05 2.415307e-05 -5.939696e-05
10882.202212 8.329618e-01 1.025536e+00 2.644256e-01 3.060333e-02 -5.091960e-05 -3.577979e-05 2.372708e-05 -7.001884e-05
10887.202212 8.321931e-01 1.025590e+00 2.643697e-01 3.057645e-02 -5.616497e-05 -3.706547e-05 2.264459e-05 -7.586138e-05
10892.202212 8.314704e-01 1.025749e+00 2.639072e-01 3.048145e-02 -6.241873e-05 -4.019817e-05 2.415856e-05 -7.156662e-05
10897.202212 8.279033e-01 1.022542e+00 2.646558e-01 3.052172e-02 -5.302457e-05 -4.656739e-05 2.591789e-05 -7.863685e-05
10902.202212 8.275621e-01 1.022767e+00 2.666621e-01 3.022575e-02 -5.430477e-05 -3.179324e-05 3.009098e-05 -7.417320e-05
10907.202212 8.274054e-01 1.023624e+00 2.662181e-01 3.034069e-02 -5.766574e-05 -2.701553e-05 2.258969e-05 -7.887319e-05
10912.202212 8.215013e-01 1.017450e+00 2.621575e-01 3.056718e-02 -5.389984e-05 -4.000888e-05 2.640750e-05 -8.282909e-05
10917.202212 8.243661e-01 1.021785e+00 2.608671e-01 3.029422e-02 -5.876973e-05 -4.610991e-05 1.589006e-05 -8.164939e-05
10922.202212 8.245223e-01 1.023007e+00 2.592738e-01 3.042041e-02 -7.432185e-05 -3.903612e-05 2.816121e-05 -8.642074e-05
10927.202212 8.232637e-01 1.022303e+00 2.593461e-01 3.046817e-02 -6.585804e-05 -3.011998e-05 3.091524e-05 -9.180395e-05
10932.202212 8.231785e-01 1.023103e+00 2.630210e-01 3.082155e-02 -5.951875e-05 -2.356957e-05 3.846314e-05 -9.925141e-05
10937.202212 8.214974e-01 1.021880e+00 2.683178e-01 3.051154e-02 -6.614267e-05 -2.429853e-05 4.725084e-05 -9.146460e-05
10942.202212 8.203877e-01 1.021517e+00 2.733562e-01 3.079053e-02 -7.191644e-05 -7.569730e-06 4.289022e-05 -8.875043e-05
10947.202212 8.197102e-01 1.021487e+00 2.762542e-01 3.055785e-02 -6.367150e-05 -1.488656e-05 4.647440e-05 -9.317496e-05
10952.202212 8.176224e-01 1.019808e+00 2.764490e-01 3.034949e-02 -7.156332e-05 -2.382184e-05 3.120514e-05 -1.008006e-04
10957.202212 8.129081e-01 1.014852e+00 2.749573e-01 3.036890e-02 -6.763012e-05 -2.253860e-05 2.982561e-05 -9.843897e-05
10962.202212 8.127836e-01 1.015654e+00 2.752569e-01 3.038060e-02 -6.949052e-05 -2.070163e-05 3.053917e-05 -8.822888e-05
10967.202212 8.146138e-01 1.018925e+00 2.770277e-01 3.070344e-02 -6.788034e-05 -1.465696e-05 3.229403e-05 -8.055681e-05
10972.202212 8.136467e-01 1.018544e+00 2.788422e-01 3.050544e-02 -6.355575e-05 -1.971675e-05 3.926628e-05 -8.002789e-05
10977.202212 8.119070e-01 1.017401e+00 2.801759e-01 3.049561e-02 -6.201755e-05 -1.970622e-05 4.028992e-05 -7.588635e-05
10982.202212 8.113718e-01 1.017608e+00 2.797684e-01 3.036751e-02 -5.119883e-05 -1.853050e-05 4.760585e-05 -7.789301e-05
10987.202212 8.099077e-01 1.016596e+00 2.781955e-01 3.058037e-02 -4.722472e-05 -2.554594e-05 4.811126e-05 -7.895110e-05
10992.202212 8.094323e-01 1.017002e+00 2.778318e-01 3.034294e-02 -4.898250e-05 -2.188103e-05 5.001328e-05 -8.906036e-05
10997.202212 8.077813e-01 1.016112e+00 2.779209e-01 3.044673e-02 -5.634141e-05 -1.941405e-05 4.809953e-05 -8.760676e-05
11002.202212 8.068212e-01 1.015677e+00 2.782104e-01 3.046496e-02 -6.047931e-05 -1.676142e-05 4.118199e-05 -8.701398e-05
11007.202212 8.061698e-01 1.015877e+00 2.791527e-01 3.030116e-02 -5.668342e-05 -1.930084e-05 4.825354e-05 -7.943729e-05
11012.202212 8.045701e-01 1.014650e+00 2.811062e-01 3.046525e-02 -5.473265e-05 -2.830247e-05 5.642060e-05 -7.427634e-05
11017.202212 8.036856e-01 1.014423e+00 2.850447e-01 3.038004e-02 -5.344428e-05 -3.306362e-05 4.584955e-05 -7.764323e-05
11022.202212 8.011958e-01 1.012382e+00 2.893596e-01 3.010778e-02 -5.304503e-05 -3.129175e-05 4.268206e-05 -7.106431e-05
11027.202212 8.012328e-01 1.013207e+00 2.937858e-01 3.021646e-02 -5.094499e-05 -2.554684e-05 4.147926e-05 -7.308981e-05
11032.202212 7.998258e-01 1.012467e+00 2.959931e-01 3.038084e-02 -5.452184e-05 -2.686880e-05 4.101166e-05 -7.272223e-05
11037.202212 7.985969e-01 1.011937e+00 2.963740e-01 3.030307e-02 -5.101128e-05 -3.047315e-05 4.485255e-05 -8.730173e-05
11042.202212 7.971101e-01 1.011046e+00 2.959310e-01 3.015444e-02 -5.100009e-05 -2.834772e-05 5.035932e-05 -8.627027e-05
11047.202212 7.945720e-01 1.008821e+00 2.950270e-01 3.046789e-02 -5.173675e-05 -2.226546e-05 5.587332e-05 -8.031700e-05
11052.202212 7.860534e-01 9.991063e-01 2.919742e-01 3.007719e-02 -5.479864e-05 -1.072821e-05 4.081308e-05 -9.022160e-05
11057.202212 7.926799e-01 1.008096e+00 2.945294e-01 3.021290e-02 -5.332053e-05 -1.302715e-05 4.558959e-05 -9.937822e-05
11062.202212 7.919760e-01 1.008099e+00 2.944361e-01 3.034147e-02 -4.994475e-05 -1.496958e-05 5.034509e-05 -9.977317e-05
11067.202212 7.910289e-01 1.007835e+00 2.947980e-01 3.029680e-02 -5.761052e-05 -1.441370e-05 5.488664e-05 -9.547365e-05
11072.202212 7.897667e-01 1.007285e+00 2.954143e-01 3.019271e-02 -5.379978e-05 -1.182709e-05 5.048556e-05 -9.107553e-05
11077.202212 7.889852e-01 1.007167e+00 2.961131e-01 3.007170e-02 -5.185968e-05 -2.133816e-05 5.227318e-05 -9.014479e-05
11082.202212 7.865759e-01 1.004845e+00 2.964947e-01 3.033256e-02 -5.367982e-05 -2.265421e-05 5.798113e-05 -9.744750e-05
11087.202212 7.849925e-01 1.003831e+00 2.981724e-01 3.042126e-02 -5.031187e-05 -2.032922e-05 5.466869e-05 -9.345052e-05
11092.202212 7.858727e-01 1.005615e+00 3.013081e-01 3.025766e-02 -5.404991e-05 -1.899189e-05 5.719598e-05 -8.917039e-05
11097.202212 7.832615e-01 1.003238e+00 3.031629e-01 3.008432e-02 -5.465296e-05 -2.366795e-05 5.837949e-05 -8.190085e-05
11102.202212 7.831727e-01 1.004144e+00 3.059391e-01 3.045600e-02 -5.893279e-05 -2.825913e-05 5.450243e-05 -8.626078e-05
11107.202212 7.820281e-01 1.003471e+00 3.079161e-01 3.018261e-02 -5.628205e-05 -3.049008e-05 5.090659e-05 -8.155856e-05
11112.202212 7.803023e-01 1.002099e+00 3.099055e-01 3.035759e-02 -6.009160e-05 -3.514449e-05 4.130738e-05 -8.447750e-05
11117.202212 7.796055e-01 1.002212e+00 3.123246e-01 3.026789e-02 -6.088161e-05 -3.442032e-05 4.861742e-05 -7.919101e-05
11122.202212 7.779811e-01 1.001016e+00 3.141601e-01 3.015083e-02 -5.191928e-05 -2.616678e-05 4.106657e-05 -8.454949e-05
11127.202212 7.761636e-01 9.995342e-01 3.151179e-01 3.009907e-02 -5.113873e-05 -2.942415e-05 3.801896e-05 -8.309766e-05
11132.202212 7.754738e-01 9.996205e-01 3.159128e-01 2.999602e-02 -6.076819e-05 -2.950435e-05 4.270576e-05 -7.826009e-05
11137.202212 7.737653e-01 9.982800e-01 3.159538e-01 3.025817e-02 -6.145910e-05 -1.811576e-05 4.398578e-05 -7.471795e-05
11142.202212 7.726288e-01 9.976924e-01 3.162567e-01 3.015636e-02 -6.010218e-05 -1.601909e-05 3.673949e-05 -8.924154e-05
11147.202212 7.716465e-01 9.971913e-01 3.163484e-01 3.016980e-02 -5.194325e-05 -2.555628e-05 2.188343e-05 -9.238073e-05
11152.202212 7.701798e-01 9.961516e-01 3.161504e-01 3.007732e-02 -4.218637e-05 -3.101301e-05 3.727704e-05 -9.577862e-05
11157.202212 7.689051e-01 9.954110e-01 3.161759e-01 3.003585e-02 -5.105601e-05 -2.640641e-05 4.539851e-05 -9.880680e-05
11162.202212 7.675528e-01 9.947266e-01 3.163596e-01 2.996699e-02 -4.901760e-05 -2.848968e-05 4.820824e-05 -9.323918e-05
11167.202212 7.669631e-01 9.947334e-01 3.171805e-01 3.023925e-02 -4.764076e-05 -2.925690e-05 4.881795e-05 -8.087707e-05
11172.202212 7.663697e-01 9.947858e-01 3.182895e-01 3.029645e-02 -5.267631e-05 -1.787512e-05 5.423991e-05 -7.632429e-05
11177.202212 7.642915e-01 9.930980e-01 3.192616e-01 3.035679e-02 -5.418990e-05 -2.373485e-05 4.956754e-05 -8.288203e-05
11182.202212 7.637951e-01 9.934313e-01 3.213517e-01 3.028787e-02 -5.420879e-05 -3.239408e-05 3.666502e-05 -8.555307e-05
11187.202212 7.626644e-01 9.927907e-01 3.235921e-01 3.011581e-02 -5.639202e-05 -2.637405e-05 4.185709e-05 -8.925299e-05
11192.202212 7.618827e-01 9.927529e-01 3.262443e-01 2.999735e-02 -4.383172e-05 -2.345261e-05 3.686018e-05 -9.321032e-05
11197.202212 7.612660e-01 9.925662e-01 3.285974e-01 3.006933e-02 -3.943304e-05 -3.239175e-05 3.229335e-05 -8.983581e-05
11202.202212 7.535338e-01 9.836252e-01 3.274866e-01 2.966732e-02 -3.887774e-05 -3.661704e-05 3.335933e-05 -8.945700e-05
11207.202212 7.475189e-01 9.768780e-01 3.271015e-01 2.936837e-02 -4.484552e-05 -3.728276e-05 2.659299e-05 -8.937556e-05
11212.202212 7.564919e-01 9.890165e-01 3.330105e-01 2.971141e-02 -5.063425e-05 -3.003204e-05 3.524683e-05 -8.511457e-05
11217.202212 7.560890e-01 9.892575e-01 3.349498e-01 2.972284e-02 -5.463459e-05 -2.504424e-05 3.570306e-05 -1.027760e-04
11222.202212 7.539355e-01 9.874435e-01 3.363000e-01 3.005809e-02 -5.269372e-05 -2.649087e-05 2.363404e-05 -9.905205e-05
11227.202212 7.533890e-01 9.873900e-01 3.384406e-01 2.979932e-02 -4.652444e-05 -2.101755e-05 1.699643e-05 -9.952842e-05
11232.202212 7.531203e-01 9.879978e-01 3.405972e-01 2.981650e-02 -4.533548e-05 -2.653064e-05 2.335236e-05 -1.001966e-04
11237.202212 7.520196e-01 9.873297e-01 3.416885e-01 3.010057e-02 -4.669353e-05 -3.154576e-05 2.281451e-05 -1.034505e-04
11242.202212 7.504112e-01 9.861153e-01 3.420090e-01 3.004659e-02 -4.920669e-05 -3.132671e-05 2.601150e-05 -9.420226e-05
11247.202212 7.493163e-01 9.855003e-01 3.421165e-01 3.005659e-02 -4.880292e-05 -3.578613e-05 2.990997e-05 -8.847386e-05
11252.202212 7.476346e-01 9.841787e-01 3.415726e-01 3.008701e-02 -4.679159e-05 -3.894010e-05 2.662219e-05 -8.318457e-05
11257.202212 7.466037e-01 9.836450e-01 3.413957e-01 3.005149e-02 -4.908520e-05 -4.076136e-05 1.902997e-05 -7.670507e-05
11262.202212 7.445883e-01 9.819068e-01 3.408536e-01 2.990329e-02 -4.494792e-05 -4.533484e-05 2.764824e-05 -8.620334e-05
11267.202212 7.437537e-01 9.815148e-01 3.414021e-01 2.979473e-02 -5.077786e-05 -4.835137e-05 2.001110e-05 -9.175800e-05
11272.202212 7.427922e-01 9.813328e-01 3.424116e-01 2.986030e-02 -4.638606e-05 -4.389696e-05 3.004662e-05 -8.270066e-05
11277.202212 7.416049e-01 9.806116e-01 3.436574e-01 3.001494e-02 -4.377910e-05 -4.511214e-05 3.276063e-05 -7.905017e-05
11282.202212 7.304904e-01 9.671814e-01 3.408959e-01 2.962723e-02 -4.388304e-05 -4.492510e-05 3.696438e-05 -7.824729e-05
11287.202212 7.324603e-01 9.704410e-01 3.445952e-01 2.961948e-02 -5.133123e-05 -3.991276e-05 3.200406e-05 -8.222073e-05
11292.202212 7.385840e-01 9.788379e-01 3.504000e-01 2.971266e-02 -5.190638e-05 -3.451349e-05 2.685649e-05 -8.091950e-05
11297.202212 7.370233e-01 9.777965e-01 3.526513e-01 2.957011e-02 -5.786316e-05 -3.627899e-05 1.962160e-05 -9.645444e-05
11302.202212 7.352999e-01 9.763929e-01 3.544678e-01 2.990310e-02 -6.998780e-05 -3.704527e-05 1.728637e-05 -9.973920e-05
11307.202212 7.352872e-01 9.770318e-01 3.568286e-01 2.994886e-02 -6.707855e-05 -3.715335e-05 2.284174e-05 -8.964732e-05
11312.202212 7.338829e-01 9.761061e-01 3.581562e-01 2.987520e-02 -5.777015e-05 -4.665102e-05 1.576712e-05 -7.123946e-05
11317.202212 7.328819e-01 9.754783e-01 3.594738e-01 2.972307e-02 -6.164597e-05 -4.381544e-05 2.558271e-05 -8.979995e-05
11322.202212 7.308141e-01 9.737300e-01 3.605251e-01 2.965720e-02 -6.478016e-05 -4.701413e-05 2.938183e-05 -8.692661e-05
11327.202212 7.266630e-01 9.692036e-01 3.605586e-01 2.946812e-02 -6.436427e-05 -4.814768e-05 3.449657e-05 -9.053098e-05
11332.202212 7.299558e-01 9.741661e-01 3.640482e-01 2.961495e-02 -4.976237e-05 -5.152513e-05 2.854006e-05 -8.875193e-05
11337.202212 7.292476e-01 9.740213e-01 3.655375e-01 2.961548e-02 -3.959791e-05 -4.952863e-05 2.618477e-05 -8.492178e-05
11342.202212 7.280642e-01 9.732569e-01 3.667459e-01 2.979095e-02 -3.653000e-05 -4.271655e-05 2.491384e-05 -8.259374e-05
11347.202212 7.263613e-01 9.717955e-01 3.675429e-01 2.989581e-02 -3.829208e-05 -3.869998e-05 2.456817e-05 -8.306092e-05
11352.202212 7.250471e-01 9.709239e-01 3.685381e-01 2.982308e-02 -5.316651e-05 -4.083762e-05 3.355553e-05 -8.417574e-05
11357.202212 7.235636e-01 9.696812e-01 3.691041e-01 2.981211e-02 -5.840265e-05 -4.816839e-05 3.564889e-05 -8.189234e-05
11362.202212 7.227105e-01 9.693539e-01 3.698530e-01 2.955027e-02 -6.069167e-05 -6.648701e-05 3.373329e-05 -8.367174e-05
11367.202212 7.213898e-01 9.683961e-01 3.704592e-01 2.965450e-02 -4.610267e-05 -5.667358e-05 3.300734e-05 -8.341146e-05
11372.202212 7.200418e-01 9.673989e-01 3.710249e-01 2.979569e-02 -4.215450e-05 -5.449720e-05 3.598056e-05 -8.648138e-05
11377.202212 7.200723e-01 9.681807e-01 3.723007e-01 2.955466e-02 -3.898672e-05 -5.134877e-05 3.554494e-05 -8.805507e-05
11382.202212 7.197115e-01 9.685677e-01 3.735649e-01 3.003852e-02 -3.592423e-05 -4.739828e-05 2.634451e-05 -8.862251e-05
11387.202212 7.189815e-01 9.684041e-01 3.749156e-01 2.978098e-02 -3.973376e-05 -3.979242e-05 2.397467e-05 -8.654101e-05
11392.202212 7.186404e-01 9.685596e-01 3.765315e-01 2.982209e-02 -4.106494e-05 -4.770528e-05 2.097398e-05 -7.420853e-05
11397.202212 7.180094e-01 9.685404e-01 3.782591e-01 2.977391e-02 -4.696729e-05 -4.417042e-05 2.299907e-05 -8.438728e-05
11402.202212 7.171931e-01 9.683848e-01 3.800620e-01 2.971285e-02 -4.557603e-05 -3.886027e-05 2.393331e-05 -8.444156e-05
11407.202212 7.163990e-01 9.680053e-01 3.819054e-01 2.958669e-02 -5.020272e-05 -5.105179e-05 1.509356e-05 -7.468292e-05
11412.202212 7.155185e-01 9.675931e-01 3.838905e-01 2.957459e-02 -4.843154e-05 -5.887781e-05 2.090938e-05 -7.666798e-05
11417.202212 7.140995e-01 9.666401e-01 3.858063e-01 2.977834e-02 -3.066959e-05 -5.022708e-05 3.340632e-05 -7.622288e-05
11422.202212 7.123283e-01 9.650592e-01 3.873166e-01 2.960063e-02 -3.381460e-05 -4.131597e-05 2.452655e-05 -6.811434e-05
11427.202212 7.124603e-01 9.658850e-01 3.899170e-01 2.963005e-02 -3.531409e-05 -3.760728e-05 1.696180e-05 -5.862452e-05
11432.202212 7.115763e-01 9.654920e-01 3.918809e-01 2.970675e-02 -2.823209e-05 -4.032753e-05 1.837841e-05 -5.560556e-05
11437.202212 7.103925e-01 9.646500e-01 3.935097e-01 2.980163e-02 -3.172750e-05 -3.501117e-05 2.935094e-05 -6.806866e-05
11442.202212 7.093161e-01 9.639004e-01 3.950138e-01 2.970150e-02 -3.617531e-05 -3.381156e-05 3.760971e-05 -9.933959e-05
11447.202212 7.079818e-01 9.627891e-01 3.962620e-01 2.969799e-02 -4.073583e-05 -3.672989e-05 3.372767e-05 -7.413755e-05
11452.202212 7.016486e-01 9.549817e-01 3.945865e-01 2.940186e-02 -4.446701e-05 -3.635308e-05 2.846191e-05 -6.114336e-05
11457.202212 3.722979e-01 5.070148e-01 2.100374e-01 1.566515e-02 -2.146638e-05 -1.931549e-05 1.787909e-05 -3.004646e-05
11462.202212 7.829433e-03 1.066471e-02 4.421277e-03 3.318662e-04 -4.801884e-07 -4.045285e-07 4.215263e-07 -6.403242e-07
11467.202212 1.217267e-06 1.658174e-06 6.875614e-07 5.170733e-08 -7.939661e-11 -6.219728e-11 7.021961e-11 -1.003197e-10
11472.202212 9.236356e-13 1.258217e-12 5.217448e-13 3.923165e-14 -6.255716e-17 -4.666389e-17 5.572257e-17 -7.602718e-17
11477.202212 3.044561e-21 4.147484e-21 1.719844e-21 1.292101e-22 -2.113592e-25 -1.523642e-25 1.884133e-25 -2.492495e-25
11482.202212 4.167825e-32 5.677684e-32 2.354360e-32 1.766939e-33 -2.944403e-36 -2.071117e-36 2.611371e-36 -3.386689e-36
11487.202212 2.318817e-45 3.158842e-45 1.309868e-45 9.820051e-47 -1.659550e-49 -1.146779e-49 1.459377e-49 -1.868332e-49
11492.202212 5.180895e-61 7.057724e-61 2.926610e-61 2.191861e-62 -3.744638e-65 -2.554547e-65 3.260960e-65 -4.137560e-65
11497.202212 4.614909e-79 6.286667e-79 2.606898e-79 1.950586e-80 -3.360785e-83 -2.271633e-83 2.898605e-83 -3.653077e-83
11502.202212 1.631085e-99 2.221933e-99 9.213828e-100 6.888165e-101 -1.194647e-103 -8.022637e-104 1.021382e-103 -1.280116e-103
11507.202212 2.279941e-122 3.105806e-122 1.287927e-122 9.620622e-124 -1.677026e-126 -1.121237e-126 1.423080e-126 -1.774885e-126
11512.202212 1.257430e-147 1.712895e-147 7.103246e-148 5.302009e-149 -9.277633e-152 -6.185315e-152 7.824396e-152 -9.715146e-152
11517.202212 2.731501e-175 3.720869e-175 1.543052e-175 1.150950e-176 -2.019604e-179 -1.344260e-179 1.694991e-179 -2.095839e-179
11522.202212 2.333996e-205 3.179355e-205 1.318519e-205 9.828185e-207 -1.727923e-209 -1.149306e-209 1.444859e-209 -1.779642e-209
11527.202212 7.836663e-238 1.067495e-237 4.427155e-238 3.297928e-239 -5.805285e-242 -3.861302e-242 4.841412e-242 -5.941927e-242
11532.202212 0.000000e+00 0.000000e+00 0.000000e+00 0.000000e+00 0.000000e+00 0.000000e+00 0.000000e+00 0.000000e+00
11534.000000 0.000000e+00 0.000000e+00 0.000000e+00 0.000000e+00 0.000000e+00 0.000000e+00 0.000000e+00 0.000000e+00
11535.000000 0.000000e+00 0.000000e+00 0.000000e+00 0.000000e+00 0.000000e+00 0.000000e+00 0.000000e+00 0.000000e+00
11536.000000 0.000000e+00 0.000000e+00 0.000000e+00 0.000000e+00 0.000000e+00 0.000000e+00 0.000000e+00 0.000000e+00
11537.000000 0.000000e+00 0.000000e+00 0.000000e+00 0.000000e+00 0.000000e+00 0.000000e+00 0.000000e+00 0.000000e+00
11538.000000 0.000000e+00 0.000000e+00 0.000000e+00 0.000000e+00 0.000000e+00 0.000000e+00 0.000000e+00 0.000000e+00
11539.000000 0.000000e+00 0.000000e+00 0.000000e+00 0.000000e+00 0.000000e+00 0.000000e+00 0.000000e+00 0.000000e+00
11540.000000 0.000000e+00 0.000000e+00 0.000000e+00 0.000000e+00 0.000000e+00 0.000000e+00 0.000000e+00 0.000000e+00
11541.000000 0.000000e+00 0.000000e+00 0.000000e+00 0.000000e+00 0.000000e+00 0.000000e+00 0.000000e+00 0.000000e+00
11541.200000 0.000000e+00 0.000000e+00 0.000000e+00 0.000000e+00 0.000000e+00 0.000000e+00 0.000000e+00 0.000000e+00
11541.400000 0.000000e+00 0.000000e+00 0.000000e+00 0.000000e+00 0.000000e+00 0.000000e+00 0.000000e+00 0.000000e+00
11541.600000 0.000000e+00 0.000000e+00 0.000000e+00 0.000000e+00 0.000000e+00 0.000000e+00 0.000000e+00 0.000000e+00
11541.800000 0.000000e+00 0.000000e+00 0.000000e+00 0.000000e+00 0.000000e+00 0.000000e+00 0.000000e+00 0.000000e+00
11542.000000 0.000000e+00 0.000000e+00 0.000000e+00 0.000000e+00 0.000000e+00 0.000000e+00 0.000000e+00 0.000000e+00
11542.200000 0.000000e+00 0.000000e+00 0.000000e+00 0.000000e+00 0.000000e+00 0.000000e+00 0.000000e+00 0.000000e+00
11542.400000 0.000000e+00 0.000000e+00 0.000000e+00 0.000000e+00 0.000000e+00 0.000000e+00 0.000000e+00 0.000000e+00
11542.600000 0.000000e+00 0.000000e+00 0.000000e+00 0.000000e+00 0.000000e+00 0.000000e+00 0.000000e+00 0.000000e+00
11542.800000 0.000000e+00 0.000000e+00 0.000000e+00 0.000000e+00 0.000000e+00 0.000000e+00 0.000000e+00 0.000000e+00
11543.000000 0.000000e+00 0.000000e+00 0.000000e+00 0.000000e+00 0.000000e+00 0.000000e+00 0.000000e+00 0.000000e+00
11543.200000 0.000000e+00 0.000000e+00 0.000000e+00 0.000000e+00 0.000000e+00 0.000000e+00 0.000000e+00 0.000000e+00
11543.400000 0.000000e+00 0.000000e+00 0.000000e+00 0.000000e+00 0.000000e+00 0.000000e+00 0.000000e+00 0.000000e+00
11543.600000 0.000000e+00 0.000000e+00 0.000000e+00 0.000000e+00 0.000000e+00 0.000000e+00 0.000000e+00 0.000000e+00
11543.800000 0.000000e+00 0.000000e+00 0.000000e+00 0.000000e+00 0.000000e+00 0.000000e+00 0.000000e+00 0.000000e+00
11544.000000 0.000000e+00 0.000000e+00 0.000000e+00 0.000000e+00 0.000000e+00 0.000000e+00 0.000000e+00 0.000000e+00
11544.200000 0.000000e+00 0.000000e+00 0.000000e+00 0.000000e+00 0.000000e+00 0.000000e+00 0.000000e+00 0.000000e+00
11544.400000 0.000000e+00 0.000000e+00 0.000000e+00 0.000000e+00 0.000000e+00 0.000000e+00 0.000000e+00 0.000000e+00
11544.600000 0.000000e+00 0.000000e+00 0.000000e+00 0.000000e+00 0.000000e+00 0.000000e+00 0.000000e+00 0.000000e+00
11544.800000 0.000000e+00 0.000000e+00 0.000000e+00 0.000000e+00 0.000000e+00 0.000000e+00 0.000000e+00 0.000000e+00
11545.000000 0.000000e+00 0.000000e+00 0.000000e+00 0.000000e+00 0.000000e+00 0.000000e+00 0.000000e+00 0.000000e+00
11545.200000 0.000000e+00 0.000000e+00 0.000000e+00 0.000000e+00 0.000000e+00 0.000000e+00 0.000000e+00 0.000000e+00
11545.400000 0.000000e+00 0.000000e+00 0.000000e+00 0.000000e+00 0.000000e+00 0.000000e+00 0.000000e+00 0.000000e+00
11545.600000 0.000000e+00 0.000000e+00 0.000000e+00 0.000000e+00 0.000000e+00 0.000000e+00 0.000000e+00 0.000000e+00
11545.800000 0.000000e+00 0.000000e+00 0.000000e+00 0.000000e+00 0.000000e+00 0.000000e+00 0.000000e+00 0.000000e+00
11546.000000 0.000000e+00 0.000000e+00 0.000000e+00 0.000000e+00 0.000000e+00 0.000000e+00 0.000000e+00 0.000000e+00
11546.200000 0.000000e+00 0.000000e+00 0.000000e+00 0.000000e+00 0.000000e+00 0.000000e+00 0.000000e+00 0.000000e+00
11546.400000 0.000000e+00 0.000000e+00 0.000000e+00 0.000000e+00 0.000000e+00 0.000000e+00 0.000000e+00 0.000000e+00
11546.600000 0.000000e+00 0.000000e+00 0.000000e+00 0.000000e+00 0.000000e+00 0.000000e+00 0.000000e+00 0.000000e+00
11546.800000 0.000000e+00 0.000000e+00 0.000000e+00 0.000000e+00 0.000000e+00 0.000000e+00 0.000000e+00 0.000000e+00
11547.000000 0.000000e+00 0.000000e+00 0.000000e+00 0.000000e+00 0.000000e+00 0.000000e+00 0.000000e+00 0.000000e+00
11547.200000 0.000000e+00 0.000000e+00 0.000000e+00 0.000000e+00 0.000000e+00 0.000000e+00 0.000000e+00 0.000000e+00
11547.400000 0.000000e+00 0.000000e+00 0.000000e+00 0.000000e+00 0.000000e+00 0.000000e+00 0.000000e+00 0.000000e+00
11547.600000 0.000000e+00 0.000000e+00 0.000000e+00 0.000000e+00 0.000000e+00 0.000000e+00 0.000000e+00 0.000000e+00
11547.800000 0.000000e+00 0.000000e+00 0.000000e+00 0.000000e+00 0.000000e+00 0.000000e+00 0.000000e+00 0.000000e+00
11548.000000 0.000000e+00 0.000000e+00 0.000000e+00 0.000000e+00 0.000000e+00 0.000000e+00 0.000000e+00 0.000000e+00
11548.200000 0.000000e+00 0.000000e+00 0.000000e+00 0.000000e+00 0.000000e+00 0.000000e+00 0.000000e+00 0.000000e+00
11548.400000 0.000000e+00 0.000000e+00 0.000000e+00 0.000000e+00 0.000000e+00 0.000000e+00 0.000000e+00 0.000000e+00
11548.600000 0.000000e+00 0.000000e+00 0.000000e+00 0.000000e+00 0.000000e+00 0.000000e+00 0.000000e+00 0.000000e+00
11548.800000 0.000000e+00 0.000000e+00 0.000000e+00 0.000000e+00 0.000000e+00 0.000000e+00 0.000000e+00 0.000000e+00
11549.000000 0.000000e+00 0.000000e+00 0.000000e+00 0.000000e+00 0.000000e+00 0.000000e+00 0.000000e+00 0.000000e+00
11549.200000 0.000000e+00 0.000000e+00 0.000000e+00 0.000000e+00 0.000000e+00 0.000000e+00 0.000000e+00 0.000000e+00
11549.400000 0.000000e+00 0.000000e+00 0.000000e+00 0.000000e+00 0.000000e+00 0.000000e+00 0.000000e+00 0.000000e+00
11549.600000 0.000000e+00 0.000000e+00 0.000000e+00 0.000000e+00 0.000000e+00 0.000000e+00 0.000000e+00 0.000000e+00
11549.800000 0.000000e+00 0.000000e+00 0.000000e+00 0.000000e+00 0.000000e+00 0.000000e+00 0.000000e+00 0.000000e+00
11550.000000 0.000000e+00 0.000000e+00 0.000000e+00 0.000000e+00 0.000000e+00 0.000000e+00 0.000000e+00 0.000000e+00
11550.200000 0.000000e+00 0.000000e+00 0.000000e+00 0.000000e+00 0.000000e+00 0.000000e+00 0.000000e+00 0.000000e+00
11550.400000 0.000000e+00 0.000000e+00 0.000000e+00 0.000000e+00 0.000000e+00 0.000000e+00 0.000000e+00 0.000000e+00
11550.600000 0.000000e+00 0.000000e+00 0.000000e+00 0.000000e+00 0.000000e+00 0.000000e+00 0.000000e+00 0.000000e+00
11550.800000 0.000000e+00 0.000000e+00 0.000000e+00 0.000000e+00 0.000000e+00 0.000000e+00 0.000000e+00 0.000000e+00
11551.000000 0.000000e+00 0.000000e+00 0.000000e+00 0.000000e+00 0.000000e+00 0.000000e+00 0.000000e+00 0.000000e+00
11551.200000 0.000000e+00 0.000000e+00 0.000000e+00 0.000000e+00 0.000000e+00 0.000000e+00 0.000000e+00 0.000000e+00
11551.400000 0.000000e+00 0.000000e+00 0.000000e+00 0.000000e+00 0.000000e+00 0.000000e+00 0.000000e+00 0.000000e+00
11551.600000 0.000000e+00 0.000000e+00 0.000000e+00 0.000000e+00 0.000000e+00 0.000000e+00 0.000000e+00 0.000000e+00
11551.800000 0.000000e+00 0.000000e+00 0.000000e+00 0.000000e+00 0.000000e+00 0.000000e+00 0.000000e+00 0.000000e+00
11552.000000 0.000000e+00 0.000000e+00 0.000000e+00 0.000000e+00 0.000000e+00 0.000000e+00 0.000000e+00 0.000000e+00
11552.200000 0.000000e+00 0.000000e+00 0.000000e+00 0.000000e+00 0.000000e+00 0.000000e+00 0.000000e+00 0.000000e+00
11552.400000 0.000000e+00 0.000000e+00 0.000000e+00 0.000000e+00 0.000000e+00 0.000000e+00 0.000000e+00 0.000000e+00
11552.600000 0.000000e+00 0.000000e+00 0.000000e+00 0.000000e+00 0.000000e+00 0.000000e+00 0.000000e+00 0.000000e+00
11552.800000 0.000000e+00 0.000000e+00 0.000000e+00 0.000000e+00 0.000000e+00 0.000000e+00 0.000000e+00 0.000000e+00
11553.000000 0.000000e+00 0.000000e+00 0.000000e+00 0.000000e+00 0.000000e+00 0.000000e+00 0.000000e+00 0.000000e+00
11553.200000 0.000000e+00 0.000000e+00 0.000000e+00 0.000000e+00 0.000000e+00 0.000000e+00 0.000000e+00 0.000000e+00
11553.400000 0.000000e+00 0.000000e+00 0.000000e+00 0.000000e+00 0.000000e+00 0.000000e+00 0.000000e+00 0.000000e+00
11553.600000 0.000000e+00 0.000000e+00 0.000000e+00 0.000000e+00 0.000000e+00 0.000000e+00 0.000000e+00 0.000000e+00
11553.800000 0.000000e+00 0.000000e+00 0.000000e+00 0.000000e+00 0.000000e+00 0.000000e+00 0.000000e+00 0.000000e+00
11554.000000 0.000000e+00 0.000000e+00 0.000000e+00 0.000000e+00 0.000000e+00 0.000000e+00 0.000000e+00 0.000000e+00
11554.200000 0.000000e+00 0.000000e+00 0.000000e+00 0.000000e+00 0.000000e+00 0.000000e+00 0.000000e+00 0.000000e+00
11554.400000 0.000000e+00 0.000000e+00 0.000000e+00 0.000000e+00 0.000000e+00 0.000000e+00 0.000000e+00 0.000000e+00
11554.600000 0.000000e+00 0.000000e+00 0.000000e+00 0.000000e+00 0.000000e+00 0.000000e+00 0.000000e+00 0.000000e+00
11554.800000 0.000000e+00 0.000000e+00 0.000000e+00 0.000000e+00 0.000000e+00 0.000000e+00 0.000000e+00 0.000000e+00
11555.000000 0.000000e+00 0.000000e+00 0.000000e+00 0.000000e+00 0.000000e+00 0.000000e+00 0.000000e+00 0.000000e+00
11555.200000 0.000000e+00 0.000000e+00 0.000000e+00 0.000000e+00 0.000000e+00 0.000000e+00 0.000000e+00 0.000000e+00
11555.400000 0.000000e+00 0.000000e+00 0.000000e+00 0.000000e+00 0.000000e+00 0.000000e+00 0.000000e+00 0.000000e+00
11555.600000 0.000000e+00 0.000000e+00 0.000000e+00 0.000000e+00 0.000000e+00 0.000000e+00 0.000000e+00 0.000000e+00
11555.800000 0.000000e+00 0.000000e+00 0.000000e+00 0.000000e+00 0.000000e+00 0.000000e+00 0.000000e+00 0.000000e+00
11556.000000 0.000000e+00 0.000000e+00 0.000000e+00 0.000000e+00 0.000000e+00 0.000000e+00 0.000000e+00 0.000000e+00
11556.200000 0.000000e+00 0.000000e+00 0.000000e+00 0.000000e+00 0.000000e+00 0.000000e+00 0.000000e+00 0.000000e+00
11556.400000 0.000000e+00 0.000000e+00 0.000000e+00 0.000000e+00 0.000000e+00 0.000000e+00 0.000000e+00 0.000000e+00
11556.600000 0.000000e+00 0.000000e+00 0.000000e+00 0.000000e+00 0.000000e+00 0.000000e+00 0.000000e+00 0.000000e+00
11556.800000 0.000000e+00 0.000000e+00 0.000000e+00 0.000000e+00 0.000000e+00 0.000000e+00 0.000000e+00 0.000000e+00
11557.000000 0.000000e+00 0.000000e+00 0.000000e+00 0.000000e+00 0.000000e+00 0.000000e+00 0.000000e+00 0.000000e+00
11557.200000 0.000000e+00 0.000000e+00 0.000000e+00 0.000000e+00 0.000000e+00 0.000000e+00 0.000000e+00 0.000000e+00
11557.400000 0.000000e+00 0.000000e+00 0.000000e+00 0.000000e+00 0.000000e+00 0.000000e+00 0.000000e+00 0.000000e+00
11557.600000 0.000000e+00 0.000000e+00 0.000000e+00 0.000000e+00 0.000000e+00 0.000000e+00 0.000000e+00 0.000000e+00
11557.800000 0.000000e+00 0.000000e+00 0.000000e+00 0.000000e+00 0.000000e+00 0.000000e+00 0.000000e+00 0.000000e+00
11558.000000 0.000000e+00 0.000000e+00 0.000000e+00 0.000000e+00 0.000000e+00 0.000000e+00 0.000000e+00 0.000000e+00
11558.200000 0.000000e+00 0.000000e+00 0.000000e+00 0.000000e+00 0.000000e+00 0.000000e+00 0.000000e+00 0.000000e+00
11558.400000 0.000000e+00 0.000000e+00 0.000000e+00 0.000000e+00 0.000000e+00 0.000000e+00 0.000000e+00 0.000000e+00
11558.600000 0.000000e+00 0.000000e+00 0.000000e+00 0.000000e+00 0.000000e+00 0.000000e+00 0.000000e+00 0.000000e+00
11558.800000 0.000000e+00 0.000000e+00 0.000000e+00 0.000000e+00 0.000000e+00 0.000000e+00 0.000000e+00 0.000000e+00
11559.000000 0.000000e+00 0.000000e+00 0.000000e+00 0.000000e+00 0.000000e+00 0.000000e+00 0.000000e+00 0.000000e+00
11559.200000 0.000000e+00 0.000000e+00 0.000000e+00 0.000000e+00 0.000000e+00 0.000000e+00 0.000000e+00 0.000000e+00
11559.400000 0.000000e+00 0.000000e+00 0.000000e+00 0.000000e+00 0.000000e+00 0.000000e+00 0.000000e+00 0.000000e+00
11559.600000 0.000000e+00 0.000000e+00 0.000000e+00 0.000000e+00 0.000000e+00 0.000000e+00 0.000000e+00 0.000000e+00
11559.800000 0.000000e+00 0.000000e+00 0.000000e+00 0.000000e+00 0.000000e+00 0.000000e+00 0.000000e+00 0.000000e+00
11560.000000 0.000000e+00 0.000000e+00 0.000000e+00 0.000000e+00 0.000000e+00 0.000000e+00 0.000000e+00 0.000000e+00
11560.200000 0.000000e+00 0.000000e+00 0.000000e+00 0.000000e+00 0.000000e+00 0.000000e+00 0.000000e+00 0.000000e+00
11560.400000 0.000000e+00 0.000000e+00 0.000000e+00 0.000000e+00 0.000000e+00 0.000000e+00 0.000000e+00 0.000000e+00
11560.600000 0.000000e+00 0.000000e+00 0.000000e+00 0.000000e+00 0.000000e+00 0.000000e+00 0.000000e+00 0.000000e+00
11560.800000 0.000000e+00 0.000000e+00 0.000000e+00 0.000000e+00 0.000000e+00 0.000000e+00 0.000000e+00 0.000000e+00
11561.000000 0.000000e+00 0.000000e+00 0.000000e+00 0.000000e+00 0.000000e+00 0.000000e+00 0.000000e+00 0.000000e+00
11561.200000 0.000000e+00 0.000000e+00 0.000000e+00 0.000000e+00 0.000000e+00 0.000000e+00 0.000000e+00 0.000000e+00
11561.400000 0.000000e+00 0.000000e+00 0.000000e+00 0.000000e+00 0.000000e+00 0.000000e+00 0.000000e+00 0.000000e+00
11561.600000 0.000000e+00 0.000000e+00 0.000000e+00 0.000000e+00 0.000000e+00 0.000000e+00 0.000000e+00 0.000000e+00
11561.800000 0.000000e+00 0.000000e+00 0.000000e+00 0.000000e+00 0.000000e+00 0.000000e+00 0.000000e+00 0.000000e+00
11562.000000 0.000000e+00 0.000000e+00 0.000000e+00 0.000000e+00 0.000000e+00 0.000000e+00 0.000000e+00 0.000000e+00
11562.200000 0.000000e+00 0.000000e+00 0.000000e+00 0.000000e+00 0.000000e+00 0.000000e+00 0.000000e+00 0.000000e+00
11562.400000 0.000000e+00 0.000000e+00 0.000000e+00 0.000000e+00 0.000000e+00 0.000000e+00 0.000000e+00 0.000000e+00
11562.600000 0.000000e+00 0.000000e+00 0.000000e+00 0.000000e+00 0.000000e+00 0.000000e+00 0.000000e+00 0.000000e+00
11562.800000 0.000000e+00 0.000000e+00 0.000000e+00 0.000000e+00 0.000000e+00 0.000000e+00 0.000000e+00 0.000000e+00
11563.000000 0.000000e+00 0.000000e+00 0.000000e+00 0.000000e+00 0.000000e+00 0.000000e+00 0.000000e+00 0.000000e+00
11563.200000 0.000000e+00 0.000000e+00 0.000000e+00 0.000000e+00 0.000000e+00 0.000000e+00 0.000000e+00 0.000000e+00
11563.400000 0.000000e+00 0.000000e+00 0.000000e+00 0.000000e+00 0.000000e+00 0.000000e+00 0.000000e+00 0.000000e+00
11563.600000 0.000000e+00 0.000000e+00 0.000000e+00 0.000000e+00 0.000000e+00 0.000000e+00 0.000000e+00 0.000000e+00
11563.800000 0.000000e+00 0.000000e+00 0.000000e+00 0.000000e+00 0.000000e+00 0.000000e+00 0.000000e+00 0.000000e+00
11564.000000 0.000000e+00 0.000000e+00 0.000000e+00 0.000000e+00 0.000000e+00 0.000000e+00 0.000000e+00 0.000000e+00
11564.200000 0.000000e+00 0.000000e+00 0.000000e+00 0.000000e+00 0.000000e+00 0.000000e+00 0.000000e+00 0.000000e+00
11564.400000 0.000000e+00 0.000000e+00 0.000000e+00 0.000000e+00 0.000000e+00 0.000000e+00 0.000000e+00 0.000000e+00
11564.600000 0.000000e+00 0.000000e+00 0.000000e+00 0.000000e+00 0.000000e+00 0.000000e+00 0.000000e+00 0.000000e+00
11564.800000 0.000000e+00 0.000000e+00 0.000000e+00 0.000000e+00 0.000000e+00 0.000000e+00 0.000000e+00 0.000000e+00
11565.000000 0.000000e+00 0.000000e+00 0.000000e+00 0.000000e+00 0.000000e+00 0.000000e+00 0.000000e+00 0.000000e+00
11565.200000 0.000000e+00 0.000000e+00 0.000000e+00 0.000000e+00 0.000000e+00 0.000000e+00 0.000000e+00 0.000000e+00
11565.400000 0.000000e+00 0.000000e+00 0.000000e+00 0.000000e+00 0.000000e+00 0.000000e+00 0.000000e+00 0.000000e+00
11565.600000 0.000000e+00 0.000000e+00 0.000000e+00 0.000000e+00 0.000000e+00 0.000000e+00 0.000000e+00 0.000000e+00
11565.800000 0.000000e+00 0.000000e+00 0.000000e+00 0.000000e+00 0.000000e+00 0.000000e+00 0.000000e+00 0.000000e+00
11566.000000 0.000000e+00 0.000000e+00 0.000000e+00 0.000000e+00 0.000000e+00 0.000000e+00 0.000000e+00 0.000000e+00
11566.200000 0.000000e+00 0.000000e+00 0.000000e+00 0.000000e+00 0.000000e+00 0.000000e+00 0.000000e+00 0.000000e+00
11566.400000 0.000000e+00 0.000000e+00 0.000000e+00 0.000000e+00 0.000000e+00 0.000000e+00 0.000000e+00 0.000000e+00
11566.600000 0.000000e+00 0.000000e+00 0.000000e+00 0.000000e+00 0.000000e+00 0.000000e+00 0.000000e+00 0.000000e+00
11566.800000 0.000000e+00 0.000000e+00 0.000000e+00 0.000000e+00 0.000000e+00 0.000000e+00 0.000000e+00 0.000000e+00
11567.000000 0.000000e+00 0.000000e+00 0.000000e+00 0.000000e+00 0.000000e+00 0.000000e+00 0.000000e+00 0.000000e+00
11567.200000 0.000000e+00 0.000000e+00 0.000000e+00 0.000000e+00 0.000000e+00 0.000000e+00 0.000000e+00 0.000000e+00
11567.400000 0.000000e+00 0.000000e+00 0.000000e+00 0.000000e+00 0.000000e+00 0.000000e+00 0.000000e+00 0.000000e+00
11567.600000 0.000000e+00 0.000000e+00 0.000000e+00 0.000000e+00 0.000000e+00 0.000000e+00 0.000000e+00 0.000000e+00
11567.800000 0.000000e+00 0.000000e+00 0.000000e+00 0.000000e+00 0.000000e+00 0.000000e+00 0.000000e+00 0.000000e+00
11568.000000 0.000000e+00 0.000000e+00 0.000000e+00 0.000000e+00 0.000000e+00 0.000000e+00 0.000000e+00 0.000000e+00
11568.200000 0.000000e+00 0.000000e+00 0.000000e+00 0.000000e+00 0.000000e+00 0.000000e+00 0.000000e+00 0.000000e+00
11568.400000 0.000000e+00 0.000000e+00 0.000000e+00 0.000000e+00 0.000000e+00 0.000000e+00 0.000000e+00 0.000000e+00
11568.600000 0.000000e+00 0.000000e+00 0.000000e+00 0.000000e+00 0.000000e+00 0.000000e+00 0.000000e+00 0.000000e+00
11568.800000 0.000000e+00 0.000000e+00 0.000000e+00 0.000000e+00 0.000000e+00 0.000000e+00 0.000000e+00 0.000000e+00
11569.000000 0.000000e+00 0.000000e+00 0.000000e+00 0.000000e+00 0.000000e+00 0.000000e+00 0.000000e+00 0.000000e+00
11569.200000 0.000000e+00 0.000000e+00 0.000000e+00 0.000000e+00 0.000000e+00 0.000000e+00 0.000000e+00 0.000000e+00
11569.400000 0.000000e+00 0.000000e+00 0.000000e+00 0.000000e+00 0.000000e+00 0.000000e+00 0.000000e+00 0.000000e+00
11569.600000 0.000000e+00 0.000000e+00 0.000000e+00 0.000000e+00 0.000000e+00 0.000000e+00 0.000000e+00 0.000000e+00
11569.800000 0.000000e+00 0.000000e+00 0.000000e+00 0.000000e+00 0.000000e+00 0.000000e+00 0.000000e+00 0.000000e+00
11570.000000 0.000000e+00 0.000000e+00 0.000000e+00 0.000000e+00 0.000000e+00 0.000000e+00 0.000000e+00 0.000000e+00
11570.200000 0.000000e+00 0.000000e+00 0.000000e+00 0.000000e+00 0.000000e+00 0.000000e+00 0.000000e+00 0.000000e+00
11570.400000 0.000000e+00 0.000000e+00 0.000000e+00 0.000000e+00 0.000000e+00 0.000000e+00 0.000000e+00 0.000000e+00
11570.600000 0.000000e+00 0.000000e+00 0.000000e+00 0.000000e+00 0.000000e+00 0.000000e+00 0.000000e+00 0.000000e+00
11570.800000 0.000000e+00 0.000000e+00 0.000000e+00 0.000000e+00 0.000000e+00 0.000000e+00 0.000000e+00 0.000000e+00
11571.000000 0.000000e+00 0.000000e+00 0.000000e+00 0.000000e+00 0.000000e+00 0.000000e+00 0.000000e+00 0.000000e+00
11571.200000 0.000000e+00 0.000000e+00 0.000000e+00 0.000000e+00 0.000000e+00 0.000000e+00 0.000000e+00 0.000000e+00
11571.400000 0.000000e+00 0.000000e+00 0.000000e+00 0.000000e+00 0.000000e+00 0.000000e+00 0.000000e+00 0.000000e+00
11571.600000 0.000000e+00 0.000000e+00 0.000000e+00 0.000000e+00 0.000000e+00 0.000000e+00 0.000000e+00 0.000000e+00
11571.800000 0.000000e+00 0.000000e+00 0.000000e+00 0.000000e+00 0.000000e+00 0.000000e+00 0.000000e+00 0.000000e+00
11572.000000 0.000000e+00 0.000000e+00 0.000000e+00 0.000000e+00 0.000000e+00 0.000000e+00 0.000000e+00 0.000000e+00
11572.200000 0.000000e+00 0.000000e+00 0.000000e+00 0.000000e+00 0.000000e+00 0.000000e+00 0.000000e+00 0.000000e+00
11572.400000 0.000000e+00 0.000000e+00 0.000000e+00 0.000000e+00 0.000000e+00 0.000000e+00 0.000000e+00 0.000000e+00
11572.600000 0.000000e+00 0.000000e+00 0.000000e+00 0.000000e+00 0.000000e+00 0.000000e+00 0.000000e+00 0.000000e+00
11572.800000 0.000000e+00 0.000000e+00 0.000000e+00 0.000000e+00 0.000000e+00 0.000000e+00 0.000000e+00 0.000000e+00
11573.000000 0.000000e+00 0.000000e+00 0.000000e+00 0.000000e+00 0.000000e+00 0.000000e+00 0.000000e+00 0.000000e+00
11573.200000 0.000000e+00 0.000000e+00 0.000000e+00 0.000000e+00 0.000000e+00 0.000000e+00 0.000000e+00 0.000000e+00
11573.400000 0.000000e+00 0.000000e+00 0.000000e+00 0.000000e+00 0.000000e+00 0.000000e+00 0.000000e+00 0.000000e+00
11573.600000 0.000000e+00 0.000000e+00 0.000000e+00 0.000000e+00 0.000000e+00 0.000000e+00 0.000000e+00 0.000000e+00
11573.800000 0.000000e+00 0.000000e+00 0.000000e+00 0.000000e+00 0.000000e+00 0.000000e+00 0.000000e+00 0.000000e+00
11574.000000 0.000000e+00 0.000000e+00 0.000000e+00 0.000000e+00 0.000000e+00 0.000000e+00 0.000000e+00 0.000000e+00
11574.200000 0.000000e+00 0.000000e+00 0.000000e+00 0.000000e+00 0.000000e+00 0.000000e+00 0.000000e+00 0.000000e+00
11574.400000 0.000000e+00 0.000000e+00 0.000000e+00 0.000000e+00 0.000000e+00 0.000000e+00 0.000000e+00 0.000000e+00
11574.600000 0.000000e+00 0.000000e+00 0.000000e+00 0.000000e+00 0.000000e+00 0.000000e+00 0.000000e+00 0.000000e+00
11574.800000 0.000000e+00 0.000000e+00 0.000000e+00 0.000000e+00 0.000000e+00 0.000000e+00 0.000000e+00 0.000000e+00
11575.000000 0.000000e+00 0.000000e+00 0.000000e+00 0.000000e+00 0.000000e+00 0.000000e+00 0.000000e+00 0.000000e+00
11575.200000 0.000000e+00 0.000000e+00 0.000000e+00 0.000000e+00 0.000000e+00 0.000000e+00 0.000000e+00 0.000000e+00
11575.400000 0.000000e+00 0.000000e+00 0.000000e+00 0.000000e+00 0.000000e+00 0.000000e+00 0.000000e+00 0.000000e+00
11575.600000 0.000000e+00 0.000000e+00 0.000000e+00 0.000000e+00 0.000000e+00 0.000000e+00 0.000000e+00 0.000000e+00
11575.800000 0.000000e+00 0.000000e+00 0.000000e+00 0.000000e+00 0.000000e+00 0.000000e+00 0.000000e+00 0.000000e+00
11576.000000 0.000000e+00 0.000000e+00 0.000000e+00 0.000000e+00 0.000000e+00 0.000000e+00 0.000000e+00 0.000000e+00
11576.200000 0.000000e+00 0.000000e+00 0.000000e+00 0.000000e+00 0.000000e+00 0.000000e+00 0.000000e+00 0.000000e+00
11576.400000 0.000000e+00 0.000000e+00 0.000000e+00 0.000000e+00 0.000000e+00 0.000000e+00 0.000000e+00 0.000000e+00
11576.600000 0.000000e+00 0.000000e+00 0.000000e+00 0.000000e+00 0.000000e+00 0.000000e+00 0.000000e+00 0.000000e+00
11576.800000 0.000000e+00 0.000000e+00 0.000000e+00 0.000000e+00 0.000000e+00 0.000000e+00 0.000000e+00 0.000000e+00
11577.000000 0.000000e+00 0.000000e+00 0.000000e+00 0.000000e+00 0.000000e+00 0.000000e+00 0.000000e+00 0.000000e+00
11577.200000 0.000000e+00 0.000000e+00 0.000000e+00 0.000000e+00 0.000000e+00 0.000000e+00 0.000000e+00 0.000000e+00
11577.400000 0.000000e+00 0.000000e+00 0.000000e+00 0.000000e+00 0.000000e+00 0.000000e+00 0.000000e+00 0.000000e+00
11577.600000 0.000000e+00 0.000000e+00 0.000000e+00 0.000000e+00 0.000000e+00 0.000000e+00 0.000000e+00 0.000000e+00
11577.800000 0.000000e+00 0.000000e+00 0.000000e+00 0.000000e+00 0.000000e+00 0.000000e+00 0.000000e+00 0.000000e+00
11578.000000 0.000000e+00 0.000000e+00 0.000000e+00 0.000000e+00 0.000000e+00 0.000000e+00 0.000000e+00 0.000000e+00
11578.200000 0.000000e+00 0.000000e+00 0.000000e+00 0.000000e+00 0.000000e+00 0.000000e+00 0.000000e+00 0.000000e+00
11578.400000 0.000000e+00 0.000000e+00 0.000000e+00 0.000000e+00 0.000000e+00 0.000000e+00 0.000000e+00 0.000000e+00
11578.600000 0.000000e+00 0.000000e+00 0.000000e+00 0.000000e+00 0.000000e+00 0.000000e+00 0.000000e+00 0.000000e+00
11578.800000 0.000000e+00 0.000000e+00 0.000000e+00 0.000000e+00 0.000000e+00 0.000000e+00 0.000000e+00 0.000000e+00
11579.000000 0.000000e+00 0.000000e+00 0.000000e+00 0.000000e+00 0.000000e+00 0.000000e+00 0.000000e+00 0.000000e+00
11579.200000 0.000000e+00 0.000000e+00 0.000000e+00 0.000000e+00 0.000000e+00 0.000000e+00 0.000000e+00 0.000000e+00
11579.400000 0.000000e+00 0.000000e+00 0.000000e+00 0.000000e+00 0.000000e+00 0.000000e+00 0.000000e+00 0.000000e+00
11579.600000 0.000000e+00 0.000000e+00 0.000000e+00 0.000000e+00 0.000000e+00 0.000000e+00 0.000000e+00 0.000000e+00
11579.800000 0.000000e+00 0.000000e+00 0.000000e+00 0.000000e+00 0.000000e+00 0.000000e+00 0.000000e+00 0.000000e+00
11580.000000 0.000000e+00 0.000000e+00 0.000000e+00 0.000000e+00 0.000000e+00 0.000000e+00 0.000000e+00 0.000000e+00
11580.200000 0.000000e+00 0.000000e+00 0.000000e+00 0.000000e+00 0.000000e+00 0.000000e+00 0.000000e+00 0.000000e+00
11580.400000 0.000000e+00 0.000000e+00 0.000000e+00 0.000000e+00 0.000000e+00 0.000000e+00 0.000000e+00 0.000000e+00
11580.600000 0.000000e+00 0.000000e+00 0.000000e+00 0.000000e+00 0.000000e+00 0.000000e+00 0.000000e+00 0.000000e+00
11580.800000 0.000000e+00 0.000000e+00 0.000000e+00 0.000000e+00 0.000000e+00 0.000000e+00 0.000000e+00 0.000000e+00
11581.000000 0.000000e+00 0.000000e+00 0.000000e+00 0.000000e+00 0.000000e+00 0.000000e+00 0.000000e+00 0.000000e+00
11581.200000 0.000000e+00 0.000000e+00 0.000000e+00 0.000000e+00 0.000000e+00 0.000000e+00 0.000000e+00 0.000000e+00
11581.400000 0.000000e+00 0.000000e+00 0.000000e+00 0.000000e+00 0.000000e+00 0.000000e+00 0.000000e+00 0.000000e+00
11581.600000 0.000000e+00 0.000000e+00 0.000000e+00 0.000000e+00 0.000000e+00 0.000000e+00 0.000000e+00 0.000000e+00
11581.800000 0.000000e+00 0.000000e+00 0.000000e+00 0.000000e+00 0.000000e+00 0.000000e+00 0.000000e+00 0.000000e+00
11582.000000 0.000000e+00 0.000000e+00 0.000000e+00 0.000000e+00 0.000000e+00 0.000000e+00 0.000000e+00 0.000000e+00
11582.200000 0.000000e+00 0.000000e+00 0.000000e+00 0.000000e+00 0.000000e+00 0.000000e+00 0.000000e+00 0.000000e+00
11582.400000 0.000000e+00 0.000000e+00 0.000000e+00 0.000000e+00 0.000000e+00 0.000000e+00 0.000000e+00 0.000000e+00
11582.600000 0.000000e+00 0.000000e+00 0.000000e+00 0.000000e+00 0.000000e+00 0.000000e+00 0.000000e+00 0.000000e+00
11582.800000 0.000000e+00 0.000000e+00 0.000000e+00 0.000000e+00 0.000000e+00 0.000000e+00 0.000000e+00 0.000000e+00
11583.000000 0.000000e+00 0.000000e+00 0.000000e+00 0.000000e+00 0.000000e+00 0.000000e+00 0.000000e+00 0.000000e+00
11583.200000 0.000000e+00 0.000000e+00 0.000000e+00 0.000000e+00 0.000000e+00 0.000000e+00 0.000000e+00 0.000000e+00
11583.400000 0.000000e+00 0.000000e+00 0.000000e+00 0.000000e+00 0.000000e+00 0.000000e+00 0.000000e+00 0.000000e+00
11583.600000 0.000000e+00 0.000000e+00 0.000000e+00 0.000000e+00 0.000000e+00 0.000000e+00 0.000000e+00 0.000000e+00
11583.800000 0.000000e+00 0.000000e+00 0.000000e+00 0.000000e+00 0.000000e+00 0.000000e+00 0.000000e+00 0.000000e+00
11584.000000 0.000000e+00 0.000000e+00 0.000000e+00 0.000000e+00 0.000000e+00 0.000000e+00 0.000000e+00 0.000000e+00
11584.200000 0.000000e+00 0.000000e+00 0.000000e+00 0.000000e+00 0.000000e+00 0.000000e+00 0.000000e+00 0.000000e+00
11584.400000 0.000000e+00 0.000000e+00 0.000000e+00 0.000000e+00 0.000000e+00 0.000000e+00 0.000000e+00 0.000000e+00
11584.600000 0.000000e+00 0.000000e+00 0.000000e+00 0.000000e+00 0.000000e+00 0.000000e+00 0.000000e+00 0.000000e+00
11584.800000 0.000000e+00 0.000000e+00 0.000000e+00 0.000000e+00 0.000000e+00 0.000000e+00 0.000000e+00 0.000000e+00
11585.000000 0.000000e+00 0.000000e+00 0.000000e+00 0.000000e+00 0.000000e+00 0.000000e+00 0.000000e+00 0.000000e+00
11585.200000 0.000000e+00 0.000000e+00 0.000000e+00 0.000000e+00 0.000000e+00 0.000000e+00 0.000000e+00 0.000000e+00
11585.400000 0.000000e+00 0.000000e+00 0.000000e+00 0.000000e+00 0.000000e+00 0.000000e+00 0.000000e+00 0.000000e+00
11585.600000 0.000000e+00 0.000000e+00 0.000000e+00 0.000000e+00 0.000000e+00 0.000000e+00 0.000000e+00 0.000000e+00
11585.800000 0.000000e+00 0.000000e+00 0.000000e+00 0.000000e+00 0.000000e+00 0.000000e+00 0.000000e+00 0.000000e+00
11586.000000 0.000000e+00 0.000000e+00 0.000000e+00 0.000000e+00 0.000000e+00 0.000000e+00 0.000000e+00 0.000000e+00
11586.200000 0.000000e+00 0.000000e+00 0.000000e+00 0.000000e+00 0.000000e+00 0.000000e+00 0.000000e+00 0.000000e+00
11586.400000 0.000000e+00 0.000000e+00 0.000000e+00 0.000000e+00 0.000000e+00 0.000000e+00 0.000000e+00 0.000000e+00
11586.600000 0.000000e+00 0.000000e+00 0.000000e+00 0.000000e+00 0.000000e+00 0.000000e+00 0.000000e+00 0.000000e+00
11586.800000 0.000000e+00 0.000000e+00 0.000000e+00 0.000000e+00 0.000000e+00 0.000000e+00 0.000000e+00 0.000000e+00
11587.000000 0.000000e+00 0.000000e+00 0.000000e+00 0.000000e+00 0.000000e+00 0.000000e+00 0.000000e+00 0.000000e+00
11587.200000 0.000000e+00 0.000000e+00 0.000000e+00 0.000000e+00 0.000000e+00 0.000000e+00 0.000000e+00 0.000000e+00
11587.400000 0.000000e+00 0.000000e+00 0.000000e+00 0.000000e+00 0.000000e+00 0.000000e+00 0.000000e+00 0.000000e+00
11587.600000 0.000000e+00 0.000000e+00 0.000000e+00 0.000000e+00 0.000000e+00 0.000000e+00 0.000000e+00 0.000000e+00
11587.800000 0.000000e+00 0.000000e+00 0.000000e+00 0.000000e+00 0.000000e+00 0.000000e+00 0.000000e+00 0.000000e+00
11588.000000 0.000000e+00 0.000000e+00 0.000000e+00 0.000000e+00 0.000000e+00 0.000000e+00 0.000000e+00 0.000000e+00
11588.200000 0.000000e+00 0.000000e+00 0.000000e+00 0.000000e+00 0.000000e+00 0.000000e+00 0.000000e+00 0.000000e+00
11588.400000 0.000000e+00 0.000000e+00 0.000000e+00 0.000000e+00 0.000000e+00 0.000000e+00 0.000000e+00 0.000000e+00
11588.600000 0.000000e+00 0.000000e+00 0.000000e+00 0.000000e+00 0.000000e+00 0.000000e+00 0.000000e+00 0.000000e+00
11588.800000 0.000000e+00 0.000000e+00 0.000000e+00 0.000000e+00 0.000000e+00 0.000000e+00 0.000000e+00 0.000000e+00
11589.000000 0.000000e+00 0.000000e+00 0.000000e+00 0.000000e+00 0.000000e+00 0.000000e+00 0.000000e+00 0.000000e+00
11589.200000 0.000000e+00 0.000000e+00 0.000000e+00 0.000000e+00 0.000000e+00 0.000000e+00 0.000000e+00 0.000000e+00
11589.400000 0.000000e+00 0.000000e+00 0.000000e+00 0.000000e+00 0.000000e+00 0.000000e+00 0.000000e+00 0.000000e+00
11589.600000 0.000000e+00 0.000000e+00 0.000000e+00 0.000000e+00 0.000000e+00 0.000000e+00 0.000000e+00 0.000000e+00
11589.800000 0.000000e+00 0.000000e+00 0.000000e+00 0.000000e+00 0.000000e+00 0.000000e+00 0.000000e+00 0.000000e+00
11590.000000 0.000000e+00 0.000000e+00 0.000000e+00 0.000000e+00 0.000000e+00 0.000000e+00 0.000000e+00 0.000000e+00
11590.200000 0.000000e+00 0.000000e+00 0.000000e+00 0.000000e+00 0.000000e+00 0.000000e+00 0.000000e+00 0.000000e+00
11590.400000 0.000000e+00 0.000000e+00 0.000000e+00 0.000000e+00 0.000000e+00 0.000000e+00 0.000000e+00 0.000000e+00
11590.600000 0.000000e+00 0.000000e+00 0.000000e+00 0.000000e+00 0.000000e+00 0.000000e+00 0.000000e+00 0.000000e+00
11590.800000 0.000000e+00 0.000000e+00 0.000000e+00 0.000000e+00 0.000000e+00 0.000000e+00 0.000000e+00 0.000000e+00
11591.000000 0.000000e+00 0.000000e+00 0.000000e+00 0.000000e+00 0.000000e+00 0.000000e+00 0.000000e+00 0.000000e+00
11591.200000 0.000000e+00 0.000000e+00 0.000000e+00 0.000000e+00 0.000000e+00 0.000000e+00 0.000000e+00 0.000000e+00
11591.400000 0.000000e+00 0.000000e+00 0.000000e+00 0.000000e+00 0.000000e+00 0.000000e+00 0.000000e+00 0.000000e+00
11591.600000 0.000000e+00 0.000000e+00 0.000000e+00 0.000000e+00 0.000000e+00 0.000000e+00 0.000000e+00 0.000000e+00
11591.800000 0.000000e+00 0.000000e+00 0.000000e+00 0.000000e+00 0.000000e+00 0.000000e+00 0.000000e+00 0.000000e+00
11592.000000 0.000000e+00 0.000000e+00 0.000000e+00 0.000000e+00 0.000000e+00 0.000000e+00 0.000000e+00 0.000000e+00
11592.200000 0.000000e+00 0.000000e+00 0.000000e+00 0.000000e+00 0.000000e+00 0.000000e+00 0.000000e+00 0.000000e+00
11592.400000 0.000000e+00 0.000000e+00 0.000000e+00 0.000000e+00 0.000000e+00 0.000000e+00 0.000000e+00 0.000000e+00
11592.600000 0.000000e+00 0.000000e+00 0.000000e+00 0.000000e+00 0.000000e+00 0.000000e+00 0.000000e+00 0.000000e+00
11592.800000 0.000000e+00 0.000000e+00 0.000000e+00 0.000000e+00 0.000000e+00 0.000000e+00 0.000000e+00 0.000000e+00
11593.000000 0.000000e+00 0.000000e+00 0.000000e+00 0.000000e+00 0.000000e+00 0.000000e+00 0.000000e+00 0.000000e+00
11593.200000 0.000000e+00 0.000000e+00 0.000000e+00 0.000000e+00 0.000000e+00 0.000000e+00 0.000000e+00 0.000000e+00
11593.400000 0.000000e+00 0.000000e+00 0.000000e+00 0.000000e+00 0.000000e+00 0.000000e+00 0.000000e+00 0.000000e+00
11593.600000 0.000000e+00 0.000000e+00 0.000000e+00 0.000000e+00 0.000000e+00 0.000000e+00 0.000000e+00 0.000000e+00
11593.800000 0.000000e+00 0.000000e+00 0.000000e+00 0.000000e+00 0.000000e+00 0.000000e+00 0.000000e+00 0.000000e+00
11594.000000 0.000000e+00 0.000000e+00 0.000000e+00 0.000000e+00 0.000000e+00 0.000000e+00 0.000000e+00 0.000000e+00
11594.200000 0.000000e+00 0.000000e+00 0.000000e+00 0.000000e+00 0.000000e+00 0.000000e+00 0.000000e+00 0.000000e+00
11594.400000 0.000000e+00 0.000000e+00 0.000000e+00 0.000000e+00 0.000000e+00 0.000000e+00 0.000000e+00 0.000000e+00
11594.600000 0.000000e+00 0.000000e+00 0.000000e+00 0.000000e+00 0.000000e+00 0.000000e+00 0.000000e+00 0.000000e+00
11594.800000 0.000000e+00 0.000000e+00 0.000000e+00 0.000000e+00 0.000000e+00 0.000000e+00 0.000000e+00 0.000000e+00
11595.000000 0.000000e+00 0.000000e+00 0.000000e+00 0.000000e+00 0.000000e+00 0.000000e+00 0.000000e+00 0.000000e+00
11595.200000 0.000000e+00 0.000000e+00 0.000000e+00 0.000000e+00 0.000000e+00 0.000000e+00 0.000000e+00 0.000000e+00
11595.400000 0.000000e+00 0.000000e+00 0.000000e+00 0.000000e+00 0.000000e+00 0.000000e+00 0.000000e+00 0.000000e+00
11595.600000 0.000000e+00 0.000000e+00 0.000000e+00 0.000000e+00 0.000000e+00 0.000000e+00 0.000000e+00 0.000000e+00
11595.800000 0.000000e+00 0.000000e+00 0.000000e+00 0.000000e+00 0.000000e+00 0.000000e+00 0.000000e+00 0.000000e+00
11596.000000 0.000000e+00 0.000000e+00 0.000000e+00 0.000000e+00 0.000000e+00 0.000000e+00 0.000000e+00 0.000000e+00
11596.200000 0.000000e+00 0.000000e+00 0.000000e+00 0.000000e+00 0.000000e+00 0.000000e+00 0.000000e+00 0.000000e+00
11596.400000 0.000000e+00 0.000000e+00 0.000000e+00 0.000000e+00 0.000000e+00 0.000000e+00 0.000000e+00 0.000000e+00
11596.600000 0.000000e+00 0.000000e+00 0.000000e+00 0.000000e+00 0.000000e+00 0.000000e+00 0.000000e+00 0.000000e+00
11596.800000 0.000000e+00 0.000000e+00 0.000000e+00 0.000000e+00 0.000000e+00 0.000000e+00 0.000000e+00 0.000000e+00
11597.000000 0.000000e+00 0.000000e+00 0.000000e+00 0.000000e+00 0.000000e+00 0.000000e+00 0.000000e+00 0.000000e+00
11597.700000 0.000000e+00 0.000000e+00 0.000000e+00 0.000000e+00 0.000000e+00 0.000000e+00 0.000000e+00 0.000000e+00
11598.400000 0.000000e+00 0.000000e+00 0.000000e+00 0.000000e+00 0.000000e+00 0.000000e+00 0.000000e+00 0.000000e+00
11599.100000 0.000000e+00 0.000000e+00 0.000000e+00 0.000000e+00 0.000000e+00 0.000000e+00 0.000000e+00 0.000000e+00
11599.800000 0.000000e+00 0.000000e+00 0.000000e+00 0.000000e+00 0.000000e+00 0.000000e+00 0.000000e+00 0.000000e+00
11600.500000 0.000000e+00 0.000000e+00 0.000000e+00 0.000000e+00 0.000000e+00 0.000000e+00 0.000000e+00 0.000000e+00
11601.200000 0.000000e+00 0.000000e+00 0.000000e+00 0.000000e+00 0.000000e+00 0.000000e+00 0.000000e+00 0.000000e+00
11601.900000 0.000000e+00 0.000000e+00 0.000000e+00 0.000000e+00 0.000000e+00 0.000000e+00 0.000000e+00 0.000000e+00
11602.600000 0.000000e+00 0.000000e+00 0.000000e+00 0.000000e+00 0.000000e+00 0.000000e+00 0.000000e+00 0.000000e+00
11603.300000 0.000000e+00 0.000000e+00 0.000000e+00 0.000000e+00 0.000000e+00 0.000000e+00 0.000000e+00 0.000000e+00
