# Facility: NSLS-II
# Beamline: QAS
# Year: 2022
# Cycle: 2
# SAF: 309618
# PI: Wang
# Proposal: 309017
# Scan ID: 52212
# UID: 73ae3bb5-3724-4aad-9d89-91e71bc3a1ee
# Comment: 
# Start time: 07/18/2022  09:56:29
# Stop time: 07/18/2022  09:57:01
# Total time: 00:31
# Trajectory name: Pt-L3-30s-11564.txt
# Element: Platinum ( 78)
# Edge: L3
# E0: 11564
# Reference Foil Element: Pt
# Keithley Gains I0: 1E7 V/A It: 1E6 V/A Iref: 1E7 V/A PIPS: 1E8 V/A 
# Ion Chamber Gas Flow Rates: I0: 0.00 sccm He + 99.70 sccm N2 + 0.00 sccm Ar 
# Ion Chamber Gas Flow Rates: It&Iref: 89.80 sccm N2 + 210.20 sccm Ar
# Incident Beam Path Vertical: -27.99 mm
# Incident Slits Positions B: TOP: 1.0 mm Bottom: -1.0 mm Inboard: -2.0 mm Outboard: 2.0 mm
# Sample Stage Positions: Rotation: 45.0 deg Horizontal: 0.00 mm Vertical: -20.00 mm Beam Direction: 0.00 mm
# PerkinElmer Vertical Position: 500.00 mm
# Front End Mirror Horizontal Positions: Up: -14.00 mm Down: -14.00 mm
#
# energy  i0  it  ir  iff  aux1  aux2  aux3  aux4
11377.744420 4.691057e-01 5.469621e-01 6.313379e-01 1.597534e-02 -3.219229e-05 -2.868869e-05 2.102078e-05 -4.562582e-05
11382.744420 9.271059e-01 1.081607e+00 1.250750e+00 3.152291e-02 -6.089617e-05 -5.908211e-05 4.805717e-05 -9.551797e-05
11387.744420 9.313227e-01 1.087488e+00 1.260886e+00 3.176840e-02 -5.359665e-05 -5.544814e-05 5.628779e-05 -9.268767e-05
11392.744420 9.259393e-01 1.082358e+00 1.258043e+00 3.162671e-02 -5.634992e-05 -5.111557e-05 5.330716e-05 -1.009349e-04
11397.744420 9.260640e-01 1.083420e+00 1.262583e+00 3.146147e-02 -5.324038e-05 -4.474998e-05 4.708268e-05 -1.029066e-04
11402.744420 9.239645e-01 1.081936e+00 1.264165e+00 3.149698e-02 -5.800321e-05 -4.621127e-05 4.437111e-05 -9.965536e-05
11407.744420 9.253170e-01 1.084511e+00 1.270480e+00 3.147605e-02 -5.778625e-05 -4.845729e-05 4.726731e-05 -8.391202e-05
11412.744420 9.235711e-01 1.083274e+00 1.272352e+00 3.150209e-02 -5.865829e-05 -5.329039e-05 4.443957e-05 -7.890489e-05
11417.744420 9.172724e-01 1.076995e+00 1.268107e+00 3.149326e-02 -5.125498e-05 -6.051340e-05 3.949081e-05 -8.082169e-05
11422.744420 9.051511e-01 1.064188e+00 1.255863e+00 3.125282e-02 -5.007432e-05 -5.863335e-05 4.401884e-05 -8.900593e-05
11427.744420 9.142312e-01 1.075543e+00 1.272985e+00 3.155761e-02 -5.503941e-05 -5.986469e-05 4.010245e-05 -9.523443e-05
11432.744420 9.192433e-01 1.082274e+00 1.284838e+00 3.175104e-02 -5.547001e-05 -5.393383e-05 4.381112e-05 -9.901865e-05
11437.744420 9.161231e-01 1.079710e+00 1.284963e+00 3.164927e-02 -5.286250e-05 -4.486554e-05 4.843339e-05 -1.024689e-04
11442.744420 9.148868e-01 1.079186e+00 1.287508e+00 3.138805e-02 -5.231138e-05 -5.336931e-05 3.864900e-05 -9.157837e-05
11447.744420 9.134485e-01 1.078490e+00 1.290046e+00 3.141735e-02 -5.195294e-05 -6.027681e-05 4.162852e-05 -9.411395e-05
11452.744420 9.094981e-01 1.074896e+00 1.288607e+00 3.145056e-02 -5.630829e-05 -5.907979e-05 5.594480e-05 -9.203406e-05
11457.744420 9.081512e-01 1.074230e+00 1.291054e+00 3.137551e-02 -6.442996e-05 -6.583086e-05 5.880156e-05 -9.317355e-05
11462.744420 9.074840e-01 1.074385e+00 1.294246e+00 3.135282e-02 -6.684923e-05 -6.346790e-05 5.806575e-05 -8.456091e-05
11467.744420 9.049912e-01 1.072470e+00 1.294896e+00 3.125022e-02 -6.330311e-05 -5.615222e-05 5.476299e-05 -8.663818e-05
11472.744420 9.054640e-01 1.074028e+00 1.299645e+00 3.148985e-02 -6.716430e-05 -6.681845e-05 5.639981e-05 -8.650356e-05
11477.744420 9.039481e-01 1.073231e+00 1.301617e+00 3.160750e-02 -6.066230e-05 -6.535342e-05 5.841624e-05 -7.803995e-05
11482.744420 9.036170e-01 1.073694e+00 1.304977e+00 3.148449e-02 -5.340077e-05 -6.394289e-05 5.357445e-05 -8.153292e-05
11487.744420 8.930477e-01 1.062361e+00 1.293340e+00 3.120973e-02 -5.627471e-05 -6.656241e-05 4.552844e-05 -9.202661e-05
11492.744420 8.920752e-01 1.062335e+00 1.295495e+00 3.108100e-02 -6.699431e-05 -7.070017e-05 4.448522e-05 -9.345838e-05
11497.744420 8.999160e-01 1.072239e+00 1.310205e+00 3.148226e-02 -6.346008e-05 -6.307240e-05 4.621581e-05 -1.035957e-04
11502.744420 9.003353e-01 1.073688e+00 1.313858e+00 3.150169e-02 -5.002245e-05 -5.553633e-05 4.274364e-05 -8.993586e-05
11507.744420 8.993531e-01 1.073349e+00 1.314906e+00 3.158741e-02 -4.931772e-05 -5.393712e-05 3.876239e-05 -8.884720e-05
11512.744420 9.006843e-01 1.075764e+00 1.318851e+00 3.163906e-02 -5.384883e-05 -6.095345e-05 4.111675e-05 -9.241276e-05
11517.744420 8.978710e-01 1.073612e+00 1.315994e+00 3.149350e-02 -4.969494e-05 -6.061358e-05 4.352558e-05 -9.461118e-05
11522.744420 8.985993e-01 1.075458e+00 1.317078e+00 3.163388e-02 -5.235579e-05 -5.529456e-05 3.670419e-05 -8.815234e-05
11527.744420 8.957752e-01 1.073058e+00 1.311310e+00 3.143910e-02 -5.603999e-05 -5.147412e-05 4.653511e-05 -8.169680e-05
11532.744420 8.960525e-01 1.074328e+00 1.307793e+00 3.129762e-02 -4.995533e-05 -6.389141e-05 3.805432e-05 -8.471442e-05
11534.000000 8.975123e-01 1.076431e+00 1.308574e+00 3.108807e-02 -4.984826e-05 -6.443149e-05 4.368537e-05 -8.637719e-05
11535.000000 8.922241e-01 1.070323e+00 1.299172e+00 3.138897e-02 -4.407981e-05 -6.327045e-05 5.081287e-05 -9.376954e-05
11536.000000 8.924547e-01 1.070952e+00 1.298029e+00 3.117008e-02 -4.560093e-05 -6.210642e-05 4.495428e-05 -9.613662e-05
11537.000000 8.917227e-01 1.070290e+00 1.294767e+00 3.158947e-02 -4.644141e-05 -6.633763e-05 3.420816e-05 -9.758574e-05
11538.000000 8.941075e-01 1.073051e+00 1.295808e+00 3.150034e-02 -4.271498e-05 -6.188436e-05 3.393817e-05 -9.592739e-05
11539.000000 8.974262e-01 1.077061e+00 1.298437e+00 3.154416e-02 -4.074830e-05 -5.623286e-05 3.471949e-05 -1.082584e-04
11540.000000 8.916755e-01 1.070787e+00 1.287142e+00 3.140652e-02 -2.970954e-05 -5.225159e-05 3.265866e-05 -1.022934e-04
11541.000000 8.994772e-01 1.080404e+00 1.295994e+00 3.153278e-02 -3.627366e-05 -5.340235e-05 3.394396e-05 -8.838445e-05
11541.200000 8.673008e-01 1.041756e+00 1.248708e+00 2.994357e-02 -3.687626e-05 -4.692169e-05 3.570633e-05 -7.151847e-05
11541.400000 9.091520e-01 1.091917e+00 1.307542e+00 3.158476e-02 -3.220406e-05 -5.456658e-05 4.196612e-05 -7.654338e-05
11541.600000 8.861686e-01 1.063900e+00 1.274530e+00 3.027875e-02 -3.984990e-05 -4.713959e-05 3.825163e-05 -9.001697e-05
11541.800000 8.990445e-01 1.080416e+00 1.291891e+00 3.280419e-02 -4.645990e-05 -5.424800e-05 1.702870e-05 -1.067710e-04
11542.000000 8.840231e-01 1.061353e+00 1.269407e+00 3.057756e-02 -5.091977e-05 -5.572150e-05 2.205399e-05 -9.435503e-05
11542.200000 8.918464e-01 1.071094e+00 1.279767e+00 3.183732e-02 -5.156995e-05 -6.535780e-05 3.277961e-05 -9.405180e-05
11542.400000 8.993723e-01 1.079884e+00 1.290102e+00 3.298666e-02 -3.656346e-05 -5.949136e-05 4.924880e-05 -8.084203e-05
11542.600000 8.981152e-01 1.079005e+00 1.287668e+00 3.201698e-02 -4.236932e-05 -6.148420e-05 4.372513e-05 -8.589203e-05
11542.800000 9.009399e-01 1.082550e+00 1.291159e+00 3.175043e-02 -4.140209e-05 -4.862880e-05 3.680868e-05 -9.348065e-05
11543.000000 8.710312e-01 1.046169e+00 1.247470e+00 2.941225e-02 -2.550713e-05 -5.020109e-05 4.363687e-05 -8.846837e-05
11543.200000 8.973513e-01 1.078774e+00 1.284102e+00 3.103782e-02 -2.342290e-05 -5.557400e-05 4.592855e-05 -9.076459e-05
11543.400000 8.850631e-01 1.064124e+00 1.265313e+00 3.207138e-02 -3.185302e-05 -5.751352e-05 5.115229e-05 -8.049023e-05
11543.600000 8.835692e-01 1.062751e+00 1.262277e+00 3.167907e-02 -3.945448e-05 -5.214658e-05 3.356120e-05 -8.498733e-05
11543.800000 8.998252e-01 1.081080e+00 1.284792e+00 3.121910e-02 -4.286976e-05 -4.031151e-05 2.731264e-05 -8.665569e-05
11544.000000 8.901389e-01 1.069615e+00 1.270190e+00 3.099213e-02 -5.139020e-05 -4.770841e-05 5.030040e-05 -7.838604e-05
11544.200000 8.972728e-01 1.078062e+00 1.279372e+00 3.199200e-02 -4.298422e-05 -5.458638e-05 4.554862e-05 -7.484846e-05
11544.400000 8.899133e-01 1.069396e+00 1.267412e+00 3.123515e-02 -4.312528e-05 -5.054825e-05 4.077057e-05 -7.895061e-05
11544.600000 8.774141e-01 1.055247e+00 1.248743e+00 3.079588e-02 -3.778682e-05 -5.326438e-05 2.619648e-05 -8.824156e-05
11544.800000 8.908282e-01 1.070601e+00 1.265767e+00 3.096346e-02 -3.225424e-05 -5.891368e-05 3.266250e-05 -9.514677e-05
11545.000000 8.908868e-01 1.070974e+00 1.264861e+00 3.275442e-02 -3.629854e-05 -5.563450e-05 1.859306e-05 -8.976426e-05
11545.200000 8.885422e-01 1.067946e+00 1.260320e+00 3.050889e-02 -4.249276e-05 -5.094654e-05 2.019580e-05 -8.670336e-05
11545.400000 8.934507e-01 1.073478e+00 1.266465e+00 3.178828e-02 -4.455060e-05 -5.109610e-05 3.984476e-05 -9.023796e-05
11545.600000 9.070027e-01 1.090207e+00 1.284231e+00 2.906804e-02 -4.089100e-05 -5.493717e-05 1.562123e-05 -9.479000e-05
11545.800000 8.920671e-01 1.072312e+00 1.262095e+00 3.106527e-02 -4.495669e-05 -5.392740e-05 1.791608e-05 -9.191970e-05
11546.000000 8.944911e-01 1.074757e+00 1.263771e+00 3.178701e-02 -4.732766e-05 -5.372224e-05 2.207008e-05 -1.040943e-04
11546.200000 8.906943e-01 1.070824e+00 1.257593e+00 3.100274e-02 -3.705629e-05 -5.970042e-05 3.031308e-05 -9.198978e-05
11546.400000 8.774431e-01 1.055095e+00 1.237818e+00 3.104385e-02 -4.033915e-05 -5.674654e-05 1.317117e-05 -8.814990e-05
11546.600000 8.976045e-01 1.079632e+00 1.264405e+00 3.228727e-02 -4.187022e-05 -6.113336e-05 3.114762e-05 -7.367263e-05
11546.800000 8.947545e-01 1.075264e+00 1.258757e+00 3.213648e-02 -4.087835e-05 -7.380782e-05 3.429604e-05 -8.334997e-05
11547.000000 8.824812e-01 1.060298e+00 1.239931e+00 2.989177e-02 -3.114415e-05 -5.854537e-05 2.771083e-05 -7.741391e-05
11547.200000 9.019203e-01 1.084368e+00 1.266199e+00 3.216634e-02 -2.904320e-05 -6.169006e-05 1.677836e-05 -8.377159e-05
11547.400000 8.757933e-01 1.052983e+00 1.227549e+00 3.174968e-02 -3.275261e-05 -5.725038e-05 2.424265e-05 -8.186093e-05
11547.600000 8.858975e-01 1.065556e+00 1.239579e+00 3.117786e-02 -2.928112e-05 -5.378501e-05 3.177363e-05 -8.130310e-05
11547.800000 9.061351e-01 1.089243e+00 1.267853e+00 3.190083e-02 -4.349226e-05 -5.446165e-05 2.113179e-05 -8.611615e-05
11548.000000 8.842112e-01 1.063343e+00 1.234705e+00 3.136465e-02 -4.578914e-05 -4.952880e-05 1.466633e-05 -7.962823e-05
11548.200000 9.095587e-01 1.093301e+00 1.268202e+00 3.367312e-02 -5.231796e-05 -4.469624e-05 2.944733e-05 -8.446519e-05
11548.400000 9.009919e-01 1.083139e+00 1.254482e+00 3.132082e-02 -5.285924e-05 -3.763987e-05 3.348424e-05 -7.989729e-05
11548.600000 8.971031e-01 1.078496e+00 1.246583e+00 3.158194e-02 -4.821205e-05 -3.677708e-05 2.329175e-05 -8.874639e-05
11548.800000 8.830563e-01 1.062400e+00 1.225377e+00 3.125869e-02 -5.117526e-05 -3.467823e-05 2.408432e-05 -8.844123e-05
11549.000000 8.970181e-01 1.079250e+00 1.242757e+00 3.153925e-02 -5.233188e-05 -3.834664e-05 2.865359e-05 -8.400783e-05
11549.200000 8.784365e-01 1.056452e+00 1.214583e+00 2.936142e-02 -3.756175e-05 -3.962511e-05 3.956376e-05 -7.902312e-05
11549.400000 8.980591e-01 1.079407e+00 1.240000e+00 3.185514e-02 -3.513700e-05 -4.868334e-05 2.608044e-05 -7.966737e-05
11549.600000 8.915801e-01 1.072265e+00 1.228977e+00 3.312219e-02 -3.895526e-05 -5.375376e-05 2.756472e-05 -7.998395e-05
11549.800000 9.045236e-01 1.087903e+00 1.244596e+00 3.146198e-02 -4.249378e-05 -4.458142e-05 2.579877e-05 -8.658481e-05
11550.000000 8.954463e-01 1.077348e+00 1.229128e+00 3.059710e-02 -3.570228e-05 -5.113417e-05 4.144799e-05 -9.135245e-05
11550.200000 8.841005e-01 1.064285e+00 1.210993e+00 3.202214e-02 -3.355488e-05 -5.683761e-05 3.791828e-05 -8.906099e-05
11550.400000 8.870520e-01 1.067532e+00 1.212981e+00 3.299437e-02 -2.690152e-05 -5.000131e-05 3.627350e-05 -9.177227e-05
11550.600000 9.000469e-01 1.082889e+00 1.228367e+00 3.031242e-02 -2.941045e-05 -5.314022e-05 3.745672e-05 -7.956718e-05
11550.800000 8.982666e-01 1.080510e+00 1.223437e+00 3.100734e-02 -3.079085e-05 -6.635806e-05 3.842974e-05 -8.350542e-05
11551.000000 9.105879e-01 1.095198e+00 1.237086e+00 3.166958e-02 -2.855729e-05 -6.986475e-05 2.515680e-05 -7.486616e-05
11551.200000 8.846684e-01 1.065327e+00 1.198788e+00 3.346414e-02 -2.938711e-05 -5.804263e-05 3.107991e-05 -7.443368e-05
11551.400000 9.038551e-01 1.087136e+00 1.220982e+00 3.102841e-02 -2.957236e-05 -6.052075e-05 2.715765e-05 -8.575025e-05
11551.600000 8.856461e-01 1.065611e+00 1.193517e+00 2.927882e-02 -3.011095e-05 -5.261365e-05 3.100948e-05 -7.907099e-05
11551.800000 8.991020e-01 1.081832e+00 1.208633e+00 3.264758e-02 -3.287707e-05 -5.729550e-05 2.904202e-05 -8.734226e-05
11552.000000 8.689328e-01 1.046209e+00 1.165526e+00 3.021594e-02 -3.984852e-05 -6.220357e-05 4.576112e-05 -7.829162e-05
11552.200000 9.084151e-01 1.092384e+00 1.214332e+00 3.259237e-02 -4.494644e-05 -6.370790e-05 3.657958e-05 -8.346781e-05
11552.400000 8.998329e-01 1.082709e+00 1.199526e+00 3.260197e-02 -3.809055e-05 -5.820111e-05 5.030458e-05 -6.537530e-05
11552.600000 8.862444e-01 1.066810e+00 1.177374e+00 3.162476e-02 -4.083206e-05 -5.543538e-05 5.147797e-05 -6.106991e-05
11552.800000 8.996489e-01 1.082335e+00 1.192180e+00 3.097252e-02 -4.563121e-05 -5.775749e-05 4.228951e-05 -6.887804e-05
11553.000000 9.021246e-01 1.085431e+00 1.190914e+00 3.028217e-02 -4.418231e-05 -4.791387e-05 2.983066e-05 -7.533970e-05
11553.200000 9.081456e-01 1.092175e+00 1.194180e+00 3.340029e-02 -4.653552e-05 -5.207362e-05 2.471354e-05 -7.248381e-05
11553.400000 8.917057e-01 1.072898e+00 1.168150e+00 3.218914e-02 -4.607865e-05 -4.492632e-05 3.499230e-05 -7.591393e-05
11553.600000 8.989381e-01 1.082164e+00 1.173253e+00 3.160343e-02 -5.508982e-05 -4.130505e-05 3.486683e-05 -7.088101e-05
11553.800000 8.736196e-01 1.052078e+00 1.136339e+00 3.016729e-02 -4.593815e-05 -3.779362e-05 3.740621e-05 -7.727406e-05
11554.000000 9.009405e-01 1.084131e+00 1.166576e+00 3.225275e-02 -4.091279e-05 -4.105903e-05 3.988366e-05 -9.030081e-05
11554.200000 8.819550e-01 1.061335e+00 1.136639e+00 3.112255e-02 -3.723353e-05 -3.822006e-05 3.488672e-05 -8.952495e-05
11554.400000 8.937412e-01 1.075512e+00 1.146359e+00 3.041510e-02 -3.941945e-05 -3.847224e-05 4.053101e-05 -9.130885e-05
11554.600000 8.894870e-01 1.070395e+00 1.135808e+00 3.143454e-02 -4.144571e-05 -4.092200e-05 3.333527e-05 -8.992307e-05
11554.800000 8.979970e-01 1.081199e+00 1.141064e+00 3.187626e-02 -4.059742e-05 -4.122523e-05 3.442206e-05 -7.955850e-05
11555.000000 8.803318e-01 1.060510e+00 1.112588e+00 3.264031e-02 -4.584537e-05 -3.869442e-05 3.528341e-05 -6.743005e-05
11555.200000 9.038091e-01 1.088623e+00 1.135756e+00 3.231404e-02 -4.734690e-05 -4.404166e-05 1.938029e-05 -6.031617e-05
11555.400000 8.866448e-01 1.067898e+00 1.106731e+00 3.179812e-02 -4.873181e-05 -3.445727e-05 2.767668e-05 -6.057945e-05
11555.600000 8.807299e-01 1.060852e+00 1.093186e+00 3.021797e-02 -4.646605e-05 -4.469658e-05 3.942342e-05 -5.206059e-05
11555.800000 9.050293e-01 1.089391e+00 1.117784e+00 3.157716e-02 -4.729676e-05 -5.702288e-05 3.443566e-05 -6.845175e-05
11556.000000 8.905939e-01 1.071364e+00 1.091729e+00 3.208003e-02 -4.810858e-05 -5.529772e-05 4.450071e-05 -7.053461e-05
11556.200000 8.960791e-01 1.079162e+00 1.091020e+00 3.173371e-02 -4.328845e-05 -5.007288e-05 3.845608e-05 -7.459832e-05
11556.400000 8.929754e-01 1.075589e+00 1.078653e+00 3.135200e-02 -5.184683e-05 -5.118471e-05 4.848339e-05 -8.461350e-05
11556.600000 8.718408e-01 1.050733e+00 1.043378e+00 2.963565e-02 -4.845617e-05 -4.507689e-05 4.448510e-05 -8.479302e-05
11556.800000 8.883216e-01 1.069774e+00 1.055231e+00 3.143390e-02 -3.669249e-05 -4.789046e-05 4.592751e-05 -7.023508e-05
11557.000000 9.019480e-01 1.086090e+00 1.062860e+00 3.367097e-02 -3.666122e-05 -4.401859e-05 3.101801e-05 -7.536798e-05
11557.200000 8.885363e-01 1.070283e+00 1.038023e+00 3.198962e-02 -3.304816e-05 -4.066094e-05 3.224278e-05 -7.637452e-05
11557.400000 8.902124e-01 1.072742e+00 1.028578e+00 3.049058e-02 -3.631583e-05 -4.206118e-05 3.726565e-05 -9.275044e-05
11557.600000 8.824105e-01 1.063270e+00 1.008909e+00 3.026912e-02 -3.809281e-05 -3.281331e-05 3.653684e-05 -1.016492e-04
11557.800000 8.868746e-01 1.067898e+00 1.003057e+00 3.082652e-02 -4.241322e-05 -3.641461e-05 4.817741e-05 -9.046229e-05
11558.000000 8.877607e-01 1.069169e+00 9.930755e-01 3.288737e-02 -4.765674e-05 -4.635359e-05 4.645910e-05 -8.974491e-05
11558.200000 9.051918e-01 1.090682e+00 9.996497e-01 3.322893e-02 -4.167040e-05 -3.824523e-05 3.623571e-05 -9.259266e-05
11558.400000 8.935768e-01 1.076158e+00 9.729352e-01 3.159743e-02 -3.692216e-05 -4.207943e-05 4.959934e-05 -8.768373e-05
11558.600000 8.853188e-01 1.067388e+00 9.504722e-01 3.061070e-02 -4.438596e-05 -3.397851e-05 4.484934e-05 -9.088662e-05
11558.800000 8.898868e-01 1.072620e+00 9.415869e-01 3.029054e-02 -5.120776e-05 -4.834091e-05 4.290045e-05 -8.219457e-05
11559.000000 8.887707e-01 1.070739e+00 9.248075e-01 3.256344e-02 -5.267986e-05 -5.480292e-05 4.527386e-05 -7.709798e-05
11559.200000 8.902534e-01 1.072564e+00 9.105479e-01 3.091191e-02 -4.610072e-05 -4.739977e-05 4.421666e-05 -8.309668e-05
11559.400000 8.999089e-01 1.084100e+00 9.020395e-01 3.084704e-02 -5.405164e-05 -3.905512e-05 3.424508e-05 -9.009934e-05
11559.600000 8.794881e-01 1.060000e+00 8.643001e-01 3.109196e-02 -5.344509e-05 -4.114813e-05 2.628798e-05 -8.025701e-05
11559.800000 8.889049e-01 1.071663e+00 8.540131e-01 3.136968e-02 -4.470671e-05 -4.623017e-05 2.271025e-05 -7.466511e-05
11560.000000 8.899352e-01 1.072257e+00 8.362392e-01 3.152911e-02 -4.954926e-05 -4.569038e-05 2.410633e-05 -7.236800e-05
11560.200000 8.932699e-01 1.076456e+00 8.189081e-01 3.142746e-02 -5.235170e-05 -4.551941e-05 1.506525e-05 -7.843425e-05
11560.400000 8.957325e-01 1.078997e+00 8.003615e-01 3.127483e-02 -5.237649e-05 -4.749086e-05 2.725223e-06 -8.203364e-05
11560.600000 8.905637e-01 1.073168e+00 7.715732e-01 3.088869e-02 -5.826875e-05 -5.129856e-05 1.828334e-05 -8.807970e-05
11560.800000 8.875906e-01 1.069922e+00 7.455160e-01 3.257976e-02 -5.799677e-05 -4.779508e-05 2.238469e-05 -9.413014e-05
11561.000000 8.964549e-01 1.080423e+00 7.306681e-01 3.281413e-02 -5.686638e-05 -4.074136e-05 1.541420e-05 -8.566077e-05
11561.200000 8.980853e-01 1.082821e+00 7.027043e-01 3.120728e-02 -4.993192e-05 -3.977812e-05 1.849555e-05 -7.763251e-05
11561.400000 8.978165e-01 1.081687e+00 6.745896e-01 3.257775e-02 -4.437762e-05 -4.436725e-05 2.634141e-05 -6.406641e-05
11561.600000 8.915199e-01 1.074640e+00 6.398241e-01 3.230828e-02 -4.028389e-05 -5.207149e-05 1.488034e-05 -8.395064e-05
11561.800000 8.889193e-01 1.071495e+00 6.118770e-01 3.043124e-02 -3.948589e-05 -4.183643e-05 2.936321e-05 -8.888082e-05
11562.000000 8.984458e-01 1.083358e+00 5.907032e-01 3.294277e-02 -4.964623e-05 -4.222939e-05 3.019615e-05 -8.986399e-05
11562.200000 8.845651e-01 1.066992e+00 5.483766e-01 3.097190e-02 -3.830518e-05 -4.618907e-05 4.943552e-05 -1.059166e-04
11562.400000 8.929550e-01 1.075482e+00 5.245835e-01 3.121595e-02 -3.630460e-05 -5.511579e-05 3.482545e-05 -1.103781e-04
11562.600000 9.035730e-01 1.088946e+00 4.990254e-01 3.227558e-02 -3.933753e-05 -5.464627e-05 2.178805e-05 -1.039384e-04
11562.800000 8.918694e-01 1.075336e+00 4.598249e-01 3.055963e-02 -5.871420e-05 -6.098374e-05 3.413400e-05 -9.224283e-05
11563.000000 8.950385e-01 1.079143e+00 4.293110e-01 3.138257e-02 -5.123624e-05 -6.233218e-05 1.505604e-05 -9.915132e-05
11563.200000 8.755377e-01 1.056569e+00 3.879097e-01 3.040649e-02 -5.564651e-05 -6.012790e-05 1.167825e-05 -9.743835e-05
11563.400000 8.977044e-01 1.082871e+00 3.699514e-01 3.265210e-02 -5.202832e-05 -5.588934e-05 -5.305755e-06 -1.002461e-04
11563.600000 8.950923e-01 1.079233e+00 3.418687e-01 3.053976e-02 -4.806220e-05 -6.238062e-05 1.214593e-05 -9.124466e-05
11563.800000 8.902665e-01 1.073475e+00 3.115640e-01 3.181421e-02 -4.865164e-05 -7.045646e-05 2.505497e-05 -9.068620e-05
11564.000000 8.853370e-01 1.068170e+00 2.836455e-01 3.175703e-02 -4.873329e-05 -6.829432e-05 1.774497e-05 -7.972211e-05
11564.200000 8.980512e-01 1.082678e+00 2.673177e-01 3.051795e-02 -5.352606e-05 -6.856321e-05 2.553345e-05 -8.785241e-05
11564.400000 8.986837e-01 1.083485e+00 2.459846e-01 3.212783e-02 -4.798047e-05 -5.730128e-05 9.923787e-06 -9.947677e-05
11564.600000 8.885345e-01 1.071769e+00 2.209376e-01 3.106711e-02 -5.353874e-05 -5.378692e-05 1.440843e-05 -9.384278e-05
11564.800000 8.876878e-01 1.070816e+00 2.035582e-01 3.103871e-02 -5.382617e-05 -5.892819e-05 1.081908e-05 -9.535914e-05
11565.000000 8.996447e-01 1.084555e+00 1.923784e-01 3.254280e-02 -5.681016e-05 -5.920070e-05 1.237262e-05 -8.536683e-05
11565.200000 8.893565e-01 1.072157e+00 1.761025e-01 3.257106e-02 -4.989531e-05 -5.809723e-05 5.126630e-06 -9.631883e-05
11565.400000 8.933183e-01 1.077816e+00 1.655988e-01 3.120529e-02 -5.813945e-05 -4.263650e-05 1.981564e-05 -8.585344e-05
11565.600000 9.015895e-01 1.087330e+00 1.588107e-01 3.167341e-02 -5.136373e-05 -3.547506e-05 1.901434e-05 -8.215859e-05
11565.800000 8.957708e-01 1.080503e+00 1.500257e-01 3.200121e-02 -5.299961e-05 -3.913233e-05 2.275584e-05 -8.260510e-05
11566.000000 8.879251e-01 1.071377e+00 1.429121e-01 3.241866e-02 -5.979995e-05 -3.426904e-05 1.333426e-05 -8.147321e-05
11566.200000 8.907885e-01 1.074566e+00 1.393733e-01 3.121573e-02 -4.997967e-05 -4.309041e-05 8.311305e-06 -7.603346e-05
11566.400000 8.922504e-01 1.076195e+00 1.370173e-01 3.171737e-02 -4.291632e-05 -4.237788e-05 -5.349894e-07 -7.043933e-05
11566.600000 8.917057e-01 1.076235e+00 1.355119e-01 3.079711e-02 -4.962452e-05 -5.338435e-05 1.520162e-06 -7.616718e-05
11566.800000 8.932790e-01 1.077705e+00 1.353969e-01 3.167526e-02 -5.161247e-05 -5.357110e-05 9.523519e-06 -8.549932e-05
11567.000000 8.946551e-01 1.079121e+00 1.362765e-01 3.109894e-02 -4.983410e-05 -5.402596e-05 5.091934e-06 -8.118543e-05
11567.200000 8.922600e-01 1.076790e+00 1.369646e-01 3.160029e-02 -4.427475e-05 -5.572283e-05 1.672221e-05 -7.454143e-05
11567.400000 8.873545e-01 1.070708e+00 1.385017e-01 3.165006e-02 -3.647443e-05 -5.399948e-05 1.460875e-05 -7.890997e-05
11567.600000 8.896032e-01 1.073495e+00 1.413175e-01 3.228525e-02 -2.684902e-05 -5.724008e-05 1.014554e-05 -7.482560e-05
11567.800000 8.946219e-01 1.079642e+00 1.451976e-01 3.167568e-02 -2.907687e-05 -5.863981e-05 1.242909e-05 -8.121567e-05
11568.000000 8.980055e-01 1.083221e+00 1.489438e-01 3.129996e-02 -3.101729e-05 -6.750754e-05 1.903064e-05 -7.148572e-05
11568.200000 8.935637e-01 1.078131e+00 1.520090e-01 3.112926e-02 -3.989802e-05 -7.122694e-05 1.265701e-05 -6.990463e-05
11568.400000 8.927387e-01 1.077270e+00 1.556238e-01 3.195478e-02 -4.135285e-05 -6.616557e-05 1.687641e-05 -7.125741e-05
11568.600000 8.914373e-01 1.075996e+00 1.593957e-01 3.256940e-02 -4.922119e-05 -6.134756e-05 1.564569e-05 -7.358087e-05
11568.800000 8.906891e-01 1.075350e+00 1.633907e-01 3.134471e-02 -4.696245e-05 -6.972672e-05 1.010251e-05 -8.022703e-05
11569.000000 8.920611e-01 1.076707e+00 1.674669e-01 3.179942e-02 -4.322075e-05 -6.615166e-05 1.764379e-05 -8.745275e-05
11569.200000 8.922700e-01 1.076717e+00 1.716935e-01 3.140540e-02 -4.246400e-05 -6.738002e-05 1.930173e-05 -9.248063e-05
11569.400000 8.933061e-01 1.078015e+00 1.758211e-01 3.082650e-02 -4.224099e-05 -6.807835e-05 3.073709e-05 -9.308445e-05
11569.600000 8.892292e-01 1.073439e+00 1.790408e-01 3.149221e-02 -3.277665e-05 -7.588469e-05 2.160095e-05 -8.738617e-05
11569.800000 8.908940e-01 1.075532e+00 1.828649e-01 3.149759e-02 -3.029243e-05 -8.000793e-05 2.231239e-05 -9.384970e-05
11570.000000 8.946817e-01 1.079628e+00 1.871604e-01 3.169481e-02 -3.724081e-05 -6.709309e-05 2.465973e-05 -9.332508e-05
11570.200000 8.940740e-01 1.079231e+00 1.905486e-01 3.195448e-02 -4.449356e-05 -6.179906e-05 1.999021e-05 -8.480902e-05
11570.400000 8.947325e-01 1.079853e+00 1.939074e-01 3.171751e-02 -4.034070e-05 -5.639817e-05 2.990325e-05 -8.751578e-05
11570.600000 8.972888e-01 1.082853e+00 1.975931e-01 3.212538e-02 -2.805202e-05 -5.238057e-05 3.112609e-05 -9.210339e-05
11570.800000 8.908161e-01 1.075525e+00 1.992882e-01 3.176595e-02 -3.118622e-05 -6.201081e-05 2.462440e-05 -9.429462e-05
11571.000000 8.926686e-01 1.077682e+00 2.024973e-01 3.176158e-02 -3.799299e-05 -5.798668e-05 3.486809e-05 -9.812467e-05
11571.200000 8.915308e-01 1.076745e+00 2.051848e-01 3.133463e-02 -3.756703e-05 -5.386423e-05 3.339340e-05 -9.658710e-05
11571.400000 8.946144e-01 1.080509e+00 2.083477e-01 3.202064e-02 -2.376508e-05 -5.738651e-05 3.695653e-05 -9.379423e-05
11571.600000 8.917026e-01 1.076967e+00 2.103394e-01 3.157507e-02 -1.920478e-05 -5.778424e-05 3.189098e-05 -8.815789e-05
11571.800000 8.965544e-01 1.082563e+00 2.137375e-01 3.210589e-02 -2.360018e-05 -6.028356e-05 2.669763e-05 -8.981064e-05
11572.000000 8.935167e-01 1.079053e+00 2.155663e-01 3.176338e-02 -3.002413e-05 -5.762697e-05 3.176583e-05 -8.623548e-05
11572.200000 8.929545e-01 1.078504e+00 2.176257e-01 3.183817e-02 -3.650958e-05 -5.445888e-05 3.363144e-05 -8.148933e-05
11572.400000 8.924612e-01 1.077796e+00 2.197090e-01 3.198745e-02 -3.738249e-05 -6.228706e-05 3.636095e-05 -7.555343e-05
11572.600000 8.930603e-01 1.078474e+00 2.219548e-01 3.196736e-02 -3.482846e-05 -6.320692e-05 3.353864e-05 -7.502740e-05
11572.800000 8.948932e-01 1.080846e+00 2.245608e-01 3.180837e-02 -3.424926e-05 -5.808389e-05 2.856364e-05 -7.846836e-05
11573.000000 8.925722e-01 1.078100e+00 2.260335e-01 3.127483e-02 -3.931112e-05 -5.753024e-05 2.879067e-05 -8.341755e-05
11573.200000 8.874776e-01 1.072371e+00 2.267400e-01 3.168555e-02 -4.335419e-05 -5.882706e-05 3.082652e-05 -7.828226e-05
11573.400000 8.894651e-01 1.074583e+00 2.290387e-01 3.160445e-02 -4.246501e-05 -5.701533e-05 3.451780e-05 -8.247363e-05
11573.600000 8.873202e-01 1.072279e+00 2.301408e-01 3.148388e-02 -4.234543e-05 -6.172410e-05 3.722923e-05 -7.329080e-05
11573.800000 8.899126e-01 1.075258e+00 2.324488e-01 3.163873e-02 -3.861653e-05 -6.367775e-05 4.005902e-05 -8.283542e-05
11574.000000 8.886573e-01 1.073880e+00 2.335092e-01 3.167540e-02 -3.541689e-05 -5.768806e-05 2.552309e-05 -9.637371e-05
11574.200000 8.897225e-01 1.074715e+00 2.349503e-01 3.139052e-02 -3.987616e-05 -5.060750e-05 3.141792e-05 -9.865543e-05
11574.400000 8.922076e-01 1.077974e+00 2.369784e-01 3.180435e-02 -3.515502e-05 -6.021970e-05 3.454685e-05 -1.015869e-04
11574.600000 8.889172e-01 1.074145e+00 2.371294e-01 3.179643e-02 -3.799014e-05 -6.571401e-05 3.834782e-05 -1.028773e-04
11574.800000 8.908590e-01 1.076281e+00 2.382018e-01 3.140632e-02 -4.203782e-05 -6.191707e-05 3.505117e-05 -9.250432e-05
11575.000000 8.932904e-01 1.079312e+00 2.397280e-01 3.123778e-02 -4.530324e-05 -4.817369e-05 3.488340e-05 -9.112755e-05
11575.200000 8.932506e-01 1.079492e+00 2.402764e-01 3.158838e-02 -4.743350e-05 -3.914491e-05 3.827291e-05 -9.100176e-05
11575.400000 8.917671e-01 1.077630e+00 2.403426e-01 3.117622e-02 -4.443700e-05 -3.990063e-05 3.275847e-05 -9.664563e-05
11575.600000 8.893272e-01 1.074906e+00 2.398992e-01 3.092041e-02 -4.030913e-05 -5.133658e-05 2.918381e-05 -1.003189e-04
11575.800000 8.962933e-01 1.082790e+00 2.418549e-01 3.207822e-02 -3.533798e-05 -4.368390e-05 2.573779e-05 -1.012009e-04
11576.000000 8.880013e-01 1.073695e+00 2.395790e-01 3.155918e-02 -4.032205e-05 -4.832906e-05 1.763299e-05 -1.042966e-04
11576.200000 8.892311e-01 1.074591e+00 2.394489e-01 3.103520e-02 -5.441433e-05 -5.736307e-05 3.658784e-05 -1.038527e-04
11576.400000 8.904581e-01 1.076285e+00 2.393305e-01 3.142735e-02 -5.722600e-05 -5.860072e-05 3.806120e-05 -1.003275e-04
11576.600000 8.928126e-01 1.079031e+00 2.394645e-01 3.205147e-02 -4.608687e-05 -4.731574e-05 3.525228e-05 -9.639884e-05
11576.800000 8.843301e-01 1.069087e+00 2.363630e-01 3.169712e-02 -4.899191e-05 -5.146043e-05 2.054372e-05 -9.876073e-05
11577.000000 8.936330e-01 1.079980e+00 2.381827e-01 3.184484e-02 -5.183288e-05 -4.683811e-05 4.080859e-05 -1.033164e-04
11577.200000 8.812656e-01 1.066016e+00 2.337820e-01 3.086385e-02 -4.503582e-05 -3.319369e-05 3.196605e-05 -1.003280e-04
11577.400000 8.953715e-01 1.082521e+00 2.367415e-01 3.179125e-02 -4.639303e-05 -3.243359e-05 4.222156e-05 -1.068796e-04
11577.600000 8.793075e-01 1.063744e+00 2.314738e-01 3.111391e-02 -4.967610e-05 -3.636665e-05 3.171994e-05 -9.257133e-05
11577.800000 8.892655e-01 1.075118e+00 2.329654e-01 3.134136e-02 -4.585365e-05 -3.866440e-05 2.866935e-05 -1.020180e-04
11578.000000 8.905678e-01 1.077105e+00 2.320463e-01 3.220161e-02 -3.908254e-05 -3.268969e-05 3.469498e-05 -1.013104e-04
11578.200000 8.938763e-01 1.080105e+00 2.316259e-01 3.256084e-02 -3.945046e-05 -3.476306e-05 3.897827e-05 -1.047098e-04
11578.400000 8.892740e-01 1.074650e+00 2.294099e-01 3.081810e-02 -3.703873e-05 -3.977506e-05 3.787227e-05 -9.934071e-05
11578.600000 8.826907e-01 1.067468e+00 2.264491e-01 3.145788e-02 -3.593356e-05 -4.319141e-05 2.816825e-05 -1.034360e-04
11578.800000 8.877121e-01 1.072895e+00 2.264680e-01 3.162377e-02 -3.548669e-05 -3.557460e-05 2.629758e-05 -9.742206e-05
11579.000000 8.899747e-01 1.076259e+00 2.262531e-01 3.205704e-02 -4.840389e-05 -4.221668e-05 2.176723e-05 -9.503754e-05
11579.200000 8.902168e-01 1.076024e+00 2.252185e-01 3.108505e-02 -4.136063e-05 -4.954985e-05 2.693542e-05 -9.083636e-05
11579.400000 8.947056e-01 1.081794e+00 2.254997e-01 3.265675e-02 -4.433762e-05 -4.152031e-05 2.622068e-05 -9.775621e-05
11579.600000 8.882751e-01 1.074135e+00 2.228739e-01 3.115935e-02 -5.237158e-05 -3.752152e-05 2.139352e-05 -9.954258e-05
11579.800000 8.949432e-01 1.081782e+00 2.236675e-01 3.240590e-02 -6.611316e-05 -4.136901e-05 2.419961e-05 -9.718712e-05
11580.000000 8.891133e-01 1.074808e+00 2.217196e-01 3.113142e-02 -6.675344e-05 -4.793003e-05 2.418885e-05 -9.265251e-05
11580.200000 8.912986e-01 1.077804e+00 2.219416e-01 3.159805e-02 -6.027324e-05 -5.296252e-05 2.096785e-05 -9.680935e-05
11580.400000 8.833765e-01 1.068222e+00 2.195759e-01 3.150345e-02 -6.398873e-05 -5.237299e-05 2.966714e-05 -9.241691e-05
11580.600000 8.901365e-01 1.076504e+00 2.212785e-01 3.137509e-02 -6.733806e-05 -4.984784e-05 1.576345e-05 -9.375054e-05
11580.800000 8.839101e-01 1.069451e+00 2.199634e-01 3.123218e-02 -5.493969e-05 -4.341392e-05 2.765660e-05 -8.828151e-05
11581.000000 8.842789e-01 1.069645e+00 2.201311e-01 3.060622e-02 -5.266860e-05 -3.754867e-05 1.460683e-05 -8.682990e-05
11581.200000 8.913012e-01 1.078003e+00 2.222220e-01 3.207114e-02 -5.578126e-05 -4.483385e-05 1.146926e-05 -9.146519e-05
11581.400000 8.879988e-01 1.074451e+00 2.220825e-01 3.150025e-02 -4.723591e-05 -5.204680e-05 1.145698e-05 -1.013986e-04
11581.600000 8.938652e-01 1.080770e+00 2.244320e-01 3.213130e-02 -5.412571e-05 -5.028080e-05 1.433626e-05 -1.045585e-04
11581.800000 8.862536e-01 1.071626e+00 2.232283e-01 3.003015e-02 -5.292618e-05 -4.785926e-05 1.157413e-05 -1.037773e-04
11582.000000 8.893441e-01 1.075569e+00 2.253804e-01 3.194818e-02 -4.966861e-05 -4.772392e-05 1.674246e-05 -1.022648e-04
11582.200000 8.868938e-01 1.073133e+00 2.259422e-01 3.165661e-02 -4.187811e-05 -4.765698e-05 1.826128e-05 -9.554010e-05
11582.400000 8.974673e-01 1.084915e+00 2.299680e-01 3.248843e-02 -4.280626e-05 -4.872458e-05 1.631004e-05 -8.927172e-05
11582.600000 8.957305e-01 1.083655e+00 2.308034e-01 3.207727e-02 -4.783081e-05 -5.399060e-05 1.671039e-05 -9.859355e-05
11582.800000 8.865339e-01 1.072632e+00 2.297838e-01 3.178171e-02 -4.688758e-05 -4.902968e-05 2.421637e-05 -1.010042e-04
11583.000000 8.834702e-01 1.069566e+00 2.306599e-01 3.048593e-02 -5.451971e-05 -4.907395e-05 2.360313e-05 -1.011514e-04
11583.200000 8.985821e-01 1.086832e+00 2.360662e-01 3.136672e-02 -4.820609e-05 -5.634626e-05 1.781543e-05 -1.082849e-04
11583.400000 8.957640e-01 1.083116e+00 2.366056e-01 3.168897e-02 -4.652741e-05 -5.149668e-05 2.510430e-05 -1.085722e-04
11583.600000 8.846007e-01 1.070971e+00 2.350326e-01 2.936897e-02 -6.014581e-05 -4.680251e-05 2.197286e-05 -9.530196e-05
11583.800000 8.832950e-01 1.069415e+00 2.363732e-01 3.137536e-02 -5.664891e-05 -4.822868e-05 2.485366e-05 -9.668209e-05
11584.000000 8.916310e-01 1.078323e+00 2.395508e-01 3.110441e-02 -6.035929e-05 -4.410666e-05 3.278471e-05 -8.729387e-05
11584.200000 8.899317e-01 1.076605e+00 2.404788e-01 3.196977e-02 -6.515605e-05 -5.090489e-05 3.133537e-05 -8.536930e-05
11584.400000 8.976222e-01 1.086289e+00 2.437610e-01 3.200202e-02 -5.844142e-05 -5.413805e-05 4.081102e-05 -8.286801e-05
11584.600000 8.743551e-01 1.058130e+00 2.385641e-01 3.126794e-02 -4.663778e-05 -5.696236e-05 2.518848e-05 -9.259418e-05
11584.800000 8.824205e-01 1.068675e+00 2.413720e-01 3.277739e-02 -4.255054e-05 -5.566031e-05 3.290424e-05 -9.411166e-05
11585.000000 8.934298e-01 1.081219e+00 2.449827e-01 3.123173e-02 -4.050866e-05 -5.745473e-05 1.932488e-05 -8.764298e-05
11585.200000 8.859672e-01 1.072551e+00 2.435682e-01 3.060885e-02 -4.582047e-05 -6.445078e-05 2.143447e-05 -8.682869e-05
11585.400000 8.888989e-01 1.075777e+00 2.447756e-01 3.105562e-02 -5.301758e-05 -7.808127e-05 3.235254e-05 -8.605489e-05
11585.600000 8.843907e-01 1.070352e+00 2.439583e-01 3.105510e-02 -5.832127e-05 -6.807645e-05 2.636028e-05 -8.123247e-05
11585.800000 8.956315e-01 1.084388e+00 2.472348e-01 3.182921e-02 -5.745539e-05 -5.794702e-05 3.047451e-05 -8.013368e-05
11586.000000 8.826256e-01 1.068491e+00 2.437589e-01 3.191866e-02 -5.739820e-05 -5.612118e-05 2.843547e-05 -8.526510e-05
11586.200000 8.880289e-01 1.075411e+00 2.453088e-01 3.160761e-02 -5.288842e-05 -5.423146e-05 2.106346e-05 -7.729411e-05
11586.400000 8.976088e-01 1.086004e+00 2.480688e-01 3.155194e-02 -5.935459e-05 -4.991140e-05 2.171622e-05 -7.562984e-05
11586.600000 8.829795e-01 1.068385e+00 2.439755e-01 3.207513e-02 -5.019579e-05 -5.767667e-05 2.303506e-05 -6.929256e-05
11586.800000 8.908292e-01 1.078864e+00 2.464130e-01 3.173600e-02 -4.845035e-05 -6.275362e-05 1.420721e-05 -8.659470e-05
11587.000000 8.806911e-01 1.066391e+00 2.433649e-01 3.283815e-02 -5.095196e-05 -5.535392e-05 1.425187e-05 -9.962023e-05
11587.200000 8.859716e-01 1.072451e+00 2.448048e-01 3.122585e-02 -4.336922e-05 -5.379627e-05 9.523224e-06 -9.918553e-05
11587.400000 8.892207e-01 1.076160e+00 2.456249e-01 3.092120e-02 -4.745781e-05 -5.326472e-05 8.400005e-07 -8.647878e-05
11587.600000 8.822019e-01 1.068600e+00 2.431934e-01 3.088369e-02 -4.851239e-05 -5.111496e-05 8.766985e-06 -8.194156e-05
11587.800000 8.891110e-01 1.076303e+00 2.450031e-01 3.265484e-02 -4.985407e-05 -3.998805e-05 1.725011e-05 -8.851483e-05
11588.000000 8.821116e-01 1.068246e+00 2.423564e-01 3.093790e-02 -6.045650e-05 -5.131644e-05 1.688075e-05 -9.507764e-05
11588.200000 8.863965e-01 1.074158e+00 2.434477e-01 3.257557e-02 -5.612701e-05 -4.451817e-05 2.371630e-05 -9.047229e-05
11588.400000 8.921320e-01 1.080872e+00 2.442949e-01 3.120453e-02 -5.451738e-05 -3.395413e-05 1.795191e-05 -8.997353e-05
11588.600000 8.571303e-01 1.039879e+00 2.339166e-01 2.999133e-02 -4.971297e-05 -2.894348e-05 1.027647e-05 -9.540117e-05
11588.800000 8.967539e-01 1.086327e+00 2.442703e-01 3.311240e-02 -5.457168e-05 -4.182897e-05 2.229219e-05 -9.278540e-05
11589.000000 8.746111e-01 1.059366e+00 2.372330e-01 3.087808e-02 -5.691004e-05 -4.011506e-05 6.475528e-06 -1.025795e-04
11589.200000 8.896633e-01 1.077932e+00 2.405479e-01 3.085806e-02 -5.270288e-05 -4.028545e-05 2.186452e-05 -1.006293e-04
11589.400000 8.746418e-01 1.059677e+00 2.351319e-01 3.106819e-02 -4.403831e-05 -4.462001e-05 2.327791e-05 -9.861273e-05
11589.600000 8.881315e-01 1.075499e+00 2.377459e-01 3.052340e-02 -4.418801e-05 -5.203060e-05 1.811662e-05 -9.055710e-05
11589.800000 8.913912e-01 1.079763e+00 2.376036e-01 3.216794e-02 -4.163272e-05 -5.501155e-05 2.171976e-05 -9.731662e-05
11590.000000 8.918676e-01 1.080628e+00 2.361359e-01 3.234630e-02 -2.896020e-05 -5.258737e-05 2.553810e-05 -1.002015e-04
11590.200000 8.911475e-01 1.080041e+00 2.347958e-01 3.185140e-02 -2.761516e-05 -6.153568e-05 3.007288e-05 -1.184688e-04
11590.400000 8.763005e-01 1.062057e+00 2.290415e-01 3.235951e-02 -2.579204e-05 -5.189275e-05 3.410664e-05 -8.406730e-05
11590.600000 8.767923e-01 1.062191e+00 2.277958e-01 3.213905e-02 -2.771786e-05 -5.070869e-05 2.060580e-05 -9.279311e-05
11590.800000 8.942250e-01 1.082895e+00 2.304707e-01 3.049930e-02 -3.303093e-05 -5.534360e-05 2.672716e-05 -9.897187e-05
11591.000000 8.749723e-01 1.060010e+00 2.239413e-01 3.079932e-02 -4.262062e-05 -5.942258e-05 3.012937e-05 -9.617432e-05
11591.200000 8.910232e-01 1.079613e+00 2.266408e-01 3.192280e-02 -4.824637e-05 -5.684047e-05 2.977467e-05 -8.417362e-05
11591.400000 8.836060e-01 1.070519e+00 2.228297e-01 3.240510e-02 -4.676323e-05 -5.116403e-05 1.602823e-05 -9.407774e-05
11591.600000 8.683339e-01 1.052425e+00 2.173229e-01 3.170051e-02 -4.985932e-05 -4.342724e-05 2.574250e-05 -9.298246e-05
11591.800000 8.883737e-01 1.077173e+00 2.203162e-01 3.071638e-02 -4.784233e-05 -5.232352e-05 4.027524e-05 -8.129577e-05
11592.000000 8.889821e-01 1.077454e+00 2.187245e-01 3.126222e-02 -4.475738e-05 -5.441458e-05 3.567581e-05 -8.422995e-05
11592.200000 8.878437e-01 1.076337e+00 2.168909e-01 3.226615e-02 -4.077195e-05 -5.282068e-05 2.287024e-05 -9.599998e-05
11592.400000 8.900990e-01 1.079060e+00 2.158160e-01 3.246342e-02 -4.068520e-05 -5.219056e-05 1.893377e-05 -9.655085e-05
11592.600000 8.892437e-01 1.078082e+00 2.136713e-01 3.128158e-02 -4.616418e-05 -5.384819e-05 2.963270e-05 -9.582527e-05
11592.800000 8.771174e-01 1.063676e+00 2.092319e-01 3.079654e-02 -4.143512e-05 -5.573391e-05 3.025830e-05 -8.108522e-05
11593.000000 8.901789e-01 1.078787e+00 2.110779e-01 3.169765e-02 -3.332346e-05 -4.978772e-05 3.515725e-05 -7.343856e-05
11593.200000 8.600577e-01 1.043328e+00 2.025074e-01 3.032352e-02 -3.484954e-05 -5.520174e-05 2.469777e-05 -7.148194e-05
11593.400000 8.857295e-01 1.073971e+00 2.074153e-01 3.220598e-02 -3.702152e-05 -4.806674e-05 2.252495e-05 -7.816213e-05
11593.600000 8.904203e-01 1.079659e+00 2.073410e-01 2.987147e-02 -4.054469e-05 -5.087356e-05 1.922671e-05 -8.357816e-05
11593.800000 8.630397e-01 1.045989e+00 2.001292e-01 3.051365e-02 -3.696302e-05 -5.020668e-05 1.079317e-05 -9.217874e-05
11594.000000 8.899665e-01 1.079777e+00 2.054757e-01 3.199477e-02 -4.155398e-05 -5.264467e-05 1.760961e-05 -9.437556e-05
11594.200000 8.825027e-01 1.070291e+00 2.029626e-01 3.189210e-02 -5.424383e-05 -5.454259e-05 1.324319e-05 -9.459337e-05
11594.400000 8.773468e-01 1.063753e+00 2.014904e-01 3.257949e-02 -4.410071e-05 -5.427556e-05 2.525340e-05 -8.979490e-05
11594.600000 8.892478e-01 1.077913e+00 2.040898e-01 3.311859e-02 -3.819735e-05 -5.732078e-05 2.595144e-05 -9.346907e-05
11594.800000 8.836184e-01 1.071036e+00 2.027090e-01 3.082087e-02 -3.383214e-05 -6.440605e-05 2.797282e-05 -7.947891e-05
11595.000000 8.607716e-01 1.044226e+00 1.973922e-01 3.064457e-02 -3.068392e-05 -6.172659e-05 1.665079e-05 -8.229642e-05
11595.200000 8.981631e-01 1.089049e+00 2.061907e-01 3.190972e-02 -2.339999e-05 -5.564123e-05 1.606725e-05 -8.903741e-05
11595.400000 8.861577e-01 1.074868e+00 2.039989e-01 3.305711e-02 -3.766404e-05 -5.407306e-05 1.948812e-05 -9.694996e-05
11595.600000 8.575568e-01 1.040238e+00 1.978271e-01 3.139365e-02 -3.621055e-05 -5.647389e-05 2.012445e-05 -8.564009e-05
11595.800000 8.892067e-01 1.078561e+00 2.057990e-01 3.069804e-02 -3.367238e-05 -5.508333e-05 1.048779e-05 -7.917258e-05
11596.000000 8.803893e-01 1.068182e+00 2.047126e-01 3.062663e-02 -2.741530e-05 -6.331334e-05 -2.736330e-06 -7.795259e-05
11596.200000 8.870108e-01 1.075997e+00 2.068960e-01 3.015753e-02 -3.385269e-05 -6.859335e-05 7.317483e-06 -8.191013e-05
11596.400000 8.783032e-01 1.065142e+00 2.057457e-01 3.286348e-02 -3.300869e-05 -7.083568e-05 7.964408e-06 -8.385850e-05
11596.600000 8.776601e-01 1.065242e+00 2.067140e-01 3.168634e-02 -3.536367e-05 -7.652926e-05 1.480717e-05 -7.425792e-05
11596.800000 8.842574e-01 1.073199e+00 2.093099e-01 3.204735e-02 -2.901189e-05 -7.582825e-05 1.889340e-05 -8.146295e-05
11597.000000 8.855504e-01 1.074504e+00 2.106329e-01 3.231988e-02 -3.385111e-05 -7.949795e-05 2.500604e-05 -8.182579e-05
11597.700000 8.798928e-01 1.067487e+00 2.131325e-01 3.170370e-02 -3.916922e-05 -6.682986e-05 3.043361e-05 -7.451027e-05
11598.400000 8.842131e-01 1.072617e+00 2.182274e-01 3.173116e-02 -3.186776e-05 -5.738279e-05 3.482016e-05 -7.926099e-05
11599.100000 8.846137e-01 1.073385e+00 2.221182e-01 3.167987e-02 -3.834118e-05 -6.014550e-05 3.409171e-05 -8.155634e-05
11599.800000 8.833787e-01 1.072371e+00 2.250333e-01 3.153258e-02 -4.453631e-05 -6.154930e-05 2.855789e-05 -8.786284e-05
11600.500000 8.832182e-01 1.072236e+00 2.273771e-01 3.113414e-02 -5.003820e-05 -5.664892e-05 3.619967e-05 -8.332262e-05
11601.200000 8.833280e-01 1.072420e+00 2.292589e-01 3.172749e-02 -5.835870e-05 -5.295789e-05 4.539562e-05 -9.311705e-05
11601.900000 8.778133e-01 1.066143e+00 2.292001e-01 3.183657e-02 -5.644628e-05 -5.895901e-05 3.863759e-05 -1.101030e-04
11602.600000 8.847410e-01 1.074171e+00 2.320809e-01 3.086644e-02 -4.750558e-05 -5.450435e-05 4.077536e-05 -1.046509e-04
11603.300000 8.819587e-01 1.071143e+00 2.325615e-01 3.122445e-02 -4.639725e-05 -5.192633e-05 3.612146e-05 -1.003033e-04
11604.993695 8.829682e-01 1.072495e+00 2.367579e-01 3.155397e-02 -4.268028e-05 -4.672359e-05 3.918505e-05 -9.128581e-05
11605.999583 8.834134e-01 1.073402e+00 2.398035e-01 3.137062e-02 -4.378191e-05 -4.911769e-05 4.611325e-05 -9.095700e-05
11607.017662 8.831512e-01 1.073326e+00 2.421551e-01 3.173773e-02 -4.586328e-05 -3.787916e-05 5.226119e-05 -8.552215e-05
11608.047933 8.780240e-01 1.067274e+00 2.420362e-01 3.103206e-02 -4.659085e-05 -2.948147e-05 3.809037e-05 -9.410709e-05
11609.090396 8.827558e-01 1.073103e+00 2.431975e-01 3.199195e-02 -4.673208e-05 -3.281309e-05 2.673507e-05 -9.620517e-05
11610.145051 8.819858e-01 1.072299e+00 2.412060e-01 3.217703e-02 -5.625889e-05 -2.481905e-05 1.927756e-05 -9.434965e-05
11611.211898 8.791339e-01 1.069055e+00 2.375918e-01 3.139461e-02 -4.172861e-05 -3.489176e-05 3.161923e-05 -9.182473e-05
11612.290937 8.843199e-01 1.075504e+00 2.352948e-01 3.183237e-02 -3.987981e-05 -3.325706e-05 3.542117e-05 -9.318572e-05
11613.382167 8.808788e-01 1.071632e+00 2.302776e-01 3.129320e-02 -4.683306e-05 -3.530627e-05 3.523932e-05 -1.031700e-04
11614.485590 8.791876e-01 1.069589e+00 2.254180e-01 3.153674e-02 -4.829216e-05 -3.681606e-05 4.480214e-05 -9.911963e-05
11615.601204 8.804826e-01 1.071615e+00 2.216841e-01 3.161031e-02 -4.419906e-05 -4.091909e-05 3.648596e-05 -1.105008e-04
11616.729011 8.794108e-01 1.070602e+00 2.172137e-01 3.142942e-02 -3.364620e-05 -4.272406e-05 3.600979e-05 -1.187862e-04
11617.869009 8.732504e-01 1.063484e+00 2.122856e-01 3.121636e-02 -3.196606e-05 -4.210058e-05 3.797419e-05 -1.158615e-04
11619.021199 8.795522e-01 1.071271e+00 2.115480e-01 3.185775e-02 -3.560379e-05 -4.976497e-05 4.049587e-05 -1.032010e-04
11620.185582 8.771849e-01 1.068486e+00 2.098806e-01 3.168509e-02 -4.755310e-05 -5.580347e-05 4.062701e-05 -1.064356e-04
11621.362156 8.734724e-01 1.064548e+00 2.092279e-01 3.133566e-02 -4.527588e-05 -5.652284e-05 4.301610e-05 -1.075388e-04
11622.550922 8.800913e-01 1.072584e+00 2.121165e-01 3.150526e-02 -4.286884e-05 -4.374578e-05 4.052273e-05 -1.174525e-04
11623.751879 8.788171e-01 1.071124e+00 2.136630e-01 3.183609e-02 -4.635083e-05 -4.329291e-05 4.494475e-05 -1.080620e-04
11624.965029 8.780817e-01 1.070415e+00 2.154191e-01 3.180396e-02 -5.433533e-05 -4.357651e-05 3.589310e-05 -1.004874e-04
11626.190371 8.810549e-01 1.073973e+00 2.181764e-01 3.179138e-02 -5.467777e-05 -3.527228e-05 2.531185e-05 -9.377341e-05
11627.427904 8.785674e-01 1.071528e+00 2.196276e-01 3.161400e-02 -5.684909e-05 -3.382331e-05 1.510092e-05 -9.986103e-05
11628.677630 8.766072e-01 1.069362e+00 2.209394e-01 3.193637e-02 -5.602339e-05 -3.876087e-05 2.169463e-05 -9.611690e-05
11629.939547 8.771177e-01 1.070054e+00 2.229546e-01 3.119272e-02 -5.123585e-05 -3.209481e-05 2.568265e-05 -1.016221e-04
11631.213657 8.786676e-01 1.072224e+00 2.248589e-01 3.216344e-02 -4.644992e-05 -3.192265e-05 1.994517e-05 -1.067330e-04
11632.499958 8.771090e-01 1.070476e+00 2.258416e-01 3.145086e-02 -3.628226e-05 -3.757348e-05 2.206991e-05 -9.726851e-05
11633.798451 8.778990e-01 1.072048e+00 2.273673e-01 3.193724e-02 -4.300894e-05 -3.361826e-05 2.300739e-05 -9.367080e-05
11635.109136 8.779267e-01 1.072053e+00 2.287704e-01 3.148228e-02 -3.543273e-05 -3.215717e-05 2.437441e-05 -9.235073e-05
11636.432013 8.757647e-01 1.069703e+00 2.303104e-01 3.086204e-02 -3.313254e-05 -3.120589e-05 2.665168e-05 -8.463199e-05
11637.767082 8.771727e-01 1.071539e+00 2.329721e-01 3.152588e-02 -3.848108e-05 -3.011625e-05 3.423067e-05 -7.931861e-05
11639.114342 8.765371e-01 1.071103e+00 2.357345e-01 3.130302e-02 -3.815628e-05 -3.134927e-05 4.747506e-05 -8.949031e-05
11640.473795 8.768523e-01 1.071498e+00 2.389519e-01 3.185690e-02 -3.412478e-05 -3.210814e-05 3.935461e-05 -9.859531e-05
11641.845440 8.755391e-01 1.070523e+00 2.416342e-01 3.158304e-02 -3.190344e-05 -4.197896e-05 3.790959e-05 -9.376029e-05
11643.229276 8.750950e-01 1.070090e+00 2.440221e-01 3.126560e-02 -3.792654e-05 -4.959698e-05 3.599224e-05 -9.581757e-05
11644.625305 8.734065e-01 1.068292e+00 2.458218e-01 3.163928e-02 -3.803586e-05 -5.494978e-05 3.185392e-05 -9.738425e-05
11646.033525 8.760083e-01 1.071752e+00 2.481556e-01 3.128829e-02 -2.292721e-05 -5.058346e-05 2.967675e-05 -9.311330e-05
11647.453937 8.741075e-01 1.069670e+00 2.487909e-01 3.184277e-02 -1.551880e-05 -5.285345e-05 3.272414e-05 -9.230667e-05
11648.886541 8.704331e-01 1.065546e+00 2.484152e-01 3.126196e-02 -2.124398e-05 -5.102237e-05 3.956127e-05 -1.034080e-04
11650.331337 8.701102e-01 1.065541e+00 2.482304e-01 3.176623e-02 -3.324338e-05 -4.613776e-05 2.741898e-05 -1.012594e-04
11651.788325 8.732847e-01 1.069644e+00 2.485412e-01 3.119636e-02 -4.251360e-05 -4.766231e-05 3.388745e-05 -1.043454e-04
11653.257505 8.735745e-01 1.070051e+00 2.469297e-01 3.136850e-02 -4.631122e-05 -5.659550e-05 2.380711e-05 -1.029073e-04
11654.738877 8.721277e-01 1.068841e+00 2.440478e-01 3.146524e-02 -3.374007e-05 -4.629556e-05 2.408372e-05 -1.008231e-04
11656.232440 8.730715e-01 1.070190e+00 2.414924e-01 3.180062e-02 -3.724578e-05 -4.055086e-05 2.742259e-05 -1.021184e-04
11657.738196 8.720618e-01 1.069252e+00 2.381497e-01 3.165019e-02 -2.708439e-05 -4.223978e-05 1.660398e-05 -1.032875e-04
11659.256143 8.708246e-01 1.067907e+00 2.350191e-01 3.161524e-02 -2.564035e-05 -3.753887e-05 2.052893e-05 -1.078421e-04
11660.786283 8.730382e-01 1.070617e+00 2.334199e-01 3.169632e-02 -2.399594e-05 -4.120710e-05 2.141573e-05 -1.106584e-04
11662.328614 8.712295e-01 1.068787e+00 2.315662e-01 3.125607e-02 -1.679262e-05 -3.880070e-05 1.835213e-05 -1.004975e-04
11663.883137 8.705742e-01 1.068231e+00 2.307216e-01 3.166366e-02 -2.740140e-05 -4.077897e-05 1.073095e-05 -9.928524e-05
11665.449852 8.707839e-01 1.068862e+00 2.306353e-01 3.184401e-02 -2.483565e-05 -4.756741e-05 8.557829e-06 -1.069295e-04
11667.028759 8.716103e-01 1.070469e+00 2.313207e-01 3.092966e-02 -4.037871e-05 -4.446787e-05 2.664134e-05 -1.023898e-04
11668.619858 8.699733e-01 1.068583e+00 2.316227e-01 3.131342e-02 -3.060745e-05 -4.285232e-05 3.081129e-05 -9.174494e-05
11670.223149 8.679504e-01 1.066447e+00 2.318193e-01 3.146548e-02 -1.473728e-05 -4.155544e-05 3.416003e-05 -9.748854e-05
11671.838632 8.696310e-01 1.068499e+00 2.330657e-01 3.165163e-02 -2.904791e-05 -4.196736e-05 3.232601e-05 -1.002270e-04
11673.466307 8.685109e-01 1.067765e+00 2.337974e-01 3.167430e-02 -3.332085e-05 -5.222813e-05 2.723545e-05 -1.049484e-04
11675.106173 8.695554e-01 1.069235e+00 2.349732e-01 3.178802e-02 -3.186807e-05 -5.060278e-05 2.915421e-05 -9.836151e-05
11676.758232 8.681050e-01 1.067693e+00 2.353291e-01 3.160266e-02 -2.442288e-05 -5.767941e-05 2.571713e-05 -1.030133e-04
11678.422482 8.668440e-01 1.066504e+00 2.355200e-01 3.093595e-02 -1.682172e-05 -5.989071e-05 2.317072e-05 -9.817940e-05
11680.098924 8.643335e-01 1.063553e+00 2.347591e-01 3.164430e-02 -1.042411e-05 -5.503334e-05 2.075207e-05 -9.178605e-05
11681.787558 8.660177e-01 1.066397e+00 2.349128e-01 3.103794e-02 -1.596775e-05 -4.654686e-05 2.123177e-05 -9.732411e-05
11683.488385 8.664319e-01 1.067249e+00 2.345436e-01 3.163737e-02 -2.371392e-05 -4.153846e-05 2.491716e-05 -1.042605e-04
11685.201403 8.670794e-01 1.067928e+00 2.337392e-01 3.147780e-02 -2.146874e-05 -4.590556e-05 1.631211e-05 -9.396094e-05
11686.926613 8.646656e-01 1.065454e+00 2.321957e-01 3.164955e-02 -2.106335e-05 -4.755450e-05 1.447738e-05 -9.581195e-05
11688.664014 8.661206e-01 1.067463e+00 2.322869e-01 3.193803e-02 -2.659041e-05 -5.672322e-05 1.091241e-05 -8.785679e-05
11690.413608 8.655974e-01 1.067392e+00 2.323011e-01 3.166681e-02 -3.168606e-05 -5.690832e-05 1.340795e-05 -9.240473e-05
11692.175394 8.658638e-01 1.067931e+00 2.331611e-01 3.140018e-02 -2.839351e-05 -5.746692e-05 2.473018e-05 -9.048649e-05
11693.949371 8.639387e-01 1.066173e+00 2.344284e-01 3.180602e-02 -2.620798e-05 -5.670717e-05 3.035084e-05 -7.756681e-05
11695.735541 8.643932e-01 1.066829e+00 2.366505e-01 3.146953e-02 -2.250603e-05 -5.124232e-05 2.923355e-05 -8.504867e-05
11697.533902 8.643424e-01 1.066630e+00 2.394612e-01 3.163305e-02 -3.117029e-05 -5.164582e-05 3.250348e-05 -8.613648e-05
11699.344455 8.635393e-01 1.066059e+00 2.423761e-01 3.131867e-02 -3.435588e-05 -5.547754e-05 3.901451e-05 -8.031973e-05
11701.167201 8.609888e-01 1.063428e+00 2.452152e-01 3.190243e-02 -3.391053e-05 -5.704718e-05 3.446246e-05 -7.545624e-05
11703.002138 8.592458e-01 1.061767e+00 2.480002e-01 3.132380e-02 -2.561223e-05 -6.433684e-05 2.531304e-05 -7.768817e-05
11704.849267 8.609492e-01 1.064328e+00 2.512025e-01 3.161878e-02 -1.699083e-05 -7.057313e-05 3.114405e-05 -7.850528e-05
11706.708588 8.622535e-01 1.066165e+00 2.534386e-01 3.162507e-02 -1.275117e-05 -7.477208e-05 2.516570e-05 -8.803541e-05
11708.580100 8.600923e-01 1.063849e+00 2.538200e-01 3.076057e-02 -1.339980e-05 -7.422550e-05 2.403067e-05 -8.295633e-05
11710.463805 8.621434e-01 1.066575e+00 2.544489e-01 3.197472e-02 -2.379108e-05 -7.158974e-05 1.116964e-05 -7.958056e-05
11712.359702 8.606988e-01 1.064970e+00 2.532529e-01 3.104191e-02 -2.441736e-05 -6.132633e-05 1.294397e-05 -7.938194e-05
11714.267790 8.609575e-01 1.065628e+00 2.520219e-01 3.135305e-02 -2.489103e-05 -6.627741e-05 2.175010e-05 -8.380317e-05
11716.188071 8.603886e-01 1.065295e+00 2.504271e-01 3.087545e-02 -1.884573e-05 -6.363814e-05 2.127278e-05 -8.450495e-05
11718.120543 8.609685e-01 1.066382e+00 2.488755e-01 3.159141e-02 -5.001055e-06 -5.817360e-05 2.122212e-05 -9.173432e-05
11720.065207 8.572845e-01 1.062274e+00 2.460893e-01 3.161325e-02 -1.173931e-05 -6.079090e-05 1.393862e-05 -8.947171e-05
11722.022064 8.573058e-01 1.062762e+00 2.445567e-01 3.184332e-02 -1.434872e-05 -6.159228e-05 2.830071e-05 -9.163533e-05
11723.991112 8.588474e-01 1.065090e+00 2.438115e-01 3.159996e-02 -2.455058e-05 -6.628605e-05 3.078373e-05 -7.647829e-05
11725.972352 8.583133e-01 1.064635e+00 2.425093e-01 3.146922e-02 -2.169927e-05 -6.628190e-05 3.463424e-05 -8.209158e-05
11727.965784 8.549066e-01 1.060894e+00 2.407796e-01 3.118159e-02 -2.088254e-05 -6.419746e-05 2.457723e-05 -8.870866e-05
11729.971407 8.562387e-01 1.062865e+00 2.405165e-01 3.162167e-02 -2.565085e-05 -5.795292e-05 1.892039e-05 -8.207157e-05
11731.989223 8.530637e-01 1.059580e+00 2.391725e-01 3.106153e-02 -2.315613e-05 -6.133262e-05 2.378909e-05 -8.985455e-05
11734.019231 8.517895e-01 1.058329e+00 2.385049e-01 3.144603e-02 -2.109368e-05 -6.742549e-05 2.795418e-05 -8.766788e-05
11736.061430 8.532949e-01 1.060075e+00 2.389175e-01 3.172479e-02 -1.799940e-05 -7.003240e-05 2.784677e-05 -8.443576e-05
11738.115822 8.546422e-01 1.062409e+00 2.399091e-01 3.134181e-02 -1.868014e-05 -6.399735e-05 2.805020e-05 -7.789275e-05
11740.182405 8.551186e-01 1.063503e+00 2.408161e-01 3.182252e-02 -2.360204e-05 -6.499710e-05 1.854358e-05 -8.155311e-05
11742.261180 8.545239e-01 1.063000e+00 2.411998e-01 3.120627e-02 -2.276095e-05 -5.925253e-05 9.355596e-06 -8.555246e-05
11744.352148 8.533689e-01 1.061892e+00 2.411055e-01 3.127228e-02 -2.137956e-05 -6.680238e-05 2.564620e-05 -8.450603e-05
11746.455307 8.546593e-01 1.063659e+00 2.413271e-01 3.155908e-02 -2.022738e-05 -7.224386e-05 3.193339e-05 -8.681641e-05
11748.570658 8.524595e-01 1.061387e+00 2.401019e-01 3.129624e-02 -2.014926e-05 -6.298881e-05 2.937796e-05 -7.773755e-05
11750.698201 8.518991e-01 1.061042e+00 2.391821e-01 3.171493e-02 -2.115430e-05 -6.085162e-05 2.773353e-05 -7.551332e-05
11752.837935 8.522639e-01 1.062321e+00 2.383531e-01 3.166910e-02 -1.897613e-05 -6.542488e-05 2.629261e-05 -7.926105e-05
11754.989862 8.524490e-01 1.062989e+00 2.378519e-01 3.139894e-02 -2.690735e-05 -7.443296e-05 2.223244e-05 -7.586396e-05
11757.153981 8.498911e-01 1.059832e+00 2.375346e-01 3.100657e-02 -3.382352e-05 -8.018298e-05 2.494019e-05 -6.865727e-05
11759.330291 8.519964e-01 1.062856e+00 2.398911e-01 3.158785e-02 -3.992766e-05 -7.631486e-05 2.811276e-05 -6.415741e-05
11761.518794 8.501237e-01 1.060932e+00 2.421417e-01 3.162465e-02 -3.452065e-05 -6.936499e-05 1.376592e-05 -7.265803e-05
11763.719488 8.508940e-01 1.062090e+00 2.456734e-01 3.161227e-02 -1.940239e-05 -6.798320e-05 1.551218e-05 -6.967785e-05
11765.932374 8.504827e-01 1.061905e+00 2.491545e-01 3.195745e-02 -2.261877e-05 -6.666486e-05 2.588603e-05 -6.886348e-05
11768.157453 8.497067e-01 1.061566e+00 2.522286e-01 3.108599e-02 -1.417381e-05 -5.771888e-05 2.581858e-05 -6.666730e-05
11770.394723 8.431902e-01 1.054032e+00 2.522673e-01 3.111293e-02 -1.802841e-05 -5.889335e-05 3.340023e-05 -5.799782e-05
11772.644185 8.389434e-01 1.049104e+00 2.527601e-01 3.088396e-02 -1.901683e-05 -4.485105e-05 2.971241e-05 -6.019642e-05
11774.905838 8.443930e-01 1.056126e+00 2.557039e-01 3.203210e-02 -1.749124e-05 -4.190342e-05 2.730580e-05 -7.223158e-05
11777.179684 8.468958e-01 1.059645e+00 2.576252e-01 3.113007e-02 -2.276803e-05 -4.072201e-05 2.632379e-05 -7.607542e-05
11779.465722 8.465854e-01 1.059556e+00 2.583918e-01 3.068832e-02 -2.736727e-05 -5.030082e-05 2.456704e-05 -7.029952e-05
11781.763952 8.468594e-01 1.060440e+00 2.590687e-01 3.223248e-02 -2.779693e-05 -5.670366e-05 2.710185e-05 -6.496425e-05
11784.074373 8.455493e-01 1.059255e+00 2.591061e-01 3.146797e-02 -2.744545e-05 -5.713769e-05 2.775663e-05 -6.310461e-05
11786.396987 8.450655e-01 1.059015e+00 2.592890e-01 3.113490e-02 -2.231573e-05 -5.101439e-05 1.990930e-05 -6.920174e-05
11788.731792 8.447512e-01 1.059087e+00 2.594093e-01 3.193990e-02 -2.747560e-05 -4.708495e-05 1.631555e-05 -7.776100e-05
11791.078789 8.437845e-01 1.058400e+00 2.592678e-01 3.108025e-02 -2.728971e-05 -5.030852e-05 2.592556e-05 -6.806343e-05
11793.437978 8.433493e-01 1.057983e+00 2.587583e-01 3.171840e-02 -2.235720e-05 -5.107715e-05 3.527227e-05 -5.920812e-05
11795.809359 8.435315e-01 1.058656e+00 2.583223e-01 3.178466e-02 -2.021358e-05 -4.619692e-05 3.251088e-05 -6.872722e-05
11798.192932 8.429356e-01 1.058509e+00 2.571283e-01 3.137315e-02 -1.199496e-05 -4.385535e-05 2.550112e-05 -6.723563e-05
11800.588697 8.416716e-01 1.057212e+00 2.554948e-01 3.136416e-02 -1.784628e-05 -3.538666e-05 2.187919e-05 -6.406136e-05
11802.996654 8.418123e-01 1.057889e+00 2.538544e-01 3.179357e-02 -1.877728e-05 -4.041449e-05 3.133603e-05 -5.640946e-05
11805.416803 8.418020e-01 1.058221e+00 2.516755e-01 3.115576e-02 -2.338238e-05 -4.259274e-05 3.294485e-05 -6.022228e-05
11807.849143 8.395522e-01 1.055516e+00 2.489062e-01 3.164447e-02 -1.578635e-05 -5.070819e-05 1.688691e-05 -6.351709e-05
11810.293676 8.403757e-01 1.057190e+00 2.472218e-01 3.103409e-02 -1.587250e-05 -4.931841e-05 1.678950e-05 -7.475234e-05
11812.750400 8.387588e-01 1.055518e+00 2.454875e-01 3.167788e-02 -9.530959e-06 -4.939487e-05 2.206200e-05 -7.181301e-05
11815.219317 8.365771e-01 1.053551e+00 2.442397e-01 3.079373e-02 -2.617123e-05 -4.862134e-05 2.184790e-05 -7.788695e-05
11817.700425 8.389339e-01 1.056896e+00 2.450313e-01 3.170196e-02 -3.386861e-05 -5.045806e-05 3.107981e-05 -8.135212e-05
11820.193725 8.396789e-01 1.057816e+00 2.460416e-01 3.157836e-02 -3.246013e-05 -5.183535e-05 4.080719e-05 -8.316082e-05
11822.699217 8.371007e-01 1.055204e+00 2.467929e-01 3.176002e-02 -2.742774e-05 -5.114527e-05 3.681276e-05 -7.535668e-05
11825.216901 8.363590e-01 1.054913e+00 2.486128e-01 3.127017e-02 -2.388140e-05 -4.579529e-05 4.187089e-05 -6.310685e-05
11827.746777 8.361415e-01 1.055232e+00 2.509017e-01 3.160774e-02 -1.814627e-05 -4.676173e-05 3.181736e-05 -6.770888e-05
11830.288845 8.344674e-01 1.053390e+00 2.532273e-01 3.152819e-02 -2.804568e-05 -5.595255e-05 2.799187e-05 -6.656277e-05
11832.843105 8.361112e-01 1.055801e+00 2.571082e-01 3.128011e-02 -3.458684e-05 -5.972981e-05 3.022083e-05 -5.876466e-05
11835.409556 8.350169e-01 1.054918e+00 2.601208e-01 3.207431e-02 -4.254868e-05 -6.300102e-05 3.107729e-05 -6.376447e-05
11837.988200 8.339445e-01 1.053792e+00 2.627845e-01 3.112098e-02 -4.518771e-05 -5.062329e-05 3.123233e-05 -6.702261e-05
11840.579035 8.322845e-01 1.052496e+00 2.646832e-01 3.128344e-02 -4.044589e-05 -4.599253e-05 3.350140e-05 -6.323485e-05
11843.182062 8.339787e-01 1.055200e+00 2.669330e-01 3.071723e-02 -3.937786e-05 -4.138715e-05 3.724368e-05 -7.474465e-05
11845.797282 8.304951e-01 1.051018e+00 2.664983e-01 3.176683e-02 -3.919476e-05 -4.359901e-05 3.847209e-05 -7.396760e-05
11848.424693 8.287240e-01 1.049251e+00 2.662769e-01 3.130735e-02 -4.440697e-05 -4.181339e-05 3.642014e-05 -6.723979e-05
11851.064296 8.320080e-01 1.053819e+00 2.669653e-01 3.161610e-02 -3.968220e-05 -4.576754e-05 2.872396e-05 -6.772704e-05
11853.716091 8.320434e-01 1.054128e+00 2.664989e-01 3.168109e-02 -4.282101e-05 -4.915970e-05 2.432648e-05 -5.860409e-05
11856.380078 8.295200e-01 1.051742e+00 2.656507e-01 3.136180e-02 -4.577181e-05 -4.455090e-05 2.936576e-05 -6.220745e-05
11859.056256 8.289320e-01 1.051551e+00 2.656341e-01 3.123788e-02 -4.127643e-05 -3.954993e-05 3.353133e-05 -6.898503e-05
11861.744627 8.269800e-01 1.049668e+00 2.660123e-01 3.121044e-02 -4.243061e-05 -4.198921e-05 3.462115e-05 -7.128960e-05
11864.445190 8.229304e-01 1.044974e+00 2.660900e-01 3.112455e-02 -4.470323e-05 -4.460020e-05 3.337386e-05 -6.905754e-05
11867.157944 8.275704e-01 1.050993e+00 2.689534e-01 3.086727e-02 -4.150415e-05 -4.022402e-05 2.659479e-05 -7.643363e-05
11869.882891 8.266594e-01 1.050389e+00 2.693323e-01 3.140105e-02 -4.639380e-05 -4.108903e-05 2.795497e-05 -9.259991e-05
11872.620029 8.251048e-01 1.048793e+00 2.687694e-01 3.174231e-02 -3.727698e-05 -4.120716e-05 1.755865e-05 -8.998523e-05
11875.369359 8.259782e-01 1.050482e+00 2.686179e-01 3.152038e-02 -4.873258e-05 -5.069223e-05 3.275952e-05 -6.562920e-05
11878.130881 8.261640e-01 1.051186e+00 2.676551e-01 3.170128e-02 -4.530185e-05 -4.797045e-05 4.395895e-05 -7.357133e-05
11880.904595 8.176544e-01 1.041245e+00 2.639225e-01 3.102267e-02 -2.387010e-05 -4.920097e-05 4.817558e-05 -6.862677e-05
11883.690501 8.160886e-01 1.039551e+00 2.622306e-01 3.067546e-02 -1.973909e-05 -4.075353e-05 4.013769e-05 -6.638267e-05
11886.488599 8.241377e-01 1.049735e+00 2.635691e-01 3.184013e-02 -1.786898e-05 -4.684106e-05 3.756178e-05 -6.560224e-05
11889.298889 8.228334e-01 1.048722e+00 2.621926e-01 3.102612e-02 -1.229141e-05 -5.241560e-05 4.150699e-05 -6.274403e-05
11892.121371 8.229292e-01 1.049496e+00 2.615174e-01 3.155546e-02 -1.085034e-05 -5.337244e-05 3.471426e-05 -6.714602e-05
11894.956044 8.221078e-01 1.048738e+00 2.608927e-01 3.105946e-02 -8.821875e-06 -5.976672e-05 3.076148e-05 -6.024578e-05
11897.802910 8.221977e-01 1.049389e+00 2.611697e-01 3.106758e-02 -1.164018e-05 -5.328609e-05 3.394278e-05 -6.919678e-05
11900.661967 8.206952e-01 1.048097e+00 2.617483e-01 3.145157e-02 -1.590432e-05 -4.864236e-05 2.895372e-05 -6.647623e-05
11903.533217 8.205767e-01 1.048359e+00 2.633854e-01 3.132798e-02 -1.949275e-05 -5.595862e-05 2.564923e-05 -6.464580e-05
11906.416658 8.207068e-01 1.048911e+00 2.660472e-01 3.136257e-02 -2.139131e-05 -5.513380e-05 3.754004e-05 -6.433481e-05
11909.312291 8.192769e-01 1.047572e+00 2.686425e-01 3.109377e-02 -2.713701e-05 -5.778829e-05 3.467293e-05 -6.351499e-05
11912.220116 8.177535e-01 1.046193e+00 2.712517e-01 3.107795e-02 -3.207841e-05 -5.380511e-05 3.638551e-05 -5.072724e-05
11915.140133 8.176519e-01 1.046546e+00 2.740901e-01 3.159787e-02 -3.385567e-05 -5.604777e-05 2.855455e-05 -5.353143e-05
11918.072342 8.183986e-01 1.047938e+00 2.767812e-01 3.149955e-02 -2.872981e-05 -5.149336e-05 3.903404e-05 -5.903040e-05
11921.016743 8.173453e-01 1.047029e+00 2.778330e-01 3.132090e-02 -3.368791e-05 -5.895699e-05 4.924312e-05 -5.378099e-05
11923.973335 8.169076e-01 1.046993e+00 2.786720e-01 3.137095e-02 -3.353331e-05 -5.281205e-05 4.835915e-05 -6.550276e-05
11926.942120 8.164921e-01 1.046871e+00 2.790040e-01 3.179455e-02 -3.686628e-05 -5.316202e-05 4.066665e-05 -7.410261e-05
11929.923096 8.138635e-01 1.044167e+00 2.782741e-01 3.120808e-02 -3.653329e-05 -4.612453e-05 4.087256e-05 -8.104370e-05
11932.916265 8.138989e-01 1.044463e+00 2.781849e-01 3.121240e-02 -3.160155e-05 -5.045827e-05 4.161788e-05 -6.465808e-05
11935.921625 8.066690e-01 1.035860e+00 2.758325e-01 3.116527e-02 -3.049567e-05 -4.045280e-05 4.099907e-05 -6.035741e-05
11938.939177 8.080474e-01 1.038092e+00 2.764646e-01 3.096212e-02 -3.000307e-05 -4.284259e-05 4.610786e-05 -5.241290e-05
11941.968921 8.126477e-01 1.044425e+00 2.783642e-01 3.137187e-02 -2.990398e-05 -4.529339e-05 4.366711e-05 -5.536993e-05
11945.010858 8.124171e-01 1.044672e+00 2.788029e-01 3.157122e-02 -2.642415e-05 -5.419183e-05 4.380021e-05 -4.827807e-05
11948.064985 8.104048e-01 1.042534e+00 2.790061e-01 3.121751e-02 -3.641497e-05 -4.965495e-05 4.177424e-05 -5.052649e-05
11951.131305 8.097858e-01 1.042304e+00 2.800411e-01 3.133541e-02 -3.738828e-05 -4.982071e-05 4.685855e-05 -5.932752e-05
11954.209817 8.105182e-01 1.043690e+00 2.815587e-01 3.149015e-02 -3.544516e-05 -4.552579e-05 4.667101e-05 -6.333800e-05
11957.300521 8.094571e-01 1.042863e+00 2.822507e-01 3.176444e-02 -3.077561e-05 -4.670299e-05 4.340590e-05 -6.595355e-05
11960.403416 8.088901e-01 1.042931e+00 2.825351e-01 3.135317e-02 -3.108773e-05 -4.907359e-05 3.373668e-05 -8.143744e-05
11963.518504 8.092231e-01 1.043584e+00 2.823152e-01 3.111312e-02 -3.079107e-05 -4.343883e-05 4.180698e-05 -7.613612e-05
11966.645783 8.075592e-01 1.041877e+00 2.811986e-01 3.113106e-02 -2.438193e-05 -5.115090e-05 3.657938e-05 -8.261125e-05
11969.785255 8.075581e-01 1.042450e+00 2.806269e-01 3.080500e-02 -2.538272e-05 -5.466348e-05 4.105625e-05 -8.287444e-05
11972.936918 8.073305e-01 1.042547e+00 2.801437e-01 3.122982e-02 -1.251600e-05 -5.724548e-05 3.689807e-05 -8.663089e-05
11976.100773 8.058833e-01 1.041551e+00 2.797452e-01 3.122780e-02 -1.780656e-05 -5.741442e-05 2.563442e-05 -7.430330e-05
11979.276820 8.055005e-01 1.041519e+00 2.799436e-01 3.115139e-02 -2.166496e-05 -4.678717e-05 2.673999e-05 -7.870421e-05
11982.465059 8.049278e-01 1.041138e+00 2.800045e-01 3.163534e-02 -2.456390e-05 -4.479444e-05 2.819450e-05 -6.399717e-05
11985.665490 8.043140e-01 1.040882e+00 2.802606e-01 3.077785e-02 -2.347497e-05 -4.195788e-05 2.748304e-05 -5.941017e-05
11988.878112 8.032397e-01 1.040078e+00 2.800967e-01 3.108383e-02 -2.163574e-05 -4.215636e-05 4.186414e-05 -5.752425e-05
11992.102927 8.031398e-01 1.040105e+00 2.804362e-01 3.101124e-02 -2.627821e-05 -3.865561e-05 4.767395e-05 -5.797960e-05
11995.339934 8.020632e-01 1.039444e+00 2.811205e-01 3.100055e-02 -3.295931e-05 -4.134052e-05 4.408762e-05 -5.675572e-05
11998.589132 8.013857e-01 1.039482e+00 2.823908e-01 3.141198e-02 -2.829687e-05 -4.502167e-05 3.872315e-05 -6.808996e-05
12001.850523 8.012000e-01 1.039694e+00 2.840568e-01 3.119806e-02 -2.995106e-05 -5.893173e-05 3.318704e-05 -6.869409e-05
12005.124105 7.998013e-01 1.038435e+00 2.859337e-01 3.110925e-02 -3.773122e-05 -5.871351e-05 3.068873e-05 -7.015466e-05
12008.409879 7.993067e-01 1.038110e+00 2.885484e-01 3.109645e-02 -3.806964e-05 -6.014315e-05 4.397737e-05 -6.719386e-05
12011.707845 7.993758e-01 1.038814e+00 2.915087e-01 3.141189e-02 -3.853410e-05 -5.041900e-05 4.006333e-05 -7.482497e-05
12015.018003 7.980073e-01 1.037615e+00 2.939459e-01 3.125271e-02 -3.460295e-05 -4.634897e-05 3.140174e-05 -7.764425e-05
12018.340353 7.971722e-01 1.036962e+00 2.959384e-01 3.156102e-02 -4.375053e-05 -5.501691e-05 3.437342e-05 -7.387456e-05
12021.674895 7.960366e-01 1.035928e+00 2.971637e-01 3.124794e-02 -4.575936e-05 -5.240213e-05 2.913967e-05 -7.804955e-05
12025.021629 7.967515e-01 1.037466e+00 2.984868e-01 3.106487e-02 -3.840113e-05 -5.123498e-05 2.857263e-05 -7.841774e-05
12028.380554 7.958686e-01 1.036921e+00 2.988492e-01 3.107577e-02 -3.768461e-05 -5.182020e-05 3.212813e-05 -7.154787e-05
12031.751672 7.948222e-01 1.036150e+00 2.986848e-01 3.100789e-02 -3.299472e-05 -3.992810e-05 2.612894e-05 -7.763191e-05
12035.134982 7.942181e-01 1.035769e+00 2.985921e-01 3.146354e-02 -3.983449e-05 -3.332900e-05 3.927696e-05 -7.887300e-05
12038.530483 7.939296e-01 1.035974e+00 2.982757e-01 3.104885e-02 -3.029153e-05 -3.478305e-05 4.277653e-05 -7.558080e-05
12041.938176 7.936161e-01 1.036086e+00 2.981381e-01 3.130106e-02 -3.597413e-05 -3.557092e-05 4.119279e-05 -7.648052e-05
12045.358061 7.867858e-01 1.027995e+00 2.955430e-01 3.087812e-02 -3.191291e-05 -4.077180e-05 3.364929e-05 -7.840424e-05
12048.790139 7.805404e-01 1.020691e+00 2.933368e-01 3.046287e-02 -3.323407e-05 -4.141045e-05 2.818628e-05 -7.561800e-05
12052.234408 7.892050e-01 1.032007e+00 2.966828e-01 3.112399e-02 -3.060062e-05 -4.111587e-05 3.171480e-05 -6.782684e-05
12055.690868 7.905230e-01 1.034105e+00 2.971513e-01 3.138597e-02 -2.595477e-05 -4.493127e-05 4.657379e-05 -6.930801e-05
12059.159521 7.894520e-01 1.033459e+00 2.971501e-01 3.102150e-02 -2.312397e-05 -4.702086e-05 5.853953e-05 -7.061022e-05
12062.640366 7.886757e-01 1.032948e+00 2.970580e-01 3.077276e-02 -1.840477e-05 -4.450735e-05 4.734896e-05 -7.830020e-05
12066.133403 7.882299e-01 1.033040e+00 2.972795e-01 3.088468e-02 -1.931373e-05 -5.037937e-05 4.217423e-05 -8.013713e-05
12069.638631 7.865948e-01 1.031623e+00 2.974451e-01 3.105969e-02 -1.805458e-05 -4.552074e-05 4.135039e-05 -7.419508e-05
12073.156052 7.870481e-01 1.032425e+00 2.981559e-01 3.096941e-02 -1.487567e-05 -3.784769e-05 4.354098e-05 -6.879477e-05
12076.685664 7.859551e-01 1.031612e+00 2.982665e-01 3.088158e-02 -1.689276e-05 -4.771510e-05 3.757843e-05 -6.985544e-05
12080.227468 7.854636e-01 1.031591e+00 2.988278e-01 3.096223e-02 -2.284984e-05 -4.740733e-05 3.238979e-05 -7.624305e-05
12083.781465 7.822121e-01 1.027770e+00 2.984076e-01 3.069523e-02 -2.130178e-05 -6.073921e-05 3.140678e-05 -8.067848e-05
12087.347653 7.820681e-01 1.028369e+00 2.998263e-01 3.090782e-02 -1.819871e-05 -6.020645e-05 4.152498e-05 -8.015264e-05
12090.926033 7.833248e-01 1.030372e+00 3.018007e-01 3.125139e-02 -2.241597e-05 -5.431588e-05 4.051278e-05 -8.078754e-05
12094.516605 7.821449e-01 1.029539e+00 3.030856e-01 3.124404e-02 -2.891444e-05 -5.304157e-05 4.142542e-05 -9.003225e-05
12098.119369 7.815118e-01 1.029305e+00 3.046296e-01 3.082484e-02 -2.368720e-05 -5.190130e-05 4.023017e-05 -8.204080e-05
12101.734324 7.801058e-01 1.028259e+00 3.059464e-01 3.093085e-02 -2.087807e-05 -5.432320e-05 4.000253e-05 -7.778658e-05
12105.361472 7.803015e-01 1.028839e+00 3.075950e-01 3.058025e-02 -2.317315e-05 -5.977214e-05 3.891422e-05 -8.886304e-05
12109.000811 7.796108e-01 1.028562e+00 3.090507e-01 3.098293e-02 -2.477839e-05 -5.970701e-05 4.139107e-05 -9.544463e-05
12112.652343 7.788968e-01 1.028171e+00 3.102953e-01 3.130288e-02 -2.432236e-05 -6.066637e-05 4.217792e-05 -1.010757e-04
12116.316066 7.776347e-01 1.027237e+00 3.112996e-01 3.069345e-02 -1.795114e-05 -5.623004e-05 2.679233e-05 -9.882402e-05
12119.991982 7.776996e-01 1.027780e+00 3.130692e-01 3.098911e-02 -1.744107e-05 -5.514619e-05 2.981636e-05 -9.694736e-05
12123.680089 7.767757e-01 1.027110e+00 3.143089e-01 3.085030e-02 -1.298193e-05 -5.278042e-05 3.533690e-05 -9.294184e-05
12127.380388 7.758188e-01 1.026295e+00 3.156047e-01 3.120386e-02 -2.180983e-05 -5.837548e-05 5.275563e-05 -8.168138e-05
12131.092879 7.752435e-01 1.026198e+00 3.168646e-01 3.111824e-02 -2.518312e-05 -6.051339e-05 4.526861e-05 -8.640322e-05
12134.817562 7.740894e-01 1.025314e+00 3.176064e-01 3.107422e-02 -2.822859e-05 -5.130270e-05 4.622335e-05 -8.970477e-05
12138.554437 7.733452e-01 1.024784e+00 3.182279e-01 3.104537e-02 -2.215097e-05 -5.378443e-05 2.569210e-05 -8.874114e-05
12142.303503 7.732370e-01 1.025219e+00 3.188468e-01 3.083871e-02 -1.743125e-05 -5.896938e-05 2.514702e-05 -9.441360e-05
12146.064762 7.727475e-01 1.025373e+00 3.192052e-01 3.094829e-02 -2.415292e-05 -5.275876e-05 3.112927e-05 -8.460190e-05
12149.838213 7.711803e-01 1.023635e+00 3.190740e-01 3.076989e-02 -2.593058e-05 -5.207058e-05 4.044871e-05 -7.815618e-05
12153.623855 7.713524e-01 1.024394e+00 3.196074e-01 3.100618e-02 -2.888424e-05 -5.954266e-05 3.617210e-05 -7.962972e-05
12157.421689 7.697377e-01 1.022972e+00 3.193362e-01 3.099770e-02 -2.853379e-05 -5.054151e-05 3.924772e-05 -6.993980e-05
12161.231716 7.699145e-01 1.023660e+00 3.197090e-01 3.078750e-02 -3.239569e-05 -5.185483e-05 3.405848e-05 -6.089019e-05
12165.053934 7.693180e-01 1.023279e+00 3.196134e-01 3.091418e-02 -2.264633e-05 -4.512640e-05 4.053782e-05 -6.727618e-05
12168.888344 7.669202e-01 1.020958e+00 3.189984e-01 3.082206e-02 -3.146679e-05 -4.197811e-05 3.896670e-05 -6.762381e-05
12172.734946 7.675655e-01 1.022473e+00 3.197635e-01 3.062059e-02 -3.554725e-05 -4.188617e-05 4.441481e-05 -6.794059e-05
12176.593740 7.658737e-01 1.020845e+00 3.193959e-01 3.106874e-02 -2.932398e-05 -4.808972e-05 3.939794e-05 -6.957355e-05
12180.464726 7.640864e-01 1.018945e+00 3.190712e-01 3.048575e-02 -2.712642e-05 -4.719211e-05 3.003817e-05 -6.774921e-05
12184.347903 7.653235e-01 1.021241e+00 3.203633e-01 3.101335e-02 -1.526862e-05 -4.501498e-05 2.548428e-05 -7.122415e-05
12188.243273 7.638339e-01 1.019687e+00 3.204887e-01 3.070727e-02 -1.103308e-05 -5.651486e-05 4.673675e-05 -6.295147e-05
12192.150835 7.642756e-01 1.020869e+00 3.217946e-01 3.073008e-02 -1.957352e-05 -5.917033e-05 4.904248e-05 -6.148007e-05
12196.070588 7.597843e-01 1.015478e+00 3.211420e-01 3.092399e-02 -1.950084e-05 -5.267003e-05 4.940587e-05 -5.776554e-05
12200.002533 7.604059e-01 1.017025e+00 3.227766e-01 3.047704e-02 -2.500581e-05 -4.613748e-05 5.643329e-05 -6.813717e-05
12203.946671 7.599776e-01 1.017076e+00 3.242780e-01 3.064248e-02 -2.415347e-05 -4.460520e-05 5.262439e-05 -7.461020e-05
12207.903000 7.581944e-01 1.015333e+00 3.253318e-01 3.062177e-02 -2.524579e-05 -3.661134e-05 5.882192e-05 -8.426131e-05
12211.871521 7.598098e-01 1.018069e+00 3.280790e-01 3.106478e-02 -3.136751e-05 -3.258216e-05 5.745956e-05 -8.090732e-05
12215.852234 7.583318e-01 1.016641e+00 3.293106e-01 3.062515e-02 -2.863637e-05 -4.997210e-05 6.166670e-05 -8.224337e-05
12219.845139 7.579159e-01 1.016673e+00 3.309738e-01 3.135400e-02 -2.780652e-05 -4.075069e-05 5.645548e-05 -7.336680e-05
12223.850236 7.559163e-01 1.014778e+00 3.318372e-01 3.078866e-02 -2.450766e-05 -3.434188e-05 5.346111e-05 -7.174484e-05
12227.867524 7.482207e-01 1.005361e+00 3.300688e-01 3.055589e-02 -2.967420e-05 -3.619191e-05 6.585117e-05 -8.074466e-05
12231.897005 7.383991e-01 9.930900e-01 3.270624e-01 3.004997e-02 -2.947877e-05 -4.381207e-05 6.044912e-05 -8.258942e-05
12235.938678 7.527591e-01 1.012252e+00 3.347896e-01 3.079772e-02 -3.184681e-05 -5.193352e-05 6.209348e-05 -7.518477e-05
12239.992542 7.527363e-01 1.012917e+00 3.362268e-01 3.037785e-02 -2.793658e-05 -4.153121e-05 4.504104e-05 -7.886773e-05
12244.058598 7.530270e-01 1.014029e+00 3.378544e-01 3.083930e-02 -2.119136e-05 -3.992629e-05 5.426046e-05 -8.384182e-05
12248.136847 7.517538e-01 1.012752e+00 3.387812e-01 3.090127e-02 -2.732585e-05 -4.585055e-05 4.505702e-05 -8.385589e-05
12252.227287 7.494353e-01 1.010384e+00 3.393995e-01 3.091229e-02 -3.869550e-05 -5.487179e-05 4.991524e-05 -7.201340e-05
12256.329919 7.499882e-01 1.011713e+00 3.414590e-01 3.035948e-02 -3.940557e-05 -5.447549e-05 4.754486e-05 -7.263729e-05
12260.444743 7.491855e-01 1.011324e+00 3.427299e-01 3.044465e-02 -4.589566e-05 -4.825740e-05 3.910926e-05 -6.300393e-05
12264.571759 7.492718e-01 1.012065e+00 3.441681e-01 3.074416e-02 -4.134703e-05 -4.461048e-05 2.170403e-05 -6.474742e-05
12268.710967 7.483774e-01 1.011379e+00 3.447970e-01 3.057523e-02 -3.683479e-05 -4.690859e-05 1.602821e-05 -7.187805e-05
12272.862366 7.474283e-01 1.010713e+00 3.451695e-01 3.059594e-02 -3.491705e-05 -5.581533e-05 2.371832e-05 -6.472975e-05
12277.025958 7.465844e-01 1.010206e+00 3.453798e-01 3.068996e-02 -3.590333e-05 -5.436173e-05 3.474503e-05 -6.302641e-05
12281.201742 7.462065e-01 1.010208e+00 3.453496e-01 3.104984e-02 -2.920215e-05 -4.456450e-05 2.945391e-05 -6.772006e-05
12285.389717 7.444897e-01 1.008454e+00 3.446780e-01 3.100625e-02 -3.455364e-05 -4.559584e-05 2.162363e-05 -6.531208e-05
12289.589884 7.441342e-01 1.008784e+00 3.448963e-01 3.075009e-02 -3.117413e-05 -4.505481e-05 2.006777e-05 -7.184218e-05
12293.802244 7.435832e-01 1.008588e+00 3.448943e-01 3.094328e-02 -3.365412e-05 -4.395126e-05 2.378985e-05 -7.738680e-05
12298.026795 7.424259e-01 1.007609e+00 3.446454e-01 3.060672e-02 -3.429056e-05 -4.716436e-05 2.344197e-05 -7.964461e-05
12302.263538 7.410364e-01 1.006483e+00 3.445534e-01 3.051174e-02 -3.731971e-05 -4.602008e-05 3.539842e-05 -7.400003e-05
12306.512473 7.416307e-01 1.007875e+00 3.455533e-01 3.100517e-02 -4.379564e-05 -4.638958e-05 3.693167e-05 -6.974626e-05
12310.773600 7.407122e-01 1.007097e+00 3.460865e-01 3.071366e-02 -3.816200e-05 -4.294352e-05 3.576336e-05 -6.211303e-05
12315.046919 7.402567e-01 1.007220e+00 3.473267e-01 3.053133e-02 -3.704914e-05 -4.470234e-05 3.425778e-05 -6.339328e-05
12319.332429 7.385993e-01 1.005600e+00 3.479485e-01 3.061016e-02 -3.540904e-05 -5.023665e-05 2.770282e-05 -6.417674e-05
12323.630132 7.228793e-01 9.852914e-01 3.424128e-01 2.985504e-02 -4.023024e-05 -5.562298e-05 2.221717e-05 -6.399870e-05
12327.940026 7.304103e-01 9.958689e-01 3.481566e-01 3.021660e-02 -4.111059e-05 -5.352570e-05 2.427281e-05 -5.561040e-05
12332.262113 7.362595e-01 1.004423e+00 3.532570e-01 3.059307e-02 -3.725118e-05 -5.158083e-05 2.370706e-05 -6.494094e-05
12336.596391 7.358863e-01 1.004312e+00 3.552151e-01 3.059686e-02 -3.472058e-05 -4.410702e-05 1.726394e-05 -6.867459e-05
12340.942861 7.353510e-01 1.004085e+00 3.570241e-01 3.034639e-02 -3.007142e-05 -4.630337e-05 1.133959e-05 -7.296841e-05
12345.301524 7.337960e-01 1.002512e+00 3.582944e-01 3.065567e-02 -3.139931e-05 -4.598997e-05 2.419653e-05 -7.927417e-05
12349.672378 7.328336e-01 1.002268e+00 3.596477e-01 3.065242e-02 -2.226344e-05 -4.778911e-05 3.552109e-05 -8.481211e-05
12354.055424 7.320704e-01 1.001832e+00 3.609617e-01 3.051922e-02 -2.531142e-05 -4.461954e-05 3.778854e-05 -9.256817e-05
12358.450662 7.322160e-01 1.002606e+00 3.624877e-01 3.076129e-02 -2.240148e-05 -4.428635e-05 4.687249e-05 -8.004053e-05
12362.858091 7.310671e-01 1.001584e+00 3.633625e-01 3.078568e-02 -2.699561e-05 -3.209403e-05 4.600068e-05 -8.319552e-05
12367.277713 7.298748e-01 1.000706e+00 3.642644e-01 3.049663e-02 -3.153786e-05 -3.340344e-05 4.690021e-05 -7.802804e-05
12371.709527 7.265015e-01 9.969376e-01 3.640832e-01 3.051990e-02 -3.321410e-05 -3.433581e-05 5.145140e-05 -7.999924e-05
12376.153532 7.237329e-01 9.937187e-01 3.641039e-01 3.055561e-02 -3.714696e-05 -3.392765e-05 5.141808e-05 -8.289122e-05
12380.609730 7.279395e-01 9.999580e-01 3.676900e-01 3.075251e-02 -3.501559e-05 -4.149948e-05 4.852467e-05 -7.823590e-05
12385.078119 7.274321e-01 9.998250e-01 3.689231e-01 3.078837e-02 -4.623731e-05 -4.474376e-05 4.291550e-05 -6.445171e-05
12389.558700 7.265687e-01 9.991316e-01 3.698015e-01 3.062883e-02 -4.719660e-05 -4.310670e-05 4.184118e-05 -6.144928e-05
12394.051473 7.259159e-01 9.990184e-01 3.709495e-01 3.053836e-02 -4.980608e-05 -3.611147e-05 4.171860e-05 -6.598921e-05
12398.556438 7.246563e-01 9.980415e-01 3.714746e-01 3.078125e-02 -4.320931e-05 -4.001313e-05 4.015752e-05 -7.377216e-05
12403.073595 7.238510e-01 9.976335e-01 3.724155e-01 3.042672e-02 -4.930908e-05 -4.582610e-05 4.319812e-05 -7.663379e-05
12407.602944 7.221122e-01 9.958698e-01 3.726594e-01 3.057139e-02 -4.540121e-05 -5.132717e-05 3.817841e-05 -7.563005e-05
12412.144485 7.211880e-01 9.951698e-01 3.731874e-01 3.072399e-02 -4.481308e-05 -5.402316e-05 3.350353e-05 -7.340189e-05
12416.698218 7.209224e-01 9.953134e-01 3.741305e-01 3.044235e-02 -3.583570e-05 -5.168590e-05 3.312886e-05 -6.457877e-05
12421.264142 7.196804e-01 9.942814e-01 3.744896e-01 3.035732e-02 -3.402960e-05 -4.244059e-05 4.834442e-05 -7.307958e-05
12425.842259 7.186563e-01 9.934271e-01 3.749212e-01 3.016958e-02 -4.095797e-05 -4.652613e-05 4.581180e-05 -7.470248e-05
12430.432567 7.158940e-01 9.904052e-01 3.744084e-01 3.045297e-02 -4.275167e-05 -5.640074e-05 4.181002e-05 -7.208743e-05
12435.035068 7.161432e-01 9.914168e-01 3.755062e-01 3.053080e-02 -4.671312e-05 -5.822158e-05 3.982376e-05 -8.115447e-05
12439.649760 7.158797e-01 9.917100e-01 3.764518e-01 3.039417e-02 -4.339210e-05 -6.406265e-05 4.672867e-05 -7.384576e-05
12444.276644 7.153400e-01 9.917321e-01 3.775378e-01 3.047363e-02 -4.231859e-05 -6.363402e-05 4.324539e-05 -6.835256e-05
12448.915720 7.157959e-01 9.929261e-01 3.790560e-01 3.052508e-02 -4.363002e-05 -7.057548e-05 4.250923e-05 -7.097762e-05
12453.566988 7.144729e-01 9.917000e-01 3.798316e-01 3.060916e-02 -4.989967e-05 -7.169187e-05 3.662887e-05 -7.907625e-05
12458.230448 7.133291e-01 9.907952e-01 3.807701e-01 3.048423e-02 -5.790494e-05 -5.877515e-05 2.713716e-05 -7.691425e-05
12462.906100 7.135719e-01 9.917341e-01 3.825543e-01 3.050070e-02 -6.274003e-05 -5.448160e-05 2.629552e-05 -8.156830e-05
12467.593943 7.128977e-01 9.915598e-01 3.839748e-01 3.052770e-02 -5.431433e-05 -4.458216e-05 1.761901e-05 -7.760694e-05
12472.293979 7.125953e-01 9.915991e-01 3.856893e-01 3.048932e-02 -5.338594e-05 -4.593146e-05 2.115013e-05 -7.982051e-05
12477.006206 7.117199e-01 9.911183e-01 3.872274e-01 3.052521e-02 -4.348884e-05 -4.684419e-05 1.495947e-05 -7.946798e-05
12481.730626 7.109302e-01 9.907369e-01 3.888631e-01 3.065494e-02 -3.888295e-05 -4.950334e-05 2.818644e-05 -8.891627e-05
12486.467237 7.094916e-01 9.895443e-01 3.901987e-01 3.036968e-02 -3.528769e-05 -5.100116e-05 2.710480e-05 -7.434347e-05
12491.216040 7.084569e-01 9.886637e-01 3.915311e-01 3.042366e-02 -3.245199e-05 -4.344512e-05 2.313739e-05 -6.413672e-05
12495.977036 7.089616e-01 9.899718e-01 3.938758e-01 3.043545e-02 -4.352874e-05 -3.971141e-05 1.375629e-05 -6.822666e-05
12500.750223 7.081342e-01 9.894438e-01 3.954124e-01 3.046601e-02 -4.596823e-05 -3.675762e-05 1.655195e-05 -6.478655e-05
12505.535602 7.070919e-01 9.886570e-01 3.967183e-01 3.045764e-02 -5.763195e-05 -4.417207e-05 2.198121e-05 -5.954968e-05
12510.333172 7.062320e-01 9.881444e-01 3.980311e-01 3.029504e-02 -5.084886e-05 -4.373120e-05 3.342411e-05 -6.240015e-05
12515.142935 7.052535e-01 9.874205e-01 3.992312e-01 3.033948e-02 -4.860415e-05 -4.319301e-05 3.668711e-05 -5.509267e-05
12519.964890 7.037560e-01 9.860092e-01 4.000000e-01 3.034196e-02 -4.532773e-05 -4.272831e-05 2.528336e-05 -6.981492e-05
12524.799037 7.028484e-01 9.854282e-01 4.010784e-01 3.036237e-02 -4.586762e-05 -4.322794e-05 2.432900e-05 -7.665435e-05
12529.645375 6.477766e-01 9.087753e-01 3.709539e-01 2.796877e-02 -4.710726e-05 -3.744826e-05 3.127009e-05 -7.116732e-05
12534.503905 1.214063e-01 1.703649e-01 6.963947e-02 5.220715e-03 -9.851819e-06 -7.204436e-06 6.232752e-06 -1.393611e-05
