# Facility: NSLS-II
# Beamline: QAS
# Year: 2022
# Cycle: 2
# SAF: 309618
# PI: Wang
# Proposal: 309017
# Scan ID: 52204
# UID: 00190444-8359-460d-af2d-96edac188613
# Comment: 
# Start time: 07/18/2022  09:43:38
# Stop time: 07/18/2022  09:44:10
# Total time: 00:32
# Trajectory name: Pt-L3-30s-11564.txt
# Element: Platinum ( 78)
# Edge: L3
# E0: 11564
# Reference Foil Element: Pt
# Keithley Gains I0: 1E7 V/A It: 1E6 V/A Iref: 1E7 V/A PIPS: 1E8 V/A 
# Ion Chamber Gas Flow Rates: I0: 0.00 sccm He + 99.70 sccm N2 + 0.00 sccm Ar 
# Ion Chamber Gas Flow Rates: It&Iref: 89.80 sccm N2 + 210.20 sccm Ar
# Incident Beam Path Vertical: -27.99 mm
# Incident Slits Positions B: TOP: 1.0 mm Bottom: -1.0 mm Inboard: -2.0 mm Outboard: 2.0 mm
# Sample Stage Positions: Rotation: 45.0 deg Horizontal: 0.00 mm Vertical: -20.00 mm Beam Direction: 0.00 mm
# PerkinElmer Vertical Position: 500.00 mm
# Front End Mirror Horizontal Positions: Up: -14.00 mm Down: -14.00 mm
#
# energy  i0  it  ir  iff  aux1  aux2  aux3  aux4
11383.204319 4.719693e-01 5.419069e-01 6.338686e-01 1.568481e-02 -1.298665e-05 -2.702981e-05 2.180637e-05 -2.687337e-05
11388.204319 9.324666e-01 1.071376e+00 1.255405e+00 3.098966e-02 -2.658054e-05 -5.208065e-05 4.124200e-05 -4.554042e-05
11393.204319 9.370250e-01 1.077670e+00 1.266019e+00 3.125238e-02 -2.481684e-05 -4.668663e-05 4.586835e-05 -4.273360e-05
11398.204319 9.332954e-01 1.074440e+00 1.265445e+00 3.114925e-02 -2.123356e-05 -4.927841e-05 3.854284e-05 -4.343486e-05
11403.204319 9.346911e-01 1.076989e+00 1.271907e+00 3.130256e-02 -2.858988e-05 -5.204254e-05 4.806339e-05 -5.267246e-05
11408.204319 9.312293e-01 1.073998e+00 1.271528e+00 3.105260e-02 -2.638631e-05 -5.132220e-05 5.063596e-05 -5.517493e-05
11413.204319 9.303433e-01 1.073878e+00 1.274676e+00 3.101894e-02 -2.789327e-05 -4.009112e-05 5.746424e-05 -5.189003e-05
11418.204319 9.282336e-01 1.072501e+00 1.276283e+00 3.110223e-02 -1.471728e-05 -4.155279e-05 5.662885e-05 -4.796428e-05
11423.204319 9.263463e-01 1.071290e+00 1.278081e+00 3.099960e-02 -1.961567e-05 -4.899248e-05 4.529745e-05 -6.145620e-05
11428.204319 9.127123e-01 1.056998e+00 1.263744e+00 3.072335e-02 -2.440303e-05 -4.608676e-05 3.928501e-05 -5.575020e-05
11433.204319 9.224692e-01 1.068757e+00 1.281624e+00 3.130820e-02 -2.709764e-05 -4.518291e-05 3.888230e-05 -5.649423e-05
11438.204319 9.252307e-01 1.072692e+00 1.289881e+00 3.112083e-02 -1.506693e-05 -4.057488e-05 3.967976e-05 -6.651528e-05
11443.204319 9.242356e-01 1.072492e+00 1.292906e+00 3.112911e-02 -2.421784e-05 -3.950897e-05 4.429668e-05 -5.178119e-05
11448.204319 9.219990e-01 1.070845e+00 1.294131e+00 3.117684e-02 -2.138260e-05 -3.669507e-05 4.118088e-05 -5.031010e-05
11453.204319 9.209983e-01 1.070799e+00 1.297390e+00 3.123966e-02 -1.827192e-05 -4.141080e-05 3.926588e-05 -5.077456e-05
11458.204319 9.194025e-01 1.069952e+00 1.299451e+00 3.090789e-02 -2.815331e-05 -3.551372e-05 4.910422e-05 -5.240891e-05
11463.204319 9.185888e-01 1.069894e+00 1.302681e+00 3.107904e-02 -2.874675e-05 -3.333051e-05 5.767388e-05 -4.731885e-05
11468.204319 9.176165e-01 1.069737e+00 1.305575e+00 3.115149e-02 -2.223237e-05 -3.190127e-05 5.165914e-05 -4.720563e-05
11473.204319 9.167211e-01 1.069639e+00 1.308629e+00 3.125504e-02 -2.265215e-05 -3.172210e-05 5.406528e-05 -4.417273e-05
11478.204319 9.152404e-01 1.068859e+00 1.310356e+00 3.119939e-02 -2.111537e-05 -3.703100e-05 5.601160e-05 -4.610615e-05
11483.204319 9.113763e-01 1.065330e+00 1.308687e+00 3.116111e-02 -1.159747e-05 -3.935400e-05 5.631763e-05 -5.062014e-05
11488.204319 9.101584e-01 1.064965e+00 1.310866e+00 3.094754e-02 -1.613613e-05 -3.661482e-05 6.095088e-05 -5.200446e-05
11493.204319 8.974517e-01 1.051512e+00 1.296271e+00 3.041496e-02 -2.732357e-05 -3.385276e-05 5.957952e-05 -4.641220e-05
11498.204319 9.008200e-01 1.056124e+00 1.304530e+00 3.080611e-02 -2.215061e-05 -2.431909e-05 5.659941e-05 -5.195547e-05
11503.204319 9.114648e-01 1.069177e+00 1.323267e+00 3.138883e-02 -1.671988e-05 -2.534782e-05 5.665496e-05 -5.210038e-05
11508.204319 9.095994e-01 1.067937e+00 1.323416e+00 3.117214e-02 -1.156146e-05 -2.969760e-05 6.240469e-05 -4.602839e-05
11513.204319 9.088695e-01 1.067896e+00 1.324741e+00 3.107168e-02 -1.691025e-05 -3.465392e-05 5.577538e-05 -4.606961e-05
11518.204319 9.075071e-01 1.067258e+00 1.324664e+00 3.119263e-02 -2.154689e-05 -3.317921e-05 5.076146e-05 -4.398620e-05
11523.204319 9.066298e-01 1.067300e+00 1.324613e+00 3.116435e-02 -3.098130e-05 -2.847470e-05 5.750098e-05 -4.781444e-05
11528.204319 9.053181e-01 1.066689e+00 1.322592e+00 3.116001e-02 -2.810191e-05 -2.593579e-05 5.561956e-05 -5.111476e-05
11534.000000 9.036655e-01 1.065853e+00 1.318115e+00 3.118056e-02 -3.335659e-05 -3.972465e-05 5.844789e-05 -4.767206e-05
11535.000000 9.052543e-01 1.068018e+00 1.320034e+00 3.134860e-02 -2.882135e-05 -3.686037e-05 6.266551e-05 -4.605033e-05
11536.000000 9.027871e-01 1.065095e+00 1.315287e+00 3.080073e-02 -3.017348e-05 -3.011876e-05 5.832610e-05 -4.474180e-05
11537.000000 9.015958e-01 1.064050e+00 1.312880e+00 3.047602e-02 -3.649223e-05 -4.048729e-05 6.382838e-05 -3.863833e-05
11538.000000 9.016378e-01 1.064200e+00 1.311399e+00 3.089542e-02 -3.352625e-05 -4.764947e-05 6.295533e-05 -4.188533e-05
11539.000000 9.021494e-01 1.065044e+00 1.311130e+00 3.100350e-02 -2.561269e-05 -4.194277e-05 6.383427e-05 -4.724269e-05
11540.000000 9.034668e-01 1.066794e+00 1.311785e+00 3.070075e-02 -2.573744e-05 -4.191333e-05 5.925365e-05 -4.934146e-05
11541.000000 9.028299e-01 1.066169e+00 1.309267e+00 3.149590e-02 -2.713075e-05 -3.432912e-05 6.307196e-05 -5.419162e-05
11541.200000 9.071604e-01 1.071584e+00 1.315640e+00 3.273762e-02 -3.206395e-05 -3.978058e-05 8.078220e-05 -4.404219e-05
11541.400000 9.044088e-01 1.068081e+00 1.311127e+00 3.210671e-02 -2.822290e-05 -3.922416e-05 8.310302e-05 -4.062354e-05
11541.600000 9.129531e-01 1.077932e+00 1.322783e+00 3.065195e-02 -3.072089e-05 -3.669151e-05 8.448907e-05 -2.138035e-05
11541.800000 9.028209e-01 1.066676e+00 1.308155e+00 3.110631e-02 -3.138105e-05 -3.728190e-05 6.738875e-05 -3.869413e-05
11542.000000 9.100175e-01 1.074747e+00 1.317721e+00 3.158189e-02 -4.136123e-05 -3.319705e-05 6.099886e-05 -6.482276e-05
11542.200000 8.904904e-01 1.051511e+00 1.288911e+00 3.041867e-02 -4.068834e-05 -2.774428e-05 6.155113e-05 -4.476922e-05
11542.400000 9.030367e-01 1.066427e+00 1.305981e+00 3.084739e-02 -2.311327e-05 -2.476968e-05 6.314584e-05 -4.934018e-05
11542.600000 9.115976e-01 1.077044e+00 1.318741e+00 3.165836e-02 -1.580178e-05 -2.728398e-05 7.087384e-05 -4.697775e-05
11542.800000 8.723781e-01 1.031123e+00 1.262081e+00 3.042872e-02 -1.322104e-05 -3.435574e-05 6.801128e-05 -3.582516e-05
11543.000000 9.049809e-01 1.069020e+00 1.308088e+00 3.158410e-02 -1.296969e-05 -3.176067e-05 6.856074e-05 -4.058109e-05
11543.200000 9.055721e-01 1.069550e+00 1.308497e+00 3.193301e-02 -1.939686e-05 -2.799990e-05 5.639825e-05 -3.628512e-05
11543.400000 9.011830e-01 1.064560e+00 1.301760e+00 3.167272e-02 -3.170587e-05 -3.263171e-05 5.862227e-05 -3.018441e-05
11543.600000 8.999291e-01 1.062990e+00 1.299756e+00 3.002479e-02 -2.851867e-05 -3.581254e-05 6.348141e-05 -3.646701e-05
11543.800000 8.964367e-01 1.059131e+00 1.294277e+00 3.143732e-02 -2.396528e-05 -2.509424e-05 6.209640e-05 -4.382600e-05
11544.000000 9.043396e-01 1.068834e+00 1.304821e+00 2.951670e-02 -2.228116e-05 -2.371311e-05 5.999580e-05 -3.811831e-05
11544.200000 9.002661e-01 1.063968e+00 1.297823e+00 3.144816e-02 -1.785076e-05 -2.438642e-05 5.800347e-05 -4.458629e-05
11544.400000 8.985791e-01 1.061548e+00 1.296183e+00 3.249128e-02 -1.040714e-05 -2.439257e-05 5.571233e-05 -3.801029e-05
11544.600000 9.091766e-01 1.073687e+00 1.310865e+00 3.160085e-02 -1.341605e-05 -3.713528e-05 6.165823e-05 -2.748454e-05
11544.800000 8.962354e-01 1.059143e+00 1.290495e+00 3.032476e-02 -1.333884e-05 -3.570616e-05 6.086356e-05 -3.436309e-05
11545.000000 9.124740e-01 1.078055e+00 1.313604e+00 3.164236e-02 -2.291735e-05 -2.801130e-05 4.893616e-05 -4.823019e-05
11545.200000 8.988611e-01 1.061791e+00 1.293225e+00 3.078232e-02 -2.530147e-05 -2.488217e-05 5.363806e-05 -4.145501e-05
11545.400000 9.110692e-01 1.076669e+00 1.310960e+00 3.183895e-02 -1.887089e-05 -2.668937e-05 5.430690e-05 -3.696386e-05
11545.600000 8.960190e-01 1.058778e+00 1.288604e+00 3.181839e-02 -1.795078e-05 -3.177392e-05 5.077633e-05 -3.229562e-05
11545.800000 8.997935e-01 1.063229e+00 1.293224e+00 3.071767e-02 -1.794628e-05 -3.168815e-05 5.372366e-05 -3.474780e-05
11546.000000 9.129669e-01 1.078800e+00 1.311764e+00 3.138177e-02 -2.128138e-05 -3.551736e-05 6.201956e-05 -2.468686e-05
11546.200000 8.612110e-01 1.018688e+00 1.236686e+00 2.985409e-02 -1.521065e-05 -4.111792e-05 4.751131e-05 -2.960642e-05
11546.400000 9.172991e-01 1.083940e+00 1.316276e+00 3.259299e-02 -4.923650e-06 -3.837986e-05 5.324406e-05 -2.535285e-05
11546.600000 8.974386e-01 1.060338e+00 1.287526e+00 3.313212e-02 -9.274348e-07 -2.905921e-05 6.339011e-05 -4.039027e-05
11546.800000 9.001100e-01 1.063763e+00 1.290163e+00 3.146384e-02 -7.314693e-06 -2.684160e-05 5.502204e-05 -4.184202e-05
11547.000000 9.125246e-01 1.078421e+00 1.306793e+00 3.134516e-02 -4.392491e-06 -2.069760e-05 5.944567e-05 -4.614816e-05
11547.200000 8.834108e-01 1.043957e+00 1.265094e+00 2.992194e-02 -6.064756e-06 -2.491146e-05 5.784816e-05 -5.277586e-05
11547.400000 8.931702e-01 1.055874e+00 1.278643e+00 3.002421e-02 -9.462116e-06 -3.287185e-05 4.681250e-05 -5.776535e-05
11547.600000 9.115274e-01 1.078079e+00 1.303445e+00 3.184002e-02 4.235202e-06 -3.659566e-05 4.148793e-05 -5.083535e-05
11547.800000 8.846821e-01 1.046611e+00 1.264364e+00 3.275647e-02 -4.196267e-06 -2.804299e-05 5.358695e-05 -4.490242e-05
11548.000000 9.087622e-01 1.073866e+00 1.298011e+00 2.846891e-02 -1.007404e-05 -3.492925e-05 6.087827e-05 -3.284152e-05
11548.200000 9.038316e-01 1.068032e+00 1.289691e+00 3.111653e-02 -1.013064e-05 -3.088749e-05 5.020162e-05 -5.834007e-05
11548.400000 8.995290e-01 1.063369e+00 1.283543e+00 3.098396e-02 -1.587166e-05 -2.733506e-05 3.600199e-05 -5.561940e-05
11548.600000 8.978972e-01 1.061728e+00 1.280673e+00 3.145221e-02 -2.369086e-05 -2.410831e-05 3.822309e-05 -4.684526e-05
11548.800000 9.128226e-01 1.079300e+00 1.300080e+00 3.067427e-02 -2.382619e-05 -2.549919e-05 4.530530e-05 -4.723386e-05
11549.000000 8.959833e-01 1.060089e+00 1.275452e+00 3.019994e-02 -2.281233e-05 -2.324885e-05 4.227582e-05 -4.770070e-05
11549.200000 8.878937e-01 1.050607e+00 1.262617e+00 3.221378e-02 -2.282927e-05 -1.636168e-05 4.494777e-05 -5.487705e-05
11549.400000 8.957679e-01 1.059531e+00 1.273238e+00 3.245962e-02 -2.553929e-05 -2.186571e-05 3.887498e-05 -5.418524e-05
11549.600000 9.039331e-01 1.068916e+00 1.283685e+00 3.148544e-02 -1.990403e-05 -1.537473e-05 6.722182e-05 -3.627404e-05
11549.800000 9.033858e-01 1.068008e+00 1.281521e+00 3.205746e-02 -8.788194e-06 -8.974523e-06 5.540379e-05 -3.093681e-05
11550.000000 9.008626e-01 1.065264e+00 1.276981e+00 2.992944e-02 -2.034525e-05 -1.514696e-05 7.413822e-05 -3.033432e-05
11550.200000 8.984914e-01 1.062883e+00 1.273321e+00 3.126690e-02 -2.367121e-05 -2.840810e-05 5.984297e-05 -3.919219e-05
11550.400000 8.994704e-01 1.063807e+00 1.273264e+00 3.133641e-02 -2.921569e-05 -3.411744e-05 4.209099e-05 -5.114700e-05
11550.600000 8.990304e-01 1.063665e+00 1.271457e+00 3.174718e-02 -2.530412e-05 -3.040294e-05 4.302950e-05 -4.175766e-05
11550.800000 9.005650e-01 1.065328e+00 1.271974e+00 2.956893e-02 -1.741219e-05 -2.309807e-05 6.849223e-05 -2.909528e-05
11551.000000 8.922440e-01 1.056315e+00 1.258996e+00 3.091853e-02 -1.050347e-05 -3.045818e-05 5.054732e-05 -2.793329e-05
11551.200000 8.948022e-01 1.058625e+00 1.261929e+00 3.136498e-02 -1.630779e-05 -2.471980e-05 4.231361e-05 -3.945274e-05
11551.400000 8.990861e-01 1.063054e+00 1.265538e+00 3.273888e-02 -2.051407e-05 -3.666756e-05 4.164885e-05 -4.893664e-05
11551.600000 9.071263e-01 1.073161e+00 1.275675e+00 2.949267e-02 -2.060086e-05 -4.421771e-05 5.190777e-05 -5.046469e-05
11551.800000 9.052953e-01 1.071067e+00 1.271737e+00 3.394148e-02 -2.307900e-05 -4.324315e-05 5.946130e-05 -4.869266e-05
11552.000000 9.010962e-01 1.065899e+00 1.264532e+00 3.081459e-02 -3.069143e-05 -4.405006e-05 3.805448e-05 -3.436841e-05
11552.200000 8.793818e-01 1.041142e+00 1.232874e+00 3.061932e-02 -2.233333e-05 -4.598059e-05 4.640154e-05 -2.305276e-05
11552.400000 9.111791e-01 1.077633e+00 1.275666e+00 3.112810e-02 -3.031783e-05 -5.584715e-05 5.227983e-05 -2.323751e-05
11552.600000 9.056510e-01 1.071006e+00 1.266563e+00 3.205110e-02 -3.288426e-05 -5.344834e-05 4.800210e-05 -3.660624e-05
11552.800000 8.987478e-01 1.064317e+00 1.255926e+00 3.122725e-02 -3.688423e-05 -5.415696e-05 5.769417e-05 -2.985132e-05
11553.000000 8.826264e-01 1.044781e+00 1.231721e+00 3.129082e-02 -3.157110e-05 -4.582528e-05 5.699922e-05 -2.712089e-05
11553.200000 9.021274e-01 1.067593e+00 1.256506e+00 2.953566e-02 -3.733297e-05 -4.769744e-05 5.468889e-05 -3.062818e-05
11553.400000 8.987449e-01 1.063790e+00 1.250609e+00 2.993620e-02 -3.322900e-05 -4.648900e-05 7.173169e-05 -2.054106e-05
11553.600000 8.957359e-01 1.059898e+00 1.244451e+00 3.277109e-02 -3.708843e-05 -3.905523e-05 7.211749e-05 -1.300604e-05
11553.800000 8.868307e-01 1.049116e+00 1.229633e+00 3.015740e-02 -3.105540e-05 -3.714422e-05 7.579337e-05 -2.349668e-05
11554.000000 8.997279e-01 1.064817e+00 1.246018e+00 3.058864e-02 -3.172959e-05 -2.880763e-05 9.370220e-05 -2.918239e-05
11554.200000 9.069591e-01 1.073767e+00 1.254424e+00 3.137311e-02 -3.353508e-05 -3.223958e-05 6.333289e-05 -4.470079e-05
11554.400000 9.051425e-01 1.071160e+00 1.249571e+00 3.105994e-02 -4.377223e-05 -2.909296e-05 7.177052e-05 -4.317819e-05
11554.600000 8.942106e-01 1.058131e+00 1.232023e+00 3.226084e-02 -5.109911e-05 -2.612926e-05 6.740707e-05 -3.602220e-05
11554.800000 8.989417e-01 1.064182e+00 1.236510e+00 2.923078e-02 -5.021288e-05 -3.661660e-05 5.920404e-05 -2.879768e-05
11555.000000 9.042030e-01 1.069987e+00 1.242097e+00 2.968715e-02 -4.927738e-05 -4.037799e-05 5.182652e-05 -3.466396e-05
11555.200000 9.048539e-01 1.070659e+00 1.240165e+00 3.118253e-02 -4.730291e-05 -4.191883e-05 6.091517e-05 -4.197341e-05
11555.400000 9.030010e-01 1.068815e+00 1.235427e+00 3.031586e-02 -5.001436e-05 -3.572397e-05 5.452646e-05 -3.730650e-05
11555.600000 8.970581e-01 1.061690e+00 1.224926e+00 3.186829e-02 -4.462905e-05 -3.133711e-05 6.044464e-05 -3.590505e-05
11555.800000 9.011396e-01 1.067378e+00 1.228148e+00 3.195858e-02 -4.003021e-05 -4.002794e-05 5.616181e-05 -2.155412e-05
11556.000000 9.030226e-01 1.069792e+00 1.228436e+00 3.112865e-02 -3.979200e-05 -4.193809e-05 6.482878e-05 -3.024705e-05
11556.200000 8.954594e-01 1.060825e+00 1.214710e+00 3.148336e-02 -2.574871e-05 -3.397138e-05 4.599376e-05 -4.602576e-05
11556.400000 8.942665e-01 1.058599e+00 1.210263e+00 3.054322e-02 -1.640339e-05 -3.664194e-05 4.405517e-05 -3.641120e-05
11556.600000 9.158461e-01 1.084083e+00 1.236372e+00 3.207709e-02 -1.576269e-05 -4.347688e-05 4.003594e-05 -5.094718e-05
11556.800000 9.004660e-01 1.066313e+00 1.213143e+00 3.162896e-02 -2.797825e-05 -3.936399e-05 4.854604e-05 -3.933204e-05
11557.000000 9.018569e-01 1.067953e+00 1.211622e+00 3.062395e-02 -2.994365e-05 -2.988937e-05 3.787616e-05 -2.627947e-05
11557.200000 8.960539e-01 1.060815e+00 1.199929e+00 3.064983e-02 -2.404950e-05 -1.824362e-05 5.488183e-05 -3.318337e-05
11557.400000 8.976619e-01 1.063295e+00 1.200529e+00 3.151984e-02 -2.451422e-05 -2.222638e-05 5.467891e-05 -4.732886e-05
11557.600000 8.986960e-01 1.065007e+00 1.197639e+00 3.197180e-02 -3.030334e-05 -1.700451e-05 3.421706e-05 -5.015602e-05
11557.800000 9.042513e-01 1.071182e+00 1.200957e+00 2.999192e-02 -2.808014e-05 -2.891206e-05 3.713562e-05 -5.042752e-05
11558.000000 8.993628e-01 1.065386e+00 1.190501e+00 3.149000e-02 -3.515463e-05 -2.504912e-05 5.706372e-05 -3.904386e-05
11558.200000 8.981765e-01 1.063819e+00 1.184952e+00 3.045082e-02 -3.247021e-05 -1.433811e-05 2.204377e-05 -4.777749e-05
11558.400000 9.009984e-01 1.066833e+00 1.185513e+00 3.153777e-02 -3.921501e-05 -2.363054e-05 4.151897e-05 -5.698020e-05
11558.600000 8.927500e-01 1.058017e+00 1.170379e+00 3.191540e-02 -3.034000e-05 -3.318683e-05 5.259426e-05 -5.111897e-05
11558.800000 8.943189e-01 1.059954e+00 1.167796e+00 3.222863e-02 -1.509889e-05 -4.119840e-05 4.342612e-05 -4.845771e-05
11559.000000 8.959394e-01 1.061516e+00 1.165587e+00 3.075686e-02 -2.080816e-05 -4.369652e-05 3.746599e-05 -4.492003e-05
11559.200000 9.105039e-01 1.078613e+00 1.179625e+00 3.025045e-02 -3.484778e-05 -4.644470e-05 4.568872e-05 -3.602307e-05
11559.400000 8.919205e-01 1.056999e+00 1.150829e+00 3.137777e-02 -3.423630e-05 -4.320697e-05 6.398199e-05 -3.696488e-05
11559.600000 9.017636e-01 1.068265e+00 1.158114e+00 3.158687e-02 -3.559842e-05 -4.645435e-05 6.088417e-05 -5.134414e-05
11559.800000 8.939356e-01 1.058859e+00 1.142906e+00 3.079353e-02 -3.226519e-05 -3.824618e-05 4.623256e-05 -3.802696e-05
11560.000000 9.013540e-01 1.067942e+00 1.147041e+00 3.167329e-02 -2.631091e-05 -4.359893e-05 5.075976e-05 -3.534435e-05
11560.200000 9.018543e-01 1.068766e+00 1.142188e+00 3.186152e-02 -2.734482e-05 -4.795958e-05 2.314665e-05 -5.876220e-05
11560.400000 9.018966e-01 1.068481e+00 1.135366e+00 3.053224e-02 -2.970846e-05 -4.375622e-05 2.519539e-05 -5.062114e-05
11560.600000 9.023982e-01 1.069602e+00 1.130173e+00 3.080858e-02 -2.995131e-05 -4.898812e-05 2.968796e-05 -4.898295e-05
11560.800000 8.909634e-01 1.056273e+00 1.108131e+00 3.139205e-02 -3.270147e-05 -4.181796e-05 3.476142e-05 -5.506048e-05
11561.000000 8.871389e-01 1.051680e+00 1.097647e+00 2.972032e-02 -3.189644e-05 -5.517536e-05 2.892604e-05 -5.052520e-05
11561.200000 8.952627e-01 1.061104e+00 1.100162e+00 3.178896e-02 -2.568967e-05 -4.493467e-05 5.285922e-05 -4.317518e-05
11561.400000 9.070181e-01 1.074745e+00 1.108542e+00 3.259018e-02 -2.690697e-05 -4.446716e-05 3.724589e-05 -4.226643e-05
11561.600000 9.029635e-01 1.070318e+00 1.095083e+00 3.138568e-02 -2.850545e-05 -4.773927e-05 4.690366e-05 -5.086766e-05
11561.800000 8.894476e-01 1.054526e+00 1.070014e+00 3.159550e-02 -2.554803e-05 -4.721463e-05 5.411319e-05 -4.572840e-05
11562.000000 9.114349e-01 1.080502e+00 1.088325e+00 3.125938e-02 -2.079864e-05 -4.501916e-05 6.295387e-05 -4.772896e-05
11562.200000 8.901170e-01 1.055574e+00 1.053956e+00 3.033163e-02 -2.139360e-05 -5.527972e-05 6.407834e-05 -4.844585e-05
11562.400000 8.961127e-01 1.062317e+00 1.052104e+00 3.125950e-02 -2.071999e-05 -5.106071e-05 5.555730e-05 -5.875142e-05
11562.600000 9.042939e-01 1.071760e+00 1.052516e+00 3.224829e-02 -1.660506e-05 -5.400293e-05 4.036397e-05 -6.358581e-05
11562.800000 9.001846e-01 1.067025e+00 1.037389e+00 2.991817e-02 -1.302300e-05 -5.036652e-05 4.525463e-05 -4.310566e-05
11563.000000 8.893777e-01 1.054707e+00 1.013802e+00 3.116033e-02 -1.149721e-05 -3.659270e-05 5.528786e-05 -4.269342e-05
11563.200000 9.041619e-01 1.072362e+00 1.020189e+00 3.175334e-02 -2.243554e-05 -2.985238e-05 4.558264e-05 -4.759343e-05
11563.400000 8.887591e-01 1.054099e+00 9.899200e-01 3.080404e-02 -2.151768e-05 -3.167546e-05 5.187282e-05 -4.291823e-05
11563.600000 8.935753e-01 1.059211e+00 9.829837e-01 3.148979e-02 -1.736914e-05 -3.154422e-05 5.693150e-05 -4.309301e-05
11563.800000 9.042726e-01 1.072007e+00 9.829460e-01 3.249018e-02 -2.422592e-05 -3.233768e-05 5.683581e-05 -4.676192e-05
11564.000000 8.983026e-01 1.065364e+00 9.622416e-01 3.041089e-02 -2.438121e-05 -2.001352e-05 4.835306e-05 -5.431520e-05
11564.200000 8.952928e-01 1.061847e+00 9.450210e-01 3.156898e-02 -1.571480e-05 -2.141883e-05 3.379262e-05 -4.851552e-05
11564.400000 9.111349e-01 1.080085e+00 9.460701e-01 3.156696e-02 -3.118126e-05 -3.557491e-05 5.074486e-05 -4.263057e-05
11564.600000 8.923794e-01 1.058065e+00 9.096990e-01 3.120249e-02 -2.410599e-05 -2.470185e-05 3.682918e-05 -4.870587e-05
11564.800000 8.939174e-01 1.060435e+00 8.949810e-01 3.095753e-02 -1.702265e-05 -2.059475e-05 4.471055e-05 -4.131164e-05
11565.000000 9.049769e-01 1.073519e+00 8.876029e-01 3.022295e-02 -1.865833e-05 -2.961100e-05 4.673440e-05 -4.021585e-05
11565.200000 8.869898e-01 1.052323e+00 8.500195e-01 3.110590e-02 -2.091796e-05 -1.981300e-05 4.947869e-05 -3.930215e-05
11565.400000 8.984559e-01 1.065615e+00 8.413629e-01 3.120289e-02 -1.899360e-05 -8.452145e-06 5.598557e-05 -4.033407e-05
11565.600000 9.035959e-01 1.071708e+00 8.252753e-01 3.089160e-02 -1.667409e-05 -1.120326e-05 5.188988e-05 -4.478345e-05
11565.800000 8.899427e-01 1.056009e+00 7.921010e-01 3.145557e-02 -2.417697e-05 -2.382741e-05 5.750770e-05 -4.857957e-05
11566.000000 8.961813e-01 1.063342e+00 7.745199e-01 3.070609e-02 -2.418587e-05 -3.170062e-05 5.357092e-05 -4.523159e-05
11566.200000 8.992233e-01 1.066560e+00 7.518934e-01 2.988910e-02 -2.348736e-05 -3.983212e-05 5.098133e-05 -3.525814e-05
11566.400000 9.082163e-01 1.077147e+00 7.369239e-01 3.148787e-02 -3.284345e-05 -4.151924e-05 4.925842e-05 -2.361596e-05
11566.600000 8.993740e-01 1.066909e+00 7.023446e-01 3.170503e-02 -2.134871e-05 -3.529393e-05 6.515148e-05 -1.696235e-05
11566.800000 8.977918e-01 1.065423e+00 6.734499e-01 2.945397e-02 -1.994010e-05 -2.267306e-05 5.481533e-05 -3.272810e-05
11567.000000 8.948730e-01 1.061799e+00 6.424039e-01 2.981606e-02 -2.802704e-05 -1.832680e-05 3.592140e-05 -4.804735e-05
11567.200000 9.064247e-01 1.075271e+00 6.225111e-01 3.211461e-02 -2.560193e-05 -1.463312e-05 3.454258e-05 -6.123721e-05
11567.400000 8.966472e-01 1.063750e+00 5.865925e-01 3.061357e-02 -1.692223e-05 -1.628411e-05 5.260941e-05 -5.438642e-05
11567.600000 9.041242e-01 1.072830e+00 5.593606e-01 3.182341e-02 -1.983601e-05 -2.296630e-05 5.591101e-05 -6.382459e-05
11567.800000 8.845710e-01 1.050173e+00 5.153641e-01 3.070067e-02 -2.261867e-05 -2.374793e-05 4.272526e-05 -6.155488e-05
11568.000000 9.016199e-01 1.069832e+00 4.960489e-01 3.046064e-02 -1.663759e-05 -2.103250e-05 4.131487e-05 -6.421801e-05
11568.200000 8.983991e-01 1.066113e+00 4.617109e-01 3.111236e-02 -1.563063e-05 -2.249065e-05 5.217981e-05 -5.491438e-05
11568.400000 8.978147e-01 1.065383e+00 4.307559e-01 3.055189e-02 -2.269297e-05 -1.589377e-05 3.493461e-05 -7.288818e-05
11568.600000 8.979484e-01 1.065692e+00 4.001307e-01 3.131929e-02 -2.786931e-05 -7.268203e-06 4.093379e-05 -6.417864e-05
11568.800000 9.004966e-01 1.068723e+00 3.720752e-01 3.086319e-02 -2.811230e-05 -1.215491e-05 4.830463e-05 -5.222487e-05
11569.000000 9.006373e-01 1.068916e+00 3.436063e-01 3.097088e-02 -2.111697e-05 -1.271879e-05 6.064703e-05 -4.807730e-05
11569.200000 8.918364e-01 1.058419e+00 3.130157e-01 3.032029e-02 -2.494165e-05 -1.014719e-05 6.144650e-05 -5.839641e-05
11569.400000 9.004008e-01 1.068360e+00 2.906199e-01 3.146631e-02 -2.632352e-05 -1.760933e-05 6.619791e-05 -5.646801e-05
11569.600000 9.028041e-01 1.071397e+00 2.670996e-01 3.188043e-02 -2.755702e-05 -1.018265e-05 6.759315e-05 -4.193401e-05
11569.800000 8.971919e-01 1.064506e+00 2.437627e-01 3.046715e-02 -2.628205e-05 -4.261433e-06 6.045055e-05 -4.971364e-05
11570.000000 9.013642e-01 1.069811e+00 2.251295e-01 3.204105e-02 -3.359313e-05 -5.936267e-06 6.140581e-05 -5.234299e-05
11570.200000 8.948026e-01 1.062198e+00 2.054634e-01 3.099399e-02 -3.285407e-05 -6.639286e-06 4.361889e-05 -4.891088e-05
11570.400000 8.999321e-01 1.068037e+00 1.911752e-01 3.089953e-02 -2.521072e-05 -9.946309e-06 5.309954e-05 -2.437891e-05
11570.600000 8.997461e-01 1.068231e+00 1.779956e-01 3.163383e-02 -2.532076e-05 -1.461755e-05 5.496863e-05 -2.631666e-05
11570.800000 8.992152e-01 1.067593e+00 1.662989e-01 3.086879e-02 -3.187776e-05 -1.905384e-05 5.244394e-05 -2.769088e-05
11571.000000 8.945772e-01 1.062114e+00 1.563808e-01 3.183536e-02 -4.000841e-05 -2.271438e-05 3.738700e-05 -4.266880e-05
11571.200000 8.980946e-01 1.066368e+00 1.499712e-01 3.117259e-02 -4.006284e-05 -2.247101e-05 3.363900e-05 -4.176037e-05
11571.400000 8.994256e-01 1.067827e+00 1.446795e-01 3.155304e-02 -4.364221e-05 -2.136447e-05 4.621985e-05 -3.932868e-05
11571.600000 8.925471e-01 1.059850e+00 1.393423e-01 3.149610e-02 -3.535110e-05 -2.267379e-05 4.925545e-05 -3.788208e-05
11571.800000 8.959377e-01 1.063817e+00 1.370229e-01 3.081895e-02 -3.759100e-05 -2.378585e-05 2.475160e-05 -5.470328e-05
11572.000000 9.003979e-01 1.069257e+00 1.359989e-01 3.174475e-02 -3.565012e-05 -2.373163e-05 3.497370e-05 -5.216833e-05
11572.200000 8.951216e-01 1.063118e+00 1.350609e-01 3.101149e-02 -3.615073e-05 -3.052375e-05 3.756405e-05 -4.671852e-05
11572.400000 8.940753e-01 1.061477e+00 1.353793e-01 3.113597e-02 -3.254636e-05 -3.587554e-05 3.391495e-05 -4.484396e-05
11572.600000 8.989831e-01 1.067595e+00 1.376387e-01 3.154733e-02 -2.779137e-05 -3.279288e-05 3.306034e-05 -5.120050e-05
11572.800000 8.955342e-01 1.063548e+00 1.388889e-01 3.026950e-02 -3.583823e-05 -2.323442e-05 3.318897e-05 -5.334252e-05
11573.000000 8.891383e-01 1.055978e+00 1.405688e-01 2.977991e-02 -3.732697e-05 -2.073303e-05 4.313229e-05 -4.301578e-05
11573.200000 8.977678e-01 1.066426e+00 1.449937e-01 3.093786e-02 -3.229110e-05 -3.250128e-05 3.138896e-05 -3.730954e-05
11573.400000 8.984639e-01 1.067257e+00 1.483746e-01 3.091193e-02 -2.739924e-05 -3.475385e-05 2.479176e-05 -4.104342e-05
11573.600000 8.966343e-01 1.065165e+00 1.514957e-01 3.146926e-02 -2.626127e-05 -3.293833e-05 2.687523e-05 -4.488265e-05
11573.800000 8.976450e-01 1.066411e+00 1.556503e-01 3.148479e-02 -4.151343e-05 -3.812981e-05 3.115911e-05 -4.857859e-05
11574.000000 8.992216e-01 1.068239e+00 1.599558e-01 3.094379e-02 -2.603924e-05 -3.609790e-05 3.385995e-05 -4.349120e-05
11574.200000 8.970862e-01 1.066064e+00 1.637158e-01 3.049091e-02 -1.198907e-05 -4.698798e-05 3.185733e-05 -4.528813e-05
11574.400000 8.977661e-01 1.066465e+00 1.676327e-01 3.127047e-02 -2.034146e-05 -4.519556e-05 3.660789e-05 -4.738981e-05
11574.600000 8.934672e-01 1.061925e+00 1.709351e-01 3.087429e-02 -2.153642e-05 -4.688211e-05 3.930986e-05 -3.929399e-05
11574.800000 8.993965e-01 1.068386e+00 1.757811e-01 3.187457e-02 -2.423865e-05 -3.545043e-05 3.879863e-05 -4.829169e-05
11575.000000 8.982269e-01 1.066910e+00 1.795170e-01 3.166461e-02 -2.762632e-05 -3.315813e-05 4.925279e-05 -5.476857e-05
11575.200000 8.989639e-01 1.068063e+00 1.832195e-01 3.175592e-02 -2.429773e-05 -4.053323e-05 4.545211e-05 -4.972700e-05
11575.400000 8.968691e-01 1.065397e+00 1.863933e-01 3.137971e-02 -1.684344e-05 -3.910436e-05 4.106640e-05 -4.414665e-05
11575.600000 8.996324e-01 1.068709e+00 1.902753e-01 3.097741e-02 -2.786073e-05 -4.347350e-05 4.574983e-05 -3.741137e-05
11575.800000 8.970801e-01 1.065906e+00 1.933143e-01 3.079460e-02 -3.018018e-05 -3.963664e-05 4.029408e-05 -4.711876e-05
11576.000000 8.989801e-01 1.068231e+00 1.968602e-01 3.147099e-02 -2.420134e-05 -2.087730e-05 4.664506e-05 -5.230059e-05
11576.200000 8.968758e-01 1.065500e+00 1.992338e-01 3.112907e-02 -1.762399e-05 -2.865129e-05 5.278278e-05 -5.236310e-05
11576.400000 8.995528e-01 1.069013e+00 2.028951e-01 3.147119e-02 -2.653786e-05 -4.584910e-05 4.746565e-05 -4.871654e-05
11576.600000 8.991282e-01 1.068201e+00 2.054222e-01 3.167338e-02 -1.732910e-05 -4.717880e-05 3.514066e-05 -4.116052e-05
11576.800000 8.993193e-01 1.068770e+00 2.082195e-01 3.131945e-02 -1.829563e-05 -3.976465e-05 4.418159e-05 -3.917536e-05
11577.000000 8.980701e-01 1.067345e+00 2.107453e-01 3.138606e-02 -1.483933e-05 -3.635410e-05 4.351400e-05 -4.457444e-05
11577.200000 8.968725e-01 1.065818e+00 2.129908e-01 3.182313e-02 -3.348640e-06 -4.582054e-05 4.509216e-05 -5.020578e-05
11577.400000 8.988505e-01 1.068227e+00 2.156547e-01 3.164286e-02 -1.199016e-05 -4.474126e-05 4.518295e-05 -5.119961e-05
11577.600000 8.967520e-01 1.065824e+00 2.174343e-01 3.132105e-02 -1.116823e-05 -3.932420e-05 4.074094e-05 -5.256086e-05
11577.800000 8.980743e-01 1.067368e+00 2.200043e-01 3.131496e-02 -2.420290e-05 -3.180059e-05 6.368748e-05 -5.613961e-05
11578.000000 8.975827e-01 1.066840e+00 2.220958e-01 3.144651e-02 -2.907673e-05 -2.554965e-05 6.231687e-05 -5.873900e-05
11578.200000 8.977982e-01 1.067169e+00 2.242373e-01 3.164851e-02 -3.391183e-05 -3.191925e-05 5.685847e-05 -5.067082e-05
11578.400000 8.970462e-01 1.066314e+00 2.261980e-01 3.136284e-02 -3.733250e-05 -3.247421e-05 5.343962e-05 -5.771249e-05
11578.600000 8.968066e-01 1.065782e+00 2.279860e-01 3.107794e-02 -3.143830e-05 -2.449965e-05 5.332898e-05 -4.850953e-05
11578.800000 8.992159e-01 1.068767e+00 2.304627e-01 3.150050e-02 -2.649282e-05 -2.416566e-05 6.458379e-05 -5.408148e-05
11579.000000 8.976923e-01 1.066874e+00 2.316683e-01 3.160301e-02 -3.565228e-05 -3.337769e-05 5.785433e-05 -5.871371e-05
11579.200000 8.962427e-01 1.065638e+00 2.330503e-01 3.120052e-02 -3.932545e-05 -3.439684e-05 5.584183e-05 -6.634220e-05
11579.400000 8.981758e-01 1.067800e+00 2.349335e-01 3.064518e-02 -3.528832e-05 -3.617676e-05 5.516410e-05 -5.893855e-05
11579.600000 8.976307e-01 1.067223e+00 2.362180e-01 3.122104e-02 -2.769251e-05 -4.142633e-05 6.178943e-05 -5.894249e-05
11579.800000 8.949677e-01 1.064273e+00 2.366526e-01 3.108675e-02 -3.612044e-05 -4.205019e-05 6.471692e-05 -4.731963e-05
11580.000000 8.968528e-01 1.066311e+00 2.383113e-01 3.028096e-02 -3.187609e-05 -4.230603e-05 6.831129e-05 -3.261894e-05
11580.200000 8.972476e-01 1.066582e+00 2.392172e-01 3.153853e-02 -2.465286e-05 -4.750795e-05 5.437992e-05 -5.095853e-05
11580.400000 8.963099e-01 1.065552e+00 2.395447e-01 3.119309e-02 -2.627337e-05 -4.967645e-05 6.605218e-05 -6.174917e-05
11580.600000 8.958295e-01 1.065061e+00 2.402189e-01 3.115732e-02 -3.102983e-05 -4.300951e-05 5.958416e-05 -9.389114e-05
11580.800000 8.972681e-01 1.066912e+00 2.409684e-01 3.161702e-02 -3.213006e-05 -4.604977e-05 6.283636e-05 -9.769105e-05
11581.000000 8.929050e-01 1.061466e+00 2.401936e-01 3.064755e-02 -2.686473e-05 -4.510001e-05 5.160731e-05 -9.707825e-05
11581.200000 9.013914e-01 1.071611e+00 2.424976e-01 3.193586e-02 -2.807669e-05 -5.628821e-05 5.415393e-05 -9.557475e-05
11581.400000 8.953421e-01 1.064955e+00 2.406279e-01 3.119818e-02 -2.476045e-05 -5.636464e-05 5.915926e-05 -9.225976e-05
11581.600000 9.002333e-01 1.070442e+00 2.416170e-01 3.166900e-02 -3.036347e-05 -5.487680e-05 5.122189e-05 -8.391883e-05
11581.800000 8.987368e-01 1.068313e+00 2.407161e-01 3.202456e-02 -2.558715e-05 -5.044938e-05 5.933859e-05 -9.401692e-05
11582.000000 8.955975e-01 1.065209e+00 2.394401e-01 3.166504e-02 -3.274622e-05 -5.274012e-05 5.300340e-05 -1.060907e-04
11582.200000 9.025598e-01 1.073190e+00 2.405447e-01 3.088871e-02 -2.955837e-05 -5.703807e-05 5.004684e-05 -1.146433e-04
11582.400000 8.971083e-01 1.067174e+00 2.383478e-01 3.067766e-02 -3.211162e-05 -5.741897e-05 6.285523e-05 -1.084926e-04
11582.600000 8.972267e-01 1.067020e+00 2.374021e-01 3.078822e-02 -2.742094e-05 -5.031604e-05 6.730710e-05 -9.708059e-05
11582.800000 8.956198e-01 1.065606e+00 2.361484e-01 3.146794e-02 -1.933668e-05 -4.642679e-05 6.850321e-05 -9.174414e-05
11583.000000 8.923495e-01 1.061991e+00 2.341494e-01 3.133014e-02 -2.040841e-05 -5.114344e-05 6.515161e-05 -9.886128e-05
11583.200000 8.954032e-01 1.065434e+00 2.338326e-01 3.107021e-02 -2.317701e-05 -4.217387e-05 7.260786e-05 -1.037435e-04
11583.400000 8.918116e-01 1.061003e+00 2.316255e-01 3.177496e-02 -2.584535e-05 -3.858374e-05 7.240460e-05 -9.149276e-05
11583.600000 8.938713e-01 1.063504e+00 2.311470e-01 3.078244e-02 -2.292029e-05 -4.930514e-05 6.752993e-05 -8.292294e-05
11583.800000 8.932897e-01 1.063382e+00 2.297710e-01 3.204232e-02 -1.540951e-05 -5.832869e-05 7.556288e-05 -7.804795e-05
11584.000000 8.962025e-01 1.066039e+00 2.291982e-01 3.128959e-02 -2.385201e-05 -5.241440e-05 7.513900e-05 -9.672998e-05
11584.200000 8.952385e-01 1.065009e+00 2.278283e-01 3.125156e-02 -2.207061e-05 -5.410320e-05 6.926440e-05 -1.040488e-04
11584.400000 8.904839e-01 1.059493e+00 2.255964e-01 3.056520e-02 -2.175974e-05 -5.847917e-05 6.049272e-05 -9.459855e-05
11584.600000 8.966529e-01 1.066841e+00 2.262249e-01 3.153746e-02 -2.032292e-05 -5.846892e-05 5.990424e-05 -9.754692e-05
11584.800000 8.968551e-01 1.067026e+00 2.253221e-01 3.152726e-02 -1.950284e-05 -5.519580e-05 6.658173e-05 -9.536733e-05
11585.000000 8.966975e-01 1.066824e+00 2.243372e-01 3.123324e-02 -2.423618e-05 -4.837595e-05 7.242028e-05 -9.392468e-05
11585.200000 8.985175e-01 1.069036e+00 2.239918e-01 3.178392e-02 -2.684812e-05 -4.527245e-05 7.641154e-05 -8.506829e-05
11585.400000 8.944950e-01 1.064409e+00 2.224089e-01 3.178259e-02 -3.230377e-05 -4.690816e-05 7.409136e-05 -8.266653e-05
11585.600000 8.954698e-01 1.065523e+00 2.222002e-01 3.052930e-02 -4.168281e-05 -5.248961e-05 5.820319e-05 -8.210471e-05
11585.800000 8.948485e-01 1.065247e+00 2.218416e-01 3.076823e-02 -3.800574e-05 -5.537664e-05 7.401318e-05 -8.960339e-05
11586.000000 8.853130e-01 1.054328e+00 2.193561e-01 3.125620e-02 -2.880083e-05 -5.215864e-05 6.650571e-05 -8.143587e-05
11586.200000 8.954598e-01 1.065688e+00 2.219347e-01 3.144362e-02 -3.212365e-05 -4.332811e-05 6.427470e-05 -7.688484e-05
11586.400000 8.937739e-01 1.063683e+00 2.218990e-01 3.052360e-02 -3.136964e-05 -4.662685e-05 6.012036e-05 -8.388921e-05
11586.600000 8.960770e-01 1.066588e+00 2.227256e-01 3.127816e-02 -2.784983e-05 -5.870066e-05 4.695123e-05 -6.339444e-05
11586.800000 8.886308e-01 1.057663e+00 2.215031e-01 3.078262e-02 -2.589383e-05 -4.962892e-05 5.705323e-05 -2.466123e-05
11587.000000 8.973120e-01 1.068021e+00 2.245566e-01 3.122152e-02 -1.191037e-05 -5.524994e-05 6.955147e-05 -2.682154e-05
11587.200000 8.917284e-01 1.061655e+00 2.237974e-01 3.152612e-02 -1.307913e-05 -6.080776e-05 5.284793e-05 -3.607265e-05
11587.400000 8.894403e-01 1.058941e+00 2.243888e-01 3.099576e-02 -1.830244e-05 -5.394411e-05 4.717477e-05 -3.557233e-05
11587.600000 8.966575e-01 1.067344e+00 2.274424e-01 3.086934e-02 -1.673295e-05 -6.478395e-05 4.944585e-05 -1.955210e-05
11587.800000 8.943489e-01 1.065075e+00 2.282068e-01 3.049347e-02 -1.643633e-05 -6.280227e-05 5.511654e-05 -2.273793e-05
11588.000000 8.915810e-01 1.061960e+00 2.290846e-01 3.174071e-02 -1.785464e-05 -6.709761e-05 4.572447e-05 -3.918147e-05
11588.200000 8.945098e-01 1.065200e+00 2.312678e-01 3.034965e-02 -2.645390e-05 -6.289408e-05 5.409502e-05 -2.941493e-05
11588.400000 8.900152e-01 1.060079e+00 2.314708e-01 3.114585e-02 -2.022771e-05 -6.196472e-05 5.865311e-05 -3.783517e-05
11588.600000 8.911915e-01 1.060957e+00 2.331666e-01 3.200140e-02 -2.348948e-05 -5.202962e-05 5.368851e-05 -3.875971e-05
11588.800000 8.940991e-01 1.064684e+00 2.354884e-01 3.099087e-02 -2.727908e-05 -4.897615e-05 6.078531e-05 -4.034562e-05
11589.000000 8.974847e-01 1.068609e+00 2.377025e-01 3.089349e-02 -2.095346e-05 -4.861476e-05 6.042986e-05 -3.809600e-05
11589.200000 8.922777e-01 1.062905e+00 2.377567e-01 3.091849e-02 -2.579911e-05 -4.642396e-05 6.127222e-05 -3.752791e-05
11589.400000 8.892257e-01 1.058802e+00 2.381382e-01 3.064718e-02 -2.876995e-05 -3.673844e-05 5.536633e-05 -3.847026e-05
11589.600000 8.942405e-01 1.064611e+00 2.404185e-01 3.035821e-02 -2.852631e-05 -5.213223e-05 5.895576e-05 -2.950733e-05
11589.800000 8.987807e-01 1.070129e+00 2.428642e-01 3.134747e-02 -2.650665e-05 -4.765864e-05 6.173208e-05 -2.648598e-05
11590.000000 8.950035e-01 1.066073e+00 2.430471e-01 3.163590e-02 -2.775473e-05 -5.193325e-05 5.658032e-05 -4.204152e-05
11590.200000 8.896533e-01 1.059474e+00 2.423317e-01 3.115361e-02 -3.082359e-05 -4.429276e-05 5.308760e-05 -4.506151e-05
11590.400000 8.949391e-01 1.065759e+00 2.443862e-01 3.105785e-02 -4.400099e-05 -5.093321e-05 5.465565e-05 -4.575198e-05
11590.600000 8.946513e-01 1.065288e+00 2.447136e-01 3.179614e-02 -5.230696e-05 -4.884352e-05 6.428502e-05 -3.238351e-05
11590.800000 8.934666e-01 1.063990e+00 2.450200e-01 3.037115e-02 -5.426919e-05 -5.471092e-05 5.978797e-05 -3.426840e-05
11591.000000 8.913241e-01 1.061024e+00 2.445676e-01 3.161342e-02 -4.793377e-05 -5.883457e-05 5.199352e-05 -3.525459e-05
11591.200000 8.814784e-01 1.049885e+00 2.421466e-01 3.072477e-02 -4.663778e-05 -5.323555e-05 6.869528e-05 -2.878627e-05
11591.400000 9.000690e-01 1.072073e+00 2.476671e-01 3.076468e-02 -4.223512e-05 -4.531590e-05 7.826215e-05 -3.433411e-05
11591.600000 8.900214e-01 1.060373e+00 2.452183e-01 3.181961e-02 -3.628782e-05 -3.570357e-05 7.098457e-05 -3.712806e-05
11591.800000 8.918511e-01 1.062499e+00 2.457698e-01 3.033279e-02 -3.678512e-05 -5.276235e-05 4.948779e-05 -4.608219e-05
11592.000000 8.979585e-01 1.069828e+00 2.472536e-01 3.156917e-02 -4.155088e-05 -6.520458e-05 6.470954e-05 -3.448457e-05
11592.200000 8.723263e-01 1.038364e+00 2.403494e-01 2.947507e-02 -4.422751e-05 -5.782718e-05 6.112873e-05 -3.001087e-05
11592.400000 9.028695e-01 1.075850e+00 2.487353e-01 3.208993e-02 -4.756475e-05 -6.585199e-05 7.019292e-05 -4.630949e-05
11592.600000 8.906258e-01 1.060933e+00 2.452322e-01 3.189115e-02 -4.981831e-05 -6.311285e-05 5.597487e-05 -4.672519e-05
11592.800000 8.853275e-01 1.055088e+00 2.436197e-01 3.053589e-02 -4.078205e-05 -5.347066e-05 5.898628e-05 -3.136043e-05
11593.000000 9.022813e-01 1.074806e+00 2.480834e-01 3.039670e-02 -4.541501e-05 -5.772980e-05 5.999207e-05 -3.142311e-05
11593.200000 8.875132e-01 1.057800e+00 2.439506e-01 3.099684e-02 -3.839451e-05 -5.438335e-05 6.404621e-05 -4.307331e-05
11593.400000 8.914047e-01 1.062270e+00 2.444535e-01 2.977422e-02 -2.931461e-05 -5.947757e-05 6.402467e-05 -3.909045e-05
11593.600000 8.910783e-01 1.061890e+00 2.437377e-01 3.073717e-02 -3.822229e-05 -5.530596e-05 4.311328e-05 -4.334403e-05
11593.800000 8.930367e-01 1.064304e+00 2.438687e-01 3.286225e-02 -4.356663e-05 -4.965467e-05 5.716768e-05 -4.289117e-05
11594.000000 8.865149e-01 1.057008e+00 2.415381e-01 3.039869e-02 -4.046494e-05 -5.213653e-05 6.070150e-05 -5.300364e-05
11594.200000 8.957351e-01 1.067461e+00 2.432307e-01 3.140123e-02 -3.989888e-05 -4.321843e-05 6.166987e-05 -5.139589e-05
11594.400000 8.958915e-01 1.067948e+00 2.425500e-01 3.175832e-02 -4.161820e-05 -4.459862e-05 6.034926e-05 -4.760469e-05
11594.600000 8.946510e-01 1.066168e+00 2.414117e-01 3.090188e-02 -3.941551e-05 -4.884752e-05 5.399525e-05 -3.745376e-05
11594.800000 8.907494e-01 1.061264e+00 2.390358e-01 3.165274e-02 -3.723364e-05 -5.686268e-05 4.992234e-05 -3.833396e-05
11595.000000 8.940149e-01 1.066024e+00 2.387399e-01 2.962111e-02 -3.371656e-05 -6.368679e-05 7.099775e-05 -4.159193e-05
11595.200000 8.840871e-01 1.054494e+00 2.350264e-01 2.903360e-02 -3.613496e-05 -6.617044e-05 6.418685e-05 -4.258798e-05
11595.400000 8.941529e-01 1.065845e+00 2.363167e-01 3.244080e-02 -3.750198e-05 -6.376235e-05 6.818634e-05 -4.763030e-05
11595.600000 8.909533e-01 1.062264e+00 2.343644e-01 3.072952e-02 -4.108259e-05 -6.504672e-05 8.136343e-05 -4.835302e-05
11595.800000 8.902772e-01 1.061980e+00 2.325845e-01 2.920350e-02 -3.779337e-05 -5.612832e-05 8.272391e-05 -4.283236e-05
11596.000000 8.836629e-01 1.054406e+00 2.291713e-01 3.109127e-02 -3.701253e-05 -5.989003e-05 7.154649e-05 -4.432467e-05
11596.200000 8.875602e-01 1.057933e+00 2.283931e-01 3.076779e-02 -3.440134e-05 -6.223433e-05 6.580664e-05 -4.842862e-05
11596.400000 8.907745e-01 1.062047e+00 2.274735e-01 3.072701e-02 -3.595080e-05 -6.552558e-05 8.693773e-05 -4.416053e-05
11596.600000 8.901893e-01 1.061142e+00 2.258453e-01 3.132414e-02 -2.232875e-05 -6.153779e-05 7.784165e-05 -3.928487e-05
11596.800000 8.915531e-01 1.063116e+00 2.246368e-01 3.220838e-02 -2.263681e-05 -5.583953e-05 5.915175e-05 -4.903509e-05
11597.000000 8.894156e-01 1.060469e+00 2.221593e-01 3.085600e-02 -3.213789e-05 -5.487694e-05 6.388572e-05 -4.486851e-05
11597.700000 8.919953e-01 1.063566e+00 2.166830e-01 3.165363e-02 -3.210026e-05 -5.803298e-05 5.260799e-05 -3.132239e-05
11598.400000 8.848523e-01 1.055682e+00 2.093604e-01 3.065477e-02 -3.090342e-05 -6.149744e-05 3.751439e-05 -2.869611e-05
11599.100000 8.885769e-01 1.060052e+00 2.060301e-01 3.133703e-02 -3.198781e-05 -5.459497e-05 4.153582e-05 -2.800986e-05
11599.800000 8.912472e-01 1.063297e+00 2.044501e-01 3.077693e-02 -2.853329e-05 -5.690218e-05 3.678786e-05 -2.207247e-05
11600.500000 8.891299e-01 1.060746e+00 2.035949e-01 3.118314e-02 -2.678379e-05 -5.520619e-05 2.098397e-05 -2.327010e-05
11601.200000 8.889228e-01 1.060781e+00 2.050105e-01 3.091373e-02 -3.508616e-05 -5.334664e-05 1.739649e-05 -3.265077e-05
11601.900000 8.899691e-01 1.062044e+00 2.079763e-01 3.091582e-02 -4.392413e-05 -5.944409e-05 3.471142e-05 -3.695166e-05
11602.600000 8.884838e-01 1.060423e+00 2.113011e-01 3.093641e-02 -3.249508e-05 -5.577142e-05 5.535526e-05 -3.615087e-05
11603.300000 8.902142e-01 1.062597e+00 2.157612e-01 3.093675e-02 -2.766305e-05 -6.010983e-05 5.622857e-05 -3.875237e-05
11604.993695 8.884002e-01 1.060595e+00 2.241156e-01 3.101369e-02 -2.290070e-05 -5.600088e-05 5.161753e-05 -3.523974e-05
11605.999583 8.881486e-01 1.060350e+00 2.279153e-01 3.118975e-02 -2.142616e-05 -5.879052e-05 4.829348e-05 -3.559715e-05
11607.017662 8.849855e-01 1.057117e+00 2.296414e-01 3.117436e-02 -2.726345e-05 -6.225364e-05 4.526821e-05 -4.409927e-05
11608.047933 8.856514e-01 1.058043e+00 2.316034e-01 3.133298e-02 -2.778762e-05 -6.013563e-05 4.586640e-05 -4.928076e-05
11609.090396 8.856201e-01 1.058245e+00 2.333485e-01 3.116217e-02 -2.339653e-05 -5.611970e-05 4.764883e-05 -5.463668e-05
11610.145051 8.868438e-01 1.059758e+00 2.360344e-01 3.098533e-02 -1.974166e-05 -5.267400e-05 4.324790e-05 -4.808740e-05
11611.211898 8.843803e-01 1.057099e+00 2.383795e-01 3.059401e-02 -2.824770e-05 -6.510201e-05 4.238916e-05 -4.058660e-05
11612.290937 8.821643e-01 1.054907e+00 2.404347e-01 3.095751e-02 -3.088015e-05 -6.342515e-05 4.613808e-05 -4.296707e-05
11613.382167 8.854148e-01 1.058727e+00 2.429763e-01 3.129219e-02 -3.088957e-05 -5.291166e-05 4.220976e-05 -4.864545e-05
11614.485590 8.817680e-01 1.054754e+00 2.419707e-01 3.132671e-02 -1.901783e-05 -4.549314e-05 4.071667e-05 -3.523585e-05
11615.601204 8.848706e-01 1.058462e+00 2.411981e-01 3.066008e-02 -1.751405e-05 -3.436530e-05 3.676787e-05 -3.071280e-05
11616.729011 8.843415e-01 1.058214e+00 2.379545e-01 3.113871e-02 -2.065860e-05 -3.600955e-05 4.013455e-05 -2.644805e-05
11617.869009 8.843642e-01 1.058467e+00 2.339319e-01 3.100018e-02 -1.949069e-05 -4.356418e-05 4.174174e-05 -2.496271e-05
11619.021199 8.852767e-01 1.059622e+00 2.298891e-01 3.094013e-02 -1.729339e-05 -3.698135e-05 5.710857e-05 -2.226478e-05
11620.185582 8.839348e-01 1.058164e+00 2.249399e-01 3.082711e-02 -1.224906e-05 -3.571859e-05 5.665811e-05 -2.759925e-05
11621.362156 8.845328e-01 1.059343e+00 2.206127e-01 3.101370e-02 -2.533030e-05 -3.678017e-05 5.202343e-05 -3.660187e-05
11622.550922 8.852121e-01 1.059976e+00 2.166505e-01 3.113910e-02 -2.943494e-05 -4.649164e-05 4.952972e-05 -3.498847e-05
11623.751879 8.808925e-01 1.055253e+00 2.124061e-01 3.067208e-02 -3.185269e-05 -4.603278e-05 5.607356e-05 -3.860212e-05
11624.965029 8.821213e-01 1.056831e+00 2.106127e-01 3.133587e-02 -2.782372e-05 -3.762403e-05 5.156045e-05 -2.961691e-05
11626.190371 8.832631e-01 1.058167e+00 2.103835e-01 3.140834e-02 -3.011814e-05 -3.507898e-05 5.404332e-05 -2.478075e-05
11627.427904 8.815581e-01 1.056522e+00 2.108089e-01 3.074985e-02 -3.178186e-05 -4.073168e-05 5.509691e-05 -3.103602e-05
11628.677630 8.845086e-01 1.060165e+00 2.131490e-01 3.173474e-02 -3.097695e-05 -3.894135e-05 5.309775e-05 -5.847052e-05
11629.939547 8.795463e-01 1.054641e+00 2.140445e-01 3.119240e-02 -3.569205e-05 -3.514645e-05 5.662984e-05 -9.516371e-05
11631.213657 8.799916e-01 1.055637e+00 2.163046e-01 3.107676e-02 -3.104509e-05 -2.973460e-05 6.043614e-05 -9.113559e-05
11632.499958 8.824902e-01 1.058894e+00 2.190586e-01 3.050779e-02 -2.975585e-05 -3.519155e-05 5.720851e-05 -8.287313e-05
11633.798451 8.776360e-01 1.053326e+00 2.199210e-01 3.173313e-02 -3.636301e-05 -2.953216e-05 4.600197e-05 -8.669935e-05
11635.109136 8.794206e-01 1.055552e+00 2.223198e-01 3.126613e-02 -4.150429e-05 -2.551637e-05 5.771670e-05 -8.366898e-05
11636.432013 8.804330e-01 1.056763e+00 2.240828e-01 3.101723e-02 -3.981771e-05 -1.865547e-05 5.616744e-05 -9.124462e-05
11637.767082 8.781615e-01 1.054632e+00 2.250986e-01 3.068437e-02 -3.513832e-05 -2.806702e-05 5.059913e-05 -8.824771e-05
11639.114342 8.800756e-01 1.056991e+00 2.266867e-01 3.092442e-02 -3.415114e-05 -3.346454e-05 5.677494e-05 -9.171530e-05
11640.473795 8.781181e-01 1.054869e+00 2.277651e-01 3.121059e-02 -2.270019e-05 -2.471199e-05 7.344241e-05 -9.355264e-05
11641.845440 8.802430e-01 1.057529e+00 2.304253e-01 3.077809e-02 -2.826573e-05 -3.907978e-05 5.545384e-05 -8.829371e-05
11643.229276 8.779181e-01 1.055117e+00 2.323638e-01 3.088846e-02 -2.783690e-05 -4.833864e-05 6.276742e-05 -8.140250e-05
11644.625305 8.776838e-01 1.055003e+00 2.352726e-01 3.077943e-02 -3.094105e-05 -3.627587e-05 6.543255e-05 -9.377269e-05
11646.033525 8.778402e-01 1.055535e+00 2.386230e-01 3.075551e-02 -3.733596e-05 -3.367270e-05 7.595092e-05 -9.695256e-05
11647.453937 8.790619e-01 1.057304e+00 2.419443e-01 3.070011e-02 -3.397826e-05 -4.244143e-05 6.888524e-05 -9.954202e-05
11648.886541 8.766597e-01 1.054650e+00 2.438571e-01 3.070484e-02 -4.179384e-05 -3.062266e-05 7.094646e-05 -1.012013e-04
11650.331337 8.766371e-01 1.054896e+00 2.460270e-01 3.105718e-02 -4.475246e-05 -3.334687e-05 7.463573e-05 -9.918591e-05
11651.788325 8.768147e-01 1.055307e+00 2.475877e-01 3.112076e-02 -3.957202e-05 -2.847677e-05 7.838583e-05 -9.999096e-05
11653.257505 8.763899e-01 1.054911e+00 2.484359e-01 3.132920e-02 -4.315107e-05 -3.242350e-05 7.201965e-05 -9.050393e-05
11654.738877 8.740651e-01 1.052494e+00 2.483921e-01 3.076386e-02 -4.105351e-05 -3.775675e-05 7.462099e-05 -8.248438e-05
11656.232440 8.719395e-01 1.050308e+00 2.475882e-01 3.108423e-02 -4.347789e-05 -3.768772e-05 6.759950e-05 -8.856193e-05
11657.738196 8.733751e-01 1.052183e+00 2.470390e-01 3.061919e-02 -3.486566e-05 -3.631934e-05 6.220878e-05 -8.247831e-05
11659.256143 8.753268e-01 1.054962e+00 2.456651e-01 3.108985e-02 -2.985415e-05 -3.573855e-05 6.072200e-05 -8.854367e-05
11660.786283 8.762110e-01 1.056237e+00 2.431363e-01 3.096686e-02 -3.795775e-05 -4.231725e-05 7.087819e-05 -9.239965e-05
11662.328614 8.740418e-01 1.054086e+00 2.395361e-01 3.155419e-02 -3.830094e-05 -3.364404e-05 7.630550e-05 -8.619824e-05
11663.883137 8.749437e-01 1.055343e+00 2.367984e-01 3.075473e-02 -3.378735e-05 -2.883323e-05 7.203474e-05 -9.329069e-05
11665.449852 8.742433e-01 1.054642e+00 2.339617e-01 3.071683e-02 -2.969971e-05 -2.893208e-05 7.941204e-05 -1.024047e-04
11667.028759 8.724586e-01 1.052670e+00 2.315589e-01 3.076383e-02 -3.609791e-05 -3.003516e-05 6.541789e-05 -8.045452e-05
11668.619858 8.744874e-01 1.055456e+00 2.310972e-01 3.128532e-02 -4.010343e-05 -2.963136e-05 5.826058e-05 -5.187369e-05
11670.223149 8.733423e-01 1.054415e+00 2.305104e-01 3.126381e-02 -3.555820e-05 -4.055195e-05 5.500568e-05 -3.440564e-05
11671.838632 8.722486e-01 1.053266e+00 2.302916e-01 3.102483e-02 -3.521227e-05 -4.348028e-05 6.299445e-05 -3.668843e-05
11673.466307 8.719710e-01 1.053363e+00 2.308082e-01 3.152267e-02 -3.669270e-05 -4.327744e-05 5.760895e-05 -3.191315e-05
11675.106173 8.728115e-01 1.054738e+00 2.317816e-01 3.039875e-02 -3.092251e-05 -5.166363e-05 5.795622e-05 -3.640620e-05
11676.758232 8.701782e-01 1.051640e+00 2.318388e-01 3.134601e-02 -3.960849e-05 -5.554731e-05 5.974121e-05 -4.443435e-05
11678.422482 8.708106e-01 1.052785e+00 2.328047e-01 3.119474e-02 -2.986270e-05 -5.443254e-05 6.303509e-05 -4.366433e-05
11680.098924 8.708271e-01 1.053092e+00 2.338839e-01 3.075435e-02 -3.265034e-05 -5.332911e-05 4.690173e-05 -3.989052e-05
11681.787558 8.694577e-01 1.051678e+00 2.344147e-01 3.090386e-02 -2.920587e-05 -5.573761e-05 5.513836e-05 -3.656313e-05
11683.488385 8.682041e-01 1.050470e+00 2.345528e-01 3.112859e-02 -3.352439e-05 -5.403585e-05 4.910613e-05 -3.092940e-05
11685.201403 8.659135e-01 1.048298e+00 2.342144e-01 3.060338e-02 -3.921738e-05 -5.037354e-05 5.002139e-05 -2.188376e-05
11686.926613 8.688511e-01 1.051986e+00 2.347699e-01 3.125636e-02 -3.991479e-05 -4.583300e-05 4.875300e-05 -2.979026e-05
11688.664014 8.675109e-01 1.050565e+00 2.337287e-01 3.045311e-02 -3.722498e-05 -5.198543e-05 4.563106e-05 -3.601409e-05
11690.413608 8.677281e-01 1.051445e+00 2.329898e-01 3.135055e-02 -3.858788e-05 -5.038999e-05 5.766476e-05 -4.171870e-05
11692.175394 8.677089e-01 1.051573e+00 2.320105e-01 3.075381e-02 -4.083783e-05 -5.041543e-05 6.120927e-05 -4.085486e-05
11693.949371 8.679845e-01 1.052322e+00 2.317569e-01 3.098234e-02 -4.697436e-05 -4.144233e-05 6.929776e-05 -4.204334e-05
11695.735541 8.673178e-01 1.051821e+00 2.316569e-01 3.107141e-02 -4.184759e-05 -3.823529e-05 7.254208e-05 -4.344904e-05
11697.533902 8.671736e-01 1.051885e+00 2.325293e-01 3.071797e-02 -4.712359e-05 -3.733748e-05 6.811943e-05 -4.858008e-05
11699.344455 8.650421e-01 1.049493e+00 2.334429e-01 3.055127e-02 -5.313216e-05 -3.127809e-05 5.803085e-05 -4.835801e-05
11701.167201 8.668010e-01 1.051924e+00 2.360863e-01 3.065675e-02 -5.045687e-05 -3.089889e-05 6.239248e-05 -4.882636e-05
11703.002138 8.653472e-01 1.050673e+00 2.385804e-01 3.098500e-02 -4.314013e-05 -2.586134e-05 6.091162e-05 -6.029264e-05
11704.849267 8.642792e-01 1.049788e+00 2.414657e-01 3.106068e-02 -3.763394e-05 -3.251849e-05 6.842435e-05 -5.688797e-05
11706.708588 8.620328e-01 1.047346e+00 2.443255e-01 3.051484e-02 -2.922335e-05 -3.995026e-05 6.313280e-05 -5.105041e-05
11708.580100 8.612172e-01 1.046645e+00 2.472231e-01 3.105120e-02 -3.108945e-05 -4.557104e-05 6.083045e-05 -5.813155e-05
11710.463805 8.594908e-01 1.044833e+00 2.495527e-01 3.133965e-02 -3.838770e-05 -3.753638e-05 6.577029e-05 -3.957844e-05
11712.359702 8.624817e-01 1.048668e+00 2.523041e-01 3.099873e-02 -4.364065e-05 -2.342201e-05 5.476406e-05 -3.856833e-05
11714.267790 8.635313e-01 1.050238e+00 2.534995e-01 3.089423e-02 -3.843034e-05 -1.705265e-05 5.807135e-05 -3.489714e-05
11716.188071 8.636180e-01 1.050840e+00 2.534576e-01 3.110866e-02 -4.477608e-05 -1.866126e-05 5.875364e-05 -3.737287e-05
11718.120543 8.607352e-01 1.047552e+00 2.518624e-01 3.055137e-02 -4.113392e-05 -2.722002e-05 5.930773e-05 -3.009167e-05
11720.065207 8.623125e-01 1.049820e+00 2.511361e-01 3.094730e-02 -3.715354e-05 -3.368264e-05 5.909437e-05 -3.049854e-05
11722.022064 8.624286e-01 1.050365e+00 2.496313e-01 3.114942e-02 -4.035408e-05 -4.350267e-05 4.198344e-05 -3.324115e-05
11723.991112 8.606110e-01 1.048535e+00 2.472893e-01 3.115319e-02 -3.914876e-05 -4.529224e-05 3.048601e-05 -3.466263e-05
11725.972352 8.593479e-01 1.047367e+00 2.451683e-01 3.068139e-02 -3.997386e-05 -4.371080e-05 3.414042e-05 -3.344932e-05
11727.965784 8.597809e-01 1.048235e+00 2.437320e-01 3.107024e-02 -4.692251e-05 -3.824478e-05 3.859063e-05 -3.113613e-05
11729.971407 8.603565e-01 1.049288e+00 2.426580e-01 3.106898e-02 -4.505632e-05 -4.509241e-05 5.478960e-05 -2.752914e-05
11731.989223 8.583970e-01 1.047381e+00 2.412190e-01 3.086866e-02 -4.700227e-05 -4.980613e-05 6.802809e-05 -3.015903e-05
11734.019231 8.589475e-01 1.048201e+00 2.405860e-01 3.151122e-02 -5.377996e-05 -4.966527e-05 5.870354e-05 -3.764284e-05
11736.061430 8.564450e-01 1.045734e+00 2.392077e-01 3.080520e-02 -4.762780e-05 -4.265419e-05 5.297077e-05 -3.771057e-05
11738.115822 8.550529e-01 1.044360e+00 2.384025e-01 3.059978e-02 -4.871040e-05 -3.212792e-05 4.570323e-05 -4.911873e-05
11740.182405 8.549504e-01 1.044636e+00 2.382228e-01 3.093441e-02 -4.703736e-05 -3.376211e-05 4.836233e-05 -4.839152e-05
11742.261180 8.569799e-01 1.047184e+00 2.391006e-01 3.089579e-02 -5.087493e-05 -3.992000e-05 5.112465e-05 -3.954969e-05
11744.352148 8.552356e-01 1.045728e+00 2.391387e-01 3.066950e-02 -4.963090e-05 -4.516389e-05 5.239533e-05 -2.931180e-05
11746.455307 8.570340e-01 1.048219e+00 2.403036e-01 3.082949e-02 -5.152482e-05 -3.434950e-05 4.757367e-05 -2.764546e-05
11748.570658 8.544511e-01 1.045059e+00 2.400640e-01 3.020208e-02 -5.170985e-05 -2.728459e-05 4.891254e-05 -3.544329e-05
11750.698201 8.556389e-01 1.046994e+00 2.405774e-01 3.096432e-02 -4.874433e-05 -1.704098e-05 5.968093e-05 -3.716708e-05
11752.837935 8.546175e-01 1.046224e+00 2.399563e-01 3.084752e-02 -4.027694e-05 -2.650682e-05 5.683025e-05 -3.178621e-05
11754.989862 8.550358e-01 1.047244e+00 2.393278e-01 3.087812e-02 -4.023014e-05 -3.765949e-05 5.018000e-05 -4.220515e-05
11757.153981 8.534835e-01 1.045683e+00 2.378586e-01 3.041286e-02 -4.035751e-05 -4.760755e-05 3.938327e-05 -4.871802e-05
11759.330291 8.533867e-01 1.046029e+00 2.369600e-01 3.095245e-02 -3.901662e-05 -5.446169e-05 5.133098e-05 -3.533003e-05
11761.518794 8.536318e-01 1.046527e+00 2.368859e-01 3.080296e-02 -3.848916e-05 -5.328000e-05 5.174576e-05 -3.827262e-05
11763.719488 8.509539e-01 1.043782e+00 2.371770e-01 3.044041e-02 -4.117205e-05 -5.371911e-05 4.731018e-05 -4.081709e-05
11765.932374 8.508201e-01 1.044008e+00 2.394711e-01 3.116284e-02 -3.687118e-05 -5.535151e-05 5.067291e-05 -4.834465e-05
11768.157453 8.529570e-01 1.047018e+00 2.431124e-01 3.062441e-02 -3.121060e-05 -5.046755e-05 5.146469e-05 -3.603514e-05
11770.394723 8.524876e-01 1.046592e+00 2.465061e-01 3.072407e-02 -4.310954e-05 -5.001387e-05 4.911733e-05 -3.524396e-05
11772.644185 8.479548e-01 1.041892e+00 2.485832e-01 3.098749e-02 -4.150768e-05 -5.249561e-05 4.969553e-05 -4.478827e-05
11774.905838 8.482144e-01 1.042378e+00 2.513312e-01 3.063491e-02 -4.221230e-05 -5.084124e-05 5.190888e-05 -3.177654e-05
11777.179684 8.418506e-01 1.035248e+00 2.515463e-01 3.090728e-02 -4.020512e-05 -4.110431e-05 4.931481e-05 -3.564960e-05
11779.465722 8.441574e-01 1.038490e+00 2.538055e-01 3.088866e-02 -3.745442e-05 -4.599880e-05 4.573923e-05 -2.917952e-05
11781.763952 8.475386e-01 1.042511e+00 2.559087e-01 3.072693e-02 -3.248966e-05 -4.975521e-05 4.729167e-05 -2.797408e-05
11784.074373 8.482747e-01 1.043937e+00 2.572077e-01 3.104845e-02 -3.787245e-05 -4.975960e-05 5.275708e-05 -3.154322e-05
11786.396987 8.466400e-01 1.042279e+00 2.573103e-01 3.114008e-02 -4.630618e-05 -4.638915e-05 4.968265e-05 -2.601538e-05
11788.731792 8.471809e-01 1.043252e+00 2.579556e-01 3.110430e-02 -4.458403e-05 -3.739543e-05 3.950948e-05 -2.988413e-05
11791.078789 8.473607e-01 1.044063e+00 2.585328e-01 3.098995e-02 -4.206753e-05 -3.239567e-05 5.160615e-05 -2.964423e-05
11793.437978 8.471506e-01 1.044113e+00 2.587741e-01 3.029241e-02 -4.309704e-05 -2.948986e-05 6.358427e-05 -1.998345e-05
11795.809359 8.447544e-01 1.041074e+00 2.579922e-01 3.067293e-02 -4.093636e-05 -2.796999e-05 5.853945e-05 -2.664371e-05
11798.192932 8.452724e-01 1.042446e+00 2.579401e-01 3.070976e-02 -4.350293e-05 -3.683972e-05 4.215799e-05 -3.195685e-05
11800.588697 8.446962e-01 1.042331e+00 2.576448e-01 3.080870e-02 -3.874489e-05 -3.767641e-05 4.044983e-05 -4.249418e-05
11802.996654 8.457452e-01 1.043906e+00 2.571941e-01 3.084370e-02 -3.556720e-05 -3.009370e-05 3.998148e-05 -3.395184e-05
11805.416803 8.428528e-01 1.040700e+00 2.549065e-01 3.121938e-02 -3.496571e-05 -3.796235e-05 5.047323e-05 -2.979038e-05
11807.849143 8.436589e-01 1.042202e+00 2.535781e-01 3.075206e-02 -4.437695e-05 -4.413928e-05 4.941001e-05 -3.617885e-05
11810.293676 8.437758e-01 1.042873e+00 2.517842e-01 3.080704e-02 -4.212840e-05 -3.952658e-05 5.737593e-05 -2.136771e-05
11812.750400 8.430820e-01 1.042764e+00 2.492876e-01 3.084701e-02 -4.156246e-05 -3.908067e-05 5.232971e-05 -1.903712e-05
11815.219317 8.392339e-01 1.038243e+00 2.462277e-01 3.052382e-02 -4.439839e-05 -5.300994e-05 5.226884e-05 -1.128808e-05
11817.700425 8.409269e-01 1.040771e+00 2.453383e-01 3.077682e-02 -4.659237e-05 -5.599743e-05 5.192250e-05 -1.796798e-05
11820.193725 8.409583e-01 1.041103e+00 2.442598e-01 3.074506e-02 -4.558851e-05 -6.422429e-05 5.788331e-05 -2.273331e-05
11822.699217 8.375718e-01 1.037398e+00 2.430934e-01 3.063025e-02 -4.141264e-05 -4.841511e-05 5.904031e-05 -2.498212e-05
11825.216901 8.414714e-01 1.042593e+00 2.449886e-01 3.110598e-02 -4.197828e-05 -5.094251e-05 6.234400e-05 -2.169897e-05
11827.746777 8.407464e-01 1.042313e+00 2.461591e-01 3.092544e-02 -4.311635e-05 -5.796599e-05 5.912400e-05 -2.211758e-05
11830.288845 8.381764e-01 1.039314e+00 2.471545e-01 3.060145e-02 -3.788463e-05 -5.095868e-05 5.412185e-05 -2.192678e-05
11832.843105 8.353007e-01 1.036093e+00 2.485228e-01 3.039277e-02 -3.238572e-05 -5.074477e-05 5.539983e-05 -2.291267e-05
11835.409556 8.391395e-01 1.041501e+00 2.525323e-01 3.080453e-02 -3.338754e-05 -4.458516e-05 4.942358e-05 -3.294563e-05
11837.988200 8.380799e-01 1.040666e+00 2.554145e-01 3.065288e-02 -3.839678e-05 -4.023137e-05 4.808254e-05 -3.602436e-05
11840.579035 8.363459e-01 1.038832e+00 2.583079e-01 3.081915e-02 -3.647473e-05 -3.965709e-05 4.713599e-05 -3.100864e-05
11843.182062 8.365646e-01 1.039571e+00 2.615686e-01 3.075249e-02 -2.872950e-05 -4.690140e-05 3.767684e-05 -3.220460e-05
11845.797282 8.360949e-01 1.039369e+00 2.640493e-01 3.108852e-02 -3.658623e-05 -4.652181e-05 4.549072e-05 -1.904208e-05
11848.424693 8.359930e-01 1.039764e+00 2.658646e-01 3.086620e-02 -3.728412e-05 -5.223175e-05 5.435721e-05 -2.440227e-05
11851.064296 8.327090e-01 1.036147e+00 2.656368e-01 3.040088e-02 -4.225380e-05 -5.541662e-05 5.820120e-05 -3.708589e-06
11853.716091 8.328503e-01 1.036671e+00 2.659601e-01 3.019107e-02 -3.016828e-05 -5.815269e-05 4.674343e-05 -1.418642e-05
11856.380078 8.323672e-01 1.036456e+00 2.657238e-01 3.069292e-02 -3.580014e-05 -6.259851e-05 4.945782e-05 -3.320857e-05
11859.056256 8.328462e-01 1.037882e+00 2.655155e-01 3.110162e-02 -3.818849e-05 -5.461637e-05 4.200576e-05 -6.802352e-05
11861.744627 8.322617e-01 1.037491e+00 2.648950e-01 3.095133e-02 -3.939204e-05 -4.644531e-05 4.402474e-05 -4.619113e-05
11864.445190 8.314336e-01 1.036813e+00 2.648583e-01 3.140899e-02 -4.294494e-05 -4.072323e-05 5.418643e-05 -3.621488e-05
11867.157944 8.284783e-01 1.033773e+00 2.649706e-01 3.104578e-02 -3.463451e-05 -3.575436e-05 5.284671e-05 -4.402167e-05
11869.882891 8.260284e-01 1.031182e+00 2.653924e-01 3.066710e-02 -2.789969e-05 -3.666987e-05 5.538620e-05 -4.499605e-05
11872.620029 8.282300e-01 1.034167e+00 2.674042e-01 3.053967e-02 -3.089543e-05 -3.083758e-05 4.639497e-05 -3.386352e-05
11875.369359 8.272565e-01 1.033294e+00 2.677822e-01 3.086103e-02 -3.345147e-05 -3.665914e-05 4.928409e-05 -3.786216e-05
11878.130881 8.278996e-01 1.034534e+00 2.682663e-01 3.059522e-02 -3.214642e-05 -3.892724e-05 4.813724e-05 -4.133055e-05
11880.904595 8.267613e-01 1.033619e+00 2.672886e-01 3.080029e-02 -3.076989e-05 -3.323644e-05 3.872461e-05 -4.427809e-05
11883.690501 8.277923e-01 1.035304e+00 2.666608e-01 3.067341e-02 -4.205637e-05 -3.638371e-05 5.224403e-05 -3.531957e-05
11886.488599 8.214312e-01 1.028184e+00 2.635860e-01 3.053194e-02 -3.554896e-05 -4.115452e-05 4.799528e-05 -3.746956e-05
11889.298889 8.193610e-01 1.025947e+00 2.617494e-01 3.028484e-02 -2.902253e-05 -3.328672e-05 4.678974e-05 -2.190398e-05
11892.121371 8.249230e-01 1.033003e+00 2.623344e-01 3.032064e-02 -3.571309e-05 -3.184532e-05 4.570370e-05 -1.990304e-05
11894.956044 8.251935e-01 1.033927e+00 2.613450e-01 3.057186e-02 -3.528446e-05 -3.906072e-05 4.688281e-05 -2.956496e-05
11897.802910 8.263323e-01 1.035507e+00 2.609650e-01 3.094746e-02 -3.569074e-05 -4.130815e-05 4.142992e-05 -4.136440e-05
11900.661967 8.238765e-01 1.033199e+00 2.599178e-01 3.065276e-02 -3.504324e-05 -4.208202e-05 4.207950e-05 -3.741542e-05
11903.533217 8.239494e-01 1.034008e+00 2.601306e-01 3.076422e-02 -3.058311e-05 -3.924140e-05 4.399461e-05 -3.842957e-05
11906.416658 8.243295e-01 1.034797e+00 2.612865e-01 3.104391e-02 -2.908189e-05 -3.986315e-05 4.957754e-05 -3.451749e-05
11909.312291 8.230805e-01 1.033466e+00 2.627883e-01 3.111342e-02 -3.059160e-05 -4.120071e-05 4.367411e-05 -2.489801e-05
11912.220116 8.223909e-01 1.033253e+00 2.651425e-01 3.085655e-02 -3.216384e-05 -4.620335e-05 5.052517e-05 -3.609082e-05
11915.140133 8.210189e-01 1.032108e+00 2.677005e-01 3.069806e-02 -2.997803e-05 -4.479877e-05 6.071397e-05 -3.373720e-05
11918.072342 8.215768e-01 1.033148e+00 2.710107e-01 3.053163e-02 -2.826331e-05 -5.058780e-05 5.081153e-05 -3.495269e-05
11921.016743 8.209298e-01 1.032907e+00 2.734970e-01 3.052077e-02 -3.368091e-05 -4.385631e-05 5.795608e-05 -4.302657e-05
11923.973335 8.196410e-01 1.031781e+00 2.753903e-01 3.037844e-02 -3.691596e-05 -4.774939e-05 5.833787e-05 -3.525706e-05
11926.942120 8.195466e-01 1.032080e+00 2.769990e-01 3.089071e-02 -3.977228e-05 -4.437512e-05 5.899053e-05 -3.554354e-05
11929.923096 8.187259e-01 1.031151e+00 2.776380e-01 3.050066e-02 -3.740628e-05 -3.752542e-05 5.994983e-05 -3.493022e-05
11932.916265 8.181507e-01 1.031245e+00 2.779265e-01 3.055047e-02 -3.988267e-05 -3.712226e-05 5.403269e-05 -3.639641e-05
11935.921625 8.176903e-01 1.031230e+00 2.779448e-01 3.061220e-02 -3.276123e-05 -3.208471e-05 5.788625e-05 -3.392483e-05
11938.939177 8.162314e-01 1.029599e+00 2.773796e-01 3.057959e-02 -3.301106e-05 -4.418549e-05 4.866298e-05 -3.082625e-05
11941.968921 8.078404e-01 1.019767e+00 2.745819e-01 3.060230e-02 -2.850177e-05 -4.225298e-05 4.727655e-05 -3.270362e-05
11945.010858 8.104927e-01 1.023867e+00 2.757429e-01 3.024191e-02 -2.486642e-05 -3.732902e-05 4.471526e-05 -6.159180e-05
11948.064985 8.150706e-01 1.029666e+00 2.775105e-01 3.037539e-02 -3.319820e-05 -2.918490e-05 4.734747e-05 -4.888870e-05
11951.131305 8.145875e-01 1.029461e+00 2.778079e-01 3.090275e-02 -4.318336e-05 -4.207858e-05 4.180101e-05 -3.873277e-05
11954.209817 8.131079e-01 1.028079e+00 2.782015e-01 3.054207e-02 -3.548768e-05 -4.665424e-05 3.721627e-05 -4.498557e-05
11957.300521 8.130133e-01 1.028769e+00 2.796113e-01 3.073885e-02 -3.737365e-05 -4.516300e-05 5.231769e-05 -4.168547e-05
11960.403416 8.125916e-01 1.028533e+00 2.807090e-01 3.087254e-02 -3.885635e-05 -4.308747e-05 4.500728e-05 -4.229756e-05
11963.518504 8.114839e-01 1.027524e+00 2.812465e-01 3.072049e-02 -3.817999e-05 -3.909088e-05 4.091590e-05 -4.257988e-05
11966.645783 8.109912e-01 1.027414e+00 2.813750e-01 3.037219e-02 -3.736154e-05 -3.823062e-05 4.555307e-05 -4.711021e-05
11969.785255 8.116798e-01 1.028615e+00 2.812839e-01 3.058710e-02 -3.335388e-05 -3.969107e-05 5.252765e-05 -4.655483e-05
11972.936918 8.100919e-01 1.027381e+00 2.802314e-01 3.014734e-02 -3.795533e-05 -3.659989e-05 5.616816e-05 -2.919875e-05
11976.100773 8.092849e-01 1.026891e+00 2.794445e-01 3.071584e-02 -3.699694e-05 -3.846702e-05 5.413524e-05 -2.038943e-05
11979.276820 8.093252e-01 1.027386e+00 2.791255e-01 3.081875e-02 -3.726251e-05 -3.727498e-05 4.644545e-05 -2.302320e-05
11982.465059 8.078769e-01 1.025895e+00 2.786295e-01 3.026681e-02 -4.092413e-05 -4.852653e-05 3.531106e-05 -2.045778e-05
11985.665490 8.077118e-01 1.026368e+00 2.789599e-01 3.080181e-02 -4.414747e-05 -4.709370e-05 3.767722e-05 -3.099464e-05
11988.878112 8.066729e-01 1.025594e+00 2.789257e-01 3.059956e-02 -4.874157e-05 -4.470731e-05 3.776598e-05 -2.611264e-05
11992.102927 8.047810e-01 1.023560e+00 2.786757e-01 3.071373e-02 -4.781318e-05 -3.901444e-05 4.581299e-05 -1.943956e-05
11995.339934 8.059008e-01 1.025453e+00 2.793655e-01 3.051975e-02 -4.643917e-05 -5.911318e-05 5.400529e-05 -2.627372e-05
11998.589132 8.052908e-01 1.025421e+00 2.797255e-01 3.038086e-02 -3.835991e-05 -6.451791e-05 4.725271e-05 -3.192038e-05
12001.850523 8.032559e-01 1.023488e+00 2.800093e-01 3.070568e-02 -3.272528e-05 -4.851859e-05 3.793028e-05 -3.729498e-05
12005.124105 8.032749e-01 1.023870e+00 2.815392e-01 3.030032e-02 -3.509589e-05 -5.498095e-05 3.527777e-05 -3.903440e-05
12008.409879 8.034709e-01 1.024670e+00 2.834976e-01 3.039091e-02 -3.444818e-05 -6.257145e-05 3.544335e-05 -3.293364e-05
12011.707845 8.019452e-01 1.023299e+00 2.852809e-01 3.073368e-02 -4.670773e-05 -6.385699e-05 4.225075e-05 -3.390521e-05
12015.018003 8.016434e-01 1.023355e+00 2.880091e-01 3.016649e-02 -4.656202e-05 -5.716402e-05 3.770654e-05 -2.338237e-05
12018.340353 8.012059e-01 1.023540e+00 2.909223e-01 3.045563e-02 -4.866933e-05 -6.061039e-05 3.689254e-05 -2.670555e-05
12021.674895 7.997310e-01 1.021985e+00 2.932616e-01 3.059403e-02 -4.644942e-05 -4.749679e-05 3.637831e-05 -2.211968e-05
12025.021629 8.004461e-01 1.023374e+00 2.957580e-01 3.036863e-02 -4.590149e-05 -4.591168e-05 3.909857e-05 -2.363393e-05
12028.380554 7.994837e-01 1.022663e+00 2.969528e-01 3.066759e-02 -4.773453e-05 -4.721247e-05 3.764253e-05 -3.532629e-05
12031.751672 7.981553e-01 1.021365e+00 2.971982e-01 3.047822e-02 -4.264580e-05 -4.426469e-05 4.028008e-05 -3.761104e-05
12035.134982 7.980078e-01 1.021927e+00 2.975900e-01 3.052062e-02 -4.333816e-05 -4.378465e-05 3.354887e-05 -3.812990e-05
12038.530483 7.975256e-01 1.021764e+00 2.976426e-01 3.047451e-02 -4.991004e-05 -4.306572e-05 3.715180e-05 -3.785676e-05
12041.938176 7.960684e-01 1.020653e+00 2.970876e-01 3.063548e-02 -4.996059e-05 -4.619246e-05 4.566529e-05 -3.324254e-05
12045.358061 7.957467e-01 1.020615e+00 2.969869e-01 3.028322e-02 -4.551382e-05 -4.772905e-05 4.156090e-05 -3.001251e-05
12048.790139 7.935166e-01 1.018202e+00 2.961219e-01 3.046207e-02 -4.948517e-05 -4.928990e-05 3.336420e-05 -3.585865e-05
12052.234408 7.841337e-01 1.007373e+00 2.926971e-01 3.059313e-02 -3.873716e-05 -5.446467e-05 2.500634e-05 -3.962911e-05
12055.690868 7.857645e-01 1.009740e+00 2.934051e-01 3.024665e-02 -3.457682e-05 -5.083601e-05 1.883955e-05 -3.709968e-05
12059.159521 7.917411e-01 1.017938e+00 2.957284e-01 3.069061e-02 -3.840348e-05 -4.182875e-05 3.267378e-05 -3.520988e-05
12062.640366 7.927229e-01 1.019484e+00 2.960511e-01 3.066391e-02 -3.899461e-05 -5.222738e-05 4.234837e-05 -4.388525e-05
12066.133403 7.912491e-01 1.018190e+00 2.957507e-01 3.047705e-02 -3.964143e-05 -5.736779e-05 3.601857e-05 -4.989084e-05
12069.638631 7.895541e-01 1.016561e+00 2.955039e-01 3.031016e-02 -4.710512e-05 -5.391988e-05 3.692320e-05 -3.948754e-05
12073.156052 7.901743e-01 1.017920e+00 2.962235e-01 3.042748e-02 -4.065609e-05 -4.633700e-05 3.439026e-05 -3.773576e-05
12076.685664 7.898490e-01 1.017967e+00 2.967238e-01 3.038939e-02 -3.564887e-05 -4.467072e-05 3.601161e-05 -4.418280e-05
12080.227468 7.876752e-01 1.015703e+00 2.964610e-01 3.047715e-02 -3.012746e-05 -4.830813e-05 2.375888e-05 -4.136920e-05
12083.781465 7.879707e-01 1.016869e+00 2.973099e-01 3.073254e-02 -3.181344e-05 -4.517830e-05 3.449985e-05 -3.737104e-05
12087.347653 7.863508e-01 1.015164e+00 2.974301e-01 3.050448e-02 -3.125878e-05 -3.490495e-05 4.431189e-05 -3.441732e-05
12090.926033 7.841796e-01 1.012975e+00 2.975913e-01 3.013661e-02 -3.402569e-05 -4.707283e-05 4.869378e-05 -3.768273e-05
12094.516605 7.846000e-01 1.014111e+00 2.992078e-01 2.978274e-02 -3.526146e-05 -4.121973e-05 4.593844e-05 -3.842315e-05
12098.119369 7.852664e-01 1.015475e+00 3.010034e-01 3.045546e-02 -4.373412e-05 -5.349604e-05 4.453462e-05 -4.534789e-05
12101.734324 7.845662e-01 1.014927e+00 3.024301e-01 3.062772e-02 -3.848487e-05 -4.674117e-05 4.342644e-05 -4.737888e-05
12105.361472 7.838076e-01 1.014601e+00 3.039297e-01 3.059301e-02 -3.456106e-05 -3.458424e-05 4.469937e-05 -5.938316e-05
12109.000811 7.828907e-01 1.013880e+00 3.053363e-01 3.033190e-02 -3.674358e-05 -3.473191e-05 4.972466e-05 -5.849108e-05
12112.652343 7.826087e-01 1.014055e+00 3.068439e-01 3.038615e-02 -3.453421e-05 -4.688764e-05 5.222222e-05 -5.800078e-05
12116.316066 7.824364e-01 1.014512e+00 3.084578e-01 3.019525e-02 -3.935609e-05 -5.797203e-05 5.135996e-05 -5.304588e-05
12119.991982 7.804011e-01 1.012554e+00 3.092602e-01 3.048456e-02 -3.412408e-05 -5.854811e-05 4.814069e-05 -4.699398e-05
12123.680089 7.801822e-01 1.012780e+00 3.107585e-01 3.009190e-02 -3.718317e-05 -5.159904e-05 5.175905e-05 -5.564891e-05
12127.380388 7.798589e-01 1.012844e+00 3.122109e-01 3.022273e-02 -3.898089e-05 -5.916186e-05 4.791797e-05 -4.919754e-05
12131.092879 7.782631e-01 1.011233e+00 3.132686e-01 3.028267e-02 -5.201124e-05 -5.540628e-05 3.859977e-05 -4.983584e-05
12134.817562 7.779107e-01 1.011211e+00 3.147357e-01 3.050316e-02 -5.175911e-05 -4.801148e-05 3.735697e-05 -5.607912e-05
12138.554437 7.774964e-01 1.011363e+00 3.160528e-01 3.021481e-02 -4.330231e-05 -4.798661e-05 3.721047e-05 -5.504429e-05
12142.303503 7.761694e-01 1.010249e+00 3.165793e-01 3.021863e-02 -4.009042e-05 -4.572579e-05 5.038429e-05 -6.287980e-05
12146.064762 7.752330e-01 1.009602e+00 3.169595e-01 3.040562e-02 -3.252637e-05 -3.477092e-05 5.463570e-05 -6.460814e-05
12149.838213 7.743680e-01 1.009117e+00 3.173340e-01 3.032579e-02 -3.793097e-05 -3.811665e-05 4.451059e-05 -4.909308e-05
12153.623855 7.735051e-01 1.008592e+00 3.173858e-01 3.040082e-02 -4.627322e-05 -2.833112e-05 4.907808e-05 -5.206379e-05
12157.421689 7.736933e-01 1.009430e+00 3.180581e-01 3.082157e-02 -4.457928e-05 -3.019988e-05 5.249867e-05 -4.549590e-05
12161.231716 7.721366e-01 1.007909e+00 3.177214e-01 3.020065e-02 -3.607631e-05 -4.254454e-05 5.445778e-05 -4.817706e-05
12165.053934 7.702731e-01 1.006005e+00 3.172538e-01 3.045227e-02 -4.615468e-05 -4.700897e-05 6.034231e-05 -5.956063e-05
12168.888344 7.706765e-01 1.007109e+00 3.176879e-01 3.037905e-02 -4.609922e-05 -4.375034e-05 5.899402e-05 -5.714821e-05
12172.734946 7.678656e-01 1.004020e+00 3.168672e-01 3.023454e-02 -5.208462e-05 -5.386284e-05 6.200729e-05 -5.038871e-05
12176.593740 7.690525e-01 1.006341e+00 3.177631e-01 3.036258e-02 -5.478728e-05 -5.297708e-05 5.868494e-05 -5.242912e-05
12180.464726 7.677883e-01 1.005458e+00 3.176951e-01 3.053041e-02 -5.560153e-05 -4.250728e-05 5.340721e-05 -5.329572e-05
12184.347903 7.650356e-01 1.002350e+00 3.171190e-01 3.022586e-02 -4.712535e-05 -4.234118e-05 5.295018e-05 -5.280318e-05
12188.243273 7.675362e-01 1.006035e+00 3.186131e-01 3.037133e-02 -5.239161e-05 -4.305798e-05 5.119510e-05 -5.434906e-05
12192.150835 7.653720e-01 1.003823e+00 3.184641e-01 3.036337e-02 -6.237362e-05 -4.162891e-05 5.445712e-05 -5.337174e-05
12196.070588 7.656010e-01 1.004697e+00 3.194807e-01 3.025958e-02 -5.108053e-05 -3.607637e-05 6.000126e-05 -5.949518e-05
12200.002533 7.652500e-01 1.004653e+00 3.204456e-01 3.053461e-02 -4.009987e-05 -3.742265e-05 7.243182e-05 -4.864873e-05
12203.946671 7.634930e-01 1.003023e+00 3.210255e-01 3.051488e-02 -3.851928e-05 -2.911095e-05 5.846611e-05 -5.039576e-05
12207.903000 7.620748e-01 1.001666e+00 3.219556e-01 3.018908e-02 -4.309485e-05 -3.175406e-05 4.523081e-05 -4.991176e-05
12211.871521 7.596572e-01 9.993039e-01 3.226280e-01 3.029917e-02 -4.264938e-05 -3.055329e-05 5.645888e-05 -5.274813e-05
12215.852234 7.611679e-01 1.001799e+00 3.251336e-01 2.996999e-02 -3.533451e-05 -3.484887e-05 5.394307e-05 -4.836270e-05
12219.845139 7.613403e-01 1.002492e+00 3.271795e-01 3.018568e-02 -2.541656e-05 -4.204023e-05 5.944503e-05 -4.576013e-05
12223.850236 7.600702e-01 1.001580e+00 3.285530e-01 3.010884e-02 -2.415247e-05 -4.133829e-05 6.107323e-05 -4.825979e-05
12227.867524 7.595405e-01 1.001227e+00 3.300288e-01 3.011730e-02 -3.577342e-05 -4.963579e-05 5.538461e-05 -5.134017e-05
12231.897005 7.579513e-01 9.999257e-01 3.309728e-01 3.006672e-02 -3.168751e-05 -4.952142e-05 5.860969e-05 -5.292714e-05
12235.938678 7.399411e-01 9.775082e-01 3.244733e-01 2.947194e-02 -3.465566e-05 -3.583490e-05 5.963303e-05 -5.049119e-05
12239.992542 7.492835e-01 9.899770e-01 3.301875e-01 2.999641e-02 -3.576203e-05 -4.346879e-05 5.225606e-05 -5.874318e-05
12244.058598 7.556517e-01 9.986610e-01 3.343374e-01 2.997504e-02 -4.046221e-05 -4.174499e-05 4.751714e-05 -6.131855e-05
12248.136847 7.554734e-01 9.987496e-01 3.355376e-01 3.014813e-02 -4.037813e-05 -4.140649e-05 4.494526e-05 -6.291593e-05
12252.227287 7.548793e-01 9.988997e-01 3.368173e-01 3.010824e-02 -3.660149e-05 -3.196201e-05 4.844381e-05 -6.431930e-05
12256.329919 7.537347e-01 9.978203e-01 3.378709e-01 2.998326e-02 -2.744609e-05 -3.346242e-05 3.688281e-05 -5.958306e-05
12260.444743 7.512004e-01 9.950024e-01 3.383854e-01 3.003903e-02 -3.472686e-05 -3.871578e-05 5.091257e-05 -5.429561e-05
12264.571759 7.519821e-01 9.967981e-01 3.406175e-01 3.027746e-02 -3.825414e-05 -3.777357e-05 5.087004e-05 -5.661596e-05
12268.710967 7.517228e-01 9.971268e-01 3.420565e-01 3.027564e-02 -3.834425e-05 -3.803481e-05 5.062925e-05 -5.905731e-05
12272.862366 7.507170e-01 9.963827e-01 3.427875e-01 3.011943e-02 -3.636907e-05 -3.741095e-05 5.028722e-05 -5.136434e-05
12277.025958 7.502056e-01 9.962282e-01 3.434358e-01 3.026812e-02 -4.662078e-05 -3.835937e-05 4.767583e-05 -4.843067e-05
12281.201742 7.493395e-01 9.955640e-01 3.436784e-01 2.992142e-02 -3.863769e-05 -3.919516e-05 4.508747e-05 -6.294809e-05
12285.389717 7.476162e-01 9.940786e-01 3.433942e-01 2.983154e-02 -3.208032e-05 -3.386220e-05 3.517786e-05 -5.433714e-05
12289.589884 7.470502e-01 9.940167e-01 3.434097e-01 3.000531e-02 -3.042950e-05 -3.335398e-05 2.966075e-05 -3.638611e-05
12293.802244 7.466918e-01 9.940138e-01 3.432999e-01 3.024922e-02 -2.585893e-05 -3.224243e-05 3.170913e-05 -3.856787e-05
12298.026795 7.453242e-01 9.930266e-01 3.428649e-01 3.001068e-02 -3.579204e-05 -3.096039e-05 2.878872e-05 -3.368869e-05
12302.263538 7.441282e-01 9.918606e-01 3.424208e-01 3.044164e-02 -4.058299e-05 -1.922761e-05 3.989816e-05 -3.028939e-05
12306.512473 7.423534e-01 9.899186e-01 3.421182e-01 3.002411e-02 -2.997751e-05 -2.044132e-05 3.012758e-05 -3.537742e-05
12310.773600 7.427995e-01 9.913266e-01 3.429474e-01 2.984013e-02 -2.931215e-05 -2.761459e-05 4.219895e-05 -2.890126e-05
12315.046919 7.420565e-01 9.908665e-01 3.435118e-01 3.016046e-02 -3.866173e-05 -3.805216e-05 3.826393e-05 -2.889508e-05
12319.332429 7.414537e-01 9.905415e-01 3.445847e-01 3.063032e-02 -3.576992e-05 -4.526711e-05 3.302902e-05 -3.580732e-05
12323.630132 7.400979e-01 9.895614e-01 3.454438e-01 3.006597e-02 -3.793552e-05 -4.049016e-05 3.044465e-05 -3.413769e-05
12327.940026 7.327830e-01 9.806155e-01 3.436611e-01 3.014916e-02 -4.140239e-05 -2.921448e-05 4.952506e-05 -3.503183e-05
12332.262113 7.225848e-01 9.679809e-01 3.407521e-01 2.958183e-02 -4.173733e-05 -3.124780e-05 4.784015e-05 -3.822504e-05
12336.596391 7.363642e-01 9.864374e-01 3.494845e-01 2.971945e-02 -4.174524e-05 -1.673249e-05 4.555133e-05 -3.560087e-05
12340.942861 7.371108e-01 9.878617e-01 3.520842e-01 3.002111e-02 -3.426216e-05 -1.972128e-05 5.193795e-05 -3.149752e-05
12345.301524 7.364306e-01 9.876146e-01 3.538722e-01 2.981916e-02 -3.108933e-05 -3.061903e-05 4.817953e-05 -2.659211e-05
12349.672378 7.349026e-01 9.863269e-01 3.552128e-01 3.013069e-02 -3.648243e-05 -3.284624e-05 4.175329e-05 -1.966063e-05
12354.055424 7.332770e-01 9.849082e-01 3.563122e-01 2.990197e-02 -4.252684e-05 -3.952879e-05 3.339343e-05 -2.563083e-05
12358.450662 7.339748e-01 9.860941e-01 3.583421e-01 2.968187e-02 -4.620272e-05 -4.339053e-05 3.432691e-05 -3.155965e-05
12362.858091 7.337461e-01 9.863621e-01 3.596591e-01 2.967752e-02 -4.111137e-05 -4.702880e-05 3.365092e-05 -2.803386e-05
12367.277713 7.328492e-01 9.859501e-01 3.606280e-01 2.975325e-02 -3.885268e-05 -3.855943e-05 3.023169e-05 -3.112378e-05
12371.709527 7.321909e-01 9.857000e-01 3.619087e-01 2.987726e-02 -3.389324e-05 -3.599757e-05 2.747034e-05 -3.982668e-05
12376.153532 7.301716e-01 9.836768e-01 3.623411e-01 3.017382e-02 -2.937334e-05 -4.130263e-05 2.377332e-05 -3.707952e-05
12380.609730 7.246723e-01 9.769190e-01 3.610256e-01 2.963688e-02 -3.166562e-05 -3.976218e-05 1.975384e-05 -3.330174e-05
12385.078119 7.278508e-01 9.816236e-01 3.640883e-01 3.001220e-02 -3.594868e-05 -4.489680e-05 2.462606e-05 -2.867906e-05
12389.558700 7.293628e-01 9.843582e-01 3.663630e-01 2.995266e-02 -3.623015e-05 -5.591077e-05 2.150874e-05 -6.014509e-05
12394.051473 7.283972e-01 9.836197e-01 3.672938e-01 3.013583e-02 -4.907736e-05 -6.040125e-05 1.703606e-05 -7.275263e-05
12398.556438 7.275711e-01 9.831152e-01 3.683026e-01 2.991706e-02 -5.171879e-05 -4.739927e-05 2.380167e-05 -3.753501e-05
12403.073595 7.263880e-01 9.822022e-01 3.688620e-01 2.979215e-02 -4.965148e-05 -4.427072e-05 2.411952e-05 -2.193014e-05
12407.602944 7.251250e-01 9.812183e-01 3.694900e-01 2.979273e-02 -5.049196e-05 -4.599747e-05 1.064716e-05 -2.685801e-05
12412.144485 7.238046e-01 9.800494e-01 3.699418e-01 2.965231e-02 -4.593321e-05 -4.564147e-05 9.987299e-06 -2.544373e-05
12416.698218 7.233025e-01 9.798738e-01 3.706824e-01 2.972445e-02 -3.745572e-05 -3.994742e-05 7.954291e-06 -3.084096e-05
12421.264142 7.222942e-01 9.791625e-01 3.714165e-01 2.992192e-02 -4.052362e-05 -3.129979e-05 1.838091e-05 -2.428069e-05
12425.842259 7.216126e-01 9.791212e-01 3.721072e-01 2.980971e-02 -4.720880e-05 -3.270728e-05 9.453567e-06 -2.725797e-05
12430.432567 7.205612e-01 9.781945e-01 3.724198e-01 2.997809e-02 -5.232439e-05 -4.165537e-05 9.865841e-06 -3.514674e-05
12435.035068 7.187776e-01 9.762534e-01 3.723953e-01 2.988025e-02 -4.536012e-05 -4.438455e-05 1.069017e-05 -3.936140e-05
12439.649760 7.174303e-01 9.751003e-01 3.726844e-01 2.974223e-02 -3.988620e-05 -4.590476e-05 1.697420e-05 -2.687723e-05
12444.276644 7.176572e-01 9.758980e-01 3.737521e-01 2.970435e-02 -4.234343e-05 -4.749906e-05 2.994626e-05 -3.322259e-05
12448.915720 7.176758e-01 9.767230e-01 3.749439e-01 2.979389e-02 -4.483049e-05 -4.517898e-05 2.550507e-05 -3.709702e-05
12453.566988 7.171684e-01 9.766094e-01 3.760255e-01 2.994054e-02 -4.430351e-05 -4.612443e-05 2.522856e-05 -3.586378e-05
12458.230448 7.165806e-01 9.765115e-01 3.771183e-01 3.003642e-02 -4.848118e-05 -4.383073e-05 2.846711e-05 -2.643951e-05
12462.906100 7.153617e-01 9.755951e-01 3.780867e-01 2.982404e-02 -4.939843e-05 -4.690585e-05 2.875020e-05 -4.061991e-05
12467.593943 7.146498e-01 9.751966e-01 3.792311e-01 2.975045e-02 -6.076385e-05 -5.052601e-05 1.791413e-05 -4.953095e-05
12472.293979 7.150897e-01 9.763641e-01 3.812177e-01 2.981818e-02 -5.697840e-05 -4.745864e-05 1.454368e-05 -4.568502e-05
12477.006206 7.147517e-01 9.764995e-01 3.828153e-01 2.989302e-02 -4.960181e-05 -4.787761e-05 1.146267e-05 -6.233568e-05
12481.730626 7.139468e-01 9.760886e-01 3.843777e-01 2.987012e-02 -6.315666e-05 -4.259136e-05 7.050400e-06 -5.786814e-05
12486.467237 7.131999e-01 9.757870e-01 3.859664e-01 3.004826e-02 -6.332975e-05 -4.338300e-05 7.989340e-06 -4.969220e-05
12491.216040 7.123733e-01 9.753800e-01 3.875712e-01 2.989005e-02 -6.330112e-05 -3.594541e-05 7.543188e-06 -4.892003e-05
12495.977036 7.104092e-01 9.732524e-01 3.885513e-01 2.978964e-02 -6.632787e-05 -2.738624e-05 1.035877e-05 -5.169527e-05
12500.750223 7.109114e-01 9.744648e-01 3.907907e-01 2.983537e-02 -5.314720e-05 -3.004288e-05 1.150020e-05 -5.020946e-05
12505.535602 7.105549e-01 9.746077e-01 3.925929e-01 2.962589e-02 -5.198041e-05 -3.342038e-05 1.787952e-05 -5.667443e-05
12510.333172 7.099740e-01 9.744994e-01 3.941940e-01 2.971269e-02 -6.121560e-05 -4.022067e-05 1.216160e-05 -5.806623e-05
12515.142935 7.089892e-01 9.739071e-01 3.954276e-01 2.976334e-02 -5.426825e-05 -4.795562e-05 8.742150e-06 -5.059961e-05
12519.964890 7.082117e-01 9.734310e-01 3.967649e-01 2.964885e-02 -5.352711e-05 -4.507055e-05 1.146478e-05 -5.167083e-05
12524.799037 7.071878e-01 9.726231e-01 3.978866e-01 2.977105e-02 -5.613029e-05 -5.039547e-05 1.198322e-05 -4.437786e-05
12529.645375 7.061653e-01 9.718308e-01 3.988632e-01 2.982662e-02 -6.302726e-05 -5.723982e-05 1.034953e-05 -3.452920e-05
12534.503905 6.924939e-01 9.536344e-01 3.926223e-01 2.925687e-02 -5.494661e-05 -5.685292e-05 1.878072e-05 -3.255177e-05
12539.374628 2.796823e-01 3.852500e-01 1.588994e-01 1.178421e-02 -2.039450e-05 -1.979749e-05 1.003441e-05 -1.285603e-05
