# Facility: NSLS-II
# Beamline: QAS
# Year: 2022
# Cycle: 2
# SAF: 309618
# PI: Wang
# Proposal: 309017
# Scan ID: 52207
# UID: 297691b5-b59b-4acf-b049-58972d8b616b
# Comment: 
# Start time: 07/18/2022  09:52:05
# Stop time: 07/18/2022  09:52:37
# Total time: 00:32
# Trajectory name: Pt-L3-30s-11564.txt
# Element: Platinum ( 78)
# Edge: L3
# E0: 11564
# Reference Foil Element: Pt
# Keithley Gains I0: 1E7 V/A It: 1E6 V/A Iref: 1E7 V/A PIPS: 1E8 V/A 
# Ion Chamber Gas Flow Rates: I0: 0.00 sccm He + 99.70 sccm N2 + 0.00 sccm Ar 
# Ion Chamber Gas Flow Rates: It&Iref: 89.80 sccm N2 + 210.20 sccm Ar
# Incident Beam Path Vertical: -27.99 mm
# Incident Slits Positions B: TOP: 1.0 mm Bottom: -1.0 mm Inboard: -2.0 mm Outboard: 2.0 mm
# Sample Stage Positions: Rotation: 45.0 deg Horizontal: 0.00 mm Vertical: -20.00 mm Beam Direction: 0.00 mm
# PerkinElmer Vertical Position: 500.00 mm
# Front End Mirror Horizontal Positions: Up: -14.00 mm Down: -14.00 mm
#
# energy  i0  it  ir  iff  aux1  aux2  aux3  aux4
11377.823525 4.658049e-01 5.422161e-01 6.277565e-01 1.566588e-02 -2.974015e-05 -2.031381e-05 2.425803e-05 -3.253897e-05
11382.823525 9.208656e-01 1.072600e+00 1.244028e+00 3.099992e-02 -5.300444e-05 -3.801188e-05 4.497196e-05 -5.795446e-05
11387.823525 9.271895e-01 1.080992e+00 1.257044e+00 3.145307e-02 -5.338573e-05 -4.202339e-05 4.854575e-05 -6.456356e-05
11392.823525 9.228985e-01 1.076999e+00 1.255489e+00 3.130936e-02 -5.765332e-05 -4.394878e-05 3.664884e-05 -6.697053e-05
11397.823525 9.197269e-01 1.074273e+00 1.255380e+00 3.124185e-02 -5.730651e-05 -4.019941e-05 3.819485e-05 -6.374195e-05
11402.823525 9.177994e-01 1.073020e+00 1.256993e+00 3.108091e-02 -6.527529e-05 -2.558804e-05 4.175855e-05 -7.333503e-05
11407.823525 9.181041e-01 1.074391e+00 1.262003e+00 3.107416e-02 -5.818649e-05 -3.192725e-05 3.787742e-05 -7.466060e-05
11412.823525 9.162984e-01 1.073147e+00 1.263708e+00 3.112715e-02 -5.161904e-05 -3.409484e-05 4.311965e-05 -6.520534e-05
11417.823525 9.109260e-01 1.067811e+00 1.260653e+00 3.104372e-02 -4.680759e-05 -2.974750e-05 5.217673e-05 -6.035830e-05
11422.823525 8.981455e-01 1.054379e+00 1.247273e+00 3.054759e-02 -4.569902e-05 -3.378157e-05 5.109412e-05 -6.541969e-05
11427.823525 9.077433e-01 1.066136e+00 1.265028e+00 3.096583e-02 -4.590165e-05 -2.780585e-05 4.760620e-05 -5.769641e-05
11432.823525 9.103754e-01 1.069992e+00 1.273158e+00 3.091692e-02 -5.801312e-05 -1.663412e-05 4.492205e-05 -5.510944e-05
11437.823525 9.101052e-01 1.070483e+00 1.277189e+00 3.108427e-02 -5.756864e-05 -2.404256e-05 4.765272e-05 -5.228071e-05
11442.823525 9.090473e-01 1.070240e+00 1.280246e+00 3.096250e-02 -5.656964e-05 -1.887609e-05 5.799658e-05 -5.851261e-05
11447.823525 9.085151e-01 1.070630e+00 1.284096e+00 3.132221e-02 -6.215962e-05 -2.424037e-05 6.141895e-05 -6.044915e-05
11452.823525 9.045636e-01 1.067087e+00 1.282641e+00 3.101298e-02 -5.869364e-05 -2.961662e-05 6.101068e-05 -6.266692e-05
11457.823525 9.030381e-01 1.066394e+00 1.285012e+00 3.095622e-02 -6.042139e-05 -3.491135e-05 6.311128e-05 -6.047662e-05
11462.823525 9.028355e-01 1.066929e+00 1.288969e+00 3.123136e-02 -5.857312e-05 -3.664831e-05 5.704905e-05 -6.136741e-05
11467.823525 9.010516e-01 1.065850e+00 1.290616e+00 3.107587e-02 -5.575632e-05 -4.310324e-05 4.704958e-05 -6.933743e-05
11472.823525 9.020686e-01 1.068014e+00 1.296347e+00 3.097581e-02 -5.324239e-05 -4.081517e-05 4.776437e-05 -7.013563e-05
11477.823525 9.000068e-01 1.066455e+00 1.297112e+00 3.101971e-02 -4.776411e-05 -2.938685e-05 6.540970e-05 -6.955202e-05
11482.823525 8.979645e-01 1.065046e+00 1.298157e+00 3.115244e-02 -5.717700e-05 -2.667006e-05 7.006502e-05 -6.762750e-05
11487.823525 8.863271e-01 1.052698e+00 1.284976e+00 3.047760e-02 -5.417605e-05 -3.099172e-05 6.240534e-05 -7.301155e-05
11492.823525 8.891058e-01 1.056818e+00 1.292453e+00 3.071762e-02 -6.105369e-05 -3.398276e-05 5.452707e-05 -7.088138e-05
11497.823525 8.986163e-01 1.068638e+00 1.309521e+00 3.110370e-02 -6.582927e-05 -3.759536e-05 5.226992e-05 -7.235201e-05
11502.823525 8.964906e-01 1.066934e+00 1.309329e+00 3.110685e-02 -6.448875e-05 -3.568301e-05 5.713018e-05 -7.356695e-05
11507.823525 8.947943e-01 1.066049e+00 1.309476e+00 3.121127e-02 -7.303262e-05 -4.891503e-05 6.463247e-05 -6.508642e-05
11512.823525 8.952001e-01 1.067349e+00 1.312105e+00 3.126282e-02 -7.224066e-05 -4.946175e-05 6.220080e-05 -6.672628e-05
11517.823525 8.955262e-01 1.068654e+00 1.313713e+00 3.104360e-02 -6.667528e-05 -4.187362e-05 5.655392e-05 -6.894249e-05
11522.823525 8.940778e-01 1.067871e+00 1.311616e+00 3.114922e-02 -6.055892e-05 -4.050907e-05 6.012422e-05 -7.294906e-05
11527.823525 8.938506e-01 1.068528e+00 1.309477e+00 3.124880e-02 -6.411042e-05 -4.437346e-05 7.337155e-05 -6.792190e-05
11532.823525 8.901570e-01 1.065208e+00 1.299890e+00 3.116727e-02 -5.734123e-05 -4.695234e-05 8.295078e-05 -7.101776e-05
11534.000000 8.922839e-01 1.067792e+00 1.301398e+00 3.163078e-02 -5.622531e-05 -3.887216e-05 7.792130e-05 -6.878715e-05
11535.000000 8.923814e-01 1.068281e+00 1.300827e+00 3.114469e-02 -6.307597e-05 -4.779608e-05 6.828808e-05 -7.761497e-05
11536.000000 8.896121e-01 1.065102e+00 1.294729e+00 3.097988e-02 -6.844802e-05 -5.147729e-05 6.715085e-05 -9.284604e-05
11537.000000 8.897286e-01 1.065651e+00 1.293159e+00 3.107894e-02 -6.833142e-05 -4.317383e-05 6.612567e-05 -7.909671e-05
11538.000000 8.909469e-01 1.067117e+00 1.292696e+00 3.136582e-02 -6.861874e-05 -4.159780e-05 6.711286e-05 -7.650571e-05
11539.000000 8.904968e-01 1.066675e+00 1.289289e+00 3.097473e-02 -8.087222e-05 -4.401645e-05 6.834141e-05 -6.522594e-05
11540.000000 8.878250e-01 1.064061e+00 1.282727e+00 3.162180e-02 -7.757759e-05 -3.854443e-05 6.394252e-05 -6.675356e-05
11541.000000 8.826837e-01 1.058200e+00 1.272173e+00 3.076717e-02 -6.838600e-05 -3.755754e-05 6.605449e-05 -7.040917e-05
11541.200000 9.001471e-01 1.078927e+00 1.296810e+00 3.223373e-02 -6.355755e-05 -3.873847e-05 7.164139e-05 -7.639036e-05
11541.400000 8.936205e-01 1.071546e+00 1.286754e+00 2.948438e-02 -6.328023e-05 -4.645651e-05 5.426663e-05 -7.522118e-05
11541.600000 8.864767e-01 1.063099e+00 1.275529e+00 3.058429e-02 -6.333012e-05 -5.052505e-05 4.984622e-05 -7.479162e-05
11541.800000 8.789165e-01 1.053320e+00 1.263816e+00 3.149631e-02 -6.065929e-05 -4.495245e-05 4.359898e-05 -7.220344e-05
11542.000000 8.925942e-01 1.069886e+00 1.282445e+00 3.082143e-02 -6.806711e-05 -4.393670e-05 6.526410e-05 -6.552830e-05
11542.200000 9.013003e-01 1.080070e+00 1.293822e+00 3.102631e-02 -5.930282e-05 -4.424182e-05 6.008359e-05 -5.698637e-05
11542.400000 8.916583e-01 1.068319e+00 1.279843e+00 3.125814e-02 -5.950559e-05 -4.826436e-05 4.357259e-05 -5.980920e-05
11542.600000 9.035598e-01 1.083067e+00 1.296394e+00 3.253701e-02 -5.960207e-05 -5.290117e-05 5.861529e-05 -5.923377e-05
11542.800000 8.849051e-01 1.060800e+00 1.268924e+00 3.200110e-02 -6.548157e-05 -4.197762e-05 6.484967e-05 -5.629949e-05
11543.000000 9.059526e-01 1.085875e+00 1.298035e+00 3.222878e-02 -6.098140e-05 -4.526067e-05 5.037023e-05 -6.280903e-05
11543.200000 8.960552e-01 1.074417e+00 1.282171e+00 2.935302e-02 -7.069786e-05 -4.038049e-05 4.661009e-05 -5.558511e-05
11543.400000 8.907767e-01 1.067871e+00 1.273690e+00 3.050307e-02 -6.701470e-05 -4.637525e-05 3.395552e-05 -5.563599e-05
11543.600000 8.874724e-01 1.064094e+00 1.268693e+00 2.959185e-02 -6.613208e-05 -4.086067e-05 3.528457e-05 -5.580164e-05
11543.800000 8.929112e-01 1.071248e+00 1.275546e+00 3.272641e-02 -6.254420e-05 -4.477955e-05 4.328819e-05 -5.854105e-05
11544.000000 8.705555e-01 1.043830e+00 1.242514e+00 3.182066e-02 -5.703456e-05 -4.892209e-05 5.228366e-05 -6.228150e-05
11544.200000 8.955092e-01 1.073583e+00 1.275993e+00 3.002979e-02 -7.188728e-05 -4.387345e-05 4.743691e-05 -6.669068e-05
11544.400000 8.861781e-01 1.061987e+00 1.262550e+00 3.137565e-02 -7.804770e-05 -4.583054e-05 4.922093e-05 -6.352216e-05
11544.600000 8.892125e-01 1.066407e+00 1.265793e+00 3.221652e-02 -6.767114e-05 -5.045318e-05 5.641319e-05 -7.901791e-05
11544.800000 8.941475e-01 1.072135e+00 1.271683e+00 3.071420e-02 -7.191351e-05 -5.082575e-05 5.361789e-05 -7.659620e-05
11545.000000 8.911456e-01 1.068137e+00 1.265556e+00 2.897761e-02 -6.729522e-05 -4.647150e-05 6.086846e-05 -6.727009e-05
11545.200000 8.834371e-01 1.059598e+00 1.253712e+00 3.195397e-02 -6.645917e-05 -5.028453e-05 5.170575e-05 -7.614229e-05
11545.400000 9.027650e-01 1.082398e+00 1.279973e+00 3.216142e-02 -6.531996e-05 -3.934750e-05 5.899792e-05 -7.290619e-05
11545.600000 8.933267e-01 1.071339e+00 1.266981e+00 3.133434e-02 -6.283139e-05 -3.353589e-05 5.004210e-05 -7.229742e-05
11545.800000 8.882234e-01 1.065691e+00 1.258318e+00 2.922407e-02 -6.364260e-05 -3.552486e-05 7.790723e-05 -5.919210e-05
11546.000000 8.829894e-01 1.059374e+00 1.248640e+00 3.077496e-02 -6.214031e-05 -3.900212e-05 9.149503e-05 -5.618592e-05
11546.200000 8.928342e-01 1.071045e+00 1.260627e+00 3.408313e-02 -6.288815e-05 -4.286785e-05 6.464641e-05 -6.987946e-05
11546.400000 8.807099e-01 1.057151e+00 1.241924e+00 3.112282e-02 -7.917714e-05 -4.403827e-05 7.637982e-05 -6.489379e-05
11546.600000 8.883058e-01 1.066068e+00 1.251700e+00 3.013764e-02 -7.444977e-05 -4.523584e-05 7.135258e-05 -6.330134e-05
11546.800000 8.883536e-01 1.066103e+00 1.250674e+00 3.150487e-02 -6.512096e-05 -4.999839e-05 7.196900e-05 -5.885281e-05
11547.000000 8.792263e-01 1.055468e+00 1.236937e+00 3.012578e-02 -5.904173e-05 -5.013034e-05 6.271733e-05 -7.725153e-05
11547.200000 8.975798e-01 1.076406e+00 1.260340e+00 3.178980e-02 -5.699275e-05 -4.287627e-05 7.262177e-05 -7.140084e-05
11547.400000 9.013832e-01 1.081412e+00 1.264743e+00 3.208572e-02 -5.533752e-05 -3.531273e-05 8.633422e-05 -6.888414e-05
11547.600000 8.883159e-01 1.065612e+00 1.244392e+00 3.320831e-02 -5.924015e-05 -2.938454e-05 9.175772e-05 -6.549848e-05
11547.800000 8.897834e-01 1.067586e+00 1.244449e+00 3.138899e-02 -5.291753e-05 -3.123650e-05 8.316836e-05 -6.643010e-05
11548.000000 8.873449e-01 1.065180e+00 1.239236e+00 3.077318e-02 -6.146537e-05 -3.584657e-05 7.892754e-05 -6.658232e-05
11548.200000 8.797288e-01 1.056322e+00 1.226652e+00 3.036725e-02 -6.629594e-05 -3.695362e-05 8.103899e-05 -5.444433e-05
11548.400000 8.953695e-01 1.074168e+00 1.247204e+00 3.080492e-02 -6.505645e-05 -4.362279e-05 7.477633e-05 -5.410904e-05
11548.600000 8.940872e-01 1.072649e+00 1.243659e+00 3.028775e-02 -6.281564e-05 -2.696254e-05 7.159849e-05 -6.019546e-05
11548.800000 8.920941e-01 1.070621e+00 1.239231e+00 3.203877e-02 -6.523458e-05 -2.270042e-05 7.094193e-05 -5.705210e-05
11549.000000 8.842301e-01 1.061193e+00 1.225588e+00 3.117682e-02 -5.673573e-05 -3.186422e-05 7.541357e-05 -6.470628e-05
11549.200000 8.916536e-01 1.069876e+00 1.234451e+00 3.071762e-02 -7.274993e-05 -1.927940e-05 6.258335e-05 -7.145709e-05
11549.400000 8.794842e-01 1.055509e+00 1.214344e+00 3.204224e-02 -7.662475e-05 -2.576504e-05 7.345650e-05 -5.951554e-05
11549.600000 8.960446e-01 1.075708e+00 1.235016e+00 3.112310e-02 -7.835544e-05 -3.530531e-05 8.241467e-05 -6.696387e-05
11549.800000 8.889177e-01 1.066651e+00 1.223364e+00 3.135366e-02 -6.818120e-05 -3.602456e-05 7.841900e-05 -6.955068e-05
11550.000000 8.981542e-01 1.077958e+00 1.233303e+00 3.211873e-02 -5.764714e-05 -4.406277e-05 7.662591e-05 -7.343247e-05
11550.200000 8.749163e-01 1.050739e+00 1.199774e+00 3.037299e-02 -5.435614e-05 -4.457612e-05 7.753446e-05 -8.533264e-05
11550.400000 8.858340e-01 1.064100e+00 1.211705e+00 3.023909e-02 -7.253426e-05 -5.269310e-05 7.627444e-05 -7.014792e-05
11550.600000 8.824537e-01 1.059804e+00 1.203844e+00 3.051515e-02 -7.739116e-05 -4.735529e-05 8.176463e-05 -6.316638e-05
11550.800000 8.909362e-01 1.069272e+00 1.212638e+00 3.133997e-02 -7.330200e-05 -3.742677e-05 7.098652e-05 -7.839584e-05
11551.000000 8.809339e-01 1.057608e+00 1.196904e+00 3.128808e-02 -7.408091e-05 -3.895131e-05 6.913667e-05 -6.230308e-05
11551.200000 8.962790e-01 1.076216e+00 1.215814e+00 3.318172e-02 -7.107763e-05 -3.821739e-05 4.674222e-05 -7.655458e-05
11551.400000 8.880187e-01 1.066394e+00 1.201335e+00 3.007737e-02 -6.729477e-05 -4.414386e-05 6.174444e-05 -6.678001e-05
11551.600000 8.898548e-01 1.068703e+00 1.200320e+00 2.921123e-02 -6.863055e-05 -3.410125e-05 6.684251e-05 -6.816156e-05
11551.800000 8.652656e-01 1.039528e+00 1.163509e+00 3.154987e-02 -6.300997e-05 -2.709593e-05 6.840999e-05 -7.089863e-05
11552.000000 8.897913e-01 1.068552e+00 1.193017e+00 3.105914e-02 -6.436625e-05 -1.852148e-05 6.876129e-05 -7.031071e-05
11552.200000 8.934950e-01 1.072992e+00 1.194891e+00 3.212675e-02 -5.981852e-05 -2.771659e-05 7.672992e-05 -5.914404e-05
11552.400000 9.040169e-01 1.085485e+00 1.206002e+00 3.116869e-02 -6.317333e-05 -4.259995e-05 6.377691e-05 -6.782635e-05
11552.600000 8.896266e-01 1.068410e+00 1.182617e+00 3.144984e-02 -5.709798e-05 -3.658235e-05 5.932175e-05 -6.899046e-05
11552.800000 8.911568e-01 1.070828e+00 1.180758e+00 3.050506e-02 -6.495394e-05 -3.804437e-05 5.854013e-05 -5.930017e-05
11553.000000 8.817679e-01 1.059518e+00 1.164379e+00 3.085685e-02 -7.024745e-05 -3.224110e-05 6.628958e-05 -5.597965e-05
11553.200000 8.891892e-01 1.068209e+00 1.169466e+00 3.109646e-02 -6.158559e-05 -3.988383e-05 7.513380e-05 -5.180399e-05
11553.400000 8.874035e-01 1.065932e+00 1.162472e+00 3.322925e-02 -6.195376e-05 -4.710360e-05 6.674471e-05 -5.836443e-05
11553.600000 8.911982e-01 1.070177e+00 1.163410e+00 3.209480e-02 -6.303271e-05 -3.791308e-05 6.669105e-05 -5.750407e-05
11553.800000 8.945055e-01 1.074320e+00 1.162724e+00 3.070348e-02 -6.596708e-05 -3.860347e-05 7.481925e-05 -6.433651e-05
11554.000000 8.824110e-01 1.060156e+00 1.142154e+00 3.003011e-02 -6.922615e-05 -4.411258e-05 8.721222e-05 -5.867165e-05
11554.200000 8.839969e-01 1.062322e+00 1.139073e+00 3.201979e-02 -6.819520e-05 -3.514154e-05 8.307258e-05 -5.121687e-05
11554.400000 8.848434e-01 1.062937e+00 1.135345e+00 3.129867e-02 -6.688697e-05 -4.728741e-05 9.095180e-05 -5.432569e-05
11554.600000 8.992893e-01 1.079989e+00 1.148340e+00 3.115583e-02 -7.238676e-05 -3.969971e-05 9.063366e-05 -6.357862e-05
11554.800000 8.886180e-01 1.068114e+00 1.129157e+00 3.190008e-02 -6.772967e-05 -4.212010e-05 8.833825e-05 -6.982529e-05
11555.000000 8.906198e-01 1.070289e+00 1.125573e+00 3.120719e-02 -6.307771e-05 -3.638211e-05 8.792308e-05 -4.750170e-05
11555.200000 8.856074e-01 1.064338e+00 1.112260e+00 3.115453e-02 -6.417410e-05 -3.166133e-05 8.332607e-05 -5.105936e-05
11555.400000 8.816272e-01 1.059362e+00 1.100124e+00 3.095854e-02 -6.094512e-05 -3.133786e-05 8.789909e-05 -6.075415e-05
11555.600000 8.720982e-01 1.047992e+00 1.081080e+00 2.970837e-02 -6.796053e-05 -2.898738e-05 8.279883e-05 -5.706499e-05
11555.800000 8.817094e-01 1.059690e+00 1.086876e+00 3.013304e-02 -6.724566e-05 -3.352817e-05 5.799356e-05 -5.365370e-05
11556.000000 8.953918e-01 1.075951e+00 1.097385e+00 3.107412e-02 -7.142198e-05 -4.022275e-05 7.172941e-05 -5.002320e-05
11556.200000 8.913673e-01 1.071188e+00 1.083557e+00 3.169721e-02 -7.209569e-05 -4.451679e-05 7.470815e-05 -4.250709e-05
11556.400000 8.883634e-01 1.067209e+00 1.071376e+00 3.088651e-02 -7.544990e-05 -3.805539e-05 7.833736e-05 -3.904233e-05
11556.600000 8.918379e-01 1.071891e+00 1.067481e+00 3.165630e-02 -7.301348e-05 -4.547857e-05 7.755755e-05 -6.053857e-05
11556.800000 8.645021e-01 1.039485e+00 1.025331e+00 3.042885e-02 -6.348561e-05 -4.197490e-05 6.221806e-05 -6.187185e-05
11557.000000 8.936621e-01 1.073832e+00 1.050743e+00 3.123481e-02 -6.946402e-05 -4.252433e-05 4.162899e-05 -8.111679e-05
11557.200000 8.791816e-01 1.056363e+00 1.023143e+00 3.058347e-02 -7.123411e-05 -4.873636e-05 6.352707e-05 -7.019822e-05
11557.400000 8.943433e-01 1.074613e+00 1.031785e+00 3.100112e-02 -6.349142e-05 -4.541514e-05 6.108959e-05 -6.524220e-05
11557.600000 8.788741e-01 1.056810e+00 1.002915e+00 2.962676e-02 -6.503992e-05 -4.914542e-05 4.831375e-05 -6.594784e-05
11557.800000 8.841074e-01 1.062299e+00 9.960389e-01 3.200342e-02 -6.761788e-05 -5.257528e-05 4.693832e-05 -7.456497e-05
11558.000000 8.827218e-01 1.060843e+00 9.831093e-01 3.146182e-02 -7.692091e-05 -5.098357e-05 5.130391e-05 -6.995715e-05
11558.200000 8.961025e-01 1.076947e+00 9.864538e-01 3.174527e-02 -6.758930e-05 -5.207958e-05 5.465948e-05 -8.352187e-05
11558.400000 8.868689e-01 1.066343e+00 9.630083e-01 3.084844e-02 -6.309550e-05 -4.343041e-05 6.635068e-05 -7.152254e-05
11558.600000 8.790496e-01 1.057219e+00 9.403498e-01 3.005390e-02 -7.388746e-05 -4.449605e-05 5.468026e-05 -7.427019e-05
11558.800000 8.997191e-01 1.081360e+00 9.473088e-01 3.325709e-02 -7.184741e-05 -4.958345e-05 5.827063e-05 -6.439959e-05
11559.000000 8.769276e-01 1.054505e+00 9.066331e-01 2.968308e-02 -6.078561e-05 -4.527307e-05 5.691477e-05 -7.046984e-05
11559.200000 8.958057e-01 1.077009e+00 9.112134e-01 3.199771e-02 -5.376428e-05 -4.324661e-05 6.006709e-05 -8.067794e-05
11559.400000 8.835062e-01 1.062338e+00 8.799097e-01 3.047045e-02 -4.499892e-05 -4.137331e-05 6.038471e-05 -6.499253e-05
11559.600000 8.909381e-01 1.071262e+00 8.693381e-01 3.200404e-02 -5.885277e-05 -4.381728e-05 5.232098e-05 -7.688217e-05
11559.800000 8.704098e-01 1.047197e+00 8.291826e-01 3.118192e-02 -5.313518e-05 -3.746677e-05 5.744341e-05 -7.361164e-05
11560.000000 8.963466e-01 1.077308e+00 8.365163e-01 3.121551e-02 -4.530637e-05 -3.417957e-05 6.485543e-05 -5.112364e-05
11560.200000 8.916918e-01 1.072100e+00 8.093508e-01 3.100198e-02 -4.906447e-05 -4.398915e-05 5.527931e-05 -4.951714e-05
11560.400000 8.827460e-01 1.061903e+00 7.781235e-01 3.032086e-02 -5.143484e-05 -3.659199e-05 5.498239e-05 -6.366963e-05
11560.600000 8.763110e-01 1.053947e+00 7.481847e-01 3.047155e-02 -6.574897e-05 -3.575706e-05 5.428295e-05 -7.133629e-05
11560.800000 8.944651e-01 1.075221e+00 7.415221e-01 3.175066e-02 -7.273104e-05 -3.417318e-05 7.301177e-05 -7.153718e-05
11561.000000 8.874768e-01 1.067276e+00 7.097556e-01 2.979293e-02 -7.360005e-05 -3.314485e-05 7.127668e-05 -7.000823e-05
11561.200000 8.899417e-01 1.070212e+00 6.848151e-01 3.328308e-02 -7.200416e-05 -3.584278e-05 7.900699e-05 -6.347833e-05
11561.400000 8.813724e-01 1.060535e+00 6.498649e-01 3.076962e-02 -6.081896e-05 -4.508037e-05 6.723777e-05 -6.713411e-05
11561.600000 8.895110e-01 1.070453e+00 6.271170e-01 3.169838e-02 -7.278238e-05 -4.415549e-05 7.623055e-05 -7.570779e-05
11561.800000 8.787494e-01 1.057341e+00 5.886513e-01 3.112334e-02 -7.328512e-05 -3.030540e-05 6.725464e-05 -6.952429e-05
11562.000000 8.885794e-01 1.068799e+00 5.690574e-01 3.098664e-02 -6.135510e-05 -3.484285e-05 5.264767e-05 -6.809959e-05
11562.200000 8.811320e-01 1.060570e+00 5.318119e-01 3.062625e-02 -6.305443e-05 -3.636103e-05 4.665546e-05 -7.256096e-05
11562.400000 8.834319e-01 1.062885e+00 5.021138e-01 3.096524e-02 -5.969749e-05 -3.626279e-05 6.616101e-05 -6.998766e-05
11562.600000 8.884172e-01 1.068741e+00 4.751106e-01 3.155107e-02 -6.297418e-05 -3.295666e-05 5.569444e-05 -7.269594e-05
11562.800000 8.891640e-01 1.069856e+00 4.438836e-01 3.232462e-02 -6.459202e-05 -2.757018e-05 6.299767e-05 -6.328631e-05
11563.000000 8.891689e-01 1.070274e+00 4.124562e-01 3.145453e-02 -6.394218e-05 -3.148396e-05 4.859666e-05 -6.355089e-05
11563.200000 8.805663e-01 1.059879e+00 3.770140e-01 3.089696e-02 -5.451954e-05 -3.665852e-05 4.914445e-05 -7.168604e-05
11563.400000 8.976883e-01 1.079885e+00 3.570622e-01 3.203708e-02 -5.164657e-05 -3.682454e-05 5.791883e-05 -7.839330e-05
11563.600000 8.979598e-01 1.080486e+00 3.306657e-01 3.106594e-02 -6.188277e-05 -4.248673e-05 6.433841e-05 -8.487320e-05
11563.800000 8.809885e-01 1.060915e+00 2.966335e-01 3.197130e-02 -5.436364e-05 -4.626462e-05 7.129485e-05 -8.668378e-05
11564.000000 8.828252e-01 1.062772e+00 2.724548e-01 3.042986e-02 -5.545676e-05 -4.447055e-05 7.404410e-05 -7.883503e-05
11564.200000 8.977427e-01 1.078862e+00 2.575251e-01 3.207329e-02 -5.606324e-05 -4.148729e-05 6.938632e-05 -7.917588e-05
11564.400000 8.934963e-01 1.074786e+00 2.338764e-01 3.110729e-02 -6.440301e-05 -5.023244e-05 5.874908e-05 -9.414979e-05
11564.600000 8.882355e-01 1.069023e+00 2.128611e-01 3.206228e-02 -5.596752e-05 -5.421029e-05 5.518999e-05 -9.148875e-05
11564.800000 8.905151e-01 1.071642e+00 1.970968e-01 3.126191e-02 -4.423311e-05 -4.818413e-05 6.280702e-05 -7.820449e-05
11565.000000 8.884846e-01 1.069451e+00 1.827016e-01 3.088763e-02 -5.092486e-05 -5.872464e-05 6.011500e-05 -5.909952e-05
11565.200000 8.916510e-01 1.073241e+00 1.714855e-01 3.101223e-02 -5.055834e-05 -5.877245e-05 4.635444e-05 -5.793585e-05
11565.400000 8.872828e-01 1.067960e+00 1.609713e-01 3.115391e-02 -5.308577e-05 -3.866229e-05 5.769549e-05 -6.315613e-05
11565.600000 8.857891e-01 1.066298e+00 1.526468e-01 3.176548e-02 -4.912060e-05 -3.804053e-05 5.078365e-05 -5.615516e-05
11565.800000 8.933337e-01 1.075440e+00 1.471934e-01 3.156268e-02 -6.234365e-05 -3.364278e-05 6.008027e-05 -6.097641e-05
11566.000000 8.812644e-01 1.060992e+00 1.402646e-01 3.070254e-02 -6.061138e-05 -4.061186e-05 6.173419e-05 -6.801210e-05
11566.200000 8.851511e-01 1.065712e+00 1.373957e-01 3.099733e-02 -5.515457e-05 -4.149045e-05 6.865371e-05 -6.201375e-05
11566.400000 8.900264e-01 1.071331e+00 1.361339e-01 3.140784e-02 -4.956375e-05 -2.779890e-05 5.296431e-05 -7.188024e-05
11566.600000 8.882177e-01 1.069716e+00 1.349370e-01 3.212756e-02 -5.009031e-05 -3.225093e-05 5.467477e-05 -7.511299e-05
11566.800000 8.863165e-01 1.067025e+00 1.347680e-01 3.051749e-02 -4.669838e-05 -3.825488e-05 7.260392e-05 -6.134746e-05
11567.000000 8.919442e-01 1.073997e+00 1.363917e-01 3.165121e-02 -5.343747e-05 -3.553236e-05 5.522743e-05 -6.272174e-05
11567.200000 8.870897e-01 1.068060e+00 1.371458e-01 3.150649e-02 -6.139409e-05 -2.999410e-05 4.837376e-05 -6.375812e-05
11567.400000 8.854116e-01 1.066019e+00 1.392090e-01 3.099490e-02 -5.789924e-05 -3.233529e-05 4.976193e-05 -5.476219e-05
11567.600000 8.828467e-01 1.063215e+00 1.413035e-01 3.100258e-02 -5.972772e-05 -3.945547e-05 5.900266e-05 -4.713662e-05
11567.800000 8.913243e-01 1.073289e+00 1.457813e-01 3.185952e-02 -5.807392e-05 -4.353415e-05 5.287905e-05 -6.012290e-05
11568.000000 8.920806e-01 1.074252e+00 1.493512e-01 3.053925e-02 -5.501874e-05 -3.724262e-05 5.172378e-05 -6.316817e-05
11568.200000 8.915216e-01 1.074089e+00 1.531306e-01 3.207258e-02 -5.765992e-05 -4.066369e-05 5.414116e-05 -6.953943e-05
11568.400000 8.862227e-01 1.067562e+00 1.559086e-01 3.145549e-02 -6.133744e-05 -3.586111e-05 5.697452e-05 -7.081879e-05
11568.600000 8.912493e-01 1.073884e+00 1.606164e-01 3.102031e-02 -5.476198e-05 -2.874692e-05 5.670485e-05 -6.955349e-05
11568.800000 8.892212e-01 1.071213e+00 1.644168e-01 3.149169e-02 -4.307976e-05 -2.470141e-05 6.311323e-05 -7.569661e-05
11569.000000 8.884742e-01 1.070554e+00 1.684557e-01 3.004529e-02 -4.663631e-05 -2.708284e-05 7.082595e-05 -7.657605e-05
11569.200000 8.894544e-01 1.071365e+00 1.723447e-01 3.111597e-02 -3.293105e-05 -3.826030e-05 6.684417e-05 -7.791125e-05
11569.400000 8.894563e-01 1.071226e+00 1.762462e-01 3.144834e-02 -5.038408e-05 -2.986712e-05 6.313135e-05 -7.207433e-05
11569.600000 8.872267e-01 1.068431e+00 1.794621e-01 3.150944e-02 -5.449909e-05 -1.823290e-05 6.334383e-05 -6.999809e-05
11569.800000 8.907585e-01 1.073258e+00 1.840254e-01 3.150630e-02 -5.218999e-05 -1.929284e-05 7.013228e-05 -7.608063e-05
11570.000000 8.891302e-01 1.071268e+00 1.871428e-01 3.156496e-02 -5.563107e-05 -3.964686e-05 6.277462e-05 -6.919675e-05
11570.200000 8.890137e-01 1.071303e+00 1.903160e-01 3.105715e-02 -6.340325e-05 -3.939685e-05 5.758372e-05 -7.320386e-05
11570.400000 8.890867e-01 1.070919e+00 1.935637e-01 3.147224e-02 -5.850483e-05 -3.171117e-05 5.716810e-05 -7.510473e-05
11570.600000 8.919201e-01 1.074650e+00 1.973194e-01 3.150568e-02 -4.916805e-05 -2.872029e-05 6.003341e-05 -7.302838e-05
11570.800000 8.896258e-01 1.072149e+00 1.997887e-01 3.126518e-02 -4.641299e-05 -2.889382e-05 5.762732e-05 -7.307255e-05
11571.000000 8.890271e-01 1.071311e+00 2.025792e-01 3.065086e-02 -4.725822e-05 -3.891262e-05 5.961693e-05 -8.411064e-05
11571.200000 8.899545e-01 1.072267e+00 2.053644e-01 3.103701e-02 -3.726163e-05 -3.069113e-05 5.536790e-05 -7.698457e-05
11571.400000 8.927427e-01 1.075670e+00 2.087348e-01 3.127786e-02 -3.717718e-05 -3.656047e-05 6.096176e-05 -7.754478e-05
11571.600000 8.896182e-01 1.071862e+00 2.106093e-01 3.144930e-02 -5.081528e-05 -3.251370e-05 5.288729e-05 -8.125996e-05
11571.800000 8.893858e-01 1.071724e+00 2.129734e-01 3.081282e-02 -5.308463e-05 -3.336267e-05 4.725578e-05 -8.935468e-05
11572.000000 8.898307e-01 1.072282e+00 2.153418e-01 3.153542e-02 -5.883904e-05 -4.082250e-05 4.852261e-05 -1.046219e-04
11572.200000 8.871202e-01 1.069286e+00 2.170106e-01 3.131715e-02 -6.656485e-05 -3.487995e-05 4.340169e-05 -8.476740e-05
11572.400000 8.887743e-01 1.071318e+00 2.195815e-01 3.132234e-02 -6.273249e-05 -3.729636e-05 4.933072e-05 -8.579835e-05
11572.600000 8.887121e-01 1.071301e+00 2.217051e-01 3.084831e-02 -6.005666e-05 -4.003026e-05 5.921524e-05 -8.801611e-05
11572.800000 8.890381e-01 1.071672e+00 2.238371e-01 3.162444e-02 -6.278930e-05 -4.017839e-05 5.927462e-05 -9.418426e-05
11573.000000 8.879476e-01 1.070351e+00 2.255897e-01 3.117966e-02 -6.904089e-05 -3.939645e-05 6.626517e-05 -9.356054e-05
11573.200000 8.873294e-01 1.069444e+00 2.272250e-01 3.090925e-02 -6.905718e-05 -4.007088e-05 6.810413e-05 -8.657846e-05
11573.400000 8.862299e-01 1.068482e+00 2.287608e-01 3.115765e-02 -6.768970e-05 -4.016658e-05 6.438459e-05 -8.585863e-05
11573.600000 8.863723e-01 1.068647e+00 2.305118e-01 3.139296e-02 -6.244754e-05 -4.783033e-05 6.530708e-05 -8.527600e-05
11573.800000 8.861101e-01 1.068144e+00 2.319130e-01 3.140280e-02 -6.849718e-05 -5.557165e-05 5.848430e-05 -9.368795e-05
11574.000000 8.856976e-01 1.067771e+00 2.332607e-01 3.120797e-02 -6.608666e-05 -5.986192e-05 5.251319e-05 -8.151966e-05
11574.200000 8.854745e-01 1.067708e+00 2.346014e-01 3.174430e-02 -6.823725e-05 -5.177554e-05 5.373239e-05 -8.937177e-05
11574.400000 8.880661e-01 1.070857e+00 2.364176e-01 3.185193e-02 -5.588510e-05 -5.112554e-05 4.283192e-05 -8.499378e-05
11574.600000 8.888645e-01 1.071519e+00 2.375838e-01 3.133394e-02 -5.673798e-05 -5.454245e-05 4.064927e-05 -8.755346e-05
11574.800000 8.905100e-01 1.073635e+00 2.387896e-01 3.140210e-02 -6.140946e-05 -4.827306e-05 3.908771e-05 -7.073749e-05
11575.000000 8.865691e-01 1.069250e+00 2.383531e-01 3.139181e-02 -6.452419e-05 -4.773892e-05 3.810443e-05 -6.989834e-05
11575.200000 8.907670e-01 1.073843e+00 2.399504e-01 3.208216e-02 -6.593121e-05 -5.799635e-05 3.677868e-05 -7.526911e-05
11575.400000 8.905860e-01 1.073750e+00 2.403749e-01 3.171101e-02 -7.111088e-05 -4.993619e-05 3.596399e-05 -8.449828e-05
11575.600000 8.880455e-01 1.070893e+00 2.397259e-01 3.099026e-02 -5.937724e-05 -4.304502e-05 4.589655e-05 -7.800102e-05
11575.800000 8.864601e-01 1.069183e+00 2.392950e-01 3.162422e-02 -4.848924e-05 -4.273141e-05 4.758386e-05 -7.957915e-05
11576.000000 8.903730e-01 1.073725e+00 2.402212e-01 3.236595e-02 -6.462114e-05 -4.501408e-05 4.585461e-05 -8.922714e-05
11576.200000 8.876772e-01 1.070458e+00 2.392701e-01 3.129975e-02 -7.043137e-05 -4.203162e-05 4.639223e-05 -9.813585e-05
11576.400000 8.919399e-01 1.075402e+00 2.397703e-01 3.109395e-02 -7.150971e-05 -4.362876e-05 5.394441e-05 -1.063246e-04
11576.600000 8.860622e-01 1.068630e+00 2.374805e-01 3.113785e-02 -6.719872e-05 -3.947118e-05 3.517039e-05 -1.027888e-04
11576.800000 8.876192e-01 1.070591e+00 2.373507e-01 3.145002e-02 -6.630968e-05 -4.644607e-05 3.146543e-05 -1.051366e-04
11577.000000 8.877037e-01 1.070726e+00 2.364462e-01 3.184754e-02 -7.016170e-05 -5.046263e-05 2.450585e-05 -1.031768e-04
11577.200000 8.864765e-01 1.069338e+00 2.351828e-01 3.116785e-02 -6.863285e-05 -4.527084e-05 2.475334e-05 -1.023363e-04
11577.400000 8.775546e-01 1.059101e+00 2.319092e-01 3.022110e-02 -6.839206e-05 -4.357425e-05 2.335100e-05 -1.003182e-04
11577.600000 8.841560e-01 1.066445e+00 2.323755e-01 3.190294e-02 -7.148237e-05 -4.629620e-05 2.739174e-05 -9.762801e-05
11577.800000 8.868694e-01 1.069740e+00 2.321428e-01 3.060052e-02 -7.322003e-05 -4.633038e-05 2.991992e-05 -9.627005e-05
11578.000000 8.905856e-01 1.074002e+00 2.317465e-01 3.064564e-02 -7.221120e-05 -4.923355e-05 1.979637e-05 -9.549878e-05
11578.200000 8.872233e-01 1.070570e+00 2.296258e-01 3.190113e-02 -7.227937e-05 -4.960818e-05 1.981541e-05 -9.620981e-05
11578.400000 8.853523e-01 1.067864e+00 2.279304e-01 3.085729e-02 -7.964768e-05 -3.851066e-05 2.712200e-05 -1.005667e-04
11578.600000 8.871812e-01 1.070234e+00 2.272187e-01 3.132764e-02 -7.738335e-05 -3.917060e-05 3.119217e-05 -8.992816e-05
11578.800000 8.858530e-01 1.068809e+00 2.260339e-01 3.099599e-02 -6.859989e-05 -3.414038e-05 3.301241e-05 -1.005612e-04
11579.000000 8.881416e-01 1.071131e+00 2.251495e-01 3.099025e-02 -6.609791e-05 -4.599006e-05 4.968975e-05 -1.004845e-04
11579.200000 8.870548e-01 1.070466e+00 2.240692e-01 3.157180e-02 -7.614393e-05 -4.409820e-05 5.009382e-05 -1.004260e-04
11579.400000 8.814997e-01 1.063909e+00 2.218437e-01 3.106119e-02 -8.028150e-05 -5.994559e-05 3.320611e-05 -1.010073e-04
11579.600000 8.836351e-01 1.065982e+00 2.216231e-01 3.098847e-02 -8.278937e-05 -6.244037e-05 2.603835e-05 -9.459839e-05
11579.800000 8.857465e-01 1.068785e+00 2.215077e-01 3.080807e-02 -7.852596e-05 -5.568871e-05 3.394158e-05 -9.281267e-05
11580.000000 8.892787e-01 1.072741e+00 2.219004e-01 3.138984e-02 -7.938462e-05 -4.719348e-05 2.725483e-05 -8.674652e-05
11580.200000 8.892390e-01 1.072800e+00 2.215791e-01 3.176060e-02 -8.745455e-05 -4.653359e-05 2.534400e-05 -8.901075e-05
11580.400000 8.822440e-01 1.065164e+00 2.197337e-01 3.110648e-02 -8.875623e-05 -5.447613e-05 2.661152e-05 -8.557311e-05
11580.600000 8.853312e-01 1.068393e+00 2.204742e-01 3.093531e-02 -7.851416e-05 -4.382079e-05 2.360536e-05 -9.843887e-05
11580.800000 8.876608e-01 1.071016e+00 2.209179e-01 3.171064e-02 -8.363616e-05 -4.403329e-05 3.153047e-05 -9.564699e-05
11581.000000 8.784332e-01 1.060166e+00 2.190792e-01 3.050448e-02 -9.032814e-05 -4.127655e-05 3.243259e-05 -9.375889e-05
11581.200000 8.869650e-01 1.070580e+00 2.218205e-01 3.148390e-02 -8.854881e-05 -4.971285e-05 2.278142e-05 -8.781513e-05
11581.400000 8.870201e-01 1.070843e+00 2.223019e-01 3.063275e-02 -8.296984e-05 -4.566856e-05 3.859574e-05 -8.396766e-05
11581.600000 8.864136e-01 1.070418e+00 2.229190e-01 3.148907e-02 -8.194250e-05 -4.887585e-05 3.317656e-05 -1.007332e-04
11581.800000 8.825135e-01 1.065724e+00 2.231853e-01 3.163487e-02 -8.650601e-05 -6.180564e-05 2.471157e-05 -9.329944e-05
11582.000000 8.859848e-01 1.069461e+00 2.250667e-01 3.127779e-02 -8.539487e-05 -5.802827e-05 3.051115e-05 -8.747876e-05
11582.200000 8.911934e-01 1.075911e+00 2.277091e-01 3.220631e-02 -8.503280e-05 -6.328245e-05 3.873657e-05 -8.882014e-05
11582.400000 8.857463e-01 1.069606e+00 2.275697e-01 3.104347e-02 -7.754306e-05 -6.423258e-05 4.403289e-05 -8.935610e-05
11582.600000 8.784280e-01 1.060868e+00 2.272145e-01 3.201032e-02 -8.177144e-05 -6.695763e-05 4.957936e-05 -9.452083e-05
11582.800000 8.761446e-01 1.058110e+00 2.280037e-01 2.982342e-02 -7.239855e-05 -5.898577e-05 5.429501e-05 -8.625694e-05
11583.000000 8.828167e-01 1.065934e+00 2.309768e-01 3.045537e-02 -7.248509e-05 -5.413838e-05 4.523732e-05 -7.969419e-05
11583.200000 8.775787e-01 1.060501e+00 2.316081e-01 3.109542e-02 -7.677631e-05 -6.180104e-05 4.387076e-05 -8.957853e-05
11583.400000 8.835223e-01 1.067280e+00 2.343280e-01 3.156592e-02 -7.355082e-05 -7.180277e-05 4.447350e-05 -9.166638e-05
11583.600000 8.890763e-01 1.073728e+00 2.371415e-01 3.135569e-02 -6.903079e-05 -6.810406e-05 4.542359e-05 -1.075798e-04
11583.800000 8.878207e-01 1.072031e+00 2.380641e-01 3.152103e-02 -5.883169e-05 -6.377459e-05 3.579430e-05 -1.030866e-04
11584.000000 8.857141e-01 1.069633e+00 2.389551e-01 3.091697e-02 -7.637895e-05 -7.100832e-05 4.400878e-05 -9.909764e-05
11584.200000 8.875532e-01 1.071787e+00 2.405955e-01 3.035089e-02 -8.526464e-05 -6.222302e-05 5.159858e-05 -9.127495e-05
11584.400000 8.872490e-01 1.071382e+00 2.412277e-01 3.139355e-02 -8.464315e-05 -5.126652e-05 3.958632e-05 -8.764400e-05
11584.600000 8.761399e-01 1.058137e+00 2.391999e-01 3.101167e-02 -8.193723e-05 -5.301578e-05 5.776192e-05 -7.472194e-05
11584.800000 8.819847e-01 1.065523e+00 2.417105e-01 3.153714e-02 -8.162732e-05 -6.156255e-05 4.333493e-05 -9.092589e-05
11585.000000 8.897838e-01 1.074504e+00 2.443668e-01 3.073292e-02 -8.158966e-05 -5.161190e-05 4.022529e-05 -7.637359e-05
11585.200000 8.679675e-01 1.049054e+00 2.388493e-01 3.143634e-02 -8.238546e-05 -5.998827e-05 4.613947e-05 -8.175391e-05
11585.400000 8.740975e-01 1.055895e+00 2.410360e-01 3.059857e-02 -8.222381e-05 -5.833526e-05 5.229620e-05 -8.571932e-05
11585.600000 8.877297e-01 1.072548e+00 2.449893e-01 3.143427e-02 -8.283384e-05 -5.875584e-05 4.681875e-05 -9.636445e-05
11585.800000 8.848229e-01 1.069058e+00 2.443853e-01 3.193154e-02 -8.075297e-05 -5.562475e-05 4.625852e-05 -9.994515e-05
11586.000000 8.838386e-01 1.067577e+00 2.442063e-01 3.123751e-02 -8.555503e-05 -4.642753e-05 2.668856e-05 -1.246814e-04
11586.200000 8.742804e-01 1.056456e+00 2.419067e-01 2.883588e-02 -8.415192e-05 -4.982794e-05 2.581798e-05 -1.128841e-04
11586.400000 8.749496e-01 1.057836e+00 2.422771e-01 3.046582e-02 -8.897466e-05 -5.126495e-05 3.703251e-05 -1.085244e-04
11586.600000 8.888418e-01 1.074521e+00 2.463160e-01 3.007482e-02 -1.031757e-04 -5.700643e-05 4.460545e-05 -9.388417e-05
11586.800000 8.743277e-01 1.056609e+00 2.418745e-01 3.168771e-02 -9.628216e-05 -5.419533e-05 4.457550e-05 -9.694513e-05
11587.000000 8.781043e-01 1.060630e+00 2.426381e-01 3.166511e-02 -9.214148e-05 -6.421423e-05 3.911011e-05 -9.522946e-05
11587.200000 8.835354e-01 1.067581e+00 2.440876e-01 3.193831e-02 -9.191519e-05 -6.508335e-05 3.341776e-05 -9.247104e-05
11587.400000 8.865659e-01 1.071841e+00 2.451225e-01 3.141950e-02 -8.670715e-05 -5.984844e-05 3.310749e-05 -9.416116e-05
11587.600000 8.705652e-01 1.052520e+00 2.403069e-01 3.119713e-02 -9.042200e-05 -5.079182e-05 2.085060e-05 -9.202229e-05
11587.800000 8.832502e-01 1.068375e+00 2.433388e-01 3.044602e-02 -9.657231e-05 -4.369819e-05 2.337183e-05 -9.577851e-05
11588.000000 8.841032e-01 1.068444e+00 2.433480e-01 3.048132e-02 -1.041863e-04 -4.689219e-05 3.911777e-05 -9.149838e-05
11588.200000 8.877812e-01 1.072498e+00 2.437752e-01 3.220356e-02 -9.576500e-05 -4.623475e-05 4.987169e-05 -9.078025e-05
11588.400000 8.803085e-01 1.064057e+00 2.410365e-01 3.100325e-02 -9.492327e-05 -4.641081e-05 3.795221e-05 -9.875882e-05
11588.600000 8.806447e-01 1.063935e+00 2.407199e-01 3.205563e-02 -9.322951e-05 -5.733035e-05 3.856447e-05 -1.093380e-04
11588.800000 8.822850e-01 1.066605e+00 2.400567e-01 3.073822e-02 -1.010991e-04 -5.175545e-05 5.148042e-05 -1.091612e-04
11589.000000 8.693401e-01 1.050927e+00 2.357751e-01 3.042895e-02 -9.709811e-05 -5.055423e-05 4.336637e-05 -1.089791e-04
11589.200000 8.805202e-01 1.064893e+00 2.380090e-01 3.075894e-02 -9.560114e-05 -4.688645e-05 3.376076e-05 -1.048166e-04
11589.400000 8.726660e-01 1.055187e+00 2.350817e-01 3.117841e-02 -9.954741e-05 -4.363715e-05 3.937828e-05 -9.645662e-05
11589.600000 8.892942e-01 1.075194e+00 2.383566e-01 3.122565e-02 -1.032774e-04 -4.460827e-05 2.427662e-05 -1.160234e-04
11589.800000 8.544458e-01 1.033658e+00 2.276948e-01 3.073520e-02 -1.062198e-04 -4.496854e-05 3.250809e-05 -1.070545e-04
11590.000000 8.778432e-01 1.061820e+00 2.322378e-01 3.027956e-02 -1.121012e-04 -5.137303e-05 4.060713e-05 -1.084820e-04
11590.200000 8.786708e-01 1.062661e+00 2.311526e-01 3.101389e-02 -1.036776e-04 -4.549531e-05 4.481346e-05 -1.141396e-04
11590.400000 8.787590e-01 1.062170e+00 2.296221e-01 3.166601e-02 -9.483984e-05 -4.738692e-05 5.023605e-05 -1.013128e-04
11590.600000 8.851966e-01 1.070162e+00 2.298098e-01 3.142053e-02 -9.879520e-05 -3.855603e-05 5.376778e-05 -1.005955e-04
11590.800000 8.719799e-01 1.055032e+00 2.246858e-01 3.141407e-02 -1.011067e-04 -3.817532e-05 4.884495e-05 -8.909660e-05
11591.000000 8.834493e-01 1.068343e+00 2.257996e-01 3.221022e-02 -9.962137e-05 -5.618163e-05 4.746455e-05 -9.529174e-05
11591.200000 8.767443e-01 1.060403e+00 2.220229e-01 3.092452e-02 -1.004750e-04 -5.728507e-05 5.312100e-05 -1.143503e-04
11591.400000 8.813826e-01 1.065741e+00 2.220372e-01 3.144554e-02 -9.955395e-05 -5.938274e-05 4.843432e-05 -1.025322e-04
11591.600000 8.774527e-01 1.061144e+00 2.192088e-01 3.016744e-02 -9.561632e-05 -6.467561e-05 5.405584e-05 -1.026073e-04
11591.800000 8.799921e-01 1.064388e+00 2.179836e-01 3.186702e-02 -1.025285e-04 -6.455359e-05 6.148748e-05 -1.078672e-04
11592.000000 8.810052e-01 1.065474e+00 2.163645e-01 3.154812e-02 -1.035130e-04 -6.285163e-05 4.668715e-05 -1.062095e-04
11592.200000 8.813882e-01 1.065971e+00 2.147455e-01 2.984898e-02 -9.268649e-05 -6.124453e-05 4.106090e-05 -9.510952e-05
11592.400000 8.717734e-01 1.055112e+00 2.105794e-01 2.906808e-02 -8.661260e-05 -5.525615e-05 3.391102e-05 -9.681323e-05
11592.600000 8.764800e-01 1.060143e+00 2.102865e-01 3.111419e-02 -8.993987e-05 -5.271836e-05 3.639404e-05 -1.036145e-04
11592.800000 8.753989e-01 1.058792e+00 2.085329e-01 3.274598e-02 -9.748975e-05 -5.437201e-05 4.594941e-05 -8.703734e-05
11593.000000 8.756328e-01 1.059272e+00 2.069021e-01 3.074763e-02 -1.023661e-04 -4.580014e-05 3.482693e-05 -9.467770e-05
11593.200000 8.867813e-01 1.073368e+00 2.083078e-01 3.197528e-02 -1.012298e-04 -5.890744e-05 4.623077e-05 -9.626546e-05
11593.400000 8.666108e-01 1.048651e+00 2.023084e-01 2.928492e-02 -8.785975e-05 -6.276855e-05 5.008751e-05 -8.302111e-05
11593.600000 8.818121e-01 1.066862e+00 2.053468e-01 3.092260e-02 -8.334614e-05 -6.700773e-05 3.809226e-05 -1.042516e-04
11593.800000 8.819803e-01 1.067280e+00 2.041445e-01 3.240062e-02 -9.220595e-05 -6.724730e-05 3.688665e-05 -1.043853e-04
11594.000000 8.757416e-01 1.059829e+00 2.021258e-01 3.284562e-02 -9.337102e-05 -6.325306e-05 3.644019e-05 -9.598205e-05
11594.200000 8.844493e-01 1.070234e+00 2.034384e-01 3.005387e-02 -1.056996e-04 -6.526953e-05 3.381573e-05 -1.044085e-04
11594.400000 8.489321e-01 1.028215e+00 1.950127e-01 3.011473e-02 -1.030959e-04 -7.208055e-05 3.004558e-05 -1.081281e-04
11594.600000 8.713809e-01 1.054757e+00 1.998567e-01 3.143487e-02 -9.559836e-05 -7.738536e-05 3.409651e-05 -1.257431e-04
11594.800000 8.738104e-01 1.056900e+00 2.004704e-01 3.076966e-02 -9.052728e-05 -7.569361e-05 4.506843e-05 -1.132006e-04
11595.000000 8.786133e-01 1.063016e+00 2.019140e-01 3.102607e-02 -9.177446e-05 -6.805970e-05 3.970166e-05 -1.108495e-04
11595.200000 8.874069e-01 1.073762e+00 2.040397e-01 3.176153e-02 -8.873544e-05 -7.347916e-05 4.003951e-05 -1.137749e-04
11595.400000 8.791314e-01 1.063899e+00 2.025522e-01 3.130533e-02 -9.027343e-05 -8.128915e-05 3.336095e-05 -1.240807e-04
11595.600000 8.667286e-01 1.049753e+00 2.004893e-01 2.953294e-02 -9.011382e-05 -7.740958e-05 3.865362e-05 -1.041865e-04
11595.800000 8.764734e-01 1.060976e+00 2.032433e-01 3.134724e-02 -8.915442e-05 -7.593691e-05 4.240919e-05 -1.048268e-04
11596.000000 8.642645e-01 1.045769e+00 2.011637e-01 3.035252e-02 -8.294184e-05 -7.527031e-05 5.352107e-05 -9.229966e-05
11596.200000 8.857367e-01 1.071602e+00 2.069951e-01 3.258863e-02 -8.043273e-05 -6.393458e-05 4.269989e-05 -9.706581e-05
11596.400000 8.784368e-01 1.063085e+00 2.063766e-01 3.218451e-02 -7.889629e-05 -5.556774e-05 4.219592e-05 -8.930195e-05
11596.600000 8.915878e-01 1.078404e+00 2.105587e-01 3.195350e-02 -8.460089e-05 -5.908029e-05 3.666865e-05 -1.019195e-04
11596.800000 8.836073e-01 1.069538e+00 2.098097e-01 3.239823e-02 -8.244473e-05 -6.669610e-05 3.108132e-05 -1.018784e-04
11597.000000 8.810369e-01 1.066689e+00 2.101541e-01 3.158728e-02 -8.285070e-05 -6.119308e-05 3.829337e-05 -1.003727e-04
11597.700000 8.799811e-01 1.065172e+00 2.137962e-01 3.081495e-02 -7.566733e-05 -6.170058e-05 4.140397e-05 -1.052206e-04
11598.400000 8.809965e-01 1.066514e+00 2.180375e-01 3.110552e-02 -7.288416e-05 -5.769724e-05 3.858391e-05 -1.147901e-04
11599.100000 8.771910e-01 1.062396e+00 2.208023e-01 3.113808e-02 -7.505002e-05 -5.809141e-05 3.695946e-05 -1.126716e-04
11599.800000 8.815426e-01 1.067565e+00 2.249835e-01 3.114236e-02 -6.541011e-05 -5.832756e-05 3.662618e-05 -1.029205e-04
11600.500000 8.736666e-01 1.058462e+00 2.252455e-01 3.157899e-02 -6.795323e-05 -6.729783e-05 4.261379e-05 -1.006258e-04
11601.200000 8.798929e-01 1.065813e+00 2.287527e-01 3.118710e-02 -6.538396e-05 -6.136930e-05 4.271242e-05 -8.483793e-05
11601.900000 8.779035e-01 1.063856e+00 2.296609e-01 3.182061e-02 -6.238632e-05 -5.288599e-05 5.094551e-05 -8.981417e-05
11602.600000 8.790352e-01 1.065074e+00 2.310402e-01 3.069360e-02 -7.020760e-05 -5.616173e-05 5.413900e-05 -1.003625e-04
11603.300000 8.779064e-01 1.063942e+00 2.318594e-01 3.088617e-02 -6.797987e-05 -5.479484e-05 5.152436e-05 -9.466452e-05
11604.993695 8.777572e-01 1.064000e+00 2.356108e-01 3.116433e-02 -7.266685e-05 -5.005940e-05 3.623552e-05 -8.057686e-05
11605.999583 8.779727e-01 1.064386e+00 2.383331e-01 3.095034e-02 -6.929886e-05 -4.987681e-05 3.492102e-05 -7.667237e-05
11607.017662 8.772629e-01 1.063920e+00 2.406377e-01 3.107943e-02 -7.752842e-05 -4.721327e-05 4.022875e-05 -7.849915e-05
11608.047933 8.773898e-01 1.064120e+00 2.420379e-01 3.140946e-02 -7.240498e-05 -4.246400e-05 5.170038e-05 -8.846135e-05
11609.090396 8.783157e-01 1.065382e+00 2.420277e-01 3.159387e-02 -7.037303e-05 -4.371452e-05 4.884382e-05 -1.002770e-04
11610.145051 8.734526e-01 1.059767e+00 2.390636e-01 3.142668e-02 -7.037672e-05 -5.249732e-05 5.036075e-05 -8.098620e-05
11611.211898 8.768093e-01 1.063756e+00 2.369395e-01 3.108560e-02 -7.563532e-05 -5.776652e-05 5.809355e-05 -8.224720e-05
11612.290937 8.768814e-01 1.063823e+00 2.332308e-01 3.104462e-02 -7.643489e-05 -5.443064e-05 5.756337e-05 -8.302662e-05
11613.382167 8.777569e-01 1.065477e+00 2.292944e-01 3.139558e-02 -7.983679e-05 -6.099576e-05 4.591348e-05 -7.177278e-05
11614.485590 8.767577e-01 1.064285e+00 2.248741e-01 3.143708e-02 -8.036478e-05 -6.652679e-05 4.914186e-05 -7.729021e-05
11615.601204 8.750309e-01 1.062671e+00 2.202039e-01 3.127479e-02 -8.384485e-05 -6.448118e-05 5.282326e-05 -7.002479e-05
11616.729011 8.758297e-01 1.063683e+00 2.162225e-01 3.102947e-02 -7.419599e-05 -5.240137e-05 4.393072e-05 -7.438704e-05
11617.869009 8.738042e-01 1.061352e+00 2.123952e-01 3.156917e-02 -7.868476e-05 -5.495170e-05 4.563041e-05 -7.920230e-05
11619.021199 8.745620e-01 1.062423e+00 2.102286e-01 3.176574e-02 -8.285715e-05 -4.649854e-05 5.460097e-05 -7.798235e-05
11620.185582 8.724292e-01 1.060093e+00 2.087064e-01 3.106217e-02 -8.067065e-05 -5.227187e-05 5.975636e-05 -7.358979e-05
11621.362156 8.735806e-01 1.061916e+00 2.094210e-01 3.089464e-02 -7.250092e-05 -5.285814e-05 4.888156e-05 -7.563560e-05
11622.550922 8.704587e-01 1.058432e+00 2.098466e-01 3.091846e-02 -6.919105e-05 -5.379605e-05 5.263396e-05 -7.697373e-05
11623.751879 8.730712e-01 1.061598e+00 2.122897e-01 3.111469e-02 -7.050108e-05 -5.837031e-05 5.500415e-05 -6.974452e-05
11624.965029 8.744465e-01 1.063577e+00 2.147865e-01 3.130693e-02 -6.894355e-05 -5.900991e-05 5.878721e-05 -7.559216e-05
11626.190371 8.721663e-01 1.061237e+00 2.162052e-01 3.094500e-02 -7.147238e-05 -5.702160e-05 5.664681e-05 -8.015922e-05
11627.427904 8.732220e-01 1.062665e+00 2.182273e-01 3.139468e-02 -6.717610e-05 -5.512660e-05 4.603102e-05 -7.907449e-05
11628.677630 8.683323e-01 1.056775e+00 2.189704e-01 3.111230e-02 -6.521085e-05 -5.151726e-05 4.353791e-05 -7.480977e-05
11629.939547 8.717491e-01 1.061238e+00 2.216523e-01 3.115974e-02 -5.341017e-05 -5.154157e-05 5.123511e-05 -7.669134e-05
11631.213657 8.742188e-01 1.064299e+00 2.239987e-01 3.093917e-02 -4.227695e-05 -5.316827e-05 4.702795e-05 -8.297506e-05
11632.499958 8.714083e-01 1.061287e+00 2.246107e-01 3.142277e-02 -4.169580e-05 -5.698559e-05 5.332247e-05 -8.638564e-05
11633.798451 8.724492e-01 1.062594e+00 2.259665e-01 3.050275e-02 -4.770383e-05 -5.743416e-05 4.404674e-05 -9.098189e-05
11635.109136 8.696722e-01 1.059701e+00 2.269787e-01 3.100844e-02 -5.814204e-05 -5.648493e-05 5.227981e-05 -8.459729e-05
11636.432013 8.727167e-01 1.063480e+00 2.297072e-01 3.130066e-02 -5.706750e-05 -5.010683e-05 6.207062e-05 -8.150944e-05
11637.767082 8.710896e-01 1.062028e+00 2.318290e-01 3.219723e-02 -5.775353e-05 -4.893191e-05 5.419013e-05 -9.156424e-05
11639.114342 8.722917e-01 1.063688e+00 2.349824e-01 3.053437e-02 -6.337065e-05 -5.167624e-05 5.945205e-05 -8.248403e-05
11640.473795 8.683148e-01 1.059059e+00 2.369569e-01 3.102810e-02 -5.605449e-05 -4.328038e-05 6.073267e-05 -8.682619e-05
11641.845440 8.692053e-01 1.060376e+00 2.402465e-01 3.135173e-02 -5.542056e-05 -4.309175e-05 5.356448e-05 -8.669299e-05
11643.229276 8.708450e-01 1.062466e+00 2.431746e-01 3.109249e-02 -5.749686e-05 -4.714496e-05 4.910019e-05 -9.022124e-05
11644.625305 8.685582e-01 1.060031e+00 2.446526e-01 3.117236e-02 -6.066005e-05 -4.422106e-05 5.867453e-05 -9.293466e-05
11646.033525 8.698074e-01 1.061710e+00 2.465798e-01 3.128645e-02 -5.989467e-05 -4.913540e-05 5.602674e-05 -7.687848e-05
11647.453937 8.680289e-01 1.060055e+00 2.472411e-01 3.095446e-02 -5.617754e-05 -5.451567e-05 6.053175e-05 -6.986943e-05
11648.886541 8.667579e-01 1.058638e+00 2.475177e-01 3.084899e-02 -5.763950e-05 -5.939130e-05 6.363880e-05 -7.667614e-05
11650.331337 8.651451e-01 1.056802e+00 2.469189e-01 3.113815e-02 -6.281351e-05 -6.731167e-05 6.984625e-05 -8.160445e-05
11651.788325 8.673073e-01 1.059837e+00 2.467407e-01 3.061764e-02 -5.318175e-05 -6.344740e-05 5.421181e-05 -7.780865e-05
11653.257505 8.678398e-01 1.060799e+00 2.452425e-01 3.164513e-02 -5.662838e-05 -5.538856e-05 5.048856e-05 -8.117078e-05
11654.738877 8.678041e-01 1.060961e+00 2.427507e-01 3.123675e-02 -5.557646e-05 -5.719630e-05 5.111398e-05 -8.160507e-05
11656.232440 8.649679e-01 1.057378e+00 2.390579e-01 3.116186e-02 -5.208249e-05 -6.058283e-05 4.847006e-05 -8.027812e-05
11657.738196 8.665154e-01 1.059525e+00 2.365973e-01 3.100461e-02 -5.354334e-05 -6.534048e-05 5.382099e-05 -6.943457e-05
11659.256143 8.666446e-01 1.060268e+00 2.341442e-01 3.085837e-02 -6.183280e-05 -5.739534e-05 6.312644e-05 -7.686755e-05
11660.786283 8.660774e-01 1.060030e+00 2.318774e-01 3.098801e-02 -6.332492e-05 -4.720618e-05 7.320769e-05 -7.894323e-05
11662.328614 8.647269e-01 1.058349e+00 2.300360e-01 3.110717e-02 -6.714562e-05 -4.569878e-05 7.072836e-05 -7.543850e-05
11663.883137 8.660738e-01 1.060352e+00 2.297564e-01 3.104294e-02 -6.264413e-05 -4.724479e-05 6.712166e-05 -6.974594e-05
11665.449852 8.626187e-01 1.056708e+00 2.288953e-01 3.012079e-02 -6.452032e-05 -6.003350e-05 7.276973e-05 -7.535754e-05
11667.028759 8.642995e-01 1.058942e+00 2.297007e-01 3.156783e-02 -7.293718e-05 -5.396722e-05 6.826950e-05 -7.608990e-05
11668.619858 8.625274e-01 1.056850e+00 2.298067e-01 3.130851e-02 -6.631390e-05 -4.537654e-05 5.778697e-05 -9.059049e-05
11670.223149 8.645568e-01 1.059844e+00 2.311178e-01 3.088862e-02 -6.302497e-05 -4.386657e-05 4.924240e-05 -8.742951e-05
11671.838632 8.633858e-01 1.058848e+00 2.316879e-01 3.086065e-02 -6.271379e-05 -5.362720e-05 5.911836e-05 -7.500746e-05
11673.466307 8.629094e-01 1.058407e+00 2.323648e-01 3.115906e-02 -6.520081e-05 -4.909649e-05 6.439249e-05 -7.112001e-05
11675.106173 8.634795e-01 1.059258e+00 2.333136e-01 3.133166e-02 -6.181340e-05 -4.396925e-05 6.269801e-05 -7.424041e-05
11676.758232 8.611565e-01 1.056823e+00 2.335211e-01 3.103620e-02 -5.018024e-05 -4.421038e-05 7.395104e-05 -8.158735e-05
11678.422482 8.605089e-01 1.056470e+00 2.338991e-01 3.094370e-02 -4.648256e-05 -3.274709e-05 6.306819e-05 -9.626640e-05
11680.098924 8.593516e-01 1.055377e+00 2.336760e-01 3.107333e-02 -4.525580e-05 -3.451176e-05 5.656358e-05 -9.861394e-05
11681.787558 8.609347e-01 1.057502e+00 2.336660e-01 3.166555e-02 -3.673518e-05 -3.184691e-05 5.424799e-05 -9.186655e-05
11683.488385 8.599166e-01 1.056517e+00 2.327381e-01 3.127629e-02 -3.347294e-05 -4.018239e-05 4.867959e-05 -8.642665e-05
11685.201403 8.620022e-01 1.059610e+00 2.325457e-01 3.073351e-02 -3.453442e-05 -5.022834e-05 3.357230e-05 -8.819796e-05
11686.926613 8.611385e-01 1.058542e+00 2.314717e-01 3.107535e-02 -4.335945e-05 -5.048627e-05 3.779086e-05 -9.639648e-05
11688.664014 8.597148e-01 1.056971e+00 2.305860e-01 3.132444e-02 -5.053097e-05 -4.870171e-05 3.864742e-05 -7.668672e-05
11690.413608 8.583844e-01 1.055766e+00 2.305302e-01 3.099746e-02 -5.926972e-05 -4.950711e-05 4.386795e-05 -7.187213e-05
11692.175394 8.608282e-01 1.059336e+00 2.322449e-01 3.081989e-02 -4.847176e-05 -3.869541e-05 4.251933e-05 -7.986081e-05
11693.949371 8.592631e-01 1.057792e+00 2.334422e-01 3.095778e-02 -5.610199e-05 -3.583115e-05 4.252663e-05 -8.151022e-05
11695.735541 8.593936e-01 1.058143e+00 2.355819e-01 3.093373e-02 -5.341894e-05 -3.303181e-05 3.543572e-05 -6.229221e-05
11697.533902 8.567879e-01 1.055165e+00 2.376817e-01 3.115031e-02 -4.280509e-05 -3.638027e-05 3.426860e-05 -6.931474e-05
11699.344455 8.575141e-01 1.056522e+00 2.411596e-01 3.152572e-02 -4.219207e-05 -3.512179e-05 4.083135e-05 -7.711986e-05
11701.167201 8.561236e-01 1.055242e+00 2.441632e-01 3.094480e-02 -4.899072e-05 -4.154802e-05 4.044317e-05 -6.442765e-05
11703.002138 8.541349e-01 1.053202e+00 2.467623e-01 3.061165e-02 -5.545106e-05 -3.918965e-05 3.898242e-05 -6.823931e-05
11704.849267 8.544963e-01 1.053758e+00 2.495946e-01 3.073424e-02 -6.051138e-05 -3.892704e-05 4.438140e-05 -6.977507e-05
11706.708588 8.565108e-01 1.056727e+00 2.519617e-01 3.126944e-02 -6.553972e-05 -3.957663e-05 5.596910e-05 -7.017090e-05
11708.580100 8.561278e-01 1.056590e+00 2.528446e-01 3.110741e-02 -6.597920e-05 -3.918569e-05 4.399243e-05 -7.505286e-05
11710.463805 8.561244e-01 1.056730e+00 2.528752e-01 3.156471e-02 -6.039953e-05 -3.959046e-05 4.901700e-05 -7.081835e-05
11712.359702 8.529932e-01 1.053105e+00 2.512459e-01 3.071608e-02 -5.353736e-05 -3.135329e-05 4.703475e-05 -6.703137e-05
11714.267790 8.556573e-01 1.056585e+00 2.508060e-01 3.110335e-02 -5.927376e-05 -3.488121e-05 3.557868e-05 -7.577926e-05
11716.188071 8.550031e-01 1.056513e+00 2.491297e-01 3.119636e-02 -5.052285e-05 -4.258523e-05 3.930393e-05 -7.777361e-05
11718.120543 8.538210e-01 1.055183e+00 2.470066e-01 3.073985e-02 -4.994875e-05 -3.645953e-05 4.029194e-05 -6.484109e-05
11720.065207 8.531666e-01 1.054862e+00 2.451058e-01 3.108502e-02 -4.709384e-05 -3.668218e-05 4.415660e-05 -7.080542e-05
11722.022064 8.534478e-01 1.055407e+00 2.437462e-01 3.128415e-02 -5.457100e-05 -3.671757e-05 5.035766e-05 -7.334131e-05
11723.991112 8.527996e-01 1.054996e+00 2.420433e-01 3.146559e-02 -5.795471e-05 -4.663474e-05 5.561183e-05 -7.153313e-05
11725.972352 8.526880e-01 1.055171e+00 2.411131e-01 3.133128e-02 -5.590142e-05 -4.492625e-05 5.313474e-05 -7.026050e-05
11727.965784 8.503882e-01 1.052704e+00 2.395845e-01 3.073005e-02 -6.299712e-05 -4.909411e-05 5.497740e-05 -7.261107e-05
11729.971407 8.508482e-01 1.053818e+00 2.390171e-01 3.059339e-02 -6.439635e-05 -6.166422e-05 4.606151e-05 -7.019172e-05
11731.989223 8.471863e-01 1.049914e+00 2.376840e-01 3.151908e-02 -6.672567e-05 -5.191997e-05 5.035841e-05 -7.210337e-05
11734.019231 8.485097e-01 1.051804e+00 2.378235e-01 3.106232e-02 -6.934451e-05 -4.295051e-05 5.712579e-05 -8.936678e-05
11736.061430 8.488979e-01 1.052523e+00 2.380700e-01 3.057104e-02 -7.237543e-05 -5.386282e-05 5.552211e-05 -7.750340e-05
11738.115822 8.484231e-01 1.052220e+00 2.384575e-01 3.138414e-02 -6.512549e-05 -5.371568e-05 5.017527e-05 -7.778216e-05
11740.182405 8.487489e-01 1.052723e+00 2.390974e-01 3.071082e-02 -6.266696e-05 -5.185638e-05 4.198862e-05 -6.956824e-05
11742.261180 8.499465e-01 1.054437e+00 2.399937e-01 3.102204e-02 -6.516226e-05 -4.558211e-05 4.858790e-05 -6.603675e-05
11744.352148 8.479329e-01 1.052637e+00 2.396452e-01 3.146140e-02 -7.047450e-05 -3.519585e-05 4.848491e-05 -7.441269e-05
11746.455307 8.491465e-01 1.054657e+00 2.399172e-01 3.105286e-02 -6.242608e-05 -3.169667e-05 4.296752e-05 -9.568356e-05
11748.570658 8.476281e-01 1.052829e+00 2.387834e-01 3.077568e-02 -6.278839e-05 -3.874014e-05 4.648511e-05 -1.020518e-04
11750.698201 8.477671e-01 1.053558e+00 2.380610e-01 3.106743e-02 -5.772973e-05 -4.299220e-05 4.357367e-05 -1.000846e-04
11752.837935 8.459872e-01 1.051839e+00 2.365871e-01 3.067502e-02 -6.559079e-05 -5.168407e-05 5.224483e-05 -9.344321e-05
11754.989862 8.471634e-01 1.053546e+00 2.367285e-01 3.161432e-02 -6.679412e-05 -4.811652e-05 5.730363e-05 -8.542985e-05
11757.153981 8.452056e-01 1.051495e+00 2.364775e-01 3.163515e-02 -6.025143e-05 -5.212581e-05 6.009837e-05 -8.280735e-05
11759.330291 8.448950e-01 1.051524e+00 2.379804e-01 3.113378e-02 -4.435765e-05 -5.601280e-05 6.438547e-05 -7.985816e-05
11761.518794 8.456325e-01 1.052893e+00 2.410467e-01 3.200292e-02 -5.609073e-05 -4.886780e-05 6.091204e-05 -8.155687e-05
11763.719488 8.441924e-01 1.051233e+00 2.440102e-01 3.163571e-02 -6.262676e-05 -5.159147e-05 5.086160e-05 -9.068002e-05
11765.932374 8.436131e-01 1.050966e+00 2.472057e-01 3.067817e-02 -6.151517e-05 -5.533138e-05 5.279587e-05 -8.784195e-05
11768.157453 8.437345e-01 1.051785e+00 2.503265e-01 3.095050e-02 -6.006854e-05 -5.138313e-05 5.658512e-05 -9.362809e-05
11770.394723 8.385187e-01 1.045696e+00 2.511266e-01 3.047423e-02 -5.801821e-05 -4.751998e-05 4.452558e-05 -9.914120e-05
11772.644185 8.340983e-01 1.040771e+00 2.515676e-01 3.069679e-02 -4.385212e-05 -4.768291e-05 4.984245e-05 -9.241720e-05
11774.905838 8.398415e-01 1.047894e+00 2.544842e-01 3.118937e-02 -4.212203e-05 -4.323281e-05 6.004066e-05 -8.248834e-05
11777.179684 8.409667e-01 1.049570e+00 2.560023e-01 3.121143e-02 -4.481757e-05 -4.705345e-05 5.410734e-05 -8.314054e-05
11779.465722 8.411082e-01 1.050065e+00 2.568489e-01 3.081636e-02 -3.931519e-05 -4.679733e-05 4.986436e-05 -8.005312e-05
11781.763952 8.408716e-01 1.050357e+00 2.574526e-01 3.096533e-02 -4.452760e-05 -5.129051e-05 4.511950e-05 -7.905746e-05
11784.074373 8.417371e-01 1.051927e+00 2.579871e-01 3.159963e-02 -3.323953e-05 -4.891648e-05 4.801912e-05 -9.077182e-05
11786.396987 8.394686e-01 1.049196e+00 2.576277e-01 3.066057e-02 -3.611061e-05 -3.674897e-05 3.508717e-05 -9.278942e-05
11788.731792 8.385389e-01 1.048696e+00 2.575230e-01 3.128298e-02 -5.003421e-05 -3.332021e-05 4.462810e-05 -9.250517e-05
11791.078789 8.390188e-01 1.049571e+00 2.578560e-01 3.090080e-02 -4.522509e-05 -2.693688e-05 5.160719e-05 -9.068162e-05
11793.437978 8.396852e-01 1.050719e+00 2.578144e-01 3.035426e-02 -5.454837e-05 -3.216789e-05 5.204218e-05 -9.754329e-05
11795.809359 8.359779e-01 1.046639e+00 2.562243e-01 3.114115e-02 -5.758517e-05 -3.090973e-05 5.791093e-05 -9.902336e-05
11798.192932 8.366530e-01 1.048062e+00 2.553984e-01 3.142288e-02 -6.329778e-05 -3.292866e-05 5.368908e-05 -1.004827e-04
11800.588697 8.375907e-01 1.049565e+00 2.543684e-01 3.101203e-02 -5.539294e-05 -3.583373e-05 6.788239e-05 -1.051799e-04
11802.996654 8.381412e-01 1.050624e+00 2.527941e-01 3.148763e-02 -5.166550e-05 -4.502069e-05 6.465072e-05 -1.060767e-04
11805.416803 8.357296e-01 1.048037e+00 2.499935e-01 3.136580e-02 -4.957406e-05 -4.126123e-05 5.578131e-05 -1.016476e-04
11807.849143 8.350915e-01 1.047908e+00 2.478302e-01 3.078269e-02 -5.804211e-05 -4.527935e-05 6.777140e-05 -1.101033e-04
11810.293676 8.353218e-01 1.048558e+00 2.461219e-01 3.111123e-02 -6.313784e-05 -5.458909e-05 6.973624e-05 -1.108682e-04
11812.750400 8.344657e-01 1.047819e+00 2.444049e-01 3.119855e-02 -5.946446e-05 -5.122834e-05 6.214954e-05 -1.096961e-04
11815.219317 8.303030e-01 1.042997e+00 2.424709e-01 3.098091e-02 -6.001826e-05 -5.867237e-05 5.801009e-05 -9.773549e-05
11817.700425 8.329101e-01 1.046747e+00 2.434264e-01 3.079333e-02 -5.950995e-05 -5.932537e-05 6.590515e-05 -9.166190e-05
11820.193725 8.341993e-01 1.048706e+00 2.445996e-01 3.067214e-02 -5.944439e-05 -6.600488e-05 6.092253e-05 -8.921297e-05
11822.699217 8.337774e-01 1.048411e+00 2.458438e-01 3.148053e-02 -5.869074e-05 -6.595485e-05 6.254452e-05 -8.566254e-05
11825.216901 8.304050e-01 1.044759e+00 2.467742e-01 3.016433e-02 -5.846485e-05 -6.973858e-05 5.803938e-05 -8.561278e-05
11827.746777 8.306994e-01 1.045669e+00 2.494309e-01 3.103584e-02 -6.517954e-05 -6.606190e-05 4.424503e-05 -8.486156e-05
11830.288845 8.308672e-01 1.046007e+00 2.523310e-01 3.073832e-02 -6.014271e-05 -6.023980e-05 4.444790e-05 -8.554161e-05
11832.843105 8.316297e-01 1.047502e+00 2.558819e-01 3.111555e-02 -5.444981e-05 -5.835729e-05 4.561492e-05 -9.463210e-05
11835.409556 8.309497e-01 1.047103e+00 2.590503e-01 3.078978e-02 -5.157270e-05 -5.917813e-05 6.704486e-05 -9.396928e-05
11837.988200 8.280253e-01 1.043886e+00 2.611986e-01 3.073972e-02 -5.391898e-05 -5.607591e-05 6.680724e-05 -8.823860e-05
11840.579035 8.288269e-01 1.045435e+00 2.638891e-01 3.062329e-02 -5.947362e-05 -5.758273e-05 4.350433e-05 -9.476512e-05
11843.182062 8.283711e-01 1.045142e+00 2.651050e-01 3.037365e-02 -5.900030e-05 -4.813109e-05 4.708075e-05 -9.333023e-05
11845.797282 8.260005e-01 1.042766e+00 2.652478e-01 3.073864e-02 -6.608277e-05 -5.362282e-05 5.015207e-05 -8.703383e-05
11848.424693 8.251753e-01 1.042266e+00 2.652381e-01 3.085250e-02 -6.140051e-05 -6.260541e-05 5.417908e-05 -8.570450e-05
11851.064296 8.276573e-01 1.045696e+00 2.657164e-01 3.129493e-02 -5.298304e-05 -6.436674e-05 4.843913e-05 -8.515892e-05
11853.716091 8.257921e-01 1.043591e+00 2.647209e-01 3.094525e-02 -5.826864e-05 -5.092448e-05 5.272110e-05 -1.010095e-04
11856.380078 8.263811e-01 1.044957e+00 2.647380e-01 3.110060e-02 -5.536897e-05 -5.030472e-05 5.198922e-05 -9.372763e-05
11859.056256 8.249545e-01 1.043627e+00 2.645532e-01 3.106831e-02 -5.670857e-05 -4.889841e-05 4.811638e-05 -8.794438e-05
11861.744627 8.212707e-01 1.039472e+00 2.644366e-01 3.038559e-02 -5.377451e-05 -5.941202e-05 4.320351e-05 -9.430988e-05
11864.445190 8.201916e-01 1.038793e+00 2.655232e-01 3.109335e-02 -6.249131e-05 -4.927762e-05 5.331094e-05 -8.924851e-05
11867.157944 8.221524e-01 1.041539e+00 2.673969e-01 3.118632e-02 -6.537921e-05 -4.285532e-05 5.049910e-05 -9.806246e-05
11869.882891 8.217449e-01 1.041617e+00 2.678887e-01 3.125100e-02 -7.084851e-05 -5.063254e-05 5.632488e-05 -1.026556e-04
11872.620029 8.201823e-01 1.040006e+00 2.673224e-01 3.077333e-02 -7.631003e-05 -4.735157e-05 5.167903e-05 -1.108385e-04
11875.369359 8.213154e-01 1.041713e+00 2.671029e-01 3.123873e-02 -7.089156e-05 -5.156279e-05 5.631316e-05 -1.129330e-04
11878.130881 8.207701e-01 1.041297e+00 2.660246e-01 3.086425e-02 -6.159726e-05 -5.332513e-05 5.887929e-05 -1.094935e-04
11880.904595 8.149032e-01 1.034810e+00 2.630201e-01 3.112512e-02 -6.133473e-05 -5.140898e-05 6.165442e-05 -1.165719e-04
11883.690501 8.123315e-01 1.032015e+00 2.609450e-01 3.036128e-02 -6.077475e-05 -5.725581e-05 5.814333e-05 -1.128232e-04
11886.488599 8.192569e-01 1.041041e+00 2.621331e-01 3.085147e-02 -5.211195e-05 -5.678457e-05 5.852306e-05 -1.141138e-04
11889.298889 8.195512e-01 1.041782e+00 2.611615e-01 3.082950e-02 -5.309802e-05 -5.097836e-05 5.441466e-05 -1.179173e-04
11892.121371 8.182304e-01 1.040562e+00 2.599773e-01 3.071864e-02 -6.281649e-05 -5.461953e-05 5.725099e-05 -1.011347e-04
11894.956044 8.179300e-01 1.040768e+00 2.595692e-01 3.093537e-02 -6.431005e-05 -6.114328e-05 5.714644e-05 -1.077827e-04
11897.802910 8.171379e-01 1.040113e+00 2.596262e-01 3.099115e-02 -5.541850e-05 -6.168036e-05 6.544572e-05 -9.901481e-05
11900.661967 8.169272e-01 1.040395e+00 2.605989e-01 3.103080e-02 -6.001203e-05 -7.015666e-05 6.096131e-05 -1.112672e-04
11903.533217 8.164495e-01 1.039893e+00 2.621361e-01 3.082849e-02 -6.517646e-05 -7.451570e-05 5.407087e-05 -1.044075e-04
11906.416658 8.155514e-01 1.039080e+00 2.644812e-01 3.076174e-02 -6.214189e-05 -6.477663e-05 5.383820e-05 -9.717027e-05
11909.312291 8.153298e-01 1.039533e+00 2.674878e-01 3.093873e-02 -6.285172e-05 -6.005780e-05 6.337435e-05 -1.071797e-04
11912.220116 8.136318e-01 1.037739e+00 2.698949e-01 3.110369e-02 -7.183579e-05 -5.695621e-05 5.279023e-05 -1.026360e-04
11915.140133 8.134330e-01 1.038076e+00 2.727000e-01 3.062819e-02 -6.710352e-05 -5.473614e-05 4.524550e-05 -1.172737e-04
11918.072342 8.147020e-01 1.040048e+00 2.755276e-01 3.085570e-02 -6.052052e-05 -6.450264e-05 4.673228e-05 -1.295137e-04
11921.016743 8.131634e-01 1.038777e+00 2.765638e-01 3.100700e-02 -4.899573e-05 -7.158006e-05 3.382738e-05 -1.150019e-04
11923.973335 8.109058e-01 1.036157e+00 2.766568e-01 3.093934e-02 -5.433380e-05 -5.768264e-05 3.551042e-05 -1.021204e-04
11926.942120 8.114790e-01 1.037338e+00 2.773545e-01 3.115230e-02 -6.013095e-05 -4.745026e-05 3.416634e-05 -1.048779e-04
11929.923096 8.105463e-01 1.036977e+00 2.772791e-01 3.090230e-02 -5.221916e-05 -4.970551e-05 2.974361e-05 -1.082526e-04
11932.916265 8.107489e-01 1.037593e+00 2.772543e-01 3.120675e-02 -5.970414e-05 -5.385197e-05 3.671770e-05 -1.079579e-04
11935.921625 8.004383e-01 1.025099e+00 2.738202e-01 3.054684e-02 -6.393183e-05 -5.366301e-05 3.527564e-05 -9.483940e-05
11938.939177 8.020756e-01 1.027634e+00 2.744572e-01 3.100001e-02 -5.578182e-05 -5.332017e-05 3.233893e-05 -9.303441e-05
11941.968921 8.095774e-01 1.037194e+00 2.773137e-01 3.105422e-02 -5.327995e-05 -6.228022e-05 3.613929e-05 -1.002106e-04
11945.010858 8.081681e-01 1.036133e+00 2.774313e-01 3.112381e-02 -5.777483e-05 -6.325737e-05 4.619295e-05 -1.096598e-04
11948.064985 8.065795e-01 1.034702e+00 2.777794e-01 3.126846e-02 -6.813075e-05 -6.226548e-05 4.679021e-05 -1.151137e-04
11951.131305 8.065643e-01 1.035144e+00 2.788987e-01 3.092491e-02 -7.176843e-05 -6.935386e-05 5.237657e-05 -1.042803e-04
11954.209817 8.068173e-01 1.035990e+00 2.804321e-01 3.068364e-02 -6.525836e-05 -6.991792e-05 4.249663e-05 -1.086031e-04
11957.300521 8.050361e-01 1.033929e+00 2.806254e-01 3.080796e-02 -6.621226e-05 -5.838593e-05 3.937125e-05 -1.181313e-04
11960.403416 8.048488e-01 1.034364e+00 2.810116e-01 3.122580e-02 -7.111241e-05 -5.133152e-05 3.783400e-05 -1.209227e-04
11963.518504 8.053791e-01 1.035731e+00 2.810333e-01 3.085362e-02 -6.041074e-05 -5.474447e-05 4.137373e-05 -1.404903e-04
11966.645783 8.037288e-01 1.033843e+00 2.798561e-01 3.085210e-02 -6.083999e-05 -5.877478e-05 2.725321e-05 -1.234734e-04
11969.785255 8.025353e-01 1.032823e+00 2.788925e-01 3.080417e-02 -6.893302e-05 -6.074000e-05 2.201258e-05 -1.052065e-04
11972.936918 8.028521e-01 1.033837e+00 2.787551e-01 3.103877e-02 -7.106783e-05 -5.694163e-05 2.798402e-05 -1.034848e-04
11976.100773 8.022607e-01 1.033519e+00 2.785565e-01 3.084995e-02 -7.380401e-05 -5.861578e-05 3.489651e-05 -1.068069e-04
11979.276820 8.014541e-01 1.033332e+00 2.785838e-01 3.109740e-02 -7.927016e-05 -5.806325e-05 5.116130e-05 -1.098031e-04
11982.465059 8.006320e-01 1.032529e+00 2.785262e-01 3.078988e-02 -7.613489e-05 -5.748098e-05 5.020120e-05 -1.043804e-04
11985.665490 8.002185e-01 1.032487e+00 2.787885e-01 3.009896e-02 -6.556151e-05 -6.203010e-05 4.363755e-05 -1.060896e-04
11988.878112 7.997306e-01 1.032388e+00 2.788716e-01 3.053939e-02 -6.887324e-05 -6.904613e-05 3.842192e-05 -9.815158e-05
11992.102927 7.984820e-01 1.031343e+00 2.789031e-01 3.098142e-02 -6.531989e-05 -6.756159e-05 4.431994e-05 -1.031240e-04
11995.339934 7.985630e-01 1.032016e+00 2.799459e-01 3.053295e-02 -7.116933e-05 -6.654403e-05 3.983449e-05 -1.125683e-04
11998.589132 7.971214e-01 1.030548e+00 2.807209e-01 3.062576e-02 -6.906379e-05 -5.679393e-05 3.861895e-05 -9.125785e-05
12001.850523 7.960104e-01 1.029616e+00 2.822128e-01 3.064440e-02 -7.020311e-05 -5.408602e-05 4.894858e-05 -8.091877e-05
12005.124105 7.966131e-01 1.031014e+00 2.848531e-01 3.096484e-02 -6.252855e-05 -5.396664e-05 4.661919e-05 -8.024021e-05
12008.409879 7.946796e-01 1.029060e+00 2.868178e-01 3.092991e-02 -5.892811e-05 -5.522028e-05 4.384568e-05 -7.855503e-05
12011.707845 7.947118e-01 1.029467e+00 2.898188e-01 3.097551e-02 -6.494281e-05 -5.851567e-05 4.049153e-05 -7.001381e-05
12015.018003 7.942063e-01 1.029315e+00 2.925851e-01 3.090097e-02 -5.840193e-05 -6.499092e-05 4.465556e-05 -6.553880e-05
12018.340353 7.936469e-01 1.029080e+00 2.946948e-01 3.104377e-02 -6.123812e-05 -5.958529e-05 3.742775e-05 -7.482074e-05
12021.674895 7.932976e-01 1.028960e+00 2.961418e-01 3.097823e-02 -6.894113e-05 -4.522528e-05 3.502867e-05 -8.222411e-05
12025.021629 7.927743e-01 1.028770e+00 2.968720e-01 3.067872e-02 -6.860582e-05 -4.972197e-05 3.461122e-05 -7.459545e-05
12028.380554 7.922401e-01 1.028578e+00 2.972463e-01 3.061535e-02 -6.416040e-05 -4.949697e-05 2.736815e-05 -6.964588e-05
12031.751672 7.916279e-01 1.028583e+00 2.973297e-01 3.078852e-02 -5.925463e-05 -5.902672e-05 3.466396e-05 -6.712029e-05
12035.134982 7.906212e-01 1.027952e+00 2.969732e-01 3.065168e-02 -6.851410e-05 -5.724209e-05 4.135699e-05 -6.707634e-05
12038.530483 7.894156e-01 1.026799e+00 2.963947e-01 3.101830e-02 -8.131535e-05 -5.380572e-05 4.397494e-05 -6.338450e-05
12041.938176 7.894539e-01 1.027148e+00 2.963646e-01 3.112261e-02 -7.636773e-05 -5.348053e-05 4.942477e-05 -8.191472e-05
12045.358061 7.815463e-01 1.017845e+00 2.935107e-01 3.031795e-02 -8.049781e-05 -5.135637e-05 5.104023e-05 -6.795883e-05
12048.790139 7.771370e-01 1.012968e+00 2.919220e-01 3.026390e-02 -7.703933e-05 -5.429038e-05 3.992124e-05 -7.311373e-05
12052.234408 7.867671e-01 1.025395e+00 2.955627e-01 3.068287e-02 -7.871418e-05 -6.010674e-05 4.155127e-05 -8.892422e-05
12055.690868 7.863867e-01 1.025574e+00 2.955301e-01 3.086018e-02 -8.402970e-05 -5.705848e-05 4.352751e-05 -9.367022e-05
12059.159521 7.857097e-01 1.025444e+00 2.954087e-01 3.084515e-02 -7.868192e-05 -4.690498e-05 4.273614e-05 -9.059272e-05
12062.640366 7.853884e-01 1.025626e+00 2.956542e-01 3.078188e-02 -7.591257e-05 -4.584428e-05 4.731092e-05 -9.078187e-05
12066.133403 7.830231e-01 1.023075e+00 2.953547e-01 3.059223e-02 -6.824182e-05 -5.394210e-05 4.688829e-05 -8.493449e-05
12069.638631 7.824864e-01 1.022726e+00 2.957197e-01 3.066723e-02 -6.560405e-05 -5.439387e-05 4.314650e-05 -7.337588e-05
12073.156052 7.831875e-01 1.024257e+00 2.965351e-01 3.083443e-02 -7.368601e-05 -4.847066e-05 4.180871e-05 -8.277607e-05
12076.685664 7.820479e-01 1.023503e+00 2.967859e-01 3.019177e-02 -7.316932e-05 -5.242559e-05 4.250035e-05 -8.494200e-05
12080.227468 7.815570e-01 1.023540e+00 2.973084e-01 3.104532e-02 -6.575070e-05 -5.219398e-05 4.298293e-05 -8.402433e-05
12083.781465 7.792211e-01 1.021158e+00 2.973175e-01 3.060815e-02 -7.206533e-05 -5.196281e-05 3.514450e-05 -7.238501e-05
12087.347653 7.776220e-01 1.019654e+00 2.980237e-01 3.085337e-02 -7.639623e-05 -4.787042e-05 3.980156e-05 -6.562925e-05
12090.926033 7.789092e-01 1.021666e+00 3.000458e-01 3.053382e-02 -7.874779e-05 -5.541463e-05 3.856568e-05 -7.344522e-05
12094.516605 7.790620e-01 1.022542e+00 3.020232e-01 3.086670e-02 -7.741353e-05 -4.852351e-05 3.469828e-05 -7.639231e-05
12098.119369 7.776526e-01 1.021171e+00 3.031090e-01 3.074218e-02 -7.162611e-05 -4.895489e-05 2.814057e-05 -8.534230e-05
12101.734324 7.775923e-01 1.021554e+00 3.048567e-01 3.109491e-02 -6.885938e-05 -4.308969e-05 2.933923e-05 -8.905613e-05
12105.361472 7.768861e-01 1.021392e+00 3.063014e-01 3.053649e-02 -6.714623e-05 -4.064186e-05 1.905935e-05 -8.541799e-05
12109.000811 7.758484e-01 1.020632e+00 3.073942e-01 3.048139e-02 -7.090153e-05 -3.006699e-05 3.010742e-05 -7.710261e-05
12112.652343 7.755360e-01 1.020582e+00 3.088293e-01 3.090422e-02 -6.869161e-05 -3.954957e-05 2.843321e-05 -8.557680e-05
12116.316066 7.747254e-01 1.020156e+00 3.100726e-01 3.062334e-02 -7.418292e-05 -4.043728e-05 3.771103e-05 -8.004429e-05
12119.991982 7.740366e-01 1.020128e+00 3.116200e-01 3.097514e-02 -7.669100e-05 -3.821238e-05 3.890475e-05 -7.440148e-05
12123.680089 7.732312e-01 1.019389e+00 3.128413e-01 3.059408e-02 -8.370026e-05 -4.334726e-05 2.468477e-05 -6.800276e-05
12127.380388 7.725916e-01 1.019179e+00 3.142964e-01 3.081188e-02 -8.021020e-05 -4.701764e-05 3.470991e-05 -4.316099e-05
12131.092879 7.719943e-01 1.018850e+00 3.154716e-01 3.073809e-02 -8.126087e-05 -5.299918e-05 2.970924e-05 -4.381941e-05
12134.817562 7.708948e-01 1.018057e+00 3.162737e-01 3.018024e-02 -7.877995e-05 -5.359814e-05 3.781666e-05 -4.121139e-05
12138.554437 7.705934e-01 1.018508e+00 3.171609e-01 3.060579e-02 -6.987247e-05 -4.458077e-05 4.050077e-05 -4.604897e-05
12142.303503 7.686378e-01 1.016365e+00 3.170195e-01 3.065707e-02 -6.434966e-05 -4.960457e-05 3.945586e-05 -5.657163e-05
12146.064762 7.686072e-01 1.016817e+00 3.174894e-01 3.040455e-02 -7.185112e-05 -5.510100e-05 4.178393e-05 -5.524880e-05
12149.838213 7.678512e-01 1.016218e+00 3.177355e-01 3.092512e-02 -6.888235e-05 -5.795966e-05 4.117977e-05 -6.086034e-05
12153.623855 7.679213e-01 1.016992e+00 3.182860e-01 3.090687e-02 -6.513549e-05 -5.129161e-05 3.603168e-05 -5.539854e-05
12157.421689 7.667265e-01 1.016073e+00 3.181713e-01 3.059360e-02 -6.514542e-05 -5.031235e-05 4.299949e-05 -5.729443e-05
12161.231716 7.649917e-01 1.014294e+00 3.177592e-01 3.054465e-02 -6.664546e-05 -5.447400e-05 2.716785e-05 -5.194453e-05
12165.053934 7.657301e-01 1.015624e+00 3.182009e-01 3.047680e-02 -6.297178e-05 -4.669087e-05 2.192793e-05 -5.050264e-05
12168.888344 7.636222e-01 1.013534e+00 3.175657e-01 3.017893e-02 -6.975200e-05 -3.707148e-05 2.511625e-05 -5.607625e-05
12172.734946 7.638991e-01 1.014504e+00 3.180399e-01 3.056088e-02 -6.465162e-05 -4.342455e-05 2.840573e-05 -6.380057e-05
12176.593740 7.632270e-01 1.014088e+00 3.182934e-01 3.067551e-02 -6.096506e-05 -4.420783e-05 3.660825e-05 -6.819348e-05
12180.464726 7.597411e-01 1.010135e+00 3.172877e-01 3.002488e-02 -6.235989e-05 -3.824805e-05 3.838932e-05 -6.592462e-05
12184.347903 7.610849e-01 1.012597e+00 3.186342e-01 3.050221e-02 -6.921006e-05 -3.507959e-05 3.210035e-05 -6.624043e-05
12188.243273 7.598733e-01 1.011625e+00 3.190157e-01 3.039119e-02 -7.386830e-05 -5.220401e-05 3.174681e-05 -6.986143e-05
12192.150835 7.601387e-01 1.012702e+00 3.200480e-01 3.079379e-02 -6.735072e-05 -5.095822e-05 3.684748e-05 -7.212838e-05
12196.070588 7.585915e-01 1.011146e+00 3.205988e-01 3.042038e-02 -7.484665e-05 -4.487789e-05 3.843565e-05 -6.660908e-05
12200.002533 7.567751e-01 1.009385e+00 3.213334e-01 3.057252e-02 -7.649855e-05 -4.838557e-05 4.546144e-05 -6.992485e-05
12203.946671 7.551805e-01 1.007866e+00 3.222154e-01 3.052559e-02 -7.507961e-05 -4.684686e-05 5.015432e-05 -7.394496e-05
12207.903000 7.552547e-01 1.008611e+00 3.240627e-01 3.073427e-02 -6.768538e-05 -4.963921e-05 3.521112e-05 -7.195495e-05
12211.871521 7.547288e-01 1.008441e+00 3.259208e-01 3.065558e-02 -6.983697e-05 -4.453048e-05 3.238525e-05 -7.519793e-05
12215.852234 7.553870e-01 1.009933e+00 3.281519e-01 3.054511e-02 -6.901460e-05 -3.729388e-05 3.701028e-05 -7.911712e-05
12219.845139 7.540556e-01 1.008653e+00 3.293924e-01 3.049509e-02 -7.639791e-05 -4.395255e-05 3.461862e-05 -6.992287e-05
12223.850236 7.532792e-01 1.008292e+00 3.307478e-01 3.035708e-02 -8.885944e-05 -5.070819e-05 4.655304e-05 -5.548374e-05
12227.867524 7.440126e-01 9.970360e-01 3.282591e-01 3.017806e-02 -8.396218e-05 -5.332887e-05 4.297623e-05 -5.345068e-05
12231.897005 7.352034e-01 9.860695e-01 3.257221e-01 2.995848e-02 -7.851034e-05 -4.991983e-05 3.602277e-05 -6.241335e-05
12235.938678 7.489864e-01 1.004419e+00 3.333098e-01 3.009948e-02 -7.515124e-05 -5.441095e-05 5.198208e-05 -6.320457e-05
12239.992542 7.495003e-01 1.005656e+00 3.349069e-01 3.073487e-02 -7.262975e-05 -5.703117e-05 4.294678e-05 -6.493867e-05
12244.058598 7.500955e-01 1.007197e+00 3.365877e-01 3.067117e-02 -7.989022e-05 -5.886953e-05 4.317104e-05 -7.679755e-05
12248.136847 7.483413e-01 1.005332e+00 3.372747e-01 3.028270e-02 -8.500091e-05 -6.704115e-05 4.423776e-05 -7.424828e-05
12252.227287 7.468763e-01 1.003986e+00 3.381833e-01 3.068948e-02 -8.274879e-05 -6.583188e-05 3.616085e-05 -7.205126e-05
12256.329919 7.457236e-01 1.003117e+00 3.394046e-01 3.039802e-02 -7.860203e-05 -7.474744e-05 3.744994e-05 -5.766410e-05
12260.444743 7.466486e-01 1.005072e+00 3.416023e-01 3.047753e-02 -8.681263e-05 -7.455248e-05 4.134870e-05 -5.407311e-05
12264.571759 7.456208e-01 1.004093e+00 3.423108e-01 3.064988e-02 -8.248214e-05 -6.567323e-05 4.287842e-05 -5.095781e-05
12268.710967 7.448813e-01 1.003856e+00 3.431822e-01 3.018777e-02 -7.066296e-05 -6.154358e-05 4.569564e-05 -6.048658e-05
12272.862366 7.448142e-01 1.004083e+00 3.438048e-01 3.007032e-02 -6.856117e-05 -5.838610e-05 4.088967e-05 -6.294305e-05
12277.025958 7.430121e-01 1.002416e+00 3.435603e-01 3.066470e-02 -7.042611e-05 -5.297987e-05 3.553230e-05 -6.589205e-05
12281.201742 7.424554e-01 1.002442e+00 3.437564e-01 3.004815e-02 -6.546973e-05 -5.957818e-05 3.116403e-05 -6.927845e-05
12285.389717 7.410339e-01 1.001046e+00 3.431762e-01 3.030186e-02 -6.460810e-05 -6.366309e-05 3.316513e-05 -7.531952e-05
12289.589884 7.411334e-01 1.001900e+00 3.434682e-01 3.026166e-02 -6.635809e-05 -6.220115e-05 3.219538e-05 -7.244954e-05
12293.802244 7.389185e-01 9.995644e-01 3.427841e-01 3.016657e-02 -6.148974e-05 -5.796580e-05 3.701523e-05 -5.723057e-05
12298.026795 7.389006e-01 1.000180e+00 3.430497e-01 3.035643e-02 -6.440812e-05 -6.746650e-05 3.148686e-05 -5.656728e-05
12302.263538 7.366430e-01 9.977907e-01 3.424511e-01 3.052644e-02 -7.111770e-05 -7.894844e-05 4.146152e-05 -6.290553e-05
12306.512473 7.380732e-01 1.000019e+00 3.438498e-01 3.048924e-02 -6.688620e-05 -7.797870e-05 4.769969e-05 -5.712306e-05
12310.773600 7.372615e-01 9.996048e-01 3.445446e-01 3.056113e-02 -4.919755e-05 -7.072073e-05 5.925683e-05 -5.407583e-05
12315.046919 7.364159e-01 9.991575e-01 3.454661e-01 3.020414e-02 -5.493527e-05 -7.750331e-05 4.831365e-05 -5.173399e-05
12319.332429 7.345400e-01 9.972992e-01 3.461977e-01 2.998129e-02 -5.814782e-05 -6.513580e-05 5.091851e-05 -6.074875e-05
12323.630132 7.184199e-01 9.766481e-01 3.404643e-01 2.997604e-02 -6.129790e-05 -5.499640e-05 4.539343e-05 -7.529042e-05
12327.940026 7.266430e-01 9.881747e-01 3.463457e-01 3.038515e-02 -6.859735e-05 -5.493748e-05 3.212830e-05 -7.534897e-05
12332.262113 7.326506e-01 9.965928e-01 3.514145e-01 3.004545e-02 -6.296330e-05 -5.066496e-05 2.968233e-05 -7.274556e-05
12336.596391 7.314060e-01 9.953437e-01 3.531650e-01 3.000486e-02 -5.200183e-05 -4.687576e-05 3.154704e-05 -7.474964e-05
12340.942861 7.310874e-01 9.957168e-01 3.551581e-01 3.013171e-02 -5.767106e-05 -4.770658e-05 4.039853e-05 -6.245910e-05
12345.301524 7.295596e-01 9.941318e-01 3.562956e-01 3.022046e-02 -5.185448e-05 -4.463263e-05 4.554702e-05 -6.395085e-05
12349.672378 7.293643e-01 9.944873e-01 3.579461e-01 3.049057e-02 -5.052292e-05 -4.480775e-05 5.388764e-05 -6.292929e-05
12354.055424 7.287992e-01 9.943305e-01 3.592764e-01 3.035405e-02 -4.541296e-05 -5.360536e-05 6.128145e-05 -5.810189e-05
12358.450662 7.280484e-01 9.938710e-01 3.603859e-01 2.986437e-02 -5.592517e-05 -6.314798e-05 6.034881e-05 -5.567479e-05
12362.858091 7.276549e-01 9.940145e-01 3.615785e-01 3.026497e-02 -5.794172e-05 -6.523387e-05 5.144561e-05 -5.388204e-05
12367.277713 7.252640e-01 9.914035e-01 3.619381e-01 3.024922e-02 -6.027634e-05 -5.446878e-05 4.299123e-05 -5.600525e-05
12371.709527 7.231557e-01 9.892316e-01 3.622811e-01 3.001149e-02 -5.028731e-05 -6.132774e-05 4.595428e-05 -5.439457e-05
12376.153532 7.188175e-01 9.843019e-01 3.616408e-01 3.006146e-02 -5.271570e-05 -6.431525e-05 4.945175e-05 -5.101086e-05
12380.609730 7.236049e-01 9.912231e-01 3.655300e-01 3.024118e-02 -5.889123e-05 -6.490077e-05 4.592713e-05 -6.140134e-05
12385.078119 7.234722e-01 9.915570e-01 3.669854e-01 3.004152e-02 -5.883537e-05 -5.817099e-05 3.601174e-05 -6.374424e-05
12389.558700 7.222200e-01 9.904293e-01 3.678221e-01 3.010654e-02 -5.934273e-05 -4.874712e-05 3.029032e-05 -4.854702e-05
12394.051473 7.219803e-01 9.905025e-01 3.689097e-01 3.014079e-02 -5.644625e-05 -5.431679e-05 3.130894e-05 -4.748841e-05
12398.556438 7.209768e-01 9.900182e-01 3.697084e-01 3.026648e-02 -5.304391e-05 -5.301265e-05 3.334055e-05 -5.629245e-05
12403.073595 7.200935e-01 9.894284e-01 3.705283e-01 2.985439e-02 -6.308213e-05 -4.891299e-05 3.249970e-05 -5.707531e-05
12407.602944 7.199133e-01 9.899026e-01 3.716011e-01 3.013435e-02 -6.089814e-05 -5.163477e-05 3.655394e-05 -5.396490e-05
12412.144485 7.190749e-01 9.893967e-01 3.721939e-01 3.013403e-02 -6.608112e-05 -5.286190e-05 3.598173e-05 -5.513549e-05
12416.698218 7.188606e-01 9.897950e-01 3.731164e-01 3.028584e-02 -7.398826e-05 -4.822803e-05 3.283072e-05 -6.077219e-05
12421.264142 7.177422e-01 9.888870e-01 3.735415e-01 3.031749e-02 -7.316547e-05 -4.666016e-05 2.924419e-05 -5.864683e-05
12425.842259 7.165353e-01 9.879922e-01 3.739192e-01 3.035428e-02 -6.837042e-05 -4.065088e-05 3.126280e-05 -6.064925e-05
12430.432567 7.154259e-01 9.869882e-01 3.743776e-01 3.022112e-02 -6.456152e-05 -3.575527e-05 3.646317e-05 -5.734166e-05
12435.035068 7.155710e-01 9.880105e-01 3.754772e-01 3.026290e-02 -6.286212e-05 -4.823447e-05 3.041711e-05 -5.478959e-05
12439.649760 7.158926e-01 9.890910e-01 3.766420e-01 3.050591e-02 -6.836471e-05 -4.254326e-05 3.314384e-05 -5.572216e-05
12444.276644 7.153906e-01 9.887969e-01 3.774682e-01 3.026857e-02 -6.574112e-05 -4.535267e-05 3.690963e-05 -5.527666e-05
12448.915720 7.146276e-01 9.886405e-01 3.785464e-01 3.027585e-02 -7.635461e-05 -4.840760e-05 3.241786e-05 -5.639792e-05
12453.566988 7.136654e-01 9.880709e-01 3.796375e-01 3.015864e-02 -6.784145e-05 -4.853368e-05 2.363613e-05 -5.022503e-05
12458.230448 7.128895e-01 9.875665e-01 3.807500e-01 3.000796e-02 -6.787993e-05 -4.501490e-05 2.501084e-05 -5.758684e-05
12462.906100 7.124228e-01 9.874330e-01 3.821461e-01 3.026157e-02 -7.420764e-05 -5.484918e-05 3.378353e-05 -6.833642e-05
12467.593943 7.115863e-01 9.870571e-01 3.835450e-01 3.029507e-02 -6.469653e-05 -5.045057e-05 3.993266e-05 -6.352598e-05
12472.293979 7.110211e-01 9.868821e-01 3.850593e-01 3.011090e-02 -6.567048e-05 -4.458964e-05 3.472940e-05 -6.368147e-05
12477.006206 7.100970e-01 9.862759e-01 3.865028e-01 3.020868e-02 -6.837927e-05 -4.956806e-05 3.585337e-05 -5.635338e-05
12481.730626 7.092018e-01 9.856728e-01 3.880101e-01 3.034099e-02 -7.020972e-05 -4.739505e-05 4.096809e-05 -4.415378e-05
12486.467237 7.080032e-01 9.846392e-01 3.894073e-01 3.016938e-02 -7.545151e-05 -4.189870e-05 1.700671e-05 -5.521229e-05
12491.216040 7.068565e-01 9.836190e-01 3.907377e-01 3.019367e-02 -7.967390e-05 -3.905597e-05 8.096859e-06 -5.525647e-05
12495.977036 7.071151e-01 9.846432e-01 3.929870e-01 3.033427e-02 -8.047109e-05 -4.145012e-05 1.959859e-05 -5.389789e-05
12500.750223 7.062125e-01 9.841061e-01 3.944387e-01 3.029675e-02 -7.099444e-05 -2.924600e-05 2.402818e-05 -4.446382e-05
12505.535602 7.052289e-01 9.833944e-01 3.958277e-01 3.006689e-02 -7.286198e-05 -2.515652e-05 3.011227e-05 -4.514797e-05
12510.333172 7.041325e-01 9.825494e-01 3.970331e-01 3.009663e-02 -7.744418e-05 -2.651476e-05 3.010961e-05 -4.528174e-05
12515.142935 7.031919e-01 9.818416e-01 3.982199e-01 3.003400e-02 -6.569299e-05 -4.168113e-05 2.635029e-05 -4.867434e-05
12519.964890 7.021346e-01 9.810113e-01 3.991634e-01 3.009305e-02 -6.344544e-05 -3.153558e-05 2.731303e-05 -5.234093e-05
12524.799037 7.016702e-01 9.810918e-01 4.005491e-01 3.023325e-02 -7.209283e-05 -3.904709e-05 2.401735e-05 -4.716219e-05
12529.645375 6.455601e-01 9.031846e-01 3.698166e-01 2.760238e-02 -7.744416e-05 -4.100564e-05 2.264095e-05 -4.257245e-05
12534.503905 1.203396e-01 1.684134e-01 6.905360e-02 5.164661e-03 -1.500068e-05 -9.162593e-06 3.541682e-06 -7.328179e-06
