# Facility: NSLS-II
# Beamline: QAS
# Year: 2022
# Cycle: 2
# SAF: 309618
# PI: Wang
# Proposal: 309017
# Scan ID: 52206
# UID: becd20e6-d9eb-4068-b420-40064344186f
# Comment: 
# Start time: 07/18/2022  09:50:57
# Stop time: 07/18/2022  09:51:29
# Total time: 00:32
# Trajectory name: Pt-L3-30s-11564.txt
# Element: Platinum ( 78)
# Edge: L3
# E0: 11564
# Reference Foil Element: Pt
# Keithley Gains I0: 1E7 V/A It: 1E6 V/A Iref: 1E7 V/A PIPS: 1E8 V/A 
# Ion Chamber Gas Flow Rates: I0: 0.00 sccm He + 99.70 sccm N2 + 0.00 sccm Ar 
# Ion Chamber Gas Flow Rates: It&Iref: 89.80 sccm N2 + 210.20 sccm Ar
# Incident Beam Path Vertical: -27.99 mm
# Incident Slits Positions B: TOP: 1.0 mm Bottom: -1.0 mm Inboard: -2.0 mm Outboard: 2.0 mm
# Sample Stage Positions: Rotation: 45.0 deg Horizontal: 0.00 mm Vertical: -20.00 mm Beam Direction: 0.00 mm
# PerkinElmer Vertical Position: 500.00 mm
# Front End Mirror Horizontal Positions: Up: -14.00 mm Down: -14.00 mm
#
# energy  i0  it  ir  iff  aux1  aux2  aux3  aux4
11382.050629 4.801870e-01 5.574090e-01 6.474572e-01 1.617637e-02 -2.062100e-05 -2.094311e-05 2.838416e-05 -4.739269e-06
11387.050629 9.506108e-01 1.103999e+00 1.284853e+00 3.197312e-02 -4.096476e-05 -4.212829e-05 5.385265e-05 -9.923044e-06
11392.050629 9.556872e-01 1.110921e+00 1.296200e+00 3.224087e-02 -4.562606e-05 -5.505842e-05 5.304340e-05 -1.642488e-05
11397.050629 9.512739e-01 1.106791e+00 1.294667e+00 3.210561e-02 -4.951071e-05 -5.251855e-05 5.902023e-05 -1.639824e-05
11402.050629 9.504826e-01 1.106697e+00 1.298089e+00 3.207183e-02 -4.541348e-05 -4.160665e-05 5.275374e-05 -1.194747e-05
11407.050629 9.484851e-01 1.105321e+00 1.299735e+00 3.224285e-02 -4.050215e-05 -4.266630e-05 5.692196e-05 -1.398320e-05
11412.050629 9.491339e-01 1.107006e+00 1.305223e+00 3.223255e-02 -4.607346e-05 -4.864369e-05 5.181468e-05 -2.166080e-05
11417.050629 9.484575e-01 1.107046e+00 1.308896e+00 3.212947e-02 -4.182692e-05 -4.477708e-05 5.219338e-05 -2.038603e-05
11422.050629 9.453644e-01 1.104615e+00 1.309324e+00 3.213057e-02 -4.879109e-05 -4.379142e-05 5.381928e-05 -2.532944e-05
11427.050629 9.293694e-01 1.087541e+00 1.291691e+00 3.163529e-02 -4.808027e-05 -4.731225e-05 5.398097e-05 -2.318731e-05
11432.050629 9.414203e-01 1.102000e+00 1.312925e+00 3.223341e-02 -4.760957e-05 -4.158885e-05 5.616306e-05 -1.604290e-05
11437.050629 9.425694e-01 1.104282e+00 1.319248e+00 3.222780e-02 -5.223789e-05 -5.097908e-05 5.291326e-05 -2.758986e-05
11442.050629 9.399520e-01 1.102352e+00 1.320177e+00 3.214555e-02 -5.418844e-05 -4.974669e-05 5.451952e-05 -2.808009e-05
11447.050629 9.376053e-01 1.100676e+00 1.321511e+00 3.214979e-02 -4.748979e-05 -4.846762e-05 5.663693e-05 -3.384078e-05
11452.050629 9.371547e-01 1.101053e+00 1.325585e+00 3.217275e-02 -4.461995e-05 -3.869925e-05 5.814271e-05 -3.751310e-05
11457.050629 9.379605e-01 1.103024e+00 1.331231e+00 3.233071e-02 -5.254138e-05 -3.966534e-05 6.343824e-05 -4.563963e-05
11462.050629 9.348649e-01 1.100325e+00 1.331214e+00 3.208364e-02 -5.589017e-05 -4.254840e-05 6.575764e-05 -3.226560e-05
11467.050629 9.332347e-01 1.099483e+00 1.333154e+00 3.209619e-02 -5.404169e-05 -5.030038e-05 5.363836e-05 -2.322784e-05
11472.050629 9.330851e-01 1.100129e+00 1.336960e+00 3.214988e-02 -5.370560e-05 -5.144693e-05 5.655912e-05 -1.802638e-05
11477.050629 9.305787e-01 1.098334e+00 1.337732e+00 3.205567e-02 -4.677313e-05 -4.883577e-05 4.629421e-05 -1.181836e-05
11482.050629 9.295682e-01 1.098144e+00 1.340392e+00 3.201998e-02 -4.985785e-05 -4.859934e-05 3.725666e-05 -7.160377e-06
11487.050629 9.279600e-01 1.097314e+00 1.342160e+00 3.210299e-02 -4.871035e-05 -4.332474e-05 4.188086e-05 -3.852232e-06
11492.050629 9.153987e-01 1.083885e+00 1.327640e+00 3.167393e-02 -4.988965e-05 -3.986699e-05 3.715529e-05 5.592928e-06
11497.050629 9.204084e-01 1.090565e+00 1.338666e+00 3.168672e-02 -4.030648e-05 -3.030952e-05 4.308427e-05 -7.513376e-07
11502.050629 9.293351e-01 1.101641e+00 1.355323e+00 3.228355e-02 -4.357142e-05 -3.762875e-05 5.217774e-05 8.162704e-06
11507.050629 9.275328e-01 1.100534e+00 1.355663e+00 3.224064e-02 -4.339152e-05 -5.039602e-05 5.810750e-05 -5.519518e-06
11512.050629 9.258556e-01 1.099504e+00 1.355794e+00 3.206174e-02 -4.335303e-05 -6.419839e-05 5.961893e-05 1.879587e-06
11517.050629 9.253945e-01 1.100079e+00 1.357381e+00 3.220167e-02 -3.767633e-05 -6.262675e-05 4.681156e-05 -8.606738e-06
11522.050629 9.242657e-01 1.099592e+00 1.356831e+00 3.244666e-02 -2.754573e-05 -6.187923e-05 5.368324e-05 -9.658585e-06
11527.050629 9.253497e-01 1.101883e+00 1.358572e+00 3.235353e-02 -3.419741e-05 -5.453310e-05 5.056466e-05 -1.001435e-05
11532.050629 9.247158e-01 1.102061e+00 1.355857e+00 3.248909e-02 -3.631976e-05 -4.579455e-05 5.834998e-05 -2.006253e-05
11534.000000 9.229645e-01 1.100221e+00 1.351999e+00 3.236824e-02 -3.061497e-05 -4.800785e-05 5.154074e-05 -1.638360e-05
11535.000000 9.216416e-01 1.099034e+00 1.349219e+00 3.219365e-02 -3.450748e-05 -4.896610e-05 5.379236e-05 -1.174728e-05
11536.000000 9.144804e-01 1.091069e+00 1.338084e+00 3.204973e-02 -3.190226e-05 -4.342956e-05 5.482139e-05 -1.104688e-05
11537.000000 9.225145e-01 1.100544e+00 1.348484e+00 3.205540e-02 -4.521212e-05 -4.291303e-05 4.681201e-05 -1.791086e-05
11538.000000 9.213366e-01 1.099042e+00 1.345279e+00 3.221293e-02 -4.847531e-05 -4.973861e-05 5.586941e-05 -2.159841e-05
11539.000000 9.169945e-01 1.094277e+00 1.337476e+00 3.181477e-02 -4.553821e-05 -4.373790e-05 4.839963e-05 -2.577988e-05
11540.000000 9.217499e-01 1.100001e+00 1.342717e+00 3.236636e-02 -4.611969e-05 -4.332312e-05 5.315471e-05 -1.839307e-05
11541.000000 9.260647e-01 1.105568e+00 1.347585e+00 3.311285e-02 -5.269333e-05 -3.983509e-05 5.425124e-05 -3.157583e-05
11541.200000 9.273892e-01 1.106843e+00 1.348642e+00 3.376991e-02 -5.451264e-05 -4.054080e-05 6.002125e-05 -3.187810e-05
11541.400000 9.269046e-01 1.106540e+00 1.346975e+00 3.334282e-02 -5.610696e-05 -4.521954e-05 6.061712e-05 -3.127133e-05
11541.600000 9.362896e-01 1.118228e+00 1.360765e+00 3.069901e-02 -5.392669e-05 -5.248738e-05 6.777599e-05 -1.707799e-05
11541.800000 9.083538e-01 1.084255e+00 1.320002e+00 3.210871e-02 -5.619605e-05 -4.959738e-05 6.552904e-05 -1.425315e-05
11542.000000 9.260227e-01 1.106451e+00 1.344694e+00 3.393209e-02 -6.575926e-05 -5.840502e-05 7.449173e-05 -1.127292e-05
11542.200000 9.069546e-01 1.083504e+00 1.318359e+00 3.176157e-02 -5.645313e-05 -5.861186e-05 6.972494e-05 -1.481783e-06
11542.400000 9.194637e-01 1.097371e+00 1.333898e+00 3.091979e-02 -4.661904e-05 -5.224415e-05 6.376029e-05 -1.175258e-05
11542.600000 8.991930e-01 1.073054e+00 1.303704e+00 3.192324e-02 -5.284767e-05 -3.991110e-05 5.969788e-05 -2.390264e-05
11542.800000 9.437943e-01 1.126216e+00 1.368310e+00 3.318675e-02 -5.769574e-05 -4.351525e-05 4.557431e-05 -2.370279e-05
11543.000000 9.181131e-01 1.096417e+00 1.331102e+00 3.093170e-02 -5.752779e-05 -4.536587e-05 5.802538e-05 -1.208272e-05
11543.200000 9.113413e-01 1.088598e+00 1.320688e+00 3.057771e-02 -5.827861e-05 -5.128618e-05 5.352250e-05 -1.098865e-05
11543.400000 9.271808e-01 1.107097e+00 1.341883e+00 3.303681e-02 -5.668999e-05 -4.985828e-05 5.268589e-05 -6.142920e-06
11543.600000 9.106574e-01 1.088283e+00 1.318862e+00 3.277608e-02 -4.704441e-05 -6.054312e-05 5.739711e-05 2.320491e-07
11543.800000 9.421167e-01 1.124788e+00 1.363830e+00 3.367960e-02 -4.578088e-05 -4.922293e-05 5.486050e-05 1.199366e-06
11544.000000 8.987975e-01 1.072075e+00 1.300708e+00 2.873425e-02 -5.515901e-05 -5.089706e-05 6.056704e-05 -1.685327e-05
11544.200000 9.295889e-01 1.110158e+00 1.344679e+00 3.184115e-02 -6.024830e-05 -5.371037e-05 6.194272e-05 -1.895759e-05
11544.400000 9.405153e-01 1.122900e+00 1.359370e+00 3.379452e-02 -5.332202e-05 -5.824353e-05 5.929425e-05 -8.698252e-06
11544.600000 9.199498e-01 1.098353e+00 1.329562e+00 3.126155e-02 -4.408385e-05 -4.652993e-05 7.032033e-05 -2.293677e-05
11544.800000 9.238158e-01 1.103770e+00 1.334350e+00 3.168429e-02 -4.377688e-05 -4.187344e-05 6.307695e-05 -7.420528e-06
11545.000000 9.210275e-01 1.100042e+00 1.329168e+00 3.411895e-02 -4.323521e-05 -4.861624e-05 6.041318e-05 -1.508336e-05
11545.200000 9.375211e-01 1.119805e+00 1.352474e+00 3.331876e-02 -4.665567e-05 -6.014582e-05 5.425225e-05 -1.980751e-05
11545.400000 9.095874e-01 1.087427e+00 1.312167e+00 2.973200e-02 -4.559072e-05 -5.248876e-05 3.456970e-05 -2.914349e-05
11545.600000 9.171737e-01 1.096501e+00 1.322138e+00 3.320150e-02 -4.349338e-05 -5.553962e-05 4.609951e-05 -2.141471e-05
11545.800000 8.999854e-01 1.075726e+00 1.295962e+00 3.262100e-02 -4.596603e-05 -6.015088e-05 5.433316e-05 -2.145590e-05
11546.000000 9.275864e-01 1.108005e+00 1.335110e+00 3.395790e-02 -4.405927e-05 -5.102223e-05 6.781418e-05 -1.978906e-05
11546.200000 9.318005e-01 1.112727e+00 1.340408e+00 3.206103e-02 -3.992737e-05 -5.101468e-05 5.346703e-05 -2.711196e-05
11546.400000 9.325587e-01 1.114708e+00 1.341252e+00 3.026322e-02 -4.321678e-05 -4.755522e-05 5.472232e-05 -2.617251e-05
11546.600000 9.300342e-01 1.111261e+00 1.336689e+00 3.115273e-02 -3.886898e-05 -4.958241e-05 5.652497e-05 -2.653396e-05
11546.800000 9.109048e-01 1.089070e+00 1.307909e+00 3.198528e-02 -3.962655e-05 -4.791845e-05 3.989484e-05 -1.492917e-05
11547.000000 9.349705e-01 1.117390e+00 1.341593e+00 3.396999e-02 -4.321800e-05 -5.854420e-05 5.880606e-05 -2.594531e-05
11547.200000 9.133738e-01 1.090559e+00 1.309621e+00 3.366450e-02 -3.683384e-05 -6.515738e-05 6.535774e-05 -2.299859e-05
11547.400000 9.258167e-01 1.105974e+00 1.326306e+00 3.031594e-02 -3.712056e-05 -6.740362e-05 6.958749e-05 -2.651380e-05
11547.600000 9.291414e-01 1.110002e+00 1.329946e+00 3.397674e-02 -4.158139e-05 -6.856716e-05 7.263816e-05 -2.139356e-05
11547.800000 9.176144e-01 1.096990e+00 1.313761e+00 3.133248e-02 -3.877626e-05 -6.729633e-05 6.946769e-05 -1.166816e-05
11548.000000 9.305688e-01 1.112570e+00 1.331190e+00 3.201489e-02 -4.092752e-05 -7.349963e-05 5.784847e-05 -2.097396e-05
11548.200000 9.316654e-01 1.113888e+00 1.331419e+00 3.222174e-02 -3.768942e-05 -6.423321e-05 4.915459e-05 -2.500262e-05
11548.400000 9.059345e-01 1.083761e+00 1.293871e+00 3.409865e-02 -3.738981e-05 -6.225146e-05 5.356334e-05 -9.410066e-06
11548.600000 9.184134e-01 1.098498e+00 1.310593e+00 3.292454e-02 -4.287844e-05 -7.072162e-05 6.383607e-05 -8.693513e-06
11548.800000 9.176385e-01 1.097319e+00 1.307939e+00 2.920494e-02 -3.866857e-05 -6.787854e-05 6.107407e-05 -9.201559e-06
11549.000000 9.174170e-01 1.096488e+00 1.306548e+00 3.102529e-02 -3.652594e-05 -7.123544e-05 6.250245e-05 -6.767220e-06
11549.200000 9.244173e-01 1.104566e+00 1.314740e+00 3.383808e-02 -4.449261e-05 -6.478373e-05 7.861155e-05 -3.419002e-05
11549.400000 9.200548e-01 1.099988e+00 1.307895e+00 3.270644e-02 -4.407886e-05 -6.468761e-05 6.819591e-05 -4.987207e-05
11549.600000 9.263889e-01 1.107784e+00 1.315766e+00 3.255845e-02 -4.840005e-05 -7.083711e-05 5.079347e-05 -2.170875e-05
11549.800000 9.068946e-01 1.084480e+00 1.286836e+00 3.238682e-02 -4.534722e-05 -6.905741e-05 5.313527e-05 -1.743107e-05
11550.000000 9.330915e-01 1.115974e+00 1.322358e+00 3.362304e-02 -4.640055e-05 -6.912295e-05 6.299989e-05 -2.135899e-05
11550.200000 9.196059e-01 1.099612e+00 1.302613e+00 3.308957e-02 -3.960089e-05 -6.243833e-05 7.341494e-05 -1.104742e-05
11550.400000 9.293742e-01 1.111399e+00 1.314666e+00 3.108488e-02 -4.746279e-05 -5.655257e-05 6.022601e-05 -6.920494e-06
11550.600000 9.158306e-01 1.094849e+00 1.293701e+00 3.232380e-02 -4.640579e-05 -5.938998e-05 5.172124e-05 -3.507820e-06
11550.800000 9.317285e-01 1.113807e+00 1.314644e+00 3.320170e-02 -4.288903e-05 -5.183714e-05 5.827612e-05 2.703466e-06
11551.000000 9.166425e-01 1.096267e+00 1.291449e+00 3.156012e-02 -5.788674e-05 -4.857154e-05 4.531816e-05 -2.755126e-06
11551.200000 9.262085e-01 1.107407e+00 1.303697e+00 3.304931e-02 -5.684607e-05 -4.202100e-05 4.802793e-05 -7.398182e-06
11551.400000 9.177509e-01 1.097017e+00 1.291034e+00 3.083865e-02 -4.881889e-05 -5.738165e-05 4.865290e-05 -1.012071e-05
11551.600000 9.268148e-01 1.108225e+00 1.301789e+00 3.146912e-02 -4.590762e-05 -5.089637e-05 5.195376e-05 -2.229429e-06
11551.800000 9.177483e-01 1.097716e+00 1.288416e+00 3.177734e-02 -4.075350e-05 -5.104466e-05 5.964355e-05 -3.910337e-06
11552.000000 9.340836e-01 1.116685e+00 1.307863e+00 3.217101e-02 -4.161164e-05 -5.036569e-05 5.685494e-05 -5.129656e-06
11552.200000 9.229630e-01 1.103718e+00 1.290837e+00 3.342147e-02 -5.410272e-05 -4.550840e-05 5.501741e-05 -1.016158e-05
11552.400000 9.211453e-01 1.101821e+00 1.286602e+00 3.144146e-02 -5.266412e-05 -4.922879e-05 6.617704e-05 -1.101079e-05
11552.600000 9.294568e-01 1.112184e+00 1.296524e+00 3.334857e-02 -5.034314e-05 -5.165666e-05 5.404696e-05 -1.883230e-05
11552.800000 9.202435e-01 1.101143e+00 1.281934e+00 3.248608e-02 -5.258549e-05 -6.082251e-05 5.552923e-05 -8.028450e-06
11553.000000 9.270252e-01 1.108894e+00 1.289092e+00 3.225981e-02 -4.791877e-05 -6.193668e-05 6.296933e-05 -1.706430e-06
11553.200000 9.157868e-01 1.095586e+00 1.271348e+00 3.042508e-02 -3.879660e-05 -5.679657e-05 6.810414e-05 8.821940e-06
11553.400000 9.397536e-01 1.123715e+00 1.302807e+00 3.278550e-02 -4.073520e-05 -5.402922e-05 6.524263e-05 5.987523e-06
11553.600000 9.175072e-01 1.097498e+00 1.268966e+00 3.111607e-02 -4.930150e-05 -5.755440e-05 6.213183e-05 -4.261744e-06
11553.800000 9.228242e-01 1.104337e+00 1.274271e+00 3.241986e-02 -4.709376e-05 -5.796892e-05 5.407852e-05 -4.388868e-06
11554.000000 9.249062e-01 1.106999e+00 1.274608e+00 3.276925e-02 -4.835404e-05 -5.728959e-05 7.705514e-05 3.059488e-08
11554.200000 9.247640e-01 1.106129e+00 1.272169e+00 3.257356e-02 -3.713160e-05 -4.928104e-05 6.598119e-05 -7.238401e-06
11554.400000 9.183934e-01 1.099036e+00 1.261359e+00 3.221618e-02 -4.334306e-05 -4.898136e-05 4.941176e-05 -1.075457e-05
11554.600000 9.253529e-01 1.107342e+00 1.267869e+00 3.293648e-02 -4.613554e-05 -5.248144e-05 6.401509e-05 -6.875155e-06
11554.800000 9.331634e-01 1.116798e+00 1.275848e+00 3.215051e-02 -4.183101e-05 -6.389572e-05 7.023028e-05 -2.072671e-06
11555.000000 9.140561e-01 1.093608e+00 1.246551e+00 3.276226e-02 -3.654365e-05 -5.607396e-05 6.992056e-05 -5.063791e-06
11555.200000 9.245447e-01 1.106073e+00 1.258381e+00 3.389562e-02 -4.560429e-05 -6.262006e-05 7.385052e-05 -1.232579e-05
11555.400000 9.288428e-01 1.111131e+00 1.260598e+00 3.368716e-02 -4.602911e-05 -6.245916e-05 7.571206e-05 5.141043e-06
11555.600000 9.126360e-01 1.092342e+00 1.236167e+00 3.108186e-02 -3.834685e-05 -5.795591e-05 7.094946e-05 1.033904e-05
11555.800000 9.271140e-01 1.109511e+00 1.253485e+00 3.089878e-02 -3.751155e-05 -6.522578e-05 5.973679e-05 -4.488034e-06
11556.000000 9.237050e-01 1.105365e+00 1.244775e+00 3.297038e-02 -3.066346e-05 -7.024479e-05 6.530550e-05 -1.075033e-05
11556.200000 9.277419e-01 1.110126e+00 1.245618e+00 3.389825e-02 -3.276511e-05 -6.863549e-05 6.479776e-05 -1.179231e-05
11556.400000 9.203726e-01 1.101694e+00 1.232497e+00 3.182498e-02 -4.736706e-05 -7.057985e-05 5.592549e-05 -9.600919e-06
11556.600000 9.128423e-01 1.092924e+00 1.218746e+00 3.003230e-02 -4.927267e-05 -6.407293e-05 4.448958e-05 -4.049163e-06
11556.800000 9.109822e-01 1.090592e+00 1.212159e+00 3.352207e-02 -4.651068e-05 -6.162307e-05 6.306496e-05 3.988801e-06
11557.000000 9.173438e-01 1.097812e+00 1.217848e+00 3.169644e-02 -4.222041e-05 -5.647926e-05 6.485628e-05 5.846560e-06
11557.200000 9.250763e-01 1.106947e+00 1.224559e+00 3.249396e-02 -3.759685e-05 -6.057460e-05 6.137654e-05 6.774450e-06
11557.400000 9.251678e-01 1.107283e+00 1.220222e+00 3.154495e-02 -2.040230e-05 -6.575401e-05 6.092057e-05 1.019433e-05
11557.600000 9.189373e-01 1.100102e+00 1.206457e+00 3.233815e-02 -2.638928e-05 -6.580202e-05 5.142900e-05 1.093645e-05
11557.800000 9.087948e-01 1.089012e+00 1.188587e+00 3.317284e-02 -2.406691e-05 -6.436586e-05 5.734919e-05 6.283106e-06
11558.000000 9.123096e-01 1.092198e+00 1.188985e+00 3.044603e-02 -2.911169e-05 -6.478093e-05 5.063717e-05 -3.868112e-06
11558.200000 9.323965e-01 1.116011e+00 1.210923e+00 3.343923e-02 -2.617187e-05 -4.822449e-05 4.593817e-05 -5.264802e-06
11558.400000 9.174924e-01 1.098226e+00 1.186024e+00 3.369660e-02 -3.102746e-05 -4.551821e-05 5.023921e-05 -1.838251e-06
11558.600000 9.277643e-01 1.111268e+00 1.193957e+00 3.095935e-02 -3.595734e-05 -5.426185e-05 4.452375e-05 3.447159e-07
11558.800000 9.206813e-01 1.102815e+00 1.178672e+00 3.263682e-02 -3.740379e-05 -5.816337e-05 5.231010e-05 -1.062872e-05
11559.000000 9.130299e-01 1.093699e+00 1.162738e+00 3.353715e-02 -4.271830e-05 -5.408798e-05 4.379486e-05 -1.591913e-05
11559.200000 9.150752e-01 1.096178e+00 1.159543e+00 3.194060e-02 -4.042715e-05 -5.195511e-05 4.174439e-05 -2.168418e-05
11559.400000 9.329291e-01 1.117564e+00 1.177243e+00 3.250033e-02 -2.705981e-05 -5.083062e-05 4.692587e-05 -1.678791e-05
11559.600000 9.187736e-01 1.100492e+00 1.151960e+00 3.313993e-02 -3.579532e-05 -4.794764e-05 3.814464e-05 -8.320275e-06
11559.800000 9.207681e-01 1.102955e+00 1.147190e+00 3.115075e-02 -4.364403e-05 -5.394966e-05 4.180293e-05 -1.358595e-05
11560.000000 9.237905e-01 1.106225e+00 1.143249e+00 3.228397e-02 -5.039047e-05 -4.431949e-05 3.746620e-05 -1.619571e-05
11560.200000 9.281026e-01 1.111107e+00 1.140996e+00 3.187393e-02 -5.586054e-05 -4.409170e-05 3.076051e-05 -6.543924e-06
11560.400000 9.270635e-01 1.109872e+00 1.132757e+00 3.341600e-02 -4.521111e-05 -4.429839e-05 3.360917e-05 -1.265014e-05
11560.600000 9.297782e-01 1.113500e+00 1.127354e+00 3.166151e-02 -3.984171e-05 -3.918111e-05 4.198224e-05 -1.407538e-05
11560.800000 9.313036e-01 1.115471e+00 1.120585e+00 3.307761e-02 -4.366950e-05 -3.789771e-05 4.576795e-05 -2.685244e-05
11561.000000 9.017351e-01 1.079845e+00 1.076264e+00 3.243262e-02 -5.001985e-05 -3.986197e-05 5.270543e-05 -2.196508e-05
11561.200000 9.271850e-01 1.110816e+00 1.097869e+00 3.295848e-02 -4.559364e-05 -3.939426e-05 4.027489e-05 -1.006145e-05
11561.400000 9.158831e-01 1.097360e+00 1.073979e+00 3.104267e-02 -4.468049e-05 -4.242058e-05 4.808836e-05 -3.690018e-06
11561.600000 9.240149e-01 1.106930e+00 1.073568e+00 3.290332e-02 -4.002402e-05 -3.343683e-05 5.168176e-05 -1.283564e-05
11561.800000 9.276810e-01 1.111026e+00 1.066881e+00 3.253694e-02 -4.145267e-05 -3.244897e-05 4.434763e-05 -2.602684e-05
11562.000000 9.220578e-01 1.104757e+00 1.047455e+00 3.213669e-02 -4.645667e-05 -4.235732e-05 5.462126e-05 -2.984097e-05
11562.200000 9.258690e-01 1.109315e+00 1.038986e+00 3.180663e-02 -4.672908e-05 -4.659946e-05 5.134260e-05 -3.002381e-05
11562.400000 9.181875e-01 1.100545e+00 1.017265e+00 3.262028e-02 -4.628548e-05 -4.657748e-05 4.909983e-05 -2.767433e-05
11562.600000 9.038053e-01 1.083749e+00 9.877461e-01 3.081247e-02 -4.564771e-05 -5.160270e-05 3.658146e-05 -3.077680e-05
11562.800000 9.298175e-01 1.114104e+00 1.003750e+00 3.257717e-02 -4.868398e-05 -5.305656e-05 4.555207e-05 -2.574296e-05
11563.000000 9.211901e-01 1.103878e+00 9.791560e-01 3.335042e-02 -4.614604e-05 -5.026477e-05 4.492318e-05 -3.679440e-05
11563.200000 9.242047e-01 1.107365e+00 9.667202e-01 3.217143e-02 -4.847528e-05 -4.858872e-05 4.566155e-05 -2.982852e-05
11563.400000 9.159226e-01 1.097438e+00 9.414686e-01 3.121866e-02 -4.736126e-05 -5.035802e-05 4.227967e-05 -1.896196e-05
11563.600000 9.297843e-01 1.113890e+00 9.402309e-01 3.230603e-02 -5.199537e-05 -5.208529e-05 4.360408e-05 -7.566330e-06
11563.800000 9.225967e-01 1.105620e+00 9.129539e-01 3.241146e-02 -5.276127e-05 -5.185057e-05 3.500663e-05 -8.470492e-06
11564.000000 9.219149e-01 1.104843e+00 8.928931e-01 3.223289e-02 -4.329646e-05 -4.518710e-05 4.100619e-05 -9.712141e-06
11564.200000 9.201608e-01 1.102965e+00 8.696032e-01 3.381891e-02 -3.787428e-05 -5.349929e-05 4.047470e-05 -4.003173e-06
11564.400000 9.171066e-01 1.099821e+00 8.462478e-01 3.193756e-02 -4.765777e-05 -6.182986e-05 4.109740e-05 -5.248912e-06
11564.600000 9.389031e-01 1.125083e+00 8.438068e-01 3.212760e-02 -5.026926e-05 -5.647118e-05 3.444492e-05 -6.266264e-06
11564.800000 9.088265e-01 1.089353e+00 7.936042e-01 3.120777e-02 -4.849488e-05 -5.048333e-05 4.291214e-05 -1.093168e-05
11565.000000 9.266627e-01 1.111257e+00 7.841961e-01 3.186296e-02 -5.078545e-05 -5.811032e-05 3.796213e-05 -1.112002e-05
11565.200000 9.145112e-01 1.096274e+00 7.483378e-01 3.294207e-02 -5.007267e-05 -5.469855e-05 3.276420e-05 -2.277245e-05
11565.400000 9.152832e-01 1.097783e+00 7.205614e-01 3.280691e-02 -5.064584e-05 -5.339864e-05 3.581219e-05 -1.209784e-05
11565.600000 9.265326e-01 1.110883e+00 7.031558e-01 3.165458e-02 -4.371341e-05 -5.151039e-05 3.933811e-05 -1.271738e-05
11565.800000 9.198990e-01 1.102978e+00 6.702086e-01 3.118196e-02 -5.176845e-05 -5.360991e-05 3.715761e-05 -8.646681e-06
11566.000000 9.239300e-01 1.107905e+00 6.433871e-01 3.283133e-02 -5.428832e-05 -5.366045e-05 2.329244e-05 -1.162377e-05
11566.200000 9.078939e-01 1.089424e+00 5.981622e-01 3.155505e-02 -4.860821e-05 -4.640913e-05 4.701656e-05 -1.448903e-05
11566.400000 9.238067e-01 1.107398e+00 5.787560e-01 3.341221e-02 -3.834826e-05 -5.268207e-05 4.121104e-05 -2.098755e-05
11566.600000 9.268898e-01 1.111243e+00 5.482784e-01 3.310648e-02 -3.648655e-05 -5.596687e-05 4.487659e-05 -2.464333e-05
11566.800000 9.198068e-01 1.102648e+00 5.117882e-01 3.145518e-02 -3.402177e-05 -5.381082e-05 4.890027e-05 -1.987040e-05
11567.000000 9.248228e-01 1.108420e+00 4.831566e-01 3.257805e-02 -4.763894e-05 -4.719325e-05 4.493847e-05 -2.551785e-05
11567.200000 9.196051e-01 1.102930e+00 4.457250e-01 3.153412e-02 -4.877244e-05 -5.391935e-05 3.488725e-05 -2.177729e-05
11567.400000 9.267127e-01 1.111745e+00 4.181729e-01 3.229953e-02 -4.806021e-05 -5.562307e-05 2.953132e-05 -1.767792e-05
11567.600000 9.223439e-01 1.106693e+00 3.854292e-01 3.237556e-02 -4.585105e-05 -4.760973e-05 4.381595e-05 -1.451316e-05
11567.800000 9.225743e-01 1.106671e+00 3.562329e-01 3.241166e-02 -5.168780e-05 -5.287412e-05 4.394770e-05 -1.099056e-05
11568.000000 9.185218e-01 1.101413e+00 3.266896e-01 3.250601e-02 -4.673314e-05 -5.579797e-05 3.530854e-05 -2.161994e-05
11568.200000 9.266893e-01 1.111298e+00 3.031944e-01 3.191756e-02 -5.142726e-05 -5.532141e-05 4.231584e-05 -1.968396e-05
11568.400000 9.191668e-01 1.103144e+00 2.769274e-01 3.400408e-02 -5.481357e-05 -5.358769e-05 4.873778e-05 -2.047564e-05
11568.600000 9.222097e-01 1.106854e+00 2.541476e-01 3.221161e-02 -4.890782e-05 -6.383411e-05 5.309303e-05 -1.210680e-05
11568.800000 9.222558e-01 1.106330e+00 2.345096e-01 3.250875e-02 -4.042265e-05 -6.630936e-05 4.579438e-05 -1.949900e-05
11569.000000 9.271657e-01 1.112148e+00 2.172267e-01 3.202318e-02 -4.301690e-05 -6.005812e-05 3.553376e-05 -1.885105e-05
11569.200000 9.193526e-01 1.103179e+00 1.990057e-01 3.229303e-02 -4.393562e-05 -6.703176e-05 2.440574e-05 -1.441543e-05
11569.400000 9.242136e-01 1.108911e+00 1.852771e-01 3.184115e-02 -4.390281e-05 -7.600814e-05 3.018147e-05 -1.527129e-05
11569.600000 9.175958e-01 1.100785e+00 1.726056e-01 3.241615e-02 -4.041119e-05 -7.868970e-05 3.498950e-05 -1.139096e-05
11569.800000 9.252844e-01 1.110006e+00 1.646811e-01 3.369822e-02 -4.340715e-05 -7.079966e-05 3.021823e-05 -2.307610e-05
11570.000000 9.117059e-01 1.094710e+00 1.535798e-01 3.242366e-02 -3.645641e-05 -6.611727e-05 3.199082e-05 -2.171655e-05
11570.200000 9.245223e-01 1.109220e+00 1.500726e-01 3.364874e-02 -4.607697e-05 -4.725243e-05 3.959325e-05 -2.583086e-05
11570.400000 9.227679e-01 1.107205e+00 1.454164e-01 3.302585e-02 -5.178950e-05 -4.316598e-05 3.284617e-05 -2.853092e-05
11570.600000 9.239782e-01 1.108853e+00 1.424839e-01 3.242452e-02 -4.838048e-05 -3.719723e-05 1.875592e-05 -2.454664e-05
11570.800000 9.269072e-01 1.112069e+00 1.413171e-01 3.332224e-02 -4.154019e-05 -3.288074e-05 2.334703e-05 -2.608964e-05
11571.000000 9.260782e-01 1.111119e+00 1.404881e-01 3.253607e-02 -4.419186e-05 -3.569895e-05 3.321823e-05 -2.246988e-05
11571.200000 9.220454e-01 1.106593e+00 1.403413e-01 3.208947e-02 -4.196123e-05 -4.580085e-05 3.454725e-05 -1.761742e-05
11571.400000 9.263624e-01 1.111286e+00 1.421713e-01 3.296088e-02 -5.188407e-05 -4.599441e-05 3.079676e-05 -1.667721e-05
11571.600000 9.241245e-01 1.108735e+00 1.436985e-01 3.289764e-02 -4.941286e-05 -4.176372e-05 3.993351e-05 -1.438135e-05
11571.800000 9.176901e-01 1.101664e+00 1.453779e-01 3.106540e-02 -6.020567e-05 -5.650025e-05 3.448409e-05 -1.977740e-05
11572.000000 9.207019e-01 1.104947e+00 1.487800e-01 3.301449e-02 -5.972869e-05 -5.302656e-05 3.510260e-05 -2.514729e-05
11572.200000 9.275729e-01 1.113247e+00 1.533532e-01 3.251884e-02 -5.386773e-05 -5.069265e-05 2.573635e-05 -3.302056e-05
11572.400000 9.232999e-01 1.107963e+00 1.563098e-01 3.261110e-02 -4.617646e-05 -3.751940e-05 3.307333e-05 -2.575098e-05
11572.600000 9.247512e-01 1.110400e+00 1.603896e-01 3.281237e-02 -4.156550e-05 -4.461914e-05 3.291270e-05 -1.775338e-05
11572.800000 9.249638e-01 1.109857e+00 1.644244e-01 3.316350e-02 -4.275187e-05 -5.891961e-05 3.526416e-05 -1.295507e-05
11573.000000 9.274400e-01 1.113085e+00 1.689759e-01 3.272356e-02 -4.027849e-05 -5.626364e-05 3.124493e-05 -2.627397e-05
11573.200000 9.225787e-01 1.107769e+00 1.725097e-01 3.236475e-02 -4.307617e-05 -5.809450e-05 2.787569e-05 -3.032927e-05
11573.400000 9.270690e-01 1.112969e+00 1.773285e-01 3.245168e-02 -4.533210e-05 -5.262757e-05 2.887246e-05 -2.657537e-05
11573.600000 9.224363e-01 1.107534e+00 1.807955e-01 3.274026e-02 -4.696719e-05 -5.455885e-05 2.258377e-05 -1.921996e-05
11573.800000 9.250081e-01 1.110694e+00 1.850743e-01 3.235529e-02 -5.170167e-05 -5.390050e-05 2.870430e-05 -1.020063e-05
11574.000000 9.263970e-01 1.112122e+00 1.892745e-01 3.247214e-02 -4.094008e-05 -4.363624e-05 2.679673e-05 -1.406127e-05
11574.200000 9.243822e-01 1.110128e+00 1.924965e-01 3.268257e-02 -4.268741e-05 -4.743810e-05 2.402350e-05 8.133137e-07
11574.400000 9.246122e-01 1.110187e+00 1.963403e-01 3.304745e-02 -5.513117e-05 -4.794875e-05 3.315851e-05 -8.609815e-06
11574.600000 9.215838e-01 1.106847e+00 1.992235e-01 3.274248e-02 -5.340228e-05 -4.701582e-05 4.290790e-05 -8.147007e-06
11574.800000 9.257453e-01 1.111471e+00 2.033093e-01 3.233836e-02 -4.280768e-05 -4.745653e-05 3.613263e-05 -1.642399e-05
11575.000000 9.250368e-01 1.110441e+00 2.062040e-01 3.238649e-02 -4.813131e-05 -5.905738e-05 2.928817e-05 -2.232146e-05
11575.200000 9.228591e-01 1.108250e+00 2.087688e-01 3.249618e-02 -4.749557e-05 -6.170857e-05 4.743517e-05 -2.043598e-05
11575.400000 9.242166e-01 1.109941e+00 2.121932e-01 3.214708e-02 -5.465498e-05 -6.037585e-05 3.377660e-05 -4.172918e-05
11575.600000 9.248074e-01 1.110763e+00 2.151856e-01 3.234442e-02 -5.835404e-05 -6.304646e-05 3.986593e-05 -3.798490e-05
11575.800000 9.211443e-01 1.106550e+00 2.169464e-01 3.256922e-02 -6.325008e-05 -5.884199e-05 4.837008e-05 -2.577436e-05
11576.000000 9.256827e-01 1.111838e+00 2.205752e-01 3.252097e-02 -6.034720e-05 -5.282811e-05 3.880298e-05 -2.195564e-05
11576.200000 9.246968e-01 1.110592e+00 2.227237e-01 3.218690e-02 -6.776310e-05 -4.939232e-05 3.169038e-05 -1.112601e-05
11576.400000 9.242748e-01 1.110264e+00 2.250910e-01 3.218489e-02 -6.493259e-05 -4.911279e-05 2.906959e-05 -7.981588e-06
11576.600000 9.259756e-01 1.111928e+00 2.277015e-01 3.232321e-02 -5.524912e-05 -5.682277e-05 3.605265e-05 -4.575542e-06
11576.800000 9.281125e-01 1.114545e+00 2.304185e-01 3.266265e-02 -4.883202e-05 -6.290616e-05 4.131483e-05 -4.531300e-06
11577.000000 9.286518e-01 1.114873e+00 2.328033e-01 3.281079e-02 -5.100457e-05 -5.923866e-05 4.116152e-05 -7.174880e-06
11577.200000 9.267656e-01 1.112887e+00 2.344613e-01 3.264160e-02 -5.182406e-05 -5.415278e-05 4.447825e-05 -9.973618e-06
11577.400000 9.274703e-01 1.113889e+00 2.364689e-01 3.233123e-02 -4.684398e-05 -4.386735e-05 4.068035e-05 -7.703251e-06
11577.600000 9.280027e-01 1.114718e+00 2.385643e-01 3.315787e-02 -4.682227e-05 -4.413384e-05 4.329441e-05 -1.585960e-06
11577.800000 9.261589e-01 1.112460e+00 2.399316e-01 3.303584e-02 -5.303760e-05 -4.621011e-05 4.516152e-05 1.075703e-07
11578.000000 9.266396e-01 1.112846e+00 2.417756e-01 3.298403e-02 -5.484770e-05 -4.656534e-05 3.725686e-05 2.395025e-06
11578.200000 9.250649e-01 1.111215e+00 2.430401e-01 3.288050e-02 -4.986141e-05 -4.509598e-05 4.737720e-05 3.508037e-06
11578.400000 9.223161e-01 1.108047e+00 2.437756e-01 3.275209e-02 -5.100327e-05 -4.468119e-05 5.221664e-05 1.585468e-05
11578.600000 9.276214e-01 1.114188e+00 2.462849e-01 3.240342e-02 -5.550302e-05 -4.460370e-05 4.469364e-05 7.449326e-06
11578.800000 9.271759e-01 1.113674e+00 2.472902e-01 3.306385e-02 -6.615130e-05 -5.596320e-05 4.742312e-05 -7.164680e-07
11579.000000 9.266131e-01 1.113046e+00 2.481516e-01 3.303644e-02 -6.530454e-05 -6.483503e-05 5.281955e-05 3.615806e-06
11579.200000 9.247918e-01 1.111250e+00 2.484425e-01 3.237527e-02 -6.351597e-05 -5.877030e-05 5.683445e-05 -4.836089e-06
11579.400000 9.263191e-01 1.112810e+00 2.493011e-01 3.266292e-02 -5.452128e-05 -5.242329e-05 6.122071e-05 -6.888575e-06
11579.600000 9.262882e-01 1.112513e+00 2.498800e-01 3.253623e-02 -5.634163e-05 -5.851381e-05 5.931720e-05 6.787934e-06
11579.800000 9.266483e-01 1.113624e+00 2.504382e-01 3.283951e-02 -7.236333e-05 -6.257852e-05 6.407960e-05 1.292601e-07
11580.000000 9.283229e-01 1.115315e+00 2.507314e-01 3.291251e-02 -6.921233e-05 -6.346098e-05 5.866881e-05 -1.975391e-05
11580.200000 9.337804e-01 1.121120e+00 2.519681e-01 3.183607e-02 -6.445686e-05 -5.872671e-05 6.000159e-05 -6.849546e-06
11580.400000 9.252945e-01 1.111606e+00 2.496186e-01 3.258249e-02 -5.776153e-05 -6.196929e-05 5.068959e-05 -6.057953e-06
11580.600000 9.220179e-01 1.107913e+00 2.482727e-01 3.260560e-02 -5.853461e-05 -6.849800e-05 4.916991e-05 -4.488781e-06
11580.800000 9.281611e-01 1.115049e+00 2.496390e-01 3.315675e-02 -5.963481e-05 -6.997689e-05 4.804216e-05 -1.429180e-05
11581.000000 9.329426e-01 1.120676e+00 2.501836e-01 3.238532e-02 -6.502135e-05 -6.320037e-05 4.817459e-05 -2.450925e-05
11581.200000 9.241954e-01 1.110290e+00 2.468816e-01 3.190345e-02 -6.308752e-05 -6.111358e-05 4.618061e-05 -2.353915e-05
11581.400000 9.243988e-01 1.110525e+00 2.459763e-01 3.274543e-02 -5.626993e-05 -6.240794e-05 4.758860e-05 -2.408257e-05
11581.600000 9.274273e-01 1.114153e+00 2.456908e-01 3.280348e-02 -5.547812e-05 -6.628912e-05 4.629886e-05 -3.048433e-05
11581.800000 9.311078e-01 1.118601e+00 2.457742e-01 3.249034e-02 -5.784507e-05 -5.746385e-05 5.415679e-05 -2.431875e-05
11582.000000 9.274100e-01 1.114668e+00 2.436560e-01 3.255765e-02 -6.643095e-05 -6.290163e-05 6.235521e-05 -2.602897e-05
11582.200000 9.274561e-01 1.114433e+00 2.423766e-01 3.266410e-02 -7.039851e-05 -6.649979e-05 6.386743e-05 -2.069760e-05
11582.400000 9.248513e-01 1.111458e+00 2.404944e-01 3.176735e-02 -7.022945e-05 -6.247367e-05 6.270764e-05 -2.228578e-05
11582.600000 9.180896e-01 1.103987e+00 2.374358e-01 3.241340e-02 -6.201258e-05 -6.906661e-05 5.510353e-05 -2.767048e-05
11582.800000 9.286178e-01 1.115931e+00 2.391068e-01 3.300240e-02 -6.539740e-05 -7.036196e-05 5.379580e-05 -1.375820e-05
11583.000000 9.273515e-01 1.114651e+00 2.375257e-01 3.246761e-02 -6.061812e-05 -5.960554e-05 4.902812e-05 -1.873743e-06
11583.200000 9.286024e-01 1.116033e+00 2.367653e-01 3.341776e-02 -5.832816e-05 -5.618184e-05 4.622699e-05 1.026048e-06
11583.400000 9.248648e-01 1.111872e+00 2.346082e-01 3.258566e-02 -5.585569e-05 -5.341109e-05 4.381331e-05 -2.802882e-07
11583.600000 9.235552e-01 1.110822e+00 2.331053e-01 3.258573e-02 -6.674644e-05 -5.383924e-05 5.016967e-05 -3.654580e-07
11583.800000 9.203757e-01 1.106319e+00 2.314474e-01 3.312703e-02 -6.607486e-05 -5.795082e-05 4.700573e-05 -5.453025e-06
11584.000000 9.246495e-01 1.111743e+00 2.317281e-01 3.276770e-02 -6.879173e-05 -6.063854e-05 5.419297e-05 -7.120194e-06
11584.200000 9.255061e-01 1.112783e+00 2.311914e-01 3.261826e-02 -6.827176e-05 -6.099212e-05 6.644484e-05 -7.666371e-06
11584.400000 9.265447e-01 1.114201e+00 2.312876e-01 3.237133e-02 -6.052737e-05 -6.090690e-05 5.003037e-05 -3.703565e-06
11584.600000 9.257063e-01 1.113262e+00 2.305599e-01 3.228485e-02 -6.002567e-05 -6.112824e-05 4.598847e-05 -1.294975e-05
11584.800000 9.252687e-01 1.112707e+00 2.303590e-01 3.232577e-02 -5.470357e-05 -6.119740e-05 4.908724e-05 1.094131e-06
11585.000000 9.310624e-01 1.119735e+00 2.318041e-01 3.201770e-02 -5.108940e-05 -5.434500e-05 4.689645e-05 1.570202e-05
11585.200000 9.265762e-01 1.114292e+00 2.309460e-01 3.288612e-02 -5.682406e-05 -5.547429e-05 4.080752e-05 4.431606e-06
11585.400000 9.282946e-01 1.116388e+00 2.318719e-01 3.305920e-02 -5.666172e-05 -4.971122e-05 5.454584e-05 3.697379e-06
11585.600000 9.224741e-01 1.109326e+00 2.309215e-01 3.261161e-02 -6.573273e-05 -4.897515e-05 5.515745e-05 2.552753e-06
11585.800000 9.247770e-01 1.112512e+00 2.322455e-01 3.261541e-02 -7.216006e-05 -5.515826e-05 3.339190e-05 7.859127e-08
11586.000000 9.293943e-01 1.116845e+00 2.343149e-01 3.203808e-02 -6.677499e-05 -4.868676e-05 3.924002e-05 3.753022e-06
11586.200000 9.271815e-01 1.115037e+00 2.348910e-01 3.191867e-02 -5.603113e-05 -4.945668e-05 3.354615e-05 1.233050e-05
11586.400000 9.271063e-01 1.115300e+00 2.360962e-01 3.341431e-02 -5.086401e-05 -4.609152e-05 5.749916e-05 4.832309e-06
11586.600000 9.258874e-01 1.113485e+00 2.370009e-01 3.293417e-02 -5.278243e-05 -4.929491e-05 4.211048e-05 -8.013512e-06
11586.800000 9.283951e-01 1.116563e+00 2.389853e-01 3.182497e-02 -6.000955e-05 -5.268654e-05 4.417494e-05 -5.427317e-06
11587.000000 9.347129e-01 1.123889e+00 2.420950e-01 3.341982e-02 -5.559619e-05 -5.258586e-05 4.163224e-05 -5.468016e-06
11587.200000 9.206223e-01 1.107487e+00 2.403430e-01 3.269816e-02 -5.492619e-05 -5.399679e-05 5.183620e-05 1.554187e-06
11587.400000 9.245583e-01 1.112216e+00 2.428881e-01 3.266344e-02 -5.156454e-05 -4.407502e-05 5.170379e-05 -2.546415e-06
11587.600000 9.054766e-01 1.090035e+00 2.393769e-01 3.274150e-02 -5.196174e-05 -5.176430e-05 4.974524e-05 -1.709063e-05
11587.800000 9.285821e-01 1.117177e+00 2.468375e-01 3.266345e-02 -5.248249e-05 -4.904413e-05 5.390223e-05 -6.125365e-06
11588.000000 9.272385e-01 1.115501e+00 2.481654e-01 3.220054e-02 -5.318193e-05 -5.109451e-05 6.896229e-05 1.291916e-05
11588.200000 9.125649e-01 1.099188e+00 2.454169e-01 3.209201e-02 -5.022388e-05 -5.626637e-05 7.576018e-05 1.417605e-05
11588.400000 9.203958e-01 1.107445e+00 2.487818e-01 3.248245e-02 -5.163222e-05 -5.829885e-05 6.693573e-05 1.022013e-05
11588.600000 9.234724e-01 1.110921e+00 2.507070e-01 3.294070e-02 -5.053691e-05 -5.980299e-05 5.858308e-05 5.497726e-06
11588.800000 9.208600e-01 1.108171e+00 2.509523e-01 3.248150e-02 -5.552842e-05 -6.315407e-05 5.678754e-05 -7.027623e-07
11589.000000 9.259844e-01 1.113768e+00 2.531893e-01 3.180903e-02 -5.484455e-05 -6.684216e-05 5.976431e-05 1.446422e-05
11589.200000 9.233683e-01 1.111147e+00 2.533330e-01 3.326760e-02 -6.534354e-05 -5.324304e-05 5.796864e-05 9.705797e-06
11589.400000 9.230772e-01 1.110697e+00 2.537698e-01 3.239598e-02 -6.414648e-05 -5.261491e-05 5.910062e-05 3.476627e-06
11589.600000 9.212834e-01 1.108709e+00 2.538439e-01 3.224122e-02 -6.552196e-05 -5.692989e-05 6.001313e-05 -1.412137e-06
11589.800000 9.226221e-01 1.110099e+00 2.546735e-01 3.261773e-02 -6.365858e-05 -5.389667e-05 5.643645e-05 5.102088e-06
11590.000000 9.309861e-01 1.119651e+00 2.572643e-01 3.355601e-02 -7.205872e-05 -5.650609e-05 4.695141e-05 3.541728e-06
11590.200000 9.243140e-01 1.112221e+00 2.557419e-01 3.335742e-02 -6.864197e-05 -5.927989e-05 3.904135e-05 3.011372e-06
11590.400000 9.268014e-01 1.115296e+00 2.566479e-01 3.262265e-02 -6.508669e-05 -5.805049e-05 3.297946e-05 -8.605731e-06
11590.600000 9.088753e-01 1.094928e+00 2.517737e-01 3.099619e-02 -6.085062e-05 -4.965806e-05 4.134412e-05 1.144611e-05
11590.800000 9.279399e-01 1.117133e+00 2.569655e-01 3.284869e-02 -6.509877e-05 -5.138335e-05 4.221551e-05 1.327879e-05
11591.000000 9.186378e-01 1.105743e+00 2.545054e-01 3.197059e-02 -5.932765e-05 -5.625304e-05 4.686064e-05 1.695966e-05
11591.200000 9.299460e-01 1.119358e+00 2.574531e-01 3.294740e-02 -6.837209e-05 -5.034641e-05 4.784188e-05 4.155505e-06
11591.400000 9.204939e-01 1.108451e+00 2.545378e-01 3.366939e-02 -6.912432e-05 -5.041035e-05 4.649203e-05 5.261663e-06
11591.600000 9.141031e-01 1.101067e+00 2.525980e-01 3.177086e-02 -6.018107e-05 -4.962333e-05 5.336366e-05 1.103260e-05
11591.800000 9.271102e-01 1.116129e+00 2.561562e-01 3.203267e-02 -6.426271e-05 -4.603478e-05 4.693185e-05 3.105703e-06
11592.000000 9.243456e-01 1.112608e+00 2.549803e-01 3.166127e-02 -6.607892e-05 -4.877776e-05 4.889744e-05 5.708863e-06
11592.200000 9.268695e-01 1.115835e+00 2.554292e-01 3.407364e-02 -6.511641e-05 -4.355137e-05 5.059703e-05 1.913426e-06
11592.400000 9.167278e-01 1.103738e+00 2.521602e-01 3.268829e-02 -6.567472e-05 -5.067851e-05 5.484844e-05 -1.487196e-05
11592.600000 9.129767e-01 1.100157e+00 2.507444e-01 3.234742e-02 -6.617608e-05 -5.530337e-05 6.218384e-05 -1.543728e-05
11592.800000 9.267807e-01 1.116040e+00 2.540365e-01 3.279959e-02 -6.723707e-05 -4.906628e-05 6.354166e-05 -9.802531e-06
11593.000000 9.306974e-01 1.120477e+00 2.543573e-01 3.229667e-02 -7.300944e-05 -5.304588e-05 4.416076e-05 -2.046592e-05
11593.200000 9.183405e-01 1.105661e+00 2.500336e-01 3.292394e-02 -6.586962e-05 -5.519235e-05 3.446416e-05 -1.446837e-05
11593.400000 9.235972e-01 1.112316e+00 2.504915e-01 3.261639e-02 -6.740168e-05 -5.300108e-05 2.560455e-05 -1.363826e-05
11593.600000 9.148971e-01 1.102612e+00 2.471008e-01 3.218506e-02 -7.121695e-05 -5.396980e-05 3.589324e-05 -3.679604e-06
11593.800000 9.262971e-01 1.115931e+00 2.490596e-01 3.335611e-02 -6.754638e-05 -5.576285e-05 5.960930e-05 -1.049641e-05
11594.000000 9.205782e-01 1.108455e+00 2.461755e-01 3.356491e-02 -7.325162e-05 -4.798938e-05 6.608462e-05 -1.338228e-05
11594.200000 9.311316e-01 1.121577e+00 2.480052e-01 3.277630e-02 -5.998998e-05 -4.009472e-05 4.951716e-05 -1.228646e-05
11594.400000 9.254346e-01 1.114269e+00 2.447550e-01 3.166232e-02 -5.618284e-05 -5.491138e-05 6.272574e-05 -1.375265e-06
11594.600000 9.228972e-01 1.111535e+00 2.427018e-01 3.252094e-02 -6.385769e-05 -5.337190e-05 5.692212e-05 -1.629458e-06
11594.800000 9.122338e-01 1.098603e+00 2.381813e-01 3.149053e-02 -6.562928e-05 -6.535164e-05 5.085821e-05 7.362178e-06
11595.000000 9.328373e-01 1.123322e+00 2.420161e-01 3.412429e-02 -5.846124e-05 -5.661583e-05 5.041735e-05 3.353005e-06
11595.200000 9.106121e-01 1.097128e+00 2.343720e-01 3.001661e-02 -4.526779e-05 -5.290067e-05 4.880079e-05 -1.185781e-06
11595.400000 9.314506e-01 1.122285e+00 2.382652e-01 3.359947e-02 -4.573265e-05 -5.567311e-05 6.556333e-05 -4.731568e-07
11595.600000 9.222194e-01 1.110282e+00 2.336148e-01 3.238984e-02 -5.141418e-05 -6.160954e-05 6.706075e-05 7.012075e-06
11595.800000 9.191238e-01 1.106732e+00 2.310131e-01 3.344817e-02 -4.838676e-05 -5.647945e-05 5.019053e-05 -5.672997e-06
11596.000000 9.168681e-01 1.104975e+00 2.284360e-01 3.269808e-02 -4.813546e-05 -4.919184e-05 5.538040e-05 -2.450346e-05
11596.200000 9.216927e-01 1.110211e+00 2.278898e-01 3.272951e-02 -5.156832e-05 -4.881735e-05 5.431980e-05 -4.663905e-06
11596.400000 9.186901e-01 1.106501e+00 2.249162e-01 3.207215e-02 -5.480626e-05 -4.732403e-05 4.491420e-05 -6.959180e-07
11596.600000 9.213238e-01 1.109697e+00 2.241657e-01 3.192460e-02 -5.581390e-05 -5.006193e-05 3.645281e-05 -2.224971e-06
11596.800000 9.242295e-01 1.113510e+00 2.230536e-01 3.242186e-02 -4.634451e-05 -5.439754e-05 3.676785e-05 -1.473889e-06
11597.000000 9.089352e-01 1.095833e+00 2.176982e-01 3.221100e-02 -5.352146e-05 -5.232220e-05 3.200920e-05 -6.538163e-06
11597.700000 9.177114e-01 1.105894e+00 2.150227e-01 3.281000e-02 -6.487680e-05 -4.758033e-05 5.219824e-05 4.917667e-07
11598.400000 9.147858e-01 1.102801e+00 2.113272e-01 3.320504e-02 -6.348355e-05 -4.434038e-05 4.479971e-05 -6.513873e-06
11599.100000 9.178005e-01 1.106378e+00 2.109517e-01 3.230050e-02 -6.178715e-05 -5.313872e-05 4.424962e-05 -1.317879e-05
11599.800000 9.197498e-01 1.108847e+00 2.124341e-01 3.278062e-02 -6.473829e-05 -5.732529e-05 3.752347e-05 -6.571001e-06
11600.500000 9.188763e-01 1.107654e+00 2.149043e-01 3.231081e-02 -5.959758e-05 -5.208831e-05 2.790047e-05 -9.645047e-06
11601.200000 9.207308e-01 1.110172e+00 2.188883e-01 3.284681e-02 -5.558366e-05 -5.124876e-05 4.456540e-05 -1.545398e-05
11601.900000 9.146693e-01 1.103331e+00 2.215220e-01 3.250314e-02 -5.741275e-05 -5.098790e-05 3.925736e-05 -2.055293e-05
11602.600000 9.157496e-01 1.104705e+00 2.259710e-01 3.220113e-02 -5.928059e-05 -6.151413e-05 4.062689e-05 -2.647197e-05
11603.300000 9.157105e-01 1.104806e+00 2.297877e-01 3.219662e-02 -5.620164e-05 -6.297549e-05 4.686346e-05 -2.506284e-05
11604.993695 9.170152e-01 1.106473e+00 2.370722e-01 3.244546e-02 -4.679268e-05 -5.640242e-05 4.044089e-05 -2.371931e-05
11605.999583 9.165468e-01 1.105831e+00 2.393679e-01 3.260364e-02 -4.315998e-05 -4.972759e-05 2.959444e-05 -2.753444e-05
11607.017662 9.184554e-01 1.108624e+00 2.416659e-01 3.316197e-02 -4.662222e-05 -4.203532e-05 3.522824e-05 -2.679647e-05
11608.047933 9.179931e-01 1.108247e+00 2.434425e-01 3.266293e-02 -5.258399e-05 -4.123419e-05 3.445984e-05 -3.024512e-05
11609.090396 9.166088e-01 1.106666e+00 2.456130e-01 3.252083e-02 -5.821336e-05 -5.590661e-05 2.343285e-05 -2.407512e-05
11610.145051 9.164250e-01 1.106443e+00 2.485047e-01 3.223684e-02 -6.668481e-05 -6.465622e-05 2.917966e-05 -2.349793e-05
11611.211898 9.164337e-01 1.106629e+00 2.512615e-01 3.214806e-02 -6.352435e-05 -5.650437e-05 3.581167e-05 -1.987330e-05
11612.290937 9.155769e-01 1.105777e+00 2.525387e-01 3.282950e-02 -5.474942e-05 -5.110192e-05 4.890238e-05 -2.569748e-05
11613.382167 9.165260e-01 1.107376e+00 2.527047e-01 3.231276e-02 -5.796935e-05 -5.453879e-05 3.326619e-05 -2.747066e-05
11614.485590 9.164197e-01 1.107357e+00 2.510389e-01 3.265953e-02 -6.151612e-05 -5.121813e-05 3.440910e-05 -4.521731e-05
11615.601204 9.123735e-01 1.102615e+00 2.467528e-01 3.261299e-02 -5.736712e-05 -4.862655e-05 3.785776e-05 -3.368404e-05
11616.729011 9.171405e-01 1.108645e+00 2.439595e-01 3.263314e-02 -5.640929e-05 -4.796960e-05 4.514827e-05 -2.280158e-05
11617.869009 9.180152e-01 1.109995e+00 2.396423e-01 3.248814e-02 -5.666241e-05 -4.781256e-05 3.853523e-05 -2.378815e-05
11619.021199 9.129564e-01 1.103960e+00 2.334789e-01 3.231872e-02 -5.659847e-05 -5.344220e-05 3.797660e-05 -1.620030e-05
11620.185582 9.159994e-01 1.107705e+00 2.296994e-01 3.233763e-02 -5.847219e-05 -6.179670e-05 3.613310e-05 -7.617648e-06
11621.362156 9.171433e-01 1.109161e+00 2.257797e-01 3.210007e-02 -5.799833e-05 -6.050973e-05 3.741612e-05 -1.130285e-05
11622.550922 9.112570e-01 1.102815e+00 2.210155e-01 3.247092e-02 -5.033792e-05 -5.838012e-05 3.985095e-05 -6.280994e-06
11623.751879 9.180526e-01 1.110870e+00 2.204833e-01 3.290314e-02 -4.474484e-05 -5.393616e-05 5.085729e-05 -1.521953e-05
11624.965029 9.109024e-01 1.103027e+00 2.182622e-01 3.299239e-02 -5.467161e-05 -5.235563e-05 4.903631e-05 -9.552881e-06
11626.190371 9.140508e-01 1.106862e+00 2.197965e-01 3.269319e-02 -5.299041e-05 -4.665720e-05 3.568770e-05 -1.769219e-05
11627.427904 9.152724e-01 1.108495e+00 2.218085e-01 3.251699e-02 -5.435263e-05 -5.333989e-05 3.927049e-05 -2.064832e-05
11628.677630 9.109202e-01 1.103308e+00 2.228726e-01 3.211053e-02 -5.336088e-05 -5.143053e-05 4.500746e-05 -1.933807e-05
11629.939547 9.130710e-01 1.106037e+00 2.255122e-01 3.307002e-02 -5.288991e-05 -5.633492e-05 4.638096e-05 -1.887727e-05
11631.213657 9.153516e-01 1.109161e+00 2.281973e-01 3.257364e-02 -6.550634e-05 -5.795668e-05 4.820603e-05 -1.007846e-05
11632.499958 9.115326e-01 1.104790e+00 2.293331e-01 3.264506e-02 -6.441016e-05 -5.048158e-05 4.462292e-05 -1.792513e-05
11633.798451 9.125870e-01 1.106220e+00 2.316650e-01 3.247585e-02 -6.327738e-05 -5.409478e-05 4.395623e-05 -1.392494e-05
11635.109136 9.130150e-01 1.107273e+00 2.335991e-01 3.258761e-02 -5.422349e-05 -6.154556e-05 4.963344e-05 -6.610831e-06
11636.432013 9.136966e-01 1.108286e+00 2.352907e-01 3.315498e-02 -5.056639e-05 -5.002076e-05 3.985787e-05 -2.344486e-05
11637.767082 9.117251e-01 1.106166e+00 2.360919e-01 3.214812e-02 -4.671786e-05 -4.953889e-05 3.976518e-05 -2.155451e-05
11639.114342 9.136625e-01 1.108537e+00 2.380173e-01 3.260726e-02 -5.135490e-05 -5.892406e-05 3.362210e-05 -1.926428e-05
11640.473795 9.119150e-01 1.106583e+00 2.395729e-01 3.268950e-02 -4.734123e-05 -6.465469e-05 4.513981e-05 -3.130168e-05
11641.845440 9.109604e-01 1.105874e+00 2.419528e-01 3.230167e-02 -5.473766e-05 -6.181155e-05 4.733109e-05 -3.963759e-05
11643.229276 9.121843e-01 1.107657e+00 2.452722e-01 3.262309e-02 -5.682574e-05 -5.832446e-05 4.876043e-05 -3.709918e-05
11644.625305 9.118868e-01 1.107621e+00 2.485795e-01 3.309625e-02 -6.137807e-05 -5.719263e-05 5.023674e-05 -3.505929e-05
11646.033525 9.102361e-01 1.105685e+00 2.513383e-01 3.282909e-02 -6.364386e-05 -5.772566e-05 4.302200e-05 -3.255948e-05
11647.453937 9.111743e-01 1.107192e+00 2.544535e-01 3.216298e-02 -6.119441e-05 -4.788121e-05 4.726645e-05 -4.047487e-05
11648.886541 9.129711e-01 1.109585e+00 2.572050e-01 3.252231e-02 -5.289262e-05 -4.853274e-05 5.048884e-05 -3.801385e-05
11650.331337 9.095865e-01 1.105768e+00 2.579866e-01 3.276405e-02 -5.474180e-05 -5.072956e-05 4.386182e-05 -4.785673e-05
11651.788325 9.088206e-01 1.105211e+00 2.590180e-01 3.239275e-02 -6.198523e-05 -5.592020e-05 4.214587e-05 -4.691251e-05
11653.257505 9.062453e-01 1.102543e+00 2.590242e-01 3.269639e-02 -5.529320e-05 -5.621691e-05 4.694112e-05 -5.610173e-05
11654.738877 9.069632e-01 1.103603e+00 2.591672e-01 3.254825e-02 -5.702166e-05 -5.641710e-05 4.962062e-05 -4.580034e-05
11656.232440 9.085351e-01 1.105770e+00 2.587284e-01 3.234092e-02 -5.551328e-05 -5.170349e-05 4.595190e-05 -5.143317e-05
11657.738196 9.072493e-01 1.104461e+00 2.564999e-01 3.265148e-02 -4.238814e-05 -4.245667e-05 4.894805e-05 -4.778301e-05
11659.256143 9.099921e-01 1.108202e+00 2.546807e-01 3.284718e-02 -4.140070e-05 -4.888589e-05 3.464765e-05 -4.885828e-05
11660.786283 9.057652e-01 1.103364e+00 2.504798e-01 3.236020e-02 -5.733525e-05 -5.287851e-05 2.697352e-05 -4.509826e-05
11662.328614 9.081761e-01 1.106378e+00 2.478474e-01 3.287216e-02 -5.545207e-05 -5.861369e-05 3.820572e-05 -3.699389e-05
11663.883137 9.094800e-01 1.108567e+00 2.455389e-01 3.277196e-02 -5.498771e-05 -5.155065e-05 3.050381e-05 -2.811863e-05
11665.449852 9.085075e-01 1.107435e+00 2.430910e-01 3.252873e-02 -5.430364e-05 -4.442325e-05 1.793606e-05 -3.449193e-05
11667.028759 9.073306e-01 1.106473e+00 2.414946e-01 3.303811e-02 -4.851137e-05 -5.452969e-05 3.174063e-05 -2.986381e-05
11668.619858 9.043067e-01 1.103043e+00 2.401227e-01 3.269422e-02 -5.248448e-05 -5.932213e-05 3.598629e-05 -3.190056e-05
11670.223149 9.064444e-01 1.105947e+00 2.406818e-01 3.283978e-02 -5.333660e-05 -5.673046e-05 2.708162e-05 -4.466793e-05
11671.838632 9.080134e-01 1.108095e+00 2.415526e-01 3.244824e-02 -5.217847e-05 -5.342379e-05 3.638109e-05 -3.874130e-05
11673.466307 9.058437e-01 1.105705e+00 2.417452e-01 3.210197e-02 -5.351242e-05 -4.231130e-05 3.589927e-05 -3.719854e-05
11675.106173 9.042403e-01 1.104147e+00 2.420951e-01 3.238023e-02 -5.251012e-05 -4.260572e-05 3.281485e-05 -3.524668e-05
11676.758232 9.062817e-01 1.106640e+00 2.435947e-01 3.298640e-02 -6.197683e-05 -5.210747e-05 3.517805e-05 -3.214442e-05
11678.422482 9.054026e-01 1.105927e+00 2.442590e-01 3.269729e-02 -6.538730e-05 -5.604831e-05 4.080667e-05 -3.187655e-05
11680.098924 9.052218e-01 1.106147e+00 2.453080e-01 3.277793e-02 -6.273236e-05 -6.443605e-05 4.798384e-05 -2.842715e-05
11681.787558 9.021204e-01 1.102700e+00 2.451066e-01 3.263738e-02 -5.992885e-05 -6.128388e-05 5.002675e-05 -2.910314e-05
11683.488385 9.015997e-01 1.102691e+00 2.452916e-01 3.236073e-02 -5.699411e-05 -5.732113e-05 3.847489e-05 -3.913634e-05
11685.201403 9.026317e-01 1.104283e+00 2.455185e-01 3.308352e-02 -5.447027e-05 -5.960122e-05 3.434145e-05 -3.723101e-05
11686.926613 9.049803e-01 1.107251e+00 2.455396e-01 3.230954e-02 -4.555891e-05 -6.138508e-05 3.344162e-05 -3.475157e-05
11688.664014 9.003550e-01 1.101774e+00 2.434435e-01 3.236852e-02 -4.240488e-05 -6.133413e-05 5.608988e-05 -3.008860e-05
11690.413608 9.040916e-01 1.106676e+00 2.435052e-01 3.248918e-02 -4.339419e-05 -6.592782e-05 5.155189e-05 -2.093034e-05
11692.175394 9.028238e-01 1.105603e+00 2.425292e-01 3.315725e-02 -4.601517e-05 -6.608130e-05 4.918832e-05 -3.121086e-05
11693.949371 9.026809e-01 1.105694e+00 2.424032e-01 3.276745e-02 -4.127026e-05 -6.782122e-05 5.382086e-05 -2.562213e-05
11695.735541 8.998890e-01 1.102847e+00 2.423179e-01 3.284786e-02 -4.235024e-05 -6.413472e-05 3.802822e-05 -3.169561e-05
11697.533902 9.021494e-01 1.105913e+00 2.442483e-01 3.235855e-02 -4.558382e-05 -5.455411e-05 4.078157e-05 -3.612390e-05
11699.344455 8.987363e-01 1.101997e+00 2.453079e-01 3.240758e-02 -4.231487e-05 -5.140947e-05 5.529083e-05 -4.957126e-05
11701.167201 9.006865e-01 1.104668e+00 2.485038e-01 3.257761e-02 -3.778365e-05 -4.992073e-05 5.184506e-05 -4.769322e-05
11703.002138 9.012928e-01 1.105842e+00 2.519747e-01 3.275305e-02 -4.351087e-05 -5.345723e-05 4.524143e-05 -4.167038e-05
11704.849267 8.999795e-01 1.104281e+00 2.551574e-01 3.266298e-02 -5.840970e-05 -4.398720e-05 5.326842e-05 -3.872156e-05
11706.708588 8.960000e-01 1.099900e+00 2.576204e-01 3.279529e-02 -6.266120e-05 -4.029864e-05 4.058302e-05 -3.969290e-05
11708.580100 8.963287e-01 1.100565e+00 2.608760e-01 3.278939e-02 -6.399437e-05 -4.507265e-05 4.279536e-05 -4.084819e-05
11710.463805 8.989117e-01 1.104144e+00 2.640018e-01 3.251396e-02 -5.835463e-05 -4.945066e-05 4.486833e-05 -3.669198e-05
11712.359702 8.983926e-01 1.103697e+00 2.652646e-01 3.304021e-02 -5.165106e-05 -5.119022e-05 3.946960e-05 -3.184337e-05
11714.267790 8.979746e-01 1.103672e+00 2.654008e-01 3.296373e-02 -5.417739e-05 -5.046903e-05 4.272649e-05 -3.678144e-05
11716.188071 8.987063e-01 1.104930e+00 2.650038e-01 3.270433e-02 -5.119228e-05 -5.221753e-05 5.210295e-05 -3.756809e-05
11718.120543 8.992441e-01 1.105724e+00 2.640370e-01 3.275204e-02 -4.395232e-05 -4.850283e-05 5.722951e-05 -3.185747e-05
11720.065207 8.954436e-01 1.101690e+00 2.613246e-01 3.241625e-02 -4.305583e-05 -4.791838e-05 4.872559e-05 -2.981880e-05
11722.022064 8.973963e-01 1.104308e+00 2.600119e-01 3.246969e-02 -4.664576e-05 -4.687433e-05 5.017658e-05 -3.776615e-05
11723.991112 8.962538e-01 1.103291e+00 2.578866e-01 3.239832e-02 -4.645865e-05 -4.309369e-05 4.406672e-05 -3.300044e-05
11725.972352 8.967334e-01 1.104181e+00 2.564066e-01 3.276297e-02 -5.090452e-05 -4.573082e-05 4.387598e-05 -3.681223e-05
11727.965784 8.954441e-01 1.103023e+00 2.546262e-01 3.264092e-02 -4.743420e-05 -5.562746e-05 4.898437e-05 -4.239856e-05
11729.971407 8.963739e-01 1.104459e+00 2.537863e-01 3.332418e-02 -4.608172e-05 -4.681171e-05 4.603026e-05 -5.236571e-05
11731.989223 8.944891e-01 1.102711e+00 2.523303e-01 3.263233e-02 -4.832539e-05 -4.772339e-05 5.570472e-05 -5.072556e-05
11734.019231 8.949187e-01 1.103559e+00 2.517645e-01 3.306542e-02 -4.391377e-05 -5.175286e-05 4.850279e-05 -5.142499e-05
11736.061430 8.898497e-01 1.097876e+00 2.497494e-01 3.237343e-02 -5.395528e-05 -5.220206e-05 4.104860e-05 -3.829612e-05
11738.115822 8.888637e-01 1.097344e+00 2.491286e-01 3.257486e-02 -5.099565e-05 -6.140761e-05 4.131656e-05 -3.413856e-05
11740.182405 8.908524e-01 1.099591e+00 2.497930e-01 3.240395e-02 -5.478819e-05 -6.552629e-05 5.100695e-05 -3.064242e-05
11742.261180 8.938341e-01 1.103603e+00 2.511455e-01 3.270170e-02 -4.745344e-05 -5.938564e-05 5.038566e-05 -3.031759e-05
11744.352148 8.914607e-01 1.101031e+00 2.510132e-01 3.277201e-02 -5.222918e-05 -5.188175e-05 4.852734e-05 -3.719192e-05
11746.455307 8.900239e-01 1.099485e+00 2.513582e-01 3.317670e-02 -5.102095e-05 -3.670621e-05 3.325733e-05 -5.136489e-05
11748.570658 8.913585e-01 1.101782e+00 2.521477e-01 3.283031e-02 -4.838597e-05 -3.796841e-05 4.208397e-05 -5.442474e-05
11750.698201 8.919941e-01 1.103135e+00 2.521328e-01 3.258836e-02 -4.487333e-05 -4.159043e-05 5.120917e-05 -3.382779e-05
11752.837935 8.880749e-01 1.098330e+00 2.502508e-01 3.253372e-02 -4.520743e-05 -4.958012e-05 4.406299e-05 -4.069056e-05
11754.989862 8.894775e-01 1.100479e+00 2.497791e-01 3.230859e-02 -5.034145e-05 -5.464640e-05 4.721486e-05 -4.424146e-05
11757.153981 8.909217e-01 1.102524e+00 2.492694e-01 3.260698e-02 -5.481077e-05 -5.649234e-05 5.173741e-05 -2.932047e-05
11759.330291 8.892249e-01 1.100851e+00 2.483607e-01 3.245936e-02 -4.804497e-05 -5.273456e-05 5.361448e-05 -3.531349e-05
11761.518794 8.899735e-01 1.102199e+00 2.490040e-01 3.259416e-02 -4.493832e-05 -5.774373e-05 5.763390e-05 -3.451359e-05
11763.719488 8.889317e-01 1.101203e+00 2.502949e-01 3.291993e-02 -4.529226e-05 -6.459312e-05 4.167645e-05 -3.537645e-05
11765.932374 8.882364e-01 1.100636e+00 2.530991e-01 3.264043e-02 -4.842326e-05 -5.221594e-05 4.364795e-05 -2.691127e-05
11768.157453 8.892599e-01 1.102516e+00 2.571165e-01 3.227135e-02 -4.782532e-05 -5.788039e-05 4.884104e-05 -1.800052e-05
11770.394723 8.887974e-01 1.102326e+00 2.605279e-01 3.278018e-02 -4.692607e-05 -5.363624e-05 4.153220e-05 -2.478575e-05
11772.644185 8.864104e-01 1.099899e+00 2.630071e-01 3.282204e-02 -5.662565e-05 -5.438009e-05 3.558652e-05 -3.161762e-05
11774.905838 8.808088e-01 1.093400e+00 2.638003e-01 3.261821e-02 -5.297426e-05 -6.467954e-05 4.929763e-05 -4.440545e-05
11777.179684 8.763093e-01 1.088445e+00 2.642776e-01 3.226581e-02 -6.206190e-05 -6.577686e-05 4.536169e-05 -4.135920e-05
11779.465722 8.859572e-01 1.100554e+00 2.686649e-01 3.305739e-02 -5.693995e-05 -6.545186e-05 5.442341e-05 -3.816665e-05
11781.763952 8.858481e-01 1.100977e+00 2.698801e-01 3.236372e-02 -5.600355e-05 -6.829547e-05 5.199177e-05 -3.369706e-05
11784.074373 8.833969e-01 1.098074e+00 2.700060e-01 3.245776e-02 -6.018368e-05 -6.306507e-05 5.277189e-05 -3.128935e-05
11786.396987 8.807921e-01 1.095464e+00 2.699319e-01 3.251518e-02 -5.769950e-05 -5.546628e-05 4.676907e-05 -3.707634e-05
11788.731792 8.844224e-01 1.100322e+00 2.713321e-01 3.336579e-02 -4.889649e-05 -5.333306e-05 4.785675e-05 -3.301948e-05
11791.078789 8.843327e-01 1.100524e+00 2.715370e-01 3.284431e-02 -5.904574e-05 -5.498170e-05 5.802561e-05 -2.423201e-05
11793.437978 8.829517e-01 1.099345e+00 2.714128e-01 3.214138e-02 -5.904192e-05 -4.761027e-05 5.411714e-05 -2.774871e-05
11795.809359 8.814313e-01 1.097873e+00 2.709736e-01 3.277563e-02 -6.923798e-05 -4.916242e-05 5.461846e-05 -1.952894e-05
11798.192932 8.826587e-01 1.099927e+00 2.711248e-01 3.223485e-02 -5.877398e-05 -5.442000e-05 5.207425e-05 -2.317102e-05
11800.588697 8.821444e-01 1.099570e+00 2.702661e-01 3.234282e-02 -6.203783e-05 -4.926701e-05 4.025395e-05 -2.523903e-05
11802.996654 8.801485e-01 1.097610e+00 2.686118e-01 3.262722e-02 -6.662748e-05 -4.682397e-05 4.131881e-05 -2.199582e-05
11805.416803 8.814245e-01 1.099834e+00 2.675226e-01 3.307916e-02 -6.319505e-05 -4.734737e-05 4.218046e-05 -2.895489e-05
11807.849143 8.808567e-01 1.099585e+00 2.653586e-01 3.262326e-02 -5.508719e-05 -4.054067e-05 3.868874e-05 -2.403051e-05
11810.293676 8.818167e-01 1.100973e+00 2.635680e-01 3.283947e-02 -6.491725e-05 -3.708044e-05 4.323213e-05 -1.838831e-05
11812.750400 8.802504e-01 1.099425e+00 2.608278e-01 3.294895e-02 -6.586671e-05 -4.062969e-05 4.146510e-05 -2.658794e-05
11815.219317 8.785679e-01 1.097774e+00 2.584946e-01 3.279530e-02 -6.088164e-05 -5.147855e-05 4.344451e-05 -2.164318e-05
11817.700425 8.764486e-01 1.095738e+00 2.565167e-01 3.245808e-02 -5.449461e-05 -4.443787e-05 5.358521e-05 -2.107773e-05
11820.193725 8.790675e-01 1.099480e+00 2.568698e-01 3.261101e-02 -5.767235e-05 -4.125392e-05 5.588592e-05 -2.371803e-05
11822.699217 8.792879e-01 1.100171e+00 2.571439e-01 3.263054e-02 -5.687261e-05 -4.143687e-05 4.898556e-05 -1.689332e-05
11825.216901 8.775798e-01 1.098140e+00 2.575851e-01 3.239550e-02 -4.837550e-05 -3.993125e-05 3.879170e-05 -2.987401e-05
11827.746777 8.755129e-01 1.096233e+00 2.585860e-01 3.292504e-02 -3.733768e-05 -3.390043e-05 3.286208e-05 -2.699229e-05
11830.288845 8.746661e-01 1.095487e+00 2.606077e-01 3.290557e-02 -4.163188e-05 -3.240762e-05 3.822015e-05 -1.808746e-05
11832.843105 8.775020e-01 1.099722e+00 2.641985e-01 3.248803e-02 -4.632255e-05 -3.292882e-05 4.453571e-05 -1.820012e-05
11835.409556 8.756236e-01 1.097951e+00 2.669353e-01 3.280226e-02 -4.441413e-05 -3.137686e-05 4.351986e-05 -1.678964e-05
11837.988200 8.695696e-01 1.090766e+00 2.684549e-01 3.272336e-02 -4.802777e-05 -3.702825e-05 4.314541e-05 -5.951979e-06
11840.579035 8.749102e-01 1.097529e+00 2.736483e-01 3.295506e-02 -4.589623e-05 -3.907119e-05 4.350348e-05 -3.793129e-06
11843.182062 8.765043e-01 1.100119e+00 2.771910e-01 3.268232e-02 -5.138442e-05 -3.713213e-05 3.717243e-05 -2.168760e-05
11845.797282 8.711018e-01 1.094082e+00 2.776949e-01 3.277308e-02 -5.593087e-05 -4.354575e-05 4.201717e-05 -1.822426e-05
11848.424693 8.708733e-01 1.094190e+00 2.791516e-01 3.306402e-02 -5.838037e-05 -4.089181e-05 5.158049e-05 -1.876477e-05
11851.064296 8.709082e-01 1.094792e+00 2.798784e-01 3.237837e-02 -5.686144e-05 -5.001643e-05 5.739732e-05 -2.017899e-05
11853.716091 8.711822e-01 1.095656e+00 2.800312e-01 3.289518e-02 -5.627479e-05 -4.340129e-05 4.296873e-05 -9.155542e-06
11856.380078 8.693323e-01 1.093594e+00 2.792225e-01 3.250305e-02 -5.500239e-05 -4.230792e-05 3.627888e-05 -1.673793e-05
11859.056256 8.706589e-01 1.095983e+00 2.790798e-01 3.230609e-02 -5.386119e-05 -4.084144e-05 4.453212e-05 -2.193079e-05
11861.744627 8.708603e-01 1.096544e+00 2.790719e-01 3.232162e-02 -5.521574e-05 -4.254549e-05 4.791922e-05 -2.262559e-05
11864.445190 8.705120e-01 1.096556e+00 2.794245e-01 3.252785e-02 -5.189568e-05 -3.603393e-05 3.627067e-05 -1.805101e-05
11867.157944 8.646679e-01 1.089925e+00 2.789064e-01 3.285636e-02 -6.048337e-05 -3.634661e-05 4.385515e-05 -2.145937e-05
11869.882891 8.676890e-01 1.094065e+00 2.812825e-01 3.266273e-02 -5.897151e-05 -4.154254e-05 3.460080e-05 -2.025797e-05
11872.620029 8.675132e-01 1.094027e+00 2.822901e-01 3.236093e-02 -5.449372e-05 -4.165569e-05 3.301804e-05 -1.878342e-05
11875.369359 8.651692e-01 1.091743e+00 2.820712e-01 3.194146e-02 -5.623939e-05 -3.662848e-05 3.649109e-05 -1.628114e-05
11878.130881 8.686194e-01 1.096407e+00 2.830345e-01 3.259015e-02 -4.939627e-05 -3.389927e-05 4.287224e-05 -2.898462e-05
11880.904595 8.673481e-01 1.095340e+00 2.818145e-01 3.276054e-02 -4.794512e-05 -3.503235e-05 3.788638e-05 -2.694855e-05
11883.690501 8.655160e-01 1.093506e+00 2.800824e-01 3.266005e-02 -4.861272e-05 -3.106805e-05 3.381511e-05 -2.311045e-05
11886.488599 8.561124e-01 1.082567e+00 2.758586e-01 3.236981e-02 -5.210693e-05 -4.011097e-05 3.557684e-05 -1.701322e-05
11889.298889 8.620665e-01 1.090213e+00 2.766112e-01 3.233249e-02 -4.827377e-05 -3.838291e-05 3.304571e-05 -1.842076e-05
11892.121371 8.639525e-01 1.092943e+00 2.760363e-01 3.246535e-02 -4.788994e-05 -3.177353e-05 2.940357e-05 -2.459328e-05
11894.956044 8.641850e-01 1.093877e+00 2.751124e-01 3.269757e-02 -5.155738e-05 -3.372243e-05 2.677310e-05 -2.469222e-05
11897.802910 8.650784e-01 1.095119e+00 2.746224e-01 3.290058e-02 -4.894054e-05 -3.136276e-05 2.524863e-05 -2.678160e-05
11900.661967 8.622454e-01 1.092108e+00 2.736512e-01 3.282883e-02 -5.215426e-05 -3.085830e-05 3.241638e-05 -2.623012e-05
11903.533217 8.637824e-01 1.094715e+00 2.748726e-01 3.235345e-02 -5.923614e-05 -2.522501e-05 3.667468e-05 -2.243020e-05
11906.416658 8.639193e-01 1.095478e+00 2.763599e-01 3.259522e-02 -4.846704e-05 -1.832845e-05 4.146468e-05 -2.457406e-05
11909.312291 8.636122e-01 1.095574e+00 2.785208e-01 3.295131e-02 -5.079017e-05 -2.286623e-05 3.930263e-05 -2.707915e-05
11912.220116 8.603023e-01 1.091862e+00 2.804951e-01 3.265641e-02 -5.231881e-05 -3.241837e-05 2.919045e-05 -1.464209e-05
11915.140133 8.599744e-01 1.091857e+00 2.835412e-01 3.268050e-02 -4.986330e-05 -3.269286e-05 2.422909e-05 -1.083534e-05
11918.072342 8.623752e-01 1.095245e+00 2.876134e-01 3.253351e-02 -5.085782e-05 -3.708919e-05 3.735625e-05 -1.769246e-05
11921.016743 8.598347e-01 1.092812e+00 2.896534e-01 3.285333e-02 -4.970972e-05 -2.846358e-05 5.071360e-05 -1.407054e-05
11923.973335 8.580423e-01 1.091004e+00 2.911086e-01 3.230026e-02 -5.617894e-05 -3.294880e-05 5.811426e-05 -2.121973e-05
11926.942120 8.596278e-01 1.093358e+00 2.928960e-01 3.335037e-02 -5.681568e-05 -4.548237e-05 5.742611e-05 -2.721163e-05
11929.923096 8.589914e-01 1.092997e+00 2.933883e-01 3.261877e-02 -5.372614e-05 -5.063228e-05 4.866349e-05 -2.376202e-05
11932.916265 8.573776e-01 1.091449e+00 2.930931e-01 3.270925e-02 -5.179603e-05 -5.044790e-05 4.477484e-05 -2.766491e-05
11935.921625 8.578252e-01 1.092741e+00 2.934790e-01 3.242865e-02 -5.311337e-05 -4.379051e-05 4.495200e-05 -2.226544e-05
11938.939177 8.515809e-01 1.085587e+00 2.913727e-01 3.244820e-02 -4.960846e-05 -4.627860e-05 5.197796e-05 -1.806271e-05
11941.968921 8.459497e-01 1.078987e+00 2.893791e-01 3.227508e-02 -5.340662e-05 -4.153834e-05 4.739029e-05 -2.903676e-05
11945.010858 8.552230e-01 1.090742e+00 2.929139e-01 3.304015e-02 -5.863960e-05 -3.852856e-05 5.982019e-05 -3.458104e-05
11948.064985 8.566804e-01 1.092997e+00 2.938498e-01 3.254678e-02 -6.448399e-05 -3.266957e-05 6.518745e-05 -3.044465e-05
11951.131305 8.549466e-01 1.091563e+00 2.939031e-01 3.252761e-02 -6.077961e-05 -3.261956e-05 5.444758e-05 -3.319140e-05
11954.209817 8.549869e-01 1.092203e+00 2.950153e-01 3.260266e-02 -5.464268e-05 -3.345587e-05 5.421581e-05 -3.580445e-05
11957.300521 8.539937e-01 1.091395e+00 2.961939e-01 3.296488e-02 -5.248415e-05 -2.692333e-05 5.111602e-05 -3.872361e-05
11960.403416 8.524056e-01 1.089928e+00 2.968114e-01 3.239097e-02 -5.667442e-05 -2.730286e-05 5.581795e-05 -3.659523e-05
11963.518504 8.525480e-01 1.090560e+00 2.976544e-01 3.244351e-02 -5.513272e-05 -3.147999e-05 4.909683e-05 -3.259557e-05
11966.645783 8.523172e-01 1.090894e+00 2.977555e-01 3.267501e-02 -5.278099e-05 -2.372615e-05 4.199466e-05 -3.581697e-05
11969.785255 8.513143e-01 1.090183e+00 2.970524e-01 3.267676e-02 -5.575517e-05 -2.650089e-05 4.177110e-05 -3.487694e-05
11972.936918 8.520271e-01 1.091811e+00 2.965813e-01 3.255756e-02 -5.371737e-05 -2.763140e-05 5.120937e-05 -3.959720e-05
11976.100773 8.499220e-01 1.089586e+00 2.954529e-01 3.249839e-02 -5.729153e-05 -2.540899e-05 5.377772e-05 -3.550786e-05
11979.276820 8.494278e-01 1.089438e+00 2.950849e-01 3.246202e-02 -4.952123e-05 -3.194998e-05 6.287461e-05 -4.359524e-05
11982.465059 8.490884e-01 1.089586e+00 2.952151e-01 3.240862e-02 -4.318899e-05 -2.947091e-05 6.018308e-05 -4.036988e-05
11985.665490 8.481193e-01 1.088658e+00 2.950825e-01 3.252246e-02 -4.475949e-05 -2.596083e-05 6.264224e-05 -3.325525e-05
11988.878112 8.482652e-01 1.089245e+00 2.954555e-01 3.279749e-02 -4.247406e-05 -1.950303e-05 6.221088e-05 -4.587685e-05
11992.102927 8.475120e-01 1.088890e+00 2.954727e-01 3.271042e-02 -4.472597e-05 -2.485800e-05 5.989677e-05 -4.350887e-05
11995.339934 8.481205e-01 1.090120e+00 2.961109e-01 3.274843e-02 -4.222803e-05 -3.391194e-05 6.405843e-05 -3.438905e-05
11998.589132 8.458780e-01 1.087872e+00 2.960647e-01 3.250648e-02 -5.236497e-05 -3.062876e-05 6.370278e-05 -3.571762e-05
12001.850523 8.441877e-01 1.086309e+00 2.968171e-01 3.278552e-02 -5.776944e-05 -3.456778e-05 7.084166e-05 -3.160884e-05
12005.124105 8.454332e-01 1.088381e+00 2.989856e-01 3.298410e-02 -5.692898e-05 -4.549923e-05 6.547999e-05 -1.909127e-05
12008.409879 8.431784e-01 1.086065e+00 3.004708e-01 3.242405e-02 -4.779275e-05 -5.113154e-05 6.664643e-05 -2.688349e-05
12011.707845 8.438193e-01 1.087630e+00 3.035579e-01 3.296690e-02 -4.501357e-05 -4.518748e-05 6.009301e-05 -2.617756e-05
12015.018003 8.439311e-01 1.088109e+00 3.066228e-01 3.248650e-02 -5.184600e-05 -4.535856e-05 6.973481e-05 -2.975212e-05
12018.340353 8.421236e-01 1.086394e+00 3.091167e-01 3.248433e-02 -5.289113e-05 -5.341061e-05 7.112884e-05 -2.827074e-05
12021.674895 8.413575e-01 1.085967e+00 3.117403e-01 3.249767e-02 -5.086137e-05 -5.819088e-05 7.127772e-05 -2.486130e-05
12025.021629 8.418987e-01 1.087183e+00 3.139838e-01 3.270598e-02 -5.271881e-05 -5.335369e-05 6.868233e-05 -2.111756e-05
12028.380554 8.413159e-01 1.087006e+00 3.150148e-01 3.252579e-02 -5.247673e-05 -5.303264e-05 7.294887e-05 -2.734317e-05
12031.751672 8.377203e-01 1.083241e+00 3.144454e-01 3.254256e-02 -5.762830e-05 -5.616605e-05 6.072568e-05 -2.314300e-05
12035.134982 8.400990e-01 1.086653e+00 3.156870e-01 3.246251e-02 -5.147864e-05 -6.085662e-05 6.130646e-05 -2.380239e-05
12038.530483 8.394405e-01 1.086375e+00 3.155323e-01 3.250584e-02 -5.304450e-05 -6.733832e-05 6.692878e-05 -2.978627e-05
12041.938176 8.387508e-01 1.085925e+00 3.151628e-01 3.252587e-02 -5.531671e-05 -7.185008e-05 6.025558e-05 -3.301878e-05
12045.358061 8.374725e-01 1.084963e+00 3.146340e-01 3.261762e-02 -4.566773e-05 -6.472898e-05 6.476312e-05 -3.475644e-05
12048.790139 8.340754e-01 1.081205e+00 3.135518e-01 3.260996e-02 -3.921294e-05 -6.108089e-05 6.212003e-05 -3.553987e-05
12052.234408 8.226197e-01 1.067436e+00 3.091341e-01 3.251984e-02 -3.986141e-05 -5.688196e-05 6.558745e-05 -2.498171e-05
12055.690868 8.327124e-01 1.080578e+00 3.130096e-01 3.213751e-02 -4.796531e-05 -5.036700e-05 6.111309e-05 -2.677477e-05
12059.159521 8.336438e-01 1.082260e+00 3.133858e-01 3.229826e-02 -4.099514e-05 -5.236046e-05 5.764076e-05 -3.486012e-05
12062.640366 8.353186e-01 1.084998e+00 3.142423e-01 3.290921e-02 -4.297024e-05 -4.716742e-05 5.378889e-05 -2.141378e-05
12066.133403 8.342423e-01 1.084264e+00 3.141735e-01 3.245495e-02 -4.984154e-05 -4.766470e-05 5.987506e-05 -1.647887e-05
12069.638631 8.319649e-01 1.082289e+00 3.137390e-01 3.262581e-02 -4.864854e-05 -4.072740e-05 6.316086e-05 -1.133928e-05
12073.156052 8.328456e-01 1.083708e+00 3.146274e-01 3.283405e-02 -4.665866e-05 -5.063616e-05 6.708013e-05 -9.265358e-06
12076.685664 8.320320e-01 1.083322e+00 3.150690e-01 3.233695e-02 -4.466045e-05 -4.673708e-05 6.340810e-05 -7.615863e-06
12080.227468 8.297509e-01 1.080834e+00 3.147969e-01 3.292959e-02 -4.900666e-05 -2.680335e-05 6.778058e-05 -5.517588e-06
12083.781465 8.302730e-01 1.082115e+00 3.157647e-01 3.257291e-02 -4.879888e-05 -2.657422e-05 8.553648e-05 -5.663189e-06
12087.347653 8.285885e-01 1.080458e+00 3.159251e-01 3.227286e-02 -3.880696e-05 -2.785468e-05 8.559502e-05 -1.501743e-05
12090.926033 8.261054e-01 1.077943e+00 3.161243e-01 3.194530e-02 -4.543555e-05 -3.805547e-05 7.994226e-05 -2.158365e-05
12094.516605 8.285265e-01 1.081638e+00 3.188551e-01 3.252782e-02 -3.973305e-05 -4.688203e-05 8.274441e-05 -3.602958e-06
12098.119369 8.263563e-01 1.079343e+00 3.197550e-01 3.239145e-02 -3.983256e-05 -5.970986e-05 7.154223e-05 -1.842040e-06
12101.734324 8.266168e-01 1.080430e+00 3.217575e-01 3.266111e-02 -4.839491e-05 -5.536139e-05 7.298895e-05 -1.859744e-05
12105.361472 8.270137e-01 1.081420e+00 3.237530e-01 3.257129e-02 -4.997393e-05 -5.567070e-05 6.637346e-05 -1.512390e-05
12109.000811 8.263736e-01 1.081183e+00 3.254095e-01 3.276585e-02 -5.231812e-05 -5.512275e-05 7.616990e-05 -7.227887e-06
12112.652343 8.245464e-01 1.079429e+00 3.264057e-01 3.265718e-02 -4.953423e-05 -5.149305e-05 7.121022e-05 -1.783330e-05
12116.316066 8.245968e-01 1.080075e+00 3.281279e-01 3.220931e-02 -5.359271e-05 -4.232426e-05 7.196655e-05 -1.879517e-05
12119.991982 8.249897e-01 1.081154e+00 3.299157e-01 3.260028e-02 -5.290914e-05 -4.589445e-05 7.228431e-05 -1.430485e-05
12123.680089 8.211086e-01 1.076676e+00 3.300579e-01 3.258449e-02 -6.108406e-05 -4.635219e-05 6.878274e-05 -4.542512e-06
12127.380388 8.214480e-01 1.077839e+00 3.320597e-01 3.237838e-02 -4.322434e-05 -3.599898e-05 7.544532e-05 -7.262644e-06
12131.092879 8.226414e-01 1.079965e+00 3.342218e-01 3.271195e-02 -3.851923e-05 -4.688591e-05 7.383534e-05 -1.123730e-05
12134.817562 8.214600e-01 1.078778e+00 3.353880e-01 3.215777e-02 -2.994153e-05 -4.300328e-05 6.672707e-05 -1.295563e-05
12138.554437 8.196102e-01 1.076990e+00 3.360676e-01 3.273650e-02 -3.035868e-05 -3.749664e-05 6.440437e-05 -1.421250e-05
12142.303503 8.208173e-01 1.079199e+00 3.376230e-01 3.289715e-02 -3.920496e-05 -3.839259e-05 6.105792e-05 -1.659229e-05
12146.064762 8.194492e-01 1.077916e+00 3.379456e-01 3.270013e-02 -4.852653e-05 -5.085990e-05 6.672756e-05 -1.116467e-05
12149.838213 8.179622e-01 1.076731e+00 3.378553e-01 3.258979e-02 -4.796386e-05 -3.994674e-05 6.826116e-05 -1.376367e-05
12153.623855 8.173525e-01 1.076495e+00 3.381301e-01 3.257648e-02 -5.198325e-05 -4.239101e-05 7.305180e-05 -1.771221e-05
12157.421689 8.174330e-01 1.077403e+00 3.387449e-01 3.266914e-02 -5.289047e-05 -5.153339e-05 7.233341e-05 -2.594063e-05
12161.231716 8.154889e-01 1.075513e+00 3.384666e-01 3.221322e-02 -5.526960e-05 -5.784600e-05 6.125227e-05 -2.655579e-05
12165.053934 8.157678e-01 1.076218e+00 3.388789e-01 3.240466e-02 -5.261032e-05 -5.408959e-05 6.385012e-05 -1.738716e-05
12168.888344 8.141450e-01 1.074678e+00 3.383501e-01 3.255300e-02 -4.512719e-05 -5.555824e-05 6.267564e-05 -1.853915e-05
12172.734946 8.130708e-01 1.073883e+00 3.382277e-01 3.288395e-02 -5.655846e-05 -5.248459e-05 5.702417e-05 -1.875026e-05
12176.593740 8.146305e-01 1.076546e+00 3.393339e-01 3.243185e-02 -5.296484e-05 -4.558496e-05 6.881995e-05 -2.327466e-05
12180.464726 8.099288e-01 1.071314e+00 3.378030e-01 3.254854e-02 -5.138640e-05 -4.560143e-05 6.286033e-05 -1.961035e-05
12184.347903 8.119426e-01 1.074273e+00 3.392959e-01 3.237692e-02 -5.502392e-05 -4.809564e-05 6.817700e-05 -2.460690e-05
12188.243273 8.101132e-01 1.072542e+00 3.391475e-01 3.225504e-02 -5.280065e-05 -4.504618e-05 6.187873e-05 -2.080053e-05
12192.150835 8.092136e-01 1.071920e+00 3.395687e-01 3.246687e-02 -5.310639e-05 -4.730205e-05 6.306656e-05 -1.392653e-05
12196.070588 8.107500e-01 1.074523e+00 3.413238e-01 3.269919e-02 -6.194366e-05 -4.652392e-05 5.234134e-05 -1.150191e-05
12200.002533 8.059491e-01 1.069091e+00 3.406020e-01 3.245848e-02 -6.034998e-05 -4.553229e-05 4.876778e-05 -7.762016e-06
12203.946671 8.061395e-01 1.070020e+00 3.422234e-01 3.248831e-02 -5.047176e-05 -4.954759e-05 5.264430e-05 -1.323139e-05
12207.903000 8.073074e-01 1.072091e+00 3.442703e-01 3.251229e-02 -4.508321e-05 -5.367725e-05 3.798695e-05 -2.001144e-05
12211.871521 8.055210e-01 1.070267e+00 3.453328e-01 3.286368e-02 -5.306592e-05 -4.810886e-05 3.546476e-05 -2.283903e-05
12215.852234 8.056273e-01 1.071076e+00 3.474422e-01 3.246117e-02 -5.858936e-05 -5.607567e-05 4.214335e-05 -2.288365e-05
12219.845139 8.063102e-01 1.072588e+00 3.499482e-01 3.276131e-02 -5.920029e-05 -5.777659e-05 4.346952e-05 -2.960405e-05
12223.850236 8.037009e-01 1.069781e+00 3.507565e-01 3.269619e-02 -6.437856e-05 -4.812640e-05 5.263177e-05 -1.960083e-05
12227.867524 8.027630e-01 1.069209e+00 3.521162e-01 3.256275e-02 -6.746001e-05 -4.408036e-05 5.686544e-05 -1.970638e-05
12231.897005 7.976705e-01 1.063223e+00 3.516738e-01 3.226533e-02 -7.080522e-05 -3.994075e-05 5.123021e-05 -2.573821e-05
12235.938678 7.815717e-01 1.043183e+00 3.460055e-01 3.176208e-02 -6.970275e-05 -3.764889e-05 4.962186e-05 -2.340564e-05
12239.992542 7.977691e-01 1.064696e+00 3.548061e-01 3.218915e-02 -6.100506e-05 -3.663451e-05 4.457052e-05 -2.831054e-05
12244.058598 7.999894e-01 1.068013e+00 3.572611e-01 3.238154e-02 -5.351567e-05 -2.832655e-05 4.175308e-05 -2.978690e-05
12248.136847 7.991173e-01 1.067687e+00 3.584745e-01 3.233754e-02 -5.063288e-05 -3.345628e-05 5.002762e-05 -3.371574e-05
12252.227287 7.990116e-01 1.067981e+00 3.599740e-01 3.246564e-02 -5.897050e-05 -3.518767e-05 6.244107e-05 -3.753787e-05
12256.329919 7.972596e-01 1.066381e+00 3.608521e-01 3.202101e-02 -5.474110e-05 -3.620618e-05 5.604817e-05 -3.686618e-05
12260.444743 7.946806e-01 1.063849e+00 3.617908e-01 3.224094e-02 -6.142744e-05 -4.169373e-05 5.862282e-05 -3.890987e-05
12264.571759 7.966166e-01 1.067015e+00 3.643826e-01 3.258160e-02 -5.759115e-05 -4.255492e-05 5.054290e-05 -3.041704e-05
12268.710967 7.957900e-01 1.066525e+00 3.655317e-01 3.261049e-02 -5.776080e-05 -4.727006e-05 5.551563e-05 -3.461055e-05
12272.862366 7.954207e-01 1.066517e+00 3.664481e-01 3.243109e-02 -4.196318e-05 -5.336294e-05 5.244978e-05 -3.094673e-05
12277.025958 7.937963e-01 1.065006e+00 3.666306e-01 3.232639e-02 -4.703782e-05 -5.536517e-05 5.305855e-05 -3.178992e-05
12281.201742 7.938168e-01 1.065815e+00 3.672172e-01 3.257432e-02 -4.484208e-05 -4.124679e-05 5.062657e-05 -2.777314e-05
12285.389717 7.925946e-01 1.064954e+00 3.670925e-01 3.261892e-02 -3.896309e-05 -3.184031e-05 4.902708e-05 -2.114816e-05
12289.589884 7.914789e-01 1.064013e+00 3.668425e-01 3.264456e-02 -3.986804e-05 -4.564480e-05 4.384614e-05 -1.803337e-05
12293.802244 7.917887e-01 1.065038e+00 3.672316e-01 3.215476e-02 -4.033440e-05 -4.462624e-05 4.692175e-05 -1.787588e-05
12298.026795 7.904913e-01 1.064179e+00 3.668350e-01 3.235958e-02 -4.319022e-05 -4.194916e-05 4.205549e-05 -4.420656e-06
12302.263538 7.888525e-01 1.062577e+00 3.663079e-01 3.198524e-02 -4.591656e-05 -4.401960e-05 3.637747e-05 1.943774e-06
12306.512473 7.879631e-01 1.062014e+00 3.664699e-01 3.187917e-02 -4.741163e-05 -4.114080e-05 4.880480e-05 -2.579497e-06
12310.773600 7.889913e-01 1.064186e+00 3.677847e-01 3.235999e-02 -5.192189e-05 -4.105698e-05 5.499888e-05 -1.482690e-05
12315.046919 7.885010e-01 1.064205e+00 3.687534e-01 3.241718e-02 -4.980892e-05 -3.680048e-05 4.843015e-05 -1.996901e-05
12319.332429 7.869171e-01 1.062932e+00 3.694225e-01 3.259708e-02 -4.535353e-05 -3.640823e-05 4.636222e-05 -1.736800e-05
12323.630132 7.850364e-01 1.061120e+00 3.701559e-01 3.231477e-02 -3.816051e-05 -3.753148e-05 3.880377e-05 -1.154251e-05
12327.940026 7.711278e-01 1.043440e+00 3.654711e-01 3.171754e-02 -4.527389e-05 -3.454932e-05 4.902802e-05 -1.508957e-05
12332.262113 7.727155e-01 1.046242e+00 3.683644e-01 3.167358e-02 -4.100261e-05 -3.722599e-05 5.495130e-05 -1.180764e-05
12336.596391 7.839513e-01 1.061430e+00 3.761977e-01 3.233042e-02 -4.844498e-05 -3.677141e-05 4.947701e-05 -7.675464e-06
12340.942861 7.819881e-01 1.059468e+00 3.775702e-01 3.219646e-02 -3.776024e-05 -3.732097e-05 4.670421e-05 -2.348637e-06
12345.301524 7.810159e-01 1.058639e+00 3.793883e-01 3.228421e-02 -3.243119e-05 -5.177958e-05 4.796914e-05 -1.342589e-06
12349.672378 7.810992e-01 1.059443e+00 3.815399e-01 3.213760e-02 -4.186118e-05 -4.448638e-05 4.705055e-05 -3.275296e-06
12354.055424 7.791962e-01 1.057611e+00 3.825323e-01 3.247547e-02 -4.425297e-05 -3.766955e-05 4.513481e-05 -1.701734e-06
12358.450662 7.791589e-01 1.058154e+00 3.842963e-01 3.238443e-02 -3.856184e-05 -3.021961e-05 4.482846e-05 -3.696286e-06
12362.858091 7.783025e-01 1.057694e+00 3.855244e-01 3.224066e-02 -4.095847e-05 -3.774583e-05 3.552018e-05 -4.370311e-06
12367.277713 7.780768e-01 1.058038e+00 3.869441e-01 3.207998e-02 -4.008402e-05 -4.463131e-05 3.881012e-05 -1.175434e-05
12371.709527 7.770018e-01 1.057138e+00 3.878965e-01 3.243372e-02 -4.073315e-05 -5.134720e-05 4.631090e-05 -4.486289e-06
12376.153532 7.746086e-01 1.054660e+00 3.882600e-01 3.215927e-02 -3.881474e-05 -4.152123e-05 4.431318e-05 1.250914e-05
12380.609730 7.687932e-01 1.047621e+00 3.868313e-01 3.224554e-02 -5.160257e-05 -4.394156e-05 3.158286e-05 9.371423e-06
12385.078119 7.744451e-01 1.055536e+00 3.914723e-01 3.233449e-02 -4.669094e-05 -5.011950e-05 2.353880e-05 6.585565e-06
12389.558700 7.732089e-01 1.054649e+00 3.923630e-01 3.231354e-02 -4.767576e-05 -5.244401e-05 2.457070e-05 -1.145444e-05
12394.051473 7.729202e-01 1.055049e+00 3.937062e-01 3.223177e-02 -4.424631e-05 -6.364918e-05 3.110955e-05 -6.769451e-06
12398.556438 7.716558e-01 1.053953e+00 3.945443e-01 3.207061e-02 -4.567207e-05 -6.594326e-05 4.078038e-05 6.066994e-06
12403.073595 7.725271e-01 1.055704e+00 3.963859e-01 3.237658e-02 -3.779106e-05 -5.796342e-05 2.791329e-05 4.674221e-06
12407.602944 7.716118e-01 1.055356e+00 3.973742e-01 3.227316e-02 -4.039230e-05 -5.842307e-05 3.226286e-05 1.289661e-05
12412.144485 7.710631e-01 1.055151e+00 3.983292e-01 3.259654e-02 -4.860555e-05 -5.369437e-05 3.015640e-05 -1.864000e-06
12416.698218 7.716599e-01 1.056552e+00 3.997346e-01 3.255724e-02 -5.647529e-05 -5.366275e-05 2.733333e-05 -1.656214e-05
12421.264142 7.713592e-01 1.056695e+00 4.006483e-01 3.227497e-02 -4.446176e-05 -5.541847e-05 3.852334e-05 -1.478286e-05
12425.842259 7.697924e-01 1.055298e+00 4.009538e-01 3.211633e-02 -3.816229e-05 -5.791893e-05 4.102203e-05 -1.932817e-05
12430.432567 7.695943e-01 1.055791e+00 4.018979e-01 3.222981e-02 -5.136254e-05 -6.041456e-05 5.098170e-05 -2.199028e-06
12435.035068 7.678481e-01 1.054360e+00 4.020758e-01 3.211075e-02 -6.238854e-05 -6.237284e-05 5.631930e-05 -3.200848e-06
12439.649760 7.676654e-01 1.054614e+00 4.029922e-01 3.219357e-02 -6.011715e-05 -6.032505e-05 4.779817e-05 6.148605e-07
12444.276644 7.685707e-01 1.056528e+00 4.047332e-01 3.216164e-02 -6.138926e-05 -5.667950e-05 5.254301e-05 5.477779e-06
12448.915720 7.692904e-01 1.058211e+00 4.063527e-01 3.245749e-02 -5.822960e-05 -6.047760e-05 5.642176e-05 -2.270327e-06
12453.566988 7.691234e-01 1.058534e+00 4.076124e-01 3.249726e-02 -4.904055e-05 -5.471868e-05 4.336172e-05 -6.770418e-06
12458.230448 7.683351e-01 1.058201e+00 4.088076e-01 3.233554e-02 -5.043780e-05 -5.360335e-05 3.158970e-05 -1.078444e-05
12462.906100 7.677194e-01 1.058042e+00 4.102412e-01 3.236314e-02 -5.080077e-05 -4.795377e-05 3.718496e-05 -1.600543e-05
12467.593943 7.674000e-01 1.058344e+00 4.118686e-01 3.247460e-02 -6.205532e-05 -5.142420e-05 5.002816e-05 -9.017979e-06
12472.293979 7.670085e-01 1.058360e+00 4.135117e-01 3.220296e-02 -6.487902e-05 -5.525127e-05 3.839679e-05 -4.219529e-06
12477.006206 7.666399e-01 1.058398e+00 4.152766e-01 3.233363e-02 -6.638489e-05 -4.100666e-05 3.482904e-05 -1.472924e-06
12481.730626 7.664798e-01 1.058806e+00 4.172400e-01 3.235166e-02 -6.292972e-05 -3.083573e-05 5.234446e-05 -6.078816e-06
12486.467237 7.659992e-01 1.058905e+00 4.191880e-01 3.238729e-02 -5.690502e-05 -4.607598e-05 5.434887e-05 -2.202768e-05
12491.216040 7.646348e-01 1.057924e+00 4.207808e-01 3.248641e-02 -5.128214e-05 -4.406358e-05 6.096360e-05 -3.827638e-06
12495.977036 7.632527e-01 1.056903e+00 4.222288e-01 3.254019e-02 -6.576561e-05 -4.721622e-05 6.719095e-05 -1.001146e-05
12500.750223 7.644603e-01 1.059132e+00 4.251279e-01 3.259046e-02 -6.082474e-05 -5.564161e-05 7.000683e-05 -1.601298e-05
12505.535602 7.641072e-01 1.059312e+00 4.271244e-01 3.263238e-02 -6.236511e-05 -5.537136e-05 6.288668e-05 -2.326476e-05
12510.333172 7.637699e-01 1.059532e+00 4.290402e-01 3.269716e-02 -5.432155e-05 -5.555369e-05 5.882407e-05 -1.719965e-05
12515.142935 7.633501e-01 1.059676e+00 4.308040e-01 3.241088e-02 -6.197472e-05 -5.207329e-05 5.346714e-05 -8.523938e-07
12519.964890 7.629884e-01 1.059800e+00 4.324462e-01 3.252827e-02 -5.312261e-05 -4.982220e-05 5.217165e-05 -7.999557e-06
12524.799037 7.624273e-01 1.059750e+00 4.339246e-01 3.261949e-02 -5.028594e-05 -5.593284e-05 4.841243e-05 -3.621548e-06
12529.645375 7.623991e-01 1.060279e+00 4.356191e-01 3.268672e-02 -5.270659e-05 -4.528436e-05 4.338012e-05 -1.104720e-05
12534.503905 7.186946e-01 1.000118e+00 4.121508e-01 3.076529e-02 -5.340438e-05 -4.841891e-05 3.739455e-05 -1.275572e-05
12539.374628 1.646120e-01 2.291167e-01 9.455679e-02 7.029971e-03 -1.133497e-05 -8.768915e-06 1.105215e-05 -1.958582e-06
