# Facility: NSLS-II
# Beamline: QAS
# Year: 2022
# Cycle: 2
# SAF: 309618
# PI: Wang
# Proposal: 309017
# Scan ID: 52209
# UID: 1eb99c42-ef38-4f7d-93fe-6c20dffd0ce3
# Comment: 
# Start time: 07/18/2022  09:54:44
# Stop time: 07/18/2022  09:55:15
# Total time: 00:31
# Trajectory name: Pt-L3-30s-11564.txt
# Element: Platinum ( 78)
# Edge: L3
# E0: 11564
# Reference Foil Element: Pt
# Keithley Gains I0: 1E7 V/A It: 1E6 V/A Iref: 1E7 V/A PIPS: 1E8 V/A 
# Ion Chamber Gas Flow Rates: I0: 0.00 sccm He + 99.70 sccm N2 + 0.00 sccm Ar 
# Ion Chamber Gas Flow Rates: It&Iref: 89.80 sccm N2 + 210.20 sccm Ar
# Incident Beam Path Vertical: -27.99 mm
# Incident Slits Positions B: TOP: 1.0 mm Bottom: -1.0 mm Inboard: -2.0 mm Outboard: 2.0 mm
# Sample Stage Positions: Rotation: 45.0 deg Horizontal: 0.00 mm Vertical: -20.00 mm Beam Direction: 0.00 mm
# PerkinElmer Vertical Position: 500.00 mm
# Front End Mirror Horizontal Positions: Up: -14.00 mm Down: -14.00 mm
#
# energy  i0  it  ir  iff  aux1  aux2  aux3  aux4
11377.873161 4.679306e-01 5.454811e-01 6.305259e-01 1.590776e-02 -1.595647e-05 -1.838789e-05 2.971749e-05 -2.392545e-05
11382.873161 9.255270e-01 1.079608e+00 1.250218e+00 3.135210e-02 -2.845701e-05 -4.180440e-05 5.657790e-05 -4.213637e-05
11387.873161 9.304962e-01 1.086395e+00 1.261324e+00 3.155961e-02 -3.134807e-05 -5.556824e-05 4.893655e-05 -4.337467e-05
11392.873161 9.245442e-01 1.080554e+00 1.257615e+00 3.141804e-02 -3.944855e-05 -5.249303e-05 5.408872e-05 -4.306203e-05
11397.873161 9.237696e-01 1.080589e+00 1.260843e+00 3.134889e-02 -3.220869e-05 -5.594224e-05 5.848465e-05 -4.803242e-05
11402.873161 9.210428e-01 1.078340e+00 1.261595e+00 3.121751e-02 -2.379718e-05 -5.503275e-05 5.770999e-05 -5.568716e-05
11407.873161 9.216000e-01 1.080013e+00 1.266836e+00 3.135428e-02 -2.969512e-05 -4.997402e-05 5.133646e-05 -5.379173e-05
11412.873161 9.188499e-01 1.077743e+00 1.267352e+00 3.142172e-02 -2.679196e-05 -5.931561e-05 3.662216e-05 -6.461025e-05
11417.873161 9.132058e-01 1.072149e+00 1.263872e+00 3.133105e-02 -2.449242e-05 -5.935062e-05 3.981425e-05 -7.353040e-05
11422.873161 9.011442e-01 1.059416e+00 1.251602e+00 3.091790e-02 -2.616380e-05 -6.093233e-05 3.854289e-05 -6.520050e-05
11427.873161 9.098185e-01 1.070206e+00 1.267972e+00 3.153869e-02 -3.297567e-05 -6.216552e-05 3.946343e-05 -6.108461e-05
11432.873161 9.132941e-01 1.074980e+00 1.277155e+00 3.140641e-02 -4.285197e-05 -5.825000e-05 5.441740e-05 -5.151036e-05
11437.873161 9.134169e-01 1.076149e+00 1.281911e+00 3.141509e-02 -3.798724e-05 -5.867600e-05 5.462072e-05 -5.882388e-05
11442.873161 9.123291e-01 1.075769e+00 1.284730e+00 3.148691e-02 -3.215374e-05 -5.909203e-05 5.748126e-05 -5.125091e-05
11447.873161 9.100685e-01 1.074174e+00 1.285920e+00 3.119937e-02 -2.841382e-05 -6.191439e-05 4.192788e-05 -4.557578e-05
11452.873161 9.062076e-01 1.070570e+00 1.284775e+00 3.119213e-02 -2.846499e-05 -6.963027e-05 3.380033e-05 -4.652126e-05
11457.873161 9.051781e-01 1.070334e+00 1.287507e+00 3.130817e-02 -2.813617e-05 -6.708820e-05 4.389607e-05 -5.186657e-05
11462.873161 9.048873e-01 1.070958e+00 1.291308e+00 3.137686e-02 -3.324922e-05 -6.459222e-05 4.513636e-05 -5.870466e-05
11467.873161 9.027491e-01 1.069460e+00 1.292382e+00 3.134051e-02 -2.819938e-05 -6.771892e-05 4.956890e-05 -5.264633e-05
11472.873161 9.033824e-01 1.071117e+00 1.297486e+00 3.106110e-02 -2.437874e-05 -5.924287e-05 5.773354e-05 -4.808083e-05
11477.873161 9.020627e-01 1.070542e+00 1.299407e+00 3.102284e-02 -2.460446e-05 -5.916444e-05 5.425032e-05 -4.455367e-05
11482.873161 9.015196e-01 1.070679e+00 1.302584e+00 3.127657e-02 -2.400179e-05 -6.907694e-05 4.516324e-05 -4.495383e-05
11487.873161 8.887699e-01 1.057081e+00 1.287942e+00 3.085805e-02 -2.456490e-05 -6.788834e-05 5.226751e-05 -4.379860e-05
11492.873161 8.883379e-01 1.057517e+00 1.290625e+00 3.092444e-02 -3.236126e-05 -6.512468e-05 5.174408e-05 -3.927569e-05
11497.873161 9.001703e-01 1.072015e+00 1.311090e+00 3.134039e-02 -3.732864e-05 -5.138948e-05 4.452691e-05 -4.433399e-05
11502.873161 8.991314e-01 1.071739e+00 1.312584e+00 3.136257e-02 -3.770315e-05 -5.545826e-05 4.380644e-05 -4.707098e-05
11507.873161 8.990758e-01 1.072528e+00 1.314912e+00 3.137690e-02 -3.612423e-05 -5.551637e-05 5.460755e-05 -4.100297e-05
11512.873161 8.967020e-01 1.070710e+00 1.313340e+00 3.136664e-02 -2.972535e-05 -5.890711e-05 5.560154e-05 -3.499300e-05
11517.873161 8.974181e-01 1.072556e+00 1.315788e+00 3.130531e-02 -2.747688e-05 -5.789845e-05 6.254045e-05 -3.391169e-05
11522.873161 8.971542e-01 1.073201e+00 1.315357e+00 3.140255e-02 -4.675500e-05 -5.252193e-05 6.374177e-05 -3.275854e-05
11527.873161 8.952312e-01 1.071779e+00 1.310763e+00 3.139523e-02 -4.687030e-05 -5.054973e-05 7.201925e-05 -3.209353e-05
11532.873161 8.945205e-01 1.072031e+00 1.305755e+00 3.127223e-02 -5.223420e-05 -5.436623e-05 6.330935e-05 -3.905308e-05
11534.000000 8.926765e-01 1.070132e+00 1.301614e+00 3.141341e-02 -5.552237e-05 -5.376444e-05 6.225954e-05 -3.681690e-05
11535.000000 8.915208e-01 1.068794e+00 1.298423e+00 3.124401e-02 -6.136853e-05 -4.940820e-05 5.687127e-05 -3.916857e-05
11536.000000 8.944426e-01 1.072310e+00 1.301095e+00 3.176414e-02 -6.970627e-05 -5.015210e-05 6.052962e-05 -4.634167e-05
11537.000000 8.891172e-01 1.066536e+00 1.291376e+00 3.093739e-02 -6.009920e-05 -5.406350e-05 6.755506e-05 -3.592668e-05
11538.000000 8.916877e-01 1.069772e+00 1.293479e+00 3.086824e-02 -6.492625e-05 -6.118095e-05 5.641842e-05 -3.601788e-05
11539.000000 8.893162e-01 1.067018e+00 1.286965e+00 3.177927e-02 -6.091566e-05 -6.147921e-05 4.693828e-05 -4.882793e-05
11540.000000 8.912944e-01 1.069355e+00 1.287082e+00 3.144379e-02 -4.904860e-05 -6.345965e-05 3.391776e-05 -3.272116e-05
11541.000000 8.955854e-01 1.074518e+00 1.289846e+00 3.104008e-02 -4.361389e-05 -6.076973e-05 4.976219e-05 -3.324771e-05
11541.200000 8.891554e-01 1.066401e+00 1.279410e+00 3.066818e-02 -4.441784e-05 -5.725629e-05 5.410773e-05 -3.295175e-05
11541.400000 9.001199e-01 1.081559e+00 1.295705e+00 3.259934e-02 -4.277861e-05 -6.766607e-05 5.645256e-05 -3.864592e-05
11541.600000 8.897497e-01 1.067573e+00 1.279400e+00 3.194297e-02 -4.438494e-05 -5.689687e-05 3.274976e-05 -3.643709e-05
11541.800000 9.012377e-01 1.082458e+00 1.295561e+00 3.221940e-02 -5.831923e-05 -5.576825e-05 3.720678e-05 -3.309372e-05
11542.000000 8.416562e-01 1.010367e+00 1.209350e+00 2.884700e-02 -4.833648e-05 -4.646430e-05 3.070384e-05 -3.840753e-05
11542.200000 8.848193e-01 1.063023e+00 1.269869e+00 3.114058e-02 -4.936369e-05 -5.596646e-05 4.617606e-05 -4.166648e-05
11542.400000 8.896830e-01 1.067908e+00 1.276279e+00 3.110917e-02 -4.896304e-05 -5.906731e-05 5.313178e-05 -4.185863e-05
11542.600000 9.054217e-01 1.086307e+00 1.298528e+00 3.194695e-02 -5.035696e-05 -5.628884e-05 6.431180e-05 -3.262128e-05
11542.800000 8.917074e-01 1.069825e+00 1.277301e+00 2.915263e-02 -4.324393e-05 -4.532347e-05 5.354345e-05 -3.457474e-05
11543.000000 8.956011e-01 1.075345e+00 1.283070e+00 3.197944e-02 -4.368419e-05 -4.671604e-05 4.783820e-05 -2.978105e-05
11543.200000 8.844921e-01 1.062541e+00 1.266260e+00 3.122749e-02 -2.486500e-05 -3.850757e-05 5.660694e-05 -2.364411e-05
11543.400000 8.967204e-01 1.076990e+00 1.282473e+00 3.240707e-02 -3.189764e-05 -4.038620e-05 5.920256e-05 -2.946155e-05
11543.600000 8.759529e-01 1.052251e+00 1.252213e+00 3.106511e-02 -3.478652e-05 -4.598804e-05 4.295731e-05 -3.546014e-05
11543.800000 8.890133e-01 1.067759e+00 1.269216e+00 3.084771e-02 -3.181949e-05 -5.321725e-05 4.426817e-05 -2.444912e-05
11544.000000 9.014005e-01 1.082451e+00 1.286124e+00 3.311274e-02 -3.079727e-05 -5.194318e-05 5.324285e-05 -2.738015e-05
11544.200000 8.898317e-01 1.068276e+00 1.268098e+00 3.194576e-02 -2.982515e-05 -5.595800e-05 4.473307e-05 -4.058110e-05
11544.400000 9.038014e-01 1.085238e+00 1.287612e+00 3.319092e-02 -2.828616e-05 -6.981235e-05 4.996072e-05 -4.349918e-05
11544.600000 8.873066e-01 1.065251e+00 1.262684e+00 2.914058e-02 -2.582254e-05 -6.555832e-05 5.108922e-05 -3.905377e-05
11544.800000 8.826529e-01 1.060343e+00 1.254385e+00 3.163836e-02 -3.373585e-05 -5.038484e-05 6.196671e-05 -3.661413e-05
11545.000000 9.117795e-01 1.094997e+00 1.295160e+00 3.371268e-02 -3.279278e-05 -4.707546e-05 5.730524e-05 -4.198430e-05
11545.200000 8.424404e-01 1.012683e+00 1.194381e+00 2.971934e-02 -3.054985e-05 -4.625253e-05 3.741166e-05 -3.470756e-05
11545.400000 8.970500e-01 1.077255e+00 1.272487e+00 3.162952e-02 -3.051394e-05 -4.722334e-05 6.492517e-05 -4.168592e-05
11545.600000 8.888308e-01 1.067136e+00 1.258618e+00 3.034277e-02 -3.514845e-05 -3.635027e-05 6.671283e-05 -4.516121e-05
11545.800000 8.913337e-01 1.070536e+00 1.261762e+00 3.044797e-02 -2.392312e-05 -3.887963e-05 6.540013e-05 -3.135014e-05
11546.000000 8.966203e-01 1.076717e+00 1.267690e+00 3.206590e-02 -3.074758e-05 -4.227377e-05 5.693031e-05 -3.373722e-05
11546.200000 8.850389e-01 1.063467e+00 1.250097e+00 3.241062e-02 -3.522536e-05 -4.751201e-05 6.384968e-05 -3.203247e-05
11546.400000 8.687968e-01 1.044155e+00 1.224929e+00 3.048913e-02 -3.422015e-05 -4.308393e-05 6.645104e-05 -3.758068e-05
11546.600000 9.096858e-01 1.092596e+00 1.281647e+00 3.101660e-02 -2.746756e-05 -4.442032e-05 6.261321e-05 -5.174187e-05
11546.800000 8.884412e-01 1.067129e+00 1.249722e+00 3.079421e-02 -3.478234e-05 -5.044352e-05 7.025287e-05 -4.727207e-05
11547.000000 9.072407e-01 1.089730e+00 1.276280e+00 3.318406e-02 -3.231326e-05 -4.675614e-05 7.925847e-05 -4.040334e-05
11547.200000 8.909829e-01 1.070870e+00 1.250982e+00 3.035524e-02 -2.184905e-05 -4.270616e-05 6.842196e-05 -4.327773e-05
11547.400000 8.993880e-01 1.080700e+00 1.261733e+00 3.060614e-02 -3.241804e-05 -5.207564e-05 6.010679e-05 -4.435983e-05
11547.600000 8.917027e-01 1.071591e+00 1.249092e+00 3.118565e-02 -3.353711e-05 -5.963453e-05 6.907757e-05 -3.906054e-05
11547.800000 8.805847e-01 1.059035e+00 1.232003e+00 3.221583e-02 -3.506890e-05 -6.284126e-05 6.797659e-05 -4.245079e-05
11548.000000 8.883541e-01 1.067733e+00 1.240703e+00 3.166399e-02 -3.613755e-05 -5.367466e-05 6.897970e-05 -4.032104e-05
11548.200000 8.414926e-01 1.012339e+00 1.173808e+00 2.822624e-02 -3.553931e-05 -5.067032e-05 5.873605e-05 -3.467162e-05
11548.400000 9.052237e-01 1.087658e+00 1.260804e+00 3.165062e-02 -4.195112e-05 -5.144045e-05 7.177162e-05 -3.873966e-05
11548.600000 8.868595e-01 1.065569e+00 1.233230e+00 2.935984e-02 -5.210863e-05 -5.237255e-05 6.660605e-05 -4.228438e-05
11548.800000 9.071049e-01 1.090132e+00 1.259557e+00 3.131816e-02 -4.918841e-05 -5.904684e-05 8.011539e-05 -4.067830e-05
11549.000000 8.809181e-01 1.058768e+00 1.221919e+00 3.221218e-02 -4.856811e-05 -5.884174e-05 7.230992e-05 -4.677256e-05
11549.200000 8.961429e-01 1.077486e+00 1.241090e+00 3.038060e-02 -6.315364e-05 -6.236966e-05 6.587063e-05 -3.924231e-05
11549.400000 8.944514e-01 1.075210e+00 1.236458e+00 3.217093e-02 -5.854223e-05 -6.869049e-05 7.188795e-05 -3.176026e-05
11549.600000 8.877817e-01 1.066946e+00 1.224555e+00 3.033722e-02 -5.356762e-05 -6.453613e-05 5.250157e-05 -4.104790e-05
11549.800000 9.103443e-01 1.094132e+00 1.254134e+00 3.238172e-02 -5.383474e-05 -7.463340e-05 7.227092e-05 -2.471099e-05
11550.000000 8.823991e-01 1.060215e+00 1.212309e+00 3.221281e-02 -4.884247e-05 -6.914875e-05 6.910445e-05 -3.162973e-05
11550.200000 8.931181e-01 1.073236e+00 1.224013e+00 3.210337e-02 -4.118211e-05 -5.579362e-05 6.319839e-05 -3.122021e-05
11550.400000 8.840823e-01 1.062812e+00 1.208960e+00 2.971731e-02 -4.743070e-05 -4.572811e-05 5.831833e-05 -4.601541e-05
11550.600000 8.874068e-01 1.067064e+00 1.211488e+00 3.014667e-02 -4.616893e-05 -3.520226e-05 6.134653e-05 -4.204059e-05
11550.800000 8.776161e-01 1.055451e+00 1.194925e+00 3.030818e-02 -4.213015e-05 -5.364505e-05 6.733396e-05 -4.701879e-05
11551.000000 8.942187e-01 1.075343e+00 1.216186e+00 3.277507e-02 -4.220985e-05 -5.408363e-05 6.900538e-05 -5.056712e-05
11551.200000 8.846519e-01 1.062961e+00 1.199275e+00 2.903118e-02 -4.473280e-05 -4.969881e-05 4.035358e-05 -6.775270e-05
11551.400000 8.916308e-01 1.071968e+00 1.206481e+00 2.997601e-02 -4.892320e-05 -4.933804e-05 3.977031e-05 -5.661979e-05
11551.600000 8.849315e-01 1.064597e+00 1.193715e+00 3.202723e-02 -4.371024e-05 -5.484244e-05 4.001649e-05 -5.204992e-05
11551.800000 8.635671e-01 1.039680e+00 1.161489e+00 2.941070e-02 -3.989967e-05 -5.954386e-05 5.197531e-05 -4.860699e-05
11552.000000 8.987492e-01 1.080536e+00 1.205712e+00 3.061135e-02 -4.117428e-05 -6.004778e-05 4.226712e-05 -3.883702e-05
11552.200000 8.965847e-01 1.078435e+00 1.199869e+00 3.179430e-02 -4.547649e-05 -5.297210e-05 5.410632e-05 -3.871436e-05
11552.400000 8.965023e-01 1.077684e+00 1.196198e+00 3.138662e-02 -4.715289e-05 -4.824818e-05 5.454010e-05 -4.336356e-05
11552.600000 8.876694e-01 1.067396e+00 1.180840e+00 3.199192e-02 -4.836595e-05 -4.415598e-05 5.116254e-05 -4.375367e-05
11552.800000 8.942955e-01 1.075747e+00 1.185402e+00 3.150598e-02 -3.374877e-05 -5.077705e-05 4.659034e-05 -4.241406e-05
11553.000000 8.801537e-01 1.058048e+00 1.162811e+00 3.050262e-02 -2.943934e-05 -4.428674e-05 6.594077e-05 -3.133504e-05
11553.200000 8.936942e-01 1.074558e+00 1.176436e+00 3.181455e-02 -2.902793e-05 -5.610513e-05 5.494033e-05 -5.303872e-05
11553.400000 9.012443e-01 1.083770e+00 1.182911e+00 3.083691e-02 -2.241850e-05 -5.954364e-05 4.700906e-05 -5.791517e-05
11553.600000 8.835202e-01 1.062725e+00 1.154028e+00 3.184595e-02 -3.360892e-05 -5.793763e-05 5.260084e-05 -5.188550e-05
11553.800000 8.906274e-01 1.071478e+00 1.158737e+00 3.169170e-02 -3.876776e-05 -5.889963e-05 5.006317e-05 -4.769765e-05
11554.000000 8.850753e-01 1.065633e+00 1.147356e+00 3.215739e-02 -3.756451e-05 -5.834945e-05 6.693349e-05 -3.955279e-05
11554.200000 8.957483e-01 1.077664e+00 1.155755e+00 3.089261e-02 -3.373147e-05 -4.940008e-05 5.829157e-05 -4.318471e-05
11554.400000 8.952633e-01 1.076267e+00 1.150281e+00 3.062907e-02 -3.987119e-05 -6.116468e-05 3.965273e-05 -3.848554e-05
11554.600000 8.971831e-01 1.079053e+00 1.146973e+00 3.331279e-02 -3.485510e-05 -5.758692e-05 5.441201e-05 -4.689121e-05
11554.800000 8.898268e-01 1.070596e+00 1.131488e+00 2.983597e-02 -3.265441e-05 -5.723881e-05 6.640341e-05 -3.484467e-05
11555.000000 8.940209e-01 1.075693e+00 1.131108e+00 3.162221e-02 -2.865726e-05 -5.371759e-05 6.447979e-05 -2.670282e-05
11555.200000 8.897975e-01 1.070534e+00 1.119516e+00 3.211754e-02 -4.139096e-05 -4.396030e-05 6.183952e-05 -4.032378e-05
11555.400000 8.915222e-01 1.072483e+00 1.115018e+00 3.100929e-02 -2.693065e-05 -4.877102e-05 6.603457e-05 -3.840038e-05
11555.600000 8.822811e-01 1.061707e+00 1.096813e+00 3.151933e-02 -2.309024e-05 -5.102914e-05 6.467285e-05 -3.975864e-05
11555.800000 8.854856e-01 1.065849e+00 1.093361e+00 3.067045e-02 -2.414843e-05 -4.481418e-05 6.026222e-05 -4.511331e-05
11556.000000 8.912653e-01 1.072410e+00 1.094323e+00 3.168209e-02 -3.591472e-05 -4.563265e-05 5.505488e-05 -3.453648e-05
11556.200000 8.927010e-01 1.074556e+00 1.087407e+00 3.105758e-02 -4.106609e-05 -4.761565e-05 5.721228e-05 -2.860120e-05
11556.400000 8.873152e-01 1.067894e+00 1.072650e+00 3.112141e-02 -3.543145e-05 -5.507085e-05 6.081720e-05 -2.417098e-05
11556.600000 8.780234e-01 1.056598e+00 1.052580e+00 3.131020e-02 -3.088776e-05 -6.302133e-05 4.621477e-05 -2.914077e-05
11556.800000 8.868331e-01 1.067642e+00 1.054623e+00 3.048190e-02 -2.203045e-05 -6.792089e-05 5.202908e-05 -2.996909e-05
11557.000000 8.958410e-01 1.077833e+00 1.057416e+00 3.205476e-02 -2.228343e-05 -6.705686e-05 5.141698e-05 -2.925358e-05
11557.200000 8.875025e-01 1.067753e+00 1.036891e+00 3.086810e-02 -2.311216e-05 -5.777321e-05 7.024855e-05 -3.184383e-05
11557.400000 8.941913e-01 1.076581e+00 1.035144e+00 3.117324e-02 -2.466450e-05 -5.564540e-05 6.518039e-05 -3.579653e-05
11557.600000 8.914738e-01 1.073334e+00 1.021046e+00 3.172638e-02 -2.660144e-05 -5.468675e-05 6.531106e-05 -3.227160e-05
11557.800000 8.852459e-01 1.065963e+00 1.002097e+00 3.165496e-02 -2.207901e-05 -5.879694e-05 7.726963e-05 -2.556060e-05
11558.000000 8.927072e-01 1.074632e+00 9.997023e-01 3.162297e-02 -3.233782e-05 -5.526028e-05 6.097787e-05 -2.949517e-05
11558.200000 8.937963e-01 1.075832e+00 9.883257e-01 3.085905e-02 -2.725770e-05 -5.558147e-05 5.920382e-05 -3.000069e-05
11558.400000 8.927204e-01 1.074555e+00 9.731753e-01 3.067331e-02 -3.045756e-05 -5.843725e-05 4.898599e-05 -2.761229e-05
11558.600000 8.890057e-01 1.069850e+00 9.560399e-01 3.168607e-02 -3.511770e-05 -6.516241e-05 4.094074e-05 -2.853057e-05
11558.800000 8.866482e-01 1.067646e+00 9.383597e-01 3.181183e-02 -3.791214e-05 -5.533502e-05 5.701242e-05 -2.996968e-05
11559.000000 8.926045e-01 1.074777e+00 9.300992e-01 3.043898e-02 -3.943659e-05 -5.721461e-05 4.945982e-05 -3.647971e-05
11559.200000 8.873195e-01 1.068250e+00 9.076830e-01 3.076623e-02 -4.014921e-05 -6.127591e-05 6.236752e-05 -2.882992e-05
11559.400000 8.862916e-01 1.067282e+00 8.905793e-01 3.249320e-02 -5.599288e-05 -6.959726e-05 7.211393e-05 -2.618885e-05
11559.600000 9.004466e-01 1.083942e+00 8.875468e-01 3.238904e-02 -5.250661e-05 -7.284255e-05 5.871890e-05 -2.966414e-05
11559.800000 8.804049e-01 1.060156e+00 8.496649e-01 3.073480e-02 -5.892600e-05 -6.440806e-05 5.405753e-05 -2.467196e-05
11560.000000 9.008036e-01 1.084472e+00 8.491021e-01 3.248169e-02 -5.655260e-05 -7.281971e-05 7.179265e-05 -1.992808e-05
11560.200000 8.896926e-01 1.071572e+00 8.179831e-01 3.047314e-02 -5.870475e-05 -7.318706e-05 7.037251e-05 -1.634030e-05
11560.400000 8.931763e-01 1.075953e+00 7.997361e-01 3.143357e-02 -5.260182e-05 -6.838306e-05 6.295309e-05 -2.553157e-05
11560.600000 8.954605e-01 1.078385e+00 7.785589e-01 3.171398e-02 -5.057901e-05 -6.783091e-05 7.428002e-05 -2.561119e-05
11560.800000 8.787763e-01 1.058435e+00 7.397283e-01 3.214926e-02 -6.148220e-05 -6.738238e-05 7.734458e-05 -2.348566e-05
11561.000000 9.013369e-01 1.085249e+00 7.365277e-01 3.184244e-02 -5.927028e-05 -5.878090e-05 5.296151e-05 -4.228083e-05
11561.200000 8.916809e-01 1.074053e+00 7.003229e-01 3.115845e-02 -5.232381e-05 -5.746139e-05 5.676767e-05 -9.929432e-06
11561.400000 8.824961e-01 1.063626e+00 6.658689e-01 3.081033e-02 -4.276489e-05 -5.902834e-05 6.299114e-05 -1.159239e-05
11561.600000 8.901752e-01 1.071954e+00 6.444369e-01 3.150222e-02 -4.547288e-05 -6.363932e-05 6.354109e-05 -1.719107e-05
11561.800000 8.977645e-01 1.081119e+00 6.203563e-01 3.203965e-02 -5.431055e-05 -6.648748e-05 6.505514e-05 -1.365965e-05
11562.000000 8.946443e-01 1.077737e+00 5.877152e-01 3.064712e-02 -4.842056e-05 -5.795599e-05 7.149985e-05 -1.692932e-05
11562.200000 8.890440e-01 1.070911e+00 5.545829e-01 3.117000e-02 -3.882295e-05 -6.434889e-05 8.013488e-05 -3.297461e-05
11562.400000 8.906461e-01 1.073111e+00 5.248949e-01 3.225521e-02 -4.177036e-05 -6.359528e-05 7.356796e-05 -3.634435e-05
11562.600000 8.966179e-01 1.079411e+00 4.987588e-01 3.073333e-02 -4.672753e-05 -6.821859e-05 5.914544e-05 -3.312731e-05
11562.800000 8.852797e-01 1.065962e+00 4.598090e-01 3.109291e-02 -4.854208e-05 -5.882038e-05 5.911479e-05 -2.528671e-05
11563.000000 8.911867e-01 1.073520e+00 4.334762e-01 3.182344e-02 -4.978013e-05 -5.209242e-05 5.203921e-05 -3.445893e-05
11563.200000 8.848354e-01 1.066192e+00 3.992937e-01 3.052663e-02 -4.551870e-05 -5.845031e-05 6.312305e-05 -3.377622e-05
11563.400000 8.871354e-01 1.068848e+00 3.706919e-01 3.224360e-02 -4.599009e-05 -5.179615e-05 7.317737e-05 -2.819183e-05
11563.600000 8.941999e-01 1.077296e+00 3.459049e-01 3.201905e-02 -5.173350e-05 -5.516092e-05 7.333318e-05 -2.291515e-05
11563.800000 8.927870e-01 1.075574e+00 3.171354e-01 3.093882e-02 -4.477615e-05 -6.038701e-05 8.692802e-05 -3.238043e-05
11564.000000 8.869304e-01 1.068788e+00 2.888348e-01 3.109800e-02 -3.587874e-05 -5.380188e-05 9.650763e-05 -3.540927e-05
11564.200000 8.924334e-01 1.075178e+00 2.677668e-01 3.186215e-02 -2.857746e-05 -5.712762e-05 8.527728e-05 -3.974765e-05
11564.400000 8.960613e-01 1.079468e+00 2.477179e-01 3.173931e-02 -3.357022e-05 -6.296256e-05 7.161789e-05 -4.462057e-05
11564.600000 8.910897e-01 1.073885e+00 2.265572e-01 3.116614e-02 -3.830015e-05 -5.052593e-05 6.635347e-05 -4.220804e-05
11564.800000 8.906788e-01 1.073478e+00 2.087079e-01 3.230737e-02 -3.023153e-05 -4.248255e-05 5.690681e-05 -4.022827e-05
11565.000000 9.011539e-01 1.085851e+00 1.963982e-01 3.228165e-02 -2.840459e-05 -3.742729e-05 5.058135e-05 -4.097611e-05
11565.200000 8.987801e-01 1.083478e+00 1.820963e-01 3.130280e-02 -3.145735e-05 -4.570020e-05 4.583319e-05 -2.999925e-05
11565.400000 8.888276e-01 1.071133e+00 1.674819e-01 3.171822e-02 -3.642373e-05 -5.231353e-05 5.603903e-05 -2.522130e-05
11565.600000 8.915253e-01 1.074573e+00 1.584251e-01 3.133236e-02 -4.265158e-05 -4.314031e-05 5.762667e-05 -3.050715e-05
11565.800000 8.894445e-01 1.072112e+00 1.504109e-01 3.013042e-02 -4.000485e-05 -3.457675e-05 4.459050e-05 -3.039822e-05
11566.000000 8.881750e-01 1.070958e+00 1.443402e-01 3.228503e-02 -3.256068e-05 -4.604823e-05 3.707599e-05 -2.057379e-05
11566.200000 8.851486e-01 1.067443e+00 1.392891e-01 3.047600e-02 -3.188203e-05 -5.002518e-05 4.835767e-05 -1.904436e-05
11566.400000 8.900399e-01 1.073087e+00 1.372513e-01 3.194371e-02 -2.479445e-05 -3.875542e-05 5.755960e-05 -3.015099e-05
11566.600000 8.902599e-01 1.073856e+00 1.357049e-01 3.184980e-02 -3.529279e-05 -3.578801e-05 6.151928e-05 -3.155618e-05
11566.800000 8.849663e-01 1.067836e+00 1.344215e-01 3.127340e-02 -4.103536e-05 -3.323061e-05 6.659244e-05 -2.404047e-05
11567.000000 8.879361e-01 1.071109e+00 1.350605e-01 3.119714e-02 -2.564119e-05 -4.286375e-05 5.783602e-05 -1.535250e-05
11567.200000 8.888473e-01 1.071837e+00 1.363143e-01 3.118789e-02 -3.359916e-05 -4.780566e-05 5.543331e-05 -1.538953e-05
11567.400000 8.907376e-01 1.074350e+00 1.385892e-01 3.187450e-02 -3.227519e-05 -4.688515e-05 5.317264e-05 -2.320987e-05
11567.600000 8.946002e-01 1.078428e+00 1.414531e-01 3.193653e-02 -3.395379e-05 -5.045221e-05 5.261800e-05 -2.835193e-05
11567.800000 8.897254e-01 1.073412e+00 1.438607e-01 3.114970e-02 -3.708840e-05 -4.685132e-05 5.473255e-05 -2.919376e-05
11568.000000 8.838850e-01 1.066646e+00 1.460334e-01 3.131252e-02 -3.541169e-05 -4.687210e-05 5.806243e-05 -2.530942e-05
11568.200000 8.908451e-01 1.074685e+00 1.507905e-01 3.126642e-02 -3.546956e-05 -5.540864e-05 6.234542e-05 -2.270313e-05
11568.400000 8.901889e-01 1.073524e+00 1.544438e-01 3.199926e-02 -3.516509e-05 -5.723074e-05 5.712099e-05 -2.081312e-05
11568.600000 8.917181e-01 1.075426e+00 1.585608e-01 3.156465e-02 -3.449939e-05 -5.326652e-05 5.132494e-05 -2.760337e-05
11568.800000 8.949558e-01 1.079210e+00 1.628606e-01 3.038514e-02 -3.960131e-05 -5.131655e-05 5.504584e-05 -2.442776e-05
11569.000000 8.897932e-01 1.073296e+00 1.661263e-01 3.159151e-02 -4.900828e-05 -5.432566e-05 5.254156e-05 -2.613899e-05
11569.200000 8.912270e-01 1.075128e+00 1.705344e-01 3.139788e-02 -5.215795e-05 -4.300140e-05 5.541799e-05 -1.619815e-05
11569.400000 8.926453e-01 1.076630e+00 1.747012e-01 3.199730e-02 -5.166850e-05 -4.430900e-05 5.529079e-05 -2.249956e-05
11569.600000 8.945586e-01 1.078491e+00 1.787916e-01 3.138750e-02 -5.264581e-05 -4.231659e-05 5.392949e-05 -2.518306e-05
11569.800000 8.884819e-01 1.071433e+00 1.813437e-01 3.082018e-02 -4.084677e-05 -4.784053e-05 5.342858e-05 -3.056090e-05
11570.000000 8.932702e-01 1.077614e+00 1.859520e-01 3.132384e-02 -3.771607e-05 -5.592550e-05 5.894890e-05 -1.876316e-05
11570.200000 8.953335e-01 1.080140e+00 1.900675e-01 3.178980e-02 -4.171448e-05 -5.396092e-05 4.866905e-05 -2.499731e-05
11570.400000 8.955204e-01 1.080178e+00 1.932461e-01 3.159752e-02 -4.626298e-05 -5.470434e-05 6.058154e-05 -4.190436e-05
11570.600000 8.923824e-01 1.076417e+00 1.958641e-01 3.181343e-02 -4.275424e-05 -4.948562e-05 5.885326e-05 -3.762426e-05
11570.800000 8.905401e-01 1.074402e+00 1.986034e-01 3.161079e-02 -3.806523e-05 -4.373034e-05 6.293712e-05 -4.158385e-05
11571.000000 8.924707e-01 1.076780e+00 2.019037e-01 3.212855e-02 -3.811491e-05 -3.276094e-05 8.402707e-05 -4.270041e-05
11571.200000 8.897774e-01 1.073821e+00 2.042237e-01 3.203011e-02 -4.162421e-05 -3.626656e-05 7.812586e-05 -4.990212e-05
11571.400000 8.939558e-01 1.078496e+00 2.078673e-01 3.196459e-02 -3.644426e-05 -3.749327e-05 7.148566e-05 -4.768189e-05
11571.600000 8.937710e-01 1.078364e+00 2.103045e-01 3.161236e-02 -4.835467e-05 -4.183715e-05 8.161746e-05 -4.011333e-05
11571.800000 8.928287e-01 1.077432e+00 2.125721e-01 3.120967e-02 -5.433021e-05 -6.109858e-05 7.568890e-05 -4.260976e-05
11572.000000 8.902070e-01 1.074334e+00 2.144994e-01 3.154292e-02 -5.396544e-05 -6.875334e-05 6.500187e-05 -4.010486e-05
11572.200000 8.910034e-01 1.075103e+00 2.168699e-01 3.182495e-02 -4.150340e-05 -6.527601e-05 6.745064e-05 -4.426984e-05
11572.400000 8.902190e-01 1.074311e+00 2.188553e-01 3.171542e-02 -3.099071e-05 -6.032327e-05 7.263251e-05 -4.898010e-05
11572.600000 8.901056e-01 1.074289e+00 2.209878e-01 3.139413e-02 -3.493760e-05 -6.562334e-05 7.327091e-05 -5.025772e-05
11572.800000 8.889289e-01 1.072763e+00 2.228944e-01 3.185012e-02 -3.840036e-05 -6.951048e-05 8.014939e-05 -4.258989e-05
11573.000000 8.897769e-01 1.073715e+00 2.250046e-01 3.139726e-02 -2.856955e-05 -6.299071e-05 7.019049e-05 -4.847289e-05
11573.200000 8.919093e-01 1.076303e+00 2.275453e-01 3.146843e-02 -3.309125e-05 -6.408214e-05 6.145291e-05 -4.683185e-05
11573.400000 8.908830e-01 1.075112e+00 2.292088e-01 3.128859e-02 -3.636758e-05 -6.035431e-05 6.945946e-05 -4.510518e-05
11573.600000 8.902490e-01 1.074153e+00 2.307330e-01 3.103817e-02 -2.900115e-05 -6.425829e-05 7.801203e-05 -5.044195e-05
11573.800000 8.858682e-01 1.069243e+00 2.310906e-01 3.127931e-02 -2.005484e-05 -6.744596e-05 7.230241e-05 -5.290600e-05
11574.000000 8.873879e-01 1.071337e+00 2.331276e-01 3.172108e-02 -2.595942e-05 -6.176057e-05 6.859699e-05 -4.047681e-05
11574.200000 8.861771e-01 1.069928e+00 2.339955e-01 3.145739e-02 -2.615721e-05 -4.825463e-05 6.750573e-05 -4.182951e-05
11574.400000 8.888318e-01 1.073026e+00 2.359680e-01 3.168600e-02 -2.743578e-05 -4.926019e-05 7.152131e-05 -5.025767e-05
11574.600000 8.883065e-01 1.072123e+00 2.368092e-01 3.158185e-02 -2.882880e-05 -4.997659e-05 7.332370e-05 -5.014065e-05
11574.800000 8.949751e-01 1.080065e+00 2.395399e-01 3.164039e-02 -2.715268e-05 -4.445249e-05 6.766703e-05 -4.403812e-05
11575.000000 8.886400e-01 1.073064e+00 2.385262e-01 3.149655e-02 -3.097902e-05 -5.171622e-05 7.329184e-05 -5.720950e-05
11575.200000 8.867427e-01 1.070411e+00 2.384601e-01 3.114626e-02 -3.455088e-05 -4.645580e-05 7.355032e-05 -5.457997e-05
11575.400000 8.904757e-01 1.074603e+00 2.400540e-01 3.173394e-02 -3.497432e-05 -3.793716e-05 6.802855e-05 -5.686537e-05
11575.600000 8.907536e-01 1.075445e+00 2.403808e-01 3.196961e-02 -1.762320e-05 -4.335500e-05 6.468586e-05 -5.665176e-05
11575.800000 8.914901e-01 1.076265e+00 2.405918e-01 3.129833e-02 -1.359790e-05 -5.128519e-05 6.982949e-05 -4.770432e-05
11576.000000 8.913168e-01 1.076085e+00 2.404081e-01 3.137107e-02 -2.116514e-05 -5.041287e-05 7.448625e-05 -4.759583e-05
11576.200000 8.905767e-01 1.075576e+00 2.400151e-01 3.144579e-02 -2.594659e-05 -4.617428e-05 7.841134e-05 -4.826490e-05
11576.400000 8.785125e-01 1.061588e+00 2.361513e-01 3.123225e-02 -2.948727e-05 -4.078776e-05 7.726552e-05 -5.538917e-05
11576.600000 8.918147e-01 1.076860e+00 2.393515e-01 3.241000e-02 -3.025776e-05 -4.862259e-05 6.282194e-05 -6.102194e-05
11576.800000 8.850609e-01 1.069041e+00 2.368926e-01 3.212323e-02 -1.941149e-05 -5.775401e-05 6.069344e-05 -5.082831e-05
11577.000000 8.936802e-01 1.078966e+00 2.382722e-01 3.164336e-02 -1.634286e-05 -5.500139e-05 6.888816e-05 -5.628800e-05
11577.200000 8.865069e-01 1.070730e+00 2.355140e-01 3.188204e-02 -2.045195e-05 -5.035328e-05 6.178162e-05 -6.860845e-05
11577.400000 8.867649e-01 1.071320e+00 2.346715e-01 3.174772e-02 -1.579456e-05 -4.509973e-05 6.408013e-05 -6.454633e-05
11577.600000 8.825201e-01 1.066463e+00 2.323968e-01 3.090893e-02 -2.474570e-05 -4.549068e-05 6.917056e-05 -5.606012e-05
11577.800000 8.842176e-01 1.067913e+00 2.316519e-01 3.091678e-02 -2.589920e-05 -4.816731e-05 7.288430e-05 -4.570447e-05
11578.000000 8.858858e-01 1.070016e+00 2.310200e-01 3.085078e-02 -2.668062e-05 -4.642760e-05 6.773381e-05 -4.780835e-05
11578.200000 8.834093e-01 1.067477e+00 2.292879e-01 3.190935e-02 -3.357753e-05 -5.182652e-05 6.825640e-05 -4.669731e-05
11578.400000 8.842260e-01 1.068582e+00 2.283835e-01 3.141228e-02 -3.352089e-05 -4.569793e-05 6.606727e-05 -3.451274e-05
11578.600000 8.859180e-01 1.070299e+00 2.275173e-01 3.133493e-02 -3.628287e-05 -4.702005e-05 6.724910e-05 -4.585816e-05
11578.800000 8.863122e-01 1.070581e+00 2.265934e-01 3.221854e-02 -3.759257e-05 -4.590469e-05 7.376803e-05 -5.174899e-05
11579.000000 8.872697e-01 1.071998e+00 2.256939e-01 3.137593e-02 -2.589947e-05 -3.447349e-05 7.881093e-05 -4.704337e-05
11579.200000 8.930429e-01 1.078802e+00 2.259963e-01 3.242767e-02 -2.688696e-05 -3.051610e-05 6.708961e-05 -5.654044e-05
11579.400000 8.904967e-01 1.076005e+00 2.244882e-01 3.146165e-02 -3.381905e-05 -3.136260e-05 6.510774e-05 -5.222843e-05
11579.600000 8.823109e-01 1.066541e+00 2.216430e-01 3.128003e-02 -3.407994e-05 -3.288126e-05 5.090540e-05 -4.226146e-05
11579.800000 8.867774e-01 1.071766e+00 2.220763e-01 3.148084e-02 -3.049094e-05 -3.826221e-05 6.002097e-05 -4.379440e-05
11580.000000 8.900123e-01 1.075654e+00 2.223599e-01 3.201135e-02 -3.394416e-05 -4.957077e-05 6.287343e-05 -5.158968e-05
11580.200000 8.832756e-01 1.067769e+00 2.202101e-01 3.118889e-02 -3.224776e-05 -5.277985e-05 6.864865e-05 -5.958939e-05
11580.400000 8.830575e-01 1.067339e+00 2.198902e-01 3.211813e-02 -3.591965e-05 -5.427946e-05 6.893215e-05 -5.609740e-05
11580.600000 8.899641e-01 1.075801e+00 2.214048e-01 3.167182e-02 -3.098215e-05 -5.148029e-05 6.901966e-05 -5.466474e-05
11580.800000 8.816983e-01 1.066141e+00 2.192506e-01 3.109246e-02 -2.546464e-05 -4.846447e-05 7.480524e-05 -5.326850e-05
11581.000000 8.714928e-01 1.054028e+00 2.171725e-01 3.061333e-02 -2.044759e-05 -4.699177e-05 6.838494e-05 -6.070377e-05
11581.200000 8.878554e-01 1.073438e+00 2.215547e-01 3.117387e-02 -2.418237e-05 -4.411245e-05 6.161878e-05 -4.438809e-05
11581.400000 8.766226e-01 1.060257e+00 2.193872e-01 3.018862e-02 -2.526403e-05 -5.053601e-05 6.227083e-05 -5.312020e-05
11581.600000 8.829683e-01 1.067291e+00 2.215024e-01 3.099742e-02 -2.001936e-05 -5.327740e-05 6.731434e-05 -3.757763e-05
11581.800000 8.906004e-01 1.076630e+00 2.245483e-01 3.154782e-02 -2.208706e-05 -5.648407e-05 6.627976e-05 -2.904882e-05
11582.000000 8.873524e-01 1.072746e+00 2.246678e-01 3.166846e-02 -2.809268e-05 -5.334222e-05 5.734409e-05 -4.799087e-05
11582.200000 8.848419e-01 1.069768e+00 2.251513e-01 3.154616e-02 -2.835364e-05 -6.022780e-05 5.993293e-05 -4.544126e-05
11582.400000 8.869016e-01 1.072424e+00 2.270471e-01 3.181672e-02 -3.262129e-05 -6.098467e-05 6.890178e-05 -3.669436e-05
11582.600000 8.910040e-01 1.077548e+00 2.291639e-01 3.143689e-02 -4.311631e-05 -5.443468e-05 6.481943e-05 -5.737577e-05
11582.800000 8.815925e-01 1.066501e+00 2.283567e-01 3.156240e-02 -3.172874e-05 -4.917850e-05 8.058771e-05 -3.917292e-05
11583.000000 8.724885e-01 1.055094e+00 2.273028e-01 3.117337e-02 -2.926273e-05 -5.259486e-05 6.398984e-05 -5.032431e-05
11583.200000 8.899608e-01 1.075859e+00 2.336236e-01 3.217467e-02 -2.079784e-05 -6.628073e-05 6.500383e-05 -5.154025e-05
11583.400000 8.867984e-01 1.072210e+00 2.343516e-01 3.118658e-02 -2.458035e-05 -6.639856e-05 8.743580e-05 -5.581023e-05
11583.600000 8.882214e-01 1.073497e+00 2.359646e-01 3.162661e-02 -1.854663e-05 -6.439692e-05 6.672087e-05 -4.882471e-05
11583.800000 8.801283e-01 1.064793e+00 2.351133e-01 3.083097e-02 -1.868944e-05 -5.889835e-05 6.492109e-05 -6.743464e-05
11584.000000 8.907321e-01 1.077150e+00 2.392304e-01 3.152666e-02 -2.163467e-05 -5.351514e-05 7.927759e-05 -3.887165e-05
11584.200000 8.829349e-01 1.068256e+00 2.383061e-01 3.164050e-02 -2.409767e-05 -5.538120e-05 7.699073e-05 -5.069644e-05
11584.400000 8.788506e-01 1.063489e+00 2.382023e-01 3.179163e-02 -2.719940e-05 -5.388080e-05 7.752626e-05 -5.018033e-05
11584.600000 8.884147e-01 1.073811e+00 2.417451e-01 3.184303e-02 -3.690701e-05 -5.738688e-05 7.588202e-05 -4.681450e-05
11584.800000 8.937483e-01 1.080164e+00 2.440608e-01 3.129947e-02 -3.541217e-05 -5.587938e-05 6.885599e-05 -5.203105e-05
11585.000000 8.898874e-01 1.075878e+00 2.440371e-01 3.190516e-02 -3.086292e-05 -6.105927e-05 7.680153e-05 -5.063234e-05
11585.200000 8.783699e-01 1.062496e+00 2.416255e-01 3.092103e-02 -2.797792e-05 -5.880788e-05 6.753749e-05 -5.691369e-05
11585.400000 8.806049e-01 1.065539e+00 2.424063e-01 3.043348e-02 -3.478649e-05 -6.742681e-05 5.931849e-05 -4.370988e-05
11585.600000 8.899737e-01 1.076307e+00 2.451259e-01 3.012014e-02 -3.520756e-05 -6.737093e-05 6.282466e-05 -5.529524e-05
11585.800000 8.807207e-01 1.065532e+00 2.431291e-01 3.224517e-02 -4.171819e-05 -5.757504e-05 6.843099e-05 -5.300554e-05
11586.000000 8.884571e-01 1.075037e+00 2.454615e-01 3.141543e-02 -4.076774e-05 -5.516677e-05 7.182217e-05 -4.673659e-05
11586.200000 8.682866e-01 1.051148e+00 2.399330e-01 3.058194e-02 -3.973180e-05 -6.258750e-05 6.293657e-05 -4.851796e-05
11586.400000 8.829619e-01 1.068241e+00 2.440475e-01 3.105963e-02 -3.891432e-05 -5.829061e-05 7.175696e-05 -5.913763e-05
11586.600000 8.889929e-01 1.075496e+00 2.459651e-01 3.128043e-02 -4.278532e-05 -4.601873e-05 7.983640e-05 -4.612303e-05
11586.800000 8.880698e-01 1.074830e+00 2.457752e-01 3.152542e-02 -5.258980e-05 -4.953651e-05 6.554722e-05 -5.286853e-05
11587.000000 8.877345e-01 1.073779e+00 2.454402e-01 3.171049e-02 -4.386387e-05 -5.908334e-05 7.629843e-05 -5.344617e-05
11587.200000 8.705174e-01 1.053188e+00 2.403301e-01 3.073736e-02 -4.824883e-05 -6.306793e-05 7.998117e-05 -5.821249e-05
11587.400000 8.911235e-01 1.077503e+00 2.459632e-01 3.150506e-02 -4.815282e-05 -5.661397e-05 8.543901e-05 -6.458505e-05
11587.600000 8.932856e-01 1.080637e+00 2.466326e-01 3.224933e-02 -5.004008e-05 -6.019549e-05 7.960170e-05 -6.726015e-05
11587.800000 8.903260e-01 1.077581e+00 2.454510e-01 3.067676e-02 -4.694581e-05 -6.315618e-05 9.768368e-05 -7.378109e-05
11588.000000 8.738547e-01 1.058080e+00 2.401172e-01 3.183184e-02 -4.243439e-05 -6.236249e-05 1.007557e-04 -6.546716e-05
11588.200000 8.728487e-01 1.056742e+00 2.398248e-01 3.037750e-02 -3.370779e-05 -5.826404e-05 8.724905e-05 -7.255249e-05
11588.400000 8.908872e-01 1.078248e+00 2.442495e-01 3.096910e-02 -3.103982e-05 -5.883063e-05 8.557072e-05 -5.651533e-05
11588.600000 8.893899e-01 1.076275e+00 2.430903e-01 3.194739e-02 -4.228282e-05 -5.886157e-05 8.244733e-05 -5.636747e-05
11588.800000 8.807538e-01 1.065852e+00 2.400378e-01 3.134681e-02 -2.501759e-05 -6.019230e-05 7.366577e-05 -3.763891e-05
11589.000000 8.831231e-01 1.069361e+00 2.396787e-01 2.982043e-02 -2.382325e-05 -6.222655e-05 7.176959e-05 -4.055375e-05
11589.200000 8.774065e-01 1.062188e+00 2.371537e-01 3.104761e-02 -2.320250e-05 -5.890513e-05 5.765366e-05 -4.707104e-05
11589.400000 8.860917e-01 1.072845e+00 2.383969e-01 3.223237e-02 -2.817549e-05 -6.497765e-05 5.508880e-05 -6.370066e-05
11589.600000 8.848098e-01 1.071181e+00 2.372345e-01 3.039383e-02 -2.924654e-05 -6.171437e-05 6.196161e-05 -7.514621e-05
11589.800000 8.838883e-01 1.070378e+00 2.359627e-01 3.168345e-02 -3.356635e-05 -6.053291e-05 5.906326e-05 -7.570878e-05
11590.000000 8.800613e-01 1.066142e+00 2.333716e-01 3.229857e-02 -3.209988e-05 -5.235980e-05 6.693118e-05 -5.896935e-05
11590.200000 8.901901e-01 1.077902e+00 2.347728e-01 3.249393e-02 -2.536896e-05 -5.834586e-05 6.798894e-05 -7.406210e-05
11590.400000 8.775050e-01 1.062921e+00 2.299227e-01 3.079397e-02 -2.765661e-05 -6.046001e-05 5.525329e-05 -7.366183e-05
11590.600000 8.796179e-01 1.064959e+00 2.287508e-01 3.212955e-02 -3.435061e-05 -4.866142e-05 5.009317e-05 -7.564617e-05
11590.800000 8.852821e-01 1.071655e+00 2.285776e-01 3.094981e-02 -3.355640e-05 -4.341994e-05 6.149268e-05 -6.772643e-05
11591.000000 8.828395e-01 1.069218e+00 2.263181e-01 3.150387e-02 -3.199304e-05 -4.531053e-05 5.311113e-05 -7.223618e-05
11591.200000 8.812579e-01 1.067515e+00 2.240576e-01 3.167028e-02 -2.669585e-05 -5.304658e-05 5.683827e-05 -6.987329e-05
11591.400000 8.786769e-01 1.064050e+00 2.221660e-01 3.176850e-02 -3.353227e-05 -5.443311e-05 5.317183e-05 -5.983638e-05
11591.600000 8.845089e-01 1.071099e+00 2.214820e-01 3.222251e-02 -3.319308e-05 -5.279785e-05 6.015439e-05 -5.455864e-05
11591.800000 8.881253e-01 1.075184e+00 2.206535e-01 3.052960e-02 -4.210602e-05 -5.099693e-05 6.593805e-05 -4.832292e-05
11592.000000 8.930249e-01 1.080858e+00 2.200449e-01 3.242038e-02 -4.088819e-05 -4.827754e-05 7.433871e-05 -4.051792e-05
11592.200000 8.875266e-01 1.075251e+00 2.172329e-01 3.178893e-02 -3.687400e-05 -5.398641e-05 6.415831e-05 -3.749842e-05
11592.400000 8.644468e-01 1.047788e+00 2.096738e-01 3.036252e-02 -3.848499e-05 -4.638162e-05 5.166258e-05 -3.134168e-05
11592.600000 8.871452e-01 1.074934e+00 2.132067e-01 3.148674e-02 -4.934799e-05 -4.734052e-05 5.663109e-05 -3.958128e-05
11592.800000 8.818610e-01 1.067949e+00 2.105641e-01 3.228422e-02 -4.962756e-05 -4.006513e-05 4.016622e-05 -4.645845e-05
11593.000000 8.861936e-01 1.073486e+00 2.101878e-01 3.218616e-02 -4.331277e-05 -5.252487e-05 5.329803e-05 -5.074305e-05
11593.200000 8.898034e-01 1.077947e+00 2.097498e-01 3.114312e-02 -3.947515e-05 -4.748111e-05 4.018342e-05 -5.048475e-05
11593.400000 8.827077e-01 1.069210e+00 2.069294e-01 3.022642e-02 -4.213604e-05 -5.258640e-05 6.249629e-05 -4.633107e-05
11593.600000 8.847184e-01 1.071645e+00 2.060742e-01 3.152520e-02 -4.779273e-05 -5.826851e-05 6.846812e-05 -3.982768e-05
11593.800000 8.925218e-01 1.080715e+00 2.070502e-01 3.158477e-02 -4.254889e-05 -5.543915e-05 7.403898e-05 -4.175513e-05
11594.000000 8.848663e-01 1.072197e+00 2.045086e-01 3.148518e-02 -3.383973e-05 -5.354811e-05 6.533471e-05 -2.734932e-05
11594.200000 8.864915e-01 1.074167e+00 2.042689e-01 3.229202e-02 -3.739370e-05 -5.361792e-05 5.875522e-05 -3.082817e-05
11594.400000 8.794695e-01 1.064872e+00 2.019686e-01 3.085621e-02 -3.884895e-05 -4.982563e-05 5.947914e-05 -3.159896e-05
11594.600000 8.853850e-01 1.072813e+00 2.035125e-01 3.025822e-02 -4.258710e-05 -4.954807e-05 6.267739e-05 -3.431759e-05
11594.800000 8.730797e-01 1.058946e+00 2.004846e-01 3.247062e-02 -3.094538e-05 -4.578124e-05 6.768377e-05 -4.115577e-05
11595.000000 8.732692e-01 1.058569e+00 2.005774e-01 3.181956e-02 -3.728527e-05 -4.141755e-05 5.107466e-05 -4.088621e-05
11595.200000 8.720309e-01 1.057129e+00 2.003398e-01 2.941632e-02 -3.843601e-05 -4.783186e-05 4.720011e-05 -3.943683e-05
11595.400000 8.772103e-01 1.062949e+00 2.019391e-01 3.094364e-02 -3.348877e-05 -4.834498e-05 4.798402e-05 -3.742740e-05
11595.600000 8.923201e-01 1.081472e+00 2.059126e-01 3.277219e-02 -2.385787e-05 -6.333259e-05 5.739455e-05 -3.793130e-05
11595.800000 8.738573e-01 1.059875e+00 2.024024e-01 3.104435e-02 -2.653147e-05 -6.014428e-05 5.605938e-05 -4.909024e-05
11596.000000 8.855707e-01 1.073843e+00 2.056441e-01 3.077762e-02 -2.106901e-05 -4.849511e-05 4.317176e-05 -5.500550e-05
11596.200000 8.768859e-01 1.062633e+00 2.042252e-01 3.067755e-02 -2.459483e-05 -4.827104e-05 3.369430e-05 -4.017220e-05
11596.400000 8.597106e-01 1.042489e+00 2.012616e-01 2.994879e-02 -3.137744e-05 -4.722644e-05 4.228378e-05 -4.068241e-05
11596.600000 8.834306e-01 1.070441e+00 2.080383e-01 3.146322e-02 -3.300334e-05 -4.741574e-05 4.052817e-05 -4.354034e-05
11596.800000 8.886431e-01 1.077042e+00 2.101100e-01 3.119775e-02 -2.954968e-05 -4.421866e-05 4.413291e-05 -4.684892e-05
11597.000000 8.731067e-01 1.059244e+00 2.075992e-01 3.114997e-02 -2.878110e-05 -4.320971e-05 4.208288e-05 -4.511147e-05
11597.700000 8.776337e-01 1.064329e+00 2.126618e-01 3.139766e-02 -1.768750e-05 -5.472425e-05 4.474866e-05 -4.282147e-05
11598.400000 8.796149e-01 1.066796e+00 2.169684e-01 3.135643e-02 -2.438334e-05 -6.847403e-05 3.728494e-05 -3.917909e-05
11599.100000 8.809059e-01 1.068248e+00 2.210077e-01 3.164618e-02 -3.265283e-05 -6.554617e-05 5.478477e-05 -3.842328e-05
11599.800000 8.789082e-01 1.065949e+00 2.236040e-01 3.170326e-02 -3.402215e-05 -5.702826e-05 5.078485e-05 -3.817926e-05
11600.500000 8.822265e-01 1.070193e+00 2.270837e-01 3.094636e-02 -3.332838e-05 -6.137679e-05 5.529818e-05 -3.226202e-05
11601.200000 8.769854e-01 1.064188e+00 2.277100e-01 3.097382e-02 -2.903095e-05 -6.376276e-05 5.566379e-05 -3.666323e-05
11601.900000 8.740665e-01 1.060715e+00 2.281933e-01 3.151812e-02 -2.143105e-05 -6.331572e-05 5.376348e-05 -3.790387e-05
11602.600000 8.796946e-01 1.067482e+00 2.308120e-01 3.155928e-02 -1.788804e-05 -6.569501e-05 4.338679e-05 -4.886331e-05
11603.300000 8.830618e-01 1.071551e+00 2.328637e-01 3.186271e-02 -1.579017e-05 -5.960759e-05 4.618766e-05 -4.324145e-05
11604.993695 8.797184e-01 1.067781e+00 2.358520e-01 3.110694e-02 -2.368611e-05 -5.689857e-05 5.346903e-05 -3.317078e-05
11605.999583 8.815165e-01 1.070119e+00 2.391522e-01 3.151646e-02 -3.015857e-05 -5.885237e-05 4.159499e-05 -3.538884e-05
11607.017662 8.783753e-01 1.066568e+00 2.407855e-01 3.194691e-02 -3.075867e-05 -5.875406e-05 4.565350e-05 -4.035702e-05
11608.047933 8.811158e-01 1.069868e+00 2.429325e-01 3.123856e-02 -2.272188e-05 -6.040583e-05 4.080048e-05 -3.945106e-05
11609.090396 8.803307e-01 1.069231e+00 2.424616e-01 3.122265e-02 -2.901234e-05 -5.641068e-05 3.407082e-05 -3.383796e-05
11610.145051 8.797785e-01 1.068893e+00 2.408237e-01 3.169617e-02 -3.732987e-05 -5.214494e-05 3.160064e-05 -3.691394e-05
11611.211898 8.769851e-01 1.065764e+00 2.373016e-01 3.132764e-02 -4.495902e-05 -5.993346e-05 2.792364e-05 -4.730514e-05
11612.290937 8.767119e-01 1.065545e+00 2.334932e-01 3.122897e-02 -5.036532e-05 -6.473007e-05 3.201450e-05 -5.296257e-05
11613.382167 8.781733e-01 1.067513e+00 2.297070e-01 3.168564e-02 -3.874323e-05 -5.450506e-05 3.367723e-05 -4.894723e-05
11614.485590 8.779345e-01 1.067457e+00 2.253674e-01 3.131769e-02 -3.115138e-05 -4.518402e-05 2.966077e-05 -5.374381e-05
11615.601204 8.793829e-01 1.069223e+00 2.214485e-01 3.190331e-02 -3.849213e-05 -4.521664e-05 4.399487e-05 -4.769491e-05
11616.729011 8.744699e-01 1.063487e+00 2.161634e-01 3.138698e-02 -2.458058e-05 -5.140888e-05 4.391405e-05 -4.066630e-05
11617.869009 8.755535e-01 1.065080e+00 2.130599e-01 3.116414e-02 -1.877234e-05 -4.968875e-05 4.765227e-05 -4.388016e-05
11619.021199 8.753044e-01 1.064977e+00 2.105285e-01 3.130339e-02 -2.185720e-05 -4.809608e-05 5.796370e-05 -4.409715e-05
11620.185582 8.754755e-01 1.065356e+00 2.094955e-01 3.116177e-02 -3.166685e-05 -5.241898e-05 6.307082e-05 -4.718417e-05
11621.362156 8.777887e-01 1.068473e+00 2.102826e-01 3.183946e-02 -3.762264e-05 -5.238632e-05 6.167155e-05 -5.241798e-05
11622.550922 8.713485e-01 1.061065e+00 2.099071e-01 3.122592e-02 -3.968646e-05 -4.878840e-05 6.848030e-05 -5.080411e-05
11623.751879 8.777845e-01 1.068894e+00 2.132640e-01 3.177080e-02 -3.879540e-05 -4.565940e-05 5.753601e-05 -5.700140e-05
11624.965029 8.754937e-01 1.066428e+00 2.147391e-01 3.150528e-02 -2.915260e-05 -5.498392e-05 6.505854e-05 -4.752166e-05
11626.190371 8.734381e-01 1.063818e+00 2.161301e-01 3.142602e-02 -2.928741e-05 -4.916785e-05 6.468747e-05 -4.676119e-05
11627.427904 8.751396e-01 1.066254e+00 2.185419e-01 3.160308e-02 -3.342383e-05 -4.843437e-05 6.177669e-05 -3.960849e-05
11628.677630 8.759512e-01 1.067701e+00 2.209374e-01 3.190740e-02 -4.410053e-05 -4.357232e-05 5.806413e-05 -3.695754e-05
11629.939547 8.763123e-01 1.068575e+00 2.228342e-01 3.175040e-02 -4.202844e-05 -3.918479e-05 5.524816e-05 -3.501146e-05
11631.213657 8.730945e-01 1.064736e+00 2.235186e-01 3.134607e-02 -4.358071e-05 -3.821619e-05 6.001133e-05 -2.339658e-05
11632.499958 8.745990e-01 1.066690e+00 2.251637e-01 3.123610e-02 -3.644406e-05 -4.693650e-05 6.730974e-05 -2.313005e-05
11633.798451 8.742298e-01 1.066504e+00 2.263701e-01 3.155233e-02 -3.398788e-05 -4.984344e-05 5.698087e-05 -3.557816e-05
11635.109136 8.742851e-01 1.066707e+00 2.279093e-01 3.155428e-02 -4.101689e-05 -4.554089e-05 5.882874e-05 -3.425389e-05
11636.432013 8.743953e-01 1.067025e+00 2.298356e-01 3.077323e-02 -3.880722e-05 -4.812310e-05 5.780839e-05 -3.437386e-05
11637.767082 8.745772e-01 1.067692e+00 2.323721e-01 3.132885e-02 -3.754875e-05 -4.564224e-05 4.462518e-05 -4.342032e-05
11639.114342 8.684843e-01 1.060759e+00 2.335477e-01 3.138065e-02 -2.939533e-05 -4.219885e-05 4.656486e-05 -4.733743e-05
11640.473795 8.731081e-01 1.066124e+00 2.378905e-01 3.127125e-02 -3.308784e-05 -4.598158e-05 5.758087e-05 -5.221874e-05
11641.845440 8.732431e-01 1.066422e+00 2.409429e-01 3.094438e-02 -3.625713e-05 -4.678079e-05 5.135950e-05 -5.093022e-05
11643.229276 8.711734e-01 1.064372e+00 2.430575e-01 3.104178e-02 -4.132212e-05 -5.797949e-05 4.993774e-05 -5.903383e-05
11644.625305 8.732009e-01 1.067408e+00 2.458805e-01 3.142254e-02 -4.007888e-05 -5.479035e-05 5.406015e-05 -6.120066e-05
11646.033525 8.714230e-01 1.065436e+00 2.468271e-01 3.122005e-02 -3.807897e-05 -6.109122e-05 5.885008e-05 -5.929915e-05
11647.453937 8.717379e-01 1.066077e+00 2.481505e-01 3.120459e-02 -4.143508e-05 -5.818015e-05 5.756303e-05 -5.976380e-05
11648.886541 8.698742e-01 1.063873e+00 2.480797e-01 3.177071e-02 -4.382720e-05 -5.141908e-05 6.717570e-05 -5.694675e-05
11650.331337 8.670662e-01 1.060710e+00 2.474925e-01 3.168839e-02 -4.195587e-05 -4.802442e-05 5.755086e-05 -5.839704e-05
11651.788325 8.691400e-01 1.063494e+00 2.472890e-01 3.149925e-02 -3.426583e-05 -4.407000e-05 5.735652e-05 -6.098199e-05
11653.257505 8.710572e-01 1.066416e+00 2.462778e-01 3.175861e-02 -2.878675e-05 -5.421800e-05 5.617159e-05 -6.250490e-05
11654.738877 8.702322e-01 1.065466e+00 2.435713e-01 3.162066e-02 -2.679203e-05 -5.240508e-05 5.579203e-05 -6.111585e-05
11656.232440 8.686371e-01 1.063858e+00 2.403392e-01 3.145579e-02 -2.681281e-05 -4.640458e-05 5.883791e-05 -5.463005e-05
11657.738196 8.685691e-01 1.064174e+00 2.373954e-01 3.103968e-02 -3.129801e-05 -5.056458e-05 5.966220e-05 -5.005491e-05
11659.256143 8.692178e-01 1.064972e+00 2.346703e-01 3.165861e-02 -3.568465e-05 -4.570834e-05 4.578539e-05 -6.002559e-05
11660.786283 8.688502e-01 1.064834e+00 2.324197e-01 3.136392e-02 -3.044641e-05 -4.054673e-05 5.150090e-05 -5.978685e-05
11662.328614 8.678250e-01 1.063979e+00 2.308640e-01 3.125750e-02 -2.874541e-05 -3.553936e-05 5.821062e-05 -5.478879e-05
11663.883137 8.665811e-01 1.062665e+00 2.299330e-01 3.150631e-02 -3.549329e-05 -3.148630e-05 6.284528e-05 -5.019420e-05
11665.449852 8.681713e-01 1.064847e+00 2.300185e-01 3.139185e-02 -3.769241e-05 -2.523957e-05 5.963913e-05 -5.189165e-05
11667.028759 8.672220e-01 1.063887e+00 2.301200e-01 3.126426e-02 -4.391063e-05 -3.240489e-05 5.704982e-05 -3.653114e-05
11668.619858 8.676467e-01 1.065032e+00 2.310101e-01 3.145179e-02 -3.405161e-05 -3.235391e-05 6.070219e-05 -3.976718e-05
11670.223149 8.675103e-01 1.064956e+00 2.317416e-01 3.156475e-02 -3.277689e-05 -3.425277e-05 6.231069e-05 -3.831505e-05
11671.838632 8.657103e-01 1.063299e+00 2.321441e-01 3.173447e-02 -3.186180e-05 -3.676674e-05 5.669550e-05 -4.022917e-05
11673.466307 8.657007e-01 1.063322e+00 2.329892e-01 3.128009e-02 -3.547982e-05 -3.554438e-05 5.362504e-05 -3.434446e-05
11675.106173 8.664305e-01 1.064601e+00 2.341161e-01 3.154297e-02 -3.821788e-05 -3.576559e-05 6.750270e-05 -3.097351e-05
11676.758232 8.661325e-01 1.064437e+00 2.347774e-01 3.125421e-02 -3.436699e-05 -4.462717e-05 7.293050e-05 -3.673856e-05
11678.422482 8.623190e-01 1.060251e+00 2.341675e-01 3.136183e-02 -3.581414e-05 -5.038601e-05 7.519146e-05 -2.959598e-05
11680.098924 8.618888e-01 1.060133e+00 2.341369e-01 3.150378e-02 -4.167194e-05 -5.224878e-05 6.550306e-05 -3.569719e-05
11681.787558 8.629977e-01 1.061371e+00 2.340323e-01 3.116046e-02 -3.091634e-05 -4.609980e-05 6.969181e-05 -3.089405e-05
11683.488385 8.650573e-01 1.064284e+00 2.339039e-01 3.150732e-02 -2.449387e-05 -3.892701e-05 7.277713e-05 -3.737909e-05
11685.201403 8.632070e-01 1.062642e+00 2.326261e-01 3.110535e-02 -2.694152e-05 -4.306649e-05 6.292113e-05 -5.143069e-05
11686.926613 8.637556e-01 1.063660e+00 2.320677e-01 3.130356e-02 -3.088509e-05 -3.545625e-05 6.124847e-05 -4.975131e-05
11688.664014 8.634430e-01 1.063197e+00 2.315611e-01 3.165962e-02 -3.752358e-05 -3.833229e-05 5.765427e-05 -4.654068e-05
11690.413608 8.632648e-01 1.063373e+00 2.316095e-01 3.152351e-02 -3.476922e-05 -2.991531e-05 6.132810e-05 -5.319070e-05
11692.175394 8.617989e-01 1.061853e+00 2.320722e-01 3.087145e-02 -3.521790e-05 -3.740652e-05 6.483982e-05 -5.509981e-05
11693.949371 8.619055e-01 1.062520e+00 2.337809e-01 3.142667e-02 -3.425990e-05 -2.966951e-05 5.895488e-05 -6.575553e-05
11695.735541 8.612612e-01 1.061975e+00 2.357238e-01 3.133833e-02 -2.088743e-05 -2.618054e-05 5.478898e-05 -6.099118e-05
11697.533902 8.623246e-01 1.063564e+00 2.387729e-01 3.150872e-02 -3.138538e-05 -2.794331e-05 5.609381e-05 -5.711686e-05
11699.344455 8.602994e-01 1.061415e+00 2.414447e-01 3.133941e-02 -2.489568e-05 -2.508126e-05 5.655801e-05 -5.246195e-05
11701.167201 8.600796e-01 1.061407e+00 2.448040e-01 3.096287e-02 -2.926265e-05 -3.226566e-05 6.345738e-05 -5.361268e-05
11703.002138 8.564430e-01 1.057471e+00 2.469723e-01 3.080890e-02 -3.187750e-05 -3.325244e-05 6.364978e-05 -4.877004e-05
11704.849267 8.584299e-01 1.060114e+00 2.503550e-01 3.162433e-02 -3.307731e-05 -3.727952e-05 5.697068e-05 -4.804594e-05
11706.708588 8.585138e-01 1.060395e+00 2.522011e-01 3.141432e-02 -2.814848e-05 -4.171041e-05 6.587069e-05 -4.438084e-05
11708.580100 8.589763e-01 1.061349e+00 2.533586e-01 3.133377e-02 -2.726145e-05 -4.617756e-05 7.549490e-05 -4.747875e-05
11710.463805 8.576480e-01 1.060103e+00 2.530244e-01 3.129675e-02 -2.928692e-05 -5.006843e-05 8.031599e-05 -4.430653e-05
11712.359702 8.584298e-01 1.061485e+00 2.524387e-01 3.161627e-02 -2.566448e-05 -4.718727e-05 8.712867e-05 -3.926326e-05
11714.267790 8.571574e-01 1.060295e+00 2.509949e-01 3.122740e-02 -1.888239e-05 -4.029584e-05 6.629208e-05 -5.890490e-05
11716.188071 8.577733e-01 1.061356e+00 2.496825e-01 3.185878e-02 -1.483532e-05 -4.589039e-05 6.654377e-05 -4.552817e-05
11718.120543 8.570297e-01 1.060873e+00 2.477797e-01 3.148911e-02 -1.919650e-05 -3.377467e-05 7.097906e-05 -4.427873e-05
11720.065207 8.571481e-01 1.061334e+00 2.460696e-01 3.134770e-02 -2.137852e-05 -2.834579e-05 6.959568e-05 -4.101545e-05
11722.022064 8.547503e-01 1.058714e+00 2.437878e-01 3.117821e-02 -2.717423e-05 -3.001312e-05 6.216650e-05 -4.771602e-05
11723.991112 8.551705e-01 1.059722e+00 2.427745e-01 3.070428e-02 -3.300548e-05 -4.401574e-05 7.003720e-05 -4.433516e-05
11725.972352 8.547292e-01 1.059462e+00 2.414249e-01 3.137424e-02 -4.408610e-05 -5.048326e-05 5.835597e-05 -5.053692e-05
11727.965784 8.545605e-01 1.059438e+00 2.405732e-01 3.140012e-02 -4.188627e-05 -4.198783e-05 6.596449e-05 -4.306928e-05
11729.971407 8.535301e-01 1.058505e+00 2.396033e-01 3.158719e-02 -3.929467e-05 -3.479313e-05 7.408482e-05 -3.946800e-05
11731.989223 8.515959e-01 1.056583e+00 2.385760e-01 3.171708e-02 -3.599757e-05 -4.028805e-05 7.360383e-05 -3.868038e-05
11734.019231 8.489571e-01 1.053814e+00 2.378077e-01 3.084080e-02 -3.986397e-05 -4.014889e-05 7.370406e-05 -4.299766e-05
11736.061430 8.515160e-01 1.057268e+00 2.385350e-01 3.158266e-02 -3.308614e-05 -4.280567e-05 7.366520e-05 -5.066182e-05
11738.115822 8.519831e-01 1.058036e+00 2.392060e-01 3.133813e-02 -3.358360e-05 -4.218466e-05 6.327460e-05 -5.360543e-05
11740.182405 8.528628e-01 1.059129e+00 2.399753e-01 3.132853e-02 -3.941649e-05 -4.261572e-05 6.342067e-05 -4.634262e-05
11742.261180 8.521045e-01 1.058944e+00 2.403188e-01 3.146775e-02 -4.281751e-05 -3.939111e-05 5.740217e-05 -4.579959e-05
11744.352148 8.511727e-01 1.058158e+00 2.405536e-01 3.115803e-02 -3.926617e-05 -3.718805e-05 4.822240e-05 -4.129365e-05
11746.455307 8.481908e-01 1.055064e+00 2.394834e-01 3.110588e-02 -2.633486e-05 -4.459729e-05 5.126604e-05 -3.841464e-05
11748.570658 8.507563e-01 1.058348e+00 2.394944e-01 3.151100e-02 -1.753828e-05 -4.377798e-05 6.109475e-05 -4.027157e-05
11750.698201 8.496722e-01 1.057372e+00 2.383710e-01 3.085098e-02 -1.622701e-05 -3.903243e-05 6.964667e-05 -5.125185e-05
11752.837935 8.491244e-01 1.057237e+00 2.372552e-01 3.188694e-02 -1.704360e-05 -3.367515e-05 7.487066e-05 -5.053249e-05
11754.989862 8.483434e-01 1.056683e+00 2.366656e-01 3.134650e-02 -2.736183e-05 -3.840038e-05 7.465752e-05 -4.609944e-05
11757.153981 8.493578e-01 1.058350e+00 2.374998e-01 3.091287e-02 -2.342228e-05 -4.308948e-05 6.819354e-05 -5.108545e-05
11759.330291 8.476445e-01 1.056723e+00 2.385807e-01 3.173346e-02 -2.461461e-05 -4.007872e-05 7.185378e-05 -5.793786e-05
11761.518794 8.470958e-01 1.056247e+00 2.410592e-01 3.180027e-02 -2.467034e-05 -4.435058e-05 6.347822e-05 -6.240817e-05
11763.719488 8.473324e-01 1.056816e+00 2.445746e-01 3.098621e-02 -3.010801e-05 -4.472631e-05 5.763140e-05 -5.645909e-05
11765.932374 8.474411e-01 1.057443e+00 2.480609e-01 3.142060e-02 -3.140213e-05 -4.543319e-05 6.224748e-05 -5.599439e-05
11768.157453 8.457503e-01 1.055626e+00 2.506531e-01 3.125547e-02 -3.118512e-05 -4.425605e-05 5.133054e-05 -5.763392e-05
11770.394723 8.420090e-01 1.051691e+00 2.519233e-01 3.135341e-02 -3.068056e-05 -5.087040e-05 5.655326e-05 -6.035322e-05
11772.644185 8.355493e-01 1.044200e+00 2.516420e-01 3.075927e-02 -2.641822e-05 -4.643035e-05 6.235834e-05 -4.558790e-05
11774.905838 8.418502e-01 1.052123e+00 2.549161e-01 3.128847e-02 -2.329563e-05 -4.830509e-05 5.238035e-05 -5.770865e-05
11777.179684 8.438718e-01 1.054976e+00 2.566492e-01 3.084325e-02 -3.149476e-05 -5.068050e-05 4.925855e-05 -5.676644e-05
11779.465722 8.436522e-01 1.055324e+00 2.575097e-01 3.085540e-02 -3.329492e-05 -4.725003e-05 5.987752e-05 -5.193398e-05
11781.763952 8.436065e-01 1.055543e+00 2.579707e-01 3.133362e-02 -3.111431e-05 -3.948839e-05 7.108520e-05 -4.576365e-05
11784.074373 8.429097e-01 1.054975e+00 2.582795e-01 3.182361e-02 -2.170506e-05 -3.695642e-05 6.576728e-05 -4.462746e-05
11786.396987 8.413767e-01 1.053350e+00 2.580501e-01 3.122597e-02 -3.368950e-05 -4.620922e-05 5.530626e-05 -4.864762e-05
11788.731792 8.418663e-01 1.054465e+00 2.584581e-01 3.121240e-02 -2.681625e-05 -4.171040e-05 5.005164e-05 -5.736787e-05
11791.078789 8.428157e-01 1.056136e+00 2.588479e-01 3.161319e-02 -2.128662e-05 -4.544917e-05 4.645518e-05 -5.273688e-05
11793.437978 8.403382e-01 1.053457e+00 2.579538e-01 3.127321e-02 -1.664056e-05 -4.568873e-05 5.339748e-05 -5.956734e-05
11795.809359 8.394332e-01 1.052568e+00 2.569818e-01 3.101987e-02 -2.137165e-05 -3.974477e-05 5.531517e-05 -8.263232e-05
11798.192932 8.404946e-01 1.054248e+00 2.562774e-01 3.146527e-02 -2.004000e-05 -4.332646e-05 5.817197e-05 -7.913685e-05
11800.588697 8.402079e-01 1.054392e+00 2.549520e-01 3.092895e-02 -1.477887e-05 -3.468573e-05 6.460751e-05 -6.771192e-05
11802.996654 8.389946e-01 1.053458e+00 2.527729e-01 3.162859e-02 -1.281005e-05 -4.519129e-05 6.132538e-05 -6.368222e-05
11805.416803 8.377047e-01 1.052234e+00 2.504786e-01 3.088690e-02 -1.146961e-05 -5.210411e-05 5.719241e-05 -6.148549e-05
11807.849143 8.379124e-01 1.052762e+00 2.483656e-01 3.098204e-02 -1.501787e-05 -4.605998e-05 5.712229e-05 -6.555450e-05
11810.293676 8.383572e-01 1.053658e+00 2.466821e-01 3.127949e-02 -1.104607e-05 -4.286423e-05 6.449443e-05 -6.340392e-05
11812.750400 8.365072e-01 1.051930e+00 2.447969e-01 3.115523e-02 -1.108217e-05 -4.605851e-05 6.596670e-05 -5.894126e-05
11815.219317 8.351122e-01 1.050826e+00 2.438844e-01 3.147863e-02 -1.297249e-05 -4.653742e-05 6.055816e-05 -5.796092e-05
11817.700425 8.335200e-01 1.049182e+00 2.433740e-01 3.100451e-02 -7.953966e-06 -4.779911e-05 6.679650e-05 -7.121596e-05
11820.193725 8.344585e-01 1.050961e+00 2.445508e-01 3.150624e-02 -1.140694e-05 -4.768174e-05 6.815801e-05 -6.849251e-05
11822.699217 8.354312e-01 1.052324e+00 2.460985e-01 3.104094e-02 -1.926381e-05 -4.406177e-05 6.067227e-05 -6.679828e-05
11825.216901 8.345302e-01 1.051479e+00 2.477089e-01 3.121380e-02 -9.975077e-06 -4.138152e-05 6.834352e-05 -6.827728e-05
11827.746777 8.319058e-01 1.048823e+00 2.494953e-01 3.142825e-02 -1.579007e-06 -4.114314e-05 6.764967e-05 -6.729898e-05
11830.288845 8.345130e-01 1.052294e+00 2.531546e-01 3.158644e-02 1.659446e-06 -3.483133e-05 7.234273e-05 -6.797933e-05
11832.843105 8.334737e-01 1.051474e+00 2.561840e-01 3.071260e-02 -4.593290e-06 -3.877702e-05 8.421402e-05 -8.218448e-05
11835.409556 8.323829e-01 1.050475e+00 2.591435e-01 3.139366e-02 -6.411888e-06 -4.088053e-05 8.182456e-05 -7.389619e-05
11837.988200 8.314175e-01 1.049643e+00 2.617757e-01 3.137268e-02 -1.703710e-05 -3.335050e-05 7.027419e-05 -6.759788e-05
11840.579035 8.310368e-01 1.049825e+00 2.641045e-01 3.111459e-02 -1.688340e-05 -3.461633e-05 6.613083e-05 -6.981306e-05
11843.182062 8.299362e-01 1.049220e+00 2.653837e-01 3.126197e-02 -1.463205e-05 -3.883208e-05 7.193318e-05 -7.981785e-05
11845.797282 8.274484e-01 1.046393e+00 2.655664e-01 3.080359e-02 -1.482043e-05 -4.836715e-05 6.353672e-05 -7.476764e-05
11848.424693 8.280885e-01 1.047589e+00 2.659666e-01 3.113527e-02 -1.840962e-05 -4.623213e-05 6.724287e-05 -7.135055e-05
11851.064296 8.293421e-01 1.049689e+00 2.662352e-01 3.120009e-02 -2.002758e-05 -4.366661e-05 6.855688e-05 -7.337462e-05
11853.716091 8.289201e-01 1.049595e+00 2.655780e-01 3.100143e-02 -1.764191e-05 -3.819848e-05 6.896124e-05 -8.073155e-05
11856.380078 8.259576e-01 1.046005e+00 2.642555e-01 3.092935e-02 -1.743959e-05 -3.561876e-05 6.720682e-05 -8.151420e-05
11859.056256 8.276477e-01 1.048893e+00 2.652561e-01 3.084571e-02 -1.310522e-05 -3.798967e-05 7.040404e-05 -8.752316e-05
11861.744627 8.239330e-01 1.044699e+00 2.649753e-01 3.114272e-02 -1.907478e-05 -4.087615e-05 9.049974e-05 -7.972797e-05
11864.445190 8.210208e-01 1.041191e+00 2.652441e-01 3.103234e-02 -1.804693e-05 -4.609418e-05 8.681103e-05 -6.351008e-05
11867.157944 8.247747e-01 1.046481e+00 2.678346e-01 3.145931e-02 -1.460680e-05 -4.277305e-05 8.544300e-05 -6.713220e-05
11869.882891 8.233445e-01 1.045433e+00 2.681842e-01 3.078104e-02 -1.096808e-05 -3.842237e-05 7.944707e-05 -6.566073e-05
11872.620029 8.232038e-01 1.045704e+00 2.681837e-01 3.152153e-02 -1.028132e-05 -3.667104e-05 7.904946e-05 -6.862929e-05
11875.369359 8.238984e-01 1.046762e+00 2.677898e-01 3.177586e-02 -1.041129e-05 -3.621210e-05 6.943884e-05 -7.350153e-05
11878.130881 8.237052e-01 1.046926e+00 2.669275e-01 3.126612e-02 -2.057746e-05 -4.658203e-05 6.980773e-05 -7.174647e-05
11880.904595 8.151833e-01 1.037030e+00 2.629902e-01 3.094249e-02 -2.142677e-05 -5.072478e-05 6.756328e-05 -6.559273e-05
11883.690501 8.155547e-01 1.037898e+00 2.619019e-01 3.099633e-02 -1.630325e-05 -3.809785e-05 6.761073e-05 -6.502619e-05
11886.488599 8.214237e-01 1.045507e+00 2.626986e-01 3.137861e-02 -1.998013e-05 -4.977980e-05 6.893313e-05 -5.516041e-05
11889.298889 8.203247e-01 1.044695e+00 2.613698e-01 3.131991e-02 -2.210468e-05 -6.667102e-05 7.021820e-05 -5.539818e-05
11892.121371 8.205445e-01 1.045399e+00 2.606301e-01 3.069348e-02 -2.484300e-05 -6.338655e-05 7.352591e-05 -5.422571e-05
11894.956044 8.206480e-01 1.046049e+00 2.603406e-01 3.141492e-02 -2.217385e-05 -5.140558e-05 7.301878e-05 -5.196868e-05
11897.802910 8.178765e-01 1.043226e+00 2.598536e-01 3.096642e-02 -2.321604e-05 -5.279405e-05 7.972881e-05 -5.366353e-05
11900.661967 8.186896e-01 1.044629e+00 2.610012e-01 3.132237e-02 -1.774082e-05 -5.238473e-05 8.015769e-05 -5.453118e-05
11903.533217 8.188081e-01 1.045059e+00 2.627570e-01 3.105821e-02 -1.951128e-05 -4.849066e-05 7.307768e-05 -5.032409e-05
11906.416658 8.174011e-01 1.043717e+00 2.648693e-01 3.134034e-02 -1.972753e-05 -5.915947e-05 6.572018e-05 -4.807889e-05
11909.312291 8.166713e-01 1.043270e+00 2.676599e-01 3.070831e-02 -2.078294e-05 -5.574345e-05 6.656575e-05 -4.574743e-05
11912.220116 8.164642e-01 1.043378e+00 2.707374e-01 3.110124e-02 -2.624332e-05 -6.017906e-05 6.054719e-05 -5.564105e-05
11915.140133 8.159221e-01 1.043446e+00 2.734881e-01 3.109279e-02 -3.048913e-05 -5.015417e-05 6.650483e-05 -6.090415e-05
11918.072342 8.140307e-01 1.041374e+00 2.751675e-01 3.149932e-02 -3.024557e-05 -5.074271e-05 6.885309e-05 -6.030381e-05
11921.016743 8.152759e-01 1.043464e+00 2.771142e-01 3.134301e-02 -2.802897e-05 -5.454905e-05 7.817045e-05 -6.233720e-05
11923.973335 8.147515e-01 1.043149e+00 2.778198e-01 3.130562e-02 -2.701152e-05 -4.561721e-05 7.197773e-05 -6.602689e-05
11926.942120 8.125563e-01 1.040907e+00 2.775331e-01 3.103580e-02 -2.713632e-05 -4.424778e-05 6.472502e-05 -6.795470e-05
11929.923096 8.132847e-01 1.042296e+00 2.779318e-01 3.120959e-02 -2.093211e-05 -4.449837e-05 6.572430e-05 -6.604436e-05
11932.916265 8.119511e-01 1.041195e+00 2.774955e-01 3.066821e-02 -2.135964e-05 -4.193638e-05 6.078284e-05 -5.952933e-05
11935.921625 8.035284e-01 1.031239e+00 2.747105e-01 3.059427e-02 -2.514043e-05 -3.758174e-05 5.571910e-05 -5.922999e-05
11938.939177 8.046324e-01 1.032969e+00 2.751933e-01 3.074783e-02 -2.482603e-05 -4.263008e-05 6.536016e-05 -6.783543e-05
11941.968921 8.100623e-01 1.040297e+00 2.774009e-01 3.145848e-02 -3.095609e-05 -5.226017e-05 6.733958e-05 -7.329472e-05
11945.010858 8.099206e-01 1.040387e+00 2.776672e-01 3.102633e-02 -2.993753e-05 -5.776180e-05 6.094463e-05 -6.636228e-05
11948.064985 8.085036e-01 1.039035e+00 2.781255e-01 3.096936e-02 -2.798799e-05 -5.893764e-05 5.332719e-05 -6.469338e-05
11951.131305 8.090542e-01 1.040424e+00 2.796206e-01 3.101160e-02 -2.104694e-05 -4.727523e-05 4.576540e-05 -8.192873e-05
11954.209817 8.079517e-01 1.039546e+00 2.805651e-01 3.089044e-02 -3.631812e-05 -5.709787e-05 4.571137e-05 -7.734507e-05
11957.300521 8.075332e-01 1.039360e+00 2.814871e-01 3.069261e-02 -3.757292e-05 -6.249898e-05 6.248477e-05 -7.041117e-05
11960.403416 8.074800e-01 1.039724e+00 2.819284e-01 3.094092e-02 -2.870242e-05 -4.860137e-05 6.306711e-05 -7.573953e-05
11963.518504 8.053490e-01 1.037677e+00 2.810795e-01 3.108312e-02 -2.015967e-05 -3.606545e-05 6.749360e-05 -6.623824e-05
11966.645783 8.047824e-01 1.037287e+00 2.800739e-01 3.126481e-02 -2.266799e-05 -3.390445e-05 6.916482e-05 -5.910828e-05
11969.785255 8.051537e-01 1.038408e+00 2.797027e-01 3.129815e-02 -3.142467e-05 -3.094445e-05 6.449053e-05 -6.088492e-05
11972.936918 8.046196e-01 1.038069e+00 2.792193e-01 3.136209e-02 -3.192674e-05 -3.477586e-05 5.951344e-05 -6.406637e-05
11976.100773 8.026496e-01 1.036083e+00 2.785481e-01 3.073702e-02 -2.741482e-05 -4.298490e-05 5.354893e-05 -6.416606e-05
11979.276820 8.021029e-01 1.036042e+00 2.786115e-01 3.108849e-02 -2.711082e-05 -4.848649e-05 6.178534e-05 -5.980633e-05
11982.465059 8.022702e-01 1.036822e+00 2.791073e-01 3.125327e-02 -2.089378e-05 -5.184610e-05 5.967977e-05 -7.480288e-05
11985.665490 8.018380e-01 1.036746e+00 2.794026e-01 3.102192e-02 -2.701800e-05 -4.410726e-05 5.380543e-05 -7.317063e-05
11988.878112 8.000247e-01 1.034878e+00 2.789177e-01 3.127120e-02 -1.826698e-05 -4.649451e-05 6.656631e-05 -5.115825e-05
11992.102927 8.004969e-01 1.036113e+00 2.796320e-01 3.093897e-02 -2.108969e-05 -3.667582e-05 6.682793e-05 -5.615679e-05
11995.339934 7.996368e-01 1.035141e+00 2.801531e-01 3.101009e-02 -2.566491e-05 -3.315970e-05 7.313502e-05 -5.121256e-05
11998.589132 7.986517e-01 1.034488e+00 2.812347e-01 3.134110e-02 -2.212986e-05 -4.267351e-05 7.337952e-05 -6.319200e-05
12001.850523 7.986572e-01 1.035181e+00 2.830128e-01 3.093879e-02 -2.870639e-05 -4.186789e-05 7.016244e-05 -7.854762e-05
12005.124105 7.970628e-01 1.033582e+00 2.847110e-01 3.065213e-02 -2.936970e-05 -4.461832e-05 6.435711e-05 -7.231822e-05
12008.409879 7.968024e-01 1.033808e+00 2.874553e-01 3.138454e-02 -3.141508e-05 -3.158907e-05 7.237554e-05 -6.259499e-05
12011.707845 7.969880e-01 1.034444e+00 2.903593e-01 3.061767e-02 -2.265511e-05 -3.284720e-05 8.339976e-05 -7.135202e-05
12015.018003 7.953124e-01 1.032917e+00 2.928385e-01 3.104781e-02 -2.296669e-05 -3.561663e-05 7.521571e-05 -6.265018e-05
12018.340353 7.956249e-01 1.033662e+00 2.952877e-01 3.080145e-02 -1.208715e-05 -2.721689e-05 7.095138e-05 -5.913430e-05
12021.674895 7.943543e-01 1.032696e+00 2.965138e-01 3.075974e-02 -2.084269e-05 -3.191704e-05 7.723710e-05 -5.115725e-05
12025.021629 7.934501e-01 1.032133e+00 2.971744e-01 3.104935e-02 -2.889636e-05 -3.438760e-05 8.796766e-05 -5.720431e-05
12028.380554 7.932249e-01 1.032433e+00 2.976373e-01 3.063274e-02 -2.559963e-05 -2.702695e-05 9.623933e-05 -5.178697e-05
12031.751672 7.924779e-01 1.031948e+00 2.975393e-01 3.094879e-02 -3.053650e-05 -3.273259e-05 9.030035e-05 -6.246834e-05
12035.134982 7.917285e-01 1.031566e+00 2.973539e-01 3.046826e-02 -2.819799e-05 -3.869653e-05 7.198944e-05 -5.915548e-05
12038.530483 7.919241e-01 1.032266e+00 2.973528e-01 3.063769e-02 -2.387983e-05 -4.369727e-05 6.399424e-05 -6.733932e-05
12041.938176 7.905543e-01 1.031146e+00 2.968590e-01 3.105659e-02 -2.328511e-05 -3.233342e-05 7.267748e-05 -7.449671e-05
12045.358061 7.831876e-01 1.022471e+00 2.941206e-01 3.034184e-02 -2.361312e-05 -3.481446e-05 6.899659e-05 -6.789603e-05
12048.790139 7.780263e-01 1.016105e+00 2.921084e-01 3.054090e-02 -2.636332e-05 -3.107981e-05 5.966762e-05 -7.205485e-05
12052.234408 7.874729e-01 1.028926e+00 2.959666e-01 3.044606e-02 -2.377618e-05 -2.887455e-05 6.014196e-05 -6.829366e-05
12055.690868 7.875312e-01 1.029482e+00 2.960542e-01 3.091613e-02 -2.839032e-05 -2.327139e-05 5.742079e-05 -6.390747e-05
12059.159521 7.869077e-01 1.029168e+00 2.959015e-01 3.078977e-02 -3.098024e-05 -2.822005e-05 5.815158e-05 -6.488724e-05
12062.640366 7.863897e-01 1.028810e+00 2.959390e-01 3.079584e-02 -2.727458e-05 -3.055951e-05 5.887017e-05 -5.890186e-05
12066.133403 7.849610e-01 1.027623e+00 2.959408e-01 3.097518e-02 -3.601660e-05 -2.744409e-05 5.552836e-05 -6.155974e-05
12069.638631 7.855970e-01 1.029339e+00 2.968852e-01 3.110202e-02 -3.624333e-05 -2.684511e-05 5.849006e-05 -7.144272e-05
12073.156052 7.848620e-01 1.028864e+00 2.972645e-01 3.099544e-02 -3.156030e-05 -3.731895e-05 6.419483e-05 -6.686689e-05
12076.685664 7.830350e-01 1.026839e+00 2.971077e-01 3.090011e-02 -2.795087e-05 -3.638896e-05 5.039933e-05 -4.796297e-05
12080.227468 7.831041e-01 1.027608e+00 2.978081e-01 3.104620e-02 -2.729096e-05 -3.825947e-05 4.781179e-05 -4.738381e-05
12083.781465 7.803851e-01 1.024555e+00 2.976829e-01 3.086841e-02 -3.509588e-05 -3.299378e-05 6.007835e-05 -5.066566e-05
12087.347653 7.779121e-01 1.021952e+00 2.979573e-01 3.031340e-02 -2.681836e-05 -2.898692e-05 6.089573e-05 -5.258798e-05
12090.926033 7.805228e-01 1.025889e+00 3.006785e-01 3.108713e-02 -1.992945e-05 -3.502703e-05 6.566942e-05 -5.582091e-05
12094.516605 7.803894e-01 1.026235e+00 3.023496e-01 3.071556e-02 -1.965568e-05 -4.294776e-05 6.669201e-05 -4.209614e-05
12098.119369 7.795530e-01 1.025877e+00 3.038500e-01 3.107025e-02 -2.192573e-05 -4.641953e-05 6.178401e-05 -4.676435e-05
12101.734324 7.791325e-01 1.025575e+00 3.052780e-01 3.084955e-02 -1.929551e-05 -4.327071e-05 5.766862e-05 -3.958889e-05
12105.361472 7.770591e-01 1.023390e+00 3.060772e-01 3.068730e-02 -2.173763e-05 -3.837189e-05 6.496579e-05 -4.400578e-05
12109.000811 7.773961e-01 1.024745e+00 3.079110e-01 3.091386e-02 -2.812797e-05 -5.109274e-05 7.086892e-05 -4.888115e-05
12112.652343 7.757951e-01 1.022976e+00 3.088112e-01 3.089962e-02 -1.781160e-05 -4.908993e-05 6.788508e-05 -6.185091e-05
12116.316066 7.758064e-01 1.023550e+00 3.104053e-01 3.055694e-02 -7.785358e-06 -5.586619e-05 6.667768e-05 -5.355274e-05
12119.991982 7.758305e-01 1.024158e+00 3.121045e-01 3.089959e-02 -2.538160e-06 -6.380216e-05 7.068028e-05 -5.852787e-05
12123.680089 7.741344e-01 1.022628e+00 3.131286e-01 3.096472e-02 -1.778274e-05 -5.936164e-05 6.798792e-05 -6.589714e-05
12127.380388 7.732666e-01 1.022156e+00 3.144445e-01 3.081845e-02 -2.258890e-05 -5.214211e-05 7.594145e-05 -6.663888e-05
12131.092879 7.728893e-01 1.022243e+00 3.158395e-01 3.072376e-02 -1.728569e-05 -5.350951e-05 7.247210e-05 -6.912684e-05
12134.817562 7.713670e-01 1.020805e+00 3.163798e-01 3.110455e-02 -1.301262e-05 -5.300364e-05 6.998413e-05 -6.738146e-05
12138.554437 7.718594e-01 1.021884e+00 3.175909e-01 3.115161e-02 -1.125638e-05 -4.767165e-05 6.518868e-05 -6.673481e-05
12142.303503 7.708237e-01 1.021003e+00 3.178436e-01 3.080098e-02 -1.169986e-05 -3.547693e-05 6.617037e-05 -5.630176e-05
12146.064762 7.696692e-01 1.020245e+00 3.179489e-01 3.059987e-02 -1.527664e-05 -3.479853e-05 7.730216e-05 -4.913467e-05
12149.838213 7.694311e-01 1.020404e+00 3.182629e-01 3.087133e-02 -1.637623e-05 -3.261586e-05 7.824592e-05 -4.787061e-05
12153.623855 7.675098e-01 1.018670e+00 3.180942e-01 3.101362e-02 -1.404250e-05 -2.549023e-05 7.953823e-05 -6.117682e-05
12157.421689 7.665262e-01 1.017789e+00 3.180026e-01 3.071656e-02 -1.347520e-05 -2.719495e-05 7.647328e-05 -6.235160e-05
12161.231716 7.678477e-01 1.019781e+00 3.187088e-01 3.075707e-02 -1.361870e-05 -3.442404e-05 8.311530e-05 -5.113389e-05
12165.053934 7.659291e-01 1.017933e+00 3.181086e-01 3.048062e-02 -1.217230e-05 -2.539752e-05 7.653105e-05 -5.173193e-05
12168.888344 7.652420e-01 1.017689e+00 3.181624e-01 3.100391e-02 -1.152389e-05 -3.593528e-05 6.995209e-05 -5.173084e-05
12172.734946 7.649503e-01 1.017926e+00 3.185533e-01 3.083478e-02 -1.352540e-05 -5.373231e-05 6.479579e-05 -5.282671e-05
12176.593740 7.645504e-01 1.018071e+00 3.187945e-01 3.062599e-02 -1.665450e-05 -4.408677e-05 5.964039e-05 -6.074256e-05
12180.464726 7.623259e-01 1.015632e+00 3.183824e-01 3.084143e-02 -1.931920e-05 -4.961211e-05 6.287572e-05 -6.063943e-05
12184.347903 7.622499e-01 1.016194e+00 3.190158e-01 3.067936e-02 -1.674725e-05 -4.329129e-05 6.792695e-05 -5.333744e-05
12188.243273 7.621876e-01 1.016542e+00 3.197138e-01 3.056016e-02 -1.639690e-05 -3.567416e-05 6.593595e-05 -4.751417e-05
12192.150835 7.595502e-01 1.013485e+00 3.196770e-01 3.081729e-02 -1.912967e-05 -3.948650e-05 5.653917e-05 -5.899835e-05
12196.070588 7.605959e-01 1.015986e+00 3.216286e-01 3.104312e-02 -1.939626e-05 -4.267293e-05 5.948085e-05 -7.116786e-05
12200.002533 7.593855e-01 1.014767e+00 3.223034e-01 3.070427e-02 -2.991250e-05 -4.257436e-05 5.688881e-05 -6.721548e-05
12203.946671 7.560531e-01 1.010937e+00 3.223875e-01 3.042820e-02 -3.934127e-05 -4.077440e-05 5.689826e-05 -6.988531e-05
12207.903000 7.572403e-01 1.012989e+00 3.247764e-01 3.052715e-02 -3.654467e-05 -4.565019e-05 5.201848e-05 -6.406057e-05
12211.871521 7.567188e-01 1.012984e+00 3.266472e-01 3.058786e-02 -3.849192e-05 -5.100103e-05 5.509829e-05 -6.583928e-05
12215.852234 7.565304e-01 1.013168e+00 3.285613e-01 3.078636e-02 -2.198134e-05 -5.414951e-05 5.663596e-05 -7.550104e-05
12219.845139 7.561488e-01 1.013498e+00 3.304019e-01 3.069904e-02 -2.384059e-05 -4.827793e-05 5.654148e-05 -6.373936e-05
12223.850236 7.551677e-01 1.012984e+00 3.315616e-01 3.082225e-02 -2.816314e-05 -5.569713e-05 5.475623e-05 -6.299302e-05
12227.867524 7.465833e-01 1.002077e+00 3.290935e-01 3.034371e-02 -3.426391e-05 -4.850420e-05 5.273621e-05 -6.974519e-05
12231.897005 7.361708e-01 9.888071e-01 3.258202e-01 2.987953e-02 -2.193256e-05 -5.206829e-05 6.432035e-05 -7.593993e-05
12235.938678 7.504629e-01 1.008198e+00 3.337319e-01 3.042032e-02 -1.078860e-05 -4.699514e-05 6.000419e-05 -7.052597e-05
12239.992542 7.510436e-01 1.009506e+00 3.353341e-01 3.049613e-02 -1.214123e-05 -4.663558e-05 5.210908e-05 -6.489443e-05
12244.058598 7.509923e-01 1.009970e+00 3.367378e-01 3.033814e-02 -1.518347e-05 -6.031095e-05 5.770446e-05 -6.230791e-05
12248.136847 7.492484e-01 1.008416e+00 3.374337e-01 3.072284e-02 -1.973485e-05 -5.895283e-05 5.959023e-05 -6.020296e-05
12252.227287 7.475514e-01 1.006811e+00 3.383523e-01 3.046692e-02 -2.281478e-05 -5.932873e-05 5.637780e-05 -5.033476e-05
12256.329919 7.478540e-01 1.007699e+00 3.402830e-01 3.058925e-02 -2.758174e-05 -5.647302e-05 5.309409e-05 -3.769498e-05
12260.444743 7.472069e-01 1.007618e+00 3.417251e-01 3.076514e-02 -2.254046e-05 -4.919275e-05 5.979989e-05 -3.323202e-05
12264.571759 7.473303e-01 1.008307e+00 3.431846e-01 3.053890e-02 -1.356850e-05 -5.338762e-05 5.678757e-05 -4.104653e-05
12268.710967 7.448816e-01 1.005853e+00 3.430363e-01 3.083257e-02 -1.538323e-05 -4.767159e-05 4.768186e-05 -3.939551e-05
12272.862366 7.457581e-01 1.007582e+00 3.442596e-01 3.067332e-02 -1.083800e-05 -4.693976e-05 5.259782e-05 -3.200107e-05
12277.025958 7.444834e-01 1.006271e+00 3.441626e-01 3.028216e-02 -1.343529e-05 -5.002715e-05 5.018399e-05 -3.762928e-05
12281.201742 7.430097e-01 1.005093e+00 3.438415e-01 3.038613e-02 -1.170032e-05 -4.020066e-05 5.936811e-05 -4.253412e-05
12285.389717 7.425199e-01 1.005103e+00 3.438982e-01 3.066789e-02 -1.750727e-05 -3.280901e-05 5.756981e-05 -3.893741e-05
12289.589884 7.413041e-01 1.003909e+00 3.435678e-01 3.031060e-02 -1.529326e-05 -3.174723e-05 5.486194e-05 -4.184476e-05
12293.802244 7.416540e-01 1.005177e+00 3.439820e-01 3.041258e-02 -1.610880e-05 -2.439518e-05 6.478806e-05 -5.207117e-05
12298.026795 7.390228e-01 1.002290e+00 3.429754e-01 3.060299e-02 -1.161990e-05 -2.433274e-05 6.644406e-05 -4.892086e-05
12302.263538 7.387034e-01 1.002461e+00 3.434075e-01 3.043353e-02 -2.008507e-05 -3.882452e-05 5.583238e-05 -5.993768e-05
12306.512473 7.382870e-01 1.002439e+00 3.439007e-01 3.019245e-02 -2.042761e-05 -4.396858e-05 6.009397e-05 -7.254912e-05
12310.773600 7.387208e-01 1.003525e+00 3.453434e-01 3.027004e-02 -2.911552e-05 -4.906248e-05 5.819169e-05 -7.518252e-05
12315.046919 7.370764e-01 1.001892e+00 3.457778e-01 3.043712e-02 -2.453196e-05 -3.857651e-05 6.298159e-05 -7.047125e-05
12319.332429 7.353816e-01 1.000419e+00 3.465969e-01 3.060163e-02 -2.019986e-05 -3.478935e-05 6.843850e-05 -6.946871e-05
12323.630132 7.198586e-01 9.804240e-01 3.410862e-01 2.994635e-02 -2.236310e-05 -3.728272e-05 6.935866e-05 -4.755102e-05
12327.940026 7.276089e-01 9.910748e-01 3.467207e-01 3.035469e-02 -2.689310e-05 -3.688896e-05 6.624284e-05 -5.023105e-05
12332.262113 7.337425e-01 9.998394e-01 3.518911e-01 3.035469e-02 -2.697834e-05 -3.400403e-05 5.902734e-05 -6.772795e-05
12336.596391 7.334747e-01 1.000232e+00 3.540116e-01 3.053736e-02 -1.555363e-05 -4.089560e-05 5.398445e-05 -7.957210e-05
12340.942861 7.324787e-01 9.994296e-01 3.556650e-01 3.060969e-02 -1.674169e-05 -3.742003e-05 6.016267e-05 -8.044503e-05
12345.301524 7.308568e-01 9.976773e-01 3.567828e-01 3.028030e-02 -2.405099e-05 -3.711594e-05 6.186248e-05 -6.769913e-05
12349.672378 7.301497e-01 9.975897e-01 3.582310e-01 3.016382e-02 -3.653316e-05 -4.225181e-05 6.814251e-05 -5.576216e-05
12354.055424 7.301187e-01 9.982047e-01 3.598859e-01 3.061111e-02 -3.373905e-05 -3.915935e-05 6.205681e-05 -5.316101e-05
12358.450662 7.291365e-01 9.975870e-01 3.609244e-01 3.049228e-02 -2.846958e-05 -2.954826e-05 5.895877e-05 -4.713418e-05
12362.858091 7.278798e-01 9.964336e-01 3.616768e-01 3.052405e-02 -2.972476e-05 -3.216751e-05 6.003264e-05 -3.710827e-05
12367.277713 7.271040e-01 9.959900e-01 3.626757e-01 3.041906e-02 -2.598644e-05 -3.584078e-05 5.832910e-05 -5.164975e-05
12371.709527 7.240118e-01 9.924657e-01 3.626253e-01 3.051182e-02 -2.097632e-05 -3.229311e-05 5.803111e-05 -6.145040e-05
12376.153532 7.198216e-01 9.876949e-01 3.621982e-01 3.059686e-02 -2.965249e-05 -3.504071e-05 5.739096e-05 -6.959942e-05
12380.609730 7.247018e-01 9.946780e-01 3.661330e-01 3.052482e-02 -3.125723e-05 -2.764049e-05 5.453830e-05 -7.632025e-05
12385.078119 7.245494e-01 9.951619e-01 3.675058e-01 3.026749e-02 -3.694706e-05 -2.750438e-05 5.577944e-05 -7.216986e-05
12389.558700 7.237791e-01 9.946806e-01 3.685097e-01 3.034383e-02 -4.296515e-05 -3.346118e-05 5.338406e-05 -6.771520e-05
12394.051473 7.223658e-01 9.933902e-01 3.691751e-01 3.026852e-02 -3.464680e-05 -2.761499e-05 5.153560e-05 -6.555947e-05
12398.556438 7.214723e-01 9.927502e-01 3.699111e-01 2.996282e-02 -2.519532e-05 -3.525641e-05 5.599488e-05 -6.048388e-05
12403.073595 7.204970e-01 9.920613e-01 3.707094e-01 3.020137e-02 -3.070118e-05 -3.852734e-05 5.240927e-05 -5.155406e-05
12407.602944 7.192094e-01 9.909439e-01 3.711760e-01 3.050580e-02 -4.530567e-05 -3.360488e-05 4.832033e-05 -5.687207e-05
12412.144485 7.186528e-01 9.906893e-01 3.719855e-01 3.012979e-02 -4.660602e-05 -3.701484e-05 4.997178e-05 -6.323624e-05
12416.698218 7.174636e-01 9.897562e-01 3.723607e-01 2.992569e-02 -4.032169e-05 -3.572253e-05 4.916332e-05 -5.456205e-05
12421.264142 7.169521e-01 9.895229e-01 3.729731e-01 3.014374e-02 -4.404960e-05 -3.092339e-05 4.795047e-05 -4.728314e-05
12425.842259 7.164292e-01 9.893616e-01 3.736997e-01 3.031640e-02 -4.972755e-05 -2.332814e-05 6.132226e-05 -5.331622e-05
12430.432567 7.145919e-01 9.877307e-01 3.736993e-01 3.001141e-02 -4.906151e-05 -3.793685e-05 7.053668e-05 -5.386502e-05
12435.035068 7.145816e-01 9.883290e-01 3.746913e-01 3.027654e-02 -4.435717e-05 -4.229741e-05 6.214189e-05 -5.535207e-05
12439.649760 7.146830e-01 9.890149e-01 3.757809e-01 3.035750e-02 -4.069720e-05 -4.752120e-05 5.750297e-05 -4.880004e-05
12444.276644 7.143973e-01 9.891760e-01 3.768524e-01 3.014392e-02 -3.009523e-05 -4.752627e-05 6.620317e-05 -3.292167e-05
12448.915720 7.138609e-01 9.891113e-01 3.779774e-01 3.037469e-02 -3.410237e-05 -4.815108e-05 6.127590e-05 -3.975351e-05
12453.566988 7.133376e-01 9.890621e-01 3.791470e-01 3.032509e-02 -2.879524e-05 -4.448264e-05 5.847394e-05 -4.428630e-05
12458.230448 7.127255e-01 9.888424e-01 3.803829e-01 3.010168e-02 -2.758386e-05 -3.995985e-05 4.617113e-05 -3.910944e-05
12462.906100 7.121799e-01 9.887011e-01 3.818153e-01 3.024247e-02 -3.663994e-05 -2.879801e-05 5.417090e-05 -3.650381e-05
12467.593943 7.114748e-01 9.885183e-01 3.832143e-01 3.037168e-02 -3.206198e-05 -2.274968e-05 5.634292e-05 -2.462235e-05
12472.293979 7.108668e-01 9.882985e-01 3.846755e-01 3.027111e-02 -3.127275e-05 -3.171444e-05 6.418792e-05 -2.406343e-05
12477.006206 7.098767e-01 9.875244e-01 3.861761e-01 3.029250e-02 -3.162680e-05 -2.689829e-05 6.592126e-05 -3.384606e-05
12481.730626 7.089692e-01 9.870123e-01 3.878119e-01 3.020006e-02 -2.330354e-05 -4.339931e-05 4.427303e-05 -2.914704e-05
12486.467237 7.077817e-01 9.860493e-01 3.891385e-01 3.007330e-02 -2.198905e-05 -4.471131e-05 4.364972e-05 -3.821847e-05
12491.216040 7.065624e-01 9.850553e-01 3.904951e-01 3.020485e-02 -2.786385e-05 -3.352083e-05 6.019614e-05 -4.208904e-05
12495.977036 7.069369e-01 9.860829e-01 3.927127e-01 3.022678e-02 -3.283446e-05 -3.723017e-05 6.430372e-05 -3.225483e-05
12500.750223 7.059928e-01 9.856353e-01 3.942657e-01 3.033946e-02 -3.202278e-05 -3.880375e-05 6.647325e-05 -3.280570e-05
12505.535602 7.051739e-01 9.851895e-01 3.956742e-01 3.030887e-02 -2.998876e-05 -3.450220e-05 6.386013e-05 -4.410064e-05
12510.333172 7.041274e-01 9.843510e-01 3.969156e-01 3.030684e-02 -2.957009e-05 -4.012614e-05 5.612062e-05 -3.466027e-05
12515.142935 7.030091e-01 9.833662e-01 3.979456e-01 3.021057e-02 -3.403158e-05 -3.216838e-05 4.302671e-05 -3.357513e-05
12519.964890 7.018677e-01 9.824161e-01 3.989580e-01 3.021366e-02 -3.167255e-05 -3.597735e-05 4.305892e-05 -3.669065e-05
12524.799037 7.010924e-01 9.819877e-01 4.000385e-01 3.022704e-02 -2.876360e-05 -4.140678e-05 4.409406e-05 -3.533223e-05
12529.645375 6.507051e-01 9.119096e-01 3.725587e-01 2.815114e-02 -3.623025e-05 -4.833789e-05 4.350302e-05 -3.314420e-05
12534.503905 1.304336e-01 1.828588e-01 7.481389e-02 5.625060e-03 -8.680744e-06 -9.838848e-06 9.684506e-06 -6.739073e-06
