# Facility: NSLS-II
# Beamline: QAS
# Year: 2022
# Cycle: 2
# SAF: 309618
# PI: Wang
# Proposal: 309017
# Scan ID: 52208
# UID: 5eb115bf-4eed-4c68-b634-e9e95d8bf7e5
# Comment: 
# Start time: 07/18/2022  09:54:08
# Stop time: 07/18/2022  09:54:40
# Total time: 00:32
# Trajectory name: Pt-L3-30s-11564.txt
# Element: Platinum ( 78)
# Edge: L3
# E0: 11564
# Reference Foil Element: Pt
# Keithley Gains I0: 1E7 V/A It: 1E6 V/A Iref: 1E7 V/A PIPS: 1E8 V/A 
# Ion Chamber Gas Flow Rates: I0: 0.00 sccm He + 99.70 sccm N2 + 0.00 sccm Ar 
# Ion Chamber Gas Flow Rates: It&Iref: 89.80 sccm N2 + 210.20 sccm Ar
# Incident Beam Path Vertical: -27.99 mm
# Incident Slits Positions B: TOP: 1.0 mm Bottom: -1.0 mm Inboard: -2.0 mm Outboard: 2.0 mm
# Sample Stage Positions: Rotation: 45.0 deg Horizontal: 0.00 mm Vertical: -20.00 mm Beam Direction: 0.00 mm
# PerkinElmer Vertical Position: 500.00 mm
# Front End Mirror Horizontal Positions: Up: -14.00 mm Down: -14.00 mm
#
# energy  i0  it  ir  iff  aux1  aux2  aux3  aux4
11377.916075 4.683907e-01 5.452807e-01 6.304360e-01 1.582348e-02 -2.694301e-05 -2.647054e-05 3.276726e-05 -2.557639e-05
11382.916075 9.255997e-01 1.078225e+00 1.248858e+00 3.130597e-02 -6.040169e-05 -4.970963e-05 6.686527e-05 -5.096306e-05
11387.916075 9.310478e-01 1.085872e+00 1.260983e+00 3.155214e-02 -6.129829e-05 -4.623788e-05 7.294871e-05 -4.860036e-05
11392.916075 9.238698e-01 1.078903e+00 1.255798e+00 3.140653e-02 -5.487639e-05 -4.607307e-05 8.479069e-05 -4.211736e-05
11397.916075 9.250176e-01 1.081005e+00 1.261619e+00 3.141993e-02 -5.210726e-05 -5.038527e-05 7.530925e-05 -4.914287e-05
11402.916075 9.216992e-01 1.078277e+00 1.261713e+00 3.136234e-02 -4.544935e-05 -4.929150e-05 7.438844e-05 -3.872853e-05
11407.916075 9.230885e-01 1.080664e+00 1.267889e+00 3.141680e-02 -4.489195e-05 -5.012581e-05 6.773499e-05 -3.914319e-05
11412.916075 9.208488e-01 1.079040e+00 1.269437e+00 3.131128e-02 -5.470528e-05 -5.632080e-05 6.175491e-05 -4.174655e-05
11417.916075 9.168629e-01 1.075361e+00 1.268130e+00 3.113589e-02 -6.107613e-05 -5.563140e-05 5.647463e-05 -4.720995e-05
11422.916075 9.019148e-01 1.059493e+00 1.251985e+00 3.097144e-02 -4.928988e-05 -4.914603e-05 4.988016e-05 -5.105694e-05
11427.916075 9.131917e-01 1.073179e+00 1.272106e+00 3.142482e-02 -5.457460e-05 -5.281325e-05 5.548219e-05 -4.511748e-05
11432.916075 9.145792e-01 1.075718e+00 1.278471e+00 3.147928e-02 -5.087623e-05 -4.738814e-05 5.246394e-05 -4.471552e-05
11437.916075 9.151892e-01 1.077322e+00 1.283876e+00 3.118984e-02 -5.154611e-05 -3.976828e-05 5.591130e-05 -4.653946e-05
11442.916075 9.128416e-01 1.075553e+00 1.284960e+00 3.124249e-02 -5.582505e-05 -4.211354e-05 5.363475e-05 -5.820077e-05
11447.916075 9.102234e-01 1.073437e+00 1.285470e+00 3.126316e-02 -6.164886e-05 -4.584507e-05 6.411608e-05 -6.072962e-05
11452.916075 9.089650e-01 1.073018e+00 1.288041e+00 3.127137e-02 -5.600764e-05 -4.671530e-05 6.846374e-05 -6.179305e-05
11457.916075 9.064304e-01 1.071145e+00 1.288781e+00 3.123719e-02 -5.374789e-05 -4.870824e-05 5.950487e-05 -6.287589e-05
11462.916075 9.043248e-01 1.069560e+00 1.289969e+00 3.104610e-02 -5.955036e-05 -4.206593e-05 5.726552e-05 -5.937754e-05
11467.916075 9.063924e-01 1.072800e+00 1.297165e+00 3.137711e-02 -6.329161e-05 -3.644911e-05 6.392289e-05 -5.819502e-05
11472.916075 9.056540e-01 1.073088e+00 1.300363e+00 3.135636e-02 -5.499048e-05 -3.849703e-05 5.937229e-05 -6.554977e-05
11477.916075 9.025559e-01 1.070530e+00 1.299874e+00 3.118104e-02 -5.737780e-05 -4.476533e-05 5.899836e-05 -5.981967e-05
11482.916075 9.024220e-01 1.071431e+00 1.303697e+00 3.139861e-02 -5.643539e-05 -4.121659e-05 5.666170e-05 -5.433059e-05
11487.916075 8.917598e-01 1.060176e+00 1.292081e+00 3.095525e-02 -5.927314e-05 -3.841083e-05 5.515252e-05 -4.150853e-05
11492.916075 8.918341e-01 1.061211e+00 1.295604e+00 3.107410e-02 -5.590839e-05 -4.945133e-05 5.435558e-05 -4.159766e-05
11497.916075 9.006711e-01 1.072459e+00 1.312096e+00 3.132010e-02 -4.925938e-05 -4.098325e-05 5.143285e-05 -5.280577e-05
11502.916075 9.025257e-01 1.075462e+00 1.317714e+00 3.154428e-02 -5.964562e-05 -4.757124e-05 5.709875e-05 -4.852415e-05
11507.916075 9.003694e-01 1.073933e+00 1.317133e+00 3.144353e-02 -5.092579e-05 -4.099396e-05 5.874947e-05 -4.893868e-05
11512.916075 8.981761e-01 1.072463e+00 1.315896e+00 3.141820e-02 -5.328721e-05 -2.844090e-05 6.015642e-05 -4.855978e-05
11517.916075 8.978920e-01 1.072969e+00 1.316566e+00 3.150684e-02 -5.160934e-05 -2.938049e-05 5.598256e-05 -4.751006e-05
11522.916075 8.970506e-01 1.072964e+00 1.315465e+00 3.132136e-02 -4.836138e-05 -3.292327e-05 5.746645e-05 -3.956164e-05
11527.916075 8.950998e-01 1.071569e+00 1.310800e+00 3.133270e-02 -4.390243e-05 -3.200114e-05 5.523112e-05 -4.073766e-05
11532.916075 8.930265e-01 1.070116e+00 1.303838e+00 3.154102e-02 -3.524022e-05 -2.852661e-05 3.888418e-05 -4.449130e-05
11534.000000 8.933660e-01 1.070637e+00 1.303135e+00 3.131281e-02 -3.861332e-05 -2.555328e-05 3.928618e-05 -3.389775e-05
11535.000000 8.948632e-01 1.072460e+00 1.303697e+00 3.080323e-02 -4.383809e-05 -2.634642e-05 3.787280e-05 -3.757473e-05
11536.000000 8.963891e-01 1.074298e+00 1.303851e+00 3.180430e-02 -4.286920e-05 -2.060557e-05 4.631766e-05 -4.356198e-05
11537.000000 8.948300e-01 1.072805e+00 1.300324e+00 3.185620e-02 -4.497133e-05 -3.120844e-05 4.664768e-05 -4.866702e-05
11538.000000 8.909340e-01 1.068329e+00 1.292415e+00 3.105182e-02 -4.893734e-05 -4.122617e-05 4.813732e-05 -5.593634e-05
11539.000000 8.960913e-01 1.074613e+00 1.297041e+00 3.122364e-02 -5.397593e-05 -3.822956e-05 4.573166e-05 -5.603626e-05
11540.000000 8.980505e-01 1.076832e+00 1.297161e+00 3.118316e-02 -5.384811e-05 -2.775406e-05 4.882834e-05 -5.290546e-05
11541.000000 8.926725e-01 1.071033e+00 1.286376e+00 3.198347e-02 -5.768141e-05 -2.688565e-05 4.592679e-05 -5.647056e-05
11541.200000 9.003975e-01 1.079837e+00 1.296633e+00 3.260517e-02 -5.927060e-05 -3.508389e-05 3.706751e-05 -6.505286e-05
11541.400000 8.837386e-01 1.060376e+00 1.271534e+00 3.067386e-02 -6.075390e-05 -3.692890e-05 6.292151e-05 -6.975476e-05
11541.600000 9.130829e-01 1.095466e+00 1.314089e+00 3.232417e-02 -6.453648e-05 -3.165406e-05 5.152498e-05 -6.387540e-05
11541.800000 8.741926e-01 1.048899e+00 1.257387e+00 3.193318e-02 -5.296397e-05 -3.500178e-05 5.474267e-05 -5.898382e-05
11542.000000 8.989631e-01 1.078748e+00 1.291916e+00 3.185049e-02 -5.167253e-05 -3.685921e-05 7.834804e-05 -5.120342e-05
11542.200000 9.024562e-01 1.082635e+00 1.295975e+00 3.058782e-02 -4.934449e-05 -4.112566e-05 6.792686e-05 -6.335465e-05
11542.400000 8.886427e-01 1.065703e+00 1.274649e+00 3.106234e-02 -4.813291e-05 -3.468014e-05 5.645219e-05 -5.971752e-05
11542.600000 8.848828e-01 1.061255e+00 1.268504e+00 3.028301e-02 -4.250366e-05 -4.320583e-05 6.963771e-05 -5.608803e-05
11542.800000 9.061672e-01 1.087574e+00 1.299154e+00 3.025714e-02 -4.581787e-05 -3.461323e-05 7.177557e-05 -6.035439e-05
11543.000000 8.574352e-01 1.030251e+00 1.228140e+00 3.032361e-02 -3.280754e-05 -2.895191e-05 6.140067e-05 -4.016329e-05
11543.200000 8.873850e-01 1.065145e+00 1.269994e+00 3.134635e-02 -3.396464e-05 -4.277302e-05 5.362704e-05 -4.843637e-05
11543.400000 9.046426e-01 1.085271e+00 1.293663e+00 3.241074e-02 -3.950959e-05 -4.069918e-05 6.633192e-05 -5.115542e-05
11543.600000 8.753972e-01 1.050520e+00 1.250928e+00 2.962540e-02 -4.824715e-05 -3.986042e-05 6.101866e-05 -6.080243e-05
11543.800000 8.995782e-01 1.079342e+00 1.284732e+00 3.250122e-02 -4.881295e-05 -4.052942e-05 5.895989e-05 -7.321492e-05
11544.000000 8.948427e-01 1.074145e+00 1.276769e+00 3.314427e-02 -5.524915e-05 -3.527024e-05 3.572616e-05 -6.867850e-05
11544.200000 9.038264e-01 1.084838e+00 1.288417e+00 3.186173e-02 -5.674503e-05 -4.678915e-05 3.993824e-05 -4.574254e-05
11544.400000 8.352784e-01 1.003991e+00 1.188918e+00 2.810919e-02 -5.000030e-05 -4.249811e-05 4.639008e-05 -4.946625e-05
11544.600000 9.082733e-01 1.090813e+00 1.292589e+00 3.025160e-02 -5.747563e-05 -4.329324e-05 3.710973e-05 -6.173905e-05
11544.800000 8.848263e-01 1.062074e+00 1.257955e+00 3.069890e-02 -5.971677e-05 -4.072611e-05 4.313553e-05 -5.150264e-05
11545.000000 8.537186e-01 1.025658e+00 1.213139e+00 3.010932e-02 -5.309773e-05 -3.051244e-05 6.782049e-05 -3.979059e-05
11545.200000 9.015822e-01 1.082326e+00 1.279883e+00 3.139860e-02 -4.602313e-05 -3.276354e-05 4.772351e-05 -5.789816e-05
11545.400000 8.959415e-01 1.075550e+00 1.269975e+00 3.241996e-02 -4.674439e-05 -2.932308e-05 4.879271e-05 -5.468545e-05
11545.600000 9.004381e-01 1.081606e+00 1.276036e+00 3.225604e-02 -4.560650e-05 -4.336905e-05 4.982490e-05 -5.243232e-05
11545.800000 9.007961e-01 1.081124e+00 1.275056e+00 3.086077e-02 -4.004211e-05 -3.083161e-05 4.828481e-05 -5.481546e-05
11546.000000 8.817294e-01 1.058971e+00 1.247283e+00 3.190242e-02 -4.184342e-05 -1.887405e-05 3.856590e-05 -6.134191e-05
11546.200000 9.019905e-01 1.082745e+00 1.274163e+00 3.162867e-02 -3.950402e-05 -1.572936e-05 6.516712e-05 -5.217569e-05
11546.400000 8.984306e-01 1.078824e+00 1.267605e+00 3.004587e-02 -2.613619e-05 -1.033845e-05 6.739010e-05 -5.375427e-05
11546.600000 8.951885e-01 1.075419e+00 1.262326e+00 3.067884e-02 -2.479248e-05 -2.164783e-05 4.595875e-05 -5.429487e-05
11546.800000 8.998088e-01 1.080062e+00 1.267063e+00 3.179454e-02 -2.636514e-05 -1.797092e-05 4.717369e-05 -5.119780e-05
11547.000000 8.990599e-01 1.080093e+00 1.264695e+00 3.078120e-02 -3.171739e-05 -1.129572e-05 5.519590e-05 -5.769590e-05
11547.200000 8.887216e-01 1.067426e+00 1.248798e+00 3.192216e-02 -2.880140e-05 -8.786653e-07 4.758069e-05 -5.924701e-05
11547.400000 8.805724e-01 1.058258e+00 1.235481e+00 3.065133e-02 -3.368385e-05 -9.074245e-06 6.921304e-05 -5.035893e-05
11547.600000 9.017191e-01 1.082603e+00 1.263763e+00 3.312387e-02 -2.906816e-05 -1.339574e-05 6.223321e-05 -5.730707e-05
11547.800000 8.864591e-01 1.064521e+00 1.240138e+00 3.044802e-02 -2.939891e-05 -1.982848e-05 5.501961e-05 -6.634028e-05
11548.000000 9.031384e-01 1.084523e+00 1.261726e+00 3.188801e-02 -3.025756e-05 -1.733587e-05 6.373813e-05 -6.025031e-05
11548.200000 8.876356e-01 1.066499e+00 1.239117e+00 3.147089e-02 -3.301115e-05 -2.351483e-05 4.826897e-05 -6.091270e-05
11548.400000 9.007158e-01 1.081974e+00 1.254971e+00 3.140734e-02 -4.202120e-05 -2.087800e-05 5.207863e-05 -6.775587e-05
11548.600000 8.786965e-01 1.055989e+00 1.222402e+00 2.918887e-02 -4.849193e-05 -1.359773e-05 3.803073e-05 -6.704966e-05
11548.800000 8.892186e-01 1.068634e+00 1.234820e+00 3.152300e-02 -3.931952e-05 -1.062497e-05 4.443791e-05 -5.171196e-05
11549.000000 8.931941e-01 1.073104e+00 1.239001e+00 3.106530e-02 -3.668388e-05 -1.234769e-05 5.570015e-05 -4.661603e-05
11549.200000 8.832146e-01 1.060825e+00 1.222304e+00 3.076698e-02 -4.135245e-05 -1.675058e-05 3.951433e-05 -5.976487e-05
11549.400000 8.942585e-01 1.074104e+00 1.235692e+00 3.219805e-02 -2.750028e-05 -2.034505e-05 5.125083e-05 -4.156746e-05
11549.600000 8.959170e-01 1.075915e+00 1.235341e+00 3.159219e-02 -3.302319e-05 -2.242579e-05 4.905157e-05 -4.571902e-05
11549.800000 8.856429e-01 1.064582e+00 1.219646e+00 3.185215e-02 -3.129982e-05 -2.928097e-05 3.923306e-05 -4.946561e-05
11550.000000 8.756477e-01 1.053434e+00 1.203176e+00 3.018339e-02 -3.534478e-05 -2.447473e-05 3.072967e-05 -5.769484e-05
11550.200000 8.966295e-01 1.078042e+00 1.229823e+00 3.153202e-02 -4.431540e-05 -2.796055e-05 3.895289e-05 -6.747138e-05
11550.400000 8.866538e-01 1.065878e+00 1.213497e+00 3.078886e-02 -4.095593e-05 -2.616416e-05 3.220597e-05 -5.787074e-05
11550.600000 8.991520e-01 1.080284e+00 1.227703e+00 3.058667e-02 -4.564511e-05 -2.298616e-05 4.117964e-05 -6.551930e-05
11550.800000 8.892797e-01 1.068620e+00 1.212284e+00 3.163230e-02 -5.053577e-05 -2.729558e-05 4.432264e-05 -7.543844e-05
11551.000000 9.178495e-01 1.103217e+00 1.248155e+00 3.232917e-02 -4.689264e-05 -1.810809e-05 4.946560e-05 -5.858082e-05
11551.200000 8.446300e-01 1.014920e+00 1.146329e+00 2.942816e-02 -3.876608e-05 -1.634783e-05 4.897199e-05 -5.356771e-05
11551.400000 8.989611e-01 1.080250e+00 1.215815e+00 3.257155e-02 -4.155062e-05 -2.629718e-05 3.661698e-05 -6.608278e-05
11551.600000 8.910224e-01 1.070781e+00 1.202606e+00 3.079948e-02 -4.623924e-05 -2.297943e-05 2.456687e-05 -5.713235e-05
11551.800000 8.933261e-01 1.073223e+00 1.202160e+00 3.056142e-02 -4.111601e-05 -2.281815e-05 4.540214e-05 -5.978855e-05
11552.000000 8.938409e-01 1.074575e+00 1.200037e+00 3.295524e-02 -4.464112e-05 -2.722500e-05 3.459415e-05 -5.687719e-05
11552.200000 8.991882e-01 1.081494e+00 1.204839e+00 3.082577e-02 -4.435423e-05 -3.221222e-05 3.183799e-05 -5.484223e-05
11552.400000 8.891603e-01 1.069151e+00 1.186694e+00 3.190278e-02 -4.120674e-05 -3.999162e-05 2.905273e-05 -5.830682e-05
11552.600000 8.800949e-01 1.058905e+00 1.170394e+00 2.950808e-02 -4.545480e-05 -3.832234e-05 2.826972e-05 -5.515814e-05
11552.800000 8.955040e-01 1.076582e+00 1.186775e+00 3.224065e-02 -4.316141e-05 -3.501285e-05 4.025785e-05 -5.360962e-05
11553.000000 8.855827e-01 1.065051e+00 1.170505e+00 3.110791e-02 -4.763620e-05 -3.653255e-05 3.769974e-05 -5.291542e-05
11553.200000 9.010539e-01 1.083187e+00 1.187619e+00 3.085526e-02 -4.467615e-05 -3.024699e-05 3.409227e-05 -4.865440e-05
11553.400000 9.019981e-01 1.084171e+00 1.184116e+00 3.166002e-02 -4.126213e-05 -3.490528e-05 4.598254e-05 -5.459482e-05
11553.600000 8.843541e-01 1.063808e+00 1.155833e+00 3.061615e-02 -4.692360e-05 -3.388309e-05 4.441755e-05 -6.059173e-05
11553.800000 8.951518e-01 1.076119e+00 1.165483e+00 3.267829e-02 -5.597475e-05 -3.476336e-05 2.611253e-05 -7.352695e-05
11554.000000 8.856440e-01 1.065273e+00 1.148710e+00 3.003232e-02 -4.656359e-05 -4.076086e-05 3.430881e-05 -4.033229e-05
11554.200000 9.029070e-01 1.085443e+00 1.165978e+00 3.271354e-02 -4.065438e-05 -4.519847e-05 2.629231e-05 -4.613746e-05
11554.400000 8.878677e-01 1.067470e+00 1.141236e+00 2.961013e-02 -4.181289e-05 -4.237996e-05 1.760080e-05 -3.896161e-05
11554.600000 9.022473e-01 1.084889e+00 1.154696e+00 3.163752e-02 -4.675801e-05 -3.725818e-05 4.044879e-05 -4.226898e-05
11554.800000 8.872609e-01 1.067570e+00 1.129249e+00 3.090380e-02 -4.370720e-05 -3.733461e-05 4.056902e-05 -5.232175e-05
11555.000000 8.774111e-01 1.056357e+00 1.110493e+00 3.063979e-02 -4.409906e-05 -3.534414e-05 3.490261e-05 -4.974848e-05
11555.200000 8.752549e-01 1.052901e+00 1.101624e+00 3.145168e-02 -4.312383e-05 -2.938658e-05 2.404148e-05 -4.672333e-05
11555.400000 8.898985e-01 1.070223e+00 1.114041e+00 3.124171e-02 -4.404785e-05 -3.435802e-05 2.782486e-05 -5.537920e-05
11555.600000 8.954738e-01 1.076859e+00 1.113880e+00 3.131157e-02 -3.473071e-05 -3.867276e-05 3.607111e-05 -5.067682e-05
11555.800000 8.935192e-01 1.075038e+00 1.104479e+00 3.082641e-02 -3.488441e-05 -3.559741e-05 4.499924e-05 -4.344819e-05
11556.000000 8.917847e-01 1.072802e+00 1.095222e+00 3.260171e-02 -3.530318e-05 -3.811029e-05 2.978421e-05 -4.559772e-05
11556.200000 8.971097e-01 1.078394e+00 1.094276e+00 3.173062e-02 -4.275422e-05 -4.209198e-05 2.168876e-05 -7.171755e-05
11556.400000 8.862167e-01 1.066195e+00 1.073058e+00 3.055043e-02 -3.739326e-05 -4.135663e-05 1.566738e-05 -6.879402e-05
11556.600000 8.929622e-01 1.074650e+00 1.072387e+00 3.161709e-02 -3.805624e-05 -4.488570e-05 2.937097e-05 -5.339346e-05
11556.800000 8.820760e-01 1.061493e+00 1.052173e+00 2.977309e-02 -3.854812e-05 -3.538942e-05 3.419018e-05 -6.133313e-05
11557.000000 8.900548e-01 1.071271e+00 1.052418e+00 3.161283e-02 -3.668339e-05 -3.538512e-05 4.127763e-05 -5.007633e-05
11557.200000 8.932124e-01 1.074803e+00 1.045904e+00 3.122318e-02 -5.516637e-05 -2.852365e-05 3.742585e-05 -4.938580e-05
11557.400000 8.911122e-01 1.072096e+00 1.033446e+00 3.150697e-02 -5.190544e-05 -2.389021e-05 3.005624e-05 -5.728612e-05
11557.600000 8.857409e-01 1.066075e+00 1.016646e+00 3.104384e-02 -4.773698e-05 -2.388195e-05 3.650847e-05 -4.632595e-05
11557.800000 8.839615e-01 1.063578e+00 1.003401e+00 3.038559e-02 -4.676649e-05 -4.108829e-05 3.940534e-05 -5.010298e-05
11558.000000 9.014040e-01 1.084596e+00 1.011063e+00 3.187515e-02 -4.976466e-05 -4.442987e-05 3.537150e-05 -4.261843e-05
11558.200000 8.878844e-01 1.068626e+00 9.843055e-01 3.183282e-02 -5.058478e-05 -3.601534e-05 3.820570e-05 -4.069049e-05
11558.400000 8.942388e-01 1.076535e+00 9.784718e-01 3.095436e-02 -5.297807e-05 -3.456393e-05 2.956329e-05 -4.648766e-05
11558.600000 8.937387e-01 1.075581e+00 9.640530e-01 3.186993e-02 -5.089434e-05 -4.077714e-05 4.404215e-05 -5.758613e-05
11558.800000 8.860844e-01 1.066665e+00 9.410164e-01 3.122964e-02 -4.696917e-05 -4.227679e-05 4.930212e-05 -5.360427e-05
11559.000000 8.964739e-01 1.078927e+00 9.381219e-01 3.101461e-02 -4.449617e-05 -3.168895e-05 4.759452e-05 -5.552524e-05
11559.200000 8.803044e-01 1.059747e+00 9.044615e-01 3.062087e-02 -5.058335e-05 -2.625402e-05 4.353528e-05 -6.424581e-05
11559.400000 8.787745e-01 1.058234e+00 8.846815e-01 3.055043e-02 -4.648975e-05 -2.166533e-05 4.557719e-05 -6.371621e-05
11559.600000 8.974071e-01 1.080292e+00 8.871117e-01 3.165105e-02 -4.504383e-05 -2.334224e-05 3.052227e-05 -5.791890e-05
11559.800000 8.849926e-01 1.065740e+00 8.550246e-01 3.060411e-02 -4.132049e-05 -1.590057e-05 3.430920e-05 -6.056466e-05
11560.000000 8.928349e-01 1.074579e+00 8.445714e-01 3.189689e-02 -4.460716e-05 -1.543132e-05 2.606274e-05 -5.155855e-05
11560.200000 8.857223e-01 1.066342e+00 8.179969e-01 3.094512e-02 -4.334959e-05 -2.637464e-05 4.028456e-05 -4.225629e-05
11560.400000 9.002676e-01 1.083420e+00 8.106618e-01 3.303379e-02 -4.997848e-05 -3.059225e-05 3.976003e-05 -4.921324e-05
11560.600000 8.884202e-01 1.069111e+00 7.772651e-01 3.206307e-02 -6.052913e-05 -2.666255e-05 2.871535e-05 -5.268066e-05
11560.800000 8.870973e-01 1.068231e+00 7.502583e-01 3.081025e-02 -6.033813e-05 -3.081636e-05 3.069474e-05 -4.603078e-05
11561.000000 8.907743e-01 1.072670e+00 7.304446e-01 3.192226e-02 -6.140920e-05 -2.852498e-05 4.156231e-05 -4.207902e-05
11561.200000 8.887451e-01 1.069799e+00 7.025796e-01 3.019027e-02 -6.526385e-05 -2.542022e-05 3.511058e-05 -5.155245e-05
11561.400000 8.934507e-01 1.075211e+00 6.779503e-01 3.043578e-02 -6.257775e-05 -3.880185e-05 4.134650e-05 -4.389448e-05
11561.600000 8.956804e-01 1.077966e+00 6.547448e-01 3.219363e-02 -5.547950e-05 -4.510603e-05 2.537631e-05 -4.711396e-05
11561.800000 8.959610e-01 1.079061e+00 6.251535e-01 3.175038e-02 -5.738898e-05 -5.089733e-05 3.757473e-05 -5.187642e-05
11562.000000 8.928925e-01 1.074854e+00 5.928269e-01 3.210871e-02 -5.320613e-05 -4.481170e-05 4.206664e-05 -5.733353e-05
11562.200000 8.916432e-01 1.073636e+00 5.607312e-01 3.168934e-02 -4.971336e-05 -4.191070e-05 5.356752e-05 -5.667601e-05
11562.400000 8.790681e-01 1.058894e+00 5.199115e-01 3.013557e-02 -6.117567e-05 -3.594679e-05 4.147739e-05 -4.999202e-05
11562.600000 8.906563e-01 1.072846e+00 4.995034e-01 3.127473e-02 -6.084635e-05 -3.104324e-05 4.151074e-05 -4.681175e-05
11562.800000 8.935578e-01 1.076452e+00 4.690695e-01 3.096553e-02 -5.903744e-05 -3.266898e-05 4.616187e-05 -4.638295e-05
11563.000000 8.850203e-01 1.066552e+00 4.326223e-01 3.117150e-02 -6.080988e-05 -3.209403e-05 4.957362e-05 -3.789699e-05
11563.200000 8.800836e-01 1.060433e+00 3.991353e-01 3.044848e-02 -6.196593e-05 -2.818811e-05 4.193138e-05 -4.187016e-05
11563.400000 8.902434e-01 1.072155e+00 3.757527e-01 3.050353e-02 -5.627995e-05 -1.907935e-05 5.164130e-05 -3.408007e-05
11563.600000 8.926608e-01 1.074915e+00 3.463153e-01 3.206224e-02 -4.944290e-05 -2.343725e-05 4.018510e-05 -3.821855e-05
11563.800000 8.762374e-01 1.056192e+00 3.119748e-01 3.205854e-02 -4.652347e-05 -2.327780e-05 4.811041e-05 -5.531871e-05
11564.000000 8.947757e-01 1.078270e+00 2.946236e-01 3.173485e-02 -5.130163e-05 -3.568614e-05 5.373721e-05 -6.228201e-05
11564.200000 8.931923e-01 1.075908e+00 2.706154e-01 3.132399e-02 -4.258379e-05 -3.669677e-05 4.957091e-05 -5.815836e-05
11564.400000 8.892005e-01 1.071473e+00 2.475551e-01 3.130144e-02 -3.904728e-05 -3.272368e-05 3.980973e-05 -5.475178e-05
11564.600000 8.961477e-01 1.079932e+00 2.280136e-01 3.272519e-02 -4.101632e-05 -2.808066e-05 4.199144e-05 -5.482266e-05
11564.800000 8.917037e-01 1.074029e+00 2.091307e-01 3.049269e-02 -4.681443e-05 -2.815832e-05 4.028208e-05 -5.117582e-05
11565.000000 8.946228e-01 1.077865e+00 1.935276e-01 3.113853e-02 -4.703906e-05 -3.334987e-05 2.393872e-05 -5.383016e-05
11565.200000 8.867583e-01 1.068406e+00 1.787366e-01 3.195610e-02 -3.501915e-05 -4.225786e-05 2.710233e-05 -5.139295e-05
11565.400000 8.867171e-01 1.068881e+00 1.672429e-01 3.131860e-02 -3.465734e-05 -3.328791e-05 3.406939e-05 -5.644691e-05
11565.600000 8.961419e-01 1.079979e+00 1.601375e-01 3.153754e-02 -3.912060e-05 -2.561427e-05 3.571714e-05 -6.240263e-05
11565.800000 8.849957e-01 1.066615e+00 1.499132e-01 3.038262e-02 -4.411649e-05 -2.415802e-05 2.467964e-05 -4.963820e-05
11566.000000 8.875354e-01 1.070178e+00 1.442904e-01 3.121718e-02 -4.350845e-05 -4.286485e-05 3.054455e-05 -5.247784e-05
11566.200000 8.913605e-01 1.074378e+00 1.405873e-01 3.146120e-02 -4.624875e-05 -5.489791e-05 3.350902e-05 -5.034531e-05
11566.400000 8.881376e-01 1.070649e+00 1.370085e-01 3.159319e-02 -4.622337e-05 -4.875200e-05 3.398486e-05 -4.753186e-05
11566.600000 8.912707e-01 1.074373e+00 1.358551e-01 3.136601e-02 -5.010909e-05 -5.838830e-05 2.193474e-05 -4.526728e-05
11566.800000 8.846574e-01 1.066141e+00 1.340725e-01 3.179114e-02 -4.863733e-05 -6.051404e-05 3.276695e-05 -4.295442e-05
11567.000000 8.941356e-01 1.077571e+00 1.358187e-01 3.202205e-02 -5.007622e-05 -4.983868e-05 2.678018e-05 -4.080441e-05
11567.200000 8.899683e-01 1.072863e+00 1.364834e-01 3.126058e-02 -4.476845e-05 -4.715941e-05 3.622603e-05 -4.919382e-05
11567.400000 8.916342e-01 1.075166e+00 1.386520e-01 3.151752e-02 -4.757524e-05 -4.823164e-05 4.067077e-05 -5.378222e-05
11567.600000 8.961099e-01 1.080576e+00 1.416283e-01 3.157264e-02 -5.235002e-05 -3.669826e-05 4.140639e-05 -4.791986e-05
11567.800000 8.903728e-01 1.073579e+00 1.436984e-01 3.159224e-02 -4.125805e-05 -3.126505e-05 5.084168e-05 -4.358134e-05
11568.000000 8.907854e-01 1.073927e+00 1.469441e-01 3.132950e-02 -3.235433e-05 -3.623723e-05 5.212915e-05 -5.474970e-05
11568.200000 8.955827e-01 1.079212e+00 1.511093e-01 3.084389e-02 -3.750985e-05 -3.872539e-05 4.768808e-05 -5.252172e-05
11568.400000 8.984391e-01 1.082872e+00 1.554697e-01 3.208393e-02 -4.396966e-05 -3.887465e-05 4.107403e-05 -4.404772e-05
11568.600000 8.924097e-01 1.076166e+00 1.587085e-01 3.191858e-02 -4.940996e-05 -3.864306e-05 4.946767e-05 -4.685353e-05
11568.800000 8.944714e-01 1.078336e+00 1.628776e-01 3.182520e-02 -5.430455e-05 -3.403492e-05 3.861689e-05 -4.407824e-05
11569.000000 8.910137e-01 1.074553e+00 1.664136e-01 3.121291e-02 -5.260221e-05 -3.784827e-05 5.129764e-05 -4.398325e-05
11569.200000 8.909258e-01 1.074417e+00 1.701776e-01 3.195003e-02 -5.307834e-05 -4.231267e-05 5.574342e-05 -4.474120e-05
11569.400000 8.920557e-01 1.075796e+00 1.744418e-01 3.247479e-02 -5.125573e-05 -3.880788e-05 5.384814e-05 -5.123108e-05
11569.600000 8.900177e-01 1.073719e+00 1.778602e-01 3.167123e-02 -4.510167e-05 -4.245019e-05 4.971454e-05 -4.477772e-05
11569.800000 8.906311e-01 1.074512e+00 1.818101e-01 3.127842e-02 -5.419943e-05 -4.136808e-05 4.201270e-05 -5.847903e-05
11570.000000 8.905600e-01 1.074341e+00 1.853737e-01 3.127002e-02 -5.556690e-05 -4.154426e-05 4.979858e-05 -5.817207e-05
11570.200000 8.915632e-01 1.075758e+00 1.889428e-01 3.138765e-02 -5.069154e-05 -4.368771e-05 5.330760e-05 -5.621447e-05
11570.400000 8.930364e-01 1.077379e+00 1.927259e-01 3.155771e-02 -4.988178e-05 -3.721821e-05 4.715128e-05 -5.819307e-05
11570.600000 8.935120e-01 1.077906e+00 1.960088e-01 3.159477e-02 -4.691245e-05 -3.713555e-05 4.245742e-05 -5.132321e-05
11570.800000 8.924463e-01 1.076637e+00 1.989126e-01 3.158257e-02 -4.228748e-05 -3.701419e-05 5.102978e-05 -4.934414e-05
11571.000000 8.900086e-01 1.074282e+00 2.012509e-01 3.202952e-02 -4.148247e-05 -4.146564e-05 5.693928e-05 -4.203020e-05
11571.200000 8.901567e-01 1.074058e+00 2.040472e-01 3.201752e-02 -3.844072e-05 -4.235631e-05 5.522341e-05 -4.459593e-05
11571.400000 8.925541e-01 1.076944e+00 2.073344e-01 3.215964e-02 -3.867357e-05 -4.384919e-05 4.968404e-05 -4.629527e-05
11571.600000 8.938285e-01 1.078552e+00 2.101025e-01 3.117335e-02 -3.419025e-05 -4.039812e-05 6.681641e-05 -4.565648e-05
11571.800000 8.953355e-01 1.079957e+00 2.129737e-01 3.166016e-02 -3.149314e-05 -3.732615e-05 7.601183e-05 -5.483261e-05
11572.000000 8.937290e-01 1.078189e+00 2.151654e-01 3.171737e-02 -3.929552e-05 -3.839658e-05 6.378797e-05 -4.862182e-05
11572.200000 8.917934e-01 1.075962e+00 2.169599e-01 3.174078e-02 -4.033500e-05 -3.435701e-05 6.582003e-05 -5.542714e-05
11572.400000 8.925949e-01 1.077151e+00 2.192956e-01 3.143657e-02 -3.854446e-05 -3.475296e-05 7.789338e-05 -6.170686e-05
11572.600000 8.906767e-01 1.075116e+00 2.210934e-01 3.158166e-02 -3.528434e-05 -3.308168e-05 8.242054e-05 -5.366256e-05
11572.800000 8.876584e-01 1.071628e+00 2.224614e-01 3.165370e-02 -3.515968e-05 -4.056209e-05 7.750645e-05 -4.190210e-05
11573.000000 8.905079e-01 1.074829e+00 2.251522e-01 3.168995e-02 -4.170141e-05 -4.709729e-05 6.859853e-05 -3.240411e-05
11573.200000 8.916817e-01 1.076070e+00 2.274199e-01 3.166368e-02 -3.188556e-05 -4.412491e-05 7.336522e-05 -3.443497e-05
11573.400000 8.894398e-01 1.073586e+00 2.288078e-01 3.183021e-02 -3.646693e-05 -4.488474e-05 8.634515e-05 -3.090853e-05
11573.600000 8.913217e-01 1.075721e+00 2.307899e-01 3.101016e-02 -3.853611e-05 -4.472429e-05 8.519866e-05 -4.095724e-05
11573.800000 8.914633e-01 1.075892e+00 2.323649e-01 3.107750e-02 -3.554100e-05 -4.765346e-05 7.115632e-05 -4.436426e-05
11574.000000 8.931446e-01 1.078178e+00 2.345163e-01 3.123104e-02 -2.692419e-05 -3.522162e-05 7.498855e-05 -5.002852e-05
11574.200000 8.888213e-01 1.072862e+00 2.347156e-01 3.136411e-02 -2.680259e-05 -4.089886e-05 6.899370e-05 -5.541411e-05
11574.400000 8.953882e-01 1.080714e+00 2.375939e-01 3.226089e-02 -3.358379e-05 -4.161087e-05 6.543448e-05 -4.925542e-05
11574.600000 8.868492e-01 1.070859e+00 2.365515e-01 3.083757e-02 -3.564096e-05 -3.413036e-05 6.729418e-05 -4.922112e-05
11574.800000 8.856211e-01 1.069263e+00 2.370527e-01 3.082650e-02 -4.154830e-05 -3.567424e-05 7.203422e-05 -5.065430e-05
11575.000000 8.931513e-01 1.078377e+00 2.397150e-01 3.174903e-02 -4.425484e-05 -4.275408e-05 7.735028e-05 -5.403414e-05
11575.200000 8.949967e-01 1.080425e+00 2.410474e-01 3.139704e-02 -4.874767e-05 -3.729644e-05 8.009639e-05 -5.770019e-05
11575.400000 8.878566e-01 1.072055e+00 2.393441e-01 3.093730e-02 -4.347218e-05 -3.609360e-05 7.643644e-05 -5.336229e-05
11575.600000 8.934949e-01 1.078693e+00 2.410328e-01 3.206005e-02 -4.037855e-05 -3.295247e-05 7.846110e-05 -5.527195e-05
11575.800000 8.905709e-01 1.075293e+00 2.406928e-01 3.140175e-02 -4.040845e-05 -4.085226e-05 7.229341e-05 -5.848476e-05
11576.000000 8.920178e-01 1.077376e+00 2.408600e-01 3.175748e-02 -4.185014e-05 -3.986195e-05 7.760990e-05 -6.458140e-05
11576.200000 8.893426e-01 1.074267e+00 2.400960e-01 3.141553e-02 -4.445174e-05 -3.994395e-05 6.187841e-05 -7.988104e-05
11576.400000 8.856015e-01 1.069701e+00 2.385153e-01 3.069903e-02 -5.396398e-05 -3.718120e-05 7.358345e-05 -7.098374e-05
11576.600000 8.875253e-01 1.072082e+00 2.385636e-01 3.193383e-02 -4.958996e-05 -3.608542e-05 8.036516e-05 -5.606159e-05
11576.800000 8.870509e-01 1.071385e+00 2.376475e-01 3.151482e-02 -5.551326e-05 -4.229563e-05 7.261726e-05 -4.978851e-05
11577.000000 8.886646e-01 1.073163e+00 2.374386e-01 3.161960e-02 -4.967531e-05 -4.710747e-05 7.331431e-05 -5.336099e-05
11577.200000 8.889025e-01 1.073902e+00 2.364744e-01 3.171102e-02 -4.431929e-05 -5.249274e-05 8.288538e-05 -5.586277e-05
11577.400000 8.860692e-01 1.070500e+00 2.345688e-01 3.148092e-02 -3.722255e-05 -4.548823e-05 7.099743e-05 -5.987365e-05
11577.600000 8.850172e-01 1.069475e+00 2.334008e-01 3.111960e-02 -4.461040e-05 -3.013106e-05 6.370939e-05 -5.875998e-05
11577.800000 8.837703e-01 1.067515e+00 2.318851e-01 3.055441e-02 -4.122956e-05 -3.989271e-05 6.168814e-05 -5.976344e-05
11578.000000 8.888949e-01 1.073704e+00 2.320267e-01 3.091489e-02 -4.598448e-05 -4.892660e-05 6.674670e-05 -6.295510e-05
11578.200000 8.854332e-01 1.069445e+00 2.299622e-01 3.122491e-02 -5.001654e-05 -4.462610e-05 7.618028e-05 -5.724597e-05
11578.400000 8.927343e-01 1.078192e+00 2.307699e-01 3.158157e-02 -4.606576e-05 -4.217709e-05 7.871322e-05 -5.858499e-05
11578.600000 8.850614e-01 1.069519e+00 2.276538e-01 3.150616e-02 -4.804419e-05 -4.309633e-05 7.779760e-05 -4.538600e-05
11578.800000 8.872906e-01 1.071719e+00 2.271479e-01 3.076410e-02 -4.580666e-05 -4.276857e-05 7.222531e-05 -3.743065e-05
11579.000000 8.861294e-01 1.070480e+00 2.256698e-01 3.163106e-02 -3.678795e-05 -6.166916e-05 5.906035e-05 -2.665402e-05
11579.200000 8.833902e-01 1.067244e+00 2.239394e-01 3.117082e-02 -3.644469e-05 -4.822818e-05 6.144339e-05 -3.410044e-05
11579.400000 8.881786e-01 1.073077e+00 2.242398e-01 3.152830e-02 -3.669155e-05 -4.345768e-05 6.047883e-05 -5.116263e-05
11579.600000 8.853187e-01 1.069946e+00 2.227592e-01 3.147187e-02 -3.430723e-05 -3.595963e-05 5.839528e-05 -5.246787e-05
11579.800000 8.897453e-01 1.075283e+00 2.229498e-01 3.145423e-02 -4.453182e-05 -4.282692e-05 6.704655e-05 -5.813656e-05
11580.000000 8.908121e-01 1.075912e+00 2.225862e-01 3.172319e-02 -4.640023e-05 -5.181435e-05 5.960810e-05 -6.111533e-05
11580.200000 8.896559e-01 1.075072e+00 2.220432e-01 3.167701e-02 -4.474196e-05 -5.405182e-05 7.038292e-05 -5.689081e-05
11580.400000 8.831629e-01 1.067679e+00 2.199678e-01 3.121076e-02 -5.080501e-05 -5.153140e-05 5.737149e-05 -5.999694e-05
11580.600000 8.875365e-01 1.072547e+00 2.208611e-01 3.160741e-02 -4.938941e-05 -5.295613e-05 6.390127e-05 -5.863314e-05
11580.800000 8.876787e-01 1.072251e+00 2.210244e-01 3.106722e-02 -4.092193e-05 -5.404277e-05 6.410495e-05 -6.550731e-05
11581.000000 8.864029e-01 1.071544e+00 2.209447e-01 3.178764e-02 -4.782354e-05 -5.393780e-05 7.226377e-05 -5.540500e-05
11581.200000 8.895515e-01 1.074969e+00 2.218990e-01 3.100211e-02 -4.755136e-05 -4.809666e-05 6.222968e-05 -5.320448e-05
11581.400000 8.911231e-01 1.077001e+00 2.228242e-01 3.186394e-02 -4.373511e-05 -5.435913e-05 6.134444e-05 -5.108876e-05
11581.600000 8.851853e-01 1.070199e+00 2.222653e-01 3.145210e-02 -3.890237e-05 -5.723312e-05 6.461806e-05 -4.743470e-05
11581.800000 8.906976e-01 1.076541e+00 2.244879e-01 3.203860e-02 -4.139155e-05 -5.386921e-05 5.648012e-05 -5.959079e-05
11582.000000 8.846012e-01 1.069849e+00 2.239562e-01 3.108809e-02 -3.646137e-05 -6.022400e-05 4.920920e-05 -5.868318e-05
11582.200000 8.882644e-01 1.074016e+00 2.262069e-01 3.179020e-02 -4.745177e-05 -5.189886e-05 6.392971e-05 -5.855102e-05
11582.400000 8.893214e-01 1.074955e+00 2.278923e-01 3.059584e-02 -4.219472e-05 -5.181559e-05 6.446977e-05 -5.413700e-05
11582.600000 8.942494e-01 1.080536e+00 2.301296e-01 3.124288e-02 -3.749812e-05 -6.566084e-05 5.813511e-05 -4.343888e-05
11582.800000 8.861510e-01 1.071277e+00 2.295768e-01 3.115445e-02 -2.853320e-05 -6.563189e-05 5.666184e-05 -5.002012e-05
11583.000000 8.822512e-01 1.067394e+00 2.303059e-01 3.139363e-02 -2.431167e-05 -6.272562e-05 6.302232e-05 -4.743743e-05
11583.200000 8.962058e-01 1.083323e+00 2.355019e-01 3.200750e-02 -2.037277e-05 -5.155286e-05 5.591611e-05 -6.310246e-05
11583.400000 8.896277e-01 1.075745e+00 2.349731e-01 3.164336e-02 -2.615231e-05 -4.810132e-05 4.697460e-05 -6.708175e-05
11583.600000 8.899614e-01 1.076082e+00 2.363396e-01 3.174135e-02 -2.674423e-05 -4.823828e-05 5.067444e-05 -5.483603e-05
11583.800000 8.775706e-01 1.061859e+00 2.346863e-01 3.129533e-02 -3.194266e-05 -4.357820e-05 5.056888e-05 -6.200932e-05
11584.000000 8.771060e-01 1.061177e+00 2.360051e-01 3.092675e-02 -2.727350e-05 -4.243485e-05 6.629341e-05 -6.689987e-05
11584.200000 8.941307e-01 1.081245e+00 2.415768e-01 3.197799e-02 -2.912269e-05 -5.369881e-05 5.404748e-05 -5.696503e-05
11584.400000 8.822926e-01 1.066614e+00 2.394806e-01 3.159548e-02 -3.124172e-05 -4.782888e-05 5.907477e-05 -6.184101e-05
11584.600000 8.824227e-01 1.067168e+00 2.401686e-01 3.100915e-02 -2.120534e-05 -4.251724e-05 6.830550e-05 -5.364358e-05
11584.800000 8.920329e-01 1.078264e+00 2.436888e-01 3.215688e-02 -1.784672e-05 -3.415194e-05 7.001445e-05 -4.934901e-05
11585.000000 8.894907e-01 1.075697e+00 2.437899e-01 3.122458e-02 -1.907596e-05 -3.780806e-05 7.215468e-05 -4.625474e-05
11585.200000 8.934072e-01 1.080660e+00 2.455436e-01 3.278988e-02 -2.352489e-05 -3.415999e-05 7.205047e-05 -4.111061e-05
11585.400000 8.862641e-01 1.071887e+00 2.440012e-01 3.236814e-02 -2.050603e-05 -3.269934e-05 5.270577e-05 -4.811402e-05
11585.600000 8.883774e-01 1.074493e+00 2.450757e-01 3.110279e-02 -2.105389e-05 -1.750638e-05 5.484152e-05 -4.771599e-05
11585.800000 8.872161e-01 1.073241e+00 2.450977e-01 3.055350e-02 -2.027682e-05 -1.319150e-05 3.770871e-05 -4.519599e-05
11586.000000 8.736017e-01 1.056793e+00 2.415440e-01 2.941324e-02 -2.417764e-05 -1.412784e-05 3.691760e-05 -5.578291e-05
11586.200000 8.921235e-01 1.079553e+00 2.469053e-01 3.201215e-02 -2.002701e-05 -1.897161e-05 3.530152e-05 -7.287484e-05
11586.400000 8.820795e-01 1.067513e+00 2.442713e-01 3.111239e-02 -1.928285e-05 -2.129215e-05 4.487788e-05 -6.305141e-05
11586.600000 8.916324e-01 1.078395e+00 2.468565e-01 3.135590e-02 -2.424199e-05 -1.171975e-05 6.207871e-05 -6.936450e-05
11586.800000 8.898554e-01 1.076053e+00 2.462240e-01 3.102986e-02 -3.455476e-05 -1.527430e-05 5.052131e-05 -7.001576e-05
11587.000000 8.996702e-01 1.087960e+00 2.488939e-01 3.233542e-02 -3.373736e-05 -2.565621e-05 5.096465e-05 -7.033866e-05
11587.200000 8.796208e-01 1.064934e+00 2.432624e-01 2.981018e-02 -2.667141e-05 -3.588303e-05 4.707288e-05 -6.667864e-05
11587.400000 8.730059e-01 1.057667e+00 2.413710e-01 2.972878e-02 -3.189654e-05 -3.630145e-05 4.086306e-05 -7.830829e-05
11587.600000 8.860843e-01 1.072217e+00 2.448241e-01 3.140865e-02 -3.212661e-05 -2.654815e-05 4.807185e-05 -7.701388e-05
11587.800000 8.892505e-01 1.076189e+00 2.453154e-01 3.188593e-02 -3.466485e-05 -1.986862e-05 6.464301e-05 -6.370904e-05
11588.000000 8.779649e-01 1.062683e+00 2.417207e-01 2.992149e-02 -3.461036e-05 -3.427366e-05 4.276564e-05 -7.485709e-05
11588.200000 8.888652e-01 1.075943e+00 2.441447e-01 3.037406e-02 -2.965307e-05 -3.072094e-05 3.992008e-05 -8.072368e-05
11588.400000 8.907511e-01 1.076987e+00 2.442214e-01 3.161494e-02 -2.282868e-05 -3.375379e-05 5.686456e-05 -6.236150e-05
11588.600000 8.894334e-01 1.076254e+00 2.431509e-01 3.381126e-02 -1.693884e-05 -2.967083e-05 6.337867e-05 -6.633683e-05
11588.800000 8.757182e-01 1.060066e+00 2.386646e-01 2.927587e-02 -1.224885e-05 -3.039681e-05 6.768677e-05 -6.188465e-05
11589.000000 8.920232e-01 1.079380e+00 2.423745e-01 3.188748e-02 -2.416785e-05 -2.493444e-05 6.228472e-05 -5.189806e-05
11589.200000 8.771528e-01 1.061525e+00 2.374388e-01 3.096308e-02 -1.946286e-05 -2.621447e-05 5.846702e-05 -4.789697e-05
11589.400000 8.850450e-01 1.071531e+00 2.385497e-01 3.146420e-02 -1.676046e-05 -2.571940e-05 4.718955e-05 -4.702632e-05
11589.600000 8.791366e-01 1.064971e+00 2.358040e-01 3.268054e-02 -2.204582e-05 -2.170285e-05 4.625041e-05 -4.353998e-05
11589.800000 8.745878e-01 1.058379e+00 2.338509e-01 3.054705e-02 -2.070352e-05 -1.693425e-05 6.729993e-05 -3.835750e-05
11590.000000 8.878109e-01 1.074705e+00 2.360219e-01 3.135208e-02 -2.218114e-05 -1.514768e-05 5.426333e-05 -4.901431e-05
11590.200000 8.831088e-01 1.069307e+00 2.334797e-01 3.159236e-02 -2.862095e-05 -1.744573e-05 4.267722e-05 -4.620223e-05
11590.400000 8.861524e-01 1.073260e+00 2.326958e-01 3.148594e-02 -2.586966e-05 -1.893784e-05 3.839917e-05 -4.839069e-05
11590.600000 8.759458e-01 1.061298e+00 2.280264e-01 3.084268e-02 -2.325854e-05 -1.482927e-05 4.201455e-05 -4.871074e-05
11590.800000 8.720553e-01 1.056179e+00 2.255246e-01 3.135988e-02 -2.183350e-05 -1.655244e-05 4.322917e-05 -6.439760e-05
11591.000000 8.771537e-01 1.062072e+00 2.250530e-01 3.117615e-02 -2.331408e-05 -2.688422e-05 6.133537e-05 -6.426652e-05
11591.200000 8.797513e-01 1.064630e+00 2.240820e-01 3.182561e-02 -2.382980e-05 -2.147193e-05 5.648107e-05 -5.453211e-05
11591.400000 8.877879e-01 1.074915e+00 2.246095e-01 3.210244e-02 -2.358015e-05 -2.953121e-05 5.364285e-05 -5.710681e-05
11591.600000 8.831100e-01 1.069781e+00 2.216305e-01 3.068985e-02 -2.541700e-05 -3.806655e-05 5.034124e-05 -6.257324e-05
11591.800000 8.568279e-01 1.039158e+00 2.130816e-01 2.999339e-02 -2.589560e-05 -2.546682e-05 5.162576e-05 -6.638462e-05
11592.000000 8.730906e-01 1.057681e+00 2.157286e-01 3.035627e-02 -3.472791e-05 -2.376958e-05 5.273329e-05 -7.790478e-05
11592.200000 8.818001e-01 1.067116e+00 2.157309e-01 3.157203e-02 -3.952175e-05 -2.354393e-05 4.832170e-05 -6.925115e-05
11592.400000 8.872451e-01 1.074306e+00 2.152887e-01 3.184825e-02 -4.538134e-05 -3.441559e-05 5.207314e-05 -6.394859e-05
11592.600000 8.855121e-01 1.072487e+00 2.134177e-01 3.171808e-02 -3.441361e-05 -3.384404e-05 4.777682e-05 -6.357093e-05
11592.800000 8.751484e-01 1.060872e+00 2.090631e-01 3.037423e-02 -4.110031e-05 -3.610110e-05 4.797605e-05 -7.096454e-05
11593.000000 8.782976e-01 1.063593e+00 2.084094e-01 3.017737e-02 -3.754737e-05 -3.466192e-05 5.698868e-05 -6.756387e-05
11593.200000 8.812040e-01 1.067291e+00 2.082173e-01 3.206587e-02 -3.794662e-05 -3.364077e-05 4.758015e-05 -8.384346e-05
11593.400000 8.848857e-01 1.071603e+00 2.076511e-01 3.049591e-02 -3.321675e-05 -4.568063e-05 6.143405e-05 -6.769291e-05
11593.600000 8.894255e-01 1.077068e+00 2.075628e-01 3.148213e-02 -3.131401e-05 -4.704947e-05 6.842127e-05 -6.993921e-05
11593.800000 8.855042e-01 1.072981e+00 2.056707e-01 3.173655e-02 -4.276308e-05 -4.414298e-05 6.996248e-05 -6.607831e-05
11594.000000 8.701004e-01 1.054797e+00 2.012460e-01 3.107977e-02 -4.046028e-05 -3.144857e-05 5.282900e-05 -6.796161e-05
11594.200000 8.704965e-01 1.054757e+00 2.007367e-01 3.187534e-02 -3.033724e-05 -3.488110e-05 5.717516e-05 -6.900084e-05
11594.400000 8.713306e-01 1.056121e+00 2.005389e-01 3.028416e-02 -2.358333e-05 -4.397209e-05 5.819242e-05 -6.275113e-05
11594.600000 8.831518e-01 1.070095e+00 2.028790e-01 3.123573e-02 -3.121418e-05 -4.541145e-05 6.806254e-05 -5.753016e-05
11594.800000 8.819048e-01 1.068656e+00 2.024016e-01 3.114129e-02 -4.055737e-05 -3.923358e-05 6.274457e-05 -5.271833e-05
11595.000000 8.806394e-01 1.067199e+00 2.019760e-01 3.114117e-02 -4.518228e-05 -3.838081e-05 5.419883e-05 -5.037103e-05
11595.200000 8.896916e-01 1.077053e+00 2.044680e-01 3.134707e-02 -2.791284e-05 -3.051162e-05 6.383366e-05 -5.500926e-05
11595.400000 8.810868e-01 1.067375e+00 2.029610e-01 3.216734e-02 -3.508619e-05 -3.948505e-05 5.220822e-05 -7.011075e-05
11595.600000 8.886400e-01 1.076798e+00 2.051357e-01 3.157319e-02 -2.306216e-05 -4.256821e-05 4.953745e-05 -7.311017e-05
11595.800000 8.784732e-01 1.064834e+00 2.034245e-01 3.140131e-02 -2.296097e-05 -3.370109e-05 5.373252e-05 -6.598073e-05
11596.000000 8.843064e-01 1.071867e+00 2.053659e-01 3.102424e-02 -2.298642e-05 -2.816669e-05 6.683146e-05 -5.313804e-05
11596.200000 8.808984e-01 1.067627e+00 2.051594e-01 3.201208e-02 -2.643621e-05 -2.035837e-05 6.754314e-05 -5.433540e-05
11596.400000 8.918260e-01 1.081087e+00 2.085415e-01 3.271415e-02 -2.844224e-05 -2.859876e-05 4.183627e-05 -6.067478e-05
11596.600000 8.742688e-01 1.059154e+00 2.054735e-01 3.040981e-02 -3.032799e-05 -3.550514e-05 5.518111e-05 -4.867672e-05
11596.800000 8.885954e-01 1.076852e+00 2.098491e-01 3.161766e-02 -2.867924e-05 -3.477139e-05 5.965321e-05 -4.951018e-05
11597.000000 8.850474e-01 1.072676e+00 2.101704e-01 3.235574e-02 -2.655687e-05 -2.957995e-05 6.073327e-05 -4.342203e-05
11597.700000 8.848658e-01 1.072485e+00 2.141854e-01 3.074351e-02 -3.166186e-05 -3.415749e-05 5.160011e-05 -3.884478e-05
11598.400000 8.834207e-01 1.071010e+00 2.178856e-01 3.123253e-02 -3.925415e-05 -3.944690e-05 5.412910e-05 -4.357317e-05
11599.100000 8.774723e-01 1.064234e+00 2.203007e-01 3.110982e-02 -4.264948e-05 -3.116905e-05 5.578969e-05 -5.573618e-05
11599.800000 8.814321e-01 1.068867e+00 2.244235e-01 3.088372e-02 -4.416927e-05 -2.770733e-05 6.197511e-05 -4.954206e-05
11600.500000 8.803084e-01 1.067649e+00 2.267004e-01 3.142952e-02 -4.170405e-05 -3.939249e-05 6.124310e-05 -5.050533e-05
11601.200000 8.835722e-01 1.071870e+00 2.294278e-01 3.151518e-02 -3.520347e-05 -3.706382e-05 6.375925e-05 -4.869762e-05
11601.900000 8.760251e-01 1.062891e+00 2.288673e-01 3.198990e-02 -3.843364e-05 -2.975996e-05 5.894959e-05 -4.732764e-05
11602.600000 8.806451e-01 1.068341e+00 2.311477e-01 3.109372e-02 -4.410175e-05 -2.171940e-05 6.412468e-05 -5.139666e-05
11603.300000 8.814144e-01 1.069460e+00 2.325096e-01 3.153687e-02 -4.238835e-05 -2.107146e-05 6.876367e-05 -5.218199e-05
11604.993695 8.779674e-01 1.065788e+00 2.354761e-01 3.146935e-02 -4.421904e-05 -1.752957e-05 7.046446e-05 -6.006888e-05
11605.999583 8.774098e-01 1.065030e+00 2.380569e-01 3.096257e-02 -5.491165e-05 -1.444627e-05 7.040631e-05 -6.619995e-05
11607.017662 8.808468e-01 1.069203e+00 2.413204e-01 3.132269e-02 -5.422428e-05 -1.862597e-05 6.005839e-05 -8.234723e-05
11608.047933 8.793724e-01 1.067742e+00 2.423674e-01 3.082804e-02 -5.268123e-05 -1.676301e-05 5.995831e-05 -8.364766e-05
11609.090396 8.792552e-01 1.067657e+00 2.423370e-01 3.141300e-02 -5.026533e-05 -1.924647e-05 6.087736e-05 -9.768160e-05
11610.145051 8.790405e-01 1.067789e+00 2.406620e-01 3.113122e-02 -5.097857e-05 -2.387453e-05 6.678425e-05 -9.234299e-05
11611.211898 8.789095e-01 1.068139e+00 2.379131e-01 3.131683e-02 -4.525692e-05 -1.452160e-05 7.735483e-05 -7.017122e-05
11612.290937 8.790826e-01 1.068304e+00 2.342210e-01 3.101405e-02 -4.903627e-05 -2.119377e-05 6.443718e-05 -5.510728e-05
11613.382167 8.781123e-01 1.067247e+00 2.300450e-01 3.171173e-02 -5.230967e-05 -2.631149e-05 5.929454e-05 -6.400113e-05
11614.485590 8.791432e-01 1.068783e+00 2.260391e-01 3.143109e-02 -4.378836e-05 -2.533172e-05 4.842858e-05 -7.185524e-05
11615.601204 8.775118e-01 1.066965e+00 2.211762e-01 3.125879e-02 -4.476186e-05 -1.985570e-05 4.356271e-05 -6.934390e-05
11616.729011 8.795844e-01 1.069741e+00 2.176202e-01 3.125143e-02 -4.548999e-05 -2.135669e-05 4.990449e-05 -5.942445e-05
11617.869009 8.749423e-01 1.064546e+00 2.131748e-01 3.186959e-02 -4.473886e-05 -2.299485e-05 4.551894e-05 -6.838748e-05
11619.021199 8.776569e-01 1.068134e+00 2.114438e-01 3.103662e-02 -4.165008e-05 -2.632367e-05 5.125841e-05 -7.880797e-05
11620.185582 8.775435e-01 1.067915e+00 2.102287e-01 3.165139e-02 -4.940229e-05 -3.477902e-05 5.522605e-05 -7.002773e-05
11621.362156 8.736286e-01 1.063787e+00 2.093673e-01 3.139950e-02 -4.752921e-05 -3.512784e-05 4.490359e-05 -7.309497e-05
11622.550922 8.760062e-01 1.066524e+00 2.111053e-01 3.056130e-02 -5.556790e-05 -2.811235e-05 5.087461e-05 -6.564113e-05
11623.751879 8.763140e-01 1.067106e+00 2.129259e-01 3.162219e-02 -5.732095e-05 -2.373562e-05 5.740337e-05 -7.081899e-05
11624.965029 8.764998e-01 1.067622e+00 2.150768e-01 3.122348e-02 -5.254557e-05 -2.440815e-05 6.009365e-05 -6.823886e-05
11626.190371 8.763689e-01 1.067480e+00 2.170235e-01 3.101093e-02 -5.246363e-05 -3.628193e-05 6.112767e-05 -6.228875e-05
11627.427904 8.736603e-01 1.064664e+00 2.183598e-01 3.181420e-02 -5.117254e-05 -3.437458e-05 5.729412e-05 -6.336637e-05
11628.677630 8.751096e-01 1.066418e+00 2.206502e-01 3.100884e-02 -4.844502e-05 -4.272817e-05 5.701043e-05 -6.872058e-05
11629.939547 8.736525e-01 1.065064e+00 2.221830e-01 3.121770e-02 -4.203832e-05 -3.632435e-05 5.686177e-05 -6.218802e-05
11631.213657 8.750760e-01 1.067151e+00 2.242413e-01 3.097020e-02 -4.556790e-05 -3.079706e-05 5.415226e-05 -5.698812e-05
11632.499958 8.717117e-01 1.063371e+00 2.245776e-01 3.111248e-02 -5.138151e-05 -2.979948e-05 6.541291e-05 -5.648950e-05
11633.798451 8.760555e-01 1.068791e+00 2.269258e-01 3.126356e-02 -5.358098e-05 -2.563587e-05 6.003676e-05 -5.382585e-05
11635.109136 8.732988e-01 1.065492e+00 2.276358e-01 3.121749e-02 -5.827621e-05 -2.916447e-05 5.434229e-05 -5.124243e-05
11636.432013 8.730357e-01 1.065441e+00 2.296333e-01 3.135220e-02 -5.413786e-05 -2.609462e-05 4.615358e-05 -4.980711e-05
11637.767082 8.729430e-01 1.065773e+00 2.320103e-01 3.190309e-02 -4.984681e-05 -2.263304e-05 4.147820e-05 -6.160097e-05
11639.114342 8.721637e-01 1.065120e+00 2.346468e-01 3.097156e-02 -5.899151e-05 -3.715592e-05 4.406592e-05 -6.521810e-05
11640.473795 8.718566e-01 1.064924e+00 2.376023e-01 3.135786e-02 -5.928283e-05 -4.058165e-05 4.920817e-05 -5.818808e-05
11641.845440 8.729851e-01 1.066625e+00 2.410597e-01 3.123931e-02 -5.905432e-05 -4.001188e-05 3.738499e-05 -6.356008e-05
11643.229276 8.730711e-01 1.066547e+00 2.436271e-01 3.117010e-02 -6.412533e-05 -4.066440e-05 3.952626e-05 -6.360729e-05
11644.625305 8.701353e-01 1.063324e+00 2.448413e-01 3.088510e-02 -6.401613e-05 -4.239299e-05 4.810153e-05 -6.622698e-05
11646.033525 8.735856e-01 1.068029e+00 2.476041e-01 3.130455e-02 -5.900170e-05 -4.555802e-05 5.347208e-05 -7.145226e-05
11647.453937 8.714994e-01 1.065664e+00 2.480946e-01 3.163674e-02 -5.360214e-05 -4.992831e-05 5.476710e-05 -7.082815e-05
11648.886541 8.686634e-01 1.062331e+00 2.479651e-01 3.134925e-02 -5.995319e-05 -4.442872e-05 6.011870e-05 -6.558299e-05
11650.331337 8.672790e-01 1.061082e+00 2.475502e-01 3.144961e-02 -5.930225e-05 -4.802763e-05 5.521613e-05 -7.408926e-05
11651.788325 8.697527e-01 1.064319e+00 2.475219e-01 3.095663e-02 -5.435322e-05 -4.616473e-05 5.582510e-05 -6.754515e-05
11653.257505 8.705489e-01 1.065504e+00 2.462271e-01 3.142367e-02 -5.146647e-05 -4.105186e-05 5.296375e-05 -7.129471e-05
11654.738877 8.698934e-01 1.065019e+00 2.436791e-01 3.171426e-02 -6.388601e-05 -3.816766e-05 5.829203e-05 -8.546649e-05
11656.232440 8.717644e-01 1.067456e+00 2.412944e-01 3.143782e-02 -5.227149e-05 -3.853171e-05 6.162713e-05 -8.249311e-05
11657.738196 8.685629e-01 1.064049e+00 2.373468e-01 3.136555e-02 -5.420043e-05 -4.297245e-05 5.327911e-05 -7.397731e-05
11659.256143 8.670680e-01 1.062348e+00 2.342725e-01 3.129829e-02 -5.710751e-05 -3.324645e-05 5.632326e-05 -7.349021e-05
11660.786283 8.681074e-01 1.064043e+00 2.323925e-01 3.160504e-02 -5.555699e-05 -4.202214e-05 5.347118e-05 -7.181781e-05
11662.328614 8.693346e-01 1.066015e+00 2.313155e-01 3.140137e-02 -5.385816e-05 -4.079335e-05 5.919315e-05 -7.272507e-05
11663.883137 8.671915e-01 1.063204e+00 2.299127e-01 3.133708e-02 -4.124515e-05 -3.597722e-05 5.093647e-05 -7.126515e-05
11665.449852 8.663484e-01 1.062261e+00 2.296998e-01 3.134349e-02 -4.478075e-05 -4.493897e-05 4.342097e-05 -6.575926e-05
11667.028759 8.675887e-01 1.064360e+00 2.304831e-01 3.160438e-02 -5.084419e-05 -4.512392e-05 4.436927e-05 -6.789288e-05
11668.619858 8.684942e-01 1.065673e+00 2.312990e-01 3.127182e-02 -4.729374e-05 -3.943436e-05 4.585016e-05 -6.688921e-05
11670.223149 8.665940e-01 1.064048e+00 2.315844e-01 3.167999e-02 -4.888177e-05 -4.889608e-05 4.258885e-05 -6.448879e-05
11671.838632 8.657654e-01 1.063166e+00 2.321120e-01 3.114394e-02 -5.034167e-05 -5.334403e-05 4.893480e-05 -6.179716e-05
11673.466307 8.658260e-01 1.062966e+00 2.329485e-01 3.112753e-02 -4.142033e-05 -4.356653e-05 5.091005e-05 -7.154481e-05
11675.106173 8.648659e-01 1.062356e+00 2.337075e-01 3.153588e-02 -4.082814e-05 -4.518171e-05 5.066703e-05 -7.859991e-05
11676.758232 8.648300e-01 1.063062e+00 2.344857e-01 3.111661e-02 -4.944469e-05 -5.784632e-05 5.622589e-05 -7.079033e-05
11678.422482 8.643845e-01 1.062259e+00 2.349012e-01 3.116832e-02 -4.338942e-05 -5.706679e-05 5.164844e-05 -6.615992e-05
11680.098924 8.611506e-01 1.058918e+00 2.340063e-01 3.106729e-02 -4.020754e-05 -5.700630e-05 4.239966e-05 -7.246750e-05
11681.787558 8.619607e-01 1.060208e+00 2.338936e-01 3.125362e-02 -4.057497e-05 -5.063927e-05 4.123168e-05 -7.998106e-05
11683.488385 8.630584e-01 1.061969e+00 2.335015e-01 3.101239e-02 -3.928161e-05 -4.618843e-05 4.047601e-05 -7.242321e-05
11685.201403 8.646091e-01 1.064171e+00 2.332374e-01 3.112391e-02 -2.951585e-05 -5.037390e-05 5.053679e-05 -6.580468e-05
11686.926613 8.620289e-01 1.061445e+00 2.316308e-01 3.114763e-02 -3.459432e-05 -5.584643e-05 4.755185e-05 -6.576289e-05
11688.664014 8.624486e-01 1.062021e+00 2.313664e-01 3.154582e-02 -3.380695e-05 -5.857144e-05 4.872522e-05 -5.733495e-05
11690.413608 8.617663e-01 1.061528e+00 2.313905e-01 3.085377e-02 -3.235203e-05 -5.549057e-05 5.150216e-05 -4.887378e-05
11692.175394 8.630209e-01 1.063440e+00 2.325804e-01 3.132193e-02 -3.353846e-05 -4.201324e-05 5.544203e-05 -5.006689e-05
11693.949371 8.619074e-01 1.062398e+00 2.337673e-01 3.151529e-02 -4.022474e-05 -3.810339e-05 4.875725e-05 -6.191382e-05
11695.735541 8.611077e-01 1.061765e+00 2.358222e-01 3.165846e-02 -4.340985e-05 -4.069655e-05 6.616496e-05 -6.701772e-05
11697.533902 8.599322e-01 1.060609e+00 2.382272e-01 3.143778e-02 -3.770332e-05 -3.318969e-05 7.250959e-05 -6.824418e-05
11699.344455 8.612642e-01 1.062601e+00 2.418628e-01 3.136742e-02 -4.289195e-05 -3.217169e-05 6.504121e-05 -6.926039e-05
11701.167201 8.593864e-01 1.060462e+00 2.446060e-01 3.115168e-02 -4.771363e-05 -3.912808e-05 6.323558e-05 -6.911975e-05
11703.002138 8.572319e-01 1.058241e+00 2.472251e-01 3.134731e-02 -4.512271e-05 -4.370905e-05 5.425826e-05 -6.232683e-05
11704.849267 8.574347e-01 1.058911e+00 2.500416e-01 3.130034e-02 -4.877673e-05 -5.342588e-05 5.407009e-05 -7.125620e-05
11706.708588 8.593327e-01 1.061364e+00 2.525224e-01 3.155230e-02 -4.443569e-05 -4.761258e-05 5.061991e-05 -7.340574e-05
11708.580100 8.564744e-01 1.058429e+00 2.527224e-01 3.122859e-02 -3.652834e-05 -4.614765e-05 5.848306e-05 -7.024878e-05
11710.463805 8.580637e-01 1.060693e+00 2.531646e-01 3.133868e-02 -3.733129e-05 -4.915928e-05 5.271774e-05 -8.114461e-05
11712.359702 8.581316e-01 1.060988e+00 2.525144e-01 3.129298e-02 -3.888362e-05 -4.269111e-05 5.437024e-05 -7.180192e-05
11714.267790 8.569533e-01 1.059896e+00 2.510912e-01 3.126276e-02 -3.405392e-05 -5.430673e-05 4.707920e-05 -7.156087e-05
11716.188071 8.557902e-01 1.058984e+00 2.491275e-01 3.124819e-02 -4.039385e-05 -6.141880e-05 3.999781e-05 -6.526370e-05
11718.120543 8.579578e-01 1.062033e+00 2.481329e-01 3.140705e-02 -3.697715e-05 -6.035190e-05 5.240093e-05 -6.858731e-05
11720.065207 8.558835e-01 1.059518e+00 2.456706e-01 3.116869e-02 -4.476939e-05 -6.144347e-05 6.660317e-05 -7.759064e-05
11722.022064 8.554262e-01 1.059454e+00 2.441823e-01 3.125372e-02 -4.500574e-05 -4.962353e-05 7.370488e-05 -6.323096e-05
11723.991112 8.544124e-01 1.058648e+00 2.425476e-01 3.142889e-02 -4.726166e-05 -3.964104e-05 7.244944e-05 -5.839544e-05
11725.972352 8.548203e-01 1.059488e+00 2.416324e-01 3.095742e-02 -4.657598e-05 -3.914695e-05 6.782579e-05 -5.125859e-05
11727.965784 8.537695e-01 1.058427e+00 2.404879e-01 3.087581e-02 -4.404582e-05 -4.080935e-05 6.000486e-05 -4.467617e-05
11729.971407 8.538231e-01 1.058834e+00 2.398651e-01 3.146722e-02 -4.233663e-05 -3.760725e-05 5.515095e-05 -5.570584e-05
11731.989223 8.501744e-01 1.054982e+00 2.383909e-01 3.085100e-02 -3.646793e-05 -3.815407e-05 5.691986e-05 -5.975989e-05
11734.019231 8.492723e-01 1.054166e+00 2.378844e-01 3.134448e-02 -4.450520e-05 -4.017941e-05 6.108647e-05 -6.066329e-05
11736.061430 8.513877e-01 1.057114e+00 2.385717e-01 3.128246e-02 -4.434631e-05 -3.675166e-05 6.041977e-05 -6.328908e-05
11738.115822 8.525277e-01 1.058848e+00 2.393998e-01 3.120286e-02 -5.032773e-05 -2.917827e-05 5.896096e-05 -5.631567e-05
11740.182405 8.516596e-01 1.058083e+00 2.397132e-01 3.144730e-02 -3.778503e-05 -3.134619e-05 5.525924e-05 -5.862705e-05
11742.261180 8.519574e-01 1.058845e+00 2.405649e-01 3.066204e-02 -3.571150e-05 -3.096354e-05 5.184554e-05 -6.455880e-05
11744.352148 8.496113e-01 1.056168e+00 2.400853e-01 3.120531e-02 -4.487176e-05 -2.845320e-05 5.000346e-05 -6.047302e-05
11746.455307 8.510504e-01 1.058226e+00 2.403790e-01 3.140068e-02 -4.343284e-05 -2.031531e-05 5.279531e-05 -4.927746e-05
11748.570658 8.493625e-01 1.056688e+00 2.393684e-01 3.108704e-02 -3.055920e-05 -1.627046e-05 6.001524e-05 -4.850366e-05
11750.698201 8.501745e-01 1.058095e+00 2.386867e-01 3.179839e-02 -3.345538e-05 -2.566956e-05 6.330473e-05 -5.063782e-05
11752.837935 8.484488e-01 1.056424e+00 2.372614e-01 3.161454e-02 -3.103074e-05 -2.824826e-05 5.774177e-05 -5.055642e-05
11754.989862 8.490301e-01 1.057522e+00 2.369262e-01 3.124602e-02 -2.484360e-05 -3.511869e-05 5.301394e-05 -4.977766e-05
11757.153981 8.475288e-01 1.055779e+00 2.369518e-01 3.136605e-02 -3.969238e-05 -3.365961e-05 5.122691e-05 -5.774547e-05
11759.330291 8.484433e-01 1.057570e+00 2.389497e-01 3.096283e-02 -3.966937e-05 -3.279975e-05 5.082515e-05 -5.503888e-05
11761.518794 8.470680e-01 1.056078e+00 2.412043e-01 3.111131e-02 -3.838813e-05 -3.166921e-05 5.503382e-05 -4.912329e-05
11763.719488 8.481898e-01 1.057839e+00 2.447938e-01 3.106711e-02 -3.549256e-05 -3.284843e-05 5.724642e-05 -5.786364e-05
11765.932374 8.466179e-01 1.056143e+00 2.478762e-01 3.096703e-02 -3.221788e-05 -3.645264e-05 6.168741e-05 -6.052324e-05
11768.157453 8.463047e-01 1.056368e+00 2.508475e-01 3.124468e-02 -3.723939e-05 -4.201813e-05 5.965579e-05 -5.906629e-05
11770.394723 8.412157e-01 1.050551e+00 2.517562e-01 3.134846e-02 -3.692423e-05 -4.005503e-05 6.173120e-05 -6.468697e-05
11772.644185 8.362563e-01 1.044822e+00 2.519978e-01 3.071883e-02 -2.489520e-05 -3.356287e-05 4.786777e-05 -5.806618e-05
11774.905838 8.416886e-01 1.051963e+00 2.550260e-01 3.134081e-02 -3.122283e-05 -3.716704e-05 3.551440e-05 -5.873737e-05
11777.179684 8.447233e-01 1.055904e+00 2.570264e-01 3.162209e-02 -3.231121e-05 -3.546474e-05 4.243719e-05 -6.836323e-05
11779.465722 8.438351e-01 1.055575e+00 2.577005e-01 3.125350e-02 -3.177236e-05 -3.365929e-05 5.155883e-05 -7.219369e-05
11781.763952 8.439354e-01 1.055790e+00 2.582289e-01 3.169694e-02 -3.768465e-05 -3.097751e-05 5.951796e-05 -6.234277e-05
11784.074373 8.426573e-01 1.054876e+00 2.583881e-01 3.118186e-02 -4.822293e-05 -3.582186e-05 6.487228e-05 -6.515403e-05
11786.396987 8.420561e-01 1.054209e+00 2.583507e-01 3.108530e-02 -4.135150e-05 -4.342244e-05 5.276417e-05 -5.796045e-05
11788.731792 8.404198e-01 1.052501e+00 2.579661e-01 3.155057e-02 -3.673898e-05 -4.410335e-05 5.334432e-05 -6.695360e-05
11791.078789 8.411759e-01 1.054010e+00 2.583659e-01 3.118030e-02 -3.612071e-05 -5.812521e-05 4.839111e-05 -5.918448e-05
11793.437978 8.419199e-01 1.055405e+00 2.584432e-01 3.083508e-02 -3.597481e-05 -6.138226e-05 4.723153e-05 -6.303791e-05
11795.809359 8.412445e-01 1.055061e+00 2.577150e-01 3.142350e-02 -3.026817e-05 -5.479162e-05 5.303639e-05 -6.845055e-05
11798.192932 8.399534e-01 1.053521e+00 2.564061e-01 3.120624e-02 -3.272675e-05 -5.292001e-05 6.071591e-05 -7.019710e-05
11800.588697 8.391908e-01 1.053049e+00 2.547722e-01 3.144787e-02 -4.245310e-05 -5.182816e-05 5.231936e-05 -6.686359e-05
11802.996654 8.392521e-01 1.053620e+00 2.530903e-01 3.124826e-02 -4.580989e-05 -6.429265e-05 4.777252e-05 -6.494756e-05
11805.416803 8.391670e-01 1.053986e+00 2.511095e-01 3.141152e-02 -4.647369e-05 -6.344574e-05 5.502850e-05 -5.908723e-05
11807.849143 8.363391e-01 1.050871e+00 2.481522e-01 3.125472e-02 -4.409093e-05 -6.387586e-05 5.936552e-05 -5.888825e-05
11810.293676 8.367402e-01 1.052059e+00 2.464923e-01 3.118934e-02 -4.298105e-05 -5.450968e-05 6.465417e-05 -6.971103e-05
11812.750400 8.376755e-01 1.053265e+00 2.453966e-01 3.156373e-02 -4.553454e-05 -5.917616e-05 6.412708e-05 -7.063329e-05
11815.219317 8.370137e-01 1.053027e+00 2.444345e-01 3.092573e-02 -4.859182e-05 -5.297420e-05 6.342455e-05 -7.495755e-05
11817.700425 8.342692e-01 1.049838e+00 2.437523e-01 3.177920e-02 -4.723623e-05 -5.298285e-05 5.922078e-05 -6.596464e-05
11820.193725 8.340014e-01 1.049964e+00 2.445489e-01 3.048646e-02 -4.445761e-05 -4.557792e-05 5.758688e-05 -7.042810e-05
11822.699217 8.363313e-01 1.053534e+00 2.467106e-01 3.172880e-02 -4.582849e-05 -5.115301e-05 6.078849e-05 -7.601508e-05
11825.216901 8.334867e-01 1.050340e+00 2.476278e-01 3.062610e-02 -4.243366e-05 -4.821339e-05 6.011894e-05 -6.259883e-05
11827.746777 8.320198e-01 1.048923e+00 2.496518e-01 3.180026e-02 -4.775902e-05 -5.722538e-05 6.101834e-05 -6.724223e-05
11830.288845 8.337622e-01 1.051371e+00 2.531092e-01 3.150577e-02 -4.338173e-05 -5.440953e-05 7.035233e-05 -7.100043e-05
11832.843105 8.326016e-01 1.050157e+00 2.560602e-01 3.080412e-02 -4.508714e-05 -4.506287e-05 6.325288e-05 -5.659999e-05
11835.409556 8.320799e-01 1.050328e+00 2.592410e-01 3.151680e-02 -5.747293e-05 -3.337033e-05 5.046049e-05 -6.039830e-05
11837.988200 8.325770e-01 1.051468e+00 2.625436e-01 3.148220e-02 -6.417245e-05 -3.703384e-05 5.846280e-05 -7.302704e-05
11840.579035 8.301971e-01 1.048760e+00 2.641238e-01 3.157093e-02 -6.382576e-05 -4.708539e-05 5.104761e-05 -7.363033e-05
11843.182062 8.303453e-01 1.049645e+00 2.658135e-01 3.133868e-02 -6.610468e-05 -4.700964e-05 6.162963e-05 -7.923475e-05
11845.797282 8.278805e-01 1.046866e+00 2.657026e-01 3.044129e-02 -6.317278e-05 -5.752202e-05 7.116495e-05 -8.213912e-05
11848.424693 8.284206e-01 1.047935e+00 2.662463e-01 3.105770e-02 -5.308715e-05 -5.525419e-05 6.411491e-05 -8.338871e-05
11851.064296 8.290143e-01 1.049255e+00 2.662454e-01 3.046753e-02 -5.024177e-05 -5.410534e-05 5.832532e-05 -7.176288e-05
11853.716091 8.291891e-01 1.049829e+00 2.658306e-01 3.102803e-02 -4.811285e-05 -4.430048e-05 6.047126e-05 -6.861473e-05
11856.380078 8.265016e-01 1.046877e+00 2.646553e-01 3.132537e-02 -5.910832e-05 -4.369489e-05 4.922750e-05 -5.702450e-05
11859.056256 8.269635e-01 1.047666e+00 2.650854e-01 3.135955e-02 -6.205000e-05 -5.196585e-05 4.537942e-05 -5.676722e-05
11861.744627 8.239111e-01 1.044683e+00 2.651270e-01 3.154990e-02 -6.090933e-05 -5.481164e-05 4.724541e-05 -6.596462e-05
11864.445190 8.219693e-01 1.042647e+00 2.657663e-01 3.073459e-02 -6.529555e-05 -4.920213e-05 5.307535e-05 -6.384929e-05
11867.157944 8.250878e-01 1.046937e+00 2.680549e-01 3.109287e-02 -6.416073e-05 -4.813583e-05 6.379566e-05 -6.287850e-05
11869.882891 8.226840e-01 1.044467e+00 2.680584e-01 3.058914e-02 -6.212580e-05 -5.315866e-05 6.698829e-05 -7.947100e-05
11872.620029 8.231418e-01 1.045392e+00 2.683329e-01 3.126748e-02 -6.479479e-05 -5.073632e-05 7.690913e-05 -7.995593e-05
11875.369359 8.230887e-01 1.045760e+00 2.677329e-01 3.078786e-02 -6.236873e-05 -4.728375e-05 6.707209e-05 -6.469940e-05
11878.130881 8.225556e-01 1.045398e+00 2.664941e-01 3.098153e-02 -6.191349e-05 -5.186155e-05 6.100799e-05 -7.523797e-05
11880.904595 8.163933e-01 1.038493e+00 2.635615e-01 3.111547e-02 -5.304612e-05 -5.896094e-05 5.803043e-05 -7.520463e-05
11883.690501 8.140205e-01 1.036074e+00 2.615479e-01 3.108740e-02 -5.034571e-05 -5.594580e-05 5.655311e-05 -7.422351e-05
11886.488599 8.204879e-01 1.044458e+00 2.627277e-01 3.091068e-02 -4.799011e-05 -5.669387e-05 4.544841e-05 -7.240447e-05
11889.298889 8.211864e-01 1.045837e+00 2.617906e-01 3.078302e-02 -3.453584e-05 -5.055195e-05 5.107492e-05 -6.943616e-05
11892.121371 8.208036e-01 1.045987e+00 2.610998e-01 3.115546e-02 -3.742675e-05 -4.940296e-05 5.524891e-05 -6.726146e-05
11894.956044 8.187238e-01 1.043461e+00 2.599367e-01 3.082845e-02 -5.039780e-05 -4.677718e-05 5.417013e-05 -6.275371e-05
11897.802910 8.192996e-01 1.044631e+00 2.604685e-01 3.136659e-02 -4.007285e-05 -3.929277e-05 6.185720e-05 -6.670769e-05
11900.661967 8.190168e-01 1.045081e+00 2.612938e-01 3.114936e-02 -4.322968e-05 -4.502882e-05 5.615252e-05 -8.314335e-05
11903.533217 8.190946e-01 1.045467e+00 2.630223e-01 3.167492e-02 -4.980718e-05 -4.644415e-05 6.431947e-05 -8.006991e-05
11906.416658 8.166462e-01 1.042897e+00 2.647115e-01 3.100373e-02 -5.032918e-05 -5.252774e-05 6.467988e-05 -7.994746e-05
11909.312291 8.166900e-01 1.043524e+00 2.678738e-01 3.134688e-02 -5.320815e-05 -5.675891e-05 6.033425e-05 -7.960259e-05
11912.220116 8.162149e-01 1.043578e+00 2.708733e-01 3.089353e-02 -4.882521e-05 -5.573187e-05 6.833269e-05 -7.679484e-05
11915.140133 8.151773e-01 1.042385e+00 2.732727e-01 3.098012e-02 -3.989860e-05 -5.696901e-05 7.678969e-05 -6.967351e-05
11918.072342 8.150354e-01 1.042730e+00 2.756441e-01 3.101249e-02 -4.171591e-05 -5.706021e-05 7.780700e-05 -6.712642e-05
11921.016743 8.141144e-01 1.041769e+00 2.768565e-01 3.154950e-02 -4.107903e-05 -6.223055e-05 7.761139e-05 -6.071678e-05
11923.973335 8.145543e-01 1.042867e+00 2.780239e-01 3.040220e-02 -4.226370e-05 -6.279493e-05 7.448757e-05 -6.364350e-05
11926.942120 8.127446e-01 1.041294e+00 2.778033e-01 3.105053e-02 -5.173820e-05 -7.046230e-05 7.130893e-05 -6.794756e-05
11929.923096 8.139253e-01 1.042924e+00 2.783497e-01 3.113262e-02 -5.285967e-05 -6.450720e-05 7.147530e-05 -8.588640e-05
11932.916265 8.117109e-01 1.040599e+00 2.774511e-01 3.094251e-02 -4.995139e-05 -6.222953e-05 8.038177e-05 -7.495247e-05
11935.921625 8.029406e-01 1.030197e+00 2.746747e-01 3.070527e-02 -4.947593e-05 -5.207115e-05 7.549554e-05 -7.579036e-05
11938.939177 8.056637e-01 1.034069e+00 2.757634e-01 3.089410e-02 -5.387509e-05 -5.226970e-05 7.269467e-05 -8.040657e-05
11941.968921 8.098454e-01 1.039766e+00 2.774433e-01 3.088039e-02 -4.699418e-05 -5.427095e-05 8.284950e-05 -7.186845e-05
11945.010858 8.095616e-01 1.039817e+00 2.778603e-01 3.112673e-02 -4.589629e-05 -5.276120e-05 8.791156e-05 -7.301406e-05
11948.064985 8.090204e-01 1.039816e+00 2.786195e-01 3.058418e-02 -4.462569e-05 -5.667025e-05 9.436413e-05 -7.920334e-05
11951.131305 8.087158e-01 1.039817e+00 2.796346e-01 3.111784e-02 -4.043528e-05 -6.573881e-05 8.411348e-05 -7.817639e-05
11954.209817 8.090140e-01 1.040723e+00 2.812038e-01 3.087271e-02 -3.489452e-05 -5.776420e-05 7.535768e-05 -7.947627e-05
11957.300521 8.065153e-01 1.038147e+00 2.812927e-01 3.118069e-02 -3.533908e-05 -6.203719e-05 7.273712e-05 -7.939405e-05
11960.403416 8.067702e-01 1.038947e+00 2.818830e-01 3.108003e-02 -3.281634e-05 -6.676481e-05 6.825829e-05 -7.788998e-05
11963.518504 8.068685e-01 1.039569e+00 2.816418e-01 3.112373e-02 -3.481736e-05 -6.935958e-05 6.836776e-05 -8.581304e-05
11966.645783 8.058196e-01 1.038719e+00 2.807050e-01 3.102713e-02 -5.122318e-05 -6.351375e-05 7.080083e-05 -8.763511e-05
11969.785255 8.055289e-01 1.038753e+00 2.800150e-01 3.109044e-02 -5.863092e-05 -5.739092e-05 7.781972e-05 -8.467013e-05
11972.936918 8.037228e-01 1.037158e+00 2.791994e-01 3.060064e-02 -6.577379e-05 -4.402746e-05 7.939746e-05 -8.436539e-05
11976.100773 8.038086e-01 1.037542e+00 2.791291e-01 3.110925e-02 -6.191593e-05 -4.809999e-05 7.015653e-05 -7.954064e-05
11979.276820 8.041765e-01 1.038518e+00 2.794868e-01 3.096939e-02 -4.906047e-05 -4.761239e-05 7.025843e-05 -8.435771e-05
11982.465059 8.005301e-01 1.034612e+00 2.786122e-01 3.059440e-02 -5.062794e-05 -4.402239e-05 6.928118e-05 -7.573298e-05
11985.665490 8.019226e-01 1.036813e+00 2.794839e-01 3.075092e-02 -5.917299e-05 -4.882262e-05 7.234999e-05 -8.163143e-05
11988.878112 8.017282e-01 1.037021e+00 2.795580e-01 3.090370e-02 -5.878931e-05 -4.766318e-05 7.235102e-05 -8.638774e-05
11992.102927 7.994241e-01 1.034515e+00 2.791567e-01 3.087368e-02 -4.834612e-05 -5.483725e-05 6.632905e-05 -7.590606e-05
11995.339934 7.999401e-01 1.035730e+00 2.803587e-01 3.108338e-02 -4.824058e-05 -5.461347e-05 6.933712e-05 -7.001201e-05
11998.589132 7.990350e-01 1.035169e+00 2.814813e-01 3.045926e-02 -4.907378e-05 -5.716086e-05 7.798950e-05 -7.531591e-05
12001.850523 7.984980e-01 1.034779e+00 2.831295e-01 3.105511e-02 -5.856463e-05 -5.777166e-05 7.880697e-05 -7.215318e-05
12005.124105 7.978669e-01 1.034712e+00 2.853223e-01 3.087056e-02 -6.021619e-05 -5.514769e-05 7.462501e-05 -7.540999e-05
12008.409879 7.970291e-01 1.034323e+00 2.878271e-01 3.078677e-02 -6.172914e-05 -5.612947e-05 7.288698e-05 -7.445549e-05
12011.707845 7.966208e-01 1.034372e+00 2.906101e-01 3.071282e-02 -5.481991e-05 -4.754111e-05 7.359535e-05 -7.776099e-05
12015.018003 7.957051e-01 1.033689e+00 2.932042e-01 3.088764e-02 -5.578897e-05 -4.854185e-05 7.038418e-05 -8.057230e-05
12018.340353 7.953765e-01 1.033546e+00 2.954583e-01 3.083263e-02 -5.103596e-05 -5.141095e-05 6.456453e-05 -6.972537e-05
12021.674895 7.942189e-01 1.032595e+00 2.966715e-01 3.102465e-02 -5.634073e-05 -5.198288e-05 7.071432e-05 -6.507002e-05
12025.021629 7.942673e-01 1.033284e+00 2.976824e-01 3.088933e-02 -6.363396e-05 -4.729025e-05 6.656882e-05 -7.629273e-05
12028.380554 7.937931e-01 1.033216e+00 2.981458e-01 3.080913e-02 -6.052600e-05 -5.153199e-05 7.580237e-05 -7.220935e-05
12031.751672 7.929946e-01 1.032876e+00 2.980573e-01 3.064914e-02 -6.940384e-05 -5.392354e-05 7.767090e-05 -6.353624e-05
12035.134982 7.916789e-01 1.031696e+00 2.975286e-01 3.104497e-02 -5.783154e-05 -4.249161e-05 6.467101e-05 -6.342859e-05
12038.530483 7.910967e-01 1.031526e+00 2.973368e-01 3.136125e-02 -6.114752e-05 -4.214141e-05 5.932371e-05 -6.639611e-05
12041.938176 7.903811e-01 1.031179e+00 2.970848e-01 3.046729e-02 -5.396709e-05 -5.204559e-05 5.684020e-05 -7.843681e-05
12045.358061 7.843926e-01 1.023915e+00 2.948558e-01 3.066547e-02 -5.442965e-05 -5.587004e-05 4.713936e-05 -7.840154e-05
12048.790139 7.775650e-01 1.016061e+00 2.923829e-01 3.010234e-02 -5.278996e-05 -5.433860e-05 5.571120e-05 -6.947910e-05
12052.234408 7.869792e-01 1.028355e+00 2.961234e-01 3.084847e-02 -5.377224e-05 -5.322845e-05 6.522341e-05 -7.349375e-05
12055.690868 7.875257e-01 1.029291e+00 2.961522e-01 3.078374e-02 -5.449729e-05 -5.428972e-05 5.338230e-05 -7.481059e-05
12059.159521 7.859203e-01 1.028009e+00 2.957712e-01 3.087219e-02 -5.993600e-05 -5.362719e-05 6.653034e-05 -7.158202e-05
12062.640366 7.865493e-01 1.029180e+00 2.963229e-01 3.130115e-02 -5.823548e-05 -6.990114e-05 7.240996e-05 -8.076902e-05
12066.133403 7.849810e-01 1.027916e+00 2.962671e-01 3.081464e-02 -6.590131e-05 -7.219722e-05 7.927132e-05 -6.780926e-05
12069.638631 7.851598e-01 1.028488e+00 2.969234e-01 3.056468e-02 -6.259939e-05 -7.729371e-05 7.433475e-05 -6.482644e-05
12073.156052 7.842109e-01 1.027825e+00 2.972906e-01 3.031788e-02 -5.209313e-05 -6.213598e-05 7.960551e-05 -6.086458e-05
12076.685664 7.836007e-01 1.027448e+00 2.975639e-01 3.091518e-02 -5.313411e-05 -5.563082e-05 7.129408e-05 -6.088805e-05
12080.227468 7.827667e-01 1.026982e+00 2.978704e-01 3.079262e-02 -5.816765e-05 -5.426778e-05 8.247113e-05 -6.741938e-05
12083.781465 7.809359e-01 1.025278e+00 2.981488e-01 3.076002e-02 -5.093720e-05 -5.029148e-05 7.749052e-05 -6.392111e-05
12087.347653 7.792631e-01 1.023720e+00 2.988154e-01 3.080147e-02 -4.740311e-05 -5.036342e-05 7.805286e-05 -5.379161e-05
12090.926033 7.815928e-01 1.027244e+00 3.012654e-01 3.073912e-02 -5.381237e-05 -5.411594e-05 8.536540e-05 -4.859542e-05
12094.516605 7.796608e-01 1.025191e+00 3.022048e-01 3.105357e-02 -6.334368e-05 -5.118019e-05 8.215601e-05 -4.862677e-05
12098.119369 7.790936e-01 1.025137e+00 3.039332e-01 3.090679e-02 -6.179108e-05 -6.429437e-05 6.840251e-05 -5.487091e-05
12101.734324 7.788547e-01 1.025443e+00 3.055222e-01 3.087757e-02 -5.622023e-05 -6.609737e-05 6.601371e-05 -6.137107e-05
12105.361472 7.779103e-01 1.024734e+00 3.068326e-01 3.075718e-02 -5.627225e-05 -7.210498e-05 6.989836e-05 -6.254269e-05
12109.000811 7.764127e-01 1.023447e+00 3.079138e-01 3.044517e-02 -5.463183e-05 -7.219267e-05 7.198370e-05 -5.227774e-05
12112.652343 7.762447e-01 1.023874e+00 3.095040e-01 3.070829e-02 -5.012284e-05 -6.857418e-05 7.773554e-05 -5.801108e-05
12116.316066 7.753355e-01 1.023260e+00 3.106694e-01 3.090172e-02 -5.643964e-05 -6.047883e-05 8.094126e-05 -5.906783e-05
12119.991982 7.738905e-01 1.021843e+00 3.116998e-01 3.119201e-02 -5.496555e-05 -4.855318e-05 7.557220e-05 -6.479748e-05
12123.680089 7.743694e-01 1.022877e+00 3.134829e-01 3.076137e-02 -4.928273e-05 -4.447824e-05 7.022628e-05 -6.349148e-05
12127.380388 7.731667e-01 1.021945e+00 3.147515e-01 3.070784e-02 -4.772636e-05 -4.455473e-05 6.656416e-05 -6.021337e-05
12131.092879 7.714752e-01 1.020220e+00 3.154493e-01 3.130843e-02 -4.736873e-05 -5.264744e-05 7.301742e-05 -6.717564e-05
12134.817562 7.727514e-01 1.022557e+00 3.172648e-01 3.090135e-02 -4.910353e-05 -5.337122e-05 8.229580e-05 -6.586778e-05
12138.554437 7.708663e-01 1.020783e+00 3.173797e-01 3.069067e-02 -5.475267e-05 -5.644072e-05 7.262627e-05 -6.177449e-05
12142.303503 7.698989e-01 1.020067e+00 3.176447e-01 3.055706e-02 -5.686273e-05 -5.520244e-05 6.474752e-05 -6.020764e-05
12146.064762 7.702812e-01 1.021031e+00 3.184316e-01 3.062467e-02 -6.558584e-05 -5.662172e-05 6.451198e-05 -6.555364e-05
12149.838213 7.672908e-01 1.017717e+00 3.175675e-01 3.053512e-02 -6.806436e-05 -5.623881e-05 6.326999e-05 -6.230989e-05
12153.623855 7.676969e-01 1.018841e+00 3.184000e-01 3.034196e-02 -6.250768e-05 -4.461111e-05 7.469334e-05 -6.969847e-05
12157.421689 7.680274e-01 1.019821e+00 3.188529e-01 3.071175e-02 -6.249012e-05 -4.409718e-05 7.436495e-05 -7.514687e-05
12161.231716 7.660291e-01 1.017736e+00 3.182707e-01 3.051942e-02 -6.512356e-05 -5.167009e-05 7.521870e-05 -6.585131e-05
12165.053934 7.661345e-01 1.018583e+00 3.185706e-01 3.100361e-02 -6.455744e-05 -5.566995e-05 6.702423e-05 -7.475970e-05
12168.888344 7.635640e-01 1.015678e+00 3.178261e-01 3.030618e-02 -6.370176e-05 -4.842628e-05 6.670760e-05 -6.834910e-05
12172.734946 7.649990e-01 1.018074e+00 3.188532e-01 3.075616e-02 -5.783950e-05 -4.287593e-05 7.390203e-05 -6.423605e-05
12176.593740 7.638003e-01 1.017016e+00 3.188179e-01 3.095944e-02 -4.641136e-05 -4.695075e-05 7.349822e-05 -5.901269e-05
12180.464726 7.620576e-01 1.015311e+00 3.186315e-01 3.063962e-02 -4.413514e-05 -5.791356e-05 6.270871e-05 -6.978224e-05
12184.347903 7.628480e-01 1.016950e+00 3.195063e-01 3.056091e-02 -3.962919e-05 -5.938256e-05 7.099312e-05 -7.196031e-05
12188.243273 7.606094e-01 1.014409e+00 3.193450e-01 3.078527e-02 -4.442361e-05 -5.248042e-05 6.829410e-05 -7.008641e-05
12192.150835 7.620498e-01 1.017151e+00 3.210588e-01 3.043738e-02 -5.393326e-05 -4.914666e-05 6.801768e-05 -7.633775e-05
12196.070588 7.591710e-01 1.013877e+00 3.211447e-01 3.067738e-02 -5.391120e-05 -5.226786e-05 6.465185e-05 -7.364081e-05
12200.002533 7.584428e-01 1.013615e+00 3.221963e-01 3.063581e-02 -5.060594e-05 -5.542486e-05 5.943328e-05 -7.459703e-05
12203.946671 7.575967e-01 1.013045e+00 3.235420e-01 3.042807e-02 -4.530290e-05 -5.101627e-05 6.562203e-05 -8.234810e-05
12207.903000 7.564458e-01 1.012283e+00 3.249502e-01 3.024971e-02 -4.013922e-05 -5.398721e-05 5.232537e-05 -7.827830e-05
12211.871521 7.565805e-01 1.012967e+00 3.269028e-01 3.073160e-02 -4.130639e-05 -5.641613e-05 4.981098e-05 -7.142018e-05
12215.852234 7.566580e-01 1.013602e+00 3.289410e-01 3.046717e-02 -4.247276e-05 -5.608910e-05 5.710044e-05 -7.636380e-05
12219.845139 7.552806e-01 1.012582e+00 3.301632e-01 3.062826e-02 -3.537758e-05 -4.827463e-05 6.544960e-05 -6.436733e-05
12223.850236 7.546240e-01 1.012352e+00 3.315325e-01 3.071367e-02 -3.834866e-05 -5.214674e-05 6.042768e-05 -8.112074e-05
12227.867524 7.456226e-01 1.000913e+00 3.288845e-01 3.012281e-02 -4.434287e-05 -6.060406e-05 5.555751e-05 -8.562302e-05
12231.897005 7.366682e-01 9.898922e-01 3.264643e-01 3.019614e-02 -4.304150e-05 -6.301942e-05 6.232085e-05 -8.245672e-05
12235.938678 7.499541e-01 1.007638e+00 3.337509e-01 3.057438e-02 -4.294412e-05 -5.768435e-05 7.505261e-05 -7.568483e-05
12239.992542 7.500361e-01 1.008480e+00 3.352151e-01 3.050677e-02 -5.640964e-05 -6.415932e-05 7.294129e-05 -7.934712e-05
12244.058598 7.501592e-01 1.009202e+00 3.367234e-01 3.029420e-02 -5.599317e-05 -6.275434e-05 5.821398e-05 -8.957600e-05
12248.136847 7.500522e-01 1.009422e+00 3.382210e-01 3.040008e-02 -6.348811e-05 -6.615932e-05 6.357102e-05 -8.182137e-05
12252.227287 7.477186e-01 1.007171e+00 3.389328e-01 3.015141e-02 -6.188813e-05 -6.848144e-05 6.440206e-05 -7.790512e-05
12256.329919 7.474669e-01 1.007174e+00 3.405083e-01 3.038988e-02 -5.263239e-05 -5.998654e-05 6.602199e-05 -7.565313e-05
12260.444743 7.475579e-01 1.007922e+00 3.421254e-01 3.025666e-02 -4.872043e-05 -5.927892e-05 6.549645e-05 -6.950751e-05
12264.571759 7.467963e-01 1.007670e+00 3.431988e-01 3.009796e-02 -4.518008e-05 -5.008409e-05 6.259517e-05 -7.591699e-05
12268.710967 7.459655e-01 1.007224e+00 3.439170e-01 3.038080e-02 -4.656079e-05 -4.520175e-05 6.781008e-05 -7.280469e-05
12272.862366 7.460373e-01 1.007808e+00 3.446660e-01 3.050875e-02 -4.649134e-05 -4.954395e-05 6.758334e-05 -6.306033e-05
12277.025958 7.435452e-01 1.005224e+00 3.441645e-01 3.025137e-02 -5.648469e-05 -5.631005e-05 5.539588e-05 -6.238197e-05
12281.201742 7.434072e-01 1.005752e+00 3.444700e-01 3.041317e-02 -5.715450e-05 -6.786837e-05 5.719992e-05 -6.382119e-05
12285.389717 7.431209e-01 1.005910e+00 3.444958e-01 3.038074e-02 -5.503689e-05 -6.370231e-05 5.837597e-05 -6.076940e-05
12289.589884 7.412529e-01 1.003887e+00 3.436833e-01 3.069336e-02 -5.202306e-05 -6.442698e-05 6.306847e-05 -6.135696e-05
12293.802244 7.412634e-01 1.004480e+00 3.439391e-01 3.050754e-02 -4.388735e-05 -6.422086e-05 5.697463e-05 -7.068419e-05
12298.026795 7.393900e-01 1.002598e+00 3.433897e-01 3.075711e-02 -4.839545e-05 -4.800885e-05 5.220181e-05 -7.513532e-05
12302.263538 7.375349e-01 1.000731e+00 3.430337e-01 3.043354e-02 -4.663344e-05 -5.677275e-05 5.697434e-05 -7.283726e-05
12306.512473 7.384856e-01 1.002804e+00 3.444395e-01 3.045468e-02 -4.429376e-05 -5.835785e-05 6.333588e-05 -8.387199e-05
12310.773600 7.374801e-01 1.002107e+00 3.450334e-01 3.053584e-02 -5.596565e-05 -6.086626e-05 5.873262e-05 -7.011254e-05
12315.046919 7.372383e-01 1.001916e+00 3.459963e-01 3.034980e-02 -6.372736e-05 -5.813586e-05 6.208315e-05 -7.974897e-05
12319.332429 7.352501e-01 1.000123e+00 3.467569e-01 3.037521e-02 -5.837172e-05 -5.845844e-05 6.711846e-05 -8.232949e-05
12323.630132 7.197514e-01 9.804859e-01 3.412993e-01 2.981604e-02 -6.398151e-05 -6.009910e-05 7.814129e-05 -7.879683e-05
12327.940026 7.267365e-01 9.902841e-01 3.466711e-01 3.044518e-02 -5.452962e-05 -6.631559e-05 6.486837e-05 -8.003375e-05
12332.262113 7.328683e-01 9.989119e-01 3.518615e-01 3.032988e-02 -5.172517e-05 -6.864136e-05 6.244501e-05 -8.199803e-05
12336.596391 7.331588e-01 9.998770e-01 3.542019e-01 3.038983e-02 -5.005944e-05 -6.929346e-05 5.733817e-05 -7.836749e-05
12340.942861 7.324187e-01 9.992923e-01 3.559146e-01 3.057153e-02 -4.629001e-05 -7.472501e-05 5.989699e-05 -8.229822e-05
12345.301524 7.309195e-01 9.979132e-01 3.571418e-01 3.032297e-02 -4.674244e-05 -8.472069e-05 6.392311e-05 -6.847932e-05
12349.672378 7.296806e-01 9.969657e-01 3.582838e-01 3.021666e-02 -4.688277e-05 -8.202406e-05 6.064190e-05 -5.438315e-05
12354.055424 7.299341e-01 9.978679e-01 3.600876e-01 3.028517e-02 -4.834674e-05 -8.624565e-05 6.097788e-05 -5.281133e-05
12358.450662 7.291968e-01 9.974391e-01 3.612415e-01 3.033955e-02 -4.630429e-05 -7.950088e-05 6.101946e-05 -5.633207e-05
12362.858091 7.270604e-01 9.949446e-01 3.614704e-01 3.042578e-02 -4.261033e-05 -8.564774e-05 5.160380e-05 -6.100078e-05
12367.277713 7.272250e-01 9.960162e-01 3.631093e-01 3.044497e-02 -5.415723e-05 -8.168015e-05 5.219516e-05 -6.212847e-05
12371.709527 7.242905e-01 9.928359e-01 3.631746e-01 3.044881e-02 -5.000914e-05 -8.526698e-05 4.808826e-05 -5.254533e-05
12376.153532 7.200235e-01 9.877907e-01 3.625990e-01 3.049021e-02 -4.240242e-05 -8.647944e-05 4.362424e-05 -3.361395e-05
12380.609730 7.245211e-01 9.944130e-01 3.662878e-01 3.045699e-02 -5.668923e-05 -7.657278e-05 5.552463e-05 -3.471141e-05
12385.078119 7.243665e-01 9.946926e-01 3.675500e-01 3.017801e-02 -6.673639e-05 -7.243067e-05 5.318023e-05 -4.204713e-05
12389.558700 7.234235e-01 9.939555e-01 3.685536e-01 3.027673e-02 -4.915686e-05 -7.760041e-05 4.656322e-05 -5.303030e-05
12394.051473 7.220038e-01 9.928341e-01 3.692370e-01 3.046596e-02 -3.930453e-05 -7.451547e-05 5.902983e-05 -5.799112e-05
12398.556438 7.217974e-01 9.932954e-01 3.704374e-01 3.027157e-02 -4.908977e-05 -7.490643e-05 6.245977e-05 -4.784754e-05
12403.073595 7.203508e-01 9.918104e-01 3.708227e-01 3.024737e-02 -5.041526e-05 -7.621594e-05 6.238386e-05 -4.239804e-05
12407.602944 7.195773e-01 9.913091e-01 3.715372e-01 3.032291e-02 -4.550524e-05 -6.877042e-05 5.418951e-05 -4.976667e-05
12412.144485 7.189575e-01 9.910275e-01 3.722930e-01 3.023781e-02 -4.378038e-05 -6.004319e-05 6.239852e-05 -4.636834e-05
12416.698218 7.187940e-01 9.914728e-01 3.732441e-01 3.019522e-02 -4.938586e-05 -6.090777e-05 6.009420e-05 -3.914062e-05
12421.264142 7.174142e-01 9.902135e-01 3.734788e-01 3.039044e-02 -6.277709e-05 -5.593699e-05 5.671883e-05 -5.027090e-05
12425.842259 7.170221e-01 9.903338e-01 3.743468e-01 3.030110e-02 -5.724352e-05 -5.742602e-05 6.065853e-05 -4.823309e-05
12430.432567 7.154425e-01 9.889200e-01 3.744962e-01 3.012331e-02 -4.879669e-05 -5.490045e-05 6.075610e-05 -5.227053e-05
12435.035068 7.153050e-01 9.894755e-01 3.754406e-01 3.003123e-02 -5.297602e-05 -5.558994e-05 6.240094e-05 -4.552553e-05
12439.649760 7.152706e-01 9.900346e-01 3.763975e-01 3.030802e-02 -4.923567e-05 -5.155852e-05 6.493351e-05 -4.161302e-05
12444.276644 7.153228e-01 9.906489e-01 3.775683e-01 3.013019e-02 -5.901469e-05 -5.012673e-05 6.407740e-05 -5.181369e-05
12448.915720 7.144143e-01 9.899749e-01 3.784907e-01 3.039404e-02 -6.163458e-05 -5.707297e-05 5.486371e-05 -6.195740e-05
12453.566988 7.135312e-01 9.894834e-01 3.794862e-01 3.057636e-02 -6.200212e-05 -6.338341e-05 5.394876e-05 -5.357711e-05
12458.230448 7.127810e-01 9.892950e-01 3.807498e-01 3.051189e-02 -6.622044e-05 -4.902786e-05 4.360318e-05 -5.318448e-05
12462.906100 7.122393e-01 9.890442e-01 3.820784e-01 3.022414e-02 -6.306854e-05 -5.693785e-05 4.230866e-05 -5.425772e-05
12467.593943 7.110812e-01 9.881613e-01 3.832605e-01 3.023810e-02 -6.142256e-05 -5.333843e-05 5.561977e-05 -5.312145e-05
12472.293979 7.108049e-01 9.884138e-01 3.850231e-01 3.035927e-02 -5.499805e-05 -5.087428e-05 5.228499e-05 -4.166735e-05
12477.006206 7.100871e-01 9.879302e-01 3.864897e-01 3.018915e-02 -5.889088e-05 -6.143884e-05 4.595500e-05 -3.860710e-05
12481.730626 7.092110e-01 9.873560e-01 3.880166e-01 3.033074e-02 -6.315600e-05 -5.995282e-05 4.954913e-05 -5.296947e-05
12486.467237 7.082023e-01 9.865796e-01 3.894227e-01 3.032514e-02 -5.475353e-05 -5.836520e-05 5.615592e-05 -4.706629e-05
12491.216040 7.067752e-01 9.854078e-01 3.907065e-01 3.029578e-02 -5.353449e-05 -5.476198e-05 5.282718e-05 -5.143282e-05
12495.977036 7.070320e-01 9.863186e-01 3.929990e-01 3.045230e-02 -5.218384e-05 -5.621547e-05 4.515902e-05 -4.529753e-05
12500.750223 7.063318e-01 9.859320e-01 3.946078e-01 3.032256e-02 -4.962523e-05 -5.189036e-05 4.689142e-05 -4.359545e-05
12505.535602 7.052743e-01 9.852178e-01 3.958615e-01 3.032737e-02 -4.056939e-05 -3.936262e-05 4.957543e-05 -5.913454e-05
12510.333172 7.041842e-01 9.843997e-01 3.970603e-01 3.010263e-02 -3.749242e-05 -4.212568e-05 5.732903e-05 -5.303549e-05
12515.142935 7.033516e-01 9.838836e-01 3.982911e-01 3.024157e-02 -4.228541e-05 -4.665305e-05 6.034220e-05 -4.225070e-05
12519.964890 7.022376e-01 9.830634e-01 3.993459e-01 3.009779e-02 -4.290400e-05 -5.233619e-05 4.815816e-05 -4.782490e-05
12524.799037 7.010839e-01 9.820657e-01 4.002154e-01 3.002441e-02 -4.135108e-05 -4.832298e-05 4.948756e-05 -6.165527e-05
12529.645375 6.505906e-01 9.118820e-01 3.727278e-01 2.799550e-02 -4.693077e-05 -5.346251e-05 4.889242e-05 -5.308455e-05
12534.503905 1.303471e-01 1.827486e-01 7.480059e-02 5.593472e-03 -8.991310e-06 -1.112506e-05 1.033285e-05 -1.144268e-05
