# Facility: NSLS-II
# Beamline: QAS
# Year: 2022
# Cycle: 2
# SAF: 309618
# PI: Wang
# Proposal: 309017
# Scan ID: 52205
# UID: 43a38a83-20f9-4247-9ecf-25e68fa64327
# Comment: 
# Start time: 07/18/2022  09:44:36
# Stop time: 07/18/2022  09:45:07
# Total time: 00:31
# Trajectory name: Pt-L3-30s-11564.txt
# Element: Platinum ( 78)
# Edge: L3
# E0: 11564
# Reference Foil Element: Pt
# Keithley Gains I0: 1E7 V/A It: 1E6 V/A Iref: 1E7 V/A PIPS: 1E8 V/A 
# Ion Chamber Gas Flow Rates: I0: 0.00 sccm He + 99.70 sccm N2 + 0.00 sccm Ar 
# Ion Chamber Gas Flow Rates: It&Iref: 89.80 sccm N2 + 210.20 sccm Ar
# Incident Beam Path Vertical: -27.99 mm
# Incident Slits Positions B: TOP: 1.0 mm Bottom: -1.0 mm Inboard: -2.0 mm Outboard: 2.0 mm
# Sample Stage Positions: Rotation: 45.0 deg Horizontal: 0.00 mm Vertical: -20.00 mm Beam Direction: 0.00 mm
# PerkinElmer Vertical Position: 500.00 mm
# Front End Mirror Horizontal Positions: Up: -14.00 mm Down: -14.00 mm
#
# energy  i0  it  ir  iff  aux1  aux2  aux3  aux4
10491.655896 4.729164e-01 5.443109e-01 6.357704e-01 1.578801e-02 -2.086152e-05 -1.856917e-05 1.561330e-05 -2.757817e-05
10496.655896 9.343368e-01 1.076154e+00 1.259676e+00 3.126335e-02 -4.263848e-05 -4.105112e-05 2.915928e-05 -5.053660e-05
10501.655896 9.369650e-01 1.080492e+00 1.268291e+00 3.132706e-02 -3.957587e-05 -4.358046e-05 3.333214e-05 -4.376792e-05
10506.655896 9.356544e-01 1.080065e+00 1.271720e+00 3.129526e-02 -4.214608e-05 -4.571244e-05 4.482943e-05 -4.803922e-05
10511.655896 9.335295e-01 1.078792e+00 1.274049e+00 3.123472e-02 -4.171798e-05 -4.671263e-05 4.328086e-05 -4.572531e-05
10516.655896 9.327275e-01 1.078973e+00 1.278166e+00 3.123797e-02 -4.723660e-05 -4.427334e-05 4.169577e-05 -4.446350e-05
10521.655896 9.308329e-01 1.077948e+00 1.280861e+00 3.119573e-02 -4.149697e-05 -3.708970e-05 5.076428e-05 -4.550134e-05
10526.655896 9.246120e-01 1.072102e+00 1.277511e+00 3.105279e-02 -3.556751e-05 -3.170970e-05 4.134729e-05 -4.134473e-05
10531.655896 9.160620e-01 1.063603e+00 1.270875e+00 3.104622e-02 -3.781412e-05 -3.478324e-05 3.873490e-05 -3.976971e-05
10536.655896 9.275729e-01 1.077519e+00 1.292144e+00 3.142132e-02 -3.417068e-05 -3.552161e-05 3.554618e-05 -4.220139e-05
10541.655896 9.250398e-01 1.075633e+00 1.293617e+00 3.132361e-02 -4.102615e-05 -4.528888e-05 4.007708e-05 -3.784288e-05
10546.655896 9.245713e-01 1.076207e+00 1.298161e+00 3.129331e-02 -5.282723e-05 -4.689393e-05 4.495914e-05 -4.080431e-05
10551.655896 9.233374e-01 1.075932e+00 1.301660e+00 3.129696e-02 -6.061325e-05 -4.428268e-05 5.184714e-05 -3.996861e-05
10556.655896 9.215075e-01 1.074874e+00 1.304100e+00 3.132425e-02 -5.148510e-05 -4.524706e-05 5.126719e-05 -4.615752e-05
10561.655896 9.191890e-01 1.073474e+00 1.306091e+00 3.110462e-02 -4.798870e-05 -4.858721e-05 5.736929e-05 -3.839389e-05
10566.655896 9.164128e-01 1.071455e+00 1.307180e+00 3.122738e-02 -4.550152e-05 -4.999000e-05 5.184239e-05 -3.161546e-05
10571.655896 9.164646e-01 1.072611e+00 1.312171e+00 3.138830e-02 -4.745664e-05 -4.801651e-05 4.567299e-05 -4.311585e-05
10576.655896 9.154217e-01 1.072594e+00 1.315532e+00 3.148386e-02 -5.366106e-05 -3.982304e-05 4.283429e-05 -3.515885e-05
10581.655896 9.105294e-01 1.068181e+00 1.313040e+00 3.104687e-02 -5.083103e-05 -3.640564e-05 4.119288e-05 -2.630814e-05
10586.655896 8.953424e-01 1.051903e+00 1.295131e+00 3.046742e-02 -4.387523e-05 -3.943503e-05 3.876567e-05 -2.580598e-05
10591.655896 9.116152e-01 1.071518e+00 1.322824e+00 3.128137e-02 -4.323366e-05 -3.749029e-05 5.282794e-05 -3.318915e-05
10596.655896 9.119372e-01 1.072876e+00 1.326853e+00 3.137694e-02 -4.010085e-05 -3.534876e-05 5.198407e-05 -3.798568e-05
10601.655896 9.097341e-01 1.071512e+00 1.326782e+00 3.118120e-02 -3.527696e-05 -4.277803e-05 4.335000e-05 -4.032377e-05
10606.655896 9.084320e-01 1.071016e+00 1.327050e+00 3.128855e-02 -3.471563e-05 -4.422170e-05 5.147034e-05 -3.886557e-05
10611.655896 9.072567e-01 1.070738e+00 1.326263e+00 3.114609e-02 -3.178471e-05 -4.005596e-05 4.846248e-05 -4.319101e-05
10616.655896 9.054552e-01 1.069781e+00 1.322695e+00 3.104005e-02 -2.965300e-05 -3.596671e-05 5.468396e-05 -3.931330e-05
10621.655896 9.049172e-01 1.070169e+00 1.317938e+00 3.130424e-02 -3.149879e-05 -3.870477e-05 5.698999e-05 -4.067709e-05
10626.655896 9.026044e-01 1.068700e+00 1.305313e+00 3.138075e-02 -2.933795e-05 -3.148754e-05 5.224896e-05 -2.867709e-05
10631.655896 9.021811e-01 1.069320e+00 1.284589e+00 3.127114e-02 -3.481462e-05 -3.836636e-05 5.295445e-05 -3.994576e-05
10636.655896 9.018456e-01 1.070064e+00 1.238482e+00 3.129047e-02 -4.047864e-05 -3.712591e-05 5.173788e-05 -4.015718e-05
10641.655896 9.006273e-01 1.069816e+00 1.108997e+00 3.121214e-02 -3.827213e-05 -3.928712e-05 4.964928e-05 -3.029741e-05
10646.655896 9.001839e-01 1.070405e+00 6.843688e-01 3.125508e-02 -3.687749e-05 -3.702340e-05 4.356497e-05 -2.386490e-05
10651.655896 9.006033e-01 1.072027e+00 2.049336e-01 3.136954e-02 -4.347522e-05 -3.250048e-05 3.501367e-05 -2.132496e-05
10656.655896 8.997752e-01 1.072053e+00 2.172417e-01 3.133561e-02 -3.490434e-05 -4.316222e-05 4.502779e-05 -3.023477e-05
10661.655896 8.981620e-01 1.071167e+00 2.314058e-01 3.148583e-02 -2.867754e-05 -4.288853e-05 5.552029e-05 -4.117678e-05
10666.655896 8.954897e-01 1.068963e+00 2.388191e-01 3.118059e-02 -2.326697e-05 -3.643684e-05 5.395578e-05 -6.035441e-05
10671.655896 8.925167e-01 1.066563e+00 2.289928e-01 3.121788e-02 -2.533238e-05 -3.813563e-05 5.330387e-05 -8.407479e-05
10676.655896 8.902930e-01 1.065015e+00 2.132463e-01 3.127598e-02 -2.801738e-05 -3.231036e-05 5.658428e-05 -4.267623e-05
10681.655896 8.890515e-01 1.064602e+00 2.314919e-01 3.132466e-02 -2.710312e-05 -3.214845e-05 6.339811e-05 -3.637815e-05
10686.655896 8.877101e-01 1.064071e+00 2.407483e-01 3.135154e-02 -3.216218e-05 -3.866653e-05 6.906554e-05 -4.245161e-05
10691.655896 8.859133e-01 1.062988e+00 2.276879e-01 3.131893e-02 -2.769252e-05 -3.150643e-05 7.136733e-05 -4.493200e-05
10696.655896 8.845697e-01 1.062407e+00 2.134571e-01 3.112479e-02 -3.122346e-05 -3.601575e-05 6.426310e-05 -4.833792e-05
10701.655896 8.827847e-01 1.061300e+00 2.176502e-01 3.102757e-02 -3.890711e-05 -3.745168e-05 5.704574e-05 -5.636001e-05
10706.655896 8.822381e-01 1.061848e+00 2.257654e-01 3.115839e-02 -3.042637e-05 -3.579921e-05 6.232741e-05 -4.292996e-05
10711.655896 8.810962e-01 1.061331e+00 2.340802e-01 3.115918e-02 -2.846298e-05 -3.435466e-05 5.698937e-05 -3.492893e-05
10716.655896 8.794593e-01 1.060526e+00 2.447804e-01 3.107783e-02 -1.969375e-05 -4.475937e-05 5.864343e-05 -2.760396e-05
10721.655896 8.761491e-01 1.057714e+00 2.482694e-01 3.106630e-02 -2.248098e-05 -4.337743e-05 5.778641e-05 -3.204852e-05
10726.655896 8.766837e-01 1.059394e+00 2.425240e-01 3.104198e-02 -3.859689e-05 -3.660689e-05 5.853359e-05 -3.793785e-05
10731.655896 8.753962e-01 1.059109e+00 2.334582e-01 3.097301e-02 -4.406832e-05 -3.544463e-05 5.271837e-05 -4.547013e-05
10736.655896 8.745210e-01 1.058999e+00 2.317619e-01 3.110659e-02 -4.462927e-05 -3.533260e-05 5.656678e-05 -3.721461e-05
10741.655896 8.728389e-01 1.057954e+00 2.339902e-01 3.109359e-02 -4.154573e-05 -3.826603e-05 5.597368e-05 -4.506122e-05
10746.655896 8.706395e-01 1.056326e+00 2.352947e-01 3.110113e-02 -3.779476e-05 -4.860713e-05 6.360532e-05 -4.006459e-05
10751.655896 8.707654e-01 1.057547e+00 2.338895e-01 3.095133e-02 -4.707763e-05 -3.148664e-05 7.215710e-05 -3.840105e-05
10756.655896 8.697228e-01 1.057311e+00 2.334266e-01 3.090630e-02 -5.000643e-05 -2.818058e-05 7.853806e-05 -3.476543e-05
10761.655896 8.681384e-01 1.056352e+00 2.390961e-01 3.093032e-02 -4.491799e-05 -1.932818e-05 6.984327e-05 -3.959345e-05
10766.655896 8.647595e-01 1.053337e+00 2.480177e-01 3.091353e-02 -4.216560e-05 -2.432707e-05 6.389631e-05 -3.867841e-05
10771.655896 8.652643e-01 1.054855e+00 2.535406e-01 3.097579e-02 -4.153541e-05 -3.137190e-05 7.280494e-05 -3.879086e-05
10776.655896 8.644645e-01 1.054921e+00 2.513839e-01 3.097829e-02 -3.936380e-05 -2.674730e-05 8.106882e-05 -3.607179e-05
10781.655896 8.626068e-01 1.053828e+00 2.461570e-01 3.114605e-02 -4.300253e-05 -2.966927e-05 6.896553e-05 -4.007318e-05
10786.655896 8.617057e-01 1.053811e+00 2.422997e-01 3.101669e-02 -4.668278e-05 -2.580086e-05 5.599609e-05 -3.347428e-05
10791.655896 8.577785e-01 1.050251e+00 2.394521e-01 3.098190e-02 -4.339791e-05 -2.927467e-05 4.835968e-05 -2.909450e-05
10796.655896 8.585258e-01 1.052114e+00 2.402347e-01 3.098216e-02 -4.771603e-05 -3.667155e-05 4.116323e-05 -2.928105e-05
10801.655896 8.574668e-01 1.051790e+00 2.409862e-01 3.105964e-02 -4.663991e-05 -4.174066e-05 4.238034e-05 -2.738397e-05
10806.655896 8.568084e-01 1.052022e+00 2.394717e-01 3.131456e-02 -4.245588e-05 -3.844190e-05 4.621477e-05 -3.312458e-05
10811.655896 8.557538e-01 1.051770e+00 2.384925e-01 3.099469e-02 -3.882705e-05 -2.738308e-05 4.429967e-05 -3.613356e-05
10816.655896 8.546727e-01 1.051406e+00 2.436678e-01 3.094100e-02 -3.494233e-05 -2.707611e-05 4.705200e-05 -4.552289e-05
10821.655896 8.512775e-01 1.048330e+00 2.508073e-01 3.098929e-02 -3.227369e-05 -3.884382e-05 3.854139e-05 -4.094197e-05
10826.655896 8.471097e-01 1.044264e+00 2.547380e-01 3.092240e-02 -3.179928e-05 -4.401234e-05 3.813683e-05 -3.823307e-05
10831.655896 8.505821e-01 1.049568e+00 2.584639e-01 3.082699e-02 -3.044866e-05 -4.034834e-05 4.784479e-05 -4.272790e-05
10836.655896 8.489723e-01 1.048490e+00 2.591482e-01 3.112553e-02 -4.398015e-05 -3.702830e-05 5.782448e-05 -4.114230e-05
10841.655896 8.483033e-01 1.048602e+00 2.591307e-01 3.108668e-02 -4.093673e-05 -4.546403e-05 4.937144e-05 -4.617239e-05
10846.655896 8.473242e-01 1.048393e+00 2.574162e-01 3.135351e-02 -3.606411e-05 -5.162161e-05 4.861099e-05 -4.301409e-05
10851.655896 8.448708e-01 1.046582e+00 2.528400e-01 3.116421e-02 -3.977035e-05 -4.646365e-05 5.542456e-05 -4.051301e-05
10856.655896 8.447104e-01 1.047321e+00 2.480988e-01 3.124932e-02 -3.854710e-05 -4.408652e-05 5.491245e-05 -3.763234e-05
10861.655896 8.436264e-01 1.046966e+00 2.454597e-01 3.121993e-02 -4.095318e-05 -4.499567e-05 5.463091e-05 -3.376502e-05
10866.655896 8.397919e-01 1.043336e+00 2.459470e-01 3.074104e-02 -4.133527e-05 -4.574924e-05 5.928805e-05 -2.852933e-05
10871.655896 8.406155e-01 1.045320e+00 2.508528e-01 3.087971e-02 -3.878867e-05 -3.823786e-05 5.135376e-05 -2.548924e-05
10876.655896 8.396171e-01 1.045097e+00 2.576866e-01 3.103271e-02 -4.530541e-05 -3.854749e-05 5.388913e-05 -2.870730e-05
10881.655896 8.383842e-01 1.044541e+00 2.640559e-01 3.087016e-02 -4.482622e-05 -3.999038e-05 6.228023e-05 -2.412281e-05
10886.655896 8.356166e-01 1.042173e+00 2.665148e-01 3.088416e-02 -3.751674e-05 -4.598816e-05 5.574125e-05 -2.336301e-05
10891.655896 8.355164e-01 1.042986e+00 2.667849e-01 3.113134e-02 -2.933020e-05 -4.386257e-05 5.779712e-05 -2.628415e-05
10896.655896 8.346439e-01 1.042864e+00 2.660891e-01 3.092206e-02 -2.596503e-05 -3.705200e-05 6.438530e-05 -2.993196e-05
10901.655896 8.296932e-01 1.037931e+00 2.664062e-01 3.099898e-02 -3.318794e-05 -3.971250e-05 6.389846e-05 -3.771792e-05
10906.655896 8.306746e-01 1.040055e+00 2.689783e-01 3.096529e-02 -3.255347e-05 -4.243694e-05 6.346404e-05 -4.323403e-05
10911.655896 8.298044e-01 1.039927e+00 2.684684e-01 3.083113e-02 -2.642535e-05 -4.443738e-05 7.267771e-05 -4.151810e-05
10916.655896 8.241185e-01 1.033942e+00 2.645840e-01 3.073730e-02 -2.739896e-05 -3.815281e-05 7.721548e-05 -4.574118e-05
10921.655896 8.267680e-01 1.038065e+00 2.630305e-01 3.115872e-02 -3.228781e-05 -3.726540e-05 6.457430e-05 -5.037893e-05
10926.655896 8.271348e-01 1.039527e+00 2.615136e-01 3.089776e-02 -3.277131e-05 -3.780109e-05 6.731858e-05 -4.213656e-05
10931.655896 8.258775e-01 1.039042e+00 2.615577e-01 3.086004e-02 -3.749499e-05 -3.820378e-05 6.655905e-05 -3.873667e-05
10936.655896 8.243533e-01 1.037872e+00 2.644262e-01 3.069767e-02 -3.463664e-05 -3.938792e-05 6.476206e-05 -3.978697e-05
10941.655896 8.236462e-01 1.037962e+00 2.700143e-01 3.095010e-02 -3.017988e-05 -3.790739e-05 5.532660e-05 -3.454479e-05
10946.655896 8.223923e-01 1.037518e+00 2.753183e-01 3.079021e-02 -2.376953e-05 -3.434594e-05 5.461477e-05 -3.454208e-05
10951.655896 8.215670e-01 1.037258e+00 2.782988e-01 3.082441e-02 -2.435196e-05 -2.626831e-05 5.559127e-05 -4.239817e-05
10956.655896 8.198067e-01 1.035960e+00 2.788020e-01 3.098371e-02 -2.835282e-05 -2.518428e-05 5.519359e-05 -3.744350e-05
10961.655896 8.147527e-01 1.030746e+00 2.772358e-01 3.058899e-02 -2.405066e-05 -3.513406e-05 5.220496e-05 -3.891021e-05
10966.655896 8.143348e-01 1.031081e+00 2.773155e-01 3.049170e-02 -1.788812e-05 -3.640327e-05 4.433144e-05 -4.307006e-05
10971.655896 8.167959e-01 1.035046e+00 2.792126e-01 3.077111e-02 -1.579580e-05 -3.885300e-05 5.781770e-05 -3.261221e-05
10976.655896 8.155164e-01 1.034491e+00 2.809125e-01 3.099303e-02 -4.419135e-06 -4.745085e-05 4.407616e-05 -3.642981e-05
10981.655896 8.138338e-01 1.033305e+00 2.822848e-01 3.077517e-02 -4.330378e-06 -3.910988e-05 4.418262e-05 -4.254881e-05
10986.655896 8.131037e-01 1.033107e+00 2.820866e-01 3.072187e-02 -1.624539e-05 -3.211131e-05 4.727737e-05 -4.328264e-05
10991.655896 8.119016e-01 1.032666e+00 2.806471e-01 3.108940e-02 -8.718741e-06 -3.487287e-05 3.956476e-05 -4.326262e-05
10996.655896 8.104862e-01 1.031993e+00 2.798922e-01 3.096987e-02 -1.389476e-05 -3.401133e-05 3.967005e-05 -3.839355e-05
11001.655896 8.092695e-01 1.031412e+00 2.800557e-01 3.061609e-02 -1.620544e-05 -2.748001e-05 4.731670e-05 -4.193025e-05
11006.655896 8.076972e-01 1.030213e+00 2.799753e-01 3.062317e-02 -1.713556e-05 -3.335368e-05 5.723538e-05 -3.888800e-05
11011.655896 8.065600e-01 1.029909e+00 2.808373e-01 3.098750e-02 -1.980493e-05 -4.165352e-05 5.603546e-05 -3.866117e-05
11016.655896 8.056116e-01 1.029584e+00 2.829116e-01 3.098544e-02 -3.695780e-05 -3.683196e-05 3.897784e-05 -3.176146e-05
11021.655896 8.045099e-01 1.028935e+00 2.864534e-01 3.078209e-02 -2.818324e-05 -3.845082e-05 5.202972e-05 -3.316556e-05
11026.655896 8.021790e-01 1.027019e+00 2.908137e-01 3.080697e-02 -1.606009e-05 -3.705800e-05 5.183225e-05 -3.614792e-05
11031.655896 8.017291e-01 1.027493e+00 2.954249e-01 3.076423e-02 -1.390007e-05 -3.554562e-05 4.907873e-05 -4.182480e-05
11036.655896 8.009270e-01 1.027476e+00 2.980038e-01 3.058295e-02 -2.396776e-05 -4.252000e-05 3.674458e-05 -4.718165e-05
11041.655896 7.990568e-01 1.025983e+00 2.983527e-01 3.067230e-02 -2.182900e-05 -4.495099e-05 3.785261e-05 -4.709488e-05
11046.655896 7.986088e-01 1.026304e+00 2.984495e-01 3.075139e-02 -1.595796e-05 -4.366931e-05 4.465155e-05 -4.486914e-05
11051.655896 7.955845e-01 1.023382e+00 2.972048e-01 3.045848e-02 -1.375608e-05 -3.280194e-05 4.743406e-05 -3.182578e-05
11056.655896 7.871402e-01 1.013697e+00 2.940649e-01 3.029475e-02 -1.654224e-05 -4.477918e-05 4.222229e-05 -3.708842e-05
11061.655896 7.937015e-01 1.022885e+00 2.966834e-01 3.032486e-02 -1.687682e-05 -3.683426e-05 5.276976e-05 -3.190344e-05
11066.655896 7.932507e-01 1.023153e+00 2.966749e-01 3.052795e-02 -1.269823e-05 -3.348710e-05 5.391232e-05 -3.892977e-05
11071.655896 7.922208e-01 1.022857e+00 2.969305e-01 3.054034e-02 -1.765199e-05 -3.596150e-05 5.320391e-05 -4.142346e-05
11076.655896 7.912285e-01 1.022400e+00 2.975074e-01 3.067430e-02 -1.867953e-05 -4.266945e-05 6.013786e-05 -3.607962e-05
11081.655896 7.897021e-01 1.021135e+00 2.979825e-01 3.053735e-02 -2.221203e-05 -4.028232e-05 5.820594e-05 -3.303121e-05
11086.655896 7.872630e-01 1.019179e+00 2.984569e-01 3.057940e-02 -1.621660e-05 -4.929036e-05 5.098696e-05 -3.490082e-05
11091.655896 7.865005e-01 1.019071e+00 3.003727e-01 3.054333e-02 -1.560778e-05 -4.658415e-05 5.286965e-05 -3.644355e-05
11096.655896 7.863659e-01 1.019923e+00 3.032137e-01 3.046437e-02 -1.911872e-05 -4.893420e-05 5.092420e-05 -3.034069e-05
11101.655896 7.851894e-01 1.019179e+00 3.055917e-01 3.049810e-02 -1.179460e-05 -4.336377e-05 4.730472e-05 -2.892638e-05
11106.655896 7.831210e-01 1.017422e+00 3.075105e-01 3.028422e-02 -1.586722e-05 -5.100033e-05 4.175129e-05 -3.524240e-05
11111.655896 7.824553e-01 1.017584e+00 3.097495e-01 3.065221e-02 -1.769223e-05 -4.865006e-05 4.331539e-05 -4.878622e-05
11116.655896 7.806499e-01 1.016070e+00 3.117109e-01 3.029850e-02 -1.833887e-05 -3.823893e-05 4.798282e-05 -5.134339e-05
11121.655896 7.806964e-01 1.017003e+00 3.145466e-01 3.053107e-02 -2.018420e-05 -3.774118e-05 4.513580e-05 -4.564363e-05
11126.655896 7.788127e-01 1.015685e+00 3.163423e-01 3.038312e-02 -2.329702e-05 -3.811484e-05 4.439746e-05 -4.605484e-05
11131.655896 7.779680e-01 1.015343e+00 3.178258e-01 3.049401e-02 -2.251065e-05 -4.058353e-05 5.173062e-05 -4.254200e-05
11136.655896 7.768007e-01 1.014800e+00 3.185305e-01 3.038144e-02 -2.649508e-05 -4.181578e-05 5.337168e-05 -3.534954e-05
11141.655896 7.758398e-01 1.014415e+00 3.188486e-01 3.011427e-02 -2.147007e-05 -3.568990e-05 4.346523e-05 -3.722252e-05
11146.655896 7.743869e-01 1.013403e+00 3.189712e-01 3.080010e-02 -2.120284e-05 -3.327648e-05 5.035991e-05 -3.574432e-05
11151.655896 7.728883e-01 1.012473e+00 3.189716e-01 3.064093e-02 -2.475255e-05 -3.498334e-05 4.176232e-05 -3.159972e-05
11156.655896 7.712764e-01 1.011380e+00 3.187507e-01 3.041230e-02 -3.325406e-05 -4.124684e-05 3.824934e-05 -3.602887e-05
11161.655896 7.702318e-01 1.010768e+00 3.188730e-01 3.028794e-02 -3.228504e-05 -4.730734e-05 3.674030e-05 -3.777077e-05
11166.655896 7.684372e-01 1.009470e+00 3.188329e-01 3.056585e-02 -2.427037e-05 -4.950891e-05 4.614246e-05 -4.745428e-05
11171.655896 7.680325e-01 1.009675e+00 3.195765e-01 3.038731e-02 -2.656640e-05 -4.942005e-05 5.348247e-05 -4.745606e-05
11176.655896 7.669997e-01 1.009118e+00 3.204295e-01 3.026910e-02 -2.816782e-05 -4.967726e-05 5.564222e-05 -4.409291e-05
11181.655896 7.658794e-01 1.008695e+00 3.219567e-01 3.034376e-02 -2.422396e-05 -3.270462e-05 5.454232e-05 -4.356525e-05
11186.655896 7.635407e-01 1.006568e+00 3.231788e-01 3.025236e-02 -2.265750e-05 -2.456843e-05 5.307888e-05 -4.570369e-05
11191.655896 7.627700e-01 1.006430e+00 3.254375e-01 3.024123e-02 -2.590128e-05 -3.367726e-05 5.637147e-05 -3.704245e-05
11196.655896 7.624241e-01 1.006832e+00 3.282440e-01 3.010306e-02 -2.444089e-05 -3.407208e-05 4.328557e-05 -4.195154e-05
11201.655896 7.617123e-01 1.006801e+00 3.307104e-01 3.040246e-02 -2.140113e-05 -4.252501e-05 3.346801e-05 -4.130534e-05
11206.655896 7.570109e-01 1.001525e+00 3.311156e-01 3.009146e-02 -1.905392e-05 -4.070884e-05 2.189466e-05 -3.815839e-05
11211.655896 7.462212e-01 9.884702e-01 3.285114e-01 2.976261e-02 -1.717319e-05 -3.663140e-05 2.486846e-05 -3.842131e-05
11216.655896 7.570357e-01 1.003168e+00 3.353328e-01 3.034698e-02 -1.960220e-05 -3.882378e-05 3.311344e-05 -4.623536e-05
11221.655896 7.566840e-01 1.003468e+00 3.372852e-01 3.026469e-02 -2.076750e-05 -4.176274e-05 3.367277e-05 -4.984936e-05
11226.655896 7.557521e-01 1.003268e+00 3.392395e-01 3.042395e-02 -1.833421e-05 -4.627731e-05 4.325836e-05 -4.097147e-05
11231.655896 7.537252e-01 1.001473e+00 3.406756e-01 3.014133e-02 -1.919610e-05 -4.239054e-05 4.227114e-05 -4.358378e-05
11236.655896 7.540049e-01 1.002653e+00 3.430910e-01 3.050814e-02 -1.344356e-05 -3.206740e-05 3.961290e-05 -4.255914e-05
11241.655896 7.522646e-01 1.001206e+00 3.440317e-01 3.018292e-02 -2.141815e-05 -3.965759e-05 3.293118e-05 -3.579451e-05
11246.655896 7.506439e-01 9.998256e-01 3.444473e-01 2.998554e-02 -2.356678e-05 -5.325543e-05 3.929174e-05 -3.343691e-05
11251.655896 7.494105e-01 9.992268e-01 3.445463e-01 3.022342e-02 -3.329350e-05 -5.117418e-05 4.323673e-05 -3.751570e-05
11256.655896 7.480575e-01 9.982882e-01 3.442617e-01 3.041996e-02 -3.912039e-05 -3.746511e-05 4.808259e-05 -3.807379e-05
11261.655896 7.471323e-01 9.978321e-01 3.440864e-01 3.033184e-02 -4.475175e-05 -3.617517e-05 5.471555e-05 -3.490489e-05
11266.655896 7.455380e-01 9.966300e-01 3.438004e-01 2.999801e-02 -3.766534e-05 -3.789770e-05 4.752451e-05 -3.785371e-05
11271.655896 7.443992e-01 9.958842e-01 3.440200e-01 3.010867e-02 -4.209818e-05 -3.989276e-05 4.875557e-05 -7.648666e-05
11276.655896 7.436770e-01 9.958356e-01 3.450045e-01 3.026990e-02 -3.719377e-05 -4.048541e-05 4.808643e-05 -9.494666e-05
11281.655896 7.422942e-01 9.948284e-01 3.461518e-01 3.033110e-02 -3.108543e-05 -4.446732e-05 3.988086e-05 -9.256752e-05
11286.655896 7.341329e-01 9.848128e-01 3.445296e-01 2.998196e-02 -3.478122e-05 -4.427352e-05 3.087330e-05 -1.001029e-04
11291.655896 7.306855e-01 9.812103e-01 3.457335e-01 2.978017e-02 -2.982199e-05 -5.202745e-05 3.632261e-05 -8.474070e-05
11296.655896 7.389268e-01 9.927882e-01 3.528107e-01 3.001839e-02 -3.304444e-05 -4.447077e-05 4.876273e-05 -5.825000e-05
11301.655896 7.385846e-01 9.931543e-01 3.556030e-01 3.022361e-02 -3.462792e-05 -3.596494e-05 4.834217e-05 -4.692829e-05
11306.655896 7.361691e-01 9.907864e-01 3.572144e-01 3.008579e-02 -3.420618e-05 -3.444252e-05 4.514019e-05 -4.998279e-05
11311.655896 7.360504e-01 9.913738e-01 3.593500e-01 3.010209e-02 -2.976536e-05 -4.623344e-05 4.075575e-05 -3.807554e-05
11316.655896 7.351713e-01 9.911905e-01 3.610641e-01 3.011638e-02 -3.607211e-05 -3.222548e-05 3.774948e-05 -3.946557e-05
11321.655896 7.342271e-01 9.908311e-01 3.625549e-01 3.006361e-02 -3.491805e-05 -3.471402e-05 4.202855e-05 -5.633675e-05
11326.655896 7.321239e-01 9.887435e-01 3.635463e-01 2.997593e-02 -1.977322e-05 -3.362662e-05 4.901892e-05 -5.023510e-05
11331.655896 7.269257e-01 9.828744e-01 3.629300e-01 2.994035e-02 -2.574636e-05 -3.379628e-05 4.301921e-05 -4.292001e-05
11336.655896 7.309952e-01 9.888336e-01 3.669271e-01 2.998768e-02 -2.831873e-05 -4.105919e-05 3.497685e-05 -3.278661e-05
11341.655896 7.301765e-01 9.887170e-01 3.684139e-01 3.007382e-02 -2.662633e-05 -3.361809e-05 4.590697e-05 -3.065487e-05
11346.655896 7.291227e-01 9.880783e-01 3.697787e-01 3.005970e-02 -3.047776e-05 -3.951180e-05 5.168909e-05 -3.116059e-05
11351.655896 7.285108e-01 9.877707e-01 3.710998e-01 3.041757e-02 -3.569172e-05 -4.076645e-05 5.089319e-05 -2.748894e-05
11356.655896 7.269595e-01 9.866209e-01 3.719538e-01 3.026261e-02 -2.624601e-05 -4.496577e-05 3.190855e-05 -3.166602e-05
11361.655896 7.255733e-01 9.855040e-01 3.726911e-01 3.006489e-02 -2.161377e-05 -5.033016e-05 3.581983e-05 -2.959043e-05
11366.655896 7.241856e-01 9.845440e-01 3.734110e-01 2.988198e-02 -2.702860e-05 -4.806105e-05 4.555539e-05 -3.362391e-05
11371.655896 7.228669e-01 9.836869e-01 3.739486e-01 2.998159e-02 -3.160315e-05 -4.458932e-05 4.582221e-05 -3.269488e-05
11376.655896 7.207329e-01 9.816760e-01 3.741735e-01 2.992847e-02 -3.311829e-05 -5.169548e-05 4.297452e-05 -5.197187e-05
11381.655896 7.196994e-01 9.810087e-01 3.748324e-01 2.976531e-02 -2.658714e-05 -4.547919e-05 4.484241e-05 -7.688648e-05
11386.655896 7.190565e-01 9.808581e-01 3.758791e-01 2.989661e-02 -2.033291e-05 -3.663498e-05 4.847158e-05 -6.263390e-05
11391.655896 7.179347e-01 9.800851e-01 3.769049e-01 2.999408e-02 -1.926956e-05 -4.130472e-05 4.776266e-05 -3.691623e-05
11396.655896 7.163074e-01 9.785748e-01 3.778645e-01 2.991959e-02 -2.499226e-05 -4.149367e-05 4.455152e-05 -3.843316e-05
11401.655896 7.167089e-01 9.798790e-01 3.799571e-01 2.995755e-02 -2.771568e-05 -4.415071e-05 4.896842e-05 -3.740148e-05
11406.655896 7.163668e-01 9.801164e-01 3.820371e-01 3.007635e-02 -2.199064e-05 -4.352385e-05 5.282362e-05 -3.884124e-05
11411.655896 7.155361e-01 9.799759e-01 3.839624e-01 3.000651e-02 -1.907195e-05 -4.652237e-05 5.403905e-05 -3.526187e-05
11416.655896 7.151978e-01 9.804801e-01 3.862840e-01 3.008911e-02 -1.984024e-05 -5.101094e-05 5.097994e-05 -3.211989e-05
11421.655896 7.143089e-01 9.801776e-01 3.883930e-01 3.006462e-02 -2.805308e-05 -4.785020e-05 3.120354e-05 -3.440303e-05
11426.655896 7.123652e-01 9.783259e-01 3.899057e-01 3.012752e-02 -2.589206e-05 -4.494325e-05 3.100779e-05 -4.050368e-05
11431.655896 7.122670e-01 9.790546e-01 3.925256e-01 2.993865e-02 -2.675478e-05 -3.646501e-05 3.535417e-05 -3.792371e-05
11436.655896 7.114140e-01 9.787055e-01 3.944920e-01 3.009937e-02 -3.461836e-05 -3.020689e-05 4.165785e-05 -3.420129e-05
11441.655896 7.108129e-01 9.785083e-01 3.963633e-01 3.003074e-02 -3.824980e-05 -3.639690e-05 5.002750e-05 -3.062163e-05
11446.655896 7.096361e-01 9.779004e-01 3.979648e-01 2.993380e-02 -3.669486e-05 -3.908270e-05 6.340418e-05 -2.608479e-05
11451.655896 7.086083e-01 9.772645e-01 3.994828e-01 2.984329e-02 -2.175474e-05 -4.737320e-05 5.810850e-05 -2.216781e-05
11456.655896 7.062788e-01 9.748543e-01 4.001162e-01 2.982657e-02 -2.179999e-05 -3.880296e-05 4.958381e-05 -2.465346e-05
11461.655896 5.093083e-01 7.033918e-01 2.896322e-01 2.147275e-02 -1.925630e-05 -2.713830e-05 3.050825e-05 -1.725979e-05
11466.655896 2.708574e-02 3.741559e-02 1.542409e-02 1.141162e-03 -1.174626e-06 -1.389433e-06 1.576311e-06 -9.565340e-07
11471.655896 1.307985e-05 1.806861e-05 7.450939e-06 5.514387e-07 -6.103507e-10 -6.013950e-10 7.954742e-10 -4.781674e-10
11476.655896 3.235942e-11 4.470158e-11 1.843524e-11 1.365718e-12 -1.564237e-15 -1.388532e-15 2.034413e-15 -1.196980e-15
11481.655896 3.533692e-19 4.881479e-19 2.013191e-19 1.493257e-20 -1.733961e-23 -1.455869e-23 2.260422e-23 -1.304684e-23
11486.655896 1.613571e-29 2.229010e-29 9.192689e-30 6.828149e-31 -7.961340e-34 -6.470643e-34 1.038224e-33 -5.900741e-34
11491.655896 3.004961e-42 4.151105e-42 1.711940e-42 1.273486e-43 -1.484986e-46 -1.180887e-46 1.929720e-46 -1.084571e-46
11496.655896 2.251884e-57 3.110799e-57 1.282894e-57 9.557390e-59 -1.113184e-61 -8.705278e-62 1.435852e-61 -8.011884e-62
11501.655896 6.736319e-75 9.305711e-75 3.837636e-75 2.863028e-76 -3.330672e-79 -2.567847e-79 4.250710e-79 -2.362238e-79
11506.655896 8.002452e-95 1.105480e-94 4.558918e-95 3.405592e-96 -3.958614e-99 -3.012877e-99 4.987356e-99 -2.766710e-99
11511.655896 3.761987e-117 5.196917e-117 2.143162e-117 1.602891e-118 -1.862493e-121 -1.400480e-121 2.313117e-121 -1.282846e-121
11516.655896 6.980986e-142 9.643748e-142 3.976989e-142 2.977631e-143 -3.459892e-146 -2.571722e-146 4.232725e-146 -2.348895e-146
11521.655896 5.104107e-169 7.050980e-169 2.907759e-169 2.179183e-170 -2.532760e-173 -1.861753e-173 3.051495e-173 -1.695148e-173
11526.655896 1.468315e-198 2.028380e-198 8.364874e-199 6.274361e-200 -7.295142e-203 -5.305107e-203 8.657299e-203 -4.814798e-203
11531.655896 0.000000e+00 0.000000e+00 0.000000e+00 0.000000e+00 0.000000e+00 0.000000e+00 0.000000e+00 0.000000e+00
11534.000000 0.000000e+00 0.000000e+00 0.000000e+00 0.000000e+00 0.000000e+00 0.000000e+00 0.000000e+00 0.000000e+00
11535.000000 0.000000e+00 0.000000e+00 0.000000e+00 0.000000e+00 0.000000e+00 0.000000e+00 0.000000e+00 0.000000e+00
11536.000000 0.000000e+00 0.000000e+00 0.000000e+00 0.000000e+00 0.000000e+00 0.000000e+00 0.000000e+00 0.000000e+00
11537.000000 0.000000e+00 0.000000e+00 0.000000e+00 0.000000e+00 0.000000e+00 0.000000e+00 0.000000e+00 0.000000e+00
11538.000000 0.000000e+00 0.000000e+00 0.000000e+00 0.000000e+00 0.000000e+00 0.000000e+00 0.000000e+00 0.000000e+00
11539.000000 0.000000e+00 0.000000e+00 0.000000e+00 0.000000e+00 0.000000e+00 0.000000e+00 0.000000e+00 0.000000e+00
11540.000000 0.000000e+00 0.000000e+00 0.000000e+00 0.000000e+00 0.000000e+00 0.000000e+00 0.000000e+00 0.000000e+00
11541.000000 0.000000e+00 0.000000e+00 0.000000e+00 0.000000e+00 0.000000e+00 0.000000e+00 0.000000e+00 0.000000e+00
11541.200000 0.000000e+00 0.000000e+00 0.000000e+00 0.000000e+00 0.000000e+00 0.000000e+00 0.000000e+00 0.000000e+00
11541.400000 0.000000e+00 0.000000e+00 0.000000e+00 0.000000e+00 0.000000e+00 0.000000e+00 0.000000e+00 0.000000e+00
11541.600000 0.000000e+00 0.000000e+00 0.000000e+00 0.000000e+00 0.000000e+00 0.000000e+00 0.000000e+00 0.000000e+00
11541.800000 0.000000e+00 0.000000e+00 0.000000e+00 0.000000e+00 0.000000e+00 0.000000e+00 0.000000e+00 0.000000e+00
11542.000000 0.000000e+00 0.000000e+00 0.000000e+00 0.000000e+00 0.000000e+00 0.000000e+00 0.000000e+00 0.000000e+00
11542.200000 0.000000e+00 0.000000e+00 0.000000e+00 0.000000e+00 0.000000e+00 0.000000e+00 0.000000e+00 0.000000e+00
11542.400000 0.000000e+00 0.000000e+00 0.000000e+00 0.000000e+00 0.000000e+00 0.000000e+00 0.000000e+00 0.000000e+00
11542.600000 0.000000e+00 0.000000e+00 0.000000e+00 0.000000e+00 0.000000e+00 0.000000e+00 0.000000e+00 0.000000e+00
11542.800000 0.000000e+00 0.000000e+00 0.000000e+00 0.000000e+00 0.000000e+00 0.000000e+00 0.000000e+00 0.000000e+00
11543.000000 0.000000e+00 0.000000e+00 0.000000e+00 0.000000e+00 0.000000e+00 0.000000e+00 0.000000e+00 0.000000e+00
11543.200000 0.000000e+00 0.000000e+00 0.000000e+00 0.000000e+00 0.000000e+00 0.000000e+00 0.000000e+00 0.000000e+00
11543.400000 0.000000e+00 0.000000e+00 0.000000e+00 0.000000e+00 0.000000e+00 0.000000e+00 0.000000e+00 0.000000e+00
11543.600000 0.000000e+00 0.000000e+00 0.000000e+00 0.000000e+00 0.000000e+00 0.000000e+00 0.000000e+00 0.000000e+00
11543.800000 0.000000e+00 0.000000e+00 0.000000e+00 0.000000e+00 0.000000e+00 0.000000e+00 0.000000e+00 0.000000e+00
11544.000000 0.000000e+00 0.000000e+00 0.000000e+00 0.000000e+00 0.000000e+00 0.000000e+00 0.000000e+00 0.000000e+00
11544.200000 0.000000e+00 0.000000e+00 0.000000e+00 0.000000e+00 0.000000e+00 0.000000e+00 0.000000e+00 0.000000e+00
11544.400000 0.000000e+00 0.000000e+00 0.000000e+00 0.000000e+00 0.000000e+00 0.000000e+00 0.000000e+00 0.000000e+00
11544.600000 0.000000e+00 0.000000e+00 0.000000e+00 0.000000e+00 0.000000e+00 0.000000e+00 0.000000e+00 0.000000e+00
11544.800000 0.000000e+00 0.000000e+00 0.000000e+00 0.000000e+00 0.000000e+00 0.000000e+00 0.000000e+00 0.000000e+00
11545.000000 0.000000e+00 0.000000e+00 0.000000e+00 0.000000e+00 0.000000e+00 0.000000e+00 0.000000e+00 0.000000e+00
11545.200000 0.000000e+00 0.000000e+00 0.000000e+00 0.000000e+00 0.000000e+00 0.000000e+00 0.000000e+00 0.000000e+00
11545.400000 0.000000e+00 0.000000e+00 0.000000e+00 0.000000e+00 0.000000e+00 0.000000e+00 0.000000e+00 0.000000e+00
11545.600000 0.000000e+00 0.000000e+00 0.000000e+00 0.000000e+00 0.000000e+00 0.000000e+00 0.000000e+00 0.000000e+00
11545.800000 0.000000e+00 0.000000e+00 0.000000e+00 0.000000e+00 0.000000e+00 0.000000e+00 0.000000e+00 0.000000e+00
11546.000000 0.000000e+00 0.000000e+00 0.000000e+00 0.000000e+00 0.000000e+00 0.000000e+00 0.000000e+00 0.000000e+00
11546.200000 0.000000e+00 0.000000e+00 0.000000e+00 0.000000e+00 0.000000e+00 0.000000e+00 0.000000e+00 0.000000e+00
11546.400000 0.000000e+00 0.000000e+00 0.000000e+00 0.000000e+00 0.000000e+00 0.000000e+00 0.000000e+00 0.000000e+00
11546.600000 0.000000e+00 0.000000e+00 0.000000e+00 0.000000e+00 0.000000e+00 0.000000e+00 0.000000e+00 0.000000e+00
11546.800000 0.000000e+00 0.000000e+00 0.000000e+00 0.000000e+00 0.000000e+00 0.000000e+00 0.000000e+00 0.000000e+00
11547.000000 0.000000e+00 0.000000e+00 0.000000e+00 0.000000e+00 0.000000e+00 0.000000e+00 0.000000e+00 0.000000e+00
11547.200000 0.000000e+00 0.000000e+00 0.000000e+00 0.000000e+00 0.000000e+00 0.000000e+00 0.000000e+00 0.000000e+00
11547.400000 0.000000e+00 0.000000e+00 0.000000e+00 0.000000e+00 0.000000e+00 0.000000e+00 0.000000e+00 0.000000e+00
11547.600000 0.000000e+00 0.000000e+00 0.000000e+00 0.000000e+00 0.000000e+00 0.000000e+00 0.000000e+00 0.000000e+00
11547.800000 0.000000e+00 0.000000e+00 0.000000e+00 0.000000e+00 0.000000e+00 0.000000e+00 0.000000e+00 0.000000e+00
11548.000000 0.000000e+00 0.000000e+00 0.000000e+00 0.000000e+00 0.000000e+00 0.000000e+00 0.000000e+00 0.000000e+00
11548.200000 0.000000e+00 0.000000e+00 0.000000e+00 0.000000e+00 0.000000e+00 0.000000e+00 0.000000e+00 0.000000e+00
11548.400000 0.000000e+00 0.000000e+00 0.000000e+00 0.000000e+00 0.000000e+00 0.000000e+00 0.000000e+00 0.000000e+00
11548.600000 0.000000e+00 0.000000e+00 0.000000e+00 0.000000e+00 0.000000e+00 0.000000e+00 0.000000e+00 0.000000e+00
11548.800000 0.000000e+00 0.000000e+00 0.000000e+00 0.000000e+00 0.000000e+00 0.000000e+00 0.000000e+00 0.000000e+00
11549.000000 0.000000e+00 0.000000e+00 0.000000e+00 0.000000e+00 0.000000e+00 0.000000e+00 0.000000e+00 0.000000e+00
11549.200000 0.000000e+00 0.000000e+00 0.000000e+00 0.000000e+00 0.000000e+00 0.000000e+00 0.000000e+00 0.000000e+00
11549.400000 0.000000e+00 0.000000e+00 0.000000e+00 0.000000e+00 0.000000e+00 0.000000e+00 0.000000e+00 0.000000e+00
11549.600000 0.000000e+00 0.000000e+00 0.000000e+00 0.000000e+00 0.000000e+00 0.000000e+00 0.000000e+00 0.000000e+00
11549.800000 0.000000e+00 0.000000e+00 0.000000e+00 0.000000e+00 0.000000e+00 0.000000e+00 0.000000e+00 0.000000e+00
11550.000000 0.000000e+00 0.000000e+00 0.000000e+00 0.000000e+00 0.000000e+00 0.000000e+00 0.000000e+00 0.000000e+00
11550.200000 0.000000e+00 0.000000e+00 0.000000e+00 0.000000e+00 0.000000e+00 0.000000e+00 0.000000e+00 0.000000e+00
11550.400000 0.000000e+00 0.000000e+00 0.000000e+00 0.000000e+00 0.000000e+00 0.000000e+00 0.000000e+00 0.000000e+00
11550.600000 0.000000e+00 0.000000e+00 0.000000e+00 0.000000e+00 0.000000e+00 0.000000e+00 0.000000e+00 0.000000e+00
11550.800000 0.000000e+00 0.000000e+00 0.000000e+00 0.000000e+00 0.000000e+00 0.000000e+00 0.000000e+00 0.000000e+00
11551.000000 0.000000e+00 0.000000e+00 0.000000e+00 0.000000e+00 0.000000e+00 0.000000e+00 0.000000e+00 0.000000e+00
11551.200000 0.000000e+00 0.000000e+00 0.000000e+00 0.000000e+00 0.000000e+00 0.000000e+00 0.000000e+00 0.000000e+00
11551.400000 0.000000e+00 0.000000e+00 0.000000e+00 0.000000e+00 0.000000e+00 0.000000e+00 0.000000e+00 0.000000e+00
11551.600000 0.000000e+00 0.000000e+00 0.000000e+00 0.000000e+00 0.000000e+00 0.000000e+00 0.000000e+00 0.000000e+00
11551.800000 0.000000e+00 0.000000e+00 0.000000e+00 0.000000e+00 0.000000e+00 0.000000e+00 0.000000e+00 0.000000e+00
11552.000000 0.000000e+00 0.000000e+00 0.000000e+00 0.000000e+00 0.000000e+00 0.000000e+00 0.000000e+00 0.000000e+00
11552.200000 0.000000e+00 0.000000e+00 0.000000e+00 0.000000e+00 0.000000e+00 0.000000e+00 0.000000e+00 0.000000e+00
11552.400000 0.000000e+00 0.000000e+00 0.000000e+00 0.000000e+00 0.000000e+00 0.000000e+00 0.000000e+00 0.000000e+00
11552.600000 0.000000e+00 0.000000e+00 0.000000e+00 0.000000e+00 0.000000e+00 0.000000e+00 0.000000e+00 0.000000e+00
11552.800000 0.000000e+00 0.000000e+00 0.000000e+00 0.000000e+00 0.000000e+00 0.000000e+00 0.000000e+00 0.000000e+00
11553.000000 0.000000e+00 0.000000e+00 0.000000e+00 0.000000e+00 0.000000e+00 0.000000e+00 0.000000e+00 0.000000e+00
11553.200000 0.000000e+00 0.000000e+00 0.000000e+00 0.000000e+00 0.000000e+00 0.000000e+00 0.000000e+00 0.000000e+00
11553.400000 0.000000e+00 0.000000e+00 0.000000e+00 0.000000e+00 0.000000e+00 0.000000e+00 0.000000e+00 0.000000e+00
11553.600000 0.000000e+00 0.000000e+00 0.000000e+00 0.000000e+00 0.000000e+00 0.000000e+00 0.000000e+00 0.000000e+00
11553.800000 0.000000e+00 0.000000e+00 0.000000e+00 0.000000e+00 0.000000e+00 0.000000e+00 0.000000e+00 0.000000e+00
11554.000000 0.000000e+00 0.000000e+00 0.000000e+00 0.000000e+00 0.000000e+00 0.000000e+00 0.000000e+00 0.000000e+00
11554.200000 0.000000e+00 0.000000e+00 0.000000e+00 0.000000e+00 0.000000e+00 0.000000e+00 0.000000e+00 0.000000e+00
11554.400000 0.000000e+00 0.000000e+00 0.000000e+00 0.000000e+00 0.000000e+00 0.000000e+00 0.000000e+00 0.000000e+00
11554.600000 0.000000e+00 0.000000e+00 0.000000e+00 0.000000e+00 0.000000e+00 0.000000e+00 0.000000e+00 0.000000e+00
11554.800000 0.000000e+00 0.000000e+00 0.000000e+00 0.000000e+00 0.000000e+00 0.000000e+00 0.000000e+00 0.000000e+00
11555.000000 0.000000e+00 0.000000e+00 0.000000e+00 0.000000e+00 0.000000e+00 0.000000e+00 0.000000e+00 0.000000e+00
11555.200000 0.000000e+00 0.000000e+00 0.000000e+00 0.000000e+00 0.000000e+00 0.000000e+00 0.000000e+00 0.000000e+00
11555.400000 0.000000e+00 0.000000e+00 0.000000e+00 0.000000e+00 0.000000e+00 0.000000e+00 0.000000e+00 0.000000e+00
11555.600000 0.000000e+00 0.000000e+00 0.000000e+00 0.000000e+00 0.000000e+00 0.000000e+00 0.000000e+00 0.000000e+00
11555.800000 0.000000e+00 0.000000e+00 0.000000e+00 0.000000e+00 0.000000e+00 0.000000e+00 0.000000e+00 0.000000e+00
11556.000000 0.000000e+00 0.000000e+00 0.000000e+00 0.000000e+00 0.000000e+00 0.000000e+00 0.000000e+00 0.000000e+00
11556.200000 0.000000e+00 0.000000e+00 0.000000e+00 0.000000e+00 0.000000e+00 0.000000e+00 0.000000e+00 0.000000e+00
11556.400000 0.000000e+00 0.000000e+00 0.000000e+00 0.000000e+00 0.000000e+00 0.000000e+00 0.000000e+00 0.000000e+00
11556.600000 0.000000e+00 0.000000e+00 0.000000e+00 0.000000e+00 0.000000e+00 0.000000e+00 0.000000e+00 0.000000e+00
11556.800000 0.000000e+00 0.000000e+00 0.000000e+00 0.000000e+00 0.000000e+00 0.000000e+00 0.000000e+00 0.000000e+00
11557.000000 0.000000e+00 0.000000e+00 0.000000e+00 0.000000e+00 0.000000e+00 0.000000e+00 0.000000e+00 0.000000e+00
11557.200000 0.000000e+00 0.000000e+00 0.000000e+00 0.000000e+00 0.000000e+00 0.000000e+00 0.000000e+00 0.000000e+00
11557.400000 0.000000e+00 0.000000e+00 0.000000e+00 0.000000e+00 0.000000e+00 0.000000e+00 0.000000e+00 0.000000e+00
11557.600000 0.000000e+00 0.000000e+00 0.000000e+00 0.000000e+00 0.000000e+00 0.000000e+00 0.000000e+00 0.000000e+00
11557.800000 0.000000e+00 0.000000e+00 0.000000e+00 0.000000e+00 0.000000e+00 0.000000e+00 0.000000e+00 0.000000e+00
11558.000000 0.000000e+00 0.000000e+00 0.000000e+00 0.000000e+00 0.000000e+00 0.000000e+00 0.000000e+00 0.000000e+00
11558.200000 0.000000e+00 0.000000e+00 0.000000e+00 0.000000e+00 0.000000e+00 0.000000e+00 0.000000e+00 0.000000e+00
11558.400000 0.000000e+00 0.000000e+00 0.000000e+00 0.000000e+00 0.000000e+00 0.000000e+00 0.000000e+00 0.000000e+00
11558.600000 0.000000e+00 0.000000e+00 0.000000e+00 0.000000e+00 0.000000e+00 0.000000e+00 0.000000e+00 0.000000e+00
11558.800000 0.000000e+00 0.000000e+00 0.000000e+00 0.000000e+00 0.000000e+00 0.000000e+00 0.000000e+00 0.000000e+00
11559.000000 0.000000e+00 0.000000e+00 0.000000e+00 0.000000e+00 0.000000e+00 0.000000e+00 0.000000e+00 0.000000e+00
11559.200000 0.000000e+00 0.000000e+00 0.000000e+00 0.000000e+00 0.000000e+00 0.000000e+00 0.000000e+00 0.000000e+00
11559.400000 0.000000e+00 0.000000e+00 0.000000e+00 0.000000e+00 0.000000e+00 0.000000e+00 0.000000e+00 0.000000e+00
11559.600000 0.000000e+00 0.000000e+00 0.000000e+00 0.000000e+00 0.000000e+00 0.000000e+00 0.000000e+00 0.000000e+00
11559.800000 0.000000e+00 0.000000e+00 0.000000e+00 0.000000e+00 0.000000e+00 0.000000e+00 0.000000e+00 0.000000e+00
11560.000000 0.000000e+00 0.000000e+00 0.000000e+00 0.000000e+00 0.000000e+00 0.000000e+00 0.000000e+00 0.000000e+00
11560.200000 0.000000e+00 0.000000e+00 0.000000e+00 0.000000e+00 0.000000e+00 0.000000e+00 0.000000e+00 0.000000e+00
11560.400000 0.000000e+00 0.000000e+00 0.000000e+00 0.000000e+00 0.000000e+00 0.000000e+00 0.000000e+00 0.000000e+00
11560.600000 0.000000e+00 0.000000e+00 0.000000e+00 0.000000e+00 0.000000e+00 0.000000e+00 0.000000e+00 0.000000e+00
11560.800000 0.000000e+00 0.000000e+00 0.000000e+00 0.000000e+00 0.000000e+00 0.000000e+00 0.000000e+00 0.000000e+00
11561.000000 0.000000e+00 0.000000e+00 0.000000e+00 0.000000e+00 0.000000e+00 0.000000e+00 0.000000e+00 0.000000e+00
11561.200000 0.000000e+00 0.000000e+00 0.000000e+00 0.000000e+00 0.000000e+00 0.000000e+00 0.000000e+00 0.000000e+00
11561.400000 0.000000e+00 0.000000e+00 0.000000e+00 0.000000e+00 0.000000e+00 0.000000e+00 0.000000e+00 0.000000e+00
11561.600000 0.000000e+00 0.000000e+00 0.000000e+00 0.000000e+00 0.000000e+00 0.000000e+00 0.000000e+00 0.000000e+00
11561.800000 0.000000e+00 0.000000e+00 0.000000e+00 0.000000e+00 0.000000e+00 0.000000e+00 0.000000e+00 0.000000e+00
11562.000000 0.000000e+00 0.000000e+00 0.000000e+00 0.000000e+00 0.000000e+00 0.000000e+00 0.000000e+00 0.000000e+00
11562.200000 0.000000e+00 0.000000e+00 0.000000e+00 0.000000e+00 0.000000e+00 0.000000e+00 0.000000e+00 0.000000e+00
11562.400000 0.000000e+00 0.000000e+00 0.000000e+00 0.000000e+00 0.000000e+00 0.000000e+00 0.000000e+00 0.000000e+00
11562.600000 0.000000e+00 0.000000e+00 0.000000e+00 0.000000e+00 0.000000e+00 0.000000e+00 0.000000e+00 0.000000e+00
11562.800000 0.000000e+00 0.000000e+00 0.000000e+00 0.000000e+00 0.000000e+00 0.000000e+00 0.000000e+00 0.000000e+00
11563.000000 0.000000e+00 0.000000e+00 0.000000e+00 0.000000e+00 0.000000e+00 0.000000e+00 0.000000e+00 0.000000e+00
11563.200000 0.000000e+00 0.000000e+00 0.000000e+00 0.000000e+00 0.000000e+00 0.000000e+00 0.000000e+00 0.000000e+00
11563.400000 0.000000e+00 0.000000e+00 0.000000e+00 0.000000e+00 0.000000e+00 0.000000e+00 0.000000e+00 0.000000e+00
11563.600000 0.000000e+00 0.000000e+00 0.000000e+00 0.000000e+00 0.000000e+00 0.000000e+00 0.000000e+00 0.000000e+00
11563.800000 0.000000e+00 0.000000e+00 0.000000e+00 0.000000e+00 0.000000e+00 0.000000e+00 0.000000e+00 0.000000e+00
11564.000000 0.000000e+00 0.000000e+00 0.000000e+00 0.000000e+00 0.000000e+00 0.000000e+00 0.000000e+00 0.000000e+00
11564.200000 0.000000e+00 0.000000e+00 0.000000e+00 0.000000e+00 0.000000e+00 0.000000e+00 0.000000e+00 0.000000e+00
11564.400000 0.000000e+00 0.000000e+00 0.000000e+00 0.000000e+00 0.000000e+00 0.000000e+00 0.000000e+00 0.000000e+00
11564.600000 0.000000e+00 0.000000e+00 0.000000e+00 0.000000e+00 0.000000e+00 0.000000e+00 0.000000e+00 0.000000e+00
11564.800000 0.000000e+00 0.000000e+00 0.000000e+00 0.000000e+00 0.000000e+00 0.000000e+00 0.000000e+00 0.000000e+00
11565.000000 0.000000e+00 0.000000e+00 0.000000e+00 0.000000e+00 0.000000e+00 0.000000e+00 0.000000e+00 0.000000e+00
11565.200000 0.000000e+00 0.000000e+00 0.000000e+00 0.000000e+00 0.000000e+00 0.000000e+00 0.000000e+00 0.000000e+00
11565.400000 0.000000e+00 0.000000e+00 0.000000e+00 0.000000e+00 0.000000e+00 0.000000e+00 0.000000e+00 0.000000e+00
11565.600000 0.000000e+00 0.000000e+00 0.000000e+00 0.000000e+00 0.000000e+00 0.000000e+00 0.000000e+00 0.000000e+00
11565.800000 0.000000e+00 0.000000e+00 0.000000e+00 0.000000e+00 0.000000e+00 0.000000e+00 0.000000e+00 0.000000e+00
11566.000000 0.000000e+00 0.000000e+00 0.000000e+00 0.000000e+00 0.000000e+00 0.000000e+00 0.000000e+00 0.000000e+00
11566.200000 0.000000e+00 0.000000e+00 0.000000e+00 0.000000e+00 0.000000e+00 0.000000e+00 0.000000e+00 0.000000e+00
11566.400000 0.000000e+00 0.000000e+00 0.000000e+00 0.000000e+00 0.000000e+00 0.000000e+00 0.000000e+00 0.000000e+00
11566.600000 0.000000e+00 0.000000e+00 0.000000e+00 0.000000e+00 0.000000e+00 0.000000e+00 0.000000e+00 0.000000e+00
11566.800000 0.000000e+00 0.000000e+00 0.000000e+00 0.000000e+00 0.000000e+00 0.000000e+00 0.000000e+00 0.000000e+00
11567.000000 0.000000e+00 0.000000e+00 0.000000e+00 0.000000e+00 0.000000e+00 0.000000e+00 0.000000e+00 0.000000e+00
11567.200000 0.000000e+00 0.000000e+00 0.000000e+00 0.000000e+00 0.000000e+00 0.000000e+00 0.000000e+00 0.000000e+00
11567.400000 0.000000e+00 0.000000e+00 0.000000e+00 0.000000e+00 0.000000e+00 0.000000e+00 0.000000e+00 0.000000e+00
11567.600000 0.000000e+00 0.000000e+00 0.000000e+00 0.000000e+00 0.000000e+00 0.000000e+00 0.000000e+00 0.000000e+00
11567.800000 0.000000e+00 0.000000e+00 0.000000e+00 0.000000e+00 0.000000e+00 0.000000e+00 0.000000e+00 0.000000e+00
11568.000000 0.000000e+00 0.000000e+00 0.000000e+00 0.000000e+00 0.000000e+00 0.000000e+00 0.000000e+00 0.000000e+00
11568.200000 0.000000e+00 0.000000e+00 0.000000e+00 0.000000e+00 0.000000e+00 0.000000e+00 0.000000e+00 0.000000e+00
11568.400000 0.000000e+00 0.000000e+00 0.000000e+00 0.000000e+00 0.000000e+00 0.000000e+00 0.000000e+00 0.000000e+00
11568.600000 0.000000e+00 0.000000e+00 0.000000e+00 0.000000e+00 0.000000e+00 0.000000e+00 0.000000e+00 0.000000e+00
11568.800000 0.000000e+00 0.000000e+00 0.000000e+00 0.000000e+00 0.000000e+00 0.000000e+00 0.000000e+00 0.000000e+00
11569.000000 0.000000e+00 0.000000e+00 0.000000e+00 0.000000e+00 0.000000e+00 0.000000e+00 0.000000e+00 0.000000e+00
11569.200000 0.000000e+00 0.000000e+00 0.000000e+00 0.000000e+00 0.000000e+00 0.000000e+00 0.000000e+00 0.000000e+00
11569.400000 0.000000e+00 0.000000e+00 0.000000e+00 0.000000e+00 0.000000e+00 0.000000e+00 0.000000e+00 0.000000e+00
11569.600000 0.000000e+00 0.000000e+00 0.000000e+00 0.000000e+00 0.000000e+00 0.000000e+00 0.000000e+00 0.000000e+00
11569.800000 0.000000e+00 0.000000e+00 0.000000e+00 0.000000e+00 0.000000e+00 0.000000e+00 0.000000e+00 0.000000e+00
11570.000000 0.000000e+00 0.000000e+00 0.000000e+00 0.000000e+00 0.000000e+00 0.000000e+00 0.000000e+00 0.000000e+00
11570.200000 0.000000e+00 0.000000e+00 0.000000e+00 0.000000e+00 0.000000e+00 0.000000e+00 0.000000e+00 0.000000e+00
11570.400000 0.000000e+00 0.000000e+00 0.000000e+00 0.000000e+00 0.000000e+00 0.000000e+00 0.000000e+00 0.000000e+00
11570.600000 0.000000e+00 0.000000e+00 0.000000e+00 0.000000e+00 0.000000e+00 0.000000e+00 0.000000e+00 0.000000e+00
11570.800000 0.000000e+00 0.000000e+00 0.000000e+00 0.000000e+00 0.000000e+00 0.000000e+00 0.000000e+00 0.000000e+00
11571.000000 0.000000e+00 0.000000e+00 0.000000e+00 0.000000e+00 0.000000e+00 0.000000e+00 0.000000e+00 0.000000e+00
11571.200000 0.000000e+00 0.000000e+00 0.000000e+00 0.000000e+00 0.000000e+00 0.000000e+00 0.000000e+00 0.000000e+00
11571.400000 0.000000e+00 0.000000e+00 0.000000e+00 0.000000e+00 0.000000e+00 0.000000e+00 0.000000e+00 0.000000e+00
11571.600000 0.000000e+00 0.000000e+00 0.000000e+00 0.000000e+00 0.000000e+00 0.000000e+00 0.000000e+00 0.000000e+00
11571.800000 0.000000e+00 0.000000e+00 0.000000e+00 0.000000e+00 0.000000e+00 0.000000e+00 0.000000e+00 0.000000e+00
11572.000000 0.000000e+00 0.000000e+00 0.000000e+00 0.000000e+00 0.000000e+00 0.000000e+00 0.000000e+00 0.000000e+00
11572.200000 0.000000e+00 0.000000e+00 0.000000e+00 0.000000e+00 0.000000e+00 0.000000e+00 0.000000e+00 0.000000e+00
11572.400000 0.000000e+00 0.000000e+00 0.000000e+00 0.000000e+00 0.000000e+00 0.000000e+00 0.000000e+00 0.000000e+00
11572.600000 0.000000e+00 0.000000e+00 0.000000e+00 0.000000e+00 0.000000e+00 0.000000e+00 0.000000e+00 0.000000e+00
11572.800000 0.000000e+00 0.000000e+00 0.000000e+00 0.000000e+00 0.000000e+00 0.000000e+00 0.000000e+00 0.000000e+00
11573.000000 0.000000e+00 0.000000e+00 0.000000e+00 0.000000e+00 0.000000e+00 0.000000e+00 0.000000e+00 0.000000e+00
11573.200000 0.000000e+00 0.000000e+00 0.000000e+00 0.000000e+00 0.000000e+00 0.000000e+00 0.000000e+00 0.000000e+00
11573.400000 0.000000e+00 0.000000e+00 0.000000e+00 0.000000e+00 0.000000e+00 0.000000e+00 0.000000e+00 0.000000e+00
11573.600000 0.000000e+00 0.000000e+00 0.000000e+00 0.000000e+00 0.000000e+00 0.000000e+00 0.000000e+00 0.000000e+00
11573.800000 0.000000e+00 0.000000e+00 0.000000e+00 0.000000e+00 0.000000e+00 0.000000e+00 0.000000e+00 0.000000e+00
11574.000000 0.000000e+00 0.000000e+00 0.000000e+00 0.000000e+00 0.000000e+00 0.000000e+00 0.000000e+00 0.000000e+00
11574.200000 0.000000e+00 0.000000e+00 0.000000e+00 0.000000e+00 0.000000e+00 0.000000e+00 0.000000e+00 0.000000e+00
11574.400000 0.000000e+00 0.000000e+00 0.000000e+00 0.000000e+00 0.000000e+00 0.000000e+00 0.000000e+00 0.000000e+00
11574.600000 0.000000e+00 0.000000e+00 0.000000e+00 0.000000e+00 0.000000e+00 0.000000e+00 0.000000e+00 0.000000e+00
11574.800000 0.000000e+00 0.000000e+00 0.000000e+00 0.000000e+00 0.000000e+00 0.000000e+00 0.000000e+00 0.000000e+00
11575.000000 0.000000e+00 0.000000e+00 0.000000e+00 0.000000e+00 0.000000e+00 0.000000e+00 0.000000e+00 0.000000e+00
11575.200000 0.000000e+00 0.000000e+00 0.000000e+00 0.000000e+00 0.000000e+00 0.000000e+00 0.000000e+00 0.000000e+00
11575.400000 0.000000e+00 0.000000e+00 0.000000e+00 0.000000e+00 0.000000e+00 0.000000e+00 0.000000e+00 0.000000e+00
11575.600000 0.000000e+00 0.000000e+00 0.000000e+00 0.000000e+00 0.000000e+00 0.000000e+00 0.000000e+00 0.000000e+00
11575.800000 0.000000e+00 0.000000e+00 0.000000e+00 0.000000e+00 0.000000e+00 0.000000e+00 0.000000e+00 0.000000e+00
11576.000000 0.000000e+00 0.000000e+00 0.000000e+00 0.000000e+00 0.000000e+00 0.000000e+00 0.000000e+00 0.000000e+00
11576.200000 0.000000e+00 0.000000e+00 0.000000e+00 0.000000e+00 0.000000e+00 0.000000e+00 0.000000e+00 0.000000e+00
11576.400000 0.000000e+00 0.000000e+00 0.000000e+00 0.000000e+00 0.000000e+00 0.000000e+00 0.000000e+00 0.000000e+00
11576.600000 0.000000e+00 0.000000e+00 0.000000e+00 0.000000e+00 0.000000e+00 0.000000e+00 0.000000e+00 0.000000e+00
11576.800000 0.000000e+00 0.000000e+00 0.000000e+00 0.000000e+00 0.000000e+00 0.000000e+00 0.000000e+00 0.000000e+00
11577.000000 0.000000e+00 0.000000e+00 0.000000e+00 0.000000e+00 0.000000e+00 0.000000e+00 0.000000e+00 0.000000e+00
11577.200000 0.000000e+00 0.000000e+00 0.000000e+00 0.000000e+00 0.000000e+00 0.000000e+00 0.000000e+00 0.000000e+00
11577.400000 0.000000e+00 0.000000e+00 0.000000e+00 0.000000e+00 0.000000e+00 0.000000e+00 0.000000e+00 0.000000e+00
11577.600000 0.000000e+00 0.000000e+00 0.000000e+00 0.000000e+00 0.000000e+00 0.000000e+00 0.000000e+00 0.000000e+00
11577.800000 0.000000e+00 0.000000e+00 0.000000e+00 0.000000e+00 0.000000e+00 0.000000e+00 0.000000e+00 0.000000e+00
11578.000000 0.000000e+00 0.000000e+00 0.000000e+00 0.000000e+00 0.000000e+00 0.000000e+00 0.000000e+00 0.000000e+00
11578.200000 0.000000e+00 0.000000e+00 0.000000e+00 0.000000e+00 0.000000e+00 0.000000e+00 0.000000e+00 0.000000e+00
11578.400000 0.000000e+00 0.000000e+00 0.000000e+00 0.000000e+00 0.000000e+00 0.000000e+00 0.000000e+00 0.000000e+00
11578.600000 0.000000e+00 0.000000e+00 0.000000e+00 0.000000e+00 0.000000e+00 0.000000e+00 0.000000e+00 0.000000e+00
11578.800000 0.000000e+00 0.000000e+00 0.000000e+00 0.000000e+00 0.000000e+00 0.000000e+00 0.000000e+00 0.000000e+00
11579.000000 0.000000e+00 0.000000e+00 0.000000e+00 0.000000e+00 0.000000e+00 0.000000e+00 0.000000e+00 0.000000e+00
11579.200000 0.000000e+00 0.000000e+00 0.000000e+00 0.000000e+00 0.000000e+00 0.000000e+00 0.000000e+00 0.000000e+00
11579.400000 0.000000e+00 0.000000e+00 0.000000e+00 0.000000e+00 0.000000e+00 0.000000e+00 0.000000e+00 0.000000e+00
11579.600000 0.000000e+00 0.000000e+00 0.000000e+00 0.000000e+00 0.000000e+00 0.000000e+00 0.000000e+00 0.000000e+00
11579.800000 0.000000e+00 0.000000e+00 0.000000e+00 0.000000e+00 0.000000e+00 0.000000e+00 0.000000e+00 0.000000e+00
11580.000000 0.000000e+00 0.000000e+00 0.000000e+00 0.000000e+00 0.000000e+00 0.000000e+00 0.000000e+00 0.000000e+00
11580.200000 0.000000e+00 0.000000e+00 0.000000e+00 0.000000e+00 0.000000e+00 0.000000e+00 0.000000e+00 0.000000e+00
11580.400000 0.000000e+00 0.000000e+00 0.000000e+00 0.000000e+00 0.000000e+00 0.000000e+00 0.000000e+00 0.000000e+00
11580.600000 0.000000e+00 0.000000e+00 0.000000e+00 0.000000e+00 0.000000e+00 0.000000e+00 0.000000e+00 0.000000e+00
11580.800000 0.000000e+00 0.000000e+00 0.000000e+00 0.000000e+00 0.000000e+00 0.000000e+00 0.000000e+00 0.000000e+00
11581.000000 0.000000e+00 0.000000e+00 0.000000e+00 0.000000e+00 0.000000e+00 0.000000e+00 0.000000e+00 0.000000e+00
11581.200000 0.000000e+00 0.000000e+00 0.000000e+00 0.000000e+00 0.000000e+00 0.000000e+00 0.000000e+00 0.000000e+00
11581.400000 0.000000e+00 0.000000e+00 0.000000e+00 0.000000e+00 0.000000e+00 0.000000e+00 0.000000e+00 0.000000e+00
11581.600000 0.000000e+00 0.000000e+00 0.000000e+00 0.000000e+00 0.000000e+00 0.000000e+00 0.000000e+00 0.000000e+00
11581.800000 0.000000e+00 0.000000e+00 0.000000e+00 0.000000e+00 0.000000e+00 0.000000e+00 0.000000e+00 0.000000e+00
11582.000000 0.000000e+00 0.000000e+00 0.000000e+00 0.000000e+00 0.000000e+00 0.000000e+00 0.000000e+00 0.000000e+00
11582.200000 0.000000e+00 0.000000e+00 0.000000e+00 0.000000e+00 0.000000e+00 0.000000e+00 0.000000e+00 0.000000e+00
11582.400000 0.000000e+00 0.000000e+00 0.000000e+00 0.000000e+00 0.000000e+00 0.000000e+00 0.000000e+00 0.000000e+00
11582.600000 0.000000e+00 0.000000e+00 0.000000e+00 0.000000e+00 0.000000e+00 0.000000e+00 0.000000e+00 0.000000e+00
11582.800000 0.000000e+00 0.000000e+00 0.000000e+00 0.000000e+00 0.000000e+00 0.000000e+00 0.000000e+00 0.000000e+00
11583.000000 0.000000e+00 0.000000e+00 0.000000e+00 0.000000e+00 0.000000e+00 0.000000e+00 0.000000e+00 0.000000e+00
11583.200000 0.000000e+00 0.000000e+00 0.000000e+00 0.000000e+00 0.000000e+00 0.000000e+00 0.000000e+00 0.000000e+00
11583.400000 0.000000e+00 0.000000e+00 0.000000e+00 0.000000e+00 0.000000e+00 0.000000e+00 0.000000e+00 0.000000e+00
11583.600000 0.000000e+00 0.000000e+00 0.000000e+00 0.000000e+00 0.000000e+00 0.000000e+00 0.000000e+00 0.000000e+00
11583.800000 0.000000e+00 0.000000e+00 0.000000e+00 0.000000e+00 0.000000e+00 0.000000e+00 0.000000e+00 0.000000e+00
11584.000000 0.000000e+00 0.000000e+00 0.000000e+00 0.000000e+00 0.000000e+00 0.000000e+00 0.000000e+00 0.000000e+00
11584.200000 0.000000e+00 0.000000e+00 0.000000e+00 0.000000e+00 0.000000e+00 0.000000e+00 0.000000e+00 0.000000e+00
11584.400000 0.000000e+00 0.000000e+00 0.000000e+00 0.000000e+00 0.000000e+00 0.000000e+00 0.000000e+00 0.000000e+00
11584.600000 0.000000e+00 0.000000e+00 0.000000e+00 0.000000e+00 0.000000e+00 0.000000e+00 0.000000e+00 0.000000e+00
11584.800000 0.000000e+00 0.000000e+00 0.000000e+00 0.000000e+00 0.000000e+00 0.000000e+00 0.000000e+00 0.000000e+00
11585.000000 0.000000e+00 0.000000e+00 0.000000e+00 0.000000e+00 0.000000e+00 0.000000e+00 0.000000e+00 0.000000e+00
11585.200000 0.000000e+00 0.000000e+00 0.000000e+00 0.000000e+00 0.000000e+00 0.000000e+00 0.000000e+00 0.000000e+00
11585.400000 0.000000e+00 0.000000e+00 0.000000e+00 0.000000e+00 0.000000e+00 0.000000e+00 0.000000e+00 0.000000e+00
11585.600000 0.000000e+00 0.000000e+00 0.000000e+00 0.000000e+00 0.000000e+00 0.000000e+00 0.000000e+00 0.000000e+00
11585.800000 0.000000e+00 0.000000e+00 0.000000e+00 0.000000e+00 0.000000e+00 0.000000e+00 0.000000e+00 0.000000e+00
11586.000000 0.000000e+00 0.000000e+00 0.000000e+00 0.000000e+00 0.000000e+00 0.000000e+00 0.000000e+00 0.000000e+00
11586.200000 0.000000e+00 0.000000e+00 0.000000e+00 0.000000e+00 0.000000e+00 0.000000e+00 0.000000e+00 0.000000e+00
11586.400000 0.000000e+00 0.000000e+00 0.000000e+00 0.000000e+00 0.000000e+00 0.000000e+00 0.000000e+00 0.000000e+00
11586.600000 0.000000e+00 0.000000e+00 0.000000e+00 0.000000e+00 0.000000e+00 0.000000e+00 0.000000e+00 0.000000e+00
11586.800000 0.000000e+00 0.000000e+00 0.000000e+00 0.000000e+00 0.000000e+00 0.000000e+00 0.000000e+00 0.000000e+00
11587.000000 0.000000e+00 0.000000e+00 0.000000e+00 0.000000e+00 0.000000e+00 0.000000e+00 0.000000e+00 0.000000e+00
11587.200000 0.000000e+00 0.000000e+00 0.000000e+00 0.000000e+00 0.000000e+00 0.000000e+00 0.000000e+00 0.000000e+00
11587.400000 0.000000e+00 0.000000e+00 0.000000e+00 0.000000e+00 0.000000e+00 0.000000e+00 0.000000e+00 0.000000e+00
11587.600000 0.000000e+00 0.000000e+00 0.000000e+00 0.000000e+00 0.000000e+00 0.000000e+00 0.000000e+00 0.000000e+00
11587.800000 0.000000e+00 0.000000e+00 0.000000e+00 0.000000e+00 0.000000e+00 0.000000e+00 0.000000e+00 0.000000e+00
11588.000000 0.000000e+00 0.000000e+00 0.000000e+00 0.000000e+00 0.000000e+00 0.000000e+00 0.000000e+00 0.000000e+00
11588.200000 0.000000e+00 0.000000e+00 0.000000e+00 0.000000e+00 0.000000e+00 0.000000e+00 0.000000e+00 0.000000e+00
11588.400000 0.000000e+00 0.000000e+00 0.000000e+00 0.000000e+00 0.000000e+00 0.000000e+00 0.000000e+00 0.000000e+00
11588.600000 0.000000e+00 0.000000e+00 0.000000e+00 0.000000e+00 0.000000e+00 0.000000e+00 0.000000e+00 0.000000e+00
11588.800000 0.000000e+00 0.000000e+00 0.000000e+00 0.000000e+00 0.000000e+00 0.000000e+00 0.000000e+00 0.000000e+00
11589.000000 0.000000e+00 0.000000e+00 0.000000e+00 0.000000e+00 0.000000e+00 0.000000e+00 0.000000e+00 0.000000e+00
11589.200000 0.000000e+00 0.000000e+00 0.000000e+00 0.000000e+00 0.000000e+00 0.000000e+00 0.000000e+00 0.000000e+00
11589.400000 0.000000e+00 0.000000e+00 0.000000e+00 0.000000e+00 0.000000e+00 0.000000e+00 0.000000e+00 0.000000e+00
11589.600000 0.000000e+00 0.000000e+00 0.000000e+00 0.000000e+00 0.000000e+00 0.000000e+00 0.000000e+00 0.000000e+00
11589.800000 0.000000e+00 0.000000e+00 0.000000e+00 0.000000e+00 0.000000e+00 0.000000e+00 0.000000e+00 0.000000e+00
11590.000000 0.000000e+00 0.000000e+00 0.000000e+00 0.000000e+00 0.000000e+00 0.000000e+00 0.000000e+00 0.000000e+00
11590.200000 0.000000e+00 0.000000e+00 0.000000e+00 0.000000e+00 0.000000e+00 0.000000e+00 0.000000e+00 0.000000e+00
11590.400000 0.000000e+00 0.000000e+00 0.000000e+00 0.000000e+00 0.000000e+00 0.000000e+00 0.000000e+00 0.000000e+00
11590.600000 0.000000e+00 0.000000e+00 0.000000e+00 0.000000e+00 0.000000e+00 0.000000e+00 0.000000e+00 0.000000e+00
11590.800000 0.000000e+00 0.000000e+00 0.000000e+00 0.000000e+00 0.000000e+00 0.000000e+00 0.000000e+00 0.000000e+00
11591.000000 0.000000e+00 0.000000e+00 0.000000e+00 0.000000e+00 0.000000e+00 0.000000e+00 0.000000e+00 0.000000e+00
11591.200000 0.000000e+00 0.000000e+00 0.000000e+00 0.000000e+00 0.000000e+00 0.000000e+00 0.000000e+00 0.000000e+00
11591.400000 0.000000e+00 0.000000e+00 0.000000e+00 0.000000e+00 0.000000e+00 0.000000e+00 0.000000e+00 0.000000e+00
11591.600000 0.000000e+00 0.000000e+00 0.000000e+00 0.000000e+00 0.000000e+00 0.000000e+00 0.000000e+00 0.000000e+00
11591.800000 0.000000e+00 0.000000e+00 0.000000e+00 0.000000e+00 0.000000e+00 0.000000e+00 0.000000e+00 0.000000e+00
11592.000000 0.000000e+00 0.000000e+00 0.000000e+00 0.000000e+00 0.000000e+00 0.000000e+00 0.000000e+00 0.000000e+00
11592.200000 0.000000e+00 0.000000e+00 0.000000e+00 0.000000e+00 0.000000e+00 0.000000e+00 0.000000e+00 0.000000e+00
11592.400000 0.000000e+00 0.000000e+00 0.000000e+00 0.000000e+00 0.000000e+00 0.000000e+00 0.000000e+00 0.000000e+00
11592.600000 0.000000e+00 0.000000e+00 0.000000e+00 0.000000e+00 0.000000e+00 0.000000e+00 0.000000e+00 0.000000e+00
11592.800000 0.000000e+00 0.000000e+00 0.000000e+00 0.000000e+00 0.000000e+00 0.000000e+00 0.000000e+00 0.000000e+00
11593.000000 0.000000e+00 0.000000e+00 0.000000e+00 0.000000e+00 0.000000e+00 0.000000e+00 0.000000e+00 0.000000e+00
11593.200000 0.000000e+00 0.000000e+00 0.000000e+00 0.000000e+00 0.000000e+00 0.000000e+00 0.000000e+00 0.000000e+00
11593.400000 0.000000e+00 0.000000e+00 0.000000e+00 0.000000e+00 0.000000e+00 0.000000e+00 0.000000e+00 0.000000e+00
11593.600000 0.000000e+00 0.000000e+00 0.000000e+00 0.000000e+00 0.000000e+00 0.000000e+00 0.000000e+00 0.000000e+00
11593.800000 0.000000e+00 0.000000e+00 0.000000e+00 0.000000e+00 0.000000e+00 0.000000e+00 0.000000e+00 0.000000e+00
11594.000000 0.000000e+00 0.000000e+00 0.000000e+00 0.000000e+00 0.000000e+00 0.000000e+00 0.000000e+00 0.000000e+00
11594.200000 0.000000e+00 0.000000e+00 0.000000e+00 0.000000e+00 0.000000e+00 0.000000e+00 0.000000e+00 0.000000e+00
11594.400000 0.000000e+00 0.000000e+00 0.000000e+00 0.000000e+00 0.000000e+00 0.000000e+00 0.000000e+00 0.000000e+00
11594.600000 0.000000e+00 0.000000e+00 0.000000e+00 0.000000e+00 0.000000e+00 0.000000e+00 0.000000e+00 0.000000e+00
11594.800000 0.000000e+00 0.000000e+00 0.000000e+00 0.000000e+00 0.000000e+00 0.000000e+00 0.000000e+00 0.000000e+00
11595.000000 0.000000e+00 0.000000e+00 0.000000e+00 0.000000e+00 0.000000e+00 0.000000e+00 0.000000e+00 0.000000e+00
11595.200000 0.000000e+00 0.000000e+00 0.000000e+00 0.000000e+00 0.000000e+00 0.000000e+00 0.000000e+00 0.000000e+00
11595.400000 0.000000e+00 0.000000e+00 0.000000e+00 0.000000e+00 0.000000e+00 0.000000e+00 0.000000e+00 0.000000e+00
11595.600000 0.000000e+00 0.000000e+00 0.000000e+00 0.000000e+00 0.000000e+00 0.000000e+00 0.000000e+00 0.000000e+00
11595.800000 0.000000e+00 0.000000e+00 0.000000e+00 0.000000e+00 0.000000e+00 0.000000e+00 0.000000e+00 0.000000e+00
11596.000000 0.000000e+00 0.000000e+00 0.000000e+00 0.000000e+00 0.000000e+00 0.000000e+00 0.000000e+00 0.000000e+00
11596.200000 0.000000e+00 0.000000e+00 0.000000e+00 0.000000e+00 0.000000e+00 0.000000e+00 0.000000e+00 0.000000e+00
11596.400000 0.000000e+00 0.000000e+00 0.000000e+00 0.000000e+00 0.000000e+00 0.000000e+00 0.000000e+00 0.000000e+00
11596.600000 0.000000e+00 0.000000e+00 0.000000e+00 0.000000e+00 0.000000e+00 0.000000e+00 0.000000e+00 0.000000e+00
11596.800000 0.000000e+00 0.000000e+00 0.000000e+00 0.000000e+00 0.000000e+00 0.000000e+00 0.000000e+00 0.000000e+00
11597.000000 0.000000e+00 0.000000e+00 0.000000e+00 0.000000e+00 0.000000e+00 0.000000e+00 0.000000e+00 0.000000e+00
11597.700000 0.000000e+00 0.000000e+00 0.000000e+00 0.000000e+00 0.000000e+00 0.000000e+00 0.000000e+00 0.000000e+00
11598.400000 0.000000e+00 0.000000e+00 0.000000e+00 0.000000e+00 0.000000e+00 0.000000e+00 0.000000e+00 0.000000e+00
11599.100000 0.000000e+00 0.000000e+00 0.000000e+00 0.000000e+00 0.000000e+00 0.000000e+00 0.000000e+00 0.000000e+00
11599.800000 0.000000e+00 0.000000e+00 0.000000e+00 0.000000e+00 0.000000e+00 0.000000e+00 0.000000e+00 0.000000e+00
11600.500000 0.000000e+00 0.000000e+00 0.000000e+00 0.000000e+00 0.000000e+00 0.000000e+00 0.000000e+00 0.000000e+00
11601.200000 0.000000e+00 0.000000e+00 0.000000e+00 0.000000e+00 0.000000e+00 0.000000e+00 0.000000e+00 0.000000e+00
11601.900000 0.000000e+00 0.000000e+00 0.000000e+00 0.000000e+00 0.000000e+00 0.000000e+00 0.000000e+00 0.000000e+00
11602.600000 0.000000e+00 0.000000e+00 0.000000e+00 0.000000e+00 0.000000e+00 0.000000e+00 0.000000e+00 0.000000e+00
11603.300000 0.000000e+00 0.000000e+00 0.000000e+00 0.000000e+00 0.000000e+00 0.000000e+00 0.000000e+00 0.000000e+00
