# Facility: NSLS-II
# Beamline: QAS
# Year: 2022
# Cycle: 2
# SAF: 309618
# PI: Wang
# Proposal: 309017
# Scan ID: 52211
# UID: c04e67fa-1818-4b4a-b549-2114a1923371
# Comment: 
# Start time: 07/18/2022  09:55:54
# Stop time: 07/18/2022  09:56:26
# Total time: 00:31
# Trajectory name: Pt-L3-30s-11564.txt
# Element: Platinum ( 78)
# Edge: L3
# E0: 11564
# Reference Foil Element: Pt
# Keithley Gains I0: 1E7 V/A It: 1E6 V/A Iref: 1E7 V/A PIPS: 1E8 V/A 
# Ion Chamber Gas Flow Rates: I0: 0.00 sccm He + 99.70 sccm N2 + 0.00 sccm Ar 
# Ion Chamber Gas Flow Rates: It&Iref: 89.80 sccm N2 + 210.20 sccm Ar
# Incident Beam Path Vertical: -27.99 mm
# Incident Slits Positions B: TOP: 1.0 mm Bottom: -1.0 mm Inboard: -2.0 mm Outboard: 2.0 mm
# Sample Stage Positions: Rotation: 45.0 deg Horizontal: 0.00 mm Vertical: -20.00 mm Beam Direction: 0.00 mm
# PerkinElmer Vertical Position: 500.00 mm
# Front End Mirror Horizontal Positions: Up: -14.00 mm Down: -14.00 mm
#
# energy  i0  it  ir  iff  aux1  aux2  aux3  aux4
11377.787333 4.696752e-01 5.476722e-01 6.324471e-01 1.597839e-02 -1.335360e-05 -2.364778e-05 2.781427e-05 -3.867220e-05
11382.787333 9.287548e-01 1.083609e+00 1.253599e+00 3.164924e-02 -3.218317e-05 -5.337272e-05 5.609453e-05 -7.368965e-05
11387.787333 9.333874e-01 1.090048e+00 1.264368e+00 3.185681e-02 -3.081782e-05 -4.813212e-05 5.483183e-05 -7.301784e-05
11392.787333 9.275863e-01 1.084557e+00 1.260916e+00 3.155447e-02 -1.854571e-05 -4.956420e-05 5.308373e-05 -7.035381e-05
11397.787333 9.262439e-01 1.083917e+00 1.263559e+00 3.153598e-02 -1.110314e-05 -4.754740e-05 5.163493e-05 -7.359295e-05
11402.787333 9.235737e-01 1.081706e+00 1.264155e+00 3.162470e-02 -1.983038e-05 -5.101957e-05 5.284278e-05 -8.848061e-05
11407.787333 9.256641e-01 1.085066e+00 1.271646e+00 3.167871e-02 -1.599313e-05 -4.384826e-05 4.962245e-05 -9.166689e-05
11412.787333 9.226880e-01 1.082468e+00 1.271742e+00 3.171136e-02 -1.762075e-05 -4.261750e-05 5.051427e-05 -8.840810e-05
11417.787333 9.202473e-01 1.080625e+00 1.272913e+00 3.151761e-02 -2.563226e-05 -4.068549e-05 5.161972e-05 -7.799823e-05
11422.787333 9.042507e-01 1.063492e+00 1.255281e+00 3.112501e-02 -2.662861e-05 -4.199633e-05 4.261763e-05 -7.444328e-05
11427.787333 9.153463e-01 1.076964e+00 1.275147e+00 3.154481e-02 -1.470130e-05 -4.438832e-05 4.447630e-05 -8.243374e-05
11432.787333 9.149621e-01 1.077409e+00 1.279015e+00 3.142931e-02 -2.011188e-05 -4.878051e-05 5.472001e-05 -7.991876e-05
11437.787333 9.149222e-01 1.078346e+00 1.283755e+00 3.162470e-02 -2.898606e-05 -5.354860e-05 4.761417e-05 -8.594898e-05
11442.787333 9.164160e-01 1.081065e+00 1.290309e+00 3.151211e-02 -2.933975e-05 -4.386632e-05 3.667739e-05 -9.436999e-05
11447.787333 9.139264e-01 1.079124e+00 1.291354e+00 3.157958e-02 -3.292331e-05 -4.302198e-05 4.959060e-05 -9.282960e-05
11452.787333 9.075669e-01 1.072782e+00 1.286661e+00 3.141238e-02 -3.866507e-05 -4.610442e-05 4.566770e-05 -8.043034e-05
11457.787333 9.047854e-01 1.070487e+00 1.286878e+00 3.133346e-02 -4.231860e-05 -3.910160e-05 3.912327e-05 -9.056878e-05
11462.787333 9.066729e-01 1.073522e+00 1.293865e+00 3.139926e-02 -3.914275e-05 -3.892866e-05 4.116726e-05 -8.881087e-05
11467.787333 9.054493e-01 1.073110e+00 1.295979e+00 3.129791e-02 -3.560830e-05 -4.155830e-05 3.674378e-05 -8.788177e-05
11472.787333 9.026195e-01 1.070931e+00 1.296116e+00 3.125663e-02 -2.623737e-05 -2.878602e-05 4.597591e-05 -8.772458e-05
11477.787333 9.020155e-01 1.071172e+00 1.299315e+00 3.123773e-02 -2.832800e-05 -4.187542e-05 4.704663e-05 -8.732182e-05
11482.787333 8.996282e-01 1.069196e+00 1.299571e+00 3.131377e-02 -3.435627e-05 -4.803313e-05 4.516867e-05 -8.374803e-05
11487.787333 8.886854e-01 1.057578e+00 1.287381e+00 3.084328e-02 -2.111389e-05 -5.049883e-05 3.635473e-05 -7.986067e-05
11492.787333 8.881562e-01 1.057924e+00 1.290015e+00 3.098360e-02 -2.651600e-05 -5.546941e-05 3.305535e-05 -8.281853e-05
11497.787333 9.002248e-01 1.072834e+00 1.310990e+00 3.141046e-02 -3.454364e-05 -5.438025e-05 3.922873e-05 -8.886712e-05
11502.787333 8.964832e-01 1.069482e+00 1.308744e+00 3.142323e-02 -4.378247e-05 -3.823515e-05 4.164674e-05 -8.735309e-05
11507.787333 8.970713e-01 1.070958e+00 1.312042e+00 3.148677e-02 -3.761096e-05 -3.862635e-05 4.978013e-05 -8.519192e-05
11512.787333 8.967741e-01 1.071491e+00 1.313518e+00 3.122282e-02 -3.016334e-05 -4.483407e-05 5.914459e-05 -7.746249e-05
11517.787333 8.959908e-01 1.071479e+00 1.313477e+00 3.143027e-02 -3.875832e-05 -4.670672e-05 6.612584e-05 -8.721881e-05
11522.787333 8.960331e-01 1.072380e+00 1.313477e+00 3.145667e-02 -4.170455e-05 -3.891100e-05 6.191865e-05 -8.818199e-05
11527.787333 8.908793e-01 1.067465e+00 1.304216e+00 3.117720e-02 -3.800754e-05 -3.117558e-05 6.352286e-05 -8.341569e-05
11532.787333 8.916088e-01 1.069229e+00 1.301240e+00 3.129464e-02 -3.307963e-05 -2.823887e-05 6.416120e-05 -6.976676e-05
11534.000000 8.921345e-01 1.070153e+00 1.300788e+00 3.140713e-02 -3.331249e-05 -4.065857e-05 6.281142e-05 -6.932823e-05
11535.000000 8.974775e-01 1.076565e+00 1.306885e+00 3.193665e-02 -3.403162e-05 -3.487210e-05 6.548047e-05 -7.085083e-05
11536.000000 8.965830e-01 1.075576e+00 1.304302e+00 3.214955e-02 -4.109270e-05 -3.834915e-05 6.080965e-05 -7.753765e-05
11537.000000 8.896904e-01 1.067840e+00 1.291911e+00 3.118475e-02 -4.394718e-05 -3.795070e-05 5.920868e-05 -6.851542e-05
11538.000000 8.945132e-01 1.073643e+00 1.297148e+00 3.156638e-02 -3.670713e-05 -4.219588e-05 4.216227e-05 -7.814932e-05
11539.000000 8.913092e-01 1.069871e+00 1.289399e+00 3.156171e-02 -3.547678e-05 -4.657288e-05 5.626021e-05 -7.435771e-05
11540.000000 8.943058e-01 1.074135e+00 1.291689e+00 3.176961e-02 -4.451434e-05 -4.546023e-05 5.930159e-05 -8.051552e-05
11541.000000 8.931691e-01 1.072572e+00 1.286825e+00 3.122061e-02 -3.154152e-05 -4.763350e-05 6.220412e-05 -8.215754e-05
11541.200000 8.948690e-01 1.074582e+00 1.288799e+00 3.315427e-02 -2.621322e-05 -5.207584e-05 7.326059e-05 -7.837110e-05
11541.400000 9.019539e-01 1.083063e+00 1.298202e+00 3.015594e-02 -3.509211e-05 -3.822969e-05 7.197335e-05 -7.485816e-05
11541.600000 8.968350e-01 1.077264e+00 1.289655e+00 3.218036e-02 -3.807878e-05 -4.094824e-05 5.582167e-05 -7.819622e-05
11541.800000 8.851465e-01 1.063481e+00 1.272852e+00 2.994932e-02 -3.935907e-05 -4.443650e-05 6.423883e-05 -7.424341e-05
11542.000000 8.749802e-01 1.051553e+00 1.257386e+00 3.147418e-02 -3.556853e-05 -3.510737e-05 6.317209e-05 -7.188773e-05
11542.200000 9.058668e-01 1.087682e+00 1.299901e+00 3.024764e-02 -3.032603e-05 -4.595860e-05 5.954973e-05 -8.055830e-05
11542.400000 8.809765e-01 1.058843e+00 1.264051e+00 3.013020e-02 -3.939591e-05 -3.659407e-05 5.482057e-05 -9.654844e-05
11542.600000 8.925441e-01 1.071426e+00 1.279587e+00 3.161623e-02 -3.987039e-05 -3.650446e-05 4.774921e-05 -8.905994e-05
11542.800000 9.000860e-01 1.081316e+00 1.289653e+00 3.148737e-02 -3.523887e-05 -2.459141e-05 4.837094e-05 -8.777139e-05
11543.000000 8.938267e-01 1.073194e+00 1.279934e+00 3.137543e-02 -4.133954e-05 -2.790996e-05 5.353052e-05 -9.057403e-05
11543.200000 9.078880e-01 1.090434e+00 1.298904e+00 3.296804e-02 -4.862524e-05 -2.580262e-05 6.244798e-05 -1.025741e-04
11543.400000 8.911416e-01 1.070513e+00 1.273930e+00 3.176763e-02 -4.217920e-05 -3.120872e-05 7.119800e-05 -1.013131e-04
11543.600000 8.983564e-01 1.078911e+00 1.283216e+00 3.123856e-02 -4.277320e-05 -4.680294e-05 7.281074e-05 -9.715012e-05
11543.800000 8.779698e-01 1.054500e+00 1.253557e+00 3.192502e-02 -4.208258e-05 -4.690555e-05 8.962878e-05 -8.094668e-05
11544.000000 8.939740e-01 1.074400e+00 1.276235e+00 3.244015e-02 -3.933847e-05 -3.481436e-05 8.570599e-05 -8.820826e-05
11544.200000 8.965742e-01 1.077612e+00 1.278432e+00 3.183071e-02 -4.754552e-05 -2.715781e-05 6.015794e-05 -8.560840e-05
11544.400000 8.965148e-01 1.076898e+00 1.276625e+00 3.134151e-02 -4.524221e-05 -3.183721e-05 6.801603e-05 -8.077933e-05
11544.600000 8.970653e-01 1.077876e+00 1.276262e+00 3.054452e-02 -3.715952e-05 -3.115105e-05 6.954867e-05 -5.904997e-05
11544.800000 8.920599e-01 1.071885e+00 1.268485e+00 3.157881e-02 -2.957625e-05 -3.298149e-05 5.980680e-05 -7.098598e-05
11545.000000 9.044551e-01 1.087020e+00 1.285245e+00 3.297186e-02 -3.070678e-05 -4.353239e-05 5.814513e-05 -7.998260e-05
11545.200000 8.841540e-01 1.062699e+00 1.255304e+00 3.253795e-02 -3.122325e-05 -3.888820e-05 5.590442e-05 -7.493225e-05
11545.400000 8.842235e-01 1.064066e+00 1.253583e+00 2.902458e-02 -3.638785e-05 -3.660664e-05 7.153007e-05 -7.096134e-05
11545.600000 8.700125e-01 1.045869e+00 1.232389e+00 3.008559e-02 -2.605369e-05 -3.591907e-05 5.157812e-05 -7.480857e-05
11545.800000 8.883612e-01 1.068026e+00 1.257250e+00 3.329235e-02 -2.336268e-05 -4.088251e-05 4.848182e-05 -7.418672e-05
11546.000000 8.891474e-01 1.069090e+00 1.257333e+00 3.170093e-02 -2.635026e-05 -3.819638e-05 6.110503e-05 -6.476288e-05
11546.200000 8.964938e-01 1.077332e+00 1.265880e+00 3.204983e-02 -2.582660e-05 -3.221429e-05 5.870955e-05 -8.411849e-05
11546.400000 8.896351e-01 1.069464e+00 1.255179e+00 3.201808e-02 -2.199605e-05 -3.708728e-05 6.584225e-05 -8.186807e-05
11546.600000 9.115682e-01 1.096014e+00 1.284376e+00 3.203004e-02 -3.661062e-05 -3.772000e-05 6.158157e-05 -7.171052e-05
11546.800000 8.889300e-01 1.069452e+00 1.250644e+00 3.166886e-02 -3.887851e-05 -4.214314e-05 6.215009e-05 -8.362674e-05
11547.000000 8.853253e-01 1.064428e+00 1.244623e+00 3.080647e-02 -4.057974e-05 -3.336359e-05 6.520998e-05 -8.413283e-05
11547.200000 8.963343e-01 1.078160e+00 1.258844e+00 3.163039e-02 -3.934039e-05 -4.169687e-05 5.822546e-05 -7.509404e-05
11547.400000 8.921065e-01 1.073065e+00 1.250643e+00 3.281278e-02 -2.960103e-05 -3.752321e-05 6.003713e-05 -7.385228e-05
11547.600000 8.876509e-01 1.067257e+00 1.243847e+00 3.056462e-02 -3.543743e-05 -4.211778e-05 4.904088e-05 -7.456429e-05
11547.800000 8.916693e-01 1.071705e+00 1.247201e+00 3.063698e-02 -3.291851e-05 -4.834767e-05 6.733441e-05 -6.215436e-05
11548.000000 8.770795e-01 1.054847e+00 1.224783e+00 3.059454e-02 -3.024074e-05 -3.849966e-05 6.031516e-05 -7.525040e-05
11548.200000 8.930029e-01 1.073304e+00 1.246110e+00 3.138312e-02 -3.610004e-05 -4.410552e-05 5.957196e-05 -8.349108e-05
11548.400000 8.894678e-01 1.070058e+00 1.239599e+00 3.190846e-02 -3.044046e-05 -6.696696e-05 6.957208e-05 -9.229043e-05
11548.600000 8.902763e-01 1.071311e+00 1.237980e+00 3.161078e-02 -2.203824e-05 -6.514415e-05 6.675181e-05 -9.275090e-05
11548.800000 9.024603e-01 1.084639e+00 1.252869e+00 3.156060e-02 -1.378166e-05 -4.976468e-05 5.614434e-05 -9.981608e-05
11549.000000 8.906446e-01 1.071080e+00 1.234327e+00 3.048141e-02 -1.678672e-05 -5.678476e-05 5.763339e-05 -9.067273e-05
11549.200000 8.993805e-01 1.081646e+00 1.244788e+00 3.195537e-02 -2.028888e-05 -4.796036e-05 5.004006e-05 -9.405512e-05
11549.400000 8.936695e-01 1.075495e+00 1.234324e+00 3.038555e-02 -2.131322e-05 -4.787823e-05 5.354190e-05 -1.003125e-04
11549.600000 8.802777e-01 1.059597e+00 1.213749e+00 3.114995e-02 -2.944457e-05 -4.308313e-05 7.641291e-05 -1.001567e-04
11549.800000 8.812154e-01 1.060521e+00 1.211912e+00 3.141728e-02 -3.492189e-05 -4.013767e-05 7.130872e-05 -1.063665e-04
11550.000000 8.938325e-01 1.075356e+00 1.227783e+00 3.313907e-02 -2.646555e-05 -3.799444e-05 7.206949e-05 -1.091398e-04
11550.200000 8.906762e-01 1.071540e+00 1.221036e+00 3.205447e-02 -2.629465e-05 -3.961068e-05 6.354010e-05 -1.039113e-04
11550.400000 8.835429e-01 1.063122e+00 1.209171e+00 3.052698e-02 -2.333696e-05 -4.792363e-05 6.787815e-05 -9.081120e-05
11550.600000 8.927749e-01 1.074384e+00 1.218904e+00 3.345332e-02 -1.992934e-05 -4.550440e-05 5.967415e-05 -9.407271e-05
11550.800000 8.938784e-01 1.075418e+00 1.217213e+00 3.084098e-02 -1.813989e-05 -4.786529e-05 5.603830e-05 -7.905979e-05
11551.000000 8.864192e-01 1.066536e+00 1.204242e+00 3.133962e-02 -2.174399e-05 -5.482516e-05 5.108434e-05 -8.981922e-05
11551.200000 8.848686e-01 1.064531e+00 1.199605e+00 3.067540e-02 -2.350288e-05 -4.722583e-05 3.380181e-05 -1.093721e-04
11551.400000 9.043943e-01 1.087647e+00 1.223453e+00 3.298565e-02 -2.881508e-05 -5.398921e-05 4.175453e-05 -1.225965e-04
11551.600000 8.955360e-01 1.077133e+00 1.208102e+00 3.172591e-02 -3.427146e-05 -5.618552e-05 4.903227e-05 -1.159504e-04
11551.800000 8.843965e-01 1.063526e+00 1.189439e+00 3.131709e-02 -3.711097e-05 -5.638133e-05 6.132085e-05 -9.519523e-05
11552.000000 8.874114e-01 1.068814e+00 1.190680e+00 3.154652e-02 -3.101596e-05 -6.435094e-05 5.412676e-05 -1.039511e-04
11552.200000 8.843222e-01 1.064319e+00 1.182228e+00 3.141957e-02 -3.218237e-05 -6.455693e-05 4.934373e-05 -9.563498e-05
11552.400000 8.801749e-01 1.058932e+00 1.174149e+00 3.043311e-02 -3.665477e-05 -5.539303e-05 5.231991e-05 -9.388787e-05
11552.600000 8.990140e-01 1.081685e+00 1.194925e+00 3.285034e-02 -2.647652e-05 -6.393215e-05 5.735747e-05 -8.515888e-05
11552.800000 9.021138e-01 1.085383e+00 1.196238e+00 3.313572e-02 -2.368180e-05 -5.336187e-05 4.789319e-05 -8.484572e-05
11553.000000 8.949623e-01 1.077052e+00 1.182240e+00 3.071233e-02 -2.972424e-05 -5.859363e-05 6.227114e-05 -7.325452e-05
11553.200000 8.928252e-01 1.074678e+00 1.175355e+00 3.178544e-02 -3.376022e-05 -6.542836e-05 5.035386e-05 -8.625386e-05
11553.400000 8.751843e-01 1.054881e+00 1.148104e+00 3.066115e-02 -2.941053e-05 -6.176788e-05 6.304498e-05 -9.320442e-05
11553.600000 8.800771e-01 1.059638e+00 1.149573e+00 3.079730e-02 -4.182910e-05 -5.466975e-05 7.282645e-05 -9.378493e-05
11553.800000 8.934717e-01 1.075407e+00 1.163156e+00 3.149817e-02 -4.277575e-05 -4.516615e-05 5.962827e-05 -9.546327e-05
11554.000000 8.982395e-01 1.081098e+00 1.164049e+00 3.192496e-02 -4.404041e-05 -3.883643e-05 5.031385e-05 -1.020644e-04
11554.200000 8.857889e-01 1.066061e+00 1.142669e+00 3.092569e-02 -4.192734e-05 -5.355980e-05 5.305419e-05 -9.736602e-05
11554.400000 8.940159e-01 1.076746e+00 1.147725e+00 3.315491e-02 -3.955090e-05 -5.627324e-05 5.556082e-05 -9.600862e-05
11554.600000 8.617739e-01 1.037719e+00 1.101920e+00 3.020572e-02 -4.189196e-05 -6.142811e-05 5.239859e-05 -9.018903e-05
11554.800000 9.033718e-01 1.087924e+00 1.149209e+00 3.182282e-02 -3.179413e-05 -6.740624e-05 5.014711e-05 -9.410532e-05
11555.000000 8.847935e-01 1.065076e+00 1.119284e+00 3.054942e-02 -3.045583e-05 -6.100228e-05 4.961903e-05 -1.042948e-04
11555.200000 8.868715e-01 1.067679e+00 1.114437e+00 3.074663e-02 -3.049404e-05 -5.760235e-05 5.052565e-05 -9.694479e-05
11555.400000 8.907677e-01 1.072483e+00 1.114237e+00 3.258293e-02 -2.916735e-05 -5.340050e-05 5.741693e-05 -9.819195e-05
11555.600000 8.923448e-01 1.075389e+00 1.108713e+00 3.052886e-02 -2.887339e-05 -4.972170e-05 7.768691e-05 -1.001516e-04
11555.800000 8.721248e-01 1.051695e+00 1.077115e+00 3.158394e-02 -2.499561e-05 -4.610504e-05 5.498078e-05 -1.017795e-04
11556.000000 8.602200e-01 1.037127e+00 1.054214e+00 3.149347e-02 -2.690251e-05 -4.998166e-05 3.799044e-05 -1.059230e-04
11556.200000 8.941056e-01 1.076708e+00 1.089422e+00 3.244244e-02 -2.180788e-05 -5.687792e-05 4.193111e-05 -1.029196e-04
11556.400000 8.933171e-01 1.076053e+00 1.080575e+00 3.165544e-02 -2.296171e-05 -6.633208e-05 4.100893e-05 -9.929478e-05
11556.600000 8.895480e-01 1.071565e+00 1.068407e+00 3.230299e-02 -2.936088e-05 -6.523604e-05 5.168278e-05 -1.003136e-04
11556.800000 8.979094e-01 1.081329e+00 1.069220e+00 3.129890e-02 -3.185854e-05 -6.203876e-05 4.843267e-05 -1.037844e-04
11557.000000 8.895151e-01 1.071564e+00 1.049573e+00 3.235106e-02 -2.329160e-05 -4.779011e-05 5.732461e-05 -1.025007e-04
11557.200000 8.795378e-01 1.059672e+00 1.027355e+00 3.102046e-02 -2.579582e-05 -5.567632e-05 7.091307e-05 -8.855446e-05
11557.400000 9.041396e-01 1.088632e+00 1.047507e+00 3.183750e-02 -2.655217e-05 -4.287271e-05 5.613233e-05 -8.690439e-05
11557.600000 8.941630e-01 1.077299e+00 1.024107e+00 3.121542e-02 -2.338725e-05 -3.949661e-05 5.069757e-05 -9.684119e-05
11557.800000 8.922900e-01 1.074967e+00 1.011455e+00 3.268807e-02 -1.991062e-05 -4.277355e-05 4.226059e-05 -9.953698e-05
11558.000000 8.907907e-01 1.073078e+00 9.975590e-01 3.201392e-02 -1.865859e-05 -4.329049e-05 5.439291e-05 -1.017237e-04
11558.200000 8.896427e-01 1.071851e+00 9.825530e-01 3.035456e-02 -2.500019e-05 -4.405286e-05 6.282728e-05 -9.651121e-05
11558.400000 8.938189e-01 1.076635e+00 9.749148e-01 3.225229e-02 -2.402078e-05 -4.431007e-05 5.513594e-05 -1.218513e-04
11558.600000 8.949241e-01 1.078093e+00 9.620837e-01 3.205258e-02 -2.813268e-05 -5.827051e-05 4.211448e-05 -9.887579e-05
11558.800000 8.925916e-01 1.075521e+00 9.442306e-01 3.119748e-02 -3.053160e-05 -5.710493e-05 3.671859e-05 -7.987234e-05
11559.000000 8.899742e-01 1.072668e+00 9.262283e-01 3.144616e-02 -3.281175e-05 -5.105369e-05 3.334556e-05 -9.634280e-05
11559.200000 8.725242e-01 1.051681e+00 8.920956e-01 3.151229e-02 -3.092733e-05 -5.784840e-05 3.082925e-05 -9.903322e-05
11559.400000 8.920753e-01 1.074752e+00 8.962751e-01 3.142210e-02 -2.836316e-05 -4.487089e-05 2.959995e-05 -8.877537e-05
11559.600000 8.942112e-01 1.077668e+00 8.798852e-01 3.148394e-02 -2.964052e-05 -4.172643e-05 3.027612e-05 -9.826314e-05
11559.800000 8.900874e-01 1.072326e+00 8.570049e-01 3.103277e-02 -2.857890e-05 -4.097515e-05 2.280293e-05 -1.000522e-04
11560.000000 8.886381e-01 1.070497e+00 8.349219e-01 3.219641e-02 -2.917710e-05 -3.588695e-05 2.969456e-05 -1.030392e-04
11560.200000 8.969232e-01 1.081021e+00 8.212255e-01 3.201369e-02 -3.533650e-05 -3.523399e-05 4.356840e-05 -9.298668e-05
11560.400000 8.740700e-01 1.053699e+00 7.778832e-01 3.089950e-02 -3.461525e-05 -3.731173e-05 4.117480e-05 -9.650989e-05
11560.600000 8.956131e-01 1.079439e+00 7.748364e-01 3.165350e-02 -3.507748e-05 -5.142352e-05 4.593171e-05 -1.046707e-04
11560.800000 8.844358e-01 1.066486e+00 7.417710e-01 3.212307e-02 -3.312887e-05 -4.945973e-05 3.350244e-05 -1.021742e-04
11561.000000 8.885452e-01 1.071450e+00 7.209216e-01 3.224096e-02 -4.361608e-05 -4.951676e-05 4.369557e-05 -1.033685e-04
11561.200000 8.728505e-01 1.052612e+00 6.799435e-01 3.005821e-02 -4.782211e-05 -4.710391e-05 3.904175e-05 -9.641777e-05
11561.400000 8.905415e-01 1.073726e+00 6.697350e-01 3.088541e-02 -4.478350e-05 -5.419172e-05 4.737954e-05 -9.328556e-05
11561.600000 8.939644e-01 1.077294e+00 6.435344e-01 3.259971e-02 -3.891005e-05 -6.357811e-05 5.308567e-05 -9.274477e-05
11561.800000 8.757996e-01 1.056530e+00 5.995118e-01 3.139708e-02 -4.266153e-05 -5.678621e-05 4.612410e-05 -1.004937e-04
11562.000000 8.961549e-01 1.080385e+00 5.832846e-01 3.208393e-02 -4.404746e-05 -4.190402e-05 4.022503e-05 -1.000094e-04
11562.200000 8.769913e-01 1.057160e+00 5.403440e-01 3.151466e-02 -3.235828e-05 -3.988842e-05 3.933563e-05 -9.794448e-05
11562.400000 8.931497e-01 1.077067e+00 5.207925e-01 3.149289e-02 -4.112529e-05 -4.566361e-05 4.737762e-05 -9.555595e-05
11562.600000 8.923043e-01 1.075726e+00 4.878212e-01 3.191441e-02 -4.722532e-05 -5.283674e-05 3.985627e-05 -8.559802e-05
11562.800000 8.950456e-01 1.078720e+00 4.607913e-01 3.210444e-02 -4.482345e-05 -5.167454e-05 4.300136e-05 -9.008148e-05
11563.000000 8.847581e-01 1.066734e+00 4.236281e-01 3.245825e-02 -4.298763e-05 -5.223559e-05 4.404197e-05 -7.795863e-05
11563.200000 8.985778e-01 1.083117e+00 4.005743e-01 3.124828e-02 -3.330229e-05 -5.468556e-05 3.638294e-05 -7.780165e-05
11563.400000 8.900565e-01 1.073354e+00 3.656994e-01 3.176125e-02 -2.900193e-05 -4.931886e-05 3.862010e-05 -8.004625e-05
11563.600000 8.816662e-01 1.063119e+00 3.347435e-01 3.091033e-02 -3.030528e-05 -4.389306e-05 5.539866e-05 -8.307134e-05
11563.800000 8.859751e-01 1.068712e+00 3.085908e-01 3.147860e-02 -3.768527e-05 -4.960036e-05 4.864961e-05 -9.528573e-05
11564.000000 8.933500e-01 1.077127e+00 2.879542e-01 3.124073e-02 -3.463404e-05 -5.556062e-05 5.000884e-05 -9.698650e-05
11564.200000 8.957428e-01 1.080167e+00 2.640441e-01 3.096762e-02 -3.085307e-05 -5.263444e-05 3.276049e-05 -9.000859e-05
11564.400000 8.847472e-01 1.067592e+00 2.383567e-01 3.172437e-02 -4.155959e-05 -5.601917e-05 2.647154e-05 -8.026321e-05
11564.600000 8.969518e-01 1.081657e+00 2.240998e-01 3.272525e-02 -3.439937e-05 -5.739080e-05 4.018238e-05 -7.722060e-05
11564.800000 8.903908e-01 1.074033e+00 2.052372e-01 3.087522e-02 -3.551267e-05 -6.088445e-05 3.895477e-05 -7.504417e-05
11565.000000 8.803292e-01 1.062623e+00 1.869389e-01 3.043336e-02 -3.378181e-05 -6.363965e-05 3.915902e-05 -8.119385e-05
11565.200000 8.840597e-01 1.066552e+00 1.751417e-01 3.218596e-02 -3.056796e-05 -5.633517e-05 3.984138e-05 -7.736101e-05
11565.400000 8.958986e-01 1.080423e+00 1.667230e-01 3.220166e-02 -4.564375e-05 -3.589351e-05 2.978249e-05 -7.461825e-05
11565.600000 8.938256e-01 1.078647e+00 1.567966e-01 3.169166e-02 -4.144710e-05 -2.983531e-05 5.036196e-05 -6.778331e-05
11565.800000 8.811673e-01 1.063671e+00 1.474280e-01 2.980336e-02 -3.871023e-05 -2.582815e-05 3.599840e-05 -6.691941e-05
11566.000000 8.886427e-01 1.071659e+00 1.435035e-01 3.079841e-02 -3.663666e-05 -3.705148e-05 3.826578e-05 -6.446577e-05
11566.200000 8.931199e-01 1.077680e+00 1.401579e-01 3.125850e-02 -4.123417e-05 -3.864789e-05 4.206402e-05 -5.803824e-05
11566.400000 8.894922e-01 1.072917e+00 1.368410e-01 3.187018e-02 -3.372242e-05 -3.715305e-05 3.386446e-05 -5.658752e-05
11566.600000 8.928426e-01 1.076992e+00 1.358043e-01 3.132726e-02 -3.733256e-05 -4.076618e-05 2.064824e-05 -7.873125e-05
11566.800000 8.911222e-01 1.075405e+00 1.351267e-01 3.128741e-02 -4.929676e-05 -3.318422e-05 3.050148e-05 -8.716551e-05
11567.000000 8.911181e-01 1.075532e+00 1.358243e-01 3.121050e-02 -4.365241e-05 -3.027063e-05 1.934755e-05 -7.576554e-05
11567.200000 8.887625e-01 1.072812e+00 1.367645e-01 3.220058e-02 -3.915196e-05 -2.257437e-05 2.351660e-05 -8.541805e-05
11567.400000 8.910120e-01 1.075526e+00 1.390363e-01 3.205197e-02 -3.237890e-05 -2.586973e-05 1.729250e-05 -8.960470e-05
11567.600000 8.871088e-01 1.070357e+00 1.408200e-01 3.143789e-02 -3.168984e-05 -3.164102e-05 2.846810e-05 -1.026918e-04
11567.800000 8.915811e-01 1.075607e+00 1.444959e-01 3.144479e-02 -3.671193e-05 -3.629794e-05 2.575234e-05 -9.409163e-05
11568.000000 8.899193e-01 1.074216e+00 1.478908e-01 3.201718e-02 -3.830050e-05 -3.239325e-05 2.185415e-05 -9.111973e-05
11568.200000 8.944510e-01 1.079356e+00 1.519758e-01 3.162429e-02 -3.777299e-05 -3.418309e-05 3.358297e-05 -9.043470e-05
11568.400000 8.924074e-01 1.077246e+00 1.554616e-01 3.121852e-02 -4.285340e-05 -3.289556e-05 4.316110e-05 -7.680910e-05
11568.600000 8.902824e-01 1.074366e+00 1.590530e-01 3.202903e-02 -4.158849e-05 -4.282642e-05 3.023297e-05 -7.923084e-05
11568.800000 8.930990e-01 1.078069e+00 1.634217e-01 3.122820e-02 -4.009963e-05 -4.031882e-05 2.937016e-05 -9.361187e-05
11569.000000 8.874380e-01 1.071447e+00 1.665750e-01 3.110650e-02 -3.881203e-05 -4.040043e-05 3.605011e-05 -9.341366e-05
11569.200000 8.906389e-01 1.074876e+00 1.710014e-01 3.134252e-02 -4.677457e-05 -4.557138e-05 3.514533e-05 -1.006737e-04
11569.400000 8.919621e-01 1.076508e+00 1.751977e-01 3.130620e-02 -4.710512e-05 -4.706669e-05 2.974452e-05 -1.011536e-04
11569.600000 8.910181e-01 1.075870e+00 1.790301e-01 3.107317e-02 -4.176046e-05 -4.051253e-05 3.043390e-05 -1.057567e-04
11569.800000 8.855549e-01 1.069313e+00 1.816776e-01 3.147342e-02 -3.083924e-05 -3.910602e-05 3.376806e-05 -1.105949e-04
11570.000000 8.906462e-01 1.074853e+00 1.861511e-01 3.120418e-02 -2.946800e-05 -4.857780e-05 3.130281e-05 -9.478152e-05
11570.200000 8.907915e-01 1.075485e+00 1.896694e-01 3.105907e-02 -3.282799e-05 -4.738485e-05 2.740792e-05 -9.192547e-05
11570.400000 8.937197e-01 1.078920e+00 1.935445e-01 3.159323e-02 -1.915369e-05 -5.030316e-05 3.342192e-05 -9.450571e-05
11570.600000 8.922710e-01 1.077151e+00 1.964523e-01 3.168618e-02 -2.454133e-05 -5.523729e-05 3.371062e-05 -9.918631e-05
11570.800000 8.912982e-01 1.076432e+00 1.993871e-01 3.200859e-02 -2.685467e-05 -4.888350e-05 3.244885e-05 -9.200185e-05
11571.000000 8.904249e-01 1.075247e+00 2.019389e-01 3.176685e-02 -3.935150e-05 -4.317184e-05 2.846107e-05 -9.474330e-05
11571.200000 8.910931e-01 1.076013e+00 2.047730e-01 3.155975e-02 -4.352220e-05 -4.256887e-05 3.719105e-05 -9.379059e-05
11571.400000 8.873552e-01 1.071673e+00 2.065872e-01 3.151523e-02 -3.474015e-05 -3.191986e-05 3.264504e-05 -1.110850e-04
11571.600000 8.913150e-01 1.076485e+00 2.100340e-01 3.181505e-02 -3.505850e-05 -3.409710e-05 2.682993e-05 -1.202876e-04
11571.800000 8.879940e-01 1.072779e+00 2.118579e-01 3.185597e-02 -3.700421e-05 -3.496880e-05 4.254223e-05 -1.127932e-04
11572.000000 8.891555e-01 1.074170e+00 2.145512e-01 3.120801e-02 -2.617661e-05 -3.322228e-05 3.827816e-05 -1.112772e-04
11572.200000 8.909356e-01 1.076113e+00 2.171696e-01 3.163309e-02 -3.064497e-05 -2.353851e-05 3.722627e-05 -1.054097e-04
11572.400000 8.897326e-01 1.074700e+00 2.190880e-01 3.182789e-02 -3.113580e-05 -2.866327e-05 4.408593e-05 -9.734732e-05
11572.600000 8.868320e-01 1.070986e+00 2.204599e-01 3.167659e-02 -2.621644e-05 -2.883108e-05 4.955652e-05 -9.280737e-05
11572.800000 8.917306e-01 1.076883e+00 2.238130e-01 3.187047e-02 -2.308050e-05 -3.128127e-05 5.237807e-05 -8.564672e-05
11573.000000 8.946831e-01 1.080082e+00 2.264097e-01 3.166087e-02 -2.875556e-05 -3.875983e-05 4.878061e-05 -7.552989e-05
11573.200000 8.911989e-01 1.076156e+00 2.274109e-01 3.173721e-02 -2.430635e-05 -2.563296e-05 4.732577e-05 -7.089250e-05
11573.400000 8.917106e-01 1.077048e+00 2.292913e-01 3.136689e-02 -2.436726e-05 -2.780937e-05 4.630912e-05 -7.459762e-05
11573.600000 8.912041e-01 1.076583e+00 2.311118e-01 3.163829e-02 -2.728321e-05 -2.577408e-05 5.372820e-05 -7.213865e-05
11573.800000 8.877631e-01 1.072666e+00 2.319245e-01 3.196179e-02 -2.352737e-05 -2.661546e-05 4.480477e-05 -7.789068e-05
11574.000000 8.890253e-01 1.074424e+00 2.336227e-01 3.213385e-02 -2.186135e-05 -1.918796e-05 3.373152e-05 -7.912088e-05
11574.200000 8.901637e-01 1.075146e+00 2.351390e-01 3.200363e-02 -1.926471e-05 -1.581085e-05 2.979519e-05 -7.467955e-05
11574.400000 8.900199e-01 1.075089e+00 2.363143e-01 3.176041e-02 -2.283464e-05 -1.376927e-05 4.121152e-05 -7.555839e-05
11574.600000 8.863902e-01 1.070605e+00 2.364249e-01 3.043539e-02 -2.657914e-05 -1.379201e-05 4.301294e-05 -7.114946e-05
11574.800000 8.867047e-01 1.071433e+00 2.374320e-01 3.182507e-02 -2.889187e-05 -1.955302e-05 3.943462e-05 -7.706279e-05
11575.000000 8.842634e-01 1.068280e+00 2.374148e-01 3.162960e-02 -3.416603e-05 -2.542460e-05 2.942765e-05 -7.719084e-05
11575.200000 8.883253e-01 1.072869e+00 2.389387e-01 3.193834e-02 -2.896333e-05 -1.892883e-05 3.660628e-05 -7.537060e-05
11575.400000 8.896744e-01 1.074892e+00 2.397308e-01 3.154743e-02 -2.754779e-05 -9.316029e-06 4.477692e-05 -7.838825e-05
11575.600000 8.877031e-01 1.072969e+00 2.395508e-01 3.133222e-02 -4.049460e-05 -6.230769e-06 4.791866e-05 -7.618572e-05
11575.800000 8.939638e-01 1.080074e+00 2.411377e-01 3.151606e-02 -4.152368e-05 -1.408845e-05 5.021255e-05 -7.072373e-05
11576.000000 8.860160e-01 1.070418e+00 2.390178e-01 3.170859e-02 -3.238680e-05 -2.226847e-05 4.890721e-05 -8.159149e-05
11576.200000 8.864655e-01 1.071055e+00 2.388893e-01 3.187955e-02 -2.774743e-05 -1.743878e-05 4.537788e-05 -7.945509e-05
11576.400000 8.854692e-01 1.070562e+00 2.381076e-01 3.122197e-02 -2.529505e-05 -2.356564e-05 3.865872e-05 -7.874486e-05
11576.600000 8.913279e-01 1.076879e+00 2.391396e-01 3.132077e-02 -1.958306e-05 -2.607536e-05 3.757397e-05 -8.048998e-05
11576.800000 8.789405e-01 1.062705e+00 2.351014e-01 3.081316e-02 -1.360152e-05 -1.625646e-05 3.660040e-05 -8.601547e-05
11577.000000 8.920026e-01 1.077685e+00 2.377735e-01 3.088845e-02 -2.110185e-05 -1.654838e-05 3.371726e-05 -9.282394e-05
11577.200000 8.845007e-01 1.068986e+00 2.347833e-01 3.187081e-02 -2.244824e-05 -1.665576e-05 3.919973e-05 -9.206704e-05
11577.400000 8.888492e-01 1.074451e+00 2.350721e-01 3.171671e-02 -2.731074e-05 -1.998002e-05 3.511934e-05 -8.721051e-05
11577.600000 8.819899e-01 1.067301e+00 2.324242e-01 3.133103e-02 -2.832764e-05 -1.603164e-05 3.774415e-05 -8.719683e-05
11577.800000 8.925601e-01 1.078961e+00 2.340282e-01 3.114415e-02 -2.188746e-05 -2.113794e-05 3.745355e-05 -7.269178e-05
11578.000000 8.842117e-01 1.068730e+00 2.305508e-01 3.187101e-02 -1.014833e-05 -2.552315e-05 3.356026e-05 -6.380611e-05
11578.200000 8.838131e-01 1.068576e+00 2.293378e-01 3.133868e-02 -1.463025e-05 -3.141765e-05 3.797626e-05 -6.817823e-05
11578.400000 8.820463e-01 1.066371e+00 2.277301e-01 3.146958e-02 -1.152230e-05 -2.748318e-05 4.497551e-05 -6.482888e-05
11578.600000 8.853552e-01 1.070091e+00 2.272394e-01 3.144053e-02 -9.443972e-06 -2.528259e-05 4.493582e-05 -6.450193e-05
11578.800000 8.932155e-01 1.079624e+00 2.281138e-01 3.140675e-02 -1.503492e-05 -2.450591e-05 4.835534e-05 -7.255801e-05
11579.000000 8.864682e-01 1.071346e+00 2.253922e-01 3.094793e-02 -2.331078e-05 -2.754992e-05 3.912561e-05 -7.718897e-05
11579.200000 8.842833e-01 1.069413e+00 2.237779e-01 3.236428e-02 -1.836174e-05 -1.941965e-05 4.111838e-05 -8.025623e-05
11579.400000 8.856366e-01 1.071182e+00 2.232647e-01 3.129151e-02 -1.752776e-05 -1.719849e-05 3.912327e-05 -8.198968e-05
11579.600000 8.821776e-01 1.066988e+00 2.214717e-01 3.135808e-02 -2.450104e-05 -1.970697e-05 2.810314e-05 -6.788103e-05
11579.800000 8.806069e-01 1.064871e+00 2.202980e-01 3.146202e-02 -1.958925e-05 -3.912733e-05 3.319930e-05 -8.281630e-05
11580.000000 8.871624e-01 1.072671e+00 2.215498e-01 3.178237e-02 -2.151346e-05 -4.561997e-05 3.605429e-05 -8.129823e-05
11580.200000 8.816191e-01 1.066802e+00 2.195756e-01 3.199371e-02 -1.429790e-05 -4.465467e-05 3.688683e-05 -7.239033e-05
11580.400000 8.777766e-01 1.062170e+00 2.186145e-01 3.096003e-02 -1.244952e-05 -3.633350e-05 3.288280e-05 -7.129386e-05
11580.600000 8.934669e-01 1.080396e+00 2.222478e-01 3.206834e-02 -1.240006e-05 -3.963672e-05 3.135649e-05 -6.860914e-05
11580.800000 8.850905e-01 1.070715e+00 2.201781e-01 3.182985e-02 -4.878048e-06 -3.728794e-05 4.757202e-05 -7.282895e-05
11581.000000 8.847858e-01 1.070279e+00 2.202929e-01 3.113048e-02 -1.083590e-05 -4.250571e-05 4.596053e-05 -7.836731e-05
11581.200000 8.881014e-01 1.073936e+00 2.215746e-01 3.123479e-02 -8.564810e-06 -5.064116e-05 4.289247e-05 -8.290292e-05
11581.400000 8.891575e-01 1.075426e+00 2.224605e-01 3.162405e-02 -7.722492e-06 -4.339545e-05 4.156828e-05 -8.128020e-05
11581.600000 8.894905e-01 1.075932e+00 2.232905e-01 3.248299e-02 -8.854197e-06 -3.432358e-05 4.075817e-05 -8.372387e-05
11581.800000 8.937734e-01 1.080510e+00 2.254209e-01 3.176894e-02 1.771654e-07 -2.613537e-05 2.911283e-05 -8.673578e-05
11582.000000 8.868198e-01 1.072691e+00 2.247603e-01 3.093543e-02 -4.673180e-06 -1.930479e-05 2.902486e-05 -8.526668e-05
11582.200000 8.870563e-01 1.073543e+00 2.258749e-01 3.229320e-02 -1.908651e-05 -2.445130e-05 4.367855e-05 -8.187849e-05
11582.400000 8.882268e-01 1.074035e+00 2.274571e-01 3.142072e-02 -3.166102e-05 -2.649085e-05 5.150659e-05 -7.729410e-05
11582.600000 8.976511e-01 1.085386e+00 2.309922e-01 3.178468e-02 -3.007838e-05 -2.976963e-05 4.550096e-05 -7.431240e-05
11582.800000 8.863456e-01 1.072048e+00 2.296945e-01 3.124997e-02 -2.440664e-05 -2.526270e-05 2.261984e-05 -8.050223e-05
11583.000000 8.760572e-01 1.060063e+00 2.286370e-01 3.126067e-02 -2.545305e-05 -2.995648e-05 1.540795e-05 -6.694938e-05
11583.200000 8.919693e-01 1.078871e+00 2.340742e-01 3.186235e-02 -2.924526e-05 -4.315546e-05 3.010504e-05 -7.507848e-05
11583.400000 8.943380e-01 1.081990e+00 2.361719e-01 3.173001e-02 -3.459998e-05 -3.929049e-05 3.426128e-05 -8.534947e-05
11583.600000 8.918069e-01 1.079004e+00 2.372571e-01 3.118915e-02 -3.089070e-05 -3.875657e-05 4.534081e-05 -7.744437e-05
11583.800000 8.759164e-01 1.060203e+00 2.343268e-01 3.064405e-02 -2.835380e-05 -4.124234e-05 4.620442e-05 -7.005392e-05
11584.000000 8.824626e-01 1.068048e+00 2.369885e-01 3.189759e-02 -2.345888e-05 -3.850619e-05 4.059279e-05 -7.097991e-05
11584.200000 8.908801e-01 1.078173e+00 2.407706e-01 3.128843e-02 -2.560040e-05 -4.152375e-05 4.960579e-05 -6.837219e-05
11584.400000 8.775139e-01 1.062167e+00 2.382800e-01 3.120113e-02 -2.659358e-05 -3.585079e-05 3.423275e-05 -7.145352e-05
11584.600000 8.906574e-01 1.077551e+00 2.426393e-01 3.117335e-02 -2.265930e-05 -4.782700e-05 2.797062e-05 -7.724262e-05
11584.800000 8.889548e-01 1.075661e+00 2.428580e-01 3.191730e-02 -2.275971e-05 -4.323512e-05 4.288149e-05 -6.440653e-05
11585.000000 8.850375e-01 1.071136e+00 2.426594e-01 3.133879e-02 -2.493252e-05 -3.446373e-05 4.942820e-05 -7.737430e-05
11585.200000 8.816538e-01 1.067171e+00 2.422550e-01 3.040893e-02 -2.357451e-05 -3.507253e-05 4.256487e-05 -8.407955e-05
11585.400000 8.848085e-01 1.070982e+00 2.434181e-01 3.203921e-02 -2.560047e-05 -4.130764e-05 3.763277e-05 -8.506102e-05
11585.600000 8.735545e-01 1.058482e+00 2.410449e-01 3.158321e-02 -2.058508e-05 -4.335480e-05 3.989631e-05 -8.637200e-05
11585.800000 8.856747e-01 1.072146e+00 2.447005e-01 3.135369e-02 -9.817173e-06 -4.710964e-05 3.999911e-05 -8.635688e-05
11586.000000 8.912648e-01 1.078436e+00 2.462412e-01 3.090045e-02 -1.079535e-05 -3.673622e-05 4.536856e-05 -7.944590e-05
11586.200000 8.815620e-01 1.067708e+00 2.437425e-01 3.118048e-02 -1.440874e-05 -4.080853e-05 3.906054e-05 -7.476525e-05
11586.400000 8.745603e-01 1.059767e+00 2.418691e-01 3.154898e-02 -1.028461e-05 -3.839030e-05 2.833835e-05 -7.134127e-05
11586.600000 8.750430e-01 1.059498e+00 2.421825e-01 3.073225e-02 -1.234098e-05 -3.848955e-05 4.868695e-05 -6.950287e-05
11586.800000 8.896499e-01 1.076759e+00 2.461402e-01 3.173782e-02 -2.048039e-05 -4.441601e-05 3.694668e-05 -6.804358e-05
11587.000000 8.918502e-01 1.079671e+00 2.466359e-01 3.256486e-02 -1.348671e-05 -3.007434e-05 3.809620e-05 -7.713097e-05
11587.200000 8.838009e-01 1.070211e+00 2.443311e-01 3.120733e-02 -1.812163e-05 -2.903181e-05 3.669182e-05 -7.630174e-05
11587.400000 8.789906e-01 1.064073e+00 2.426969e-01 3.232930e-02 -1.092360e-05 -2.754285e-05 5.192494e-05 -7.460062e-05
11587.600000 8.789680e-01 1.064526e+00 2.423045e-01 2.986559e-02 -1.555562e-05 -2.255269e-05 4.213688e-05 -7.622590e-05
11587.800000 8.889883e-01 1.076410e+00 2.450290e-01 3.207801e-02 -1.559767e-05 -2.464491e-05 5.879570e-05 -8.872071e-05
11588.000000 8.783631e-01 1.063658e+00 2.416307e-01 3.167302e-02 -1.565586e-05 -3.030860e-05 5.019950e-05 -9.013657e-05
11588.200000 8.808410e-01 1.066604e+00 2.418257e-01 3.126363e-02 -1.578895e-05 -2.655427e-05 4.429990e-05 -8.069260e-05
11588.400000 8.899544e-01 1.078464e+00 2.439388e-01 3.150115e-02 -1.328353e-05 -3.613569e-05 5.879175e-05 -8.803664e-05
11588.600000 8.805589e-01 1.067053e+00 2.408492e-01 2.989964e-02 -1.666094e-05 -3.954069e-05 5.729185e-05 -9.353209e-05
11588.800000 8.731352e-01 1.057731e+00 2.381054e-01 3.204052e-02 -1.391897e-05 -3.733376e-05 5.441035e-05 -9.244539e-05
11589.000000 8.866578e-01 1.073994e+00 2.409809e-01 3.257117e-02 -1.793224e-05 -3.072961e-05 3.799571e-05 -9.263060e-05
11589.200000 8.905877e-01 1.078988e+00 2.409896e-01 3.178305e-02 -1.992937e-05 -1.505655e-05 3.842801e-05 -9.244716e-05
11589.400000 8.795111e-01 1.065564e+00 2.368589e-01 3.203806e-02 -1.849064e-05 -2.239912e-05 4.512657e-05 -8.185890e-05
11589.600000 8.658081e-01 1.049248e+00 2.317392e-01 3.049424e-02 -2.315598e-05 -1.644477e-05 4.987269e-05 -7.883776e-05
11589.800000 8.808542e-01 1.066654e+00 2.346580e-01 3.088122e-02 -2.580483e-05 -1.050061e-05 5.135226e-05 -7.291886e-05
11590.000000 8.883397e-01 1.075839e+00 2.354115e-01 3.217867e-02 -2.825665e-05 -8.931079e-06 5.054022e-05 -7.242412e-05
11590.200000 8.848977e-01 1.071976e+00 2.330455e-01 3.123220e-02 -1.858557e-05 -1.774195e-05 4.420568e-05 -7.947564e-05
11590.400000 8.805097e-01 1.066569e+00 2.305008e-01 3.109767e-02 -1.835526e-05 -2.156337e-05 4.553646e-05 -7.322011e-05
11590.600000 8.820336e-01 1.068511e+00 2.293634e-01 3.200035e-02 -2.108414e-05 -1.692658e-05 3.820931e-05 -7.274225e-05
11590.800000 8.841021e-01 1.071002e+00 2.280504e-01 3.186645e-02 -2.116330e-05 -2.418389e-05 4.762683e-05 -6.830589e-05
11591.000000 8.750372e-01 1.060023e+00 2.239187e-01 3.155061e-02 -2.312799e-05 -2.685845e-05 3.576295e-05 -7.736062e-05
11591.200000 8.897149e-01 1.077462e+00 2.257735e-01 3.294290e-02 -2.541751e-05 -2.243794e-05 3.896656e-05 -8.305699e-05
11591.400000 8.807543e-01 1.066860e+00 2.222155e-01 3.098888e-02 -1.891313e-05 -1.991782e-05 4.429266e-05 -8.158919e-05
11591.600000 8.810145e-01 1.067936e+00 2.202425e-01 3.269719e-02 -1.638633e-05 -2.575754e-05 4.860993e-05 -8.275754e-05
11591.800000 8.862751e-01 1.073904e+00 2.197477e-01 3.072175e-02 -2.219073e-05 -2.689814e-05 5.438357e-05 -7.848705e-05
11592.000000 8.898956e-01 1.077293e+00 2.191965e-01 3.133262e-02 -2.202726e-05 -2.479326e-05 4.010584e-05 -7.526960e-05
11592.200000 8.726429e-01 1.057100e+00 2.128193e-01 3.058888e-02 -1.780138e-05 -2.678932e-05 4.517898e-05 -7.983243e-05
11592.400000 8.869582e-01 1.075483e+00 2.148549e-01 3.128294e-02 -1.892669e-05 -2.686310e-05 3.715407e-05 -7.936565e-05
11592.600000 8.840634e-01 1.071652e+00 2.124465e-01 3.196463e-02 -1.653452e-05 -2.080382e-05 4.081870e-05 -7.477244e-05
11592.800000 8.847460e-01 1.072197e+00 2.110883e-01 3.274455e-02 -1.549318e-05 -1.511504e-05 3.965983e-05 -8.462598e-05
11593.000000 8.801320e-01 1.067252e+00 2.085565e-01 3.073410e-02 -2.235284e-05 -1.084875e-05 4.180155e-05 -9.023711e-05
11593.200000 8.618936e-01 1.045065e+00 2.028066e-01 2.953900e-02 -2.310883e-05 -1.139350e-05 3.279826e-05 -1.051881e-04
11593.400000 8.872969e-01 1.075165e+00 2.073946e-01 3.155767e-02 -2.545408e-05 -4.469944e-06 3.010941e-05 -8.910322e-05
11593.600000 8.819708e-01 1.068636e+00 2.053586e-01 3.150696e-02 -2.773656e-05 -1.222054e-05 3.246051e-05 -8.480307e-05
11593.800000 8.808265e-01 1.067491e+00 2.043992e-01 3.142673e-02 -2.825991e-05 -1.984690e-05 2.411376e-05 -7.778769e-05
11594.000000 8.693071e-01 1.054850e+00 2.007138e-01 3.226924e-02 -2.222673e-05 -1.657713e-05 2.837549e-05 -8.118909e-05
11594.200000 8.714356e-01 1.056888e+00 2.003028e-01 2.956276e-02 -2.396018e-05 -2.130436e-05 2.387967e-05 -7.882538e-05
11594.400000 8.912438e-01 1.079855e+00 2.047778e-01 3.118547e-02 -2.926816e-05 -1.495648e-05 2.344117e-05 -8.507914e-05
11594.600000 8.764300e-01 1.062562e+00 2.012980e-01 3.255599e-02 -3.041781e-05 -1.126478e-05 2.432025e-05 -8.436192e-05
11594.800000 8.866449e-01 1.074811e+00 2.034581e-01 3.088009e-02 -3.185379e-05 -1.936806e-05 2.683449e-05 -7.685079e-05
11595.000000 8.768101e-01 1.063412e+00 2.014255e-01 3.057001e-02 -3.227919e-05 -3.343281e-05 1.592406e-05 -8.980959e-05
11595.200000 8.835261e-01 1.071138e+00 2.029589e-01 3.204717e-02 -2.988641e-05 -4.145081e-05 3.584862e-05 -8.682352e-05
11595.400000 8.692067e-01 1.054669e+00 2.002986e-01 3.073537e-02 -3.623492e-05 -3.661597e-05 4.090497e-05 -7.676021e-05
11595.600000 8.701053e-01 1.055365e+00 2.010854e-01 3.173980e-02 -3.886158e-05 -3.410312e-05 4.527514e-05 -8.454981e-05
11595.800000 8.870127e-01 1.075280e+00 2.052816e-01 3.300156e-02 -3.604001e-05 -5.415890e-05 3.681442e-05 -8.844888e-05
11596.000000 8.874230e-01 1.076058e+00 2.063645e-01 3.163246e-02 -3.807891e-05 -4.103363e-05 3.722626e-05 -8.922270e-05
11596.200000 8.918765e-01 1.081498e+00 2.081508e-01 3.180247e-02 -3.413372e-05 -3.701774e-05 3.161913e-05 -8.818934e-05
11596.400000 8.764404e-01 1.062776e+00 2.053923e-01 2.972378e-02 -3.517336e-05 -3.718216e-05 1.826732e-05 -8.936481e-05
11596.600000 8.810670e-01 1.068649e+00 2.074219e-01 3.238239e-02 -3.434226e-05 -3.128579e-05 2.754757e-05 -9.972210e-05
11596.800000 8.893371e-01 1.078807e+00 2.104930e-01 3.270339e-02 -3.108297e-05 -3.446642e-05 1.192037e-05 -8.259954e-05
11597.000000 8.824223e-01 1.070153e+00 2.098790e-01 3.130408e-02 -2.930354e-05 -3.311868e-05 1.856317e-05 -8.342399e-05
11597.700000 8.770076e-01 1.063962e+00 2.124852e-01 3.184625e-02 -3.053636e-05 -3.779771e-05 2.982002e-05 -7.360257e-05
11598.400000 8.841301e-01 1.072329e+00 2.182861e-01 3.057219e-02 -3.046513e-05 -3.074645e-05 3.183775e-05 -7.318551e-05
11599.100000 8.790891e-01 1.066267e+00 2.207576e-01 3.090332e-02 -3.379483e-05 -2.360496e-05 3.287926e-05 -7.273169e-05
11599.800000 8.764888e-01 1.063604e+00 2.233430e-01 3.162247e-02 -2.634988e-05 -2.242843e-05 3.847224e-05 -8.056317e-05
11600.500000 8.802898e-01 1.068158e+00 2.266373e-01 3.106247e-02 -3.385532e-05 -2.706426e-05 4.621506e-05 -7.926358e-05
11601.200000 8.826127e-01 1.071239e+00 2.291736e-01 3.134466e-02 -2.924218e-05 -2.258942e-05 4.994187e-05 -8.531227e-05
11601.900000 8.821393e-01 1.070823e+00 2.303838e-01 3.183055e-02 -3.486895e-05 -2.018434e-05 4.108362e-05 -8.626236e-05
11602.600000 8.848086e-01 1.074237e+00 2.322219e-01 3.211083e-02 -3.903405e-05 -2.505774e-05 3.675837e-05 -8.208201e-05
11603.300000 8.805618e-01 1.069112e+00 2.323353e-01 3.139612e-02 -3.071269e-05 -2.059714e-05 4.010988e-05 -8.540937e-05
11604.993695 8.774546e-01 1.066015e+00 2.353356e-01 3.135040e-02 -3.565918e-05 -2.304147e-05 4.273448e-05 -8.226495e-05
11605.999583 8.811976e-01 1.070415e+00 2.389892e-01 3.174027e-02 -3.266078e-05 -1.122892e-05 3.698592e-05 -8.081701e-05
11607.017662 8.827531e-01 1.072203e+00 2.419086e-01 3.131967e-02 -2.743351e-05 -9.154358e-06 5.015614e-05 -8.225508e-05
11608.047933 8.792679e-01 1.068386e+00 2.423936e-01 3.168389e-02 -3.027624e-05 -1.908321e-06 5.374895e-05 -8.185132e-05
11609.090396 8.800296e-01 1.069551e+00 2.425199e-01 3.228945e-02 -3.422201e-05 -3.395065e-06 5.214891e-05 -9.081750e-05
11610.145051 8.773179e-01 1.066516e+00 2.402059e-01 3.160479e-02 -2.692892e-05 -1.168441e-05 3.931960e-05 -9.157735e-05
11611.211898 8.796996e-01 1.069525e+00 2.379114e-01 3.165545e-02 -2.422293e-05 -1.207743e-05 3.313572e-05 -9.176938e-05
11612.290937 8.809615e-01 1.071143e+00 2.345300e-01 3.152284e-02 -2.390468e-05 -1.001981e-05 3.790189e-05 -8.471569e-05
11613.382167 8.784167e-01 1.068385e+00 2.296091e-01 3.152208e-02 -1.986664e-05 -2.042713e-05 3.557805e-05 -8.947747e-05
11614.485590 8.773043e-01 1.067186e+00 2.249487e-01 3.136452e-02 -2.430112e-05 -2.426869e-05 3.864066e-05 -8.605673e-05
11615.601204 8.763573e-01 1.066353e+00 2.205460e-01 3.123236e-02 -2.636972e-05 -2.713988e-05 3.819901e-05 -8.619475e-05
11616.729011 8.771023e-01 1.067361e+00 2.167358e-01 3.112857e-02 -2.491824e-05 -1.858835e-05 4.605977e-05 -8.304523e-05
11617.869009 8.771554e-01 1.067898e+00 2.133635e-01 3.120759e-02 -2.386266e-05 -1.904321e-05 4.505178e-05 -8.550672e-05
11619.021199 8.771551e-01 1.068208e+00 2.110107e-01 3.153397e-02 -2.518176e-05 -1.983363e-05 4.060941e-05 -8.404477e-05
11620.185582 8.764510e-01 1.067287e+00 2.096075e-01 3.087627e-02 -2.824424e-05 -2.475186e-05 4.808245e-05 -7.930972e-05
11621.362156 8.769800e-01 1.068140e+00 2.100249e-01 3.117041e-02 -3.402204e-05 -2.789858e-05 3.105001e-05 -8.369498e-05
11622.550922 8.786570e-01 1.070230e+00 2.116317e-01 3.169685e-02 -3.357689e-05 -2.381524e-05 3.599813e-05 -8.757553e-05
11623.751879 8.731373e-01 1.063952e+00 2.121020e-01 3.129482e-02 -3.490260e-05 -2.689513e-05 5.018603e-05 -8.225152e-05
11624.965029 8.759361e-01 1.067390e+00 2.149272e-01 3.134395e-02 -2.633501e-05 -2.127132e-05 4.775991e-05 -8.725722e-05
11626.190371 8.767227e-01 1.068606e+00 2.170555e-01 3.143220e-02 -1.934315e-05 -2.748550e-05 6.786171e-05 -8.540674e-05
11627.427904 8.753665e-01 1.067374e+00 2.187726e-01 3.130707e-02 -1.988945e-05 -3.200822e-05 6.104768e-05 -8.443888e-05
11628.677630 8.731535e-01 1.064733e+00 2.201495e-01 3.146897e-02 -1.679630e-05 -3.489341e-05 5.450347e-05 -7.464013e-05
11629.939547 8.743710e-01 1.066421e+00 2.222376e-01 3.147701e-02 -2.137609e-05 -3.021083e-05 5.696798e-05 -7.518534e-05
11631.213657 8.758443e-01 1.068630e+00 2.242419e-01 3.140746e-02 -2.246616e-05 -1.978589e-05 5.033865e-05 -7.719979e-05
11632.499958 8.743803e-01 1.067001e+00 2.251718e-01 3.197034e-02 -1.299380e-05 -2.595164e-05 4.412640e-05 -7.392713e-05
11633.798451 8.750075e-01 1.068014e+00 2.266619e-01 3.150230e-02 -1.870403e-05 -2.620825e-05 4.617112e-05 -8.080951e-05
11635.109136 8.738289e-01 1.066856e+00 2.277390e-01 3.136298e-02 -2.070730e-05 -2.297434e-05 5.588718e-05 -7.839883e-05
11636.432013 8.739322e-01 1.067042e+00 2.297610e-01 3.145672e-02 -2.531668e-05 -2.395602e-05 4.867830e-05 -7.882974e-05
11637.767082 8.730390e-01 1.066123e+00 2.319985e-01 3.140262e-02 -2.685264e-05 -2.492292e-05 4.827333e-05 -7.677026e-05
11639.114342 8.747403e-01 1.068539e+00 2.353032e-01 3.193785e-02 -3.086038e-05 -2.996913e-05 5.704626e-05 -8.495213e-05
11640.473795 8.724463e-01 1.065987e+00 2.378456e-01 3.126217e-02 -2.698924e-05 -2.602528e-05 5.409499e-05 -8.904984e-05
11641.845440 8.732550e-01 1.067280e+00 2.411559e-01 3.193821e-02 -2.970711e-05 -3.714305e-05 5.510876e-05 -8.876817e-05
11643.229276 8.736101e-01 1.067860e+00 2.437031e-01 3.172105e-02 -3.159205e-05 -3.609702e-05 4.979180e-05 -7.982619e-05
11644.625305 8.723225e-01 1.066726e+00 2.455184e-01 3.119268e-02 -3.428487e-05 -2.908322e-05 4.011476e-05 -7.783711e-05
11646.033525 8.715573e-01 1.065680e+00 2.468425e-01 3.108609e-02 -2.802164e-05 -3.003464e-05 4.269354e-05 -8.283130e-05
11647.453937 8.703362e-01 1.064691e+00 2.476737e-01 3.145820e-02 -2.720009e-05 -3.711547e-05 4.394274e-05 -8.656510e-05
11648.886541 8.701354e-01 1.064847e+00 2.481336e-01 3.174151e-02 -2.868405e-05 -3.755668e-05 4.636000e-05 -8.285881e-05
11650.331337 8.664241e-01 1.060780e+00 2.472302e-01 3.150856e-02 -2.736313e-05 -3.476584e-05 4.118151e-05 -7.737106e-05
11651.788325 8.699801e-01 1.065253e+00 2.475548e-01 3.160746e-02 -2.670458e-05 -4.376578e-05 3.308707e-05 -7.619197e-05
11653.257505 8.701396e-01 1.065497e+00 2.459850e-01 3.150806e-02 -2.571378e-05 -3.874396e-05 4.262065e-05 -8.149706e-05
11654.738877 8.703413e-01 1.066085e+00 2.437395e-01 3.147806e-02 -2.435081e-05 -3.401276e-05 4.276370e-05 -7.824297e-05
11656.232440 8.680698e-01 1.063994e+00 2.400439e-01 3.140835e-02 -2.291915e-05 -3.295452e-05 4.704187e-05 -7.882370e-05
11657.738196 8.693105e-01 1.065727e+00 2.374242e-01 3.113397e-02 -2.107314e-05 -3.166288e-05 5.140370e-05 -8.589259e-05
11659.256143 8.691302e-01 1.065663e+00 2.346733e-01 3.159306e-02 -1.385426e-05 -3.005124e-05 3.841759e-05 -8.289422e-05
11660.786283 8.677014e-01 1.064248e+00 2.322977e-01 3.173164e-02 -1.384397e-05 -3.612610e-05 4.023665e-05 -8.289327e-05
11662.328614 8.658587e-01 1.062233e+00 2.302404e-01 3.152149e-02 -1.658596e-05 -3.882941e-05 4.182636e-05 -7.828368e-05
11663.883137 8.693792e-01 1.066573e+00 2.304768e-01 3.158283e-02 -2.703090e-05 -3.750910e-05 4.811720e-05 -7.427057e-05
11665.449852 8.675740e-01 1.064867e+00 2.299374e-01 3.121579e-02 -2.246636e-05 -3.246562e-05 3.549031e-05 -7.871300e-05
11667.028759 8.667309e-01 1.064089e+00 2.301374e-01 3.185529e-02 -2.612865e-05 -2.016270e-05 2.948337e-05 -7.963772e-05
11668.619858 8.674980e-01 1.065221e+00 2.308431e-01 3.154094e-02 -1.810566e-05 -7.893998e-06 4.324551e-05 -7.961084e-05
11670.223149 8.673449e-01 1.065077e+00 2.315564e-01 3.142509e-02 -1.181838e-05 -1.823433e-05 5.302119e-05 -7.803686e-05
11671.838632 8.647877e-01 1.062451e+00 2.317147e-01 3.131537e-02 -1.387279e-05 -1.844778e-05 5.539778e-05 -7.115913e-05
11673.466307 8.673578e-01 1.065957e+00 2.333688e-01 3.141752e-02 -2.681531e-05 -2.285267e-05 4.104510e-05 -7.167891e-05
11675.106173 8.666095e-01 1.065102e+00 2.340764e-01 3.187739e-02 -2.977558e-05 -3.560614e-05 3.939587e-05 -8.889340e-05
11676.758232 8.652694e-01 1.063947e+00 2.344283e-01 3.160290e-02 -2.858028e-05 -3.689931e-05 4.295998e-05 -8.321043e-05
11678.422482 8.621100e-01 1.060569e+00 2.341268e-01 3.142744e-02 -3.258480e-05 -2.630210e-05 5.112665e-05 -7.580727e-05
11680.098924 8.620360e-01 1.061017e+00 2.340748e-01 3.089776e-02 -2.104181e-05 -3.572217e-05 4.202335e-05 -7.594630e-05
11681.787558 8.635860e-01 1.062850e+00 2.341937e-01 3.138507e-02 -1.520350e-05 -3.753466e-05 3.334684e-05 -8.528257e-05
11683.488385 8.644027e-01 1.063938e+00 2.336380e-01 3.205941e-02 -2.213936e-05 -4.292829e-05 3.405193e-05 -9.209200e-05
11685.201403 8.623668e-01 1.061859e+00 2.323489e-01 3.114839e-02 -2.445498e-05 -3.077607e-05 3.785196e-05 -7.281914e-05
11686.926613 8.637949e-01 1.064055e+00 2.320069e-01 3.153630e-02 -3.448248e-05 -2.621136e-05 4.379046e-05 -7.754639e-05
11688.664014 8.632070e-01 1.063555e+00 2.315067e-01 3.149320e-02 -2.406646e-05 -2.560207e-05 4.825979e-05 -7.642719e-05
11690.413608 8.623570e-01 1.062982e+00 2.314182e-01 3.159554e-02 -2.427419e-05 -2.533461e-05 4.420843e-05 -7.131937e-05
11692.175394 8.625421e-01 1.063345e+00 2.324002e-01 3.166227e-02 -2.939195e-05 -3.164711e-05 5.221475e-05 -8.054706e-05
11693.949371 8.622611e-01 1.063468e+00 2.339552e-01 3.138889e-02 -2.553787e-05 -3.529579e-05 5.500503e-05 -8.176008e-05
11695.735541 8.616643e-01 1.063150e+00 2.359683e-01 3.045634e-02 -2.454481e-05 -4.103493e-05 5.019537e-05 -8.004276e-05
11697.533902 8.614842e-01 1.063352e+00 2.387487e-01 3.143467e-02 -2.146522e-05 -4.359208e-05 4.439394e-05 -8.277178e-05
11699.344455 8.599542e-01 1.061650e+00 2.414791e-01 3.132693e-02 -2.504062e-05 -3.872373e-05 4.455380e-05 -8.166258e-05
11701.167201 8.587505e-01 1.060443e+00 2.444236e-01 3.104506e-02 -2.029162e-05 -3.053223e-05 4.155660e-05 -8.719407e-05
11703.002138 8.569734e-01 1.058372e+00 2.472494e-01 3.176718e-02 -2.675749e-05 -3.608659e-05 3.888468e-05 -8.884367e-05
11704.849267 8.574685e-01 1.059500e+00 2.501118e-01 3.108548e-02 -2.554905e-05 -4.138637e-05 5.075953e-05 -8.168854e-05
11706.708588 8.584496e-01 1.060991e+00 2.522477e-01 3.186226e-02 -2.117643e-05 -3.060029e-05 5.585213e-05 -8.856475e-05
11708.580100 8.600432e-01 1.063384e+00 2.536055e-01 3.142299e-02 -1.684555e-05 -2.849391e-05 5.798824e-05 -8.650512e-05
11710.463805 8.580512e-01 1.061242e+00 2.532102e-01 3.193010e-02 -1.654192e-05 -3.605519e-05 4.490390e-05 -8.192529e-05
11712.359702 8.565669e-01 1.059674e+00 2.518918e-01 3.151789e-02 -2.619696e-05 -3.783659e-05 4.260358e-05 -8.415469e-05
11714.267790 8.577154e-01 1.061632e+00 2.511439e-01 3.098085e-02 -2.541564e-05 -4.477117e-05 4.306398e-05 -7.753772e-05
11716.188071 8.579341e-01 1.062360e+00 2.496189e-01 3.125271e-02 -2.123793e-05 -4.232192e-05 4.913554e-05 -8.280278e-05
11718.120543 8.566123e-01 1.060921e+00 2.475627e-01 3.136943e-02 -2.094054e-05 -3.484131e-05 3.788512e-05 -7.403013e-05
11720.065207 8.560293e-01 1.060514e+00 2.456396e-01 3.193170e-02 -2.487498e-05 -2.452704e-05 3.588581e-05 -7.704904e-05
11722.022064 8.553460e-01 1.059959e+00 2.439643e-01 3.159160e-02 -2.134441e-05 -2.649942e-05 4.163112e-05 -8.447380e-05
11723.991112 8.558036e-01 1.061173e+00 2.429293e-01 3.080783e-02 -2.312171e-05 -1.947929e-05 5.220114e-05 -7.799579e-05
11725.972352 8.547153e-01 1.060195e+00 2.415524e-01 3.121329e-02 -2.746122e-05 -1.862517e-05 4.393298e-05 -8.343353e-05
11727.965784 8.553030e-01 1.061292e+00 2.409998e-01 3.161528e-02 -2.645915e-05 -2.322019e-05 6.003646e-05 -7.196979e-05
11729.971407 8.519507e-01 1.057308e+00 2.392165e-01 3.142544e-02 -2.436612e-05 -2.815291e-05 5.275927e-05 -8.348342e-05
11731.989223 8.500820e-01 1.055467e+00 2.382452e-01 3.153896e-02 -2.388168e-05 -2.465440e-05 5.133300e-05 -8.465498e-05
11734.019231 8.501011e-01 1.055935e+00 2.380849e-01 3.104141e-02 -2.966381e-05 -2.853255e-05 4.105007e-05 -7.725211e-05
11736.061430 8.521473e-01 1.058672e+00 2.388291e-01 3.100762e-02 -3.197356e-05 -4.155499e-05 4.457507e-05 -7.160363e-05
11738.115822 8.497788e-01 1.056130e+00 2.385545e-01 3.120684e-02 -3.311905e-05 -5.374363e-05 3.958880e-05 -7.867467e-05
11740.182405 8.524171e-01 1.059766e+00 2.399550e-01 3.175437e-02 -4.540919e-05 -5.029195e-05 3.986123e-05 -8.194116e-05
11742.261180 8.520907e-01 1.059786e+00 2.403528e-01 3.127302e-02 -4.088760e-05 -4.303679e-05 4.183838e-05 -7.555800e-05
11744.352148 8.519052e-01 1.059713e+00 2.406638e-01 3.147023e-02 -4.441521e-05 -3.999026e-05 3.574390e-05 -7.519786e-05
11746.455307 8.494516e-01 1.057176e+00 2.398902e-01 3.134206e-02 -4.747518e-05 -4.110973e-05 4.189248e-05 -6.967338e-05
11748.570658 8.498733e-01 1.057943e+00 2.392403e-01 3.121627e-02 -4.021555e-05 -2.839983e-05 4.179289e-05 -6.874915e-05
11750.698201 8.494543e-01 1.058002e+00 2.383762e-01 3.153567e-02 -4.188160e-05 -2.712650e-05 3.245729e-05 -6.929953e-05
11752.837935 8.499083e-01 1.058674e+00 2.374467e-01 3.141737e-02 -4.570240e-05 -3.341556e-05 3.491471e-05 -6.653643e-05
11754.989862 8.490204e-01 1.058003e+00 2.367325e-01 3.130146e-02 -4.505765e-05 -3.293523e-05 3.708914e-05 -6.761654e-05
11757.153981 8.492140e-01 1.058905e+00 2.374152e-01 3.118856e-02 -4.078397e-05 -3.458628e-05 4.823912e-05 -7.036167e-05
11759.330291 8.478910e-01 1.057493e+00 2.386963e-01 3.145698e-02 -4.527014e-05 -3.580304e-05 4.662668e-05 -6.893421e-05
11761.518794 8.479634e-01 1.057987e+00 2.414731e-01 3.135786e-02 -4.616766e-05 -3.353441e-05 4.246963e-05 -8.786229e-05
11763.719488 8.471146e-01 1.057422e+00 2.445610e-01 3.086309e-02 -4.915626e-05 -2.956711e-05 5.087733e-05 -8.963167e-05
11765.932374 8.470713e-01 1.057652e+00 2.481276e-01 3.147165e-02 -4.130147e-05 -3.127692e-05 5.967510e-05 -8.366663e-05
11768.157453 8.461784e-01 1.056974e+00 2.506835e-01 3.182810e-02 -4.913363e-05 -2.916890e-05 6.271586e-05 -8.245419e-05
11770.394723 8.415529e-01 1.051643e+00 2.515364e-01 3.086061e-02 -4.176117e-05 -2.942110e-05 6.535217e-05 -8.499622e-05
11772.644185 8.361919e-01 1.045697e+00 2.518101e-01 3.143215e-02 -3.726092e-05 -1.852852e-05 5.629015e-05 -8.720801e-05
11774.905838 8.424111e-01 1.053437e+00 2.551907e-01 3.126731e-02 -3.523350e-05 -3.417719e-05 6.218851e-05 -8.063461e-05
11777.179684 8.428662e-01 1.054568e+00 2.564308e-01 3.144624e-02 -3.327793e-05 -4.276866e-05 4.999498e-05 -8.300385e-05
11779.465722 8.441328e-01 1.056225e+00 2.575990e-01 3.147258e-02 -3.324762e-05 -3.882605e-05 4.778951e-05 -8.755172e-05
11781.763952 8.440096e-01 1.056470e+00 2.580910e-01 3.102492e-02 -3.212623e-05 -4.758125e-05 4.592101e-05 -9.053817e-05
11784.074373 8.431650e-01 1.056058e+00 2.583615e-01 3.150241e-02 -2.663120e-05 -4.695002e-05 4.928340e-05 -9.077080e-05
11786.396987 8.429474e-01 1.056027e+00 2.584729e-01 3.101307e-02 -2.979842e-05 -3.648913e-05 5.594697e-05 -9.335179e-05
11788.731792 8.413367e-01 1.054408e+00 2.582696e-01 3.104195e-02 -2.634861e-05 -4.364823e-05 5.185901e-05 -1.065929e-04
11791.078789 8.422651e-01 1.055932e+00 2.585980e-01 3.200669e-02 -2.385081e-05 -5.033124e-05 5.074077e-05 -9.262467e-05
11793.437978 8.415398e-01 1.055232e+00 2.581984e-01 3.120032e-02 -2.375714e-05 -4.477200e-05 4.745568e-05 -7.988798e-05
11795.809359 8.404313e-01 1.054443e+00 2.573347e-01 3.125513e-02 -3.109659e-05 -3.537051e-05 4.415840e-05 -8.059386e-05
11798.192932 8.397432e-01 1.053896e+00 2.561159e-01 3.129857e-02 -3.701016e-05 -4.748041e-05 5.569689e-05 -7.617834e-05
11800.588697 8.393308e-01 1.053967e+00 2.548122e-01 3.077418e-02 -3.944950e-05 -5.338009e-05 6.119349e-05 -8.290113e-05
11802.996654 8.401117e-01 1.055303e+00 2.533165e-01 3.093344e-02 -3.329937e-05 -4.066058e-05 5.470717e-05 -8.897203e-05
11805.416803 8.383127e-01 1.053554e+00 2.506303e-01 3.146447e-02 -3.738992e-05 -4.318165e-05 4.888983e-05 -8.466186e-05
11807.849143 8.361292e-01 1.051283e+00 2.479995e-01 3.146117e-02 -3.937191e-05 -5.036855e-05 3.788329e-05 -8.250965e-05
11810.293676 8.375138e-01 1.053396e+00 2.465212e-01 3.123312e-02 -3.585522e-05 -6.042260e-05 4.502448e-05 -7.707008e-05
11812.750400 8.375265e-01 1.054002e+00 2.451183e-01 3.149650e-02 -3.469583e-05 -5.981290e-05 4.159194e-05 -8.192364e-05
11815.219317 8.352578e-01 1.051528e+00 2.438086e-01 3.075049e-02 -3.072193e-05 -5.158190e-05 3.972453e-05 -7.988740e-05
11817.700425 8.331628e-01 1.049071e+00 2.433413e-01 3.094455e-02 -3.931535e-05 -4.565231e-05 3.131995e-05 -8.087516e-05
11820.193725 8.358445e-01 1.053036e+00 2.448813e-01 3.146549e-02 -2.903959e-05 -4.309461e-05 4.411743e-05 -9.151491e-05
11822.699217 8.354700e-01 1.053257e+00 2.462545e-01 3.129479e-02 -3.316153e-05 -4.311981e-05 6.653215e-05 -8.555074e-05
11825.216901 8.337715e-01 1.051154e+00 2.475675e-01 3.071415e-02 -4.272304e-05 -5.028959e-05 6.011296e-05 -9.100425e-05
11827.746777 8.323745e-01 1.050090e+00 2.496454e-01 3.134990e-02 -3.852718e-05 -4.621344e-05 4.899632e-05 -9.296698e-05
11830.288845 8.341394e-01 1.052694e+00 2.530465e-01 3.111090e-02 -3.388120e-05 -4.349596e-05 4.873471e-05 -9.263332e-05
11832.843105 8.318983e-01 1.050217e+00 2.556229e-01 3.154910e-02 -3.134917e-05 -4.254277e-05 5.157112e-05 -9.837237e-05
11835.409556 8.321960e-01 1.051245e+00 2.592928e-01 3.138996e-02 -1.886079e-05 -4.393931e-05 5.812797e-05 -9.326457e-05
11837.988200 8.312687e-01 1.050867e+00 2.620815e-01 3.109143e-02 -2.785933e-05 -4.605395e-05 4.786239e-05 -8.645847e-05
11840.579035 8.306128e-01 1.050008e+00 2.641714e-01 3.055422e-02 -3.062039e-05 -4.409827e-05 4.665818e-05 -9.324138e-05
11843.182062 8.301622e-01 1.050030e+00 2.656140e-01 3.184123e-02 -3.820021e-05 -4.197455e-05 5.382727e-05 -8.971235e-05
11845.797282 8.274580e-01 1.047298e+00 2.655821e-01 3.122707e-02 -3.784111e-05 -4.481293e-05 5.000269e-05 -1.019861e-04
11848.424693 8.279985e-01 1.048156e+00 2.659315e-01 3.094949e-02 -3.806775e-05 -4.510745e-05 5.838264e-05 -9.576667e-05
11851.064296 8.294940e-01 1.050462e+00 2.662891e-01 3.134253e-02 -3.539648e-05 -4.169018e-05 5.713010e-05 -9.342422e-05
11853.716091 8.278367e-01 1.048815e+00 2.652075e-01 3.115506e-02 -3.233262e-05 -3.978797e-05 4.706145e-05 -8.811423e-05
11856.380078 8.272544e-01 1.048398e+00 2.648078e-01 3.084775e-02 -3.162698e-05 -3.760107e-05 4.543477e-05 -8.502754e-05
11859.056256 8.281979e-01 1.050124e+00 2.654025e-01 3.089555e-02 -4.369498e-05 -4.234968e-05 4.209892e-05 -8.216105e-05
11861.744627 8.229190e-01 1.044237e+00 2.648359e-01 3.068259e-02 -3.898098e-05 -4.595404e-05 4.629236e-05 -8.743866e-05
11864.445190 8.222422e-01 1.043640e+00 2.660236e-01 3.129348e-02 -3.572453e-05 -4.242546e-05 5.951514e-05 -8.176790e-05
11867.157944 8.249101e-01 1.047523e+00 2.680563e-01 3.147866e-02 -3.598799e-05 -3.849955e-05 6.458266e-05 -8.837451e-05
11869.882891 8.233776e-01 1.045900e+00 2.682704e-01 3.137890e-02 -3.880028e-05 -3.578747e-05 7.092118e-05 -8.377468e-05
11872.620029 8.222790e-01 1.044912e+00 2.678694e-01 3.152399e-02 -3.710105e-05 -3.376630e-05 5.790402e-05 -9.030466e-05
11875.369359 8.240110e-01 1.047578e+00 2.679423e-01 3.102258e-02 -3.441137e-05 -3.821100e-05 4.988962e-05 -9.533215e-05
11878.130881 8.231673e-01 1.047112e+00 2.666740e-01 3.178045e-02 -3.450363e-05 -3.658324e-05 4.507270e-05 -1.059430e-04
11880.904595 8.154531e-01 1.037994e+00 2.629841e-01 3.051257e-02 -3.655381e-05 -2.577023e-05 4.999883e-05 -1.021919e-04
11883.690501 8.149653e-01 1.037946e+00 2.618628e-01 3.094151e-02 -3.036940e-05 -3.296583e-05 5.663449e-05 -1.110823e-04
11886.488599 8.211233e-01 1.045913e+00 2.628846e-01 3.116722e-02 -3.294590e-05 -3.861320e-05 5.498182e-05 -1.164607e-04
11889.298889 8.218348e-01 1.046939e+00 2.619774e-01 3.171402e-02 -3.156726e-05 -3.786357e-05 5.135766e-05 -1.119099e-04
11892.121371 8.194617e-01 1.044513e+00 2.602958e-01 3.138834e-02 -3.173786e-05 -4.295135e-05 5.072621e-05 -1.050297e-04
11894.956044 8.200854e-01 1.046136e+00 2.603209e-01 3.143789e-02 -4.215012e-05 -5.165297e-05 4.961358e-05 -1.141590e-04
11897.802910 8.197435e-01 1.046039e+00 2.604519e-01 3.121467e-02 -4.029373e-05 -4.171486e-05 5.462035e-05 -1.165968e-04
11900.661967 8.173992e-01 1.043586e+00 2.607048e-01 3.129268e-02 -3.829321e-05 -4.001702e-05 3.979798e-05 -1.121424e-04
11903.533217 8.172233e-01 1.043981e+00 2.625895e-01 3.131367e-02 -3.527415e-05 -4.310493e-05 3.571283e-05 -1.012817e-04
11906.416658 8.178745e-01 1.045230e+00 2.653217e-01 3.135110e-02 -3.925051e-05 -4.338564e-05 5.298984e-05 -9.530079e-05
11909.312291 8.163002e-01 1.043802e+00 2.676868e-01 3.083286e-02 -4.284991e-05 -4.511338e-05 4.703875e-05 -9.202996e-05
11912.220116 8.149732e-01 1.042542e+00 2.704386e-01 3.115465e-02 -4.442383e-05 -5.225994e-05 4.435243e-05 -8.528001e-05
11915.140133 8.158558e-01 1.044131e+00 2.736463e-01 3.139645e-02 -3.721097e-05 -5.623087e-05 3.853887e-05 -1.018366e-04
11918.072342 8.144743e-01 1.042874e+00 2.754023e-01 3.138569e-02 -3.247765e-05 -4.996765e-05 2.779687e-05 -9.031618e-05
11921.016743 8.145180e-01 1.043035e+00 2.768856e-01 3.121387e-02 -3.475690e-05 -4.167619e-05 4.491902e-05 -9.632861e-05
11923.973335 8.140125e-01 1.042905e+00 2.777063e-01 3.096918e-02 -2.943013e-05 -4.679770e-05 4.413801e-05 -9.729439e-05
11926.942120 8.129777e-01 1.042167e+00 2.778072e-01 3.111024e-02 -2.923129e-05 -4.645104e-05 4.301149e-05 -9.314280e-05
11929.923096 8.125647e-01 1.042207e+00 2.776870e-01 3.095336e-02 -3.456629e-05 -5.602652e-05 3.781362e-05 -1.039291e-04
11932.916265 8.115977e-01 1.040964e+00 2.774694e-01 3.131449e-02 -3.618016e-05 -4.928776e-05 4.106736e-05 -9.771275e-05
11935.921625 8.031429e-01 1.031323e+00 2.747362e-01 3.081288e-02 -4.079744e-05 -5.096006e-05 3.602815e-05 -9.041376e-05
11938.939177 8.050973e-01 1.034132e+00 2.755140e-01 3.080761e-02 -4.319976e-05 -4.235331e-05 3.967323e-05 -9.922754e-05
11941.968921 8.094514e-01 1.040099e+00 2.772658e-01 3.102524e-02 -3.903362e-05 -5.041040e-05 3.788027e-05 -9.059258e-05
11945.010858 8.094273e-01 1.040711e+00 2.779043e-01 3.138924e-02 -4.673909e-05 -5.372937e-05 4.353652e-05 -9.076329e-05
11948.064985 8.096697e-01 1.041339e+00 2.786747e-01 3.096627e-02 -3.830050e-05 -5.902941e-05 4.201517e-05 -9.983317e-05
11951.131305 8.088835e-01 1.040680e+00 2.797460e-01 3.152886e-02 -3.843525e-05 -5.750188e-05 4.216959e-05 -9.621592e-05
11954.209817 8.072509e-01 1.039131e+00 2.804646e-01 3.140216e-02 -4.010958e-05 -5.620727e-05 4.620018e-05 -9.798276e-05
11957.300521 8.061572e-01 1.038156e+00 2.810684e-01 3.071864e-02 -3.498783e-05 -5.986475e-05 4.759643e-05 -8.351369e-05
11960.403416 8.070488e-01 1.040014e+00 2.817989e-01 3.101162e-02 -3.835514e-05 -4.773695e-05 5.103570e-05 -8.989660e-05
11963.518504 8.057897e-01 1.038931e+00 2.812665e-01 3.150520e-02 -3.709847e-05 -4.739779e-05 5.523692e-05 -9.383478e-05
11966.645783 8.044090e-01 1.037557e+00 2.801417e-01 3.104521e-02 -3.101347e-05 -4.197439e-05 5.324000e-05 -9.629914e-05
11969.785255 8.046903e-01 1.038540e+00 2.796326e-01 3.135068e-02 -1.661328e-05 -4.259790e-05 4.654446e-05 -1.028434e-04
11972.936918 8.044585e-01 1.038555e+00 2.793020e-01 3.098247e-02 -1.750214e-05 -4.423191e-05 4.818035e-05 -1.044975e-04
11976.100773 8.037270e-01 1.038201e+00 2.789541e-01 3.122476e-02 -1.916931e-05 -4.701128e-05 4.302425e-05 -1.092441e-04
11979.276820 8.023481e-01 1.037201e+00 2.788269e-01 3.154444e-02 -1.919900e-05 -5.182570e-05 5.135666e-05 -9.869633e-05
11982.465059 8.023529e-01 1.037565e+00 2.792317e-01 3.063896e-02 -2.600384e-05 -6.548941e-05 5.937579e-05 -9.603671e-05
11985.665490 8.016693e-01 1.037317e+00 2.792715e-01 3.120002e-02 -2.717201e-05 -5.317806e-05 5.938124e-05 -1.086524e-04
11988.878112 8.008802e-01 1.036696e+00 2.793486e-01 3.109662e-02 -2.257298e-05 -5.044421e-05 5.468339e-05 -1.051221e-04
11992.102927 7.997686e-01 1.035856e+00 2.794259e-01 3.133203e-02 -2.294511e-05 -4.715819e-05 5.162018e-05 -1.020979e-04
11995.339934 7.996791e-01 1.036185e+00 2.803731e-01 3.074192e-02 -1.841569e-05 -3.905796e-05 5.534146e-05 -1.015419e-04
11998.589132 7.991650e-01 1.036060e+00 2.814477e-01 3.138099e-02 -2.266749e-05 -4.871346e-05 6.604142e-05 -9.749845e-05
12001.850523 7.981243e-01 1.035348e+00 2.829491e-01 3.099500e-02 -2.691968e-05 -4.663015e-05 6.140072e-05 -1.030291e-04
12005.124105 7.970051e-01 1.034229e+00 2.847681e-01 3.106621e-02 -3.139599e-05 -4.136598e-05 6.658893e-05 -1.087759e-04
12008.409879 7.969658e-01 1.034769e+00 2.876527e-01 3.143344e-02 -3.977036e-05 -4.174977e-05 7.256533e-05 -1.201817e-04
12011.707845 7.958775e-01 1.033833e+00 2.902421e-01 3.113873e-02 -3.564901e-05 -4.533047e-05 7.281278e-05 -1.153183e-04
12015.018003 7.958299e-01 1.034198e+00 2.930386e-01 3.074382e-02 -3.141995e-05 -4.630893e-05 7.501105e-05 -1.071758e-04
12018.340353 7.955979e-01 1.034523e+00 2.952377e-01 3.096437e-02 -3.068614e-05 -4.927570e-05 6.916857e-05 -1.127672e-04
12021.674895 7.939701e-01 1.033010e+00 2.963498e-01 3.101599e-02 -2.971005e-05 -4.822547e-05 8.040034e-05 -9.581199e-05
12025.021629 7.924191e-01 1.031524e+00 2.967758e-01 3.052143e-02 -2.082900e-05 -5.115271e-05 8.333435e-05 -1.000555e-04
12028.380554 7.931952e-01 1.033207e+00 2.977653e-01 3.118986e-02 -2.139941e-05 -4.987744e-05 7.310655e-05 -1.004165e-04
12031.751672 7.926049e-01 1.032843e+00 2.977070e-01 3.102431e-02 -2.543214e-05 -5.621703e-05 7.051497e-05 -9.772037e-05
12035.134982 7.920002e-01 1.032533e+00 2.975550e-01 3.065089e-02 -3.493855e-05 -5.390511e-05 6.343129e-05 -1.056100e-04
12038.530483 7.913645e-01 1.032134e+00 2.971951e-01 3.095452e-02 -4.196046e-05 -4.496846e-05 6.152074e-05 -1.031403e-04
12041.938176 7.897239e-01 1.030858e+00 2.967025e-01 3.079420e-02 -4.015490e-05 -3.264846e-05 5.786796e-05 -1.047251e-04
12045.358061 7.834316e-01 1.023420e+00 2.944240e-01 3.090320e-02 -4.165639e-05 -4.157578e-05 5.483936e-05 -1.032964e-04
12048.790139 7.782254e-01 1.017269e+00 2.924358e-01 3.089060e-02 -4.261542e-05 -3.863792e-05 5.201277e-05 -1.055472e-04
12052.234408 7.872918e-01 1.029382e+00 2.960153e-01 3.090677e-02 -2.472433e-05 -3.857201e-05 6.240197e-05 -1.079653e-04
12055.690868 7.874471e-01 1.029934e+00 2.960876e-01 3.093931e-02 -3.196443e-05 -4.471438e-05 5.951165e-05 -9.708210e-05
12059.159521 7.866383e-01 1.029521e+00 2.957249e-01 3.094681e-02 -2.745868e-05 -3.640474e-05 6.349049e-05 -1.030014e-04
12062.640366 7.859549e-01 1.029451e+00 2.959774e-01 3.147149e-02 -2.689537e-05 -3.809712e-05 3.901070e-05 -1.126464e-04
12066.133403 7.853370e-01 1.028853e+00 2.960783e-01 3.123800e-02 -2.485827e-05 -3.838820e-05 4.272252e-05 -1.084812e-04
12069.638631 7.851095e-01 1.029270e+00 2.967709e-01 3.087266e-02 -2.734281e-05 -3.719459e-05 5.333907e-05 -1.209713e-04
12073.156052 7.841543e-01 1.028484e+00 2.970494e-01 3.096423e-02 -3.101790e-05 -4.703515e-05 5.313259e-05 -1.191978e-04
12076.685664 7.830829e-01 1.027415e+00 2.971319e-01 3.097163e-02 -3.011362e-05 -5.156471e-05 5.071708e-05 -1.090012e-04
12080.227468 7.819869e-01 1.026861e+00 2.973737e-01 3.109875e-02 -3.003689e-05 -4.657026e-05 4.528041e-05 -1.137578e-04
12083.781465 7.803131e-01 1.025229e+00 2.976829e-01 3.068578e-02 -2.471412e-05 -3.615939e-05 5.103156e-05 -1.191276e-04
12087.347653 7.786841e-01 1.023832e+00 2.983930e-01 3.111823e-02 -2.142924e-05 -3.625509e-05 6.829919e-05 -1.179429e-04
12090.926033 7.802752e-01 1.026305e+00 3.004720e-01 3.090612e-02 -1.844479e-05 -4.139310e-05 6.256964e-05 -1.131663e-04
12094.516605 7.801223e-01 1.026641e+00 3.022746e-01 3.087232e-02 -1.993563e-05 -4.068223e-05 6.065620e-05 -1.188221e-04
12098.119369 7.790838e-01 1.025980e+00 3.036804e-01 3.041422e-02 -2.716862e-05 -3.918914e-05 6.039230e-05 -1.192110e-04
12101.734324 7.777431e-01 1.024640e+00 3.048706e-01 3.113816e-02 -3.105076e-05 -3.377390e-05 5.884689e-05 -1.164236e-04
12105.361472 7.778686e-01 1.025078e+00 3.065416e-01 3.072635e-02 -2.406724e-05 -3.287830e-05 5.707772e-05 -1.199689e-04
12109.000811 7.769216e-01 1.024460e+00 3.077871e-01 3.135170e-02 -2.055410e-05 -3.070100e-05 5.452794e-05 -1.151469e-04
12112.652343 7.758159e-01 1.023842e+00 3.089037e-01 3.121902e-02 -2.565825e-05 -3.117317e-05 5.993929e-05 -1.153989e-04
12116.316066 7.760378e-01 1.024875e+00 3.107107e-01 3.074440e-02 -2.279089e-05 -3.469715e-05 6.801685e-05 -1.103363e-04
12119.991982 7.743073e-01 1.022903e+00 3.116156e-01 3.080511e-02 -1.920412e-05 -4.025691e-05 7.143215e-05 -1.014672e-04
12123.680089 7.736487e-01 1.022661e+00 3.129916e-01 3.041454e-02 -2.266519e-05 -4.283312e-05 7.629042e-05 -9.314608e-05
12127.380388 7.733651e-01 1.022753e+00 3.144924e-01 3.064605e-02 -2.608288e-05 -3.484045e-05 7.054373e-05 -1.039228e-04
12131.092879 7.728980e-01 1.022898e+00 3.158726e-01 3.079556e-02 -2.674305e-05 -3.403266e-05 6.181195e-05 -1.075182e-04
12134.817562 7.720567e-01 1.022328e+00 3.168588e-01 3.120985e-02 -3.755454e-05 -3.679964e-05 6.116355e-05 -1.100541e-04
12138.554437 7.714370e-01 1.022143e+00 3.174989e-01 3.084444e-02 -4.374588e-05 -3.377258e-05 4.875886e-05 -1.159110e-04
12142.303503 7.700067e-01 1.020848e+00 3.175157e-01 3.078430e-02 -4.790774e-05 -3.977408e-05 5.693360e-05 -1.104127e-04
12146.064762 7.695007e-01 1.020570e+00 3.177078e-01 3.070346e-02 -4.420323e-05 -4.306096e-05 6.563068e-05 -1.098743e-04
12149.838213 7.690291e-01 1.020633e+00 3.181210e-01 3.120202e-02 -3.937572e-05 -4.036968e-05 6.057441e-05 -1.139811e-04
12153.623855 7.687763e-01 1.020912e+00 3.185386e-01 3.125081e-02 -2.569506e-05 -4.411905e-05 5.547323e-05 -1.111444e-04
12157.421689 7.658440e-01 1.017582e+00 3.177068e-01 3.037075e-02 -2.561445e-05 -4.725558e-05 6.012483e-05 -1.110484e-04
12161.231716 7.666426e-01 1.019202e+00 3.183659e-01 3.112189e-02 -2.269561e-05 -4.557543e-05 4.777640e-05 -1.085522e-04
12165.053934 7.660859e-01 1.019064e+00 3.184199e-01 3.102552e-02 -1.867404e-05 -4.784886e-05 5.413064e-05 -1.100555e-04
12168.888344 7.651577e-01 1.018439e+00 3.182811e-01 3.068837e-02 -2.089097e-05 -4.757191e-05 5.629100e-05 -1.192625e-04
12172.734946 7.645223e-01 1.018137e+00 3.182950e-01 3.056285e-02 -1.729995e-05 -3.746684e-05 5.624853e-05 -1.182757e-04
12176.593740 7.630616e-01 1.016860e+00 3.183999e-01 3.053065e-02 -1.853556e-05 -3.408328e-05 5.985738e-05 -1.115277e-04
12180.464726 7.632115e-01 1.017662e+00 3.187833e-01 3.071582e-02 -2.283806e-05 -3.017881e-05 5.965495e-05 -1.130569e-04
12184.347903 7.615453e-01 1.016206e+00 3.188049e-01 3.035203e-02 -1.149667e-05 -3.799327e-05 5.416527e-05 -1.014062e-04
12188.243273 7.608736e-01 1.015765e+00 3.193806e-01 3.034742e-02 -1.225293e-05 -4.131551e-05 4.449487e-05 -9.385176e-05
12192.150835 7.606233e-01 1.015953e+00 3.202665e-01 3.057141e-02 -1.658202e-05 -4.562244e-05 5.171067e-05 -9.986947e-05
12196.070588 7.586301e-01 1.013959e+00 3.206080e-01 3.085965e-02 -1.494573e-05 -5.252791e-05 5.285735e-05 -1.071502e-04
12200.002533 7.589685e-01 1.014971e+00 3.222977e-01 3.086134e-02 -1.616492e-05 -5.305178e-05 4.543763e-05 -1.022682e-04
12203.946671 7.568907e-01 1.013012e+00 3.229978e-01 3.098863e-02 -2.011623e-05 -5.029132e-05 4.679190e-05 -1.002307e-04
12207.903000 7.563065e-01 1.012843e+00 3.245555e-01 3.039411e-02 -1.155745e-05 -4.814723e-05 4.288037e-05 -1.128830e-04
12211.871521 7.570776e-01 1.014200e+00 3.268218e-01 3.076627e-02 -1.214710e-05 -5.445704e-05 4.771524e-05 -1.080472e-04
12215.852234 7.569225e-01 1.014606e+00 3.287620e-01 3.074343e-02 -1.088768e-05 -5.322205e-05 5.709691e-05 -1.094683e-04
12219.845139 7.551621e-01 1.012951e+00 3.298660e-01 3.052180e-02 -9.704033e-06 -5.314971e-05 4.874196e-05 -1.072382e-04
12223.850236 7.534163e-01 1.011201e+00 3.308017e-01 3.036361e-02 -1.859717e-05 -5.773725e-05 4.992276e-05 -1.139352e-04
12227.867524 7.449038e-01 1.000848e+00 3.286028e-01 3.007335e-02 -1.590791e-05 -4.397552e-05 4.871534e-05 -1.106151e-04
12231.897005 7.370203e-01 9.908817e-01 3.265155e-01 2.992817e-02 -1.839693e-05 -4.350765e-05 4.210043e-05 -1.054479e-04
12235.938678 7.497197e-01 1.008255e+00 3.336201e-01 3.036366e-02 -2.902122e-05 -4.091013e-05 4.576449e-05 -9.897278e-05
12239.992542 7.506491e-01 1.009949e+00 3.354168e-01 3.060610e-02 -1.924750e-05 -4.188281e-05 4.315119e-05 -9.553241e-05
12244.058598 7.498600e-01 1.009585e+00 3.363733e-01 3.043798e-02 -2.007226e-05 -3.429757e-05 5.169649e-05 -1.075273e-04
12248.136847 7.492266e-01 1.009230e+00 3.377615e-01 3.045664e-02 -2.427989e-05 -3.109836e-05 5.184009e-05 -1.058789e-04
12252.227287 7.466281e-01 1.006253e+00 3.381141e-01 3.049409e-02 -2.609383e-05 -3.274729e-05 3.848860e-05 -1.034117e-04
12256.329919 7.473832e-01 1.007901e+00 3.402027e-01 3.050911e-02 -2.338377e-05 -4.691519e-05 4.359069e-05 -1.091317e-04
12260.444743 7.470157e-01 1.007955e+00 3.416878e-01 3.061653e-02 -2.298169e-05 -4.487529e-05 4.051530e-05 -1.121577e-04
12264.571759 7.468504e-01 1.008295e+00 3.429557e-01 3.027622e-02 -2.419238e-05 -4.864275e-05 3.265648e-05 -1.115527e-04
12268.710967 7.451763e-01 1.006773e+00 3.433291e-01 3.060915e-02 -3.039559e-05 -4.271624e-05 4.305913e-05 -1.011998e-04
12272.862366 7.446795e-01 1.006888e+00 3.438334e-01 3.031457e-02 -2.796226e-05 -3.546077e-05 5.346757e-05 -9.713927e-05
12277.025958 7.439987e-01 1.006525e+00 3.440851e-01 3.077702e-02 -2.845636e-05 -3.820521e-05 4.928954e-05 -9.878912e-05
12281.201742 7.432689e-01 1.006039e+00 3.440740e-01 3.074163e-02 -3.339293e-05 -4.748762e-05 5.331109e-05 -9.981737e-05
12285.389717 7.424728e-01 1.005784e+00 3.439075e-01 3.061152e-02 -2.619242e-05 -5.074856e-05 5.089323e-05 -9.004800e-05
12289.589884 7.407447e-01 1.003947e+00 3.433080e-01 3.006423e-02 -2.448135e-05 -4.435117e-05 4.249531e-05 -8.270362e-05
12293.802244 7.408741e-01 1.004802e+00 3.435665e-01 3.025342e-02 -3.293290e-05 -4.215239e-05 4.453631e-05 -8.102234e-05
12298.026795 7.390638e-01 1.003010e+00 3.430661e-01 3.059632e-02 -4.475814e-05 -4.266614e-05 3.888711e-05 -9.079995e-05
12302.263538 7.385707e-01 1.002918e+00 3.433944e-01 3.065182e-02 -4.908795e-05 -4.877049e-05 4.417628e-05 -9.323396e-05
12306.512473 7.386105e-01 1.003577e+00 3.442241e-01 3.061281e-02 -4.739486e-05 -5.687404e-05 4.264153e-05 -1.034534e-04
12310.773600 7.379714e-01 1.003452e+00 3.449797e-01 3.034326e-02 -3.585058e-05 -5.607857e-05 4.182243e-05 -1.034891e-04
12315.046919 7.371353e-01 1.002883e+00 3.458517e-01 3.047541e-02 -3.604705e-05 -5.407385e-05 4.822323e-05 -9.812872e-05
12319.332429 7.348238e-01 1.000241e+00 3.462718e-01 3.027192e-02 -3.217781e-05 -4.655577e-05 5.481655e-05 -9.145586e-05
12323.630132 7.203258e-01 9.815370e-01 3.411745e-01 3.021425e-02 -3.462035e-05 -4.068705e-05 5.078583e-05 -8.356715e-05
12327.940026 7.276040e-01 9.919812e-01 3.468298e-01 3.012428e-02 -4.505092e-05 -3.768935e-05 4.944363e-05 -8.742622e-05
12332.262113 7.333745e-01 1.000187e+00 3.519428e-01 3.051239e-02 -4.168292e-05 -3.654287e-05 4.320537e-05 -8.858083e-05
12336.596391 7.327247e-01 1.000130e+00 3.537758e-01 3.068962e-02 -4.046759e-05 -3.412754e-05 5.103614e-05 -8.049469e-05
12340.942861 7.327743e-01 1.000703e+00 3.559597e-01 3.066877e-02 -3.834698e-05 -3.980523e-05 4.711161e-05 -7.683683e-05
12345.301524 7.309689e-01 9.988467e-01 3.569573e-01 3.055911e-02 -3.891457e-05 -3.811859e-05 3.303804e-05 -8.148685e-05
12349.672378 7.303495e-01 9.984040e-01 3.582876e-01 3.047659e-02 -4.268641e-05 -3.981057e-05 3.875311e-05 -7.515592e-05
12354.055424 7.301513e-01 9.989841e-01 3.598509e-01 3.054619e-02 -4.129420e-05 -3.071049e-05 4.145396e-05 -8.002474e-05
12358.450662 7.293009e-01 9.985645e-01 3.609007e-01 3.045158e-02 -3.551430e-05 -2.676902e-05 4.995393e-05 -8.770082e-05
12362.858091 7.278626e-01 9.971731e-01 3.617901e-01 3.067300e-02 -3.763285e-05 -2.514433e-05 4.823106e-05 -8.169909e-05
12367.277713 7.268873e-01 9.967947e-01 3.629243e-01 3.062261e-02 -4.007179e-05 -2.628967e-05 4.274159e-05 -8.350133e-05
12371.709527 7.240918e-01 9.934288e-01 3.628694e-01 3.052201e-02 -3.164843e-05 -2.855550e-05 5.543765e-05 -7.644086e-05
12376.153532 7.204725e-01 9.891509e-01 3.626303e-01 3.023233e-02 -3.736509e-05 -2.452004e-05 5.759050e-05 -7.645453e-05
12380.609730 7.251661e-01 9.958381e-01 3.662965e-01 3.027703e-02 -3.661842e-05 -2.884655e-05 5.335069e-05 -7.484865e-05
12385.078119 7.248734e-01 9.962742e-01 3.677566e-01 3.026703e-02 -3.410074e-05 -2.441398e-05 4.936465e-05 -7.539747e-05
12389.558700 7.234971e-01 9.951187e-01 3.684851e-01 3.043985e-02 -3.058679e-05 -3.373365e-05 4.306265e-05 -7.763807e-05
12394.051473 7.228918e-01 9.947706e-01 3.693910e-01 3.040341e-02 -3.557893e-05 -3.162659e-05 4.865218e-05 -8.271836e-05
12398.556438 7.219098e-01 9.940442e-01 3.702381e-01 3.038922e-02 -3.698896e-05 -3.735591e-05 5.811836e-05 -8.659970e-05
12403.073595 7.203570e-01 9.927031e-01 3.707847e-01 3.043636e-02 -3.834204e-05 -3.565173e-05 5.294722e-05 -8.738610e-05
12407.602944 7.190246e-01 9.913389e-01 3.712147e-01 3.015508e-02 -4.021318e-05 -3.823332e-05 4.630716e-05 -8.022964e-05
12412.144485 7.189257e-01 9.918539e-01 3.722367e-01 3.042800e-02 -3.401097e-05 -4.418010e-05 4.601230e-05 -7.514377e-05
12416.698218 7.182602e-01 9.914703e-01 3.728025e-01 3.045821e-02 -2.932710e-05 -3.936791e-05 4.340925e-05 -7.917836e-05
12421.264142 7.165906e-01 9.900061e-01 3.731067e-01 3.016991e-02 -2.897850e-05 -4.238682e-05 3.467084e-05 -7.554981e-05
12425.842259 7.156513e-01 9.894172e-01 3.735766e-01 3.031771e-02 -3.294206e-05 -3.814303e-05 2.758210e-05 -7.569481e-05
12430.432567 7.132820e-01 9.869407e-01 3.733989e-01 3.010750e-02 -2.985367e-05 -4.216494e-05 3.723900e-05 -8.119538e-05
12435.035068 7.132002e-01 9.873043e-01 3.741752e-01 3.026564e-02 -2.011595e-05 -4.866616e-05 4.681298e-05 -7.612273e-05
12439.649760 7.130948e-01 9.877660e-01 3.751300e-01 3.021667e-02 -1.647246e-05 -4.635113e-05 4.448966e-05 -7.410879e-05
12444.276644 7.128721e-01 9.881887e-01 3.762368e-01 3.026005e-02 -1.501205e-05 -4.195859e-05 4.516944e-05 -7.468973e-05
12448.915720 7.128834e-01 9.887447e-01 3.775409e-01 3.040114e-02 -1.459287e-05 -3.794959e-05 4.472057e-05 -7.121802e-05
12453.566988 7.119882e-01 9.880898e-01 3.785732e-01 3.053700e-02 -2.172646e-05 -4.345571e-05 4.880302e-05 -6.667042e-05
12458.230448 7.111573e-01 9.875803e-01 3.797344e-01 3.026680e-02 -2.481311e-05 -4.903050e-05 5.311048e-05 -6.680934e-05
12462.906100 7.108698e-01 9.878547e-01 3.812030e-01 3.033922e-02 -1.385902e-05 -5.120190e-05 4.916846e-05 -6.919603e-05
12467.593943 7.108635e-01 9.883901e-01 3.829779e-01 3.018673e-02 -7.740828e-06 -5.041465e-05 4.125428e-05 -7.633908e-05
12472.293979 7.100072e-01 9.880566e-01 3.844326e-01 3.029756e-02 -1.925267e-05 -5.068369e-05 4.180328e-05 -8.068412e-05
12477.006206 7.092940e-01 9.875903e-01 3.859820e-01 3.034786e-02 -2.829067e-05 -4.926177e-05 4.185890e-05 -5.962563e-05
12481.730626 7.083156e-01 9.871141e-01 3.875770e-01 3.040268e-02 -2.390602e-05 -5.485027e-05 4.542567e-05 -5.173299e-05
12486.467237 7.072269e-01 9.862557e-01 3.889927e-01 3.035077e-02 -2.787762e-05 -5.683500e-05 3.887426e-05 -4.320842e-05
12491.216040 7.059096e-01 9.850450e-01 3.903203e-01 3.028901e-02 -3.227520e-05 -4.663339e-05 3.405624e-05 -4.697842e-05
12495.977036 7.063516e-01 9.861647e-01 3.925826e-01 3.044168e-02 -2.309164e-05 -4.592122e-05 3.504237e-05 -4.668390e-05
12500.750223 7.054270e-01 9.855922e-01 3.940131e-01 3.040034e-02 -1.581136e-05 -4.315304e-05 3.761782e-05 -5.126297e-05
12505.535602 7.045243e-01 9.850356e-01 3.954138e-01 3.031017e-02 -1.980465e-05 -3.303498e-05 5.105961e-05 -5.260456e-05
12510.333172 7.033651e-01 9.841998e-01 3.965375e-01 3.034396e-02 -3.453109e-05 -4.128183e-05 4.521861e-05 -6.406985e-05
12515.142935 7.026316e-01 9.837663e-01 3.978432e-01 3.041929e-02 -3.846073e-05 -4.808657e-05 4.261844e-05 -6.471648e-05
12519.964890 7.019430e-01 9.833391e-01 3.990665e-01 3.030460e-02 -3.644789e-05 -5.036007e-05 3.555280e-05 -6.707815e-05
12524.799037 7.010653e-01 9.827544e-01 4.001240e-01 3.024447e-02 -3.571691e-05 -3.848360e-05 3.251757e-05 -6.911005e-05
12529.645375 6.503149e-01 9.121738e-01 3.725031e-01 2.815824e-02 -2.664231e-05 -2.185379e-05 3.433079e-05 -6.715015e-05
12534.503905 1.296545e-01 1.819086e-01 7.439143e-02 5.649422e-03 -5.077176e-06 -6.328585e-06 7.178086e-06 -1.366371e-05
