# Facility: NSLS-II
# Beamline: QAS
# Year: 2022
# Cycle: 2
# SAF: 309618
# PI: Wang
# Proposal: 309017
# Scan ID: 52228
# UID: cb1cd906-d5b7-49f9-bea7-bb5372926b49
# Comment: 
# Start time: 07/18/2022  10:52:19
# Stop time: 07/18/2022  10:52:51
# Total time: 00:32
# Trajectory name: Pt-L3-30s-11564.txt
# Element: Platinum ( 78)
# Edge: L3
# E0: 11564
# Reference Foil Element: Pt
# Keithley Gains I0: 1E7 V/A It: 1E6 V/A Iref: 1E7 V/A PIPS: 1E8 V/A 
# Ion Chamber Gas Flow Rates: I0: 0.00 sccm He + 99.70 sccm N2 + 0.00 sccm Ar 
# Ion Chamber Gas Flow Rates: It&Iref: 29.80 sccm N2 + 70.10 sccm Ar
# Incident Beam Path Vertical: -27.99 mm
# Incident Slits Positions B: TOP: 1.0 mm Bottom: -1.0 mm Inboard: -2.0 mm Outboard: 2.0 mm
# Sample Stage Positions: Rotation: 45.0 deg Horizontal: -14.44 mm Vertical: 36.14 mm Beam Direction: 0.00 mm
# PerkinElmer Vertical Position: 500.00 mm
# Front End Mirror Horizontal Positions: Up: -14.00 mm Down: -14.00 mm
#
# energy  i0  it  ir  iff  aux1  aux2  aux3  aux4
11377.658595 4.740367e-01 2.621103e-05 2.216066e-05 3.129441e-01 -4.150584e-05 -3.045090e-05 -4.591345e-06 -5.493746e-05
11382.658595 9.369665e-01 4.945890e-05 3.654811e-05 6.187624e-01 -8.542862e-05 -4.734112e-05 -5.155192e-06 -1.144163e-04
11387.658595 9.404450e-01 4.730545e-05 2.754609e-05 6.217151e-01 -8.131965e-05 -4.787856e-05 -3.441856e-06 -1.251313e-04
11392.658595 9.359784e-01 3.604576e-05 2.625637e-05 6.190298e-01 -8.616024e-05 -6.175643e-05 -4.081921e-06 -1.303997e-04
11397.658595 9.368092e-01 4.645585e-05 1.538080e-05 6.197555e-01 -8.683662e-05 -7.598812e-05 -1.508451e-06 -1.247485e-04
11402.658595 9.324293e-01 5.615664e-05 1.454972e-05 6.174479e-01 -7.932338e-05 -7.487568e-05 -2.212989e-06 -1.124161e-04
11407.658595 9.334885e-01 4.700445e-05 2.075952e-05 6.189027e-01 -7.900162e-05 -6.650315e-05 -3.565031e-06 -1.007803e-04
11412.658595 9.319266e-01 5.152107e-05 2.850768e-05 6.186421e-01 -8.438772e-05 -6.455886e-05 -9.958554e-06 -9.748432e-05
11417.658595 9.293816e-01 4.749450e-05 1.775386e-05 6.165144e-01 -7.481960e-05 -6.222347e-05 -1.704942e-06 -7.789077e-05
11422.658595 9.156643e-01 5.080692e-05 2.510089e-05 6.099870e-01 -7.634077e-05 -7.347646e-05 -8.622611e-06 -9.319865e-05
11427.658595 9.264818e-01 5.555753e-05 1.994389e-05 6.183811e-01 -7.342792e-05 -7.040279e-05 -3.707153e-06 -9.788419e-05
11432.658595 9.282076e-01 6.087442e-05 1.913069e-05 6.188400e-01 -7.004706e-05 -6.825385e-05 -8.347358e-06 -9.535524e-05
11437.658595 9.246498e-01 4.907794e-05 3.378459e-06 6.169661e-01 -7.227211e-05 -7.216034e-05 -5.518111e-06 -9.787441e-05
11442.658595 9.198064e-01 4.627574e-05 1.122254e-05 6.138845e-01 -7.737247e-05 -6.009488e-05 -3.959817e-06 -1.083492e-04
11447.658595 9.189682e-01 5.524659e-05 2.186295e-05 6.142151e-01 -8.522761e-05 -5.095145e-05 -4.953089e-07 -9.942987e-05
11452.658595 9.187650e-01 5.034723e-05 2.501067e-05 6.147254e-01 -7.501570e-05 -5.420955e-05 -3.006902e-06 -8.789642e-05
11457.658595 9.176516e-01 4.263392e-05 1.624210e-05 6.136911e-01 -7.405815e-05 -6.709238e-05 -8.212651e-06 -8.170458e-05
11462.658595 9.182314e-01 5.175827e-05 5.200061e-07 6.145923e-01 -7.641070e-05 -6.777547e-05 -9.682526e-06 -8.010870e-05
11467.658595 9.165319e-01 5.101916e-05 1.273809e-05 6.138529e-01 -8.519158e-05 -7.624102e-05 1.211284e-06 -5.869117e-05
11472.658595 9.143821e-01 6.064816e-05 1.301144e-05 6.133303e-01 -8.190764e-05 -7.691879e-05 5.101675e-06 -6.589671e-05
11477.658595 9.108243e-01 6.352752e-05 2.811353e-05 6.116533e-01 -7.708927e-05 -7.543743e-05 -8.552428e-06 -6.525549e-05
11482.658595 9.080366e-01 7.320531e-05 1.034160e-05 6.095256e-01 -7.432060e-05 -8.858549e-05 -8.000634e-06 -7.122944e-05
11487.658595 8.981126e-01 7.613266e-05 1.756942e-05 6.030743e-01 -8.448234e-05 -8.982649e-05 -3.960942e-06 -5.783508e-05
11492.658595 8.957151e-01 7.580748e-05 2.037658e-05 6.021251e-01 -7.887032e-05 -8.152766e-05 1.355318e-06 -6.196606e-05
11497.658595 9.095233e-01 8.021014e-05 3.568774e-05 6.131517e-01 -8.182270e-05 -7.395640e-05 3.877104e-06 -6.213424e-05
11502.658595 9.096058e-01 8.024184e-05 4.074241e-05 6.137798e-01 -8.434818e-05 -8.158753e-05 1.048214e-05 -6.280204e-05
11507.658595 9.076131e-01 8.192429e-05 1.683068e-05 6.131457e-01 -8.449491e-05 -8.351301e-05 5.588946e-06 -5.697721e-05
11512.658595 9.034156e-01 7.719136e-05 3.198427e-05 6.095813e-01 -8.207495e-05 -7.440065e-05 4.517253e-06 -5.608586e-05
11517.658595 9.027355e-01 7.903038e-05 3.614675e-05 6.100364e-01 -8.409397e-05 -7.190949e-05 4.559351e-06 -6.190928e-05
11522.658595 9.011311e-01 7.008385e-05 1.991568e-05 6.095038e-01 -8.990838e-05 -7.554934e-05 -2.780094e-07 -6.452880e-05
11527.658595 9.015740e-01 7.183499e-05 1.386516e-05 6.110400e-01 -8.186229e-05 -6.759221e-05 3.543411e-06 -6.357732e-05
11532.658595 9.024404e-01 6.042597e-05 1.836468e-05 6.119437e-01 -8.241408e-05 -6.429176e-05 8.223479e-06 -6.323130e-05
11534.000000 9.023226e-01 5.341547e-05 4.231927e-05 6.119830e-01 -8.448995e-05 -6.009328e-05 1.012934e-05 -6.464927e-05
11535.000000 9.013247e-01 5.946873e-05 1.535464e-05 6.116152e-01 -9.086918e-05 -6.172209e-05 4.785705e-06 -5.662124e-05
11536.000000 8.997217e-01 7.236210e-05 4.583064e-05 6.096326e-01 -8.580371e-05 -6.984967e-05 7.918373e-06 -5.935036e-05
11537.000000 9.053048e-01 7.496029e-05 5.828259e-06 6.152393e-01 -8.537987e-05 -6.923997e-05 1.352233e-05 -7.335548e-05
11538.000000 8.991682e-01 6.991265e-05 2.904820e-05 6.120512e-01 -7.639328e-05 -6.792669e-05 9.043220e-06 -6.682051e-05
11539.000000 8.979398e-01 6.160685e-05 -1.798143e-05 6.093463e-01 -7.108525e-05 -6.551683e-05 -2.597133e-06 -6.753360e-05
11540.000000 9.026300e-01 5.519868e-05 -4.185484e-05 6.129797e-01 -7.595987e-05 -6.868409e-05 -5.924746e-06 -6.790925e-05
11541.000000 8.923405e-01 7.164452e-05 1.064794e-04 6.061643e-01 -7.458394e-05 -6.444663e-05 -5.013787e-06 -6.321205e-05
11541.200000 9.073649e-01 4.364796e-05 1.360764e-05 6.131455e-01 -7.283359e-05 -6.328971e-05 -1.166069e-05 -6.144460e-05
11541.400000 9.060708e-01 9.533460e-05 -4.255612e-06 6.178409e-01 -7.765440e-05 -7.339379e-05 -1.489097e-05 -6.763659e-05
11541.600000 8.937798e-01 3.553757e-05 2.110085e-05 6.104525e-01 -7.739488e-05 -7.532230e-05 -1.197718e-05 -5.639690e-05
11541.800000 9.219935e-01 7.695974e-05 -2.523375e-05 6.290341e-01 -8.063851e-05 -7.754622e-05 -9.598744e-06 -5.691215e-05
11542.000000 8.901285e-01 5.178333e-05 5.612566e-05 6.050895e-01 -7.870226e-05 -7.869554e-05 -3.753162e-06 -7.475495e-05
11542.200000 9.028714e-01 5.498584e-05 3.355438e-05 6.131366e-01 -7.906627e-05 -8.283797e-05 8.231216e-06 -7.296983e-05
11542.400000 8.916518e-01 9.274938e-05 -7.269894e-05 6.070253e-01 -6.904803e-05 -7.522548e-05 -9.043284e-08 -7.701169e-05
11542.600000 9.073298e-01 2.428768e-05 1.287085e-04 6.172352e-01 -7.038909e-05 -7.073022e-05 -1.475534e-05 -6.819459e-05
11542.800000 9.111001e-01 8.119696e-05 -7.384786e-05 6.191810e-01 -6.773143e-05 -6.882130e-05 8.296533e-06 -7.661006e-05
11543.000000 9.150205e-01 6.211456e-05 -1.379519e-04 6.211722e-01 -7.108888e-05 -7.177122e-05 3.312842e-06 -1.185755e-04
11543.200000 9.089063e-01 6.521314e-05 -8.247210e-05 6.159477e-01 -7.936124e-05 -7.713778e-05 8.811147e-06 -1.254285e-04
11543.400000 8.991910e-01 8.829254e-05 -3.860877e-05 6.125456e-01 -8.048405e-05 -7.986280e-05 1.280553e-05 -1.260856e-04
11543.600000 8.610068e-01 1.955119e-05 5.879327e-05 5.866553e-01 -7.396420e-05 -5.854428e-05 1.871527e-05 -1.177262e-04
11543.800000 9.107457e-01 7.460997e-05 -4.963872e-05 6.206851e-01 -8.393703e-05 -7.009995e-05 6.730229e-06 -1.356669e-04
11544.000000 9.013064e-01 4.178432e-05 -2.948316e-05 6.157730e-01 -9.484705e-05 -6.850939e-05 -5.369368e-06 -1.198740e-04
11544.200000 9.058788e-01 7.610023e-05 -1.053662e-04 6.190348e-01 -9.160250e-05 -6.667507e-05 -4.463937e-06 -1.151397e-04
11544.400000 8.915234e-01 7.452917e-05 -2.045998e-04 6.045585e-01 -7.001805e-05 -6.721849e-05 -5.043425e-06 -1.176752e-04
11544.600000 8.916857e-01 6.232773e-05 -5.627658e-05 6.047103e-01 -7.409758e-05 -7.000733e-05 4.848172e-08 -1.230804e-04
11544.800000 9.235563e-01 9.537644e-05 -2.988893e-05 6.272002e-01 -6.963318e-05 -7.426997e-05 1.376732e-05 -1.228184e-04
11545.000000 9.005422e-01 4.625801e-05 6.342949e-05 6.152046e-01 -5.885574e-05 -7.359304e-05 1.594701e-05 -1.144140e-04
11545.200000 8.888288e-01 5.602478e-05 -3.685659e-05 6.065760e-01 -6.228966e-05 -6.634127e-05 -5.476112e-06 -1.186741e-04
11545.400000 8.988892e-01 4.091481e-05 -5.217282e-05 6.120901e-01 -7.631961e-05 -6.130023e-05 -1.693579e-05 -1.137984e-04
11545.600000 8.981632e-01 9.220051e-05 2.205578e-05 6.103271e-01 -6.868922e-05 -6.248346e-05 -9.898851e-06 -1.304518e-04
11545.800000 8.619147e-01 4.706370e-05 5.636551e-05 5.847637e-01 -6.567606e-05 -6.592272e-05 -5.738194e-06 -1.095242e-04
11546.000000 9.178905e-01 1.046423e-04 -2.544297e-05 6.242205e-01 -6.324934e-05 -6.943728e-05 -1.225964e-05 -1.069959e-04
11546.200000 8.618555e-01 3.471261e-05 -3.679246e-05 5.869758e-01 -5.763727e-05 -5.588868e-05 -1.059525e-05 -1.001728e-04
11546.400000 9.165349e-01 5.624079e-05 1.230102e-05 6.275123e-01 -6.484740e-05 -6.043249e-05 -1.306606e-05 -1.105140e-04
11546.600000 9.082340e-01 9.380558e-05 1.362911e-04 6.175953e-01 -5.899696e-05 -6.818288e-05 -1.365829e-05 -1.124584e-04
11546.800000 9.070211e-01 3.093877e-05 1.613788e-04 6.205128e-01 -6.371231e-05 -6.631875e-05 -7.096424e-06 -1.059344e-04
11547.000000 9.022018e-01 7.481530e-05 -4.670616e-05 6.160680e-01 -6.860069e-05 -5.920378e-05 -1.372784e-05 -1.098140e-04
11547.200000 8.918139e-01 2.041815e-05 8.792702e-05 6.080973e-01 -7.037699e-05 -5.609597e-05 -2.963797e-05 -9.855193e-05
11547.400000 8.969507e-01 7.910458e-05 -7.188248e-05 6.126366e-01 -7.440725e-05 -5.489362e-05 -2.065301e-05 -1.005097e-04
11547.600000 8.975372e-01 4.356553e-05 -2.016270e-05 6.135749e-01 -7.352345e-05 -6.726838e-05 -1.097926e-05 -1.087650e-04
11547.800000 8.922488e-01 8.876763e-05 8.519182e-06 6.082810e-01 -5.992481e-05 -5.909844e-05 -1.343689e-05 -1.101596e-04
11548.000000 9.056541e-01 8.755164e-05 9.091704e-05 6.176371e-01 -6.108046e-05 -6.551324e-05 -1.307101e-05 -1.087170e-04
11548.200000 8.951645e-01 9.467363e-05 6.082561e-06 6.115335e-01 -6.000309e-05 -7.305812e-05 -1.034901e-05 -1.103691e-04
11548.400000 8.860193e-01 8.663047e-05 9.746856e-05 6.048347e-01 -6.467195e-05 -7.502284e-05 -5.603074e-06 -1.089346e-04
11548.600000 8.906733e-01 5.270011e-05 7.986506e-05 6.070199e-01 -7.193356e-05 -7.027906e-05 8.781683e-06 -9.585872e-05
11548.800000 8.967949e-01 6.780274e-05 -5.052001e-05 6.158733e-01 -7.963876e-05 -6.253834e-05 8.273452e-06 -6.585674e-05
11549.000000 9.032102e-01 7.110260e-05 -8.528645e-05 6.184800e-01 -7.818455e-05 -6.018469e-05 7.865450e-06 -6.450969e-05
11549.200000 8.951170e-01 5.875518e-05 -5.351203e-05 6.133008e-01 -8.050119e-05 -5.478813e-05 2.213519e-06 -6.575024e-05
11549.400000 8.991060e-01 5.399886e-05 -7.920943e-05 6.146565e-01 -8.641774e-05 -5.770090e-05 -5.602999e-06 -7.288179e-05
11549.600000 8.641478e-01 7.480033e-05 2.387965e-05 5.873963e-01 -7.439434e-05 -5.555674e-05 -8.173449e-06 -6.996038e-05
11549.800000 8.772715e-01 3.432019e-05 -1.839395e-05 5.963072e-01 -6.329892e-05 -6.363788e-05 -9.549571e-06 -6.679738e-05
11550.000000 8.788526e-01 3.361632e-05 2.973852e-05 6.012598e-01 -7.464752e-05 -7.398516e-05 -7.352861e-06 -6.937234e-05
11550.200000 8.963296e-01 7.725839e-05 4.240033e-05 6.089107e-01 -7.462728e-05 -7.012938e-05 3.081792e-06 -7.104923e-05
11550.400000 9.128692e-01 7.806515e-05 9.407665e-05 6.260097e-01 -6.894249e-05 -6.340308e-05 3.355551e-06 -7.243654e-05
11550.600000 9.073105e-01 6.530262e-05 5.846526e-05 6.189842e-01 -6.279814e-05 -6.247487e-05 1.717380e-06 -6.901350e-05
11550.800000 8.758803e-01 5.816834e-05 -9.265929e-05 5.982304e-01 -6.848548e-05 -5.940727e-05 2.662086e-06 -6.880170e-05
11551.000000 9.008301e-01 5.385309e-05 6.719504e-05 6.162883e-01 -7.177609e-05 -5.469012e-05 -7.993976e-06 -6.836361e-05
11551.200000 8.915247e-01 4.586185e-05 1.316487e-05 6.111951e-01 -7.108928e-05 -5.774039e-05 -2.447690e-06 -6.813110e-05
11551.400000 8.962116e-01 5.996774e-05 8.849271e-05 6.134032e-01 -7.341447e-05 -5.655511e-05 -2.240418e-06 -7.122256e-05
11551.600000 8.939156e-01 2.652141e-05 -7.940822e-07 6.105705e-01 -7.268782e-05 -5.525391e-05 8.607776e-07 -8.372788e-05
11551.800000 9.016637e-01 1.049943e-04 -6.137799e-05 6.160544e-01 -7.217028e-05 -5.640751e-05 1.041221e-05 -8.295429e-05
11552.000000 8.997018e-01 3.983137e-05 1.042883e-04 6.167454e-01 -7.508020e-05 -5.773912e-05 -4.694669e-06 -6.869774e-05
11552.200000 9.045908e-01 7.723997e-05 -7.286039e-05 6.211707e-01 -7.910983e-05 -6.516089e-05 -1.177134e-05 -5.936367e-05
11552.400000 8.928172e-01 5.355777e-05 1.245073e-04 6.109350e-01 -7.617913e-05 -6.883466e-05 -6.866397e-06 -6.137438e-05
11552.600000 8.905506e-01 4.800538e-05 7.715810e-05 6.083303e-01 -8.205171e-05 -6.908711e-05 -9.640615e-06 -6.104917e-05
11552.800000 9.058208e-01 2.844227e-05 -4.932351e-05 6.191536e-01 -7.643589e-05 -6.885964e-05 -9.199939e-07 -7.650140e-05
11553.000000 8.993718e-01 6.268061e-05 3.931989e-05 6.146994e-01 -7.699506e-05 -6.246076e-05 8.101204e-06 -7.609826e-05
11553.200000 8.909914e-01 2.117698e-05 -1.101476e-04 6.093453e-01 -7.817934e-05 -6.096426e-05 5.789450e-06 -7.159678e-05
11553.400000 8.917209e-01 7.778156e-05 5.553074e-05 6.091161e-01 -7.321075e-05 -5.884088e-05 -3.385482e-06 -7.526682e-05
11553.600000 8.994672e-01 5.390642e-05 9.634520e-06 6.196066e-01 -8.204740e-05 -6.391680e-05 -9.074589e-06 -6.670249e-05
11553.800000 8.907251e-01 7.983607e-05 5.190492e-05 6.119190e-01 -8.412575e-05 -6.625154e-05 4.002192e-06 -6.489882e-05
11554.000000 9.150943e-01 3.300659e-05 3.403820e-05 6.287774e-01 -8.132864e-05 -6.592435e-05 -9.740810e-06 -7.561291e-05
11554.200000 9.109353e-01 8.437326e-06 1.738576e-05 6.205027e-01 -7.850199e-05 -5.889771e-05 -7.042282e-06 -7.615996e-05
11554.400000 8.907512e-01 4.432559e-05 -1.533700e-04 6.086615e-01 -6.576712e-05 -6.779136e-05 -1.515658e-05 -8.204205e-05
11554.600000 8.934823e-01 1.760913e-05 3.544464e-05 6.120320e-01 -6.895958e-05 -7.545136e-05 -1.075460e-05 -6.552528e-05
11554.800000 8.912150e-01 6.616353e-05 3.874208e-05 6.097205e-01 -7.726458e-05 -6.909102e-05 -5.803261e-06 -6.981962e-05
11555.000000 9.014041e-01 4.534312e-05 -1.447284e-05 6.185327e-01 -8.555754e-05 -6.322729e-05 -1.145000e-06 -7.764921e-05
11555.200000 8.978590e-01 5.248316e-05 3.351657e-05 6.169233e-01 -8.030470e-05 -6.513346e-05 6.051603e-06 -6.701761e-05
11555.400000 8.947755e-01 4.756348e-05 -4.793451e-06 6.162629e-01 -7.462459e-05 -7.151358e-05 -1.090958e-05 -6.975937e-05
11555.600000 8.683698e-01 4.775887e-05 8.869317e-06 5.979182e-01 -7.518504e-05 -7.020022e-05 -2.940520e-06 -5.536846e-05
11555.800000 8.832871e-01 8.333023e-05 -3.427901e-05 6.066133e-01 -7.514322e-05 -6.406432e-05 -1.173972e-06 -6.089177e-05
11556.000000 9.046366e-01 1.712226e-05 -5.000059e-05 6.238352e-01 -7.995284e-05 -5.745998e-05 1.106243e-05 -5.349005e-05
11556.200000 9.070629e-01 8.794698e-05 6.819054e-05 6.245701e-01 -8.402108e-05 -6.502232e-05 -7.561551e-06 -6.071534e-05
11556.400000 9.059246e-01 8.971422e-05 -7.120159e-06 6.203608e-01 -8.015558e-05 -6.126043e-05 -4.893731e-06 -5.668157e-05
11556.600000 9.026324e-01 1.090914e-04 6.880993e-05 6.223918e-01 -7.414863e-05 -6.571020e-05 -4.744376e-06 -5.225798e-05
11556.800000 9.087984e-01 7.216420e-05 4.280603e-06 6.260428e-01 -8.494520e-05 -6.002912e-05 -7.158331e-06 -6.861404e-05
11557.000000 8.882068e-01 4.804628e-05 -1.987477e-05 6.105943e-01 -7.797692e-05 -6.096733e-05 -1.075622e-05 -6.823489e-05
11557.200000 8.992503e-01 7.813986e-05 -4.655268e-05 6.211564e-01 -7.813398e-05 -6.135978e-05 -2.677963e-05 -6.208217e-05
11557.400000 9.028629e-01 7.035406e-05 6.632890e-05 6.232226e-01 -7.649438e-05 -5.379365e-05 -1.932081e-05 -6.783578e-05
11557.600000 8.985687e-01 5.428340e-05 2.838541e-05 6.222710e-01 -7.499297e-05 -4.993801e-05 -1.781521e-05 -6.736515e-05
11557.800000 8.872004e-01 9.525951e-05 1.069611e-04 6.149109e-01 -6.642717e-05 -5.495235e-05 4.907994e-07 -5.618859e-05
11558.000000 9.182924e-01 6.053623e-05 8.312679e-06 6.364975e-01 -6.599891e-05 -5.485580e-05 -2.237899e-06 -5.930958e-05
11558.200000 9.018801e-01 7.180152e-05 2.763411e-05 6.244632e-01 -6.984243e-05 -6.796670e-05 -1.515294e-06 -5.966222e-05
11558.400000 9.081748e-01 7.021600e-05 4.562230e-05 6.300528e-01 -7.875614e-05 -6.562717e-05 4.652057e-06 -6.578513e-05
11558.600000 8.962576e-01 6.394862e-05 -1.915314e-05 6.224440e-01 -7.138616e-05 -5.745231e-05 1.308315e-05 -6.243062e-05
11558.800000 8.844640e-01 7.888285e-05 9.188367e-05 6.140464e-01 -7.053031e-05 -6.424641e-05 4.699106e-06 -6.689450e-05
11559.000000 9.005811e-01 7.606409e-05 1.096159e-04 6.234741e-01 -6.990328e-05 -5.460631e-05 8.073076e-06 -7.380552e-05
11559.200000 8.980778e-01 5.258226e-05 -3.938528e-05 6.235134e-01 -7.771632e-05 -5.934999e-05 1.752427e-05 -7.964240e-05
11559.400000 9.000823e-01 1.050936e-04 -4.817177e-06 6.264778e-01 -6.216863e-05 -6.297435e-05 5.359221e-06 -7.918449e-05
11559.600000 8.845287e-01 6.427475e-05 9.033193e-05 6.156275e-01 -6.047833e-05 -6.862473e-05 9.111090e-06 -6.879593e-05
11559.800000 8.874044e-01 3.980757e-05 8.102793e-05 6.195903e-01 -6.975925e-05 -7.029591e-05 4.198373e-06 -7.012460e-05
11560.000000 8.882129e-01 8.901257e-05 -9.994540e-06 6.197420e-01 -7.603708e-05 -6.858996e-05 1.996651e-05 -5.893159e-05
11560.200000 9.149503e-01 7.070180e-05 1.820267e-05 6.383600e-01 -8.923639e-05 -6.642590e-05 1.338729e-05 -8.056285e-05
11560.400000 8.819167e-01 5.709409e-05 -1.863587e-05 6.156995e-01 -7.230802e-05 -6.276747e-05 1.245244e-05 -7.218371e-05
11560.600000 8.841639e-01 5.168009e-05 1.242128e-04 6.169827e-01 -6.932527e-05 -7.867803e-05 -6.837482e-07 -8.204045e-05
11560.800000 9.012675e-01 3.854237e-05 -6.254241e-05 6.313059e-01 -6.700157e-05 -7.048430e-05 5.895019e-06 -7.648831e-05
11561.000000 9.128763e-01 6.023014e-05 5.083950e-05 6.416270e-01 -6.815508e-05 -6.302471e-05 1.619739e-05 -7.204058e-05
11561.200000 9.059528e-01 9.352654e-05 7.291965e-05 6.386458e-01 -6.749226e-05 -7.142652e-05 1.534606e-05 -6.313264e-05
11561.400000 8.908924e-01 7.159387e-05 -1.359249e-05 6.281109e-01 -6.370949e-05 -7.314188e-05 1.098856e-05 -7.016334e-05
11561.600000 9.090469e-01 1.226287e-05 1.765303e-04 6.424249e-01 -6.854964e-05 -6.834106e-05 1.398732e-05 -5.822694e-05
11561.800000 9.102231e-01 4.712503e-05 6.016592e-05 6.455474e-01 -6.740259e-05 -5.469321e-05 8.581208e-06 -6.644528e-05
11562.000000 9.098042e-01 5.162668e-05 -2.176150e-05 6.447129e-01 -7.182167e-05 -6.011601e-05 1.516521e-05 -7.119234e-05
11562.200000 9.029963e-01 5.986901e-05 1.261818e-04 6.430608e-01 -7.936398e-05 -6.817090e-05 -1.004475e-06 -8.490186e-05
11562.400000 8.921668e-01 5.220270e-05 6.040587e-05 6.357519e-01 -6.875543e-05 -7.125963e-05 2.690008e-05 -7.575846e-05
11562.600000 8.992067e-01 5.847502e-05 -8.009331e-06 6.419779e-01 -5.726901e-05 -6.760242e-05 9.811418e-06 -7.950703e-05
11562.800000 9.101787e-01 1.765476e-05 6.581687e-05 6.531925e-01 -5.330784e-05 -7.386532e-05 2.410255e-05 -8.172881e-05
11563.000000 8.966857e-01 4.343346e-05 5.208072e-06 6.457146e-01 -5.560979e-05 -6.312236e-05 2.759001e-05 -7.753343e-05
11563.200000 8.839373e-01 3.294120e-05 1.354391e-04 6.348806e-01 -6.544264e-05 -5.665805e-05 1.963187e-05 -8.145326e-05
11563.400000 8.981096e-01 3.534990e-05 -6.091426e-05 6.498477e-01 -6.849020e-05 -6.575306e-05 1.018706e-05 -8.972769e-05
11563.600000 9.052188e-01 3.795624e-05 4.611091e-05 6.582652e-01 -6.858557e-05 -6.298149e-05 1.328215e-05 -7.982023e-05
11563.800000 9.040591e-01 6.006228e-05 9.117708e-05 6.583831e-01 -7.068966e-05 -6.639028e-05 2.824205e-05 -7.388095e-05
11564.000000 8.866066e-01 6.095790e-05 -4.242280e-05 6.498662e-01 -7.121992e-05 -6.591852e-05 2.230737e-05 -6.914318e-05
11564.200000 9.057632e-01 3.331154e-05 3.375409e-05 6.675309e-01 -6.617187e-05 -5.720883e-05 2.447747e-05 -7.508037e-05
11564.400000 9.111522e-01 4.220149e-05 1.093726e-04 6.743248e-01 -5.806140e-05 -5.987640e-05 3.883459e-06 -7.912031e-05
11564.600000 8.848998e-01 3.500465e-05 -3.269640e-05 6.569903e-01 -5.562804e-05 -6.849943e-05 1.964581e-05 -6.126433e-05
11564.800000 8.887135e-01 5.266577e-05 4.837107e-05 6.655633e-01 -5.846797e-05 -6.260256e-05 2.041730e-05 -6.288612e-05
11565.000000 8.942794e-01 3.422485e-05 7.419246e-05 6.737805e-01 -6.530748e-05 -5.455489e-05 1.015288e-05 -6.722307e-05
11565.200000 9.042744e-01 5.532705e-05 -8.694103e-05 6.841776e-01 -6.637681e-05 -5.759237e-05 1.035548e-05 -6.195743e-05
11565.400000 8.994597e-01 6.403530e-05 -8.850642e-05 6.829231e-01 -6.417985e-05 -6.951625e-05 5.900384e-06 -6.996789e-05
11565.600000 8.960778e-01 7.617449e-05 -1.550421e-05 6.863769e-01 -6.015246e-05 -6.727305e-05 2.320467e-05 -6.569918e-05
11565.800000 9.012289e-01 7.653936e-05 1.738259e-06 6.966196e-01 -6.693137e-05 -7.035259e-05 2.678430e-05 -7.217656e-05
11566.000000 9.017912e-01 4.686670e-05 1.069297e-04 7.011795e-01 -6.198810e-05 -6.219282e-05 2.244620e-05 -6.753507e-05
11566.200000 8.946319e-01 3.980320e-05 -1.200002e-04 6.988076e-01 -6.773724e-05 -5.675753e-05 2.213674e-05 -6.322098e-05
11566.400000 8.990172e-01 7.791679e-05 1.273137e-04 7.071729e-01 -6.194150e-05 -5.133013e-05 1.607221e-05 -6.329018e-05
11566.600000 9.001724e-01 6.440394e-05 4.613255e-05 7.144340e-01 -6.054454e-05 -4.116523e-05 1.216384e-05 -5.742486e-05
11566.800000 8.958423e-01 4.732861e-05 8.332925e-05 7.126452e-01 -5.304240e-05 -4.739998e-05 -8.480227e-07 -5.116490e-05
11567.000000 9.007777e-01 4.945239e-05 5.205817e-06 7.183511e-01 -4.876676e-05 -5.300903e-05 7.112874e-06 -4.243883e-05
11567.200000 9.005041e-01 2.839022e-05 1.408906e-04 7.218519e-01 -5.783119e-05 -5.206457e-05 7.781724e-06 -4.097695e-05
11567.400000 9.010018e-01 5.359326e-05 1.358131e-05 7.237852e-01 -5.296262e-05 -4.937951e-05 7.327830e-06 -4.381352e-05
11567.600000 9.066314e-01 4.792134e-05 3.493588e-05 7.312349e-01 -5.306703e-05 -4.951973e-05 5.223244e-06 -4.224348e-05
11567.800000 8.961792e-01 5.242534e-05 -1.266232e-04 7.231434e-01 -4.164455e-05 -4.144337e-05 1.045662e-05 -3.817861e-05
11568.000000 8.988017e-01 1.947895e-05 2.439305e-05 7.261842e-01 -5.273558e-05 -4.738291e-05 5.382892e-06 -4.690286e-05
11568.200000 9.003283e-01 4.032017e-05 2.396337e-05 7.287007e-01 -4.811574e-05 -4.863796e-05 1.055864e-05 -5.991608e-05
11568.400000 8.937803e-01 2.737877e-05 3.006516e-05 7.239115e-01 -5.153831e-05 -4.840900e-05 8.951719e-06 -6.492360e-05
11568.600000 8.993214e-01 3.062934e-05 3.937917e-05 7.278115e-01 -5.217988e-05 -4.679527e-05 8.331299e-06 -6.773419e-05
11568.800000 9.023741e-01 4.809439e-05 4.233024e-05 7.269838e-01 -5.994580e-05 -4.748157e-05 1.452228e-05 -6.061664e-05
11569.000000 9.034527e-01 2.769182e-05 1.146941e-04 7.268009e-01 -6.896575e-05 -5.842546e-05 1.288755e-05 -5.892323e-05
11569.200000 9.031600e-01 1.699238e-05 -4.093026e-05 7.242804e-01 -6.036465e-05 -5.861535e-05 1.064411e-05 -5.637684e-05
11569.400000 8.980326e-01 3.655162e-05 -2.094256e-05 7.157092e-01 -5.090720e-05 -5.542710e-05 1.741525e-05 -6.093290e-05
11569.600000 9.093202e-01 4.229025e-05 -1.072948e-04 7.247932e-01 -5.103506e-05 -4.617238e-05 7.023032e-06 -6.123528e-05
11569.800000 8.970437e-01 4.263157e-05 3.355148e-06 7.135855e-01 -5.160428e-05 -5.501489e-05 9.447846e-06 -4.817510e-05
11570.000000 8.930250e-01 4.214839e-05 6.088899e-05 7.056844e-01 -4.350434e-05 -5.357239e-05 2.933909e-06 -5.182317e-05
11570.200000 8.990444e-01 1.688638e-05 -6.530630e-05 7.088613e-01 -4.704489e-05 -5.062985e-05 8.519684e-07 -5.350769e-05
11570.400000 9.031320e-01 4.025458e-05 7.930538e-05 7.088872e-01 -4.824838e-05 -5.673360e-05 3.222423e-06 -4.533785e-05
11570.600000 9.023006e-01 4.110201e-05 6.032233e-05 7.037512e-01 -6.207214e-05 -4.989951e-05 8.992816e-06 -5.454995e-05
11570.800000 8.925693e-01 4.434499e-05 8.114091e-05 6.927495e-01 -6.089556e-05 -5.654391e-05 5.718705e-06 -5.353146e-05
11571.000000 8.943762e-01 4.085713e-05 -5.057456e-05 6.930439e-01 -6.141597e-05 -7.242350e-05 -9.600074e-08 -5.253805e-05
11571.200000 8.965393e-01 3.541374e-05 -8.141470e-05 6.917423e-01 -5.788398e-05 -6.726510e-05 -2.637895e-06 -5.005547e-05
11571.400000 8.989100e-01 2.755903e-05 2.235448e-05 6.919688e-01 -6.440679e-05 -6.332774e-05 -2.271123e-06 -5.581184e-05
11571.600000 9.033652e-01 1.639915e-05 4.840160e-05 6.938657e-01 -5.892992e-05 -6.536929e-05 -1.365504e-06 -6.652262e-05
11571.800000 9.001546e-01 2.509267e-05 -3.621589e-06 6.878145e-01 -6.087857e-05 -7.028669e-05 7.174741e-06 -5.906988e-05
11572.000000 9.008621e-01 3.689278e-05 9.853077e-05 6.855422e-01 -6.251451e-05 -7.188006e-05 1.332392e-06 -6.280710e-05
11572.200000 9.004456e-01 5.039796e-05 6.395564e-05 6.837990e-01 -6.604742e-05 -7.080806e-05 4.337827e-06 -8.183247e-05
11572.400000 9.013656e-01 5.044274e-05 5.850040e-06 6.818811e-01 -6.693263e-05 -7.862191e-05 1.010898e-05 -8.889799e-05
11572.600000 9.001347e-01 3.282481e-05 3.386954e-05 6.789821e-01 -6.802194e-05 -8.143773e-05 5.340399e-06 -9.048371e-05
11572.800000 8.993508e-01 4.692672e-05 5.399725e-05 6.759319e-01 -6.864080e-05 -7.381153e-05 -1.275631e-06 -9.705126e-05
11573.000000 9.044567e-01 4.846064e-05 7.411200e-05 6.782055e-01 -7.330057e-05 -6.352662e-05 5.206108e-06 -1.026285e-04
11573.200000 8.991076e-01 5.106019e-05 8.553679e-05 6.724882e-01 -7.608985e-05 -7.034432e-05 1.257935e-05 -1.284854e-04
11573.400000 8.960472e-01 5.263760e-05 3.556771e-05 6.685887e-01 -7.688966e-05 -6.562334e-05 1.899228e-05 -1.123956e-04
11573.600000 8.959413e-01 6.705938e-05 7.719552e-05 6.665899e-01 -7.537471e-05 -5.924402e-05 1.076730e-05 -1.133348e-04
11573.800000 8.985767e-01 5.919239e-05 7.108565e-05 6.676758e-01 -7.582174e-05 -6.470611e-05 1.308518e-05 -1.097406e-04
11574.000000 8.961684e-01 5.336679e-05 -5.914593e-05 6.641497e-01 -7.578592e-05 -6.241231e-05 2.241276e-05 -1.097437e-04
11574.200000 8.954881e-01 4.883043e-05 4.702212e-05 6.634583e-01 -7.075518e-05 -6.386258e-05 2.113910e-05 -1.018380e-04
11574.400000 8.926862e-01 6.085629e-05 4.387913e-05 6.593818e-01 -7.048719e-05 -6.459824e-05 1.444305e-05 -1.077451e-04
11574.600000 8.926365e-01 5.604448e-05 -1.693919e-07 6.607336e-01 -7.347611e-05 -6.897400e-05 2.128239e-05 -1.024921e-04
11574.800000 8.978251e-01 5.612153e-05 7.725530e-05 6.623748e-01 -6.682179e-05 -5.613161e-05 2.025979e-05 -1.052713e-04
11575.000000 8.981297e-01 5.324429e-05 1.155643e-04 6.616494e-01 -6.897525e-05 -5.609976e-05 1.778231e-05 -1.143054e-04
11575.200000 8.960224e-01 7.241258e-05 2.172061e-05 6.581876e-01 -6.993140e-05 -5.706816e-05 1.945399e-05 -1.072147e-04
11575.400000 8.924259e-01 5.209204e-05 -1.509924e-05 6.552546e-01 -7.248255e-05 -5.454832e-05 1.780815e-05 -1.042480e-04
11575.600000 8.985166e-01 5.892075e-05 6.184503e-05 6.604492e-01 -7.128912e-05 -5.197108e-05 7.398704e-06 -1.038378e-04
11575.800000 8.961710e-01 7.303290e-05 2.714903e-05 6.568776e-01 -7.352537e-05 -4.703389e-05 1.342496e-05 -1.003209e-04
11576.000000 8.951067e-01 6.870935e-05 -5.994600e-05 6.573347e-01 -6.555676e-05 -5.537197e-05 1.392792e-05 -1.005495e-04
11576.200000 8.952148e-01 8.242810e-05 3.640847e-05 6.571253e-01 -6.412585e-05 -5.728065e-05 8.813315e-06 -9.549609e-05
11576.400000 8.931103e-01 6.353539e-05 4.403470e-06 6.552518e-01 -6.645407e-05 -5.508007e-05 1.597270e-05 -9.599924e-05
11576.600000 8.964541e-01 5.518982e-05 1.635278e-05 6.564849e-01 -7.230329e-05 -5.890413e-05 1.381644e-05 -9.895342e-05
11576.800000 8.922307e-01 5.630672e-05 8.765188e-05 6.531823e-01 -7.534536e-05 -6.137734e-05 8.619739e-06 -9.769517e-05
11577.000000 8.959198e-01 4.082431e-05 -1.017330e-04 6.563916e-01 -7.087063e-05 -5.568165e-05 1.242309e-05 -9.817396e-05
11577.200000 8.924979e-01 4.979152e-05 -4.784757e-05 6.520755e-01 -7.272622e-05 -4.728240e-05 1.006397e-05 -1.091080e-04
11577.400000 8.990278e-01 6.321591e-05 -2.405293e-06 6.582116e-01 -8.394451e-05 -5.245949e-05 1.347061e-05 -9.624056e-05
11577.600000 8.890517e-01 5.149078e-05 -1.648525e-04 6.510448e-01 -9.064633e-05 -6.005227e-05 5.237182e-06 -1.020050e-04
11577.800000 8.969669e-01 6.562017e-05 -3.328367e-05 6.567934e-01 -9.362717e-05 -6.178820e-05 1.496411e-05 -1.012957e-04
11578.000000 8.872750e-01 5.686763e-05 -2.505762e-05 6.493831e-01 -8.977347e-05 -6.207878e-05 8.746656e-06 -9.879789e-05
11578.200000 8.945649e-01 7.534168e-05 1.504071e-06 6.559968e-01 -8.609784e-05 -5.685721e-05 7.521098e-06 -9.618328e-05
11578.400000 8.980754e-01 3.373300e-05 -6.908383e-05 6.582432e-01 -8.781523e-05 -5.770379e-05 -2.467668e-06 -1.119911e-04
11578.600000 8.888935e-01 4.466641e-05 5.439219e-05 6.506781e-01 -8.401977e-05 -5.540088e-05 2.869473e-06 -1.059770e-04
11578.800000 8.979974e-01 5.643713e-05 6.567422e-05 6.563523e-01 -7.506260e-05 -5.882220e-05 1.286744e-05 -9.655737e-05
11579.000000 8.884903e-01 4.397483e-05 -3.331277e-05 6.518634e-01 -7.307709e-05 -6.172473e-05 3.982598e-06 -9.475115e-05
11579.200000 8.875413e-01 2.702513e-05 -1.126135e-04 6.506582e-01 -6.543142e-05 -6.115885e-05 9.389448e-07 -9.551437e-05
11579.400000 8.988273e-01 3.852929e-05 -2.504940e-05 6.586318e-01 -6.499578e-05 -5.406544e-05 -1.231933e-06 -9.191966e-05
11579.600000 8.946339e-01 5.341332e-05 -8.732697e-05 6.542128e-01 -7.126003e-05 -5.874881e-05 8.410400e-06 -8.225855e-05
11579.800000 8.972765e-01 5.106166e-05 -6.068485e-07 6.564568e-01 -7.423769e-05 -6.564784e-05 7.948987e-07 -9.679226e-05
11580.000000 8.951360e-01 4.388589e-05 -3.404513e-05 6.565369e-01 -6.507588e-05 -5.785017e-05 -2.239450e-07 -1.124032e-04
11580.200000 8.866355e-01 4.873112e-05 1.966396e-05 6.506342e-01 -7.218016e-05 -5.961223e-05 6.714938e-06 -1.038786e-04
11580.400000 9.017048e-01 5.263908e-05 1.688344e-05 6.610865e-01 -7.269451e-05 -5.760658e-05 7.288327e-06 -1.027725e-04
11580.600000 8.956538e-01 5.429976e-05 -5.345950e-06 6.581166e-01 -6.230928e-05 -5.451196e-05 1.309399e-05 -1.039288e-04
11580.800000 8.940698e-01 5.969641e-05 9.040394e-07 6.558815e-01 -5.908755e-05 -5.542869e-05 7.062777e-06 -1.005888e-04
11581.000000 8.985737e-01 7.440025e-05 2.855063e-05 6.592150e-01 -6.812464e-05 -6.240141e-05 3.303379e-06 -9.953975e-05
11581.200000 8.948926e-01 6.225870e-05 1.289007e-04 6.579234e-01 -7.670932e-05 -5.790476e-05 2.622398e-06 -9.871406e-05
11581.400000 8.900142e-01 8.516403e-05 3.588282e-05 6.545103e-01 -7.655747e-05 -5.646073e-05 1.634697e-05 -1.136466e-04
11581.600000 8.926339e-01 6.525138e-05 1.111587e-04 6.566692e-01 -7.454338e-05 -5.154401e-05 2.173637e-05 -1.185376e-04
11581.800000 8.985088e-01 6.357474e-05 -2.834720e-05 6.614131e-01 -7.298259e-05 -5.260181e-05 2.864322e-05 -1.208764e-04
11582.000000 8.969240e-01 6.781037e-05 -2.248255e-05 6.582071e-01 -7.669236e-05 -6.153573e-05 3.319437e-05 -1.178410e-04
11582.200000 8.923267e-01 5.783384e-05 1.358138e-04 6.542564e-01 -6.116394e-05 -5.635187e-05 2.563719e-05 -1.151384e-04
11582.400000 8.840685e-01 3.256448e-05 2.764169e-04 6.484711e-01 -6.632948e-05 -6.065444e-05 2.106349e-05 -1.176722e-04
11582.600000 8.951181e-01 5.018912e-05 -6.104187e-05 6.588877e-01 -6.798560e-05 -6.218808e-05 2.086890e-05 -1.072215e-04
11582.800000 8.943233e-01 4.782058e-05 5.589884e-05 6.579636e-01 -6.952817e-05 -5.515322e-05 2.012994e-05 -1.064133e-04
11583.000000 8.912833e-01 4.737144e-05 4.809159e-05 6.546359e-01 -7.549738e-05 -5.253000e-05 2.293049e-05 -1.028665e-04
11583.200000 9.018335e-01 3.815775e-05 5.016983e-05 6.650928e-01 -7.334177e-05 -5.587035e-05 2.473924e-05 -9.860639e-05
11583.400000 8.999260e-01 3.239649e-05 1.300473e-04 6.622375e-01 -7.698929e-05 -6.503212e-05 1.995862e-05 -9.523365e-05
11583.600000 8.904569e-01 2.255345e-05 2.734148e-05 6.559837e-01 -8.077977e-05 -6.610461e-05 3.422909e-05 -8.987494e-05
11583.800000 8.900103e-01 4.610516e-05 3.366198e-05 6.576834e-01 -8.144184e-05 -6.666633e-05 1.965605e-05 -1.000697e-04
11584.000000 9.021749e-01 2.990361e-05 1.342775e-04 6.634677e-01 -8.176223e-05 -6.640805e-05 1.754587e-05 -1.064241e-04
11584.200000 9.002649e-01 2.122648e-05 -5.565481e-06 6.626306e-01 -8.078115e-05 -6.700502e-05 2.244661e-05 -1.095368e-04
11584.400000 8.953029e-01 5.268993e-05 1.116950e-06 6.595356e-01 -7.775017e-05 -6.615257e-05 2.328773e-05 -1.024501e-04
11584.600000 8.763610e-01 6.750573e-05 -3.802851e-05 6.438472e-01 -8.244477e-05 -6.258587e-05 2.874964e-05 -9.676246e-05
11584.800000 8.865210e-01 5.800398e-05 7.757393e-05 6.515497e-01 -7.511846e-05 -6.594855e-05 2.017244e-05 -1.015561e-04
11585.000000 8.981155e-01 6.533586e-05 6.230724e-05 6.612919e-01 -7.570747e-05 -7.242999e-05 3.235509e-05 -9.804919e-05
11585.200000 8.905165e-01 7.432949e-05 8.685836e-05 6.585635e-01 -7.205753e-05 -7.142850e-05 2.778511e-05 -9.692537e-05
11585.400000 8.999199e-01 7.575496e-05 -2.461084e-05 6.651684e-01 -7.238757e-05 -7.186361e-05 2.672781e-05 -1.041488e-04
11585.600000 8.981125e-01 5.859695e-05 5.206544e-05 6.632103e-01 -7.328187e-05 -6.318388e-05 2.337301e-05 -1.043769e-04
11585.800000 8.996925e-01 5.247736e-05 4.509363e-05 6.620016e-01 -7.441934e-05 -6.583682e-05 1.627781e-05 -1.107793e-04
11586.000000 8.952183e-01 3.606071e-05 1.803207e-04 6.616103e-01 -8.371356e-05 -7.090857e-05 1.987905e-05 -1.150637e-04
11586.200000 8.934955e-01 3.457527e-05 -5.279328e-05 6.586969e-01 -8.789895e-05 -7.461435e-05 1.682121e-05 -1.222179e-04
11586.400000 9.086549e-01 7.751159e-05 7.921434e-05 6.717007e-01 -8.498195e-05 -8.568432e-05 1.940216e-05 -1.135992e-04
11586.600000 8.863450e-01 9.325478e-05 1.311488e-04 6.569020e-01 -7.915750e-05 -7.980660e-05 7.178553e-06 -1.091003e-04
11586.800000 8.969352e-01 3.741385e-05 4.684477e-05 6.647850e-01 -8.309528e-05 -8.123820e-05 9.368380e-06 -1.026422e-04
11587.000000 8.861858e-01 5.139773e-05 -2.093110e-05 6.575248e-01 -8.460990e-05 -7.634048e-05 1.867389e-05 -9.412643e-05
11587.200000 8.769662e-01 6.946163e-05 -1.069400e-04 6.470442e-01 -7.961137e-05 -8.103614e-05 1.688922e-05 -1.100314e-04
11587.400000 8.787839e-01 4.505452e-05 -1.324746e-04 6.495652e-01 -6.749405e-05 -8.908975e-05 1.138283e-05 -1.044847e-04
11587.600000 8.965461e-01 6.031718e-05 7.088265e-05 6.607410e-01 -6.256415e-05 -8.458767e-05 1.949079e-05 -9.434648e-05
11587.800000 8.991669e-01 4.802330e-05 4.352964e-05 6.610650e-01 -6.896403e-05 -6.902269e-05 2.152820e-05 -1.013271e-04
11588.000000 8.885155e-01 4.574412e-05 -3.730299e-05 6.561980e-01 -7.691469e-05 -5.820540e-05 4.221350e-06 -1.103775e-04
11588.200000 8.872694e-01 5.023643e-05 5.534706e-05 6.577887e-01 -7.250199e-05 -6.896856e-05 -7.100730e-06 -1.159556e-04
11588.400000 9.079004e-01 5.442264e-05 6.569302e-05 6.722487e-01 -8.127907e-05 -6.531586e-05 8.918140e-06 -1.069366e-04
11588.600000 8.862322e-01 2.252883e-05 1.433635e-04 6.575275e-01 -7.974239e-05 -6.213240e-05 -2.074401e-06 -1.006708e-04
11588.800000 8.950179e-01 4.631700e-05 5.800715e-05 6.606786e-01 -8.906604e-05 -5.502945e-05 1.757657e-05 -9.068811e-05
11589.000000 8.706856e-01 3.240605e-05 -2.053800e-04 6.435557e-01 -8.331124e-05 -6.097561e-05 1.716074e-05 -1.137054e-04
11589.200000 8.982137e-01 2.449236e-05 1.104492e-05 6.652656e-01 -9.228306e-05 -6.372027e-05 5.667372e-06 -1.209658e-04
11589.400000 8.839245e-01 4.871208e-05 7.009194e-05 6.564842e-01 -8.586690e-05 -6.226670e-05 6.406098e-06 -1.028665e-04
11589.600000 8.958403e-01 2.906104e-05 1.447308e-04 6.638973e-01 -8.457259e-05 -6.970575e-05 4.557358e-06 -8.407864e-05
11589.800000 9.051697e-01 3.547548e-05 1.719758e-04 6.713958e-01 -8.226471e-05 -6.336221e-05 -3.358974e-06 -9.703098e-05
11590.000000 8.788826e-01 4.149764e-05 6.101194e-05 6.508677e-01 -8.128759e-05 -5.938411e-05 3.406519e-06 -1.069839e-04
11590.200000 8.899926e-01 3.386143e-05 -2.831223e-05 6.597625e-01 -8.088394e-05 -5.757208e-05 2.939166e-06 -1.047030e-04
11590.400000 8.764389e-01 6.990277e-05 -7.107799e-05 6.502326e-01 -8.313513e-05 -5.782229e-05 1.752475e-05 -1.056504e-04
11590.600000 9.019180e-01 3.727337e-05 2.807421e-05 6.689406e-01 -8.149084e-05 -5.610763e-05 1.018939e-05 -1.065167e-04
11590.800000 9.001220e-01 6.819586e-05 -4.262700e-05 6.665757e-01 -7.118544e-05 -5.055754e-05 1.601296e-05 -1.176854e-04
11591.000000 8.855741e-01 3.143601e-05 -1.158334e-05 6.556306e-01 -8.005356e-05 -6.190229e-05 2.287707e-05 -1.084955e-04
11591.200000 8.743869e-01 6.491224e-05 -1.393213e-04 6.467076e-01 -7.843522e-05 -6.259302e-05 1.034001e-05 -1.016555e-04
11591.400000 8.906361e-01 5.961785e-05 6.284378e-05 6.600714e-01 -7.722635e-05 -6.119569e-05 5.813828e-06 -1.039466e-04
11591.600000 8.935632e-01 4.112761e-05 2.539024e-05 6.649300e-01 -7.649687e-05 -5.501556e-05 1.572767e-05 -1.064712e-04
11591.800000 9.019950e-01 7.172305e-05 -3.555021e-05 6.691799e-01 -7.355906e-05 -5.275735e-05 1.638852e-05 -1.085379e-04
11592.000000 8.935275e-01 3.321973e-05 -1.396794e-04 6.607739e-01 -7.263997e-05 -5.801159e-05 4.030980e-06 -1.159368e-04
11592.200000 8.896879e-01 1.962607e-05 -1.031773e-04 6.592076e-01 -6.442489e-05 -6.497470e-05 -3.866226e-06 -1.187295e-04
11592.400000 8.897948e-01 2.319522e-05 -1.611563e-05 6.620854e-01 -7.114535e-05 -6.125283e-05 1.356202e-06 -1.072223e-04
11592.600000 9.003120e-01 6.313299e-05 4.167158e-05 6.692535e-01 -7.152670e-05 -5.485904e-05 7.303798e-06 -1.139877e-04
11592.800000 8.908541e-01 4.654907e-05 4.795246e-05 6.627060e-01 -6.829279e-05 -5.364981e-05 2.803342e-06 -1.184467e-04
11593.000000 8.932348e-01 3.157255e-05 3.491082e-05 6.656431e-01 -6.877593e-05 -4.701508e-05 5.721490e-06 -1.161562e-04
11593.200000 8.961264e-01 4.646714e-05 4.125609e-06 6.686409e-01 -7.461885e-05 -6.042023e-05 6.537035e-06 -1.107355e-04
11593.400000 8.803133e-01 6.528011e-06 7.102896e-05 6.524962e-01 -7.264004e-05 -5.734077e-05 4.978420e-09 -1.148032e-04
11593.600000 8.847345e-01 1.262550e-05 3.371133e-05 6.593867e-01 -7.681227e-05 -6.071137e-05 2.239303e-06 -1.052213e-04
11593.800000 9.021530e-01 -1.366001e-05 -2.430480e-05 6.718048e-01 -7.124315e-05 -4.960967e-05 -7.965192e-06 -1.109608e-04
11594.000000 9.032833e-01 4.066031e-05 7.629272e-05 6.714387e-01 -5.500689e-05 -5.831669e-05 -4.894756e-06 -1.059628e-04
11594.200000 8.773069e-01 5.030485e-05 2.749580e-05 6.494446e-01 -4.792159e-05 -6.019987e-05 2.067344e-05 -9.164431e-05
11594.400000 8.949953e-01 7.021083e-05 4.128278e-05 6.662726e-01 -5.236616e-05 -5.896610e-05 1.152062e-05 -1.082759e-04
11594.600000 8.783135e-01 5.468245e-05 1.305592e-04 6.571847e-01 -5.223988e-05 -5.516258e-05 5.876455e-06 -1.013162e-04
11594.800000 8.923034e-01 2.444661e-05 3.769744e-05 6.667289e-01 -5.960294e-05 -5.099103e-05 1.916963e-05 -9.116701e-05
11595.000000 9.039213e-01 4.302350e-05 -2.242095e-05 6.751911e-01 -6.471469e-05 -5.259309e-05 1.931863e-05 -9.058359e-05
11595.200000 8.949498e-01 4.571941e-05 2.062559e-05 6.668926e-01 -6.166167e-05 -5.045590e-05 -1.939763e-06 -1.036575e-04
11595.400000 8.929912e-01 2.181887e-05 5.330379e-05 6.634320e-01 -5.555033e-05 -4.721340e-05 3.627901e-06 -1.014970e-04
11595.600000 8.887401e-01 -9.483297e-06 -1.569210e-04 6.630982e-01 -6.502750e-05 -5.304418e-05 7.573274e-07 -9.812230e-05
11595.800000 8.899306e-01 4.898624e-05 5.335906e-05 6.637968e-01 -6.451902e-05 -5.592311e-05 1.084701e-05 -9.666277e-05
11596.000000 8.797167e-01 1.566480e-05 -8.559066e-06 6.570307e-01 -7.356884e-05 -5.066061e-05 1.433082e-05 -9.748266e-05
11596.200000 8.916074e-01 6.688186e-05 5.175263e-05 6.610844e-01 -7.074300e-05 -5.790005e-05 1.658382e-05 -9.111097e-05
11596.400000 8.941412e-01 6.000072e-05 -2.835620e-05 6.689713e-01 -7.377434e-05 -5.917509e-05 1.571793e-05 -7.982087e-05
11596.600000 8.855312e-01 7.927563e-05 1.852808e-05 6.577351e-01 -7.024470e-05 -5.291641e-05 1.336509e-06 -7.494435e-05
11596.800000 8.869490e-01 2.867951e-05 5.789420e-05 6.586015e-01 -6.098099e-05 -5.460654e-05 -2.185061e-06 -7.560512e-05
11597.000000 8.841965e-01 4.482359e-05 9.290857e-05 6.594904e-01 -6.144010e-05 -5.811268e-05 3.956270e-06 -7.620708e-05
11597.700000 8.883467e-01 3.267372e-05 1.848342e-05 6.643338e-01 -7.214430e-05 -6.411425e-05 2.186762e-06 -8.462370e-05
11598.400000 8.916065e-01 3.326946e-05 2.806583e-05 6.667982e-01 -7.303738e-05 -6.422332e-05 -5.264683e-07 -8.599766e-05
11599.100000 8.872452e-01 3.609549e-05 1.624334e-05 6.647442e-01 -8.039905e-05 -6.532383e-05 6.247132e-06 -9.209881e-05
11599.800000 8.844752e-01 2.900174e-05 2.556316e-05 6.622278e-01 -8.192080e-05 -6.876648e-05 7.055721e-06 -9.361876e-05
11600.500000 8.908813e-01 3.112718e-05 3.443036e-05 6.666128e-01 -8.001327e-05 -6.898788e-05 5.464404e-06 -9.199410e-05
11601.200000 8.868187e-01 3.156756e-05 2.634735e-05 6.645141e-01 -8.599728e-05 -6.627454e-05 1.183356e-05 -8.926483e-05
11601.900000 8.912495e-01 2.108755e-05 7.309289e-05 6.687147e-01 -9.331415e-05 -6.396805e-05 2.435242e-05 -9.367275e-05
11602.600000 8.889773e-01 3.555961e-05 4.573640e-05 6.662066e-01 -8.439887e-05 -6.592521e-05 2.728467e-05 -8.522419e-05
11603.300000 8.874977e-01 3.904907e-05 -1.491083e-05 6.657039e-01 -8.347448e-05 -7.219322e-05 1.941981e-05 -8.270461e-05
11604.993695 8.864724e-01 4.916620e-05 -4.625393e-06 6.659577e-01 -7.396567e-05 -7.582757e-05 6.237388e-06 -9.329364e-05
11605.999583 8.864880e-01 4.976878e-05 1.093943e-06 6.663633e-01 -7.010520e-05 -7.527574e-05 1.391676e-05 -8.852930e-05
11607.017662 8.898321e-01 4.692510e-05 3.775405e-05 6.702731e-01 -7.143095e-05 -6.452942e-05 1.054484e-05 -9.666472e-05
11608.047933 8.899005e-01 3.546407e-05 4.424481e-05 6.708874e-01 -7.343105e-05 -6.935705e-05 1.027340e-05 -9.553413e-05
11609.090396 8.895012e-01 4.187122e-05 1.267103e-05 6.715366e-01 -7.096498e-05 -7.670009e-05 8.100379e-06 -9.355093e-05
11610.145051 8.894807e-01 5.373716e-05 1.082714e-05 6.709472e-01 -7.249967e-05 -8.181918e-05 -3.858414e-06 -1.033946e-04
11611.211898 8.896228e-01 3.242160e-05 1.355569e-05 6.711018e-01 -7.878212e-05 -7.270969e-05 3.152451e-06 -9.791398e-05
11612.290937 8.864739e-01 3.215841e-05 2.309725e-06 6.720260e-01 -6.811859e-05 -7.528440e-05 6.591580e-06 -9.777869e-05
11613.382167 8.891845e-01 3.452294e-05 1.624667e-05 6.746481e-01 -7.207851e-05 -6.729050e-05 3.005748e-06 -9.861428e-05
11614.485590 8.864738e-01 3.047229e-05 3.031852e-05 6.717012e-01 -7.569383e-05 -5.947376e-05 5.801159e-06 -8.237210e-05
11615.601204 8.868050e-01 3.633688e-05 9.903792e-06 6.739917e-01 -7.406671e-05 -6.163831e-05 4.345620e-06 -9.039066e-05
11616.729011 8.894441e-01 3.468529e-05 -3.607248e-06 6.772641e-01 -7.997118e-05 -6.813925e-05 2.367273e-06 -1.050026e-04
11617.869009 8.844193e-01 4.271110e-05 1.545299e-05 6.727658e-01 -8.508199e-05 -7.470996e-05 5.623882e-06 -1.058746e-04
11619.021199 8.863694e-01 3.367051e-05 2.679461e-05 6.729978e-01 -8.123936e-05 -6.882875e-05 2.147323e-06 -1.024281e-04
11620.185582 8.879155e-01 3.011363e-05 3.937898e-05 6.739130e-01 -8.166897e-05 -6.634916e-05 -1.488233e-06 -1.065616e-04
11621.362156 8.829704e-01 2.949684e-05 -7.619591e-06 6.698757e-01 -7.671317e-05 -5.871637e-05 3.866017e-06 -1.086458e-04
11622.550922 8.872078e-01 2.470851e-05 1.851083e-05 6.728791e-01 -7.547470e-05 -6.993889e-05 5.244254e-06 -1.218225e-04
11623.751879 8.865529e-01 2.163396e-05 -2.365328e-05 6.721125e-01 -7.485124e-05 -6.101081e-05 1.526563e-05 -1.184417e-04
11624.965029 8.842548e-01 2.505649e-05 4.477971e-05 6.664894e-01 -7.288924e-05 -6.375589e-05 1.064443e-05 -1.106517e-04
11626.190371 8.868769e-01 2.924456e-05 3.148456e-05 6.691123e-01 -7.420658e-05 -7.269806e-05 9.393261e-06 -1.105287e-04
11627.427904 8.845985e-01 1.571474e-05 3.629136e-05 6.672463e-01 -7.060210e-05 -6.984908e-05 1.174690e-05 -1.184322e-04
11628.677630 8.856464e-01 2.948599e-05 8.191343e-05 6.663708e-01 -7.450741e-05 -6.302897e-05 1.689740e-05 -1.093292e-04
11629.939547 8.841535e-01 2.312831e-05 4.740308e-05 6.646978e-01 -7.573877e-05 -6.511244e-05 1.922362e-05 -1.128386e-04
11631.213657 8.853018e-01 3.018712e-05 3.829168e-05 6.666178e-01 -8.140205e-05 -7.725878e-05 2.092982e-05 -1.146721e-04
11632.499958 8.855734e-01 2.129450e-05 2.463286e-05 6.659795e-01 -8.596483e-05 -6.489693e-05 1.238480e-05 -1.127486e-04
11633.798451 8.842058e-01 3.102369e-05 3.972661e-05 6.637823e-01 -7.705872e-05 -6.482585e-05 2.411349e-06 -1.166368e-04
11635.109136 8.841514e-01 3.014894e-05 2.714701e-05 6.640378e-01 -7.330162e-05 -6.352674e-05 5.527075e-07 -1.116834e-04
11636.432013 8.825895e-01 3.304179e-05 1.947343e-05 6.617300e-01 -7.509100e-05 -6.017328e-05 -3.561709e-06 -1.162712e-04
11637.767082 8.835055e-01 3.137625e-05 7.125186e-07 6.634225e-01 -6.831663e-05 -6.752468e-05 -7.086052e-06 -1.119136e-04
11639.114342 8.828915e-01 4.077532e-05 -1.455929e-06 6.624824e-01 -6.837937e-05 -6.763433e-05 -3.225815e-06 -1.050462e-04
11640.473795 8.832914e-01 3.554827e-05 -4.574538e-06 6.629492e-01 -6.133435e-05 -6.386131e-05 1.500552e-06 -1.081234e-04
11641.845440 8.819357e-01 2.947552e-05 3.340565e-05 6.632202e-01 -7.032871e-05 -7.031423e-05 6.427753e-06 -1.001059e-04
11643.229276 8.836245e-01 2.089947e-05 3.246756e-05 6.626994e-01 -8.210164e-05 -7.312764e-05 1.219909e-05 -9.756947e-05
11644.625305 8.810870e-01 2.462936e-05 8.624014e-06 6.610468e-01 -8.023611e-05 -7.694078e-05 6.903605e-06 -1.038509e-04
11646.033525 8.817792e-01 2.898933e-05 1.668508e-05 6.627880e-01 -8.517892e-05 -7.179837e-05 -2.883983e-06 -1.088182e-04
11647.453937 8.803859e-01 3.594100e-05 1.966616e-05 6.621385e-01 -9.303808e-05 -6.219425e-05 -2.701668e-06 -1.077343e-04
11648.886541 8.788351e-01 3.641601e-05 2.273738e-05 6.617140e-01 -6.510920e-05 -6.795265e-05 4.496844e-06 -9.978594e-05
11650.331337 8.775491e-01 4.230038e-05 2.856189e-05 6.600213e-01 -6.643200e-05 -6.909463e-05 -3.734183e-06 -1.044166e-04
11651.788325 8.771623e-01 3.478809e-05 4.758356e-05 6.607206e-01 -7.402118e-05 -6.599746e-05 -9.834505e-06 -1.010819e-04
11653.257505 8.801218e-01 5.885626e-05 5.775158e-05 6.618879e-01 -8.670757e-05 -6.889799e-05 -2.149489e-05 -1.039910e-04
11654.738877 8.804350e-01 5.106071e-05 3.783943e-05 6.616468e-01 -9.127161e-05 -6.867427e-05 -1.227200e-05 -1.039411e-04
11656.232440 8.796725e-01 4.396657e-05 1.633288e-05 6.620215e-01 -8.639762e-05 -7.587882e-05 3.182650e-07 -9.923973e-05
11657.738196 8.775984e-01 4.838650e-05 2.074119e-05 6.618863e-01 -7.842336e-05 -8.324068e-05 -1.781229e-06 -9.430440e-05
11659.256143 8.786902e-01 3.941962e-05 3.551222e-05 6.638662e-01 -7.753330e-05 -9.332477e-05 -4.426462e-06 -1.008990e-04
11660.786283 8.787364e-01 3.622402e-05 3.049277e-05 6.635840e-01 -8.573336e-05 -9.518723e-05 5.488684e-07 -9.001742e-05
11662.328614 8.789780e-01 4.670011e-05 1.122680e-05 6.633853e-01 -8.204074e-05 -9.245236e-05 2.650824e-06 -9.173840e-05
11663.883137 8.781246e-01 3.292999e-05 3.566747e-05 6.638005e-01 -8.009971e-05 -8.537228e-05 1.318832e-05 -9.900794e-05
11665.449852 8.781547e-01 3.032576e-05 8.159948e-07 6.633935e-01 -8.203354e-05 -8.004343e-05 1.201643e-05 -1.065429e-04
11667.028759 8.771917e-01 2.959870e-05 2.511593e-06 6.625916e-01 -8.732089e-05 -8.049015e-05 7.963250e-06 -1.091456e-04
11668.619858 8.786471e-01 5.492689e-05 2.907972e-05 6.653117e-01 -8.820105e-05 -8.213070e-05 3.935238e-06 -9.295911e-05
11670.223149 8.747667e-01 3.719035e-05 4.387857e-05 6.636506e-01 -8.926647e-05 -8.485692e-05 4.527870e-06 -9.612011e-05
11671.838632 8.745976e-01 4.672051e-05 1.546518e-05 6.637964e-01 -8.936594e-05 -8.978380e-05 -1.571177e-05 -1.039315e-04
11673.466307 8.772974e-01 3.880759e-05 2.183578e-05 6.649490e-01 -8.950846e-05 -8.863309e-05 -1.757446e-05 -9.839859e-05
11675.106173 8.753448e-01 4.429397e-05 2.507336e-05 6.642831e-01 -8.452194e-05 -7.819600e-05 -6.087952e-06 -9.458603e-05
11676.758232 8.738997e-01 5.104190e-05 3.227172e-05 6.635976e-01 -7.895194e-05 -7.343247e-05 -3.767659e-06 -8.962298e-05
11678.422482 8.724766e-01 5.060357e-05 2.430801e-06 6.632959e-01 -8.221484e-05 -6.534614e-05 -1.271033e-05 -1.026922e-04
11680.098924 8.725257e-01 4.782183e-05 6.473863e-05 6.644889e-01 -8.171516e-05 -7.250402e-05 -1.426998e-05 -1.141130e-04
11681.787558 8.720598e-01 5.634840e-05 5.684018e-05 6.623251e-01 -8.693224e-05 -7.338572e-05 -1.015230e-05 -1.056262e-04
11683.488385 8.733154e-01 5.691924e-05 3.179964e-05 6.640924e-01 -8.541607e-05 -7.034661e-05 -1.426624e-05 -9.978805e-05
11685.201403 8.726877e-01 4.302188e-05 3.573063e-05 6.647878e-01 -8.220602e-05 -6.726358e-05 -7.911207e-06 -9.977291e-05
11686.926613 8.729826e-01 3.623100e-05 -2.477485e-06 6.660947e-01 -7.920580e-05 -6.871412e-05 -6.257549e-06 -1.093279e-04
11688.664014 8.734492e-01 2.770910e-05 2.430890e-05 6.648231e-01 -8.431115e-05 -6.722224e-05 -1.099991e-05 -1.047520e-04
11690.413608 8.733942e-01 5.228729e-05 2.358558e-05 6.661484e-01 -7.881310e-05 -6.491968e-05 -6.059499e-06 -1.020503e-04
11692.175394 8.699278e-01 4.828746e-05 4.635498e-06 6.628194e-01 -8.127620e-05 -7.194695e-05 5.083432e-06 -9.822402e-05
11693.949371 8.699893e-01 4.906336e-05 4.560465e-05 6.623608e-01 -7.738858e-05 -7.117139e-05 3.675189e-06 -9.556862e-05
11695.735541 8.719366e-01 4.020042e-05 -1.231500e-05 6.639032e-01 -8.160569e-05 -7.268906e-05 -3.454309e-06 -9.329565e-05
11697.533902 8.711992e-01 4.863766e-05 4.284899e-05 6.634590e-01 -7.305918e-05 -6.737969e-05 -6.555197e-07 -9.287743e-05
11699.344455 8.681580e-01 4.001470e-05 2.635289e-05 6.618228e-01 -6.939615e-05 -6.707311e-05 2.159185e-07 -9.319923e-05
11701.167201 8.685464e-01 4.956962e-05 1.533849e-05 6.620388e-01 -6.545025e-05 -6.712942e-05 -7.586001e-06 -9.109273e-05
11703.002138 8.652657e-01 4.493687e-05 2.689049e-05 6.577269e-01 -6.115334e-05 -7.200295e-05 -1.173526e-05 -8.928380e-05
11704.849267 8.672315e-01 5.360997e-05 2.892582e-05 6.607441e-01 -6.857083e-05 -6.954463e-05 -1.446985e-05 -8.704631e-05
11706.708588 8.678866e-01 4.129448e-05 2.770773e-05 6.619975e-01 -7.223806e-05 -6.827565e-05 -1.349165e-05 -7.717046e-05
11708.580100 8.694501e-01 3.929213e-05 4.533491e-06 6.627872e-01 -7.768467e-05 -6.395522e-05 2.040493e-06 -7.975064e-05
11710.463805 8.678274e-01 2.296278e-05 4.766840e-06 6.610001e-01 -8.048895e-05 -7.137587e-05 -9.125993e-06 -8.433649e-05
11712.359702 8.661649e-01 4.294011e-05 -4.402893e-06 6.605552e-01 -7.568294e-05 -6.919727e-05 1.266187e-06 -9.291858e-05
11714.267790 8.658195e-01 5.540004e-05 -7.418641e-06 6.601661e-01 -7.411826e-05 -7.390335e-05 2.429804e-06 -9.555403e-05
11716.188071 8.677050e-01 6.384038e-05 3.376208e-06 6.614142e-01 -7.223355e-05 -7.581606e-05 2.036684e-06 -1.052946e-04
11718.120543 8.668435e-01 5.013729e-05 4.132626e-05 6.594863e-01 -7.250624e-05 -7.649154e-05 1.569909e-06 -1.207357e-04
11720.065207 8.661287e-01 3.794227e-05 3.122152e-05 6.595313e-01 -7.762509e-05 -8.189508e-05 -2.160259e-06 -1.109121e-04
11722.022064 8.647073e-01 3.288787e-05 2.458584e-05 6.602876e-01 -8.132155e-05 -8.237039e-05 -2.212209e-06 -1.085893e-04
11723.991112 8.653447e-01 3.711753e-05 1.163866e-05 6.595095e-01 -7.453571e-05 -8.086709e-05 -2.322896e-06 -1.006747e-04
11725.972352 8.649022e-01 4.227944e-05 -3.373280e-05 6.584097e-01 -7.008886e-05 -8.458566e-05 -6.097612e-06 -9.933801e-05
11727.965784 8.637136e-01 2.637230e-05 5.418110e-05 6.582220e-01 -7.046793e-05 -9.401203e-05 9.801514e-07 -9.439511e-05
11729.971407 8.638847e-01 2.911003e-05 2.847278e-05 6.590782e-01 -7.188537e-05 -9.452648e-05 4.055586e-06 -9.413393e-05
11731.989223 8.610443e-01 4.196382e-05 3.492568e-05 6.560036e-01 -7.049512e-05 -9.626999e-05 7.588735e-06 -9.406438e-05
11734.019231 8.588792e-01 3.731268e-05 2.729570e-05 6.554326e-01 -7.262462e-05 -9.986287e-05 7.929449e-06 -9.082284e-05
11736.061430 8.617353e-01 4.277467e-05 3.386826e-05 6.596365e-01 -7.455323e-05 -9.556312e-05 7.437181e-07 -9.034639e-05
11738.115822 8.619192e-01 4.410700e-05 4.994528e-05 6.604793e-01 -7.502520e-05 -1.016874e-04 4.685586e-06 -8.264377e-05
11740.182405 8.614493e-01 3.545467e-05 2.692660e-05 6.608037e-01 -8.022998e-05 -9.541725e-05 -3.114296e-07 -8.920307e-05
11742.261180 8.608865e-01 3.819991e-05 -9.566354e-06 6.600059e-01 -7.563495e-05 -9.219079e-05 -2.549247e-06 -9.397481e-05
11744.352148 8.606758e-01 4.847650e-05 6.112995e-06 6.586151e-01 -7.125512e-05 -8.964040e-05 2.755706e-06 -1.007779e-04
11746.455307 8.609097e-01 4.319030e-05 2.324910e-06 6.586607e-01 -6.749540e-05 -8.989970e-05 2.935889e-06 -9.572182e-05
11748.570658 8.584891e-01 4.003743e-05 2.160215e-05 6.569266e-01 -7.078211e-05 -9.410374e-05 1.951944e-06 -8.447884e-05
11750.698201 8.606970e-01 3.834714e-05 2.368277e-05 6.595781e-01 -7.519855e-05 -9.855328e-05 -8.054647e-06 -8.386368e-05
11752.837935 8.592821e-01 3.501877e-05 3.154792e-05 6.584917e-01 -8.540157e-05 -9.089586e-05 -8.732331e-06 -9.165469e-05
11754.989862 8.590344e-01 4.030100e-05 2.093564e-05 6.610939e-01 -8.446854e-05 -8.828590e-05 5.267265e-06 -9.428024e-05
11757.153981 8.575272e-01 3.168204e-05 -3.168065e-06 6.587968e-01 -7.866712e-05 -9.458956e-05 8.532229e-06 -9.630641e-05
11759.330291 8.584935e-01 6.001463e-05 2.473382e-05 6.582550e-01 -8.405694e-05 -1.078757e-04 4.252183e-06 -9.199184e-05
11761.518794 8.570473e-01 6.682306e-05 1.481260e-05 6.594825e-01 -9.087171e-05 -1.051033e-04 -2.823196e-06 -8.999980e-05
11763.719488 8.570690e-01 3.434009e-05 4.269990e-05 6.592316e-01 -8.231049e-05 -9.539498e-05 1.547407e-05 -8.839264e-05
11765.932374 8.556070e-01 3.138558e-05 2.616153e-05 6.586812e-01 -7.953859e-05 -9.168711e-05 2.727493e-05 -9.292398e-05
11768.157453 8.550670e-01 2.062615e-05 5.892317e-05 6.575273e-01 -8.337695e-05 -1.020006e-04 1.818790e-05 -8.672783e-05
11770.394723 8.501403e-01 3.342882e-05 3.885658e-06 6.555408e-01 -7.476884e-05 -9.146378e-05 9.220624e-06 -9.432640e-05
11772.644185 8.454232e-01 4.880015e-05 3.131952e-06 6.516918e-01 -7.853531e-05 -9.713793e-05 1.516838e-05 -9.619928e-05
11774.905838 8.510405e-01 4.865153e-05 5.653288e-05 6.564887e-01 -8.233395e-05 -9.716875e-05 1.523832e-06 -9.776358e-05
11777.179684 8.534023e-01 4.908589e-05 -7.029497e-07 6.580544e-01 -8.111862e-05 -1.023170e-04 -6.397778e-06 -1.074105e-04
11779.465722 8.529772e-01 3.848984e-05 3.535871e-05 6.571584e-01 -7.587124e-05 -9.421517e-05 -2.995742e-06 -1.029214e-04
11781.763952 8.535391e-01 3.489889e-05 9.734008e-06 6.582994e-01 -6.860444e-05 -8.564061e-05 -1.449454e-05 -9.278369e-05
11784.074373 8.523842e-01 6.437059e-05 3.005341e-05 6.584520e-01 -6.383585e-05 -9.320759e-05 -7.225896e-06 -8.489809e-05
11786.396987 8.512706e-01 4.906468e-05 3.707150e-05 6.576543e-01 -7.176577e-05 -1.006633e-04 2.825869e-06 -8.957514e-05
11788.731792 8.512096e-01 5.567724e-05 5.708155e-06 6.585784e-01 -6.672588e-05 -1.075847e-04 -7.656350e-06 -1.066680e-04
11791.078789 8.516987e-01 4.147788e-05 1.204194e-05 6.571528e-01 -6.458094e-05 -1.031574e-04 -9.564743e-06 -9.488336e-05
11793.437978 8.505663e-01 4.536698e-05 3.184822e-05 6.583467e-01 -7.432206e-05 -9.221875e-05 -5.137361e-06 -9.540535e-05
11795.809359 8.498479e-01 3.187752e-05 -3.764499e-05 6.574956e-01 -7.654820e-05 -9.489333e-05 -2.764308e-06 -1.036454e-04
11798.192932 8.493987e-01 4.909024e-05 2.391107e-05 6.562786e-01 -6.940301e-05 -8.646599e-05 -4.579408e-06 -1.022269e-04
11800.588697 8.489213e-01 4.404558e-05 -3.055893e-05 6.561270e-01 -6.934543e-05 -7.831138e-05 -1.892900e-05 -9.578316e-05
11802.996654 8.496046e-01 3.393019e-05 9.580218e-06 6.558950e-01 -7.282029e-05 -8.257538e-05 -1.605408e-05 -9.318561e-05
11805.416803 8.477338e-01 3.199958e-05 4.244882e-06 6.554894e-01 -7.267962e-05 -8.520509e-05 -1.182490e-05 -9.496249e-05
11807.849143 8.457026e-01 2.903140e-05 1.142194e-05 6.552421e-01 -7.788868e-05 -8.053343e-05 -5.802831e-06 -1.030099e-04
11810.293676 8.466089e-01 3.638601e-05 2.757977e-05 6.570558e-01 -7.715344e-05 -8.973731e-05 -1.058046e-05 -9.559620e-05
11812.750400 8.473407e-01 3.215036e-05 2.663281e-05 6.568703e-01 -7.656071e-05 -8.112821e-05 -7.911800e-06 -9.474008e-05
11815.219317 8.449779e-01 2.872061e-05 4.849818e-05 6.556264e-01 -7.773682e-05 -7.460590e-05 -1.449072e-05 -9.528101e-05
11817.700425 8.442392e-01 3.720485e-05 3.573451e-05 6.553344e-01 -8.363352e-05 -8.231645e-05 -2.572970e-05 -1.013354e-04
11820.193725 8.439275e-01 3.595398e-05 1.410228e-05 6.552705e-01 -8.364253e-05 -8.531966e-05 -1.148469e-05 -1.017555e-04
11822.699217 8.448538e-01 6.117980e-05 3.640943e-05 6.549377e-01 -8.840669e-05 -7.716335e-05 5.738114e-06 -9.303013e-05
11825.216901 8.444556e-01 3.417578e-05 1.555463e-05 6.545920e-01 -8.925624e-05 -7.826004e-05 -2.372821e-06 -9.997344e-05
11827.746777 8.425684e-01 4.083440e-05 -3.201875e-06 6.553205e-01 -8.962040e-05 -8.161338e-05 -4.779617e-06 -1.040075e-04
11830.288845 8.420378e-01 4.124604e-05 2.164872e-05 6.540135e-01 -9.361200e-05 -8.872826e-05 -1.336660e-05 -1.037477e-04
11832.843105 8.429644e-01 2.470260e-05 1.847482e-05 6.555047e-01 -9.458747e-05 -8.000843e-05 -9.238976e-06 -1.093903e-04
11835.409556 8.412657e-01 4.245055e-05 -8.663566e-06 6.540128e-01 -9.325271e-05 -8.426199e-05 -4.419391e-06 -1.079943e-04
11837.988200 8.409899e-01 3.065055e-05 -4.369128e-06 6.540206e-01 -9.056149e-05 -8.637693e-05 -2.697487e-06 -1.095612e-04
11840.579035 8.409020e-01 2.362625e-05 4.671352e-05 6.540023e-01 -9.245537e-05 -7.493373e-05 -2.609640e-06 -1.014590e-04
11843.182062 8.388255e-01 3.746845e-05 1.263485e-05 6.530813e-01 -9.717343e-05 -6.762259e-05 -9.733079e-06 -9.916050e-05
11845.797282 8.380576e-01 2.540146e-05 1.797356e-05 6.516354e-01 -1.020862e-04 -6.577738e-05 -7.799135e-06 -1.009301e-04
11848.424693 8.369838e-01 4.049581e-05 -7.568610e-06 6.517653e-01 -1.001617e-04 -7.986552e-05 -2.281376e-06 -1.150361e-04
11851.064296 8.371653e-01 4.152502e-05 1.378336e-05 6.534534e-01 -9.657186e-05 -7.966408e-05 -1.200011e-05 -1.127843e-04
11853.716091 8.375125e-01 3.653848e-05 -4.392147e-06 6.523664e-01 -9.169805e-05 -7.589372e-05 -5.074170e-06 -1.102330e-04
11856.380078 8.382096e-01 3.334668e-05 4.153220e-05 6.537673e-01 -9.619006e-05 -8.137096e-05 -6.834238e-06 -1.056421e-04
11859.056256 8.357949e-01 1.430481e-05 1.788486e-05 6.511437e-01 -1.019264e-04 -8.758915e-05 -1.990068e-06 -1.012592e-04
11861.744627 8.322284e-01 3.671875e-05 3.050579e-06 6.489593e-01 -9.375052e-05 -9.242296e-05 2.854476e-06 -9.672093e-05
11864.445190 8.315006e-01 3.623875e-05 1.360950e-05 6.485824e-01 -9.146883e-05 -7.357206e-05 -6.719316e-07 -1.052695e-04
11867.157944 8.342726e-01 4.418081e-05 1.581344e-05 6.510460e-01 -9.513715e-05 -7.842278e-05 -9.930716e-06 -1.056380e-04
11869.882891 8.326432e-01 4.082017e-05 4.139032e-05 6.507705e-01 -8.670753e-05 -7.782052e-05 -6.825110e-06 -1.045610e-04
11872.620029 8.307237e-01 4.761061e-05 3.887420e-05 6.492551e-01 -7.289585e-05 -8.093298e-05 -1.382322e-05 -1.091443e-04
11875.369359 8.329526e-01 5.979448e-05 1.718368e-05 6.529740e-01 -8.121253e-05 -8.296904e-05 -1.063514e-05 -1.127070e-04
11878.130881 8.320323e-01 5.159017e-05 -3.716100e-08 6.527772e-01 -9.002854e-05 -9.359002e-05 -7.509207e-06 -1.055552e-04
11880.904595 8.239620e-01 3.604998e-05 6.395502e-06 6.449524e-01 -9.092629e-05 -9.557179e-05 -1.824422e-05 -1.025842e-04
11883.690501 8.233756e-01 2.789483e-05 6.871778e-06 6.452713e-01 -8.761173e-05 -8.969446e-05 -2.752984e-05 -1.012981e-04
11886.488599 8.298323e-01 3.665765e-05 2.816412e-05 6.506351e-01 -9.635869e-05 -9.447747e-05 -2.315326e-05 -9.980331e-05
11889.298889 8.290234e-01 3.509285e-05 2.112812e-05 6.501388e-01 -9.177299e-05 -9.116118e-05 -1.612367e-05 -1.052180e-04
11892.121371 8.293051e-01 6.399608e-05 5.137298e-05 6.522988e-01 -8.696505e-05 -8.790299e-05 -1.060713e-05 -1.071932e-04
11894.956044 8.292836e-01 6.442594e-05 4.325216e-05 6.522715e-01 -8.380258e-05 -8.733237e-05 -1.191993e-05 -1.069974e-04
11897.802910 8.274205e-01 4.658389e-05 3.283412e-05 6.505067e-01 -8.785737e-05 -8.238766e-05 -2.571803e-05 -1.077115e-04
11900.661967 8.277552e-01 4.119414e-05 3.036495e-05 6.510365e-01 -9.534602e-05 -8.774032e-05 -2.557235e-05 -1.024145e-04
11903.533217 8.273297e-01 4.632174e-05 -4.832703e-06 6.506721e-01 -9.694653e-05 -1.034789e-04 -1.655488e-05 -1.051482e-04
11906.416658 8.268625e-01 2.746178e-05 -8.994863e-06 6.486509e-01 -9.096689e-05 -1.059422e-04 -8.061424e-06 -1.022862e-04
11909.312291 8.258891e-01 1.721993e-05 6.272102e-06 6.493551e-01 -8.295633e-05 -1.008810e-04 -6.895540e-06 -9.964105e-05
11912.220116 8.251646e-01 3.786669e-05 4.023433e-05 6.509044e-01 -8.268531e-05 -9.798993e-05 -2.425615e-05 -1.126738e-04
11915.140133 8.251275e-01 3.790892e-05 4.853211e-05 6.506763e-01 -8.369497e-05 -9.446229e-05 -2.810582e-05 -9.699118e-05
11918.072342 8.242569e-01 3.885372e-05 1.779669e-05 6.504474e-01 -6.986568e-05 -9.362959e-05 -1.951815e-05 -9.664499e-05
11921.016743 8.233003e-01 3.976799e-05 -5.462872e-06 6.487006e-01 -6.454017e-05 -9.110641e-05 -1.914015e-05 -9.611678e-05
11923.973335 8.240677e-01 2.240926e-05 3.855257e-05 6.495195e-01 -7.234411e-05 -9.414875e-05 -1.563444e-05 -1.003250e-04
11926.942120 8.225174e-01 1.795027e-05 1.614921e-05 6.498376e-01 -7.735813e-05 -9.797981e-05 -2.168293e-05 -1.046494e-04
11929.923096 8.218144e-01 1.708525e-05 3.786952e-05 6.488154e-01 -7.973123e-05 -8.928623e-05 -2.884470e-05 -1.138443e-04
11932.916265 8.210988e-01 2.786568e-05 5.809849e-05 6.486236e-01 -7.861989e-05 -9.946599e-05 -2.509779e-05 -1.147092e-04
11935.921625 8.128762e-01 3.208022e-05 2.365825e-05 6.420576e-01 -7.759591e-05 -1.041484e-04 -1.379153e-05 -1.104090e-04
11938.939177 8.149591e-01 4.285439e-05 1.774261e-05 6.437375e-01 -8.383797e-05 -1.097532e-04 3.612197e-06 -1.072922e-04
11941.968921 8.185952e-01 4.201237e-05 1.607657e-05 6.479192e-01 -8.676796e-05 -1.131488e-04 2.681459e-07 -1.110896e-04
11945.010858 8.180940e-01 3.932359e-05 9.209431e-06 6.474956e-01 -9.065231e-05 -1.072869e-04 -8.017548e-06 -1.452514e-04
11948.064985 8.183829e-01 3.322014e-05 4.568818e-05 6.467221e-01 -8.184728e-05 -1.064032e-04 -8.896136e-06 -1.589449e-04
11951.131305 8.173038e-01 1.796455e-05 -7.338201e-06 6.455270e-01 -8.455138e-05 -9.621052e-05 -1.951415e-05 -1.546718e-04
11954.209817 8.160591e-01 1.523739e-05 3.474189e-05 6.460121e-01 -8.669735e-05 -8.939315e-05 -1.810137e-05 -1.195970e-04
11957.300521 8.165614e-01 2.572299e-05 1.683906e-05 6.472473e-01 -9.224759e-05 -9.103213e-05 -7.074471e-06 -1.114313e-04
11960.403416 8.152581e-01 2.485423e-05 1.256361e-05 6.464358e-01 -9.438524e-05 -9.293849e-05 -3.894711e-06 -1.019294e-04
11963.518504 8.149814e-01 3.694470e-05 2.158248e-05 6.468857e-01 -1.003198e-04 -9.601494e-05 2.274083e-06 -1.012338e-04
11966.645783 8.147681e-01 3.664631e-05 5.564315e-05 6.472379e-01 -1.018663e-04 -9.407513e-05 -1.061059e-05 -1.066590e-04
11969.785255 8.132899e-01 3.866171e-05 4.370383e-05 6.467493e-01 -1.018926e-04 -9.440174e-05 -1.205782e-05 -9.146632e-05
11972.936918 8.124407e-01 3.938098e-05 2.395164e-05 6.468429e-01 -9.542139e-05 -9.709351e-05 1.800564e-06 -9.525588e-05
11976.100773 8.128346e-01 3.792632e-05 5.347838e-05 6.456322e-01 -7.882425e-05 -9.626334e-05 -6.006858e-06 -1.103104e-04
11979.276820 8.113732e-01 3.766980e-05 4.421082e-05 6.445250e-01 -9.589238e-05 -1.020436e-04 -1.785213e-05 -1.356678e-04
11982.465059 8.105298e-01 3.790924e-05 3.287777e-05 6.439561e-01 -9.506118e-05 -1.068096e-04 -1.541787e-05 -1.635771e-04
11985.665490 8.111880e-01 3.177980e-05 1.842496e-05 6.433880e-01 -8.877952e-05 -9.952406e-05 -1.239059e-05 -1.628288e-04
11988.878112 8.096367e-01 3.255801e-05 1.568069e-05 6.440484e-01 -9.106212e-05 -9.569622e-05 -2.169328e-06 -1.630447e-04
11992.102927 8.088758e-01 4.191179e-05 8.188714e-06 6.440095e-01 -9.204899e-05 -9.842715e-05 1.126373e-06 -1.579596e-04
11995.339934 8.074518e-01 2.598308e-05 -2.706156e-05 6.438468e-01 -9.359408e-05 -9.962581e-05 4.030694e-06 -1.641245e-04
11998.589132 8.081521e-01 3.056959e-05 1.224748e-05 6.443642e-01 -8.470725e-05 -9.283940e-05 9.202075e-06 -1.597356e-04
12001.850523 8.075118e-01 4.712075e-05 7.234792e-06 6.428974e-01 -8.471277e-05 -8.771033e-05 -2.631306e-06 -1.574420e-04
12005.124105 8.057262e-01 4.170181e-05 3.490888e-05 6.424550e-01 -9.369400e-05 -9.251566e-05 -1.181656e-06 -1.298564e-04
12008.409879 8.061997e-01 4.752180e-05 2.082771e-05 6.411610e-01 -9.665730e-05 -9.268985e-05 6.200149e-06 -1.044391e-04
12011.707845 8.056340e-01 3.798992e-05 1.477723e-05 6.422165e-01 -9.640110e-05 -9.019802e-05 -5.214940e-07 -1.168603e-04
12015.018003 8.049766e-01 5.008984e-05 1.507622e-05 6.422675e-01 -9.273115e-05 -8.476435e-05 7.426829e-06 -1.214617e-04
12018.340353 8.042901e-01 4.617684e-05 -3.769071e-06 6.432815e-01 -9.038913e-05 -8.849498e-05 7.966756e-06 -1.208835e-04
12021.674895 8.036402e-01 3.033569e-05 2.050591e-05 6.428428e-01 -8.794799e-05 -9.987087e-05 5.901596e-06 -1.186636e-04
12025.021629 8.032752e-01 4.932678e-05 3.672489e-05 6.428200e-01 -8.917135e-05 -9.863977e-05 -2.713108e-06 -1.154891e-04
12028.380554 8.025607e-01 5.387221e-05 4.654957e-05 6.423943e-01 -8.780007e-05 -9.695794e-05 -2.723345e-06 -1.035762e-04
12031.751672 8.008504e-01 3.683954e-05 1.580340e-05 6.423435e-01 -8.696248e-05 -9.210504e-05 -2.098480e-07 -1.065167e-04
12035.134982 8.011424e-01 5.265813e-05 1.085866e-05 6.408955e-01 -8.524073e-05 -9.412623e-05 5.391728e-06 -1.065903e-04
12038.530483 8.001387e-01 3.946094e-05 -1.381327e-05 6.411382e-01 -8.712525e-05 -9.526203e-05 -5.033722e-07 -1.185837e-04
12041.938176 7.985100e-01 4.750734e-05 1.466197e-06 6.396595e-01 -9.054787e-05 -9.758117e-05 -2.714946e-06 -1.154482e-04
12045.358061 7.930379e-01 5.595412e-05 2.526403e-05 6.368753e-01 -9.749016e-05 -9.977555e-05 3.800626e-07 -1.142465e-04
12048.790139 7.869151e-01 4.146487e-05 -1.105669e-05 6.313619e-01 -1.022933e-04 -9.555059e-05 -2.041214e-06 -1.075435e-04
12052.234408 7.961054e-01 4.950173e-05 -9.668765e-07 6.385730e-01 -9.709519e-05 -1.025511e-04 -2.428023e-06 -1.198817e-04
12055.690868 7.961164e-01 4.877036e-05 4.079806e-06 6.392547e-01 -8.786048e-05 -9.759364e-05 -1.408769e-07 -1.244261e-04
12059.159521 7.963113e-01 6.141640e-05 -8.049086e-06 6.395028e-01 -8.565513e-05 -9.286017e-05 -4.030962e-06 -1.066372e-04
12062.640366 7.948602e-01 5.254527e-05 1.245265e-05 6.396353e-01 -9.716261e-05 -8.855834e-05 -1.554815e-06 -9.770890e-05
12066.133403 7.937526e-01 5.127980e-05 1.292956e-05 6.388676e-01 -9.162208e-05 -8.971474e-05 -1.186253e-07 -1.111161e-04
12069.638631 7.940166e-01 5.662509e-05 1.564881e-06 6.380562e-01 -8.856311e-05 -8.696235e-05 1.542892e-06 -1.477955e-04
12073.156052 7.926027e-01 6.022839e-05 3.042435e-05 6.378776e-01 -9.493010e-05 -8.940883e-05 -3.849123e-06 -1.500773e-04
12076.685664 7.913854e-01 4.536703e-05 1.139771e-05 6.380405e-01 -9.803726e-05 -9.287478e-05 -3.700826e-06 -1.094942e-04
12080.227468 7.918653e-01 6.973562e-05 4.634203e-06 6.367619e-01 -8.806647e-05 -8.844204e-05 -7.913913e-07 -1.042640e-04
12083.781465 7.894338e-01 5.827004e-05 3.404086e-05 6.353887e-01 -8.573384e-05 -9.119756e-05 -5.291020e-06 -1.054545e-04
12087.347653 7.872158e-01 4.374532e-05 1.803650e-05 6.345357e-01 -8.549438e-05 -9.653034e-05 -1.598183e-06 -1.069365e-04
12090.926033 7.894811e-01 3.937136e-05 3.252240e-06 6.369697e-01 -8.601357e-05 -9.789612e-05 -6.789515e-06 -1.110234e-04
12094.516605 7.894685e-01 4.663629e-05 -1.291569e-06 6.356906e-01 -9.935832e-05 -1.013882e-04 5.855228e-08 -1.158878e-04
12098.119369 7.875545e-01 5.548717e-05 -1.006270e-05 6.344629e-01 -9.781368e-05 -9.752170e-05 -6.095295e-07 -1.201086e-04
12101.734324 7.874097e-01 6.722870e-05 -3.136029e-06 6.359652e-01 -9.549335e-05 -9.457364e-05 4.482580e-06 -1.209790e-04
12105.361472 7.867589e-01 5.748338e-05 -3.127952e-05 6.361402e-01 -9.854052e-05 -9.316208e-05 2.118678e-05 -1.282279e-04
12109.000811 7.842781e-01 3.854947e-05 -1.329345e-06 6.328388e-01 -1.052735e-04 -8.803145e-05 1.605405e-05 -1.323549e-04
12112.652343 7.859476e-01 5.593364e-05 -3.319249e-06 6.343214e-01 -1.110758e-04 -9.129403e-05 1.045045e-05 -1.191415e-04
12116.316066 7.834903e-01 5.478584e-05 -3.089554e-05 6.335579e-01 -1.051030e-04 -7.796392e-05 2.477211e-06 -1.188925e-04
12119.991982 7.824923e-01 5.441878e-05 1.682682e-05 6.333134e-01 -9.638228e-05 -8.117808e-05 -9.898165e-06 -1.293197e-04
12123.680089 7.836069e-01 4.760258e-05 3.805345e-05 6.349833e-01 -9.085063e-05 -9.043134e-05 -1.820103e-05 -1.138851e-04
12127.380388 7.822861e-01 5.099296e-05 2.166024e-05 6.352753e-01 -9.689580e-05 -9.551797e-05 -1.228724e-05 -1.065898e-04
12131.092879 7.814921e-01 4.718197e-05 -8.232700e-07 6.341906e-01 -9.210343e-05 -9.387107e-05 -7.693034e-06 -9.722994e-05
12134.817562 7.807521e-01 4.696016e-05 3.178002e-05 6.334260e-01 -9.317352e-05 -8.936484e-05 -1.053634e-06 -1.073775e-04
12138.554437 7.796977e-01 5.828747e-05 1.828765e-05 6.321917e-01 -1.006504e-04 -9.325046e-05 -8.251067e-07 -1.163433e-04
12142.303503 7.795583e-01 5.586748e-05 3.467965e-05 6.330371e-01 -9.872068e-05 -9.205844e-05 -4.474156e-06 -1.099263e-04
12146.064762 7.783095e-01 5.553123e-05 -6.301181e-06 6.317344e-01 -9.791675e-05 -8.482700e-05 6.505321e-06 -1.106988e-04
12149.838213 7.779600e-01 5.320960e-05 1.813191e-06 6.314766e-01 -9.944518e-05 -9.112386e-05 8.313229e-06 -1.204120e-04
12153.623855 7.774451e-01 5.588690e-05 1.215486e-05 6.305212e-01 -9.936253e-05 -9.123598e-05 -2.135869e-07 -1.155920e-04
12157.421689 7.758719e-01 3.185670e-05 6.494530e-06 6.307901e-01 -9.560012e-05 -9.034936e-05 -1.018400e-06 -1.067008e-04
12161.231716 7.753518e-01 3.968459e-05 -1.051720e-05 6.300149e-01 -9.325180e-05 -9.183215e-05 -7.398431e-06 -1.111989e-04
12165.053934 7.746720e-01 4.255739e-05 4.410338e-05 6.295234e-01 -9.572573e-05 -8.661215e-05 -4.650233e-06 -1.105301e-04
12168.888344 7.735772e-01 4.040235e-05 1.217691e-05 6.297498e-01 -9.411470e-05 -8.618095e-05 -7.571178e-06 -1.172533e-04
12172.734946 7.735408e-01 4.712784e-05 -7.191271e-06 6.297828e-01 -8.127088e-05 -8.010180e-05 -9.747896e-06 -1.130168e-04
12176.593740 7.716243e-01 4.066781e-05 -1.554889e-05 6.284837e-01 -8.789833e-05 -8.150745e-05 -9.204566e-06 -1.132255e-04
12180.464726 7.721006e-01 3.984321e-05 8.079660e-07 6.294086e-01 -8.872054e-05 -8.690998e-05 -5.084200e-06 -1.166530e-04
12184.347903 7.700599e-01 5.517625e-05 9.831462e-06 6.286159e-01 -9.511135e-05 -8.826202e-05 -1.341399e-05 -1.141515e-04
12188.243273 7.680207e-01 6.400519e-05 8.833305e-06 6.262669e-01 -9.187335e-05 -8.353720e-05 -1.753904e-05 -9.644597e-05
12192.150835 7.699723e-01 6.051698e-05 2.693503e-05 6.276103e-01 -9.745775e-05 -9.128706e-05 -1.670461e-05 -9.693649e-05
12196.070588 7.676166e-01 4.124924e-05 2.048369e-05 6.267197e-01 -1.053679e-04 -1.015612e-04 -7.888116e-06 -9.309935e-05
12200.002533 7.673045e-01 6.120585e-05 2.130981e-05 6.273394e-01 -1.012640e-04 -9.853413e-05 1.531129e-07 -9.514612e-05
12203.946671 7.649009e-01 5.400846e-05 2.712045e-05 6.258372e-01 -9.800018e-05 -9.550209e-05 -6.854315e-06 -8.734848e-05
12207.903000 7.646554e-01 5.255295e-05 3.874092e-05 6.255881e-01 -1.015506e-04 -1.026539e-04 -1.033866e-05 -1.105734e-04
12211.871521 7.643738e-01 4.395870e-05 3.695951e-05 6.248640e-01 -1.050567e-04 -1.010915e-04 -5.871315e-06 -1.495016e-04
12215.852234 7.644555e-01 3.708180e-05 5.099393e-05 6.252781e-01 -1.069533e-04 -9.384273e-05 -5.283828e-06 -1.544738e-04
12219.845139 7.633587e-01 2.881058e-05 2.171960e-05 6.246252e-01 -1.045391e-04 -9.502838e-05 -4.839884e-06 -1.499305e-04
12223.850236 7.628664e-01 3.714187e-05 1.575863e-05 6.243049e-01 -1.055263e-04 -9.669374e-05 3.073125e-06 -1.384428e-04
12227.867524 7.535760e-01 5.523188e-05 1.592859e-05 6.171818e-01 -1.106896e-04 -1.047151e-04 1.093114e-05 -1.417142e-04
12231.897005 7.445647e-01 4.077711e-05 2.088897e-05 6.098127e-01 -1.102828e-04 -1.090618e-04 1.355215e-05 -1.366555e-04
12235.938678 7.584475e-01 3.801278e-05 2.594642e-05 6.216191e-01 -9.792172e-05 -1.054532e-04 7.405966e-06 -1.446370e-04
12239.992542 7.590140e-01 3.404015e-05 2.212896e-05 6.222843e-01 -1.048640e-04 -1.088712e-04 -8.978783e-06 -1.451398e-04
12244.058598 7.588212e-01 3.062969e-05 7.933990e-06 6.219643e-01 -1.093890e-04 -1.111110e-04 -1.012085e-05 -1.572046e-04
12248.136847 7.575396e-01 3.495730e-05 6.376955e-06 6.212631e-01 -1.009955e-04 -1.134179e-04 -1.222769e-05 -1.604319e-04
12252.227287 7.550471e-01 2.896259e-05 1.072951e-05 6.196031e-01 -9.637342e-05 -1.154443e-04 -1.571072e-05 -1.548593e-04
12256.329919 7.560769e-01 3.709045e-05 2.725672e-05 6.208425e-01 -8.734593e-05 -1.089378e-04 -1.226779e-05 -1.639636e-04
12260.444743 7.555300e-01 4.406800e-05 3.071031e-05 6.208844e-01 -8.356508e-05 -1.106927e-04 -6.976440e-06 -1.585510e-04
12264.571759 7.558284e-01 4.879596e-05 7.281747e-05 6.217960e-01 -9.574260e-05 -1.167358e-04 -8.565103e-06 -1.386350e-04
12268.710967 7.541091e-01 4.900915e-05 5.825900e-05 6.201510e-01 -9.621351e-05 -1.182585e-04 -2.933739e-06 -1.012444e-04
12272.862366 7.535403e-01 4.440017e-05 6.905646e-05 6.205985e-01 -9.027620e-05 -1.139974e-04 6.103629e-06 -1.011338e-04
12277.025958 7.524698e-01 6.632250e-05 5.177062e-05 6.205073e-01 -9.776401e-05 -1.109252e-04 5.444466e-06 -1.058442e-04
12281.201742 7.520457e-01 5.121051e-05 2.596047e-05 6.195305e-01 -9.082970e-05 -1.078968e-04 -2.939346e-06 -1.027548e-04
12285.389717 7.507072e-01 3.472173e-05 3.875194e-05 6.186297e-01 -7.837968e-05 -1.132858e-04 -3.082126e-07 -9.664949e-05
12289.589884 7.503059e-01 3.305787e-05 1.175054e-06 6.188477e-01 -8.386021e-05 -1.045663e-04 -6.993614e-06 -9.770383e-05
12293.802244 7.498356e-01 2.843291e-05 5.598638e-06 6.170736e-01 -8.396239e-05 -1.053299e-04 -3.841785e-06 -1.033303e-04
12298.026795 7.474077e-01 5.087758e-05 3.634987e-05 6.163783e-01 -8.599366e-05 -1.137974e-04 5.294072e-06 -9.327965e-05
12302.263538 7.471452e-01 5.348733e-05 2.871845e-05 6.176300e-01 -8.209134e-05 -1.187376e-04 5.202402e-06 -1.066327e-04
12306.512473 7.473774e-01 4.721167e-05 4.245573e-05 6.174992e-01 -9.044637e-05 -1.147467e-04 1.142125e-06 -1.220273e-04
12310.773600 7.470073e-01 4.773373e-05 -2.070918e-06 6.171032e-01 -9.169926e-05 -1.054202e-04 6.235276e-08 -1.243254e-04
12315.046919 7.457387e-01 3.868533e-05 2.644405e-05 6.153853e-01 -9.690831e-05 -1.130600e-04 5.131878e-06 -1.146627e-04
12319.332429 7.443512e-01 2.524490e-05 2.768349e-05 6.154868e-01 -1.032587e-04 -1.241721e-04 4.645871e-06 -1.181326e-04
12323.630132 7.287591e-01 4.170541e-05 4.378951e-05 6.027889e-01 -1.047872e-04 -1.218360e-04 1.953244e-06 -1.155318e-04
12327.940026 7.361258e-01 4.492693e-05 2.730250e-05 6.099083e-01 -1.017561e-04 -1.164056e-04 -5.137129e-06 -1.211720e-04
12332.262113 7.413110e-01 4.047022e-05 3.714443e-05 6.148121e-01 -9.918166e-05 -1.133664e-04 -3.851294e-06 -1.129169e-04
12336.596391 7.423061e-01 4.970677e-05 1.291729e-05 6.150598e-01 -1.123690e-04 -1.085087e-04 -7.586061e-06 -1.114577e-04
12340.942861 7.399448e-01 4.357314e-05 -9.824032e-06 6.136192e-01 -1.006900e-04 -1.124249e-04 -3.709351e-06 -1.136453e-04
12345.301524 7.395119e-01 4.661207e-05 1.160818e-06 6.135939e-01 -9.715873e-05 -1.077652e-04 -4.025930e-06 -1.078759e-04
12349.672378 7.387872e-01 4.046274e-05 2.003296e-05 6.134059e-01 -1.037280e-04 -9.935458e-05 -8.930159e-06 -1.035766e-04
12354.055424 7.390309e-01 3.854254e-05 2.166684e-05 6.139091e-01 -9.939926e-05 -1.132756e-04 -7.732371e-06 -1.113958e-04
12358.450662 7.381019e-01 2.585063e-05 8.219811e-06 6.135678e-01 -9.377125e-05 -1.110681e-04 5.127657e-07 -1.149201e-04
12362.858091 7.368594e-01 2.736472e-05 1.557310e-05 6.135522e-01 -9.429293e-05 -1.116529e-04 -3.570727e-06 -1.118392e-04
12367.277713 7.365216e-01 3.059391e-05 3.652735e-05 6.136967e-01 -9.539768e-05 -1.098310e-04 9.975761e-07 -1.138479e-04
12371.709527 7.329276e-01 3.490039e-05 5.843189e-05 6.103661e-01 -8.673521e-05 -1.097877e-04 1.670356e-06 -1.162127e-04
12376.153532 7.295545e-01 3.125751e-05 3.733109e-05 6.077002e-01 -8.857013e-05 -1.120291e-04 2.701025e-06 -1.188327e-04
12380.609730 7.338173e-01 2.690530e-05 2.006338e-05 6.107899e-01 -8.948574e-05 -1.088842e-04 -2.644743e-06 -1.162972e-04
12385.078119 7.341468e-01 2.017399e-05 3.412605e-05 6.125055e-01 -9.689505e-05 -1.114656e-04 -3.908933e-06 -1.141388e-04
12389.558700 7.324997e-01 2.642407e-05 4.882426e-05 6.114616e-01 -1.082704e-04 -1.081629e-04 -1.011822e-05 -1.198346e-04
12394.051473 7.321851e-01 4.208574e-05 4.612240e-05 6.117098e-01 -9.933457e-05 -1.045547e-04 -1.591839e-06 -1.234053e-04
12398.556438 7.303059e-01 4.175544e-05 3.207339e-05 6.096476e-01 -9.303419e-05 -1.028527e-04 5.260161e-06 -1.232948e-04
12403.073595 7.301110e-01 4.129530e-05 1.575953e-05 6.100314e-01 -8.779191e-05 -1.072293e-04 1.031122e-06 -1.228851e-04
12407.602944 7.287486e-01 3.827379e-05 4.415903e-05 6.097086e-01 -9.110799e-05 -9.858920e-05 2.705905e-06 -1.183112e-04
12412.144485 7.283031e-01 3.867675e-05 4.529075e-05 6.102439e-01 -9.630162e-05 -1.010115e-04 1.286680e-05 -1.110112e-04
12416.698218 7.269350e-01 2.324988e-05 5.660725e-05 6.092197e-01 -8.550051e-05 -9.963127e-05 5.863824e-06 -1.066367e-04
12421.264142 7.264010e-01 1.908580e-05 2.088718e-05 6.091823e-01 -8.230155e-05 -9.389104e-05 5.684236e-06 -1.012531e-04
12425.842259 7.254461e-01 3.253832e-05 3.820787e-05 6.079940e-01 -9.168932e-05 -9.756134e-05 9.142914e-06 -1.023664e-04
12430.432567 7.230251e-01 4.501816e-05 2.280610e-05 6.075672e-01 -9.502596e-05 -9.673997e-05 9.813247e-06 -9.984749e-05
12435.035068 7.226114e-01 5.866000e-05 3.194103e-05 6.064459e-01 -8.770400e-05 -9.777166e-05 1.445039e-05 -9.797592e-05
12439.649760 7.220343e-01 4.078061e-05 3.748647e-05 6.066050e-01 -9.739804e-05 -1.016561e-04 5.592573e-06 -9.152484e-05
12444.276644 7.202277e-01 5.222063e-05 2.607062e-05 6.057950e-01 -1.023260e-04 -1.080885e-04 1.663979e-05 -1.282962e-04
12448.915720 7.190862e-01 6.126932e-05 2.382020e-05 6.050548e-01 -1.049189e-04 -1.116232e-04 1.264072e-06 -1.324498e-04
12453.566988 7.186488e-01 6.071626e-05 1.858948e-06 6.049331e-01 -1.097281e-04 -9.954484e-05 1.438838e-06 -1.072686e-04
12458.230448 7.176676e-01 5.584296e-05 2.609230e-05 6.045095e-01 -1.119048e-04 -8.810803e-05 7.967259e-06 -1.046021e-04
12462.906100 7.176962e-01 5.161702e-05 2.805266e-05 6.051079e-01 -1.028684e-04 -8.802072e-05 5.039097e-06 -1.028936e-04
12467.593943 7.172116e-01 5.025142e-05 1.790167e-05 6.060566e-01 -9.615465e-05 -8.829040e-05 3.960685e-06 -1.084212e-04
12472.293979 7.169365e-01 5.211786e-05 1.775585e-05 6.062833e-01 -8.765111e-05 -8.524110e-05 6.740768e-06 -1.041651e-04
12477.006206 7.168688e-01 6.143685e-05 2.943721e-05 6.063419e-01 -8.775304e-05 -8.476004e-05 1.746813e-06 -1.098713e-04
12481.730626 7.163199e-01 5.835293e-05 2.813922e-05 6.058322e-01 -8.865626e-05 -8.841151e-05 7.696312e-06 -1.137481e-04
12486.467237 7.153844e-01 6.299594e-05 3.467743e-05 6.058628e-01 -9.237732e-05 -9.678936e-05 6.033442e-06 -1.123842e-04
12491.216040 7.142721e-01 6.017913e-05 4.307982e-05 6.047873e-01 -9.911649e-05 -9.715014e-05 5.479417e-06 -1.159548e-04
12495.977036 7.144779e-01 6.968416e-05 2.887071e-05 6.055829e-01 -9.704708e-05 -9.642639e-05 -3.059911e-06 -1.036260e-04
12500.750223 7.137690e-01 5.643961e-05 3.666733e-05 6.049678e-01 -9.926684e-05 -8.117777e-05 -1.047217e-05 -9.231950e-05
12505.535602 7.127647e-01 5.465569e-05 2.464191e-05 6.046216e-01 -9.895110e-05 -7.490347e-05 -1.623595e-06 -9.057409e-05
12510.333172 7.120937e-01 5.542955e-05 2.763948e-05 6.041123e-01 -1.025252e-04 -8.289162e-05 -5.042444e-06 -8.703354e-05
12515.142935 7.113461e-01 4.849721e-05 4.342527e-05 6.039580e-01 -1.069678e-04 -9.318904e-05 -3.954674e-06 -9.248112e-05
12519.964890 7.103584e-01 5.529930e-05 4.152775e-05 6.034684e-01 -1.120525e-04 -9.771780e-05 -1.809986e-05 -9.530311e-05
12524.799037 7.092145e-01 6.630447e-05 2.740432e-05 6.034584e-01 -1.047560e-04 -8.683306e-05 -7.325080e-06 -9.354803e-05
12529.645375 6.556267e-01 6.078591e-05 4.939746e-05 5.580025e-01 -8.503129e-05 -8.248934e-05 -2.554140e-06 -9.474293e-05
12534.503905 1.271080e-01 9.512894e-06 1.989071e-06 1.081445e-01 -1.686717e-05 -1.593704e-05 7.048850e-07 -1.906066e-05
