# Facility: NSLS-II
# Beamline: QAS
# Year: 2022
# Cycle: 2
# SAF: 309618
# PI: Wang
# Proposal: 309017
# Scan ID: 52266
# UID: 062739c1-7622-455a-8ad1-88b33cc2e0d3
# Comment: 
# Start time: 07/18/2022  11:50:30
# Stop time: 07/18/2022  11:51:02
# Total time: 00:31
# Trajectory name: Pt-L3-30s-11564.txt
# Element: Platinum ( 78)
# Edge: L3
# E0: 11564
# Reference Foil Element: Pt
# Keithley Gains I0: 1E7 V/A It: 1E6 V/A Iref: 1E7 V/A PIPS: 1E8 V/A 
# Ion Chamber Gas Flow Rates: I0: 0.00 sccm He + 99.70 sccm N2 + 0.00 sccm Ar 
# Ion Chamber Gas Flow Rates: It&Iref: 29.80 sccm N2 + 70.10 sccm Ar
# Incident Beam Path Vertical: -27.99 mm
# Incident Slits Positions B: TOP: 1.0 mm Bottom: -1.0 mm Inboard: -2.0 mm Outboard: 2.0 mm
# Sample Stage Positions: Rotation: 45.0 deg Horizontal: 14.07 mm Vertical: 35.31 mm Beam Direction: 0.00 mm
# PerkinElmer Vertical Position: 500.00 mm
# Front End Mirror Horizontal Positions: Up: -14.00 mm Down: -14.00 mm
#
# energy  i0  it  ir  iff  aux1  aux2  aux3  aux4
11377.572770 4.759495e-01 3.856381e-03 4.370426e-03 2.766246e-01 -3.098745e-05 -2.400755e-05 1.356882e-05 -9.059437e-05
11382.572770 9.411587e-01 7.646726e-03 8.709770e-03 5.474190e-01 -5.961949e-05 -5.111528e-05 2.407383e-05 -1.807464e-04
11387.572770 9.454999e-01 7.725972e-03 8.834215e-03 5.506692e-01 -5.668730e-05 -4.795362e-05 2.368981e-05 -1.860848e-04
11392.572770 9.405038e-01 7.729937e-03 8.848284e-03 5.475703e-01 -5.649308e-05 -4.602187e-05 2.841980e-05 -1.928332e-04
11397.572770 9.406907e-01 7.783082e-03 8.892109e-03 5.482392e-01 -5.872718e-05 -3.919955e-05 3.059645e-05 -1.929094e-04
11402.572770 9.372195e-01 7.792073e-03 8.968096e-03 5.467052e-01 -5.082832e-05 -4.640781e-05 3.924914e-05 -1.884976e-04
11407.572770 9.383786e-01 7.860005e-03 9.055330e-03 5.475451e-01 -4.271597e-05 -5.486428e-05 5.287531e-05 -1.877372e-04
11412.572770 9.380258e-01 7.912045e-03 9.113132e-03 5.478521e-01 -5.342615e-05 -5.346421e-05 4.265507e-05 -1.866175e-04
11417.572770 9.329950e-01 7.911298e-03 9.151730e-03 5.450492e-01 -5.278383e-05 -4.747220e-05 3.070400e-05 -1.603835e-04
11422.572770 9.182379e-01 7.832155e-03 9.074304e-03 5.379265e-01 -5.288761e-05 -5.257027e-05 3.515246e-05 -1.262039e-04
11427.572770 9.289581e-01 7.956724e-03 9.251251e-03 5.462399e-01 -4.518064e-05 -5.532013e-05 2.629674e-05 -1.273969e-04
11432.572770 9.316174e-01 8.022249e-03 9.376989e-03 5.475054e-01 -5.332470e-05 -5.853479e-05 2.661665e-05 -1.256238e-04
11437.572770 9.293429e-01 8.054605e-03 9.409291e-03 5.464570e-01 -5.611546e-05 -6.026361e-05 2.560611e-05 -1.239332e-04
11442.572770 9.283497e-01 8.098173e-03 9.467314e-03 5.462013e-01 -6.130345e-05 -5.993122e-05 3.219544e-05 -1.175772e-04
11447.572770 9.251696e-01 8.117898e-03 9.516907e-03 5.444364e-01 -7.186293e-05 -4.693435e-05 3.159359e-05 -1.150703e-04
11452.572770 9.227570e-01 8.146003e-03 9.595521e-03 5.433233e-01 -6.890986e-05 -4.600876e-05 2.474184e-05 -1.161412e-04
11457.572770 9.198744e-01 8.161636e-03 9.630665e-03 5.421293e-01 -5.922782e-05 -4.005286e-05 3.051466e-05 -1.152227e-04
11462.572770 9.173439e-01 8.189417e-03 9.671873e-03 5.406882e-01 -6.260441e-05 -5.128423e-05 2.797682e-05 -1.184340e-04
11467.572770 9.162416e-01 8.240905e-03 9.759746e-03 5.408336e-01 -6.679780e-05 -4.833145e-05 2.062276e-05 -1.238461e-04
11472.572770 9.166590e-01 8.300523e-03 9.853201e-03 5.411918e-01 -6.143378e-05 -5.310816e-05 1.983892e-05 -1.218159e-04
11477.572770 9.160847e-01 8.371680e-03 9.927391e-03 5.408285e-01 -5.603298e-05 -6.446519e-05 2.368172e-05 -1.269513e-04
11482.572770 9.126709e-01 8.384359e-03 9.972763e-03 5.394207e-01 -5.609373e-05 -6.753747e-05 2.691709e-05 -1.360888e-04
11487.572770 9.005889e-01 8.323189e-03 9.926756e-03 5.334723e-01 -5.808118e-05 -6.399651e-05 2.003396e-05 -1.315699e-04
11492.572770 8.987722e-01 8.307358e-03 9.924275e-03 5.334514e-01 -5.068777e-05 -6.221351e-05 3.052490e-05 -1.292285e-04
11497.572770 9.109720e-01 8.503402e-03 1.018781e-02 5.411242e-01 -4.830268e-05 -6.400962e-05 3.157717e-05 -1.388929e-04
11502.572770 9.088445e-01 8.532615e-03 1.022373e-02 5.407844e-01 -4.428274e-05 -5.167007e-05 1.531747e-05 -1.361652e-04
11507.572770 9.067636e-01 8.543739e-03 1.026376e-02 5.396160e-01 -4.800054e-05 -4.573300e-05 7.408931e-06 -1.285977e-04
11512.572770 9.072061e-01 8.631277e-03 1.032644e-02 5.402576e-01 -5.209520e-05 -4.083229e-05 8.336881e-06 -1.311446e-04
11517.572770 9.077842e-01 8.694153e-03 1.040514e-02 5.416112e-01 -5.012557e-05 -4.326055e-05 1.767690e-05 -1.350944e-04
11522.572770 9.059023e-01 8.721605e-03 1.043797e-02 5.409182e-01 -4.559064e-05 -4.235836e-05 2.351822e-05 -1.304319e-04
11527.572770 9.021814e-01 8.711591e-03 1.039318e-02 5.396806e-01 -4.585800e-05 -4.801237e-05 2.296115e-05 -1.381654e-04
11532.572770 9.041092e-01 8.801774e-03 1.048096e-02 5.418058e-01 -5.158710e-05 -5.254789e-05 2.186408e-05 -1.467688e-04
11534.000000 9.000385e-01 8.744382e-03 1.040290e-02 5.397398e-01 -4.798866e-05 -4.485331e-05 2.999540e-05 -1.460273e-04
11535.000000 8.999023e-01 8.764919e-03 1.039878e-02 5.401467e-01 -5.341958e-05 -4.760770e-05 2.043546e-05 -1.454103e-04
11536.000000 8.975892e-01 8.738540e-03 1.034283e-02 5.371180e-01 -5.270585e-05 -4.730265e-05 2.445511e-05 -1.509227e-04
11537.000000 9.039985e-01 8.842771e-03 1.045415e-02 5.416422e-01 -5.254280e-05 -4.777487e-05 2.231083e-05 -1.468313e-04
11538.000000 9.097591e-01 8.948575e-03 1.053198e-02 5.460470e-01 -5.691769e-05 -4.293178e-05 1.707620e-05 -1.422693e-04
11539.000000 8.942917e-01 8.728240e-03 1.027132e-02 5.370934e-01 -6.375322e-05 -5.922401e-05 1.567165e-05 -1.409887e-04
11540.000000 9.080802e-01 8.940532e-03 1.054077e-02 5.451895e-01 -5.875462e-05 -7.092474e-05 2.190999e-05 -1.475932e-04
11541.000000 8.934048e-01 8.721552e-03 1.018622e-02 5.364959e-01 -5.775148e-05 -6.476079e-05 1.480388e-05 -1.333434e-04
11541.200000 8.602213e-01 8.315085e-03 9.725062e-03 5.165040e-01 -6.007569e-05 -6.456513e-05 1.530760e-05 -1.229587e-04
11541.400000 8.843402e-01 8.616154e-03 9.968205e-03 5.306408e-01 -5.890890e-05 -5.289374e-05 1.575193e-05 -1.261737e-04
11541.600000 8.964035e-01 8.841134e-03 1.055054e-02 5.383730e-01 -6.003028e-05 -4.712103e-05 1.924512e-05 -1.310600e-04
11541.800000 9.216307e-01 9.168660e-03 1.061208e-02 5.544496e-01 -5.124742e-05 -5.325800e-05 1.613683e-05 -1.442810e-04
11542.000000 8.918618e-01 8.780109e-03 1.022633e-02 5.409683e-01 -5.503762e-05 -5.670284e-05 2.105322e-05 -1.379587e-04
11542.200000 9.178621e-01 9.042999e-03 1.057080e-02 5.532112e-01 -5.947384e-05 -6.157707e-05 2.304028e-05 -1.384492e-04
11542.400000 8.962025e-01 8.775666e-03 1.025856e-02 5.416273e-01 -5.677960e-05 -6.833488e-05 2.912175e-05 -1.416328e-04
11542.600000 9.084849e-01 8.981431e-03 1.048436e-02 5.488548e-01 -5.668795e-05 -6.287007e-05 2.945792e-05 -1.436241e-04
11542.800000 9.052179e-01 8.933688e-03 1.034041e-02 5.434156e-01 -6.220338e-05 -6.277474e-05 1.638607e-05 -1.457605e-04
11543.000000 8.991315e-01 8.804063e-03 1.023909e-02 5.416509e-01 -6.344415e-05 -5.850637e-05 2.420493e-05 -1.448931e-04
11543.200000 9.164257e-01 9.066048e-03 1.048873e-02 5.526353e-01 -5.874374e-05 -6.458603e-05 3.178680e-05 -1.329019e-04
11543.400000 9.119903e-01 9.004193e-03 1.063725e-02 5.487789e-01 -5.422249e-05 -6.134466e-05 1.630329e-05 -1.439630e-04
11543.600000 9.099359e-01 8.992890e-03 1.031319e-02 5.480344e-01 -6.107544e-05 -5.525216e-05 3.983140e-05 -1.461880e-04
11543.800000 8.861244e-01 8.658745e-03 1.003015e-02 5.350891e-01 -5.972768e-05 -6.800796e-05 2.347270e-05 -1.485363e-04
11544.000000 8.904431e-01 8.646880e-03 1.010010e-02 5.346812e-01 -4.751781e-05 -6.461127e-05 1.949830e-05 -1.563076e-04
11544.200000 8.988558e-01 8.799374e-03 1.020228e-02 5.433198e-01 -4.469404e-05 -6.325797e-05 2.033466e-05 -1.632938e-04
11544.400000 8.815774e-01 8.698760e-03 1.016458e-02 5.320402e-01 -5.514984e-05 -7.143172e-05 1.480886e-05 -1.492864e-04
11544.600000 9.159662e-01 9.096285e-03 1.064246e-02 5.551710e-01 -6.374652e-05 -7.915273e-05 8.466297e-06 -1.630848e-04
11544.800000 9.191984e-01 9.073846e-03 1.041604e-02 5.575863e-01 -6.794375e-05 -7.849998e-05 2.224293e-05 -1.589757e-04
11545.000000 8.909244e-01 8.755933e-03 1.003588e-02 5.386298e-01 -6.965497e-05 -7.462940e-05 4.670418e-05 -1.450656e-04
11545.200000 9.028872e-01 8.873079e-03 1.023352e-02 5.438449e-01 -6.703034e-05 -7.248482e-05 3.816199e-05 -1.575476e-04
11545.400000 9.015596e-01 8.857919e-03 1.011525e-02 5.448050e-01 -6.796889e-05 -7.735353e-05 2.615053e-05 -1.570626e-04
11545.600000 9.008890e-01 8.855935e-03 1.025869e-02 5.459470e-01 -7.331581e-05 -8.989494e-05 2.882818e-05 -1.531662e-04
11545.800000 9.179027e-01 8.997277e-03 1.017154e-02 5.559102e-01 -7.266305e-05 -8.884656e-05 2.009193e-05 -1.497346e-04
11546.000000 8.729406e-01 8.522665e-03 1.003364e-02 5.304331e-01 -5.764450e-05 -8.777075e-05 3.083533e-05 -1.352144e-04
11546.200000 9.336730e-01 9.277985e-03 1.071760e-02 5.640402e-01 -5.883315e-05 -8.072001e-05 2.263487e-05 -1.502045e-04
11546.400000 9.021934e-01 8.876441e-03 1.029174e-02 5.448218e-01 -5.611636e-05 -7.857803e-05 3.109492e-05 -1.447227e-04
11546.600000 9.024467e-01 8.906070e-03 1.013326e-02 5.439705e-01 -5.346658e-05 -7.891459e-05 3.027600e-05 -1.373217e-04
11546.800000 9.026628e-01 8.879972e-03 1.011847e-02 5.447057e-01 -5.851639e-05 -7.652061e-05 2.181967e-05 -1.334648e-04
11547.000000 8.977326e-01 8.803487e-03 1.018706e-02 5.429906e-01 -5.346603e-05 -7.595337e-05 1.912825e-05 -1.431486e-04
11547.200000 8.987290e-01 8.882926e-03 1.014402e-02 5.460768e-01 -5.450231e-05 -6.616842e-05 2.197633e-05 -1.397260e-04
11547.400000 9.180459e-01 9.163824e-03 1.045129e-02 5.565693e-01 -5.755985e-05 -7.304189e-05 3.408737e-05 -1.263165e-04
11547.600000 9.302681e-01 9.318416e-03 1.060934e-02 5.624458e-01 -5.279202e-05 -6.850376e-05 2.521509e-05 -1.529201e-04
11547.800000 8.987986e-01 8.896481e-03 1.011824e-02 5.425480e-01 -5.488471e-05 -6.558356e-05 2.558422e-05 -1.468110e-04
11548.000000 8.964669e-01 8.838528e-03 9.977932e-03 5.380688e-01 -5.126836e-05 -6.627823e-05 1.437780e-05 -1.391205e-04
11548.200000 8.966360e-01 8.767919e-03 1.010405e-02 5.425056e-01 -4.834818e-05 -6.331098e-05 1.839791e-05 -1.440638e-04
11548.400000 8.957198e-01 8.742642e-03 1.014155e-02 5.414951e-01 -6.339030e-05 -7.030932e-05 1.079199e-05 -1.478323e-04
11548.600000 9.076226e-01 9.009691e-03 1.016644e-02 5.501512e-01 -6.827091e-05 -6.899578e-05 9.543537e-06 -1.463249e-04
11548.800000 8.899995e-01 8.769764e-03 9.811051e-03 5.390290e-01 -6.993542e-05 -5.991784e-05 1.731880e-06 -1.440308e-04
11549.000000 9.211011e-01 9.181943e-03 1.041213e-02 5.595216e-01 -7.159278e-05 -6.292544e-05 2.067496e-05 -1.361893e-04
11549.200000 8.978643e-01 8.870544e-03 1.002846e-02 5.439158e-01 -7.028915e-05 -6.181184e-05 3.412972e-06 -1.270212e-04
11549.400000 8.941707e-01 8.787949e-03 9.805438e-03 5.432866e-01 -7.101458e-05 -6.861753e-05 3.890815e-07 -1.267470e-04
11549.600000 8.760499e-01 8.581284e-03 9.493516e-03 5.322272e-01 -6.317714e-05 -7.040576e-05 1.824129e-06 -1.191185e-04
11549.800000 9.141165e-01 9.104630e-03 1.044076e-02 5.566142e-01 -6.242934e-05 -6.505635e-05 2.868921e-05 -1.344941e-04
11550.000000 9.165591e-01 9.156364e-03 1.014106e-02 5.577511e-01 -6.677192e-05 -5.898751e-05 1.982605e-05 -1.422033e-04
11550.200000 9.156066e-01 9.085968e-03 1.016468e-02 5.552641e-01 -6.731002e-05 -5.019951e-05 1.049842e-05 -1.452098e-04
11550.400000 9.178727e-01 9.179507e-03 1.014246e-02 5.566834e-01 -5.624028e-05 -4.636821e-05 2.854815e-05 -1.425757e-04
11550.600000 9.049096e-01 8.988178e-03 9.836802e-03 5.496552e-01 -5.665808e-05 -5.407196e-05 3.322146e-05 -1.415218e-04
11550.800000 9.057657e-01 8.982432e-03 9.748681e-03 5.502419e-01 -5.777535e-05 -5.224472e-05 2.374228e-05 -1.504607e-04
11551.000000 9.110678e-01 9.006251e-03 9.970782e-03 5.518868e-01 -5.726072e-05 -5.115546e-05 3.273917e-05 -1.530155e-04
11551.200000 8.641965e-01 8.439484e-03 9.466301e-03 5.267350e-01 -6.029914e-05 -5.990446e-05 2.299749e-05 -1.560310e-04
11551.400000 9.112884e-01 9.079895e-03 1.000148e-02 5.550008e-01 -6.232898e-05 -6.911587e-05 2.019869e-05 -1.525130e-04
11551.600000 9.132875e-01 9.084408e-03 1.003294e-02 5.560489e-01 -5.462609e-05 -7.490025e-05 2.069160e-05 -1.504885e-04
11551.800000 8.910311e-01 8.828170e-03 9.670280e-03 5.409861e-01 -5.146340e-05 -7.029548e-05 2.556564e-05 -1.420552e-04
11552.000000 8.791880e-01 8.681032e-03 9.381743e-03 5.352217e-01 -5.262026e-05 -6.377706e-05 2.077738e-05 -1.399212e-04
11552.200000 8.987597e-01 8.847982e-03 9.738196e-03 5.471880e-01 -6.013104e-05 -6.365905e-05 2.062841e-05 -1.467056e-04
11552.400000 9.086780e-01 9.077570e-03 9.860768e-03 5.524606e-01 -6.806647e-05 -5.550045e-05 3.006023e-05 -1.353369e-04
11552.600000 9.052802e-01 8.988005e-03 9.649149e-03 5.507155e-01 -7.791089e-05 -5.345036e-05 2.651382e-05 -1.440625e-04
11552.800000 8.961095e-01 8.923552e-03 9.517288e-03 5.477814e-01 -6.857795e-05 -5.208065e-05 4.337065e-05 -1.351936e-04
11553.000000 9.057883e-01 8.989110e-03 9.701087e-03 5.509839e-01 -6.238489e-05 -6.493394e-05 2.487733e-05 -1.377110e-04
11553.200000 9.058376e-01 8.984442e-03 9.715561e-03 5.543892e-01 -5.904068e-05 -6.344949e-05 3.780485e-05 -1.170459e-04
11553.400000 9.082906e-01 8.966119e-03 9.749511e-03 5.534668e-01 -6.118951e-05 -6.623480e-05 2.394337e-05 -1.146095e-04
11553.600000 9.191511e-01 9.194154e-03 9.610900e-03 5.639846e-01 -6.309877e-05 -6.359711e-05 1.976001e-05 -1.158347e-04
11553.800000 9.065730e-01 9.081334e-03 9.617151e-03 5.564325e-01 -5.778966e-05 -6.202885e-05 3.065732e-05 -1.167050e-04
11554.000000 9.033580e-01 8.947457e-03 9.386028e-03 5.545432e-01 -6.292245e-05 -5.313880e-05 4.007501e-05 -1.208276e-04
11554.200000 8.955808e-01 8.850382e-03 9.227495e-03 5.486668e-01 -5.875693e-05 -4.723299e-05 2.528664e-05 -1.235323e-04
11554.400000 8.963476e-01 8.799853e-03 9.199173e-03 5.473894e-01 -5.406276e-05 -4.557294e-05 3.621215e-05 -1.177547e-04
11554.600000 9.050838e-01 8.956921e-03 9.464062e-03 5.541602e-01 -6.011261e-05 -6.556047e-05 3.728965e-05 -1.162171e-04
11554.800000 8.896293e-01 8.738976e-03 9.124783e-03 5.465638e-01 -5.262294e-05 -6.345604e-05 2.017905e-05 -1.112338e-04
11555.000000 9.099183e-01 9.066122e-03 9.160984e-03 5.544711e-01 -5.715714e-05 -6.700569e-05 2.663428e-05 -1.267765e-04
11555.200000 9.123558e-01 9.059262e-03 9.316767e-03 5.598427e-01 -6.105583e-05 -6.416984e-05 4.983302e-05 -1.190618e-04
11555.400000 9.029999e-01 8.966946e-03 8.986188e-03 5.560451e-01 -5.646390e-05 -6.219535e-05 5.252425e-05 -1.161462e-04
11555.600000 9.017658e-01 8.951047e-03 9.187709e-03 5.537718e-01 -6.653259e-05 -6.258408e-05 3.866174e-05 -1.290092e-04
11555.800000 8.893466e-01 8.687514e-03 8.712064e-03 5.494965e-01 -6.950249e-05 -6.709483e-05 3.104263e-05 -1.437520e-04
11556.000000 8.731951e-01 8.526609e-03 8.524415e-03 5.376884e-01 -6.310714e-05 -5.360838e-05 3.232858e-05 -1.334641e-04
11556.200000 9.114810e-01 9.112354e-03 9.000040e-03 5.646151e-01 -5.461359e-05 -5.934935e-05 3.826254e-05 -1.381010e-04
11556.400000 9.055248e-01 9.025746e-03 8.936128e-03 5.553223e-01 -4.287233e-05 -4.936644e-05 1.800559e-05 -1.537552e-04
11556.600000 8.974838e-01 8.898437e-03 8.563330e-03 5.513620e-01 -4.330940e-05 -4.482391e-05 3.844538e-05 -1.313396e-04
11556.800000 8.963665e-01 8.821134e-03 8.456123e-03 5.552290e-01 -4.262667e-05 -4.691186e-05 4.548065e-05 -1.340372e-04
11557.000000 9.044730e-01 8.980748e-03 8.599883e-03 5.627647e-01 -4.824880e-05 -5.396039e-05 2.783015e-05 -1.383200e-04
11557.200000 9.055118e-01 8.981568e-03 8.521168e-03 5.616135e-01 -5.426069e-05 -5.197312e-05 2.726370e-05 -1.411984e-04
11557.400000 9.194410e-01 9.161732e-03 8.673307e-03 5.729258e-01 -5.220854e-05 -5.734498e-05 2.526796e-05 -1.425463e-04
11557.600000 9.028216e-01 8.981070e-03 8.474088e-03 5.603556e-01 -5.663681e-05 -6.108595e-05 1.658778e-05 -1.437498e-04
11557.800000 9.081212e-01 8.963217e-03 8.133398e-03 5.651123e-01 -5.412321e-05 -5.125671e-05 2.868258e-05 -1.386075e-04
11558.000000 8.911108e-01 8.761391e-03 7.934486e-03 5.539893e-01 -5.891849e-05 -4.825929e-05 2.698316e-05 -1.379740e-04
11558.200000 8.968969e-01 8.891133e-03 8.067622e-03 5.634444e-01 -5.471199e-05 -4.555130e-05 2.790482e-05 -1.267315e-04
11558.400000 9.068275e-01 9.043903e-03 8.029711e-03 5.698059e-01 -5.742887e-05 -4.670916e-05 2.653998e-05 -1.311283e-04
11558.600000 9.131959e-01 9.065805e-03 8.048528e-03 5.696405e-01 -6.252573e-05 -4.577399e-05 2.033040e-05 -1.194553e-04
11558.800000 8.888832e-01 8.782140e-03 7.733944e-03 5.589164e-01 -6.761005e-05 -4.857917e-05 1.739260e-05 -1.295610e-04
11559.000000 9.079662e-01 8.945217e-03 7.746834e-03 5.686143e-01 -5.567636e-05 -5.054891e-05 2.848628e-05 -1.194386e-04
11559.200000 9.017364e-01 8.912416e-03 7.243286e-03 5.664106e-01 -4.880999e-05 -5.168034e-05 2.964909e-05 -1.307882e-04
11559.400000 9.129113e-01 9.120417e-03 7.361716e-03 5.759176e-01 -6.090282e-05 -4.903552e-05 2.136667e-05 -1.303412e-04
11559.600000 9.052603e-01 9.009283e-03 7.243050e-03 5.728655e-01 -6.579276e-05 -5.582090e-05 2.577563e-05 -1.315625e-04
11559.800000 9.011259e-01 8.901588e-03 6.921187e-03 5.704034e-01 -5.975301e-05 -5.410208e-05 4.015944e-05 -1.175701e-04
11560.000000 9.012006e-01 8.857721e-03 6.771837e-03 5.740536e-01 -6.321916e-05 -4.111085e-05 3.411775e-05 -1.222685e-04
11560.200000 8.970401e-01 8.816718e-03 6.507182e-03 5.719268e-01 -6.603902e-05 -4.331476e-05 2.732421e-05 -1.185564e-04
11560.400000 9.120028e-01 9.041673e-03 6.535794e-03 5.828888e-01 -5.854137e-05 -3.925602e-05 3.325161e-05 -1.231760e-04
11560.600000 9.000863e-01 8.860430e-03 6.178583e-03 5.768969e-01 -5.644980e-05 -3.507077e-05 3.445416e-05 -1.236479e-04
11560.800000 9.062478e-01 8.898670e-03 5.978937e-03 5.819079e-01 -5.295232e-05 -3.663362e-05 4.237708e-05 -1.362756e-04
11561.000000 9.008012e-01 8.832852e-03 5.871392e-03 5.790579e-01 -5.683816e-05 -2.961052e-05 2.347603e-05 -1.399318e-04
11561.200000 9.102199e-01 8.944232e-03 5.577363e-03 5.896072e-01 -5.708113e-05 -3.901883e-05 2.774891e-05 -1.315319e-04
11561.400000 9.127708e-01 8.990881e-03 5.399592e-03 5.929749e-01 -5.359689e-05 -4.440663e-05 2.158859e-05 -1.360279e-04
11561.600000 9.135049e-01 8.944276e-03 5.126480e-03 5.951264e-01 -5.578677e-05 -4.012667e-05 3.001926e-05 -1.402588e-04
11561.800000 8.830702e-01 8.548970e-03 4.793679e-03 5.775740e-01 -5.958046e-05 -3.425242e-05 2.901381e-05 -1.312862e-04
11562.000000 8.985626e-01 8.721908e-03 4.590061e-03 5.921931e-01 -6.671403e-05 -4.965541e-05 1.750617e-05 -1.393465e-04
11562.200000 9.131972e-01 8.932781e-03 4.526744e-03 6.028672e-01 -6.975163e-05 -5.176155e-05 2.430121e-05 -1.429343e-04
11562.400000 9.062013e-01 8.841393e-03 4.123622e-03 6.014118e-01 -7.256994e-05 -4.558448e-05 2.083007e-05 -1.423502e-04
11562.600000 8.934371e-01 8.621590e-03 3.753142e-03 5.971382e-01 -7.000135e-05 -4.989940e-05 2.393005e-05 -1.347346e-04
11562.800000 8.986382e-01 8.690773e-03 3.629565e-03 6.061186e-01 -6.756517e-05 -4.845976e-05 3.108132e-05 -1.298967e-04
11563.000000 9.066105e-01 8.780247e-03 3.356329e-03 6.154904e-01 -7.460743e-05 -4.602652e-05 3.056938e-05 -1.386235e-04
11563.200000 9.039692e-01 8.724036e-03 3.225991e-03 6.170732e-01 -7.658594e-05 -4.883599e-05 4.343230e-05 -1.446088e-04
11563.400000 9.113099e-01 8.772302e-03 3.118308e-03 6.277664e-01 -7.722463e-05 -4.221496e-05 3.733243e-05 -1.486610e-04
11563.600000 8.937718e-01 8.512594e-03 2.652235e-03 6.213500e-01 -6.518230e-05 -4.569182e-05 4.005967e-05 -1.310136e-04
11563.800000 9.137065e-01 8.812203e-03 2.611761e-03 6.396280e-01 -5.928639e-05 -4.066729e-05 2.899891e-05 -1.410371e-04
11564.000000 9.025929e-01 8.606804e-03 2.377209e-03 6.362973e-01 -6.507708e-05 -3.578908e-05 3.125334e-05 -1.575177e-04
11564.200000 9.105381e-01 8.614575e-03 2.253885e-03 6.529401e-01 -5.933667e-05 -3.890787e-05 2.674971e-05 -1.464877e-04
11564.400000 9.164337e-01 8.703422e-03 1.960258e-03 6.626037e-01 -6.563220e-05 -4.122507e-05 2.437067e-05 -1.347606e-04
11564.600000 9.087193e-01 8.540169e-03 1.856860e-03 6.644448e-01 -6.966886e-05 -5.050664e-05 2.193937e-05 -1.419434e-04
11564.800000 8.995492e-01 8.362698e-03 1.733443e-03 6.628097e-01 -6.874653e-05 -4.856347e-05 2.383975e-05 -1.525953e-04
11565.000000 8.961729e-01 8.236332e-03 1.575957e-03 6.715515e-01 -6.569852e-05 -5.201104e-05 1.018121e-05 -1.508640e-04
11565.200000 9.171511e-01 8.486779e-03 1.532314e-03 6.937650e-01 -5.850958e-05 -4.763040e-05 1.335234e-05 -1.569963e-04
11565.400000 9.059179e-01 8.315581e-03 1.404194e-03 6.956782e-01 -6.446036e-05 -5.220848e-05 1.123296e-05 -1.437513e-04
11565.600000 9.040614e-01 8.206528e-03 1.447627e-03 7.022853e-01 -7.029960e-05 -5.644504e-05 1.628232e-05 -1.361398e-04
11565.800000 9.095404e-01 8.239347e-03 1.266626e-03 7.165141e-01 -5.859605e-05 -5.099244e-05 1.924134e-05 -1.397415e-04
11566.000000 9.120014e-01 8.261170e-03 1.282326e-03 7.261758e-01 -5.861792e-05 -5.474823e-05 2.685909e-05 -1.451136e-04
11566.200000 9.045707e-01 8.074999e-03 1.302275e-03 7.306489e-01 -6.019887e-05 -6.748462e-05 1.750404e-05 -1.474523e-04
11566.400000 9.054744e-01 8.084797e-03 1.317364e-03 7.402746e-01 -5.112837e-05 -6.390918e-05 1.342340e-05 -1.443824e-04
11566.600000 9.191952e-01 8.217696e-03 1.242973e-03 7.582878e-01 -5.554231e-05 -6.380638e-05 2.491181e-05 -1.261846e-04
11566.800000 8.988863e-01 7.850701e-03 1.267616e-03 7.487865e-01 -5.734548e-05 -5.897287e-05 2.580485e-05 -1.266203e-04
11567.000000 9.136201e-01 8.060579e-03 1.147964e-03 7.680039e-01 -5.720831e-05 -5.766724e-05 1.104507e-05 -1.270827e-04
11567.200000 9.147552e-01 8.008131e-03 1.134840e-03 7.759422e-01 -5.014825e-05 -5.513634e-05 2.224043e-05 -1.098746e-04
11567.400000 9.000587e-01 7.762069e-03 1.225318e-03 7.663446e-01 -5.305719e-05 -5.037378e-05 2.749679e-05 -1.166880e-04
11567.600000 9.198109e-01 8.050281e-03 1.184029e-03 7.887313e-01 -5.671210e-05 -5.309310e-05 2.965695e-05 -1.263748e-04
11567.800000 9.020054e-01 7.804898e-03 1.162786e-03 7.748257e-01 -5.600991e-05 -6.337553e-05 3.070042e-05 -1.360946e-04
11568.000000 9.049760e-01 7.801139e-03 1.384824e-03 7.773205e-01 -6.473016e-05 -6.373329e-05 1.424557e-05 -1.449003e-04
11568.200000 9.019641e-01 7.781725e-03 1.378896e-03 7.754685e-01 -5.854186e-05 -6.279560e-05 1.645971e-05 -1.450282e-04
11568.400000 9.057896e-01 7.824940e-03 1.349911e-03 7.799152e-01 -6.245975e-05 -6.060255e-05 2.982432e-05 -1.307563e-04
11568.600000 9.136994e-01 8.009931e-03 1.520895e-03 7.823931e-01 -6.028593e-05 -6.282269e-05 1.758780e-05 -1.276983e-04
11568.800000 9.000661e-01 7.790553e-03 1.449862e-03 7.679469e-01 -5.673600e-05 -6.934305e-05 2.811075e-05 -1.238009e-04
11569.000000 9.045556e-01 7.855222e-03 1.462941e-03 7.688739e-01 -5.846330e-05 -6.360664e-05 3.212839e-05 -1.189694e-04
11569.200000 8.961800e-01 7.777742e-03 1.616919e-03 7.564173e-01 -6.311130e-05 -6.533349e-05 1.750786e-05 -1.230138e-04
11569.400000 8.983197e-01 7.840501e-03 1.507111e-03 7.524070e-01 -5.994326e-05 -6.377809e-05 1.359889e-05 -1.360280e-04
11569.600000 9.035321e-01 7.930310e-03 1.604315e-03 7.504994e-01 -5.388032e-05 -5.749212e-05 1.075762e-05 -1.379733e-04
11569.800000 9.054049e-01 8.007214e-03 1.600460e-03 7.460964e-01 -5.227909e-05 -5.079085e-05 2.132966e-05 -1.395403e-04
11570.000000 9.110288e-01 8.162272e-03 1.654572e-03 7.451155e-01 -5.333048e-05 -5.804919e-05 1.587674e-05 -1.411912e-04
11570.200000 9.030277e-01 8.063787e-03 1.700379e-03 7.337075e-01 -5.679494e-05 -4.970677e-05 2.595519e-05 -1.464858e-04
11570.400000 9.061887e-01 8.140749e-03 1.664344e-03 7.294978e-01 -5.272418e-05 -4.155667e-05 2.927531e-05 -1.314158e-04
11570.600000 9.033835e-01 8.120186e-03 1.635731e-03 7.198862e-01 -5.676518e-05 -4.400828e-05 2.401009e-05 -1.449251e-04
11570.800000 9.036674e-01 8.156090e-03 1.626388e-03 7.138698e-01 -5.525525e-05 -4.899950e-05 1.605500e-05 -1.436552e-04
11571.000000 9.054980e-01 8.221165e-03 1.871526e-03 7.089525e-01 -5.427061e-05 -4.982387e-05 1.872505e-05 -1.359902e-04
11571.200000 9.028888e-01 8.227147e-03 1.927942e-03 7.019686e-01 -6.075097e-05 -4.625904e-05 2.016123e-05 -1.392726e-04
11571.400000 9.064480e-01 8.317223e-03 1.898301e-03 6.974783e-01 -5.468718e-05 -4.458076e-05 2.695457e-05 -1.328751e-04
11571.600000 9.060230e-01 8.325883e-03 1.830237e-03 6.937153e-01 -5.894477e-05 -4.419484e-05 2.540985e-05 -1.131714e-04
11571.800000 9.075059e-01 8.395461e-03 1.904007e-03 6.892087e-01 -5.805378e-05 -4.035347e-05 2.678770e-05 -9.949607e-05
11572.000000 9.062220e-01 8.408501e-03 1.938445e-03 6.832842e-01 -5.321684e-05 -5.289980e-05 1.983551e-05 -1.109731e-04
11572.200000 9.075501e-01 8.479117e-03 1.870621e-03 6.796561e-01 -4.283794e-05 -5.700382e-05 1.847712e-05 -1.083832e-04
11572.400000 9.096223e-01 8.540348e-03 1.951083e-03 6.781523e-01 -3.293225e-05 -5.522932e-05 1.310089e-05 -1.025436e-04
11572.600000 9.034560e-01 8.476230e-03 1.957531e-03 6.688280e-01 -3.447428e-05 -6.611543e-05 1.714364e-05 -1.052638e-04
11572.800000 8.973023e-01 8.404719e-03 1.947711e-03 6.594008e-01 -3.297457e-05 -6.037822e-05 1.491432e-05 -1.082265e-04
11573.000000 9.003359e-01 8.472731e-03 1.941365e-03 6.590241e-01 -3.464040e-05 -5.669941e-05 2.012087e-05 -1.077729e-04
11573.200000 8.995537e-01 8.489903e-03 1.929969e-03 6.546200e-01 -4.008735e-05 -5.466550e-05 2.030899e-05 -1.124474e-04
11573.400000 9.006217e-01 8.521449e-03 2.009989e-03 6.526594e-01 -3.394694e-05 -5.647398e-05 2.158747e-05 -1.160081e-04
11573.600000 8.927163e-01 8.445226e-03 2.068265e-03 6.432812e-01 -3.277388e-05 -5.043259e-05 2.311310e-05 -1.171957e-04
11573.800000 9.055655e-01 8.637633e-03 2.017452e-03 6.508875e-01 -2.815085e-05 -5.021002e-05 2.616022e-05 -9.904396e-05
11574.000000 8.996279e-01 8.548032e-03 2.010749e-03 6.434882e-01 -2.910544e-05 -4.909587e-05 2.076000e-05 -1.112409e-04
11574.200000 9.009242e-01 8.631103e-03 2.023007e-03 6.420873e-01 -2.645598e-05 -5.907630e-05 2.182324e-05 -1.167935e-04
11574.400000 8.957071e-01 8.549418e-03 1.994949e-03 6.370026e-01 -2.472311e-05 -5.253667e-05 1.954395e-05 -1.082917e-04
11574.600000 8.982906e-01 8.609128e-03 2.003248e-03 6.356269e-01 -4.575223e-05 -4.905734e-05 1.776543e-05 -1.049280e-04
11574.800000 9.109396e-01 8.797978e-03 2.108925e-03 6.448106e-01 -4.749058e-05 -4.767692e-05 1.564035e-05 -9.910244e-05
11575.000000 8.978833e-01 8.608263e-03 2.130262e-03 6.342030e-01 -5.415655e-05 -4.764467e-05 6.951689e-06 -1.078846e-04
11575.200000 9.046142e-01 8.729726e-03 2.041174e-03 6.365445e-01 -5.515060e-05 -5.756649e-05 1.428126e-05 -1.077214e-04
11575.400000 8.994156e-01 8.649337e-03 2.102493e-03 6.328393e-01 -5.639404e-05 -6.097419e-05 1.531400e-05 -1.093139e-04
11575.600000 8.963655e-01 8.616810e-03 2.116811e-03 6.281877e-01 -5.590611e-05 -5.348329e-05 1.385381e-05 -1.091265e-04
11575.800000 9.000603e-01 8.697470e-03 2.099580e-03 6.322226e-01 -5.099636e-05 -5.316900e-05 9.587676e-06 -1.102249e-04
11576.000000 8.993298e-01 8.683071e-03 2.115694e-03 6.308326e-01 -4.955228e-05 -5.631055e-05 1.609109e-05 -1.147411e-04
11576.200000 9.041884e-01 8.754057e-03 2.091375e-03 6.336734e-01 -5.945325e-05 -5.246478e-05 2.154325e-05 -1.079848e-04
11576.400000 8.925590e-01 8.572150e-03 2.007604e-03 6.237326e-01 -5.019171e-05 -3.689532e-05 1.386492e-05 -1.258285e-04
11576.600000 8.974593e-01 8.669260e-03 2.094756e-03 6.285772e-01 -4.294156e-05 -4.088016e-05 1.884053e-05 -1.256747e-04
11576.800000 9.014154e-01 8.740967e-03 2.097048e-03 6.294225e-01 -3.715758e-05 -4.122778e-05 1.567131e-05 -1.056249e-04
11577.000000 9.044989e-01 8.806686e-03 2.141029e-03 6.327445e-01 -3.984972e-05 -3.228621e-05 9.274057e-06 -1.089034e-04
11577.200000 8.938382e-01 8.619731e-03 2.055066e-03 6.240132e-01 -4.549935e-05 -3.857673e-05 3.770967e-07 -1.167859e-04
11577.400000 9.023609e-01 8.781959e-03 2.100675e-03 6.291307e-01 -4.290774e-05 -5.274654e-05 5.594107e-06 -1.122979e-04
11577.600000 9.014301e-01 8.743672e-03 2.090830e-03 6.261252e-01 -3.718345e-05 -4.998609e-05 3.419778e-06 -1.195825e-04
11577.800000 9.038675e-01 8.794589e-03 2.218699e-03 6.287662e-01 -3.664147e-05 -4.583542e-05 -1.952310e-06 -1.176533e-04
11578.000000 9.019648e-01 8.768774e-03 1.988266e-03 6.290235e-01 -3.735642e-05 -5.102028e-05 -3.053435e-06 -1.206259e-04
11578.200000 9.027138e-01 8.786332e-03 2.070086e-03 6.281436e-01 -5.014495e-05 -4.854651e-05 8.956244e-07 -1.301428e-04
11578.400000 8.991356e-01 8.752622e-03 1.980089e-03 6.280316e-01 -4.191641e-05 -5.070070e-05 7.168436e-06 -1.266996e-04
11578.600000 8.960220e-01 8.658369e-03 1.925933e-03 6.226863e-01 -4.156557e-05 -5.183142e-05 1.032871e-05 -1.266932e-04
11578.800000 9.020708e-01 8.763376e-03 2.165604e-03 6.292267e-01 -4.640903e-05 -5.339121e-05 1.982704e-05 -1.177496e-04
11579.000000 8.956221e-01 8.661092e-03 2.047923e-03 6.237076e-01 -4.265182e-05 -5.767194e-05 1.487244e-05 -1.260693e-04
11579.200000 8.899185e-01 8.577188e-03 1.895308e-03 6.191190e-01 -3.734092e-05 -5.063269e-05 1.904406e-05 -1.178460e-04
11579.400000 8.941634e-01 8.686234e-03 1.969785e-03 6.242958e-01 -4.830952e-05 -5.744455e-05 1.058742e-05 -1.113038e-04
11579.600000 9.046179e-01 8.812381e-03 2.075994e-03 6.306128e-01 -5.025502e-05 -6.175333e-05 3.122930e-06 -1.199712e-04
11579.800000 8.941716e-01 8.626591e-03 1.917811e-03 6.235169e-01 -4.727378e-05 -5.437764e-05 9.150594e-06 -1.185582e-04
11580.000000 9.098847e-01 8.891001e-03 1.958789e-03 6.357617e-01 -5.010301e-05 -5.547908e-05 1.293620e-05 -1.258701e-04
11580.200000 9.041685e-01 8.797629e-03 2.044112e-03 6.324247e-01 -5.265254e-05 -5.408445e-05 1.533376e-05 -1.287099e-04
11580.400000 8.951446e-01 8.646421e-03 1.920469e-03 6.257033e-01 -5.386078e-05 -5.641676e-05 1.809841e-05 -1.287354e-04
11580.600000 9.029258e-01 8.783684e-03 1.946417e-03 6.308820e-01 -5.244697e-05 -5.176467e-05 2.753387e-05 -1.226948e-04
11580.800000 8.985449e-01 8.745321e-03 2.060349e-03 6.299138e-01 -5.019895e-05 -5.290412e-05 2.751505e-05 -1.265644e-04
11581.000000 9.021810e-01 8.732313e-03 1.988853e-03 6.303349e-01 -5.442817e-05 -4.869314e-05 9.166063e-06 -1.319805e-04
11581.200000 8.924501e-01 8.630768e-03 1.899897e-03 6.271598e-01 -5.773169e-05 -4.760806e-05 2.108848e-05 -1.224753e-04
11581.400000 9.016876e-01 8.804188e-03 2.021301e-03 6.320592e-01 -5.076451e-05 -5.347125e-05 2.627264e-05 -1.169213e-04
11581.600000 8.911621e-01 8.614092e-03 2.069175e-03 6.243043e-01 -4.955207e-05 -4.525560e-05 2.524118e-05 -1.168987e-04
11581.800000 8.976851e-01 8.722272e-03 1.958169e-03 6.293783e-01 -5.114356e-05 -5.032387e-05 2.361274e-05 -1.112978e-04
11582.000000 9.097030e-01 8.966040e-03 2.027285e-03 6.377005e-01 -5.750590e-05 -4.787614e-05 1.243045e-05 -1.191427e-04
11582.200000 9.029829e-01 8.827492e-03 2.142412e-03 6.339142e-01 -5.929131e-05 -4.677556e-05 9.160531e-06 -1.164789e-04
11582.400000 8.877342e-01 8.539067e-03 1.979445e-03 6.201348e-01 -5.297682e-05 -5.333728e-05 8.208905e-06 -1.077614e-04
11582.600000 9.097557e-01 8.911709e-03 2.188381e-03 6.404176e-01 -5.914262e-05 -4.553405e-05 6.355901e-06 -1.226488e-04
11582.800000 9.077239e-01 8.880357e-03 2.003791e-03 6.404448e-01 -5.889782e-05 -4.993484e-05 1.165701e-05 -1.068147e-04
11583.000000 8.982963e-01 8.711714e-03 2.062068e-03 6.317681e-01 -6.477351e-05 -5.068722e-05 -1.036935e-06 -1.045547e-04
11583.200000 8.989488e-01 8.732920e-03 2.059603e-03 6.336335e-01 -6.194543e-05 -5.813266e-05 1.202979e-05 -9.562624e-05
11583.400000 9.088348e-01 8.919975e-03 2.170265e-03 6.417723e-01 -5.689642e-05 -6.127334e-05 3.809331e-06 -9.682015e-05
11583.600000 9.043266e-01 8.827263e-03 2.065232e-03 6.358198e-01 -5.279562e-05 -5.888331e-05 8.337559e-06 -9.309404e-05
11583.800000 9.057138e-01 8.823741e-03 2.102438e-03 6.389525e-01 -5.610790e-05 -6.488719e-05 1.732661e-05 -8.472808e-05
11584.000000 8.947677e-01 8.650458e-03 2.103399e-03 6.310518e-01 -4.983844e-05 -6.129133e-05 1.341286e-05 -9.656478e-05
11584.200000 9.096519e-01 8.885412e-03 2.164621e-03 6.429528e-01 -3.769825e-05 -5.855562e-05 8.421633e-06 -9.462813e-05
11584.400000 8.957031e-01 8.738926e-03 2.132609e-03 6.343867e-01 -4.653148e-05 -6.540532e-05 -3.239141e-06 -9.567407e-05
11584.600000 9.032108e-01 8.773596e-03 2.194167e-03 6.351772e-01 -5.260398e-05 -6.419464e-05 5.445135e-06 -9.280367e-05
11584.800000 8.899592e-01 8.618428e-03 2.083386e-03 6.288171e-01 -4.903448e-05 -6.197646e-05 1.509307e-05 -8.926694e-05
11585.000000 9.039257e-01 8.830716e-03 2.219038e-03 6.388750e-01 -4.324304e-05 -7.368908e-05 1.560977e-05 -8.968969e-05
11585.200000 9.031835e-01 8.842530e-03 2.241086e-03 6.385275e-01 -4.225030e-05 -6.601331e-05 2.195201e-05 -9.511903e-05
11585.400000 8.740514e-01 8.490206e-03 1.975673e-03 6.150181e-01 -5.039807e-05 -6.691117e-05 1.775296e-05 -8.936619e-05
11585.600000 9.035697e-01 8.774587e-03 2.153482e-03 6.370337e-01 -5.096865e-05 -7.259088e-05 3.156482e-05 -9.011671e-05
11585.800000 8.939807e-01 8.674974e-03 2.160014e-03 6.314517e-01 -4.635351e-05 -6.440524e-05 1.759499e-05 -1.024760e-04
11586.000000 9.032222e-01 8.787641e-03 2.171647e-03 6.395966e-01 -4.487805e-05 -6.978222e-05 9.992566e-06 -8.326681e-05
11586.200000 9.087560e-01 8.911092e-03 2.189991e-03 6.446196e-01 -4.872018e-05 -6.382098e-05 8.264597e-06 -8.607838e-05
11586.400000 8.917548e-01 8.691496e-03 2.305102e-03 6.307190e-01 -3.704398e-05 -6.505812e-05 -3.753677e-06 -8.835866e-05
11586.600000 9.065199e-01 8.811650e-03 2.213604e-03 6.437383e-01 -4.130757e-05 -5.979388e-05 9.623978e-06 -9.147197e-05
11586.800000 8.801684e-01 8.527139e-03 2.127739e-03 6.236310e-01 -4.501338e-05 -4.641368e-05 9.215763e-06 -9.131569e-05
11587.000000 9.070487e-01 8.849901e-03 2.186540e-03 6.430080e-01 -5.146504e-05 -4.682781e-05 8.813517e-06 -9.079732e-05
11587.200000 8.994327e-01 8.737921e-03 2.235304e-03 6.388019e-01 -4.437244e-05 -4.601693e-05 9.448706e-06 -9.746028e-05
11587.400000 9.044401e-01 8.799144e-03 2.167913e-03 6.423747e-01 -5.094974e-05 -4.706291e-05 3.638150e-06 -1.032319e-04
11587.600000 8.952889e-01 8.722739e-03 2.003154e-03 6.378044e-01 -5.425412e-05 -5.315721e-05 1.062164e-05 -8.855829e-05
11587.800000 9.027585e-01 8.847609e-03 2.251963e-03 6.428791e-01 -5.796316e-05 -5.955705e-05 7.441706e-06 -8.776078e-05
11588.000000 8.883068e-01 8.632860e-03 2.180891e-03 6.319140e-01 -5.536548e-05 -6.227636e-05 1.801289e-05 -1.173601e-04
11588.200000 9.079145e-01 8.897091e-03 2.119873e-03 6.468003e-01 -5.747921e-05 -5.735170e-05 1.158955e-05 -1.138481e-04
11588.400000 8.917697e-01 8.653085e-03 2.148657e-03 6.321016e-01 -5.305494e-05 -5.927229e-05 3.257302e-05 -1.075204e-04
11588.600000 8.996224e-01 8.726433e-03 2.124838e-03 6.387645e-01 -4.732989e-05 -5.396431e-05 1.640524e-05 -1.200693e-04
11588.800000 8.615164e-01 8.214990e-03 1.991622e-03 6.129455e-01 -5.370214e-05 -5.467986e-05 2.175065e-05 -1.181874e-04
11589.000000 9.073994e-01 8.831489e-03 2.125121e-03 6.479683e-01 -5.595773e-05 -5.447124e-05 3.188895e-05 -1.088696e-04
11589.200000 9.018593e-01 8.821679e-03 2.129703e-03 6.440687e-01 -4.637572e-05 -4.165788e-05 3.330492e-05 -1.020740e-04
11589.400000 8.907115e-01 8.683616e-03 2.085883e-03 6.361282e-01 -5.129224e-05 -4.878650e-05 3.637825e-05 -1.004974e-04
11589.600000 9.033318e-01 8.817985e-03 2.086052e-03 6.437548e-01 -4.981044e-05 -5.209419e-05 2.817139e-05 -1.038105e-04
11589.800000 8.962087e-01 8.694521e-03 2.065500e-03 6.403280e-01 -4.472623e-05 -5.499682e-05 1.474896e-05 -1.077952e-04
11590.000000 8.884056e-01 8.580431e-03 2.122785e-03 6.329183e-01 -3.596383e-05 -5.553349e-05 1.693777e-05 -1.142181e-04
11590.200000 9.025119e-01 8.981198e-03 2.337689e-03 6.462159e-01 -3.818540e-05 -5.260153e-05 9.139780e-06 -1.138233e-04
11590.400000 9.040748e-01 8.788022e-03 2.098089e-03 6.423250e-01 -4.625021e-05 -5.466717e-05 1.872275e-05 -1.190411e-04
11590.600000 8.855667e-01 8.653095e-03 2.181216e-03 6.306337e-01 -4.373954e-05 -5.626974e-05 1.917700e-05 -1.101452e-04
11590.800000 8.989770e-01 8.787973e-03 1.966332e-03 6.414153e-01 -5.256440e-05 -5.917582e-05 1.843849e-05 -1.274914e-04
11591.000000 8.894094e-01 8.606180e-03 2.087442e-03 6.352768e-01 -5.657518e-05 -5.345743e-05 1.216688e-05 -1.182864e-04
11591.200000 8.894648e-01 8.605017e-03 2.103220e-03 6.364279e-01 -5.988847e-05 -5.250605e-05 8.681695e-06 -1.124449e-04
11591.400000 9.017121e-01 8.772515e-03 2.018428e-03 6.466412e-01 -6.259446e-05 -6.248700e-05 1.177171e-05 -1.183278e-04
11591.600000 8.940142e-01 8.817262e-03 1.879675e-03 6.403537e-01 -5.581455e-05 -5.968365e-05 -1.173080e-05 -1.128677e-04
11591.800000 8.977828e-01 8.774763e-03 1.913061e-03 6.417026e-01 -5.451808e-05 -5.880360e-05 1.078484e-06 -1.164094e-04
11592.000000 8.948418e-01 8.720684e-03 1.988627e-03 6.398733e-01 -4.915623e-05 -5.440096e-05 -6.340349e-06 -1.179312e-04
11592.200000 8.856795e-01 8.534177e-03 1.964080e-03 6.338496e-01 -5.174809e-05 -5.952520e-05 -2.076964e-06 -1.215513e-04
11592.400000 8.936226e-01 8.698791e-03 1.926486e-03 6.389164e-01 -4.847820e-05 -5.046609e-05 7.665287e-06 -1.137755e-04
11592.600000 8.886631e-01 8.624691e-03 1.885967e-03 6.357134e-01 -5.181313e-05 -4.673279e-05 9.521573e-06 -1.190050e-04
11592.800000 8.964436e-01 8.764134e-03 1.852301e-03 6.425648e-01 -4.822482e-05 -3.853868e-05 7.818032e-06 -1.124251e-04
11593.000000 8.824842e-01 8.621750e-03 1.878021e-03 6.316851e-01 -5.152948e-05 -4.511881e-05 1.237524e-05 -1.004794e-04
11593.200000 8.965249e-01 8.670955e-03 1.819749e-03 6.432866e-01 -5.320665e-05 -4.505515e-05 1.162112e-05 -1.275552e-04
11593.400000 8.908544e-01 8.722649e-03 1.848299e-03 6.391978e-01 -5.813332e-05 -4.215017e-05 1.362397e-05 -1.244416e-04
11593.600000 8.963303e-01 8.711457e-03 1.753633e-03 6.428320e-01 -5.887379e-05 -6.048816e-05 6.372052e-06 -1.291443e-04
11593.800000 9.059184e-01 8.907696e-03 1.881176e-03 6.522959e-01 -4.890840e-05 -6.276614e-05 6.714047e-06 -1.182799e-04
11594.000000 9.078526e-01 8.847094e-03 1.837549e-03 6.517960e-01 -4.538392e-05 -4.642522e-05 1.248547e-05 -1.152561e-04
11594.200000 8.893413e-01 8.680769e-03 1.737780e-03 6.384796e-01 -5.166262e-05 -5.340615e-05 1.920517e-05 -1.011037e-04
11594.400000 8.967278e-01 8.716738e-03 1.859050e-03 6.450682e-01 -6.012085e-05 -5.071938e-05 2.047140e-05 -1.142419e-04
11594.600000 8.911643e-01 8.701085e-03 1.884239e-03 6.382607e-01 -5.274639e-05 -4.791050e-05 2.212501e-05 -1.113113e-04
11594.800000 9.130215e-01 9.018912e-03 1.884059e-03 6.546841e-01 -6.086314e-05 -4.238588e-05 1.559837e-05 -1.124655e-04
11595.000000 9.001725e-01 8.809446e-03 1.719120e-03 6.463820e-01 -5.515460e-05 -3.503776e-05 9.168789e-06 -1.318677e-04
11595.200000 9.051555e-01 8.856692e-03 1.928703e-03 6.501544e-01 -5.912867e-05 -3.746101e-05 1.227133e-05 -1.293565e-04
11595.400000 8.814964e-01 8.554058e-03 1.873103e-03 6.341361e-01 -5.103264e-05 -3.859290e-05 2.064497e-05 -1.299718e-04
11595.600000 9.068775e-01 8.904846e-03 1.940663e-03 6.546958e-01 -5.688307e-05 -3.852759e-05 2.605883e-05 -1.303353e-04
11595.800000 8.937188e-01 8.712917e-03 1.846134e-03 6.449373e-01 -5.385638e-05 -3.782824e-05 2.553177e-05 -1.488422e-04
11596.000000 9.061793e-01 8.907980e-03 1.858918e-03 6.503855e-01 -5.525818e-05 -3.295756e-05 1.519126e-05 -1.407951e-04
11596.200000 8.981554e-01 8.810090e-03 1.881270e-03 6.454868e-01 -5.473818e-05 -3.847604e-05 1.106396e-05 -1.399193e-04
11596.400000 8.996971e-01 8.770772e-03 1.829917e-03 6.477213e-01 -6.388683e-05 -4.583469e-05 3.439638e-05 -1.290159e-04
11596.600000 8.974889e-01 8.744516e-03 1.862218e-03 6.472172e-01 -5.714389e-05 -3.770634e-05 3.253657e-05 -1.374222e-04
11596.800000 8.932454e-01 8.731214e-03 1.940564e-03 6.469304e-01 -5.466685e-05 -4.298942e-05 3.890473e-05 -1.345596e-04
11597.000000 8.938640e-01 8.718436e-03 1.956808e-03 6.453144e-01 -5.374693e-05 -4.458647e-05 4.792763e-05 -1.256305e-04
11597.700000 8.960307e-01 8.763824e-03 1.990319e-03 6.473531e-01 -5.235556e-05 -3.842424e-05 3.005230e-05 -1.091026e-04
11598.400000 8.929388e-01 8.725061e-03 1.970048e-03 6.471735e-01 -4.302864e-05 -3.738302e-05 3.026995e-05 -1.172745e-04
11599.100000 8.949341e-01 8.756810e-03 1.963930e-03 6.484213e-01 -4.483933e-05 -3.875693e-05 2.851041e-05 -1.254542e-04
11599.800000 8.979053e-01 8.799463e-03 1.962429e-03 6.510569e-01 -4.950688e-05 -4.177994e-05 2.179512e-05 -1.273596e-04
11600.500000 8.963125e-01 8.771408e-03 1.985955e-03 6.505855e-01 -5.105765e-05 -4.161332e-05 1.218570e-05 -1.272192e-04
11601.200000 8.902267e-01 8.674312e-03 2.035463e-03 6.463227e-01 -4.856895e-05 -4.448988e-05 1.218931e-05 -1.262227e-04
11601.900000 8.933705e-01 8.704816e-03 2.089432e-03 6.514854e-01 -4.616263e-05 -4.926791e-05 8.339333e-06 -1.382587e-04
11602.600000 8.924484e-01 8.694669e-03 2.050101e-03 6.500696e-01 -4.536314e-05 -5.067145e-05 1.781931e-05 -1.327386e-04
11603.300000 8.944480e-01 8.743120e-03 2.060454e-03 6.523608e-01 -4.114056e-05 -4.650353e-05 2.633964e-05 -1.326571e-04
11604.993695 8.947082e-01 8.775861e-03 2.088896e-03 6.554815e-01 -3.950437e-05 -3.796288e-05 3.664750e-05 -1.225215e-04
11605.999583 8.985334e-01 8.835958e-03 2.163342e-03 6.595938e-01 -3.512281e-05 -3.236549e-05 2.964869e-05 -1.188771e-04
11607.017662 8.935468e-01 8.789600e-03 2.074091e-03 6.570595e-01 -4.454714e-05 -4.072935e-05 3.431392e-05 -1.217487e-04
11608.047933 8.962067e-01 8.816710e-03 2.154900e-03 6.602924e-01 -4.181978e-05 -3.232149e-05 2.592950e-05 -1.162145e-04
11609.090396 8.955526e-01 8.811344e-03 2.190800e-03 6.604696e-01 -4.245021e-05 -4.797917e-05 1.900477e-05 -1.226127e-04
11610.145051 8.929718e-01 8.785096e-03 2.160268e-03 6.601613e-01 -4.239395e-05 -5.166574e-05 2.360080e-05 -1.297558e-04
11611.211898 8.963224e-01 8.826092e-03 2.128592e-03 6.638846e-01 -4.686139e-05 -5.456529e-05 2.303432e-05 -1.363744e-04
11612.290937 8.912416e-01 8.774412e-03 2.024175e-03 6.618851e-01 -5.116455e-05 -5.854881e-05 2.418327e-05 -1.308994e-04
11613.382167 8.942772e-01 8.805679e-03 2.079535e-03 6.660311e-01 -4.377912e-05 -5.638378e-05 1.865674e-05 -1.314259e-04
11614.485590 8.936014e-01 8.814195e-03 2.022177e-03 6.663168e-01 -4.284808e-05 -6.739716e-05 2.517092e-05 -1.300207e-04
11615.601204 8.929973e-01 8.786904e-03 1.993656e-03 6.672263e-01 -3.589296e-05 -6.637942e-05 2.733848e-05 -1.344344e-04
11616.729011 8.923350e-01 8.805606e-03 1.963249e-03 6.679752e-01 -4.405634e-05 -6.800092e-05 3.510743e-05 -1.191180e-04
11617.869009 8.921422e-01 8.802005e-03 1.963251e-03 6.667423e-01 -3.608050e-05 -5.162432e-05 4.204916e-05 -1.100907e-04
11619.021199 8.929782e-01 8.844973e-03 1.962433e-03 6.674053e-01 -4.867720e-05 -5.535930e-05 3.443788e-05 -1.165165e-04
11620.185582 8.854932e-01 8.751854e-03 1.963063e-03 6.596875e-01 -4.495653e-05 -6.123134e-05 3.222033e-05 -1.208864e-04
11621.362156 8.918607e-01 8.859687e-03 1.954758e-03 6.626466e-01 -4.861012e-05 -5.729296e-05 3.046202e-05 -1.224153e-04
11622.550922 8.913427e-01 8.876879e-03 1.917652e-03 6.612466e-01 -5.291303e-05 -5.739790e-05 2.441726e-05 -1.284946e-04
11623.751879 8.928190e-01 8.912467e-03 1.940764e-03 6.598040e-01 -4.307856e-05 -6.070884e-05 2.402015e-05 -1.275374e-04
11624.965029 8.932176e-01 8.944119e-03 1.948853e-03 6.587081e-01 -4.103637e-05 -5.995088e-05 2.040754e-05 -1.233682e-04
11626.190371 8.921454e-01 8.961494e-03 1.963677e-03 6.563040e-01 -4.259972e-05 -6.825315e-05 2.158695e-05 -1.278685e-04
11627.427904 8.925005e-01 8.987652e-03 2.012994e-03 6.550187e-01 -4.105984e-05 -6.401542e-05 1.937840e-05 -1.305120e-04
11628.677630 8.895685e-01 8.962446e-03 2.038843e-03 6.526332e-01 -4.068288e-05 -6.007460e-05 1.358202e-05 -1.232648e-04
11629.939547 8.905459e-01 8.982719e-03 2.067117e-03 6.514700e-01 -4.056346e-05 -4.731314e-05 1.243703e-05 -1.194138e-04
11631.213657 8.912733e-01 9.051812e-03 2.082826e-03 6.500978e-01 -4.274403e-05 -3.846852e-05 1.397836e-05 -1.291877e-04
11632.499958 8.903352e-01 9.064086e-03 2.086078e-03 6.486986e-01 -4.016189e-05 -4.162635e-05 3.354803e-05 -1.272665e-04
11633.798451 8.912631e-01 9.089029e-03 2.119343e-03 6.481737e-01 -4.263528e-05 -4.548392e-05 3.735307e-05 -1.291231e-04
11635.109136 8.897757e-01 9.072060e-03 2.127121e-03 6.473451e-01 -4.626170e-05 -5.100628e-05 3.014841e-05 -1.245959e-04
11636.432013 8.890860e-01 9.080326e-03 2.150917e-03 6.462492e-01 -4.652188e-05 -5.385584e-05 2.385406e-05 -1.116890e-04
11637.767082 8.876542e-01 9.075807e-03 2.144971e-03 6.436975e-01 -3.772775e-05 -5.460666e-05 1.713912e-05 -1.091560e-04
11639.114342 8.901121e-01 9.137295e-03 2.177185e-03 6.468107e-01 -3.598685e-05 -4.728622e-05 2.421988e-05 -1.103677e-04
11640.473795 8.897951e-01 9.180537e-03 2.210924e-03 6.462944e-01 -4.672943e-05 -4.502419e-05 2.301951e-05 -1.071385e-04
11641.845440 8.883701e-01 9.182967e-03 2.236991e-03 6.445710e-01 -4.565404e-05 -4.261672e-05 2.562764e-05 -1.187722e-04
11643.229276 8.864099e-01 9.168155e-03 2.251597e-03 6.431273e-01 -5.121334e-05 -3.650517e-05 2.567442e-05 -1.207470e-04
11644.625305 8.896719e-01 9.230905e-03 2.310299e-03 6.467467e-01 -5.019694e-05 -3.482449e-05 1.460988e-05 -1.171241e-04
11646.033525 8.882203e-01 9.226899e-03 2.326775e-03 6.478132e-01 -5.119735e-05 -3.476668e-05 2.665304e-05 -1.114784e-04
11647.453937 8.858688e-01 9.221151e-03 2.304510e-03 6.457333e-01 -5.254899e-05 -3.599167e-05 3.418587e-05 -1.089455e-04
11648.886541 8.844574e-01 9.207782e-03 2.308137e-03 6.455012e-01 -5.009003e-05 -4.297479e-05 2.498551e-05 -1.182409e-04
11650.331337 8.831942e-01 9.191410e-03 2.319911e-03 6.434014e-01 -4.802314e-05 -4.440288e-05 2.988128e-05 -1.294241e-04
11651.788325 8.857770e-01 9.221313e-03 2.291948e-03 6.467104e-01 -4.559197e-05 -3.265309e-05 2.835624e-05 -1.267235e-04
11653.257505 8.847825e-01 9.247368e-03 2.268222e-03 6.471698e-01 -4.029216e-05 -3.541784e-05 2.507543e-05 -1.248226e-04
11654.738877 8.866499e-01 9.302394e-03 2.275133e-03 6.483445e-01 -4.949265e-05 -3.563785e-05 2.829587e-05 -1.204671e-04
11656.232440 8.846847e-01 9.267049e-03 2.236892e-03 6.489835e-01 -5.394994e-05 -4.269740e-05 2.392109e-05 -1.217745e-04
11657.738196 8.844872e-01 9.293900e-03 2.196210e-03 6.492351e-01 -5.296367e-05 -4.200240e-05 1.295234e-05 -1.256953e-04
11659.256143 8.843083e-01 9.307405e-03 2.221748e-03 6.490466e-01 -3.672634e-05 -3.776317e-05 1.311397e-05 -1.294396e-04
11660.786283 8.841044e-01 9.310654e-03 2.231009e-03 6.488052e-01 -3.928678e-05 -5.009483e-05 1.706776e-05 -1.240885e-04
11662.328614 8.827222e-01 9.314038e-03 2.182388e-03 6.463563e-01 -3.761043e-05 -4.305342e-05 1.586180e-05 -1.222987e-04
11663.883137 8.833395e-01 9.342406e-03 2.192803e-03 6.482268e-01 -4.773162e-05 -3.715527e-05 1.689397e-05 -1.197307e-04
11665.449852 8.828956e-01 9.330740e-03 2.191937e-03 6.484977e-01 -3.741364e-05 -3.768690e-05 1.521480e-05 -1.295725e-04
11667.028759 8.839298e-01 9.373168e-03 2.181850e-03 6.503729e-01 -3.457967e-05 -3.007856e-05 1.740241e-05 -1.294818e-04
11668.619858 8.825285e-01 9.358111e-03 2.174083e-03 6.500378e-01 -3.326827e-05 -2.943071e-05 2.060903e-05 -1.261955e-04
11670.223149 8.825333e-01 9.388055e-03 2.195588e-03 6.499975e-01 -4.237155e-05 -4.130350e-05 3.004515e-05 -1.217558e-04
11671.838632 8.806296e-01 9.373452e-03 2.229756e-03 6.485536e-01 -4.316281e-05 -4.686556e-05 3.026828e-05 -1.326264e-04
11673.466307 8.807951e-01 9.376101e-03 2.231292e-03 6.497155e-01 -3.904457e-05 -4.147612e-05 2.163130e-05 -1.348208e-04
11675.106173 8.809024e-01 9.399014e-03 2.246545e-03 6.505791e-01 -4.634468e-05 -4.863827e-05 3.211907e-05 -1.324937e-04
11676.758232 8.814897e-01 9.426581e-03 2.268585e-03 6.505691e-01 -4.705777e-05 -5.325551e-05 2.086805e-05 -1.340604e-04
11678.422482 8.779959e-01 9.398644e-03 2.238006e-03 6.512212e-01 -3.981790e-05 -5.414846e-05 2.690908e-05 -1.239201e-04
11680.098924 8.781485e-01 9.410366e-03 2.245114e-03 6.495566e-01 -4.560916e-05 -5.030475e-05 3.205176e-05 -1.416190e-04
11681.787558 8.790299e-01 9.436153e-03 2.196959e-03 6.513423e-01 -4.342727e-05 -5.429683e-05 3.245290e-05 -1.343752e-04
11683.488385 8.807784e-01 9.485773e-03 2.254669e-03 6.538203e-01 -3.432837e-05 -5.135104e-05 2.630138e-05 -1.278401e-04
11685.201403 8.770308e-01 9.448014e-03 2.257553e-03 6.510845e-01 -3.265112e-05 -5.694511e-05 2.606245e-05 -1.372442e-04
11686.926613 8.802834e-01 9.521413e-03 2.231123e-03 6.542587e-01 -3.443094e-05 -5.412763e-05 2.636856e-05 -1.350158e-04
11688.664014 8.778281e-01 9.512043e-03 2.250504e-03 6.528117e-01 -3.341079e-05 -4.932892e-05 1.908301e-05 -1.360503e-04
11690.413608 8.767470e-01 9.524980e-03 2.262418e-03 6.510652e-01 -2.821798e-05 -4.885751e-05 2.465057e-05 -1.286845e-04
11692.175394 8.769233e-01 9.547578e-03 2.225291e-03 6.514860e-01 -3.212613e-05 -5.544568e-05 2.162179e-05 -1.415013e-04
11693.949371 8.775243e-01 9.565455e-03 2.256501e-03 6.515260e-01 -3.310309e-05 -5.290316e-05 1.662932e-05 -1.377985e-04
11695.735541 8.771755e-01 9.559307e-03 2.256894e-03 6.508614e-01 -2.558923e-05 -5.541345e-05 1.760194e-05 -1.420096e-04
11697.533902 8.774406e-01 9.603876e-03 2.294879e-03 6.518721e-01 -2.049119e-05 -4.752695e-05 2.124916e-05 -1.360340e-04
11699.344455 8.760554e-01 9.609520e-03 2.328598e-03 6.503446e-01 -2.697714e-05 -4.000549e-05 2.506938e-05 -1.278931e-04
11701.167201 8.732385e-01 9.598996e-03 2.329968e-03 6.483164e-01 -3.192664e-05 -3.876843e-05 3.224381e-05 -1.303358e-04
11703.002138 8.708490e-01 9.590888e-03 2.390805e-03 6.478811e-01 -3.512177e-05 -4.217738e-05 2.726569e-05 -1.257382e-04
11704.849267 8.745868e-01 9.684763e-03 2.450286e-03 6.489212e-01 -3.529490e-05 -4.162844e-05 3.074739e-05 -1.366857e-04
11706.708588 8.730251e-01 9.687211e-03 2.463558e-03 6.482910e-01 -4.660614e-05 -4.697954e-05 3.359508e-05 -1.330892e-04
11708.580100 8.732151e-01 9.715007e-03 2.466828e-03 6.471446e-01 -4.698901e-05 -5.474437e-05 2.633705e-05 -1.227083e-04
11710.463805 8.733985e-01 9.735630e-03 2.445680e-03 6.477051e-01 -5.226451e-05 -4.504151e-05 3.203841e-05 -1.308841e-04
11712.359702 8.737817e-01 9.744769e-03 2.431762e-03 6.477217e-01 -4.104082e-05 -4.216471e-05 3.112647e-05 -1.314958e-04
11714.267790 8.729621e-01 9.766848e-03 2.458078e-03 6.465823e-01 -3.678439e-05 -4.328673e-05 2.536974e-05 -1.293837e-04
11716.188071 8.714874e-01 9.769137e-03 2.476180e-03 6.459805e-01 -3.790651e-05 -4.406822e-05 2.801760e-05 -1.245528e-04
11718.120543 8.713503e-01 9.769095e-03 2.430570e-03 6.451034e-01 -3.770282e-05 -4.152094e-05 3.270162e-05 -1.246241e-04
11720.065207 8.713863e-01 9.815720e-03 2.401604e-03 6.452198e-01 -3.574692e-05 -5.317136e-05 2.990230e-05 -1.270992e-04
11722.022064 8.707645e-01 9.846472e-03 2.416369e-03 6.448588e-01 -2.911763e-05 -5.033863e-05 2.499432e-05 -1.262405e-04
11723.991112 8.710358e-01 9.872592e-03 2.385131e-03 6.453356e-01 -3.526968e-05 -5.013734e-05 3.027603e-05 -1.222659e-04
11725.972352 8.706165e-01 9.881177e-03 2.388740e-03 6.443467e-01 -3.523163e-05 -5.263737e-05 3.034842e-05 -1.126798e-04
11727.965784 8.703930e-01 9.900000e-03 2.401374e-03 6.440780e-01 -3.330699e-05 -5.984999e-05 3.786492e-05 -1.053348e-04
11729.971407 8.675176e-01 9.902353e-03 2.409448e-03 6.439554e-01 -4.587336e-05 -5.195674e-05 3.495367e-05 -1.129636e-04
11731.989223 8.655358e-01 9.907895e-03 2.446976e-03 6.405293e-01 -4.561537e-05 -4.869828e-05 3.277401e-05 -1.050131e-04
11734.019231 8.647295e-01 9.921704e-03 2.403556e-03 6.415507e-01 -4.917242e-05 -5.722959e-05 3.412077e-05 -1.020214e-04
11736.061430 8.675489e-01 9.980481e-03 2.378465e-03 6.444076e-01 -4.672397e-05 -5.384072e-05 4.094194e-05 -1.093246e-04
11738.115822 8.671441e-01 9.998745e-03 2.421660e-03 6.441891e-01 -5.246996e-05 -5.888897e-05 3.598262e-05 -1.138140e-04
11740.182405 8.676990e-01 1.002354e-02 2.419254e-03 6.440325e-01 -5.865747e-05 -5.936461e-05 3.015864e-05 -1.162393e-04
11742.261180 8.670686e-01 1.004517e-02 2.448746e-03 6.439530e-01 -6.457527e-05 -5.491325e-05 1.653081e-05 -1.149803e-04
11744.352148 8.667684e-01 1.007137e-02 2.439883e-03 6.444511e-01 -4.999562e-05 -6.254564e-05 1.685776e-05 -1.184961e-04
11746.455307 8.661754e-01 1.007619e-02 2.401245e-03 6.434660e-01 -5.246239e-05 -6.576772e-05 1.356369e-05 -1.249718e-04
11748.570658 8.648619e-01 1.008414e-02 2.412280e-03 6.443005e-01 -5.168904e-05 -5.701019e-05 2.189255e-05 -1.222830e-04
11750.698201 8.656866e-01 1.010374e-02 2.460668e-03 6.456347e-01 -5.179376e-05 -4.132218e-05 3.522667e-05 -1.188310e-04
11752.837935 8.655593e-01 1.013052e-02 2.417746e-03 6.461089e-01 -4.667308e-05 -3.413999e-05 3.107756e-05 -1.204240e-04
11754.989862 8.631709e-01 1.010886e-02 2.395190e-03 6.437782e-01 -5.085513e-05 -3.648768e-05 2.053209e-05 -1.114408e-04
11757.153981 8.632460e-01 1.014881e-02 2.419108e-03 6.436235e-01 -5.706436e-05 -3.694015e-05 2.042412e-05 -1.161931e-04
11759.330291 8.641225e-01 1.019478e-02 2.446379e-03 6.450075e-01 -5.024405e-05 -4.456401e-05 2.769435e-05 -1.246466e-04
11761.518794 8.627695e-01 1.019309e-02 2.482012e-03 6.478683e-01 -3.868565e-05 -4.285583e-05 2.372705e-05 -1.163218e-04
11763.719488 8.617837e-01 1.021572e-02 2.540109e-03 6.449013e-01 -4.273557e-05 -3.845089e-05 2.372600e-05 -1.221286e-04
11765.932374 8.612245e-01 1.022414e-02 2.571611e-03 6.457283e-01 -4.367718e-05 -4.715728e-05 2.078064e-05 -1.152064e-04
11768.157453 8.619298e-01 1.025603e-02 2.565231e-03 6.475994e-01 -4.560544e-05 -5.072874e-05 2.599569e-05 -1.100577e-04
11770.394723 8.559666e-01 1.019996e-02 2.586204e-03 6.417700e-01 -4.391655e-05 -5.395074e-05 2.501876e-05 -1.165484e-04
11772.644185 8.513275e-01 1.018027e-02 2.580534e-03 6.386747e-01 -4.112593e-05 -5.466986e-05 1.381217e-05 -1.204198e-04
11774.905838 8.573117e-01 1.027751e-02 2.645423e-03 6.438423e-01 -3.532975e-05 -4.767503e-05 2.045751e-05 -1.191615e-04
11777.179684 8.602497e-01 1.034202e-02 2.670826e-03 6.457974e-01 -2.585724e-05 -4.589191e-05 2.123388e-05 -1.265656e-04
11779.465722 8.594191e-01 1.035784e-02 2.700594e-03 6.458948e-01 -2.537731e-05 -4.481834e-05 2.746384e-05 -1.293064e-04
11781.763952 8.591352e-01 1.039446e-02 2.669353e-03 6.464138e-01 -3.308915e-05 -4.615960e-05 2.292536e-05 -1.238270e-04
11784.074373 8.574553e-01 1.038286e-02 2.661066e-03 6.455314e-01 -3.243041e-05 -5.060744e-05 1.410625e-05 -1.281356e-04
11786.396987 8.582170e-01 1.042167e-02 2.697250e-03 6.448192e-01 -3.024026e-05 -3.977925e-05 1.085259e-05 -1.323926e-04
11788.731792 8.572719e-01 1.044506e-02 2.758361e-03 6.444005e-01 -3.417556e-05 -3.589898e-05 1.736578e-05 -1.280064e-04
11791.078789 8.577296e-01 1.050102e-02 2.721775e-03 6.440422e-01 -3.731048e-05 -3.765246e-05 2.375893e-05 -1.221010e-04
11793.437978 8.556258e-01 1.050018e-02 2.700305e-03 6.430057e-01 -4.159976e-05 -2.990765e-05 2.077097e-05 -1.226430e-04
11795.809359 8.566365e-01 1.055026e-02 2.739807e-03 6.445284e-01 -3.953076e-05 -4.195406e-05 1.955458e-05 -1.208525e-04
11798.192932 8.537036e-01 1.053445e-02 2.705027e-03 6.427051e-01 -4.197080e-05 -4.152426e-05 2.303780e-05 -1.187766e-04
11800.588697 8.543513e-01 1.056676e-02 2.672492e-03 6.443858e-01 -4.188822e-05 -3.676868e-05 1.927323e-05 -1.201409e-04
11802.996654 8.551061e-01 1.061931e-02 2.682420e-03 6.454637e-01 -4.537600e-05 -4.425745e-05 1.092591e-05 -1.289755e-04
11805.416803 8.539035e-01 1.063788e-02 2.629235e-03 6.419336e-01 -4.308788e-05 -3.902936e-05 1.297285e-05 -1.209747e-04
11807.849143 8.521385e-01 1.062068e-02 2.637117e-03 6.407607e-01 -3.695481e-05 -3.372814e-05 1.644647e-05 -1.233908e-04
11810.293676 8.530714e-01 1.068441e-02 2.633867e-03 6.427713e-01 -4.270784e-05 -3.364493e-05 2.634545e-05 -1.325013e-04
11812.750400 8.527482e-01 1.069363e-02 2.619658e-03 6.427130e-01 -5.317357e-05 -4.104078e-05 1.969707e-05 -1.351530e-04
11815.219317 8.522154e-01 1.070750e-02 2.600439e-03 6.412248e-01 -5.743062e-05 -4.286957e-05 2.455172e-05 -1.316028e-04
11817.700425 8.482148e-01 1.067809e-02 2.600630e-03 6.378322e-01 -5.026488e-05 -5.077622e-05 2.597083e-05 -1.259776e-04
11820.193725 8.491539e-01 1.072131e-02 2.644205e-03 6.391902e-01 -4.261033e-05 -5.501784e-05 3.025817e-05 -1.341611e-04
11822.699217 8.510542e-01 1.079122e-02 2.709098e-03 6.411676e-01 -4.304306e-05 -5.298730e-05 3.313184e-05 -1.311281e-04
11825.216901 8.501237e-01 1.080780e-02 2.681788e-03 6.408687e-01 -4.778457e-05 -4.963043e-05 3.227745e-05 -1.176890e-04
11827.746777 8.472612e-01 1.080746e-02 2.694143e-03 6.400324e-01 -5.035863e-05 -4.858690e-05 2.190575e-05 -1.307199e-04
11830.288845 8.469873e-01 1.083752e-02 2.730516e-03 6.396190e-01 -4.313807e-05 -5.726486e-05 1.560830e-05 -1.321656e-04
11832.843105 8.488142e-01 1.091117e-02 2.836397e-03 6.401107e-01 -3.992336e-05 -4.561595e-05 2.099736e-05 -1.236261e-04
11835.409556 8.477581e-01 1.092436e-02 2.874294e-03 6.389603e-01 -3.076238e-05 -4.842939e-05 1.780534e-05 -1.253113e-04
11837.988200 8.469547e-01 1.094576e-02 2.871822e-03 6.405040e-01 -2.926097e-05 -5.480309e-05 1.150313e-05 -1.260744e-04
11840.579035 8.452703e-01 1.094006e-02 2.895626e-03 6.397317e-01 -2.708454e-05 -5.000927e-05 4.985324e-06 -1.315105e-04
11843.182062 8.463744e-01 1.099356e-02 2.934369e-03 6.387995e-01 -2.546814e-05 -5.059143e-05 2.152690e-06 -1.383930e-04
11845.797282 8.422198e-01 1.095578e-02 2.951343e-03 6.359244e-01 -2.668480e-05 -5.400544e-05 5.639884e-06 -1.338712e-04
11848.424693 8.420032e-01 1.099587e-02 2.961762e-03 6.378169e-01 -2.721522e-05 -6.118527e-05 2.400116e-05 -1.297764e-04
11851.064296 8.432371e-01 1.105033e-02 2.942820e-03 6.376870e-01 -2.973654e-05 -5.554517e-05 1.943437e-05 -1.309936e-04
11853.716091 8.429819e-01 1.108805e-02 2.947014e-03 6.381578e-01 -3.293573e-05 -5.379461e-05 3.368865e-05 -1.261846e-04
11856.380078 8.432017e-01 1.111170e-02 2.947848e-03 6.392520e-01 -2.861204e-05 -5.053931e-05 2.026386e-05 -1.274622e-04
11859.056256 8.426365e-01 1.113092e-02 2.927246e-03 6.376084e-01 -3.411858e-05 -5.020457e-05 1.423466e-05 -1.215202e-04
11861.744627 8.369232e-01 1.110057e-02 2.942654e-03 6.344399e-01 -3.363477e-05 -4.850408e-05 3.181936e-05 -1.197853e-04
11864.445190 8.369486e-01 1.114725e-02 2.980549e-03 6.351291e-01 -3.200486e-05 -4.976285e-05 3.042227e-05 -1.169846e-04
11867.157944 8.405448e-01 1.123778e-02 2.984159e-03 6.369054e-01 -4.550448e-05 -4.763557e-05 2.496176e-05 -1.224655e-04
11869.882891 8.380954e-01 1.122915e-02 3.008262e-03 6.363275e-01 -4.136889e-05 -5.553879e-05 3.083456e-05 -1.302080e-04
11872.620029 8.372020e-01 1.123784e-02 3.029877e-03 6.363134e-01 -3.373520e-05 -6.442370e-05 2.852410e-05 -1.309332e-04
11875.369359 8.387193e-01 1.129839e-02 3.017670e-03 6.367354e-01 -3.127113e-05 -6.716914e-05 3.765202e-05 -1.306933e-04
11878.130881 8.386772e-01 1.135763e-02 3.048194e-03 6.379782e-01 -3.435921e-05 -5.684494e-05 3.527178e-05 -1.280156e-04
11880.904595 8.288061e-01 1.124003e-02 3.021582e-03 6.318375e-01 -3.258164e-05 -5.682550e-05 3.309817e-05 -1.203803e-04
11883.690501 8.295987e-01 1.126742e-02 2.973709e-03 6.316251e-01 -3.095756e-05 -5.368584e-05 3.220176e-05 -1.157041e-04
11886.488599 8.354140e-01 1.137676e-02 2.989356e-03 6.358061e-01 -4.853697e-05 -5.418984e-05 3.225812e-05 -1.113256e-04
11889.298889 8.355016e-01 1.142863e-02 2.990365e-03 6.374558e-01 -4.376019e-05 -6.193580e-05 2.941605e-05 -1.104582e-04
11892.121371 8.356247e-01 1.145735e-02 2.980743e-03 6.371916e-01 -3.554278e-05 -6.297102e-05 3.407389e-05 -1.085913e-04
11894.956044 8.348365e-01 1.148600e-02 2.999604e-03 6.363896e-01 -2.343809e-05 -6.119860e-05 2.800952e-05 -1.179885e-04
11897.802910 8.333973e-01 1.149936e-02 3.001162e-03 6.371766e-01 -2.964294e-05 -5.770377e-05 2.029391e-05 -1.184320e-04
11900.661967 8.328464e-01 1.152074e-02 3.025512e-03 6.359130e-01 -4.578595e-05 -5.563202e-05 3.037365e-05 -1.123376e-04
11903.533217 8.329618e-01 1.155178e-02 3.056480e-03 6.370701e-01 -3.800816e-05 -5.942642e-05 3.031518e-05 -1.150797e-04
11906.416658 8.314997e-01 1.154980e-02 3.031797e-03 6.358529e-01 -3.224043e-05 -5.860214e-05 2.352285e-05 -1.186738e-04
11909.312291 8.322879e-01 1.161145e-02 3.125149e-03 6.368663e-01 -2.716866e-05 -5.525762e-05 2.513397e-05 -1.230185e-04
11912.220116 8.306935e-01 1.163435e-02 3.132804e-03 6.352956e-01 -3.495444e-05 -5.826625e-05 2.845452e-05 -1.307134e-04
11915.140133 8.294987e-01 1.166447e-02 3.162677e-03 6.345361e-01 -3.798921e-05 -5.893724e-05 2.963639e-05 -1.400619e-04
11918.072342 8.298113e-01 1.170084e-02 3.237577e-03 6.356464e-01 -3.470482e-05 -5.864804e-05 2.765210e-05 -1.443522e-04
11921.016743 8.295207e-01 1.172046e-02 3.268778e-03 6.348751e-01 -3.791464e-05 -5.334507e-05 3.448736e-05 -1.364766e-04
11923.973335 8.283062e-01 1.174805e-02 3.301559e-03 6.334811e-01 -2.523641e-05 -5.227061e-05 4.058137e-05 -1.297902e-04
11926.942120 8.283725e-01 1.179310e-02 3.300352e-03 6.335483e-01 -3.585021e-05 -5.739188e-05 4.702714e-05 -1.242160e-04
11929.923096 8.281046e-01 1.183399e-02 3.308796e-03 6.346520e-01 -3.267461e-05 -5.462569e-05 4.958566e-05 -1.226113e-04
11932.916265 8.259872e-01 1.183808e-02 3.283095e-03 6.326830e-01 -3.533671e-05 -5.515574e-05 4.187160e-05 -1.322829e-04
11935.921625 8.177682e-01 1.177827e-02 3.297106e-03 6.279264e-01 -4.773744e-05 -4.941154e-05 4.058061e-05 -1.264838e-04
11938.939177 8.215043e-01 1.186773e-02 3.315554e-03 6.316842e-01 -5.778716e-05 -3.302199e-05 5.031980e-05 -1.265371e-04
11941.968921 8.243947e-01 1.193838e-02 3.291310e-03 6.327921e-01 -6.278865e-05 -3.565113e-05 4.283862e-05 -1.323406e-04
11945.010858 8.239416e-01 1.196976e-02 3.296027e-03 6.327095e-01 -5.579147e-05 -4.946236e-05 2.989869e-05 -1.181231e-04
11948.064985 8.246631e-01 1.201388e-02 3.324946e-03 6.324101e-01 -4.945516e-05 -5.114808e-05 2.741650e-05 -1.162546e-04
11951.131305 8.233855e-01 1.202274e-02 3.354309e-03 6.316401e-01 -4.151088e-05 -4.747109e-05 3.217647e-05 -1.149728e-04
11954.209817 8.223060e-01 1.205383e-02 3.352814e-03 6.321526e-01 -3.940572e-05 -4.141063e-05 3.392900e-05 -1.204880e-04
11957.300521 8.222235e-01 1.211424e-02 3.358195e-03 6.326021e-01 -4.140269e-05 -4.080530e-05 4.194891e-05 -1.101625e-04
11960.403416 8.221986e-01 1.215102e-02 3.376518e-03 6.314766e-01 -3.422655e-05 -4.733858e-05 4.379781e-05 -1.124925e-04
11963.518504 8.204386e-01 1.215673e-02 3.413318e-03 6.300180e-01 -2.814579e-05 -5.226871e-05 3.918070e-05 -1.053372e-04
11966.645783 8.202378e-01 1.217701e-02 3.361796e-03 6.319335e-01 -3.404386e-05 -4.677958e-05 3.009638e-05 -1.129231e-04
11969.785255 8.199824e-01 1.221774e-02 3.439957e-03 6.309132e-01 -3.971159e-05 -3.558422e-05 3.161050e-05 -1.169920e-04
11972.936918 8.181779e-01 1.222426e-02 3.424654e-03 6.305002e-01 -3.349467e-05 -4.496830e-05 3.307952e-05 -1.091777e-04
11976.100773 8.192175e-01 1.229057e-02 3.434033e-03 6.301787e-01 -2.660109e-05 -4.818563e-05 2.582657e-05 -1.104998e-04
11979.276820 8.187349e-01 1.231832e-02 3.460896e-03 6.312103e-01 -3.788135e-05 -5.010510e-05 2.484086e-05 -1.082100e-04
11982.465059 8.162503e-01 1.230918e-02 3.426437e-03 6.295040e-01 -3.885945e-05 -4.800663e-05 2.820107e-05 -1.184155e-04
11985.665490 8.159933e-01 1.234935e-02 3.448280e-03 6.297412e-01 -3.899309e-05 -5.005982e-05 2.691551e-05 -1.179558e-04
11988.878112 8.161531e-01 1.238422e-02 3.450220e-03 6.297041e-01 -4.603714e-05 -4.925787e-05 2.615745e-05 -1.150784e-04
11992.102927 8.148010e-01 1.239326e-02 3.479344e-03 6.285608e-01 -5.243367e-05 -4.680973e-05 2.465312e-05 -1.207840e-04
11995.339934 8.143003e-01 1.244753e-02 3.493998e-03 6.301226e-01 -4.427452e-05 -4.498908e-05 2.318873e-05 -1.157552e-04
11998.589132 8.136832e-01 1.246367e-02 3.526202e-03 6.286939e-01 -4.241787e-05 -5.389360e-05 2.046231e-05 -1.126675e-04
12001.850523 8.134241e-01 1.253356e-02 3.567921e-03 6.279518e-01 -4.473228e-05 -6.014185e-05 2.019314e-05 -1.122438e-04
12005.124105 8.115762e-01 1.253470e-02 3.574387e-03 6.268379e-01 -3.795870e-05 -4.944863e-05 2.553573e-05 -1.150722e-04
12008.409879 8.114698e-01 1.257984e-02 3.601861e-03 6.276178e-01 -3.473005e-05 -3.930336e-05 2.358232e-05 -1.147531e-04
12011.707845 8.115319e-01 1.262497e-02 3.659008e-03 6.275316e-01 -3.347072e-05 -4.401172e-05 2.946085e-05 -1.131933e-04
12015.018003 8.104767e-01 1.266101e-02 3.726720e-03 6.274415e-01 -4.079330e-05 -5.282095e-05 1.991831e-05 -1.176170e-04
12018.340353 8.086232e-01 1.267154e-02 3.775666e-03 6.262468e-01 -4.322972e-05 -5.107985e-05 2.208877e-05 -1.160621e-04
12021.674895 8.090453e-01 1.272224e-02 3.763409e-03 6.275901e-01 -4.898026e-05 -4.570291e-05 1.347791e-05 -1.254671e-04
12025.021629 8.088260e-01 1.276520e-02 3.810954e-03 6.270458e-01 -4.670027e-05 -4.549551e-05 2.073703e-05 -1.276467e-04
12028.380554 8.075178e-01 1.277550e-02 3.816529e-03 6.269279e-01 -4.646190e-05 -4.346597e-05 1.988662e-05 -1.278146e-04
12031.751672 8.074151e-01 1.284017e-02 3.810762e-03 6.264120e-01 -4.096834e-05 -4.798734e-05 3.128372e-05 -1.259211e-04
12035.134982 8.070757e-01 1.289370e-02 3.800518e-03 6.277356e-01 -3.843213e-05 -5.475438e-05 2.656926e-05 -1.181352e-04
12038.530483 8.052335e-01 1.289600e-02 3.833241e-03 6.247076e-01 -3.689398e-05 -5.315195e-05 3.182687e-05 -1.085197e-04
12041.938176 8.048563e-01 1.293862e-02 3.856289e-03 6.263204e-01 -3.862033e-05 -4.873777e-05 3.338949e-05 -1.215076e-04
12045.358061 7.978155e-01 1.287360e-02 3.845899e-03 6.207294e-01 -4.067451e-05 -4.590426e-05 2.126427e-05 -1.256324e-04
12048.790139 7.928687e-01 1.283888e-02 3.820028e-03 6.166653e-01 -3.794150e-05 -5.235273e-05 1.520634e-05 -1.296579e-04
12052.234408 8.016429e-01 1.303661e-02 3.897493e-03 6.241654e-01 -3.851753e-05 -5.030065e-05 1.146081e-05 -1.293075e-04
12055.690868 8.020856e-01 1.310372e-02 3.916629e-03 6.247008e-01 -3.389798e-05 -4.409036e-05 2.824296e-05 -1.329395e-04
12059.159521 8.008827e-01 1.312912e-02 3.844406e-03 6.240047e-01 -3.255936e-05 -3.111471e-05 2.622555e-05 -1.262594e-04
12062.640366 8.013079e-01 1.318304e-02 3.904629e-03 6.246630e-01 -3.364572e-05 -3.562812e-05 1.782301e-05 -1.222344e-04
12066.133403 7.984880e-01 1.319396e-02 3.937282e-03 6.223824e-01 -4.334657e-05 -4.444046e-05 2.640534e-05 -1.232446e-04
12069.638631 7.989807e-01 1.323509e-02 3.947241e-03 6.245827e-01 -4.877431e-05 -3.516331e-05 2.146702e-05 -1.256454e-04
12073.156052 7.994193e-01 1.330652e-02 3.974136e-03 6.245145e-01 -4.335504e-05 -4.458187e-05 1.666858e-05 -1.245566e-04
12076.685664 7.971566e-01 1.330069e-02 3.959401e-03 6.216866e-01 -4.529060e-05 -5.881698e-05 1.043456e-05 -1.247099e-04
12080.227468 7.976588e-01 1.335881e-02 4.006012e-03 6.227327e-01 -5.243619e-05 -5.499784e-05 1.634105e-05 -1.145003e-04
12083.781465 7.947300e-01 1.337554e-02 4.014889e-03 6.207837e-01 -4.934428e-05 -5.077359e-05 1.295830e-05 -1.150443e-04
12087.347653 7.935672e-01 1.341745e-02 4.019419e-03 6.212334e-01 -5.265901e-05 -5.040095e-05 1.265546e-05 -1.297614e-04
12090.926033 7.956477e-01 1.349975e-02 4.066322e-03 6.220072e-01 -6.176618e-05 -4.270746e-05 2.111343e-05 -1.307495e-04
12094.516605 7.939163e-01 1.349872e-02 4.084986e-03 6.209803e-01 -6.004382e-05 -4.503623e-05 1.829105e-05 -1.354234e-04
12098.119369 7.937934e-01 1.354120e-02 4.163434e-03 6.206800e-01 -5.549678e-05 -4.712951e-05 2.944266e-05 -1.392321e-04
12101.734324 7.932140e-01 1.358713e-02 4.170782e-03 6.205572e-01 -4.316107e-05 -4.879563e-05 3.749344e-05 -1.269636e-04
12105.361472 7.915113e-01 1.362101e-02 4.171482e-03 6.200246e-01 -3.503401e-05 -5.067154e-05 2.489811e-05 -1.250118e-04
12109.000811 7.919139e-01 1.367964e-02 4.231013e-03 6.193572e-01 -3.158749e-05 -4.440605e-05 1.446136e-05 -1.275652e-04
12112.652343 7.894118e-01 1.366984e-02 4.232315e-03 6.190278e-01 -4.068635e-05 -4.619083e-05 1.082173e-05 -1.321978e-04
12116.316066 7.897849e-01 1.374345e-02 4.295433e-03 6.196165e-01 -3.803580e-05 -4.506933e-05 1.465989e-05 -1.277981e-04
12119.991982 7.898719e-01 1.378888e-02 4.297089e-03 6.206349e-01 -3.585621e-05 -3.465664e-05 4.606976e-06 -1.260850e-04
12123.680089 7.878177e-01 1.380071e-02 4.362878e-03 6.195196e-01 -5.072100e-05 -3.777401e-05 9.944670e-06 -1.231252e-04
12127.380388 7.880726e-01 1.387241e-02 4.373074e-03 6.192420e-01 -5.687024e-05 -4.040855e-05 2.035844e-05 -1.261811e-04
12131.092879 7.874355e-01 1.390429e-02 4.386613e-03 6.168388e-01 -5.696846e-05 -4.227020e-05 3.141998e-05 -1.223100e-04
12134.817562 7.868265e-01 1.392841e-02 4.430258e-03 6.180397e-01 -5.451425e-05 -4.517786e-05 2.192078e-05 -1.323708e-04
12138.554437 7.852325e-01 1.396500e-02 4.452593e-03 6.181536e-01 -4.843638e-05 -4.366246e-05 1.945609e-05 -1.298387e-04
12142.303503 7.842255e-01 1.400659e-02 4.452382e-03 6.166254e-01 -4.688590e-05 -5.149762e-05 1.309829e-05 -1.302029e-04
12146.064762 7.851186e-01 1.408797e-02 4.483586e-03 6.180162e-01 -5.145949e-05 -5.135690e-05 2.366206e-05 -1.315093e-04
12149.838213 7.828788e-01 1.410766e-02 4.483710e-03 6.172031e-01 -6.006307e-05 -4.266489e-05 2.607807e-05 -1.350632e-04
12153.623855 7.825067e-01 1.414786e-02 4.523942e-03 6.165435e-01 -5.443224e-05 -4.526637e-05 2.598163e-05 -1.249132e-04
12157.421689 7.817498e-01 1.420108e-02 4.527660e-03 6.175883e-01 -4.379764e-05 -5.419887e-05 1.629781e-05 -1.178770e-04
12161.231716 7.805070e-01 1.425377e-02 4.524777e-03 6.157935e-01 -4.232368e-05 -4.869519e-05 1.011980e-05 -1.156570e-04
12165.053934 7.808673e-01 1.431015e-02 4.560291e-03 6.166364e-01 -4.795170e-05 -6.261822e-05 2.345999e-05 -1.204937e-04
12168.888344 7.793985e-01 1.432970e-02 4.583235e-03 6.162168e-01 -5.470812e-05 -6.229791e-05 3.492625e-05 -1.194982e-04
12172.734946 7.784975e-01 1.438128e-02 4.567091e-03 6.152793e-01 -5.933559e-05 -6.169543e-05 4.047870e-05 -1.109719e-04
12176.593740 7.782260e-01 1.442419e-02 4.609430e-03 6.146037e-01 -5.352013e-05 -4.527762e-05 3.654349e-05 -1.178851e-04
12180.464726 7.776988e-01 1.445801e-02 4.631539e-03 6.145700e-01 -5.101167e-05 -4.437269e-05 3.870417e-05 -1.121777e-04
12184.347903 7.756875e-01 1.448048e-02 4.672793e-03 6.141859e-01 -5.835594e-05 -3.730841e-05 4.388533e-05 -1.164846e-04
12188.243273 7.756453e-01 1.454778e-02 4.697800e-03 6.139393e-01 -5.653166e-05 -3.092684e-05 4.345905e-05 -1.169658e-04
12192.150835 7.742042e-01 1.456420e-02 4.710739e-03 6.138026e-01 -5.078683e-05 -4.244198e-05 2.525058e-05 -1.143093e-04
12196.070588 7.746528e-01 1.462848e-02 4.732227e-03 6.136159e-01 -4.860360e-05 -4.767516e-05 1.395050e-05 -1.160793e-04
12200.002533 7.723894e-01 1.466818e-02 4.775388e-03 6.132117e-01 -5.549543e-05 -4.605199e-05 2.499784e-05 -1.179118e-04
12203.946671 7.700636e-01 1.466345e-02 4.782235e-03 6.111188e-01 -5.213863e-05 -5.100057e-05 2.412852e-05 -1.205629e-04
12207.903000 7.704694e-01 1.472906e-02 4.818587e-03 6.111714e-01 -5.205182e-05 -4.903320e-05 3.111489e-05 -1.199508e-04
12211.871521 7.713861e-01 1.481501e-02 4.893324e-03 6.115913e-01 -4.519662e-05 -3.981695e-05 3.313607e-05 -1.064786e-04
12215.852234 7.704355e-01 1.484752e-02 4.898952e-03 6.126589e-01 -4.253834e-05 -4.508023e-05 3.593696e-05 -1.176339e-04
12219.845139 7.694550e-01 1.488925e-02 4.940723e-03 6.110359e-01 -4.460867e-05 -4.931982e-05 3.443443e-05 -1.185465e-04
12223.850236 7.679146e-01 1.492842e-02 4.975715e-03 6.101263e-01 -4.492730e-05 -4.762292e-05 4.646731e-05 -1.120412e-04
12227.867524 7.592194e-01 1.480711e-02 4.959015e-03 6.041774e-01 -4.853089e-05 -4.917474e-05 4.537709e-05 -1.217214e-04
12231.897005 7.497359e-01 1.468432e-02 4.897430e-03 5.972787e-01 -5.795991e-05 -4.725524e-05 3.860305e-05 -1.172350e-04
12235.938678 7.644081e-01 1.502552e-02 5.019312e-03 6.088625e-01 -5.366167e-05 -5.069603e-05 4.174830e-05 -1.172700e-04
12239.992542 7.652264e-01 1.510394e-02 5.095738e-03 6.100581e-01 -4.533368e-05 -5.554084e-05 3.938650e-05 -1.206183e-04
12244.058598 7.642046e-01 1.516455e-02 5.138633e-03 6.085436e-01 -4.287881e-05 -5.307740e-05 2.401094e-05 -1.206854e-04
12248.136847 7.632552e-01 1.518993e-02 5.194671e-03 6.072370e-01 -4.110908e-05 -5.271104e-05 2.681964e-05 -1.228021e-04
12252.227287 7.613988e-01 1.521824e-02 5.221729e-03 6.058256e-01 -4.710080e-05 -5.740524e-05 2.936308e-05 -1.258213e-04
12256.329919 7.613054e-01 1.527836e-02 5.247048e-03 6.077434e-01 -4.160889e-05 -5.251980e-05 2.707345e-05 -1.307565e-04
12260.444743 7.619010e-01 1.536442e-02 5.284413e-03 6.092123e-01 -3.765735e-05 -4.355813e-05 3.470102e-05 -1.397480e-04
12264.571759 7.599349e-01 1.537271e-02 5.300569e-03 6.072455e-01 -4.124959e-05 -4.160489e-05 3.393208e-05 -1.368608e-04
12268.710967 7.595161e-01 1.541927e-02 5.370994e-03 6.063520e-01 -5.100609e-05 -4.340214e-05 3.862000e-05 -1.460955e-04
12272.862366 7.580056e-01 1.546746e-02 5.396448e-03 6.050897e-01 -5.112812e-05 -4.397200e-05 3.496530e-05 -1.431014e-04
12277.025958 7.581785e-01 1.554490e-02 5.385107e-03 6.052404e-01 -4.109865e-05 -4.418600e-05 3.619890e-05 -1.370533e-04
12281.201742 7.569439e-01 1.555190e-02 5.388934e-03 6.053833e-01 -3.666291e-05 -4.942217e-05 3.757481e-05 -1.292637e-04
12285.389717 7.562638e-01 1.562134e-02 5.415714e-03 6.053128e-01 -4.668791e-05 -4.574444e-05 4.231733e-05 -1.352579e-04
12289.589884 7.549195e-01 1.566724e-02 5.438589e-03 6.034656e-01 -4.599639e-05 -4.449456e-05 2.569030e-05 -1.381488e-04
12293.802244 7.550576e-01 1.574021e-02 5.484510e-03 6.040939e-01 -4.551124e-05 -5.020644e-05 2.573800e-05 -1.417698e-04
12298.026795 7.523735e-01 1.576262e-02 5.467275e-03 6.027783e-01 -3.928158e-05 -5.219007e-05 2.177559e-05 -1.443150e-04
12302.263538 7.520895e-01 1.580625e-02 5.481363e-03 6.035535e-01 -4.110259e-05 -4.918226e-05 1.046116e-05 -1.440678e-04
12306.512473 7.523100e-01 1.587683e-02 5.515658e-03 6.034586e-01 -5.091236e-05 -4.379694e-05 1.248142e-05 -1.522304e-04
12310.773600 7.521504e-01 1.593415e-02 5.567670e-03 6.029897e-01 -4.954617e-05 -5.364582e-05 1.761259e-05 -1.488184e-04
12315.046919 7.506085e-01 1.596888e-02 5.624772e-03 6.025958e-01 -4.566292e-05 -5.783664e-05 2.084416e-05 -1.417041e-04
12319.332429 7.487628e-01 1.601104e-02 5.613253e-03 6.019156e-01 -5.019752e-05 -5.004446e-05 2.211484e-05 -1.368343e-04
12323.630132 7.325114e-01 1.574072e-02 5.526742e-03 5.896948e-01 -5.709483e-05 -4.337741e-05 3.541849e-05 -1.356818e-04
12327.940026 7.403928e-01 1.595626e-02 5.620893e-03 5.964794e-01 -6.540297e-05 -4.940194e-05 4.301716e-05 -1.328106e-04
12332.262113 7.468240e-01 1.616623e-02 5.754913e-03 6.020846e-01 -6.223907e-05 -4.356529e-05 4.807836e-05 -1.206429e-04
12336.596391 7.458265e-01 1.619651e-02 5.810581e-03 6.008795e-01 -5.695455e-05 -4.346429e-05 4.775063e-05 -1.279087e-04
12340.942861 7.456400e-01 1.626583e-02 5.874023e-03 6.006092e-01 -4.736097e-05 -5.159008e-05 3.540648e-05 -1.381099e-04
12345.301524 7.442873e-01 1.632155e-02 5.901785e-03 6.012905e-01 -4.552255e-05 -4.803162e-05 2.359487e-05 -1.287708e-04
12349.672378 7.430325e-01 1.637946e-02 5.923060e-03 5.995746e-01 -5.179470e-05 -5.765297e-05 2.296556e-05 -1.221266e-04
12354.055424 7.437336e-01 1.645194e-02 6.032838e-03 5.992187e-01 -5.543499e-05 -5.766860e-05 2.940017e-05 -1.268730e-04
12358.450662 7.424311e-01 1.650015e-02 6.059530e-03 5.983195e-01 -4.993228e-05 -5.385688e-05 2.148488e-05 -1.302831e-04
12362.858091 7.415543e-01 1.655367e-02 6.068517e-03 6.000565e-01 -5.292781e-05 -5.517946e-05 9.455330e-06 -1.392954e-04
12367.277713 7.402725e-01 1.659821e-02 6.114889e-03 5.995003e-01 -5.114041e-05 -5.348010e-05 1.810138e-05 -1.418336e-04
12371.709527 7.378735e-01 1.659592e-02 6.154128e-03 5.974289e-01 -5.164797e-05 -5.181013e-05 1.803996e-05 -1.325233e-04
12376.153532 7.344161e-01 1.661184e-02 6.137417e-03 5.942359e-01 -4.393062e-05 -5.311554e-05 1.860186e-05 -1.377975e-04
12380.609730 7.389088e-01 1.677687e-02 6.221806e-03 5.973506e-01 -5.123141e-05 -5.075299e-05 3.023778e-05 -1.340357e-04
12385.078119 7.385775e-01 1.685000e-02 6.277853e-03 5.982799e-01 -5.969026e-05 -4.530492e-05 2.270818e-05 -1.302546e-04
12389.558700 7.371527e-01 1.689164e-02 6.327946e-03 5.973547e-01 -6.047420e-05 -4.307220e-05 1.729802e-05 -1.223022e-04
12394.051473 7.369446e-01 1.694924e-02 6.348443e-03 5.979004e-01 -5.460820e-05 -3.527482e-05 1.901252e-05 -1.225172e-04
12398.556438 7.359502e-01 1.698805e-02 6.372812e-03 5.975401e-01 -5.342056e-05 -2.726727e-05 2.285302e-05 -1.215923e-04
12403.073595 7.346084e-01 1.704851e-02 6.404775e-03 5.956212e-01 -5.915561e-05 -3.154182e-05 1.812008e-05 -1.261182e-04
12407.602944 7.334206e-01 1.709372e-02 6.457220e-03 5.956074e-01 -6.085557e-05 -3.734056e-05 2.137956e-05 -1.239076e-04
12412.144485 7.320457e-01 1.710905e-02 6.499884e-03 5.953599e-01 -6.082995e-05 -4.033893e-05 3.266816e-05 -1.180859e-04
12416.698218 7.317787e-01 1.719105e-02 6.523068e-03 5.953588e-01 -6.451553e-05 -4.269948e-05 4.226312e-05 -1.147521e-04
12421.264142 7.308262e-01 1.724514e-02 6.536082e-03 5.959624e-01 -6.041905e-05 -4.341373e-05 3.660950e-05 -1.199815e-04
12425.842259 7.297367e-01 1.730748e-02 6.577397e-03 5.951979e-01 -6.364063e-05 -3.509623e-05 3.980980e-05 -1.234721e-04
12430.432567 7.269937e-01 1.731335e-02 6.594019e-03 5.935746e-01 -6.131233e-05 -3.017969e-05 4.113815e-05 -1.229048e-04
12435.035068 7.270276e-01 1.739014e-02 6.644682e-03 5.927577e-01 -6.586286e-05 -2.645984e-05 3.339401e-05 -1.158840e-04
12439.649760 7.265867e-01 1.745492e-02 6.673751e-03 5.923343e-01 -5.493264e-05 -3.602727e-05 2.607144e-05 -1.158908e-04
12444.276644 7.264342e-01 1.754435e-02 6.700285e-03 5.929483e-01 -4.759915e-05 -3.548714e-05 2.649266e-05 -1.206720e-04
12448.915720 7.259704e-01 1.760045e-02 6.768807e-03 5.922200e-01 -5.260415e-05 -3.339981e-05 3.393991e-05 -1.245814e-04
12453.566988 7.253448e-01 1.767365e-02 6.803589e-03 5.925953e-01 -5.269525e-05 -3.429765e-05 2.834630e-05 -1.210255e-04
12458.230448 7.244678e-01 1.774381e-02 6.874012e-03 5.924359e-01 -4.908740e-05 -3.098146e-05 2.747873e-05 -1.586099e-04
12462.906100 7.241450e-01 1.780976e-02 6.941665e-03 5.921500e-01 -4.329216e-05 -3.532751e-05 2.399585e-05 -1.451915e-04
12467.593943 7.237225e-01 1.788309e-02 6.973145e-03 5.929709e-01 -4.762423e-05 -2.837432e-05 2.246905e-05 -1.298228e-04
12472.293979 7.238305e-01 1.795703e-02 7.029963e-03 5.932045e-01 -4.830045e-05 -4.149592e-05 3.050607e-05 -1.282997e-04
12477.006206 7.232056e-01 1.802502e-02 7.119669e-03 5.920126e-01 -4.974137e-05 -3.995169e-05 3.627719e-05 -1.216423e-04
12481.730626 7.219933e-01 1.806593e-02 7.172137e-03 5.913502e-01 -4.548941e-05 -4.051382e-05 3.898325e-05 -1.309987e-04
12486.467237 7.209572e-01 1.813535e-02 7.213269e-03 5.912633e-01 -4.636766e-05 -4.610455e-05 2.742663e-05 -1.404394e-04
12491.216040 7.201985e-01 1.819474e-02 7.281205e-03 5.914608e-01 -3.755897e-05 -4.755452e-05 2.627922e-05 -1.460934e-04
12495.977036 7.203895e-01 1.826605e-02 7.351790e-03 5.919863e-01 -4.072842e-05 -4.433871e-05 2.253816e-05 -1.536330e-04
12500.750223 7.197602e-01 1.832916e-02 7.406601e-03 5.911851e-01 -4.815060e-05 -5.219041e-05 2.076871e-05 -1.520168e-04
12505.535602 7.188881e-01 1.839210e-02 7.434650e-03 5.914283e-01 -5.505203e-05 -5.768677e-05 1.692192e-05 -1.445232e-04
12510.333172 7.180859e-01 1.844952e-02 7.491141e-03 5.903723e-01 -5.243714e-05 -5.022607e-05 8.238186e-06 -1.377543e-04
12515.142935 7.169966e-01 1.849902e-02 7.561296e-03 5.902958e-01 -4.927960e-05 -4.048532e-05 1.794560e-05 -1.351931e-04
12519.964890 7.160815e-01 1.854874e-02 7.620231e-03 5.894534e-01 -3.848314e-05 -5.055236e-05 1.869449e-05 -1.252330e-04
12524.799037 7.151269e-01 1.862328e-02 7.661005e-03 5.892375e-01 -3.446926e-05 -5.022023e-05 1.739431e-05 -1.232911e-04
12529.645375 6.632448e-01 1.734272e-02 7.122799e-03 5.462929e-01 -4.520916e-05 -4.629142e-05 2.245945e-05 -1.227579e-04
12534.503905 1.329284e-01 3.483382e-03 1.432152e-03 1.095914e-01 -9.048688e-06 -9.777801e-06 2.820352e-06 -2.462450e-05
