# Facility: NSLS-II
# Beamline: QAS
# Year: 2022
# Cycle: 2
# SAF: 309618
# PI: Wang
# Proposal: 309017
# Scan ID: 52260
# UID: a32a5143-e0f9-4fa8-8ec1-27ca87211349
# Comment: 
# Start time: 07/18/2022  11:46:57
# Stop time: 07/18/2022  11:47:28
# Total time: 00:31
# Trajectory name: Pt-L3-30s-11564.txt
# Element: Platinum ( 78)
# Edge: L3
# E0: 11564
# Reference Foil Element: Pt
# Keithley Gains I0: 1E7 V/A It: 1E6 V/A Iref: 1E7 V/A PIPS: 1E8 V/A 
# Ion Chamber Gas Flow Rates: I0: 0.00 sccm He + 99.70 sccm N2 + 0.00 sccm Ar 
# Ion Chamber Gas Flow Rates: It&Iref: 29.80 sccm N2 + 70.10 sccm Ar
# Incident Beam Path Vertical: -27.99 mm
# Incident Slits Positions B: TOP: 1.0 mm Bottom: -1.0 mm Inboard: -2.0 mm Outboard: 2.0 mm
# Sample Stage Positions: Rotation: 45.0 deg Horizontal: 14.07 mm Vertical: 35.31 mm Beam Direction: 0.00 mm
# PerkinElmer Vertical Position: 500.00 mm
# Front End Mirror Horizontal Positions: Up: -14.00 mm Down: -14.00 mm
#
# energy  i0  it  ir  iff  aux1  aux2  aux3  aux4
11377.444036 4.736261e-01 3.832658e-03 4.358503e-03 2.756072e-01 -3.911166e-05 -2.468346e-05 2.115101e-05 -4.269967e-05
11382.444036 9.365525e-01 7.610666e-03 8.668025e-03 5.452520e-01 -6.855984e-05 -4.420574e-05 3.988613e-05 -9.158938e-05
11387.444036 9.421580e-01 7.711815e-03 8.764740e-03 5.485334e-01 -7.743040e-05 -3.848837e-05 4.199049e-05 -8.825880e-05
11392.444036 9.370605e-01 7.716304e-03 8.819024e-03 5.461796e-01 -6.940495e-05 -4.319986e-05 4.631274e-05 -7.480735e-05
11397.444036 9.371706e-01 7.756379e-03 8.860668e-03 5.465355e-01 -7.282493e-05 -3.855587e-05 4.819141e-05 -8.155251e-05
11402.444036 9.329898e-01 7.758098e-03 8.905902e-03 5.443927e-01 -7.607345e-05 -3.209052e-05 4.414179e-05 -9.610841e-05
11407.444036 9.347911e-01 7.833879e-03 9.012253e-03 5.463669e-01 -8.480573e-05 -3.934027e-05 5.481298e-05 -8.368835e-05
11412.444036 9.321310e-01 7.848510e-03 9.060603e-03 5.445687e-01 -7.812104e-05 -3.865240e-05 4.909185e-05 -1.032578e-04
11417.444036 9.266809e-01 7.841172e-03 9.076961e-03 5.416305e-01 -7.840747e-05 -3.228313e-05 4.904459e-05 -8.745504e-05
11422.444036 9.145374e-01 7.807043e-03 9.021181e-03 5.361905e-01 -6.886959e-05 -2.994370e-05 4.526202e-05 -8.858142e-05
11427.444036 9.250639e-01 7.943324e-03 9.218871e-03 5.434916e-01 -6.610447e-05 -3.713211e-05 4.577995e-05 -7.529928e-05
11432.444036 9.261730e-01 8.000439e-03 9.310172e-03 5.435549e-01 -6.851745e-05 -4.054610e-05 4.816707e-05 -6.488693e-05
11437.444036 9.239504e-01 8.032085e-03 9.358889e-03 5.432699e-01 -6.479904e-05 -4.460113e-05 4.801397e-05 -5.941122e-05
11442.444036 9.211484e-01 8.044077e-03 9.412695e-03 5.414329e-01 -6.852381e-05 -5.195319e-05 3.920782e-05 -5.432808e-05
11447.444036 9.177716e-01 8.062248e-03 9.422985e-03 5.397513e-01 -6.331027e-05 -5.332755e-05 4.666758e-05 -5.370134e-05
11452.444036 9.146060e-01 8.075609e-03 9.467903e-03 5.388397e-01 -6.241885e-05 -4.928459e-05 4.924420e-05 -5.513815e-05
11457.444036 9.135214e-01 8.108117e-03 9.551804e-03 5.383254e-01 -6.397915e-05 -4.897792e-05 3.789684e-05 -5.034777e-05
11462.444036 9.123579e-01 8.147892e-03 9.609035e-03 5.386305e-01 -7.217596e-05 -4.828010e-05 3.404865e-05 -6.296549e-05
11467.444036 9.126975e-01 8.213448e-03 9.706831e-03 5.391624e-01 -7.676906e-05 -5.900426e-05 3.965823e-05 -6.982342e-05
11472.444036 9.107439e-01 8.252851e-03 9.767022e-03 5.389460e-01 -8.119815e-05 -5.970923e-05 3.556752e-05 -7.287214e-05
11477.444036 9.084333e-01 8.279599e-03 9.804384e-03 5.373067e-01 -7.013675e-05 -5.752533e-05 4.487571e-05 -6.819037e-05
11482.444036 9.058256e-01 8.316742e-03 9.863095e-03 5.363578e-01 -5.975269e-05 -5.007120e-05 4.746099e-05 -6.635825e-05
11487.444036 8.946899e-01 8.273515e-03 9.820065e-03 5.303698e-01 -6.589602e-05 -4.254630e-05 4.822888e-05 -7.042224e-05
11492.444036 8.951551e-01 8.300355e-03 9.899162e-03 5.311754e-01 -7.638170e-05 -4.648479e-05 4.750733e-05 -7.263729e-05
11497.444036 9.051949e-01 8.422128e-03 1.007432e-02 5.377023e-01 -7.593642e-05 -4.747102e-05 4.022238e-05 -8.220811e-05
11502.444036 9.028700e-01 8.473776e-03 1.013879e-02 5.369326e-01 -7.033789e-05 -4.994328e-05 4.449105e-05 -6.925258e-05
11507.444036 9.016078e-01 8.515953e-03 1.018188e-02 5.368500e-01 -6.444668e-05 -5.359271e-05 4.878506e-05 -7.186075e-05
11512.444036 9.022684e-01 8.592593e-03 1.026273e-02 5.378077e-01 -6.508586e-05 -4.945201e-05 4.479615e-05 -6.377882e-05
11517.444036 9.005908e-01 8.617096e-03 1.032661e-02 5.372194e-01 -6.465202e-05 -5.293745e-05 4.291718e-05 -6.175423e-05
11522.444036 9.007749e-01 8.683858e-03 1.038261e-02 5.379881e-01 -6.028569e-05 -6.062562e-05 3.333261e-05 -7.368888e-05
11527.444036 8.965938e-01 8.671207e-03 1.034327e-02 5.366838e-01 -6.442115e-05 -5.794994e-05 3.980591e-05 -7.246789e-05
11532.444036 8.950473e-01 8.707970e-03 1.035749e-02 5.358029e-01 -6.375380e-05 -4.520357e-05 4.418252e-05 -7.453362e-05
11534.000000 8.943826e-01 8.733070e-03 1.031143e-02 5.362990e-01 -6.336950e-05 -4.748680e-05 4.086896e-05 -6.109603e-05
11535.000000 8.924980e-01 8.692651e-03 1.031304e-02 5.341732e-01 -6.634425e-05 -4.808129e-05 4.036176e-05 -6.493602e-05
11536.000000 8.996020e-01 8.787354e-03 1.044368e-02 5.405080e-01 -6.554249e-05 -3.700593e-05 3.963842e-05 -7.240590e-05
11537.000000 8.904394e-01 8.711392e-03 1.024817e-02 5.338805e-01 -7.398643e-05 -3.345680e-05 2.852762e-05 -7.792047e-05
11538.000000 8.964556e-01 8.818310e-03 1.034471e-02 5.381539e-01 -6.259282e-05 -4.330912e-05 3.905519e-05 -7.251705e-05
11539.000000 8.987161e-01 8.825668e-03 1.038036e-02 5.399010e-01 -5.541733e-05 -5.261767e-05 4.561358e-05 -7.060542e-05
11540.000000 8.970921e-01 8.812280e-03 1.031730e-02 5.406361e-01 -6.116160e-05 -5.243786e-05 3.540712e-05 -7.326763e-05
11541.000000 8.964481e-01 8.827915e-03 1.038730e-02 5.397355e-01 -6.874217e-05 -5.166989e-05 3.924624e-05 -9.292133e-05
11541.200000 8.993358e-01 8.902449e-03 1.046925e-02 5.426706e-01 -7.297175e-05 -5.560227e-05 3.086711e-05 -1.069231e-04
11541.400000 9.042081e-01 8.911364e-03 1.043083e-02 5.430281e-01 -6.927927e-05 -5.079838e-05 4.367217e-05 -1.003880e-04
11541.600000 8.587610e-01 8.445540e-03 9.815149e-03 5.167416e-01 -7.531352e-05 -5.572776e-05 3.273018e-05 -9.546244e-05
11541.800000 8.931889e-01 8.695103e-03 1.019504e-02 5.352029e-01 -7.259317e-05 -5.562980e-05 3.816258e-05 -9.223306e-05
11542.000000 8.874116e-01 8.728474e-03 1.015707e-02 5.345948e-01 -7.129475e-05 -4.623538e-05 4.154991e-05 -8.368568e-05
11542.200000 9.089130e-01 8.939731e-03 1.038574e-02 5.456443e-01 -7.069539e-05 -3.330022e-05 4.106988e-05 -9.186338e-05
11542.400000 8.985481e-01 8.769263e-03 1.033766e-02 5.406839e-01 -6.366539e-05 -3.923910e-05 3.901843e-05 -9.521254e-05
11542.600000 9.046603e-01 8.968232e-03 1.038350e-02 5.430458e-01 -5.586428e-05 -4.355398e-05 2.612599e-05 -9.175732e-05
11542.800000 9.033206e-01 8.907506e-03 1.046001e-02 5.444252e-01 -6.420292e-05 -4.943861e-05 3.722864e-05 -8.274097e-05
11543.000000 8.999692e-01 8.879640e-03 1.036102e-02 5.453049e-01 -5.964570e-05 -3.631385e-05 3.124899e-05 -8.816663e-05
11543.200000 8.983352e-01 8.814545e-03 1.012756e-02 5.422679e-01 -6.188589e-05 -4.535817e-05 3.276399e-05 -8.302948e-05
11543.400000 8.920463e-01 8.771796e-03 1.017692e-02 5.371218e-01 -6.349248e-05 -5.219789e-05 4.620819e-05 -9.187865e-05
11543.600000 8.864412e-01 8.658490e-03 1.010548e-02 5.359468e-01 -5.939665e-05 -4.581451e-05 3.403100e-05 -9.876159e-05
11543.800000 8.504717e-01 8.109659e-03 9.521147e-03 5.111616e-01 -6.401436e-05 -4.720706e-05 3.644730e-05 -9.537300e-05
11544.000000 9.090667e-01 8.961874e-03 1.040724e-02 5.509858e-01 -6.169107e-05 -4.611702e-05 4.509696e-05 -9.074914e-05
11544.200000 8.993954e-01 8.936774e-03 1.038935e-02 5.441941e-01 -5.097446e-05 -4.633869e-05 4.451096e-05 -9.212358e-05
11544.400000 9.040433e-01 8.942401e-03 1.030592e-02 5.454294e-01 -5.230113e-05 -4.437754e-05 3.206250e-05 -8.935511e-05
11544.600000 8.779407e-01 8.621652e-03 9.861598e-03 5.301524e-01 -5.296442e-05 -4.713391e-05 2.797352e-05 -8.247530e-05
11544.800000 9.062420e-01 8.951189e-03 1.028569e-02 5.485401e-01 -6.119227e-05 -4.129245e-05 4.530695e-05 -8.005362e-05
11545.000000 8.774122e-01 8.592399e-03 1.006566e-02 5.286387e-01 -6.682786e-05 -4.632401e-05 4.872961e-05 -7.367299e-05
11545.200000 8.962221e-01 8.875852e-03 1.011979e-02 5.410090e-01 -6.871233e-05 -5.013239e-05 3.812762e-05 -8.799323e-05
11545.400000 9.087802e-01 8.991977e-03 1.032502e-02 5.467038e-01 -5.926922e-05 -4.427924e-05 5.519726e-05 -9.450407e-05
11545.600000 8.701791e-01 8.519893e-03 9.781650e-03 5.230141e-01 -5.396649e-05 -4.465629e-05 5.377185e-05 -8.635432e-05
11545.800000 9.110345e-01 9.071012e-03 1.046840e-02 5.508810e-01 -6.352856e-05 -5.204920e-05 4.686386e-05 -9.127282e-05
11546.000000 9.017219e-01 8.900248e-03 1.025673e-02 5.457350e-01 -7.082635e-05 -4.093393e-05 5.082999e-05 -8.783519e-05
11546.200000 8.936032e-01 8.816026e-03 1.013276e-02 5.388585e-01 -7.296584e-05 -4.112350e-05 4.945885e-05 -8.148859e-05
11546.400000 8.873607e-01 8.642176e-03 9.873772e-03 5.340190e-01 -7.246285e-05 -5.558944e-05 5.607715e-05 -7.858836e-05
11546.600000 9.095849e-01 9.021382e-03 1.041054e-02 5.491132e-01 -7.065508e-05 -4.489802e-05 3.359326e-05 -9.336037e-05
11546.800000 9.124200e-01 8.991561e-03 1.035472e-02 5.546883e-01 -7.294452e-05 -5.220402e-05 3.197015e-05 -9.057389e-05
11547.000000 8.974329e-01 9.121244e-03 1.041240e-02 5.464498e-01 -6.629181e-05 -5.327506e-05 2.522527e-05 -8.253204e-05
11547.200000 9.212139e-01 9.241750e-03 1.040192e-02 5.609267e-01 -7.170686e-05 -3.937882e-05 3.974814e-05 -8.292929e-05
11547.400000 8.989658e-01 8.964494e-03 1.008668e-02 5.454525e-01 -8.057327e-05 -2.874995e-05 2.498826e-05 -8.780663e-05
11547.600000 8.999315e-01 8.915057e-03 1.030997e-02 5.412149e-01 -8.955204e-05 -3.737883e-05 1.520722e-05 -8.798040e-05
11547.800000 8.647292e-01 8.448669e-03 9.835753e-03 5.230505e-01 -7.393473e-05 -4.869113e-05 2.067121e-05 -8.344329e-05
11548.000000 8.953500e-01 8.797295e-03 1.003381e-02 5.413336e-01 -6.886683e-05 -4.142245e-05 2.756689e-05 -8.749112e-05
11548.200000 8.964004e-01 8.914998e-03 9.936204e-03 5.427645e-01 -6.221964e-05 -4.277818e-05 3.158201e-05 -8.078226e-05
11548.400000 8.977573e-01 8.954012e-03 1.031166e-02 5.438146e-01 -5.994335e-05 -5.372087e-05 2.461497e-05 -8.157034e-05
11548.600000 9.223525e-01 9.255262e-03 1.048485e-02 5.576491e-01 -6.568296e-05 -4.857740e-05 3.435050e-05 -8.021373e-05
11548.800000 9.007041e-01 8.937392e-03 1.002927e-02 5.452056e-01 -6.820194e-05 -5.181326e-05 4.331791e-05 -6.744516e-05
11549.000000 8.920506e-01 8.833549e-03 9.917266e-03 5.391194e-01 -6.491646e-05 -4.809969e-05 3.000805e-05 -7.262449e-05
11549.200000 8.783512e-01 8.634798e-03 9.763760e-03 5.328872e-01 -7.075216e-05 -4.530935e-05 2.909194e-05 -6.474898e-05
11549.400000 9.069499e-01 9.026995e-03 1.019036e-02 5.498953e-01 -6.954861e-05 -3.432431e-05 3.872218e-05 -7.752109e-05
11549.600000 8.991877e-01 8.984874e-03 9.994482e-03 5.479937e-01 -6.924140e-05 -3.904326e-05 4.019579e-05 -7.789633e-05
11549.800000 9.187227e-01 9.230881e-03 1.031997e-02 5.603718e-01 -7.511017e-05 -4.017744e-05 3.513544e-05 -8.408782e-05
11550.000000 9.006072e-01 8.949904e-03 9.972337e-03 5.479865e-01 -7.580461e-05 -3.728944e-05 3.966577e-05 -7.991797e-05
11550.200000 8.867709e-01 8.755144e-03 9.749982e-03 5.395301e-01 -7.452257e-05 -3.848393e-05 4.353260e-05 -7.649825e-05
11550.400000 8.829788e-01 8.691404e-03 9.686510e-03 5.345796e-01 -7.494669e-05 -4.462475e-05 3.467511e-05 -7.716834e-05
11550.600000 8.822047e-01 8.668390e-03 9.618058e-03 5.352666e-01 -7.424928e-05 -4.019798e-05 2.273891e-05 -7.495345e-05
11550.800000 9.119595e-01 9.104203e-03 1.007931e-02 5.569865e-01 -7.562198e-05 -3.694118e-05 2.346545e-05 -7.789589e-05
11551.000000 8.899959e-01 8.847502e-03 9.771972e-03 5.422832e-01 -7.261383e-05 -3.501151e-05 2.238484e-05 -7.205447e-05
11551.200000 9.144323e-01 9.131310e-03 1.017237e-02 5.585548e-01 -7.337844e-05 -4.191483e-05 3.956380e-05 -6.813062e-05
11551.400000 8.920927e-01 8.820652e-03 9.720249e-03 5.402528e-01 -5.832589e-05 -4.252744e-05 3.305393e-05 -6.144668e-05
11551.600000 8.972944e-01 8.873619e-03 9.761520e-03 5.422726e-01 -6.123400e-05 -4.343810e-05 3.147050e-05 -7.466561e-05
11551.800000 8.971362e-01 8.921400e-03 9.759676e-03 5.450807e-01 -6.645740e-05 -3.723120e-05 3.011455e-05 -8.145635e-05
11552.000000 9.044600e-01 8.942860e-03 9.898943e-03 5.504190e-01 -6.600068e-05 -2.755066e-05 3.474297e-05 -8.294947e-05
11552.200000 9.036569e-01 9.020834e-03 9.733161e-03 5.504631e-01 -6.438655e-05 -2.994062e-05 4.866043e-05 -7.523520e-05
11552.400000 9.145654e-01 9.162659e-03 9.901442e-03 5.587430e-01 -5.982465e-05 -2.828633e-05 3.223765e-05 -7.596786e-05
11552.600000 8.956360e-01 8.989107e-03 9.712715e-03 5.449529e-01 -5.414443e-05 -2.305318e-05 2.156368e-05 -8.449159e-05
11552.800000 8.938583e-01 8.829403e-03 9.383882e-03 5.470004e-01 -6.029189e-05 -3.703861e-05 2.560675e-05 -7.945244e-05
11553.000000 9.015362e-01 8.963667e-03 9.641938e-03 5.542469e-01 -6.494909e-05 -3.113127e-05 2.279520e-05 -7.266727e-05
11553.200000 9.064646e-01 9.009694e-03 9.700627e-03 5.546253e-01 -6.605586e-05 -2.243740e-05 3.923575e-05 -7.812955e-05
11553.400000 9.001115e-01 9.052903e-03 9.739439e-03 5.503760e-01 -6.406465e-05 -2.286033e-05 3.433167e-05 -8.628739e-05
11553.600000 9.190180e-01 9.241017e-03 9.579704e-03 5.622646e-01 -5.966776e-05 -2.882987e-05 2.052212e-05 -8.805642e-05
11553.800000 8.945284e-01 8.873814e-03 9.439890e-03 5.467932e-01 -6.787744e-05 -3.392927e-05 4.806583e-05 -7.465162e-05
11554.000000 9.013102e-01 8.991370e-03 9.551706e-03 5.503640e-01 -7.596060e-05 -3.438260e-05 3.885608e-05 -8.934426e-05
11554.200000 8.951481e-01 8.882250e-03 9.352200e-03 5.460652e-01 -7.808805e-05 -4.060000e-05 4.598448e-05 -8.265063e-05
11554.400000 8.846532e-01 8.794703e-03 9.122339e-03 5.423712e-01 -8.068089e-05 -3.477440e-05 3.353422e-05 -7.335158e-05
11554.600000 8.901745e-01 8.776292e-03 9.136219e-03 5.456631e-01 -6.930254e-05 -3.643844e-05 3.009433e-05 -5.876444e-05
11554.800000 9.002168e-01 8.977257e-03 9.095830e-03 5.537702e-01 -7.328835e-05 -4.014187e-05 1.977364e-05 -7.267473e-05
11555.000000 9.044028e-01 9.044650e-03 9.312421e-03 5.533722e-01 -7.415851e-05 -4.577644e-05 2.257425e-05 -7.458121e-05
11555.200000 9.070524e-01 9.080310e-03 9.319901e-03 5.572909e-01 -6.692723e-05 -3.746054e-05 2.889165e-05 -7.684899e-05
11555.400000 8.827727e-01 8.682049e-03 8.738522e-03 5.424127e-01 -7.439176e-05 -2.392312e-05 2.800166e-05 -7.270735e-05
11555.600000 8.992293e-01 8.873019e-03 8.925334e-03 5.530551e-01 -8.169480e-05 -1.317198e-05 4.295057e-05 -6.608402e-05
11555.800000 8.861711e-01 8.781961e-03 8.743168e-03 5.448397e-01 -7.373302e-05 -2.485293e-05 3.802937e-05 -7.273397e-05
11556.000000 9.056965e-01 8.980931e-03 9.190366e-03 5.589440e-01 -7.209284e-05 -1.985574e-05 3.880355e-05 -8.061218e-05
11556.200000 8.984238e-01 8.879697e-03 8.775750e-03 5.553721e-01 -8.414371e-05 -2.416335e-05 4.249176e-05 -6.688970e-05
11556.400000 8.852575e-01 8.749860e-03 8.718318e-03 5.468893e-01 -8.485369e-05 -3.718574e-05 3.821351e-05 -6.062991e-05
11556.600000 8.850313e-01 8.711686e-03 8.410171e-03 5.461539e-01 -8.181220e-05 -3.826625e-05 1.928402e-05 -7.759123e-05
11556.800000 8.872145e-01 8.795169e-03 8.583020e-03 5.485481e-01 -8.841163e-05 -3.744802e-05 1.346993e-05 -7.673782e-05
11557.000000 9.063167e-01 8.975536e-03 8.630173e-03 5.606067e-01 -8.996906e-05 -3.013435e-05 2.580004e-05 -6.907780e-05
11557.200000 8.879657e-01 8.864149e-03 8.512623e-03 5.501810e-01 -7.925357e-05 -2.864117e-05 2.440689e-05 -6.639216e-05
11557.400000 9.018086e-01 8.960043e-03 8.353602e-03 5.577843e-01 -8.676833e-05 -3.783399e-05 2.498746e-05 -7.084795e-05
11557.600000 9.001118e-01 8.916269e-03 8.295945e-03 5.586114e-01 -8.075972e-05 -3.207374e-05 2.056561e-05 -8.399540e-05
11557.800000 8.847248e-01 8.697497e-03 8.117564e-03 5.496597e-01 -8.869178e-05 -3.553553e-05 2.772537e-05 -8.032884e-05
11558.000000 9.004836e-01 8.898867e-03 8.038498e-03 5.619921e-01 -9.281895e-05 -4.507192e-05 1.344464e-05 -8.203397e-05
11558.200000 9.035772e-01 9.038037e-03 8.075283e-03 5.644567e-01 -7.971104e-05 -3.873401e-05 2.293914e-05 -9.023428e-05
11558.400000 9.060326e-01 9.065583e-03 8.044641e-03 5.655928e-01 -7.940391e-05 -2.473076e-05 2.639488e-05 -9.060126e-05
11558.600000 8.883557e-01 8.773638e-03 7.703117e-03 5.579077e-01 -7.908747e-05 -2.441162e-05 1.382530e-05 -9.100134e-05
11558.800000 8.928100e-01 8.826569e-03 7.515929e-03 5.589649e-01 -7.827740e-05 -3.710906e-05 3.152549e-06 -8.692420e-05
11559.000000 9.016417e-01 8.973796e-03 7.615881e-03 5.665985e-01 -8.344112e-05 -3.282560e-05 1.618032e-08 -9.235863e-05
11559.200000 8.993220e-01 8.958488e-03 7.340235e-03 5.646080e-01 -7.793054e-05 -3.340217e-05 1.948518e-05 -7.958183e-05
11559.400000 8.972761e-01 8.866802e-03 7.315072e-03 5.669953e-01 -7.238152e-05 -3.423598e-05 1.223365e-05 -8.452894e-05
11559.600000 8.968668e-01 8.839879e-03 7.131469e-03 5.677436e-01 -7.428400e-05 -2.457845e-05 1.436332e-05 -9.895611e-05
11559.800000 8.913550e-01 8.709744e-03 6.805119e-03 5.660169e-01 -8.229166e-05 -3.469019e-05 1.728487e-05 -8.169282e-05
11560.000000 8.950078e-01 8.800093e-03 6.627430e-03 5.728077e-01 -8.296669e-05 -4.157892e-05 2.999563e-05 -7.857506e-05
11560.200000 9.061531e-01 9.033256e-03 6.765459e-03 5.774518e-01 -8.156654e-05 -3.394654e-05 3.150294e-05 -8.752305e-05
11560.400000 8.981530e-01 8.859323e-03 6.393879e-03 5.708925e-01 -8.358339e-05 -3.373346e-05 3.412582e-05 -8.398477e-05
11560.600000 8.884171e-01 8.707057e-03 6.068915e-03 5.680299e-01 -8.055562e-05 -3.234274e-05 4.612121e-05 -7.311527e-05
11560.800000 8.942750e-01 8.787482e-03 5.942716e-03 5.743246e-01 -7.741066e-05 -3.551985e-05 4.263849e-05 -7.931305e-05
11561.000000 8.988825e-01 8.888827e-03 5.774997e-03 5.767726e-01 -7.176587e-05 -3.536110e-05 3.492152e-05 -7.777466e-05
11561.200000 8.988574e-01 8.859849e-03 5.565832e-03 5.808340e-01 -6.811233e-05 -4.094983e-05 3.182263e-05 -8.019888e-05
11561.400000 8.913030e-01 8.714273e-03 5.193090e-03 5.789519e-01 -7.437166e-05 -4.619194e-05 2.922746e-05 -8.326768e-05
11561.600000 8.992301e-01 8.819475e-03 4.985452e-03 5.873193e-01 -7.481237e-05 -4.126360e-05 2.857157e-05 -7.943534e-05
11561.800000 8.986354e-01 8.748625e-03 4.752452e-03 5.875357e-01 -6.724825e-05 -4.683796e-05 2.725701e-05 -7.495726e-05
11562.000000 8.933848e-01 8.741647e-03 4.649343e-03 5.891213e-01 -6.571607e-05 -4.946846e-05 1.590279e-05 -6.753756e-05
11562.200000 9.010726e-01 8.800934e-03 4.343181e-03 5.979027e-01 -8.066496e-05 -5.143731e-05 1.797927e-05 -6.686426e-05
11562.400000 8.911727e-01 8.654067e-03 4.123836e-03 5.911210e-01 -7.972671e-05 -4.777727e-05 4.126052e-05 -6.399014e-05
11562.600000 8.969636e-01 8.704870e-03 3.888695e-03 5.984377e-01 -8.145871e-05 -5.111174e-05 3.660220e-05 -7.187536e-05
11562.800000 9.048723e-01 8.859081e-03 3.671199e-03 6.089882e-01 -7.609751e-05 -5.301971e-05 3.343548e-05 -6.869469e-05
11563.000000 9.010577e-01 8.705724e-03 3.392848e-03 6.125638e-01 -8.305829e-05 -3.859691e-05 3.270875e-05 -7.970510e-05
11563.200000 8.974950e-01 8.624006e-03 3.017381e-03 6.127815e-01 -8.371667e-05 -4.005791e-05 2.697924e-05 -6.302062e-05
11563.400000 8.856928e-01 8.422720e-03 2.698219e-03 6.101034e-01 -7.345574e-05 -2.735290e-05 3.405895e-05 -6.079863e-05
11563.600000 8.996626e-01 8.616325e-03 2.779137e-03 6.264679e-01 -7.080160e-05 -2.195145e-05 2.783882e-05 -7.186169e-05
11563.800000 9.027108e-01 8.676521e-03 2.539252e-03 6.319649e-01 -6.475325e-05 -2.330085e-05 3.086900e-05 -6.853501e-05
11564.000000 8.862161e-01 8.348383e-03 2.309832e-03 6.258723e-01 -6.698289e-05 -3.396191e-05 2.815745e-05 -7.056667e-05
11564.200000 9.133553e-01 8.719864e-03 2.189946e-03 6.539731e-01 -7.694002e-05 -3.372183e-05 1.475841e-05 -7.883332e-05
11564.400000 9.126777e-01 8.702882e-03 1.997427e-03 6.602199e-01 -8.132625e-05 -3.800508e-05 1.937464e-05 -8.869838e-05
11564.600000 9.078757e-01 8.581024e-03 2.038243e-03 6.610990e-01 -9.075198e-05 -3.030496e-05 2.381136e-05 -8.373625e-05
11564.800000 8.887032e-01 8.206678e-03 1.723117e-03 6.544368e-01 -8.166103e-05 -3.022144e-05 2.223795e-05 -7.389794e-05
11565.000000 8.972689e-01 8.366454e-03 1.546616e-03 6.760753e-01 -8.051163e-05 -2.833907e-05 2.551519e-05 -7.354058e-05
11565.200000 9.119880e-01 8.497596e-03 1.616034e-03 6.912271e-01 -8.271186e-05 -3.413176e-05 1.749436e-05 -8.537234e-05
11565.400000 8.981022e-01 8.239615e-03 1.406367e-03 6.887501e-01 -8.764254e-05 -3.109076e-05 2.471948e-05 -9.706003e-05
11565.600000 9.019909e-01 8.231992e-03 1.363315e-03 7.008575e-01 -8.802497e-05 -4.332523e-05 2.481937e-05 -8.256110e-05
11565.800000 9.045649e-01 8.233445e-03 1.377089e-03 7.098621e-01 -7.659949e-05 -4.064550e-05 2.308594e-05 -7.479153e-05
11566.000000 8.926098e-01 8.021422e-03 1.243645e-03 7.104395e-01 -7.038375e-05 -4.166496e-05 1.854551e-05 -7.129150e-05
11566.200000 8.928494e-01 7.964676e-03 1.164001e-03 7.178219e-01 -7.710900e-05 -3.777112e-05 1.628713e-05 -6.808200e-05
11566.400000 9.035489e-01 8.113857e-03 1.262030e-03 7.374713e-01 -7.141425e-05 -3.725957e-05 1.094378e-05 -7.733597e-05
11566.600000 8.940477e-01 7.901844e-03 1.233195e-03 7.385659e-01 -7.771157e-05 -4.401083e-05 1.857098e-05 -7.092711e-05
11566.800000 8.851747e-01 7.744506e-03 1.155714e-03 7.372954e-01 -6.977339e-05 -3.257262e-05 2.749601e-05 -6.457977e-05
11567.000000 9.094003e-01 8.036764e-03 1.120447e-03 7.630026e-01 -7.368565e-05 -3.010663e-05 3.231579e-05 -6.128564e-05
11567.200000 8.973810e-01 7.841195e-03 1.203512e-03 7.602127e-01 -8.378115e-05 -2.869612e-05 3.709929e-05 -7.200252e-05
11567.400000 8.909894e-01 7.678733e-03 1.221937e-03 7.588563e-01 -8.415427e-05 -3.832741e-05 3.615760e-05 -6.882501e-05
11567.600000 8.975117e-01 7.809566e-03 1.180489e-03 7.652504e-01 -8.360828e-05 -3.262432e-05 3.089942e-05 -6.991102e-05
11567.800000 8.936688e-01 7.739408e-03 1.220842e-03 7.661978e-01 -7.778829e-05 -2.906820e-05 2.959892e-05 -7.236558e-05
11568.000000 9.090600e-01 7.934761e-03 1.293328e-03 7.832407e-01 -7.920008e-05 -3.212000e-05 3.241286e-05 -6.952534e-05
11568.200000 8.951398e-01 7.746015e-03 1.312645e-03 7.675331e-01 -5.915811e-05 -3.244118e-05 2.931463e-05 -7.535888e-05
11568.400000 8.958363e-01 7.774532e-03 1.355697e-03 7.692903e-01 -4.522979e-05 -3.131159e-05 2.172126e-05 -7.574742e-05
11568.600000 8.989845e-01 7.820196e-03 1.381809e-03 7.702842e-01 -6.571218e-05 -3.506904e-05 2.260403e-05 -6.665948e-05
11568.800000 9.003445e-01 7.866366e-03 1.373116e-03 7.699782e-01 -6.604294e-05 -3.665669e-05 1.627022e-05 -7.005116e-05
11569.000000 9.003850e-01 7.897411e-03 1.517693e-03 7.647860e-01 -6.937404e-05 -4.320591e-05 2.818889e-05 -7.622670e-05
11569.200000 9.018470e-01 7.924718e-03 1.474655e-03 7.620965e-01 -7.642569e-05 -3.677033e-05 3.222413e-05 -8.008315e-05
11569.400000 8.956112e-01 7.875029e-03 1.453286e-03 7.512974e-01 -7.445984e-05 -3.458396e-05 3.079733e-05 -7.870560e-05
11569.600000 8.997526e-01 7.930708e-03 1.539460e-03 7.489760e-01 -7.007698e-05 -2.955458e-05 2.639831e-05 -8.129620e-05
11569.800000 8.984010e-01 7.961980e-03 1.622674e-03 7.413570e-01 -6.881221e-05 -3.300339e-05 2.826558e-05 -6.914838e-05
11570.000000 9.031651e-01 8.074735e-03 1.653570e-03 7.398730e-01 -7.708065e-05 -2.623417e-05 2.328850e-05 -6.999959e-05
11570.200000 8.977174e-01 8.021443e-03 1.602945e-03 7.292101e-01 -7.408236e-05 -2.544421e-05 1.697842e-05 -7.044031e-05
11570.400000 9.037439e-01 8.150850e-03 1.732022e-03 7.286412e-01 -7.005282e-05 -2.478980e-05 2.469654e-05 -7.438257e-05
11570.600000 9.017554e-01 8.163233e-03 1.659296e-03 7.208349e-01 -7.597572e-05 -2.607643e-05 2.797853e-05 -6.442333e-05
11570.800000 9.025130e-01 8.206677e-03 1.761187e-03 7.158388e-01 -7.432108e-05 -3.744443e-05 2.030519e-05 -6.112524e-05
11571.000000 8.989154e-01 8.179163e-03 1.747472e-03 7.051539e-01 -6.599194e-05 -4.958797e-05 1.583330e-05 -6.423472e-05
11571.200000 9.005217e-01 8.247075e-03 1.788455e-03 7.009258e-01 -6.683772e-05 -5.217064e-05 1.931943e-05 -7.336465e-05
11571.400000 9.050051e-01 8.354477e-03 1.835674e-03 6.980823e-01 -7.002053e-05 -4.855268e-05 2.783457e-05 -7.375171e-05
11571.600000 9.010138e-01 8.302277e-03 1.801863e-03 6.896072e-01 -7.028510e-05 -4.749794e-05 2.099552e-05 -6.656122e-05
11571.800000 9.002739e-01 8.328480e-03 1.807829e-03 6.836214e-01 -7.340072e-05 -4.930763e-05 2.322981e-05 -6.185951e-05
11572.000000 9.021537e-01 8.384940e-03 1.961230e-03 6.809528e-01 -8.071713e-05 -4.778457e-05 2.519683e-05 -5.320796e-05
11572.200000 9.000262e-01 8.387651e-03 1.966818e-03 6.747753e-01 -7.761403e-05 -4.575346e-05 3.334598e-05 -6.038598e-05
11572.400000 9.019621e-01 8.474599e-03 1.924408e-03 6.715355e-01 -7.005120e-05 -5.461790e-05 2.345643e-05 -8.373389e-05
11572.600000 8.971177e-01 8.419175e-03 1.950326e-03 6.631289e-01 -6.275293e-05 -5.291799e-05 2.207726e-05 -1.132795e-04
11572.800000 8.959785e-01 8.428491e-03 2.032665e-03 6.597494e-01 -7.134762e-05 -6.002911e-05 1.733526e-05 -1.323732e-04
11573.000000 8.997091e-01 8.501279e-03 1.898778e-03 6.592801e-01 -6.536654e-05 -6.647107e-05 1.580841e-05 -1.360842e-04
11573.200000 8.918719e-01 8.391476e-03 1.953863e-03 6.494278e-01 -6.284793e-05 -6.656660e-05 3.278885e-05 -1.286444e-04
11573.400000 8.834967e-01 8.284570e-03 1.992924e-03 6.400252e-01 -6.546542e-05 -6.444300e-05 3.451993e-05 -1.207852e-04
11573.600000 8.946765e-01 8.501267e-03 2.052877e-03 6.448383e-01 -7.277013e-05 -7.266117e-05 3.453676e-05 -1.057895e-04
11573.800000 8.989994e-01 8.569405e-03 2.022983e-03 6.464200e-01 -6.979966e-05 -8.427189e-05 3.030193e-05 -8.675038e-05
11574.000000 8.835114e-01 8.341982e-03 1.948012e-03 6.323160e-01 -7.750447e-05 -7.579305e-05 3.549979e-05 -8.511087e-05
11574.200000 8.857905e-01 8.408232e-03 2.039703e-03 6.327050e-01 -8.179104e-05 -7.703631e-05 2.298974e-05 -8.659792e-05
11574.400000 8.922214e-01 8.524195e-03 2.111743e-03 6.355245e-01 -8.083161e-05 -7.048237e-05 2.365020e-05 -9.277832e-05
11574.600000 8.905238e-01 8.509160e-03 2.072218e-03 6.308378e-01 -8.015555e-05 -6.001816e-05 3.038285e-05 -9.244542e-05
11574.800000 8.792800e-01 8.323503e-03 2.000445e-03 6.216478e-01 -7.320724e-05 -5.735463e-05 4.737718e-05 -8.894011e-05
11575.000000 8.918628e-01 8.545852e-03 2.045180e-03 6.293252e-01 -5.980296e-05 -6.403566e-05 3.711858e-05 -9.695344e-05
11575.200000 8.958307e-01 8.638143e-03 2.110948e-03 6.310189e-01 -7.279154e-05 -6.832146e-05 3.569620e-05 -1.026806e-04
11575.400000 8.938492e-01 8.593989e-03 2.098403e-03 6.292368e-01 -7.027970e-05 -5.883801e-05 3.793988e-05 -9.633749e-05
11575.600000 9.005166e-01 8.767854e-03 2.298983e-03 6.323917e-01 -7.496473e-05 -5.985721e-05 5.107859e-05 -8.183616e-05
11575.800000 8.874067e-01 8.513500e-03 2.128296e-03 6.224165e-01 -7.969756e-05 -5.096306e-05 4.822469e-05 -8.265841e-05
11576.000000 8.881677e-01 8.540312e-03 2.095263e-03 6.212988e-01 -7.506125e-05 -4.935607e-05 3.208875e-05 -9.417681e-05
11576.200000 8.931338e-01 8.612297e-03 2.041671e-03 6.246576e-01 -7.928331e-05 -5.406048e-05 4.124165e-05 -8.459333e-05
11576.400000 8.880468e-01 8.571623e-03 2.022469e-03 6.207597e-01 -7.735241e-05 -6.295156e-05 3.674117e-05 -8.033270e-05
11576.600000 8.982193e-01 8.739209e-03 2.113913e-03 6.286478e-01 -7.285563e-05 -6.244348e-05 4.224285e-05 -9.079902e-05
11576.800000 8.899909e-01 8.603069e-03 1.946755e-03 6.201135e-01 -7.741082e-05 -5.421667e-05 4.032298e-05 -1.020742e-04
11577.000000 8.945485e-01 8.693238e-03 2.068766e-03 6.234557e-01 -7.494778e-05 -5.398159e-05 3.931882e-05 -9.102777e-05
11577.200000 8.943293e-01 8.657992e-03 2.033303e-03 6.230530e-01 -7.648553e-05 -4.669295e-05 3.075084e-05 -8.850815e-05
11577.400000 8.873607e-01 8.568693e-03 1.997611e-03 6.192733e-01 -7.918619e-05 -5.060529e-05 1.789893e-05 -8.771577e-05
11577.600000 8.980134e-01 8.734071e-03 2.004827e-03 6.260643e-01 -7.261153e-05 -5.771472e-05 2.409992e-05 -9.023844e-05
11577.800000 8.976849e-01 8.765344e-03 2.132679e-03 6.255955e-01 -7.682844e-05 -5.823643e-05 3.322700e-05 -9.003553e-05
11578.000000 9.007984e-01 8.781559e-03 2.030388e-03 6.262515e-01 -8.074032e-05 -5.643782e-05 2.201765e-05 -8.980795e-05
11578.200000 8.936806e-01 8.672035e-03 2.138664e-03 6.243646e-01 -8.090387e-05 -5.897094e-05 1.481688e-05 -9.944598e-05
11578.400000 8.929826e-01 8.669565e-03 2.005999e-03 6.228690e-01 -7.886322e-05 -6.317017e-05 2.550487e-05 -1.005873e-04
11578.600000 8.927095e-01 8.658097e-03 2.072031e-03 6.224066e-01 -7.895444e-05 -6.448309e-05 2.615661e-05 -9.467309e-05
11578.800000 8.768443e-01 8.387879e-03 1.976584e-03 6.098680e-01 -7.670441e-05 -6.986101e-05 2.354417e-05 -9.488378e-05
11579.000000 8.976322e-01 8.746667e-03 1.953805e-03 6.278082e-01 -6.885036e-05 -5.514944e-05 2.973906e-05 -9.200515e-05
11579.200000 8.936698e-01 8.712663e-03 1.982905e-03 6.232198e-01 -5.924235e-05 -5.564076e-05 2.710832e-05 -9.444974e-05
11579.400000 8.924379e-01 8.653371e-03 1.975329e-03 6.246125e-01 -7.642805e-05 -5.260658e-05 3.108859e-05 -1.046097e-04
11579.600000 9.057033e-01 8.871236e-03 2.018219e-03 6.334010e-01 -8.298193e-05 -4.702183e-05 3.352753e-05 -1.078174e-04
11579.800000 8.891125e-01 8.656265e-03 1.821314e-03 6.222152e-01 -7.049231e-05 -4.696188e-05 3.386154e-05 -9.311867e-05
11580.000000 8.859849e-01 8.556711e-03 2.079215e-03 6.201360e-01 -7.674273e-05 -5.596627e-05 3.045392e-05 -1.017837e-04
11580.200000 8.974125e-01 8.753006e-03 2.196425e-03 6.289500e-01 -8.318279e-05 -6.570716e-05 3.550139e-05 -1.009691e-04
11580.400000 8.906512e-01 8.660820e-03 1.956242e-03 6.228123e-01 -8.792784e-05 -6.899870e-05 3.404955e-05 -1.016642e-04
11580.600000 8.931671e-01 8.699814e-03 1.924199e-03 6.232455e-01 -8.295875e-05 -6.151105e-05 3.167286e-05 -9.245504e-05
11580.800000 9.055254e-01 8.909589e-03 1.862311e-03 6.323163e-01 -8.949467e-05 -6.058079e-05 2.595257e-05 -1.024426e-04
11581.000000 8.958863e-01 8.734150e-03 1.835714e-03 6.281706e-01 -8.508531e-05 -6.013668e-05 4.444435e-05 -9.399568e-05
11581.200000 8.775272e-01 8.467248e-03 1.936181e-03 6.135897e-01 -8.095791e-05 -6.044604e-05 3.762525e-05 -1.114407e-04
11581.400000 9.015862e-01 8.827359e-03 1.983453e-03 6.303017e-01 -7.776362e-05 -6.134809e-05 3.200425e-05 -1.057785e-04
11581.600000 9.053878e-01 8.897992e-03 1.978156e-03 6.337732e-01 -7.644898e-05 -5.680389e-05 2.458949e-05 -1.091250e-04
11581.800000 8.900418e-01 8.691354e-03 1.884817e-03 6.229583e-01 -7.855097e-05 -5.947293e-05 3.412704e-05 -9.943240e-05
11582.000000 8.876580e-01 8.611926e-03 1.867804e-03 6.225141e-01 -8.653792e-05 -6.106612e-05 3.527032e-05 -1.051542e-04
11582.200000 8.891541e-01 8.652979e-03 1.941830e-03 6.236242e-01 -8.253628e-05 -6.143977e-05 3.685563e-05 -1.078493e-04
11582.400000 8.858266e-01 8.614915e-03 1.951036e-03 6.214349e-01 -7.149693e-05 -6.201426e-05 3.716207e-05 -1.053914e-04
11582.600000 8.809779e-01 8.496218e-03 2.109531e-03 6.178398e-01 -7.625157e-05 -5.974400e-05 3.002600e-05 -9.925836e-05
11582.800000 8.873308e-01 8.585914e-03 2.015430e-03 6.238171e-01 -8.099838e-05 -7.129402e-05 1.590219e-05 -1.071683e-04
11583.000000 9.019077e-01 8.822977e-03 2.007499e-03 6.326290e-01 -7.964539e-05 -6.659027e-05 3.770952e-05 -8.953469e-05
11583.200000 8.885760e-01 8.620688e-03 2.016428e-03 6.233956e-01 -7.240751e-05 -6.495104e-05 4.365934e-05 -8.844086e-05
11583.400000 8.889687e-01 8.619594e-03 2.219727e-03 6.273917e-01 -7.527954e-05 -7.174699e-05 2.905240e-05 -9.390730e-05
11583.600000 9.014627e-01 8.852339e-03 2.132804e-03 6.359443e-01 -7.598920e-05 -7.439131e-05 3.845137e-05 -8.925497e-05
11583.800000 9.064049e-01 8.943800e-03 2.144693e-03 6.371253e-01 -8.703321e-05 -6.660303e-05 2.556166e-05 -9.507953e-05
11584.000000 8.852297e-01 8.581635e-03 1.984227e-03 6.239695e-01 -7.969473e-05 -6.124709e-05 2.406459e-05 -9.066934e-05
11584.200000 8.891871e-01 8.617664e-03 2.064235e-03 6.308596e-01 -7.180628e-05 -5.867006e-05 2.878419e-05 -9.149880e-05
11584.400000 8.935965e-01 8.674770e-03 2.069940e-03 6.295168e-01 -6.765561e-05 -5.765258e-05 3.714438e-05 -9.054963e-05
11584.600000 9.052192e-01 8.906974e-03 2.300318e-03 6.390456e-01 -6.742748e-05 -5.873306e-05 4.020500e-05 -9.084516e-05
11584.800000 8.940647e-01 8.714058e-03 2.152183e-03 6.329163e-01 -6.813732e-05 -5.865501e-05 4.538402e-05 -9.549047e-05
11585.000000 8.954100e-01 8.728251e-03 2.168030e-03 6.318256e-01 -7.079421e-05 -6.213059e-05 4.222815e-05 -9.046945e-05
11585.200000 8.970374e-01 8.781251e-03 2.180518e-03 6.344036e-01 -7.412473e-05 -5.980941e-05 4.321220e-05 -7.979430e-05
11585.400000 9.020488e-01 8.850334e-03 2.230935e-03 6.386768e-01 -7.954018e-05 -6.423770e-05 4.373095e-05 -8.703824e-05
11585.600000 8.948818e-01 8.714779e-03 2.066684e-03 6.349602e-01 -7.868543e-05 -6.383301e-05 4.290566e-05 -8.331808e-05
11585.800000 8.964973e-01 8.688226e-03 2.128867e-03 6.351396e-01 -8.198659e-05 -6.044834e-05 2.630863e-05 -9.522813e-05
11586.000000 8.884986e-01 8.623691e-03 2.165376e-03 6.294311e-01 -9.027078e-05 -6.626883e-05 2.817837e-05 -9.076014e-05
11586.200000 9.014056e-01 8.825299e-03 2.178035e-03 6.394695e-01 -9.029645e-05 -6.399083e-05 2.075158e-05 -8.938082e-05
11586.400000 8.940245e-01 8.726906e-03 2.267305e-03 6.342690e-01 -8.306612e-05 -6.054358e-05 1.457457e-05 -1.011674e-04
11586.600000 8.986638e-01 8.770340e-03 2.188415e-03 6.375584e-01 -8.031247e-05 -6.464617e-05 2.817284e-05 -9.381150e-05
11586.800000 8.851433e-01 8.613763e-03 2.199678e-03 6.291845e-01 -7.303900e-05 -6.367942e-05 2.979104e-05 -9.604113e-05
11587.000000 8.922887e-01 8.649591e-03 2.185508e-03 6.337266e-01 -7.183910e-05 -6.624519e-05 3.096851e-05 -8.797481e-05
11587.200000 8.975856e-01 8.653513e-03 2.152787e-03 6.353025e-01 -7.649469e-05 -7.252771e-05 3.967433e-05 -8.390193e-05
11587.400000 8.808556e-01 8.514139e-03 2.163315e-03 6.252161e-01 -7.312985e-05 -7.835729e-05 4.792252e-05 -7.651010e-05
11587.600000 8.988463e-01 8.771547e-03 2.221817e-03 6.381013e-01 -6.868786e-05 -7.136325e-05 5.511596e-05 -7.950081e-05
11587.800000 8.924105e-01 8.731685e-03 2.119181e-03 6.338471e-01 -8.000130e-05 -6.466994e-05 3.854127e-05 -8.137269e-05
11588.000000 8.945298e-01 8.694870e-03 2.040506e-03 6.366344e-01 -9.270572e-05 -5.582473e-05 3.105340e-05 -9.006845e-05
11588.200000 8.450773e-01 8.095076e-03 1.992098e-03 5.990965e-01 -8.675871e-05 -5.015487e-05 1.970617e-05 -8.400522e-05
11588.400000 8.625421e-01 8.229209e-03 2.210976e-03 6.139947e-01 -8.184132e-05 -5.763514e-05 1.931259e-05 -7.892526e-05
11588.600000 8.939707e-01 8.734081e-03 2.066059e-03 6.362729e-01 -8.540275e-05 -6.147370e-05 4.164016e-05 -9.250589e-05
11588.800000 8.795618e-01 8.552991e-03 2.200877e-03 6.229186e-01 -7.272422e-05 -6.702010e-05 3.171751e-05 -1.068921e-04
11589.000000 8.833910e-01 8.572963e-03 2.086107e-03 6.299660e-01 -7.362316e-05 -5.617308e-05 4.606458e-05 -9.159976e-05
11589.200000 8.964833e-01 8.714839e-03 2.170978e-03 6.399997e-01 -7.664657e-05 -4.316714e-05 4.473704e-05 -9.981448e-05
11589.400000 9.011413e-01 8.818336e-03 2.168507e-03 6.431552e-01 -7.240146e-05 -3.957935e-05 3.337268e-05 -1.094857e-04
11589.600000 8.888497e-01 8.670641e-03 2.118102e-03 6.353744e-01 -7.843147e-05 -4.855377e-05 2.213966e-05 -9.590694e-05
11589.800000 8.998851e-01 8.789420e-03 2.048903e-03 6.400710e-01 -8.055267e-05 -5.212411e-05 1.706106e-05 -9.547592e-05
11590.000000 8.911826e-01 8.697926e-03 2.088068e-03 6.364626e-01 -8.008124e-05 -6.177232e-05 1.603505e-05 -9.784213e-05
11590.200000 8.817383e-01 8.589589e-03 2.049786e-03 6.301030e-01 -7.971442e-05 -5.798357e-05 1.842734e-05 -9.683932e-05
11590.400000 8.939677e-01 8.690205e-03 2.055188e-03 6.356242e-01 -8.087760e-05 -5.797961e-05 4.088738e-05 -8.430463e-05
11590.600000 8.863269e-01 8.665745e-03 2.000418e-03 6.356228e-01 -7.380442e-05 -5.581567e-05 3.945371e-05 -8.379130e-05
11590.800000 8.971628e-01 8.835808e-03 2.104068e-03 6.435404e-01 -7.718776e-05 -5.925842e-05 4.106229e-05 -8.816448e-05
11591.000000 8.976523e-01 8.771610e-03 2.066467e-03 6.405820e-01 -8.075986e-05 -6.384847e-05 2.600227e-05 -9.301738e-05
11591.200000 8.651638e-01 8.371335e-03 1.933397e-03 6.170915e-01 -8.027505e-05 -6.627192e-05 3.872232e-05 -8.750909e-05
11591.400000 8.857622e-01 8.575980e-03 2.018986e-03 6.326697e-01 -7.906045e-05 -6.037671e-05 3.412728e-05 -8.803256e-05
11591.600000 8.880732e-01 8.634268e-03 1.891109e-03 6.350210e-01 -7.905397e-05 -6.176469e-05 4.100301e-05 -8.461672e-05
11591.800000 9.019519e-01 8.809332e-03 2.022466e-03 6.467814e-01 -7.711177e-05 -6.071826e-05 3.459918e-05 -9.089458e-05
11592.000000 8.930615e-01 8.696266e-03 1.836125e-03 6.378782e-01 -7.930755e-05 -5.735803e-05 3.000979e-05 -9.003073e-05
11592.200000 8.898449e-01 8.716007e-03 2.022850e-03 6.391920e-01 -7.969409e-05 -6.215540e-05 2.236227e-05 -1.028656e-04
11592.400000 8.818791e-01 8.513421e-03 1.875508e-03 6.308365e-01 -7.193834e-05 -6.896383e-05 1.948311e-05 -8.404277e-05
11592.600000 9.028700e-01 8.880305e-03 1.790877e-03 6.494466e-01 -7.363702e-05 -6.369406e-05 3.211731e-05 -8.253037e-05
11592.800000 9.110297e-01 8.990559e-03 2.004925e-03 6.539588e-01 -7.676799e-05 -6.095353e-05 3.983340e-05 -8.883462e-05
11593.000000 8.893518e-01 8.673138e-03 1.826923e-03 6.359939e-01 -7.863288e-05 -6.338084e-05 4.100329e-05 -7.628970e-05
11593.200000 9.001188e-01 8.805552e-03 1.795070e-03 6.472019e-01 -7.701702e-05 -7.075974e-05 2.679845e-05 -9.030918e-05
11593.400000 8.765181e-01 8.533631e-03 2.010769e-03 6.280917e-01 -7.292156e-05 -6.993028e-05 2.695131e-05 -8.194413e-05
11593.600000 8.879607e-01 8.671903e-03 2.089169e-03 6.400481e-01 -7.225914e-05 -7.437294e-05 4.197136e-05 -6.920196e-05
11593.800000 9.057004e-01 8.806490e-03 1.964658e-03 6.511655e-01 -8.565462e-05 -7.092963e-05 3.237014e-05 -7.821733e-05
11594.000000 8.852786e-01 8.664205e-03 2.016275e-03 6.371186e-01 -8.421216e-05 -6.038528e-05 4.143097e-05 -7.467706e-05
11594.200000 8.982154e-01 8.799810e-03 1.806173e-03 6.448120e-01 -7.765917e-05 -5.943516e-05 3.903814e-05 -7.269396e-05
11594.400000 8.884348e-01 8.672752e-03 1.778783e-03 6.381455e-01 -8.404322e-05 -6.124390e-05 3.644792e-05 -7.975394e-05
11594.600000 8.952287e-01 8.746312e-03 1.819441e-03 6.458591e-01 -8.125269e-05 -5.420981e-05 3.153908e-05 -7.981813e-05
11594.800000 8.868991e-01 8.618115e-03 1.939735e-03 6.364326e-01 -8.220314e-05 -5.072506e-05 3.248795e-05 -7.784025e-05
11595.000000 8.888520e-01 8.681975e-03 1.836931e-03 6.385022e-01 -8.350415e-05 -5.367780e-05 3.534574e-05 -8.822691e-05
11595.200000 8.794703e-01 8.574619e-03 1.918989e-03 6.323113e-01 -8.800493e-05 -5.744473e-05 4.208233e-05 -8.562890e-05
11595.400000 8.953402e-01 8.787882e-03 1.934396e-03 6.457691e-01 -8.668210e-05 -6.032283e-05 2.793599e-05 -8.282699e-05
11595.600000 8.885858e-01 8.683759e-03 1.849983e-03 6.426508e-01 -8.580344e-05 -5.943274e-05 2.944803e-05 -8.665789e-05
11595.800000 8.755095e-01 8.549677e-03 1.813402e-03 6.297987e-01 -8.544861e-05 -5.424852e-05 2.007068e-05 -8.317323e-05
11596.000000 8.910269e-01 8.659427e-03 1.906667e-03 6.422327e-01 -8.922773e-05 -6.134226e-05 3.244706e-05 -9.075295e-05
11596.200000 8.873597e-01 8.862300e-03 1.874280e-03 6.386969e-01 -8.000439e-05 -5.779539e-05 2.535175e-05 -9.306150e-05
11596.400000 9.106073e-01 8.970004e-03 1.941526e-03 6.566746e-01 -8.222715e-05 -5.369663e-05 2.540637e-05 -9.448893e-05
11596.600000 8.999912e-01 8.772605e-03 1.795484e-03 6.497971e-01 -8.322482e-05 -5.771985e-05 2.443795e-05 -8.664584e-05
11596.800000 8.774951e-01 8.513269e-03 2.008285e-03 6.377830e-01 -8.230283e-05 -5.614103e-05 5.336958e-06 -8.955875e-05
11597.000000 8.853349e-01 8.634949e-03 1.883454e-03 6.396398e-01 -7.916311e-05 -5.172581e-05 9.898034e-06 -8.454190e-05
11597.700000 8.894047e-01 8.687668e-03 1.925827e-03 6.429910e-01 -8.304716e-05 -5.331214e-05 1.468290e-05 -8.318498e-05
11598.400000 8.897595e-01 8.707532e-03 1.989016e-03 6.445185e-01 -7.766177e-05 -6.122707e-05 7.440472e-06 -8.161302e-05
11599.100000 8.886004e-01 8.708410e-03 1.990643e-03 6.454642e-01 -6.989043e-05 -6.341872e-05 3.927110e-06 -8.835270e-05
11599.800000 8.853370e-01 8.664183e-03 1.989868e-03 6.439798e-01 -7.872932e-05 -6.326744e-05 1.438581e-05 -8.574783e-05
11600.500000 8.878655e-01 8.696363e-03 2.005071e-03 6.456302e-01 -7.916454e-05 -6.510022e-05 1.494600e-05 -8.796354e-05
11601.200000 8.892634e-01 8.737551e-03 2.081277e-03 6.455780e-01 -7.002525e-05 -6.995691e-05 1.308441e-05 -9.502092e-05
11601.900000 8.857723e-01 8.653478e-03 2.092022e-03 6.458180e-01 -7.101338e-05 -7.451112e-05 1.295123e-05 -9.147379e-05
11602.600000 8.895882e-01 8.737273e-03 2.003563e-03 6.483523e-01 -7.732326e-05 -5.955443e-05 1.845325e-05 -8.931230e-05
11603.300000 8.925657e-01 8.783945e-03 2.071256e-03 6.521143e-01 -8.397999e-05 -5.773391e-05 2.068093e-05 -8.413139e-05
11604.993695 8.910186e-01 8.760122e-03 2.123480e-03 6.532810e-01 -8.504577e-05 -5.542287e-05 2.749258e-05 -8.306826e-05
11605.999583 8.874984e-01 8.711291e-03 2.115911e-03 6.523206e-01 -8.283617e-05 -5.486543e-05 3.121691e-05 -7.812747e-05
11607.017662 8.890489e-01 8.729003e-03 2.110245e-03 6.536963e-01 -8.414612e-05 -5.494099e-05 2.345089e-05 -8.052716e-05
11608.047933 8.880593e-01 8.734287e-03 2.142989e-03 6.555892e-01 -9.435641e-05 -6.023947e-05 1.995348e-05 -9.281362e-05
11609.090396 8.889928e-01 8.745545e-03 2.178620e-03 6.571263e-01 -9.335955e-05 -6.017753e-05 3.240503e-05 -8.893167e-05
11610.145051 8.905398e-01 8.760350e-03 2.149268e-03 6.591557e-01 -9.995815e-05 -6.725511e-05 2.729559e-05 -8.690143e-05
11611.211898 8.887634e-01 8.750798e-03 2.131211e-03 6.599242e-01 -9.923986e-05 -7.180569e-05 1.948462e-05 -8.104225e-05
11612.290937 8.877926e-01 8.741290e-03 2.037007e-03 6.591387e-01 -9.052932e-05 -7.095514e-05 1.858968e-05 -8.294954e-05
11613.382167 8.842656e-01 8.681804e-03 2.056557e-03 6.585592e-01 -8.116445e-05 -7.560603e-05 1.941436e-05 -9.497328e-05
11614.485590 8.888529e-01 8.759832e-03 2.034268e-03 6.623409e-01 -8.366226e-05 -7.126119e-05 3.207967e-05 -8.726977e-05
11615.601204 8.808925e-01 8.636719e-03 1.988640e-03 6.590181e-01 -8.855275e-05 -7.130404e-05 2.203223e-05 -8.987558e-05
11616.729011 8.852154e-01 8.723028e-03 1.981678e-03 6.630318e-01 -8.925656e-05 -6.070027e-05 2.261160e-05 -9.266459e-05
11617.869009 8.854801e-01 8.735577e-03 1.972555e-03 6.613338e-01 -8.937170e-05 -5.114235e-05 2.925975e-05 -8.948665e-05
11619.021199 8.830613e-01 8.722439e-03 1.975231e-03 6.590084e-01 -7.743385e-05 -4.993345e-05 2.345795e-05 -9.048293e-05
11620.185582 8.863279e-01 8.784823e-03 1.951933e-03 6.614601e-01 -8.012437e-05 -4.589104e-05 2.051558e-05 -1.055311e-04
11621.362156 8.874147e-01 8.832580e-03 1.921372e-03 6.601516e-01 -8.383984e-05 -5.125576e-05 2.956608e-05 -9.080643e-05
11622.550922 8.858919e-01 8.834063e-03 1.911684e-03 6.569969e-01 -7.895321e-05 -5.422027e-05 2.936852e-05 -8.872625e-05
11623.751879 8.865416e-01 8.864558e-03 1.962280e-03 6.543662e-01 -8.789467e-05 -5.873358e-05 2.580676e-05 -8.341529e-05
11624.965029 8.852968e-01 8.873671e-03 1.973467e-03 6.516198e-01 -8.437166e-05 -6.195734e-05 1.535019e-05 -8.678628e-05
11626.190371 8.856366e-01 8.912484e-03 2.018222e-03 6.518805e-01 -8.495564e-05 -6.176456e-05 2.202690e-05 -8.915193e-05
11627.427904 8.867557e-01 8.971358e-03 2.009956e-03 6.506673e-01 -7.463011e-05 -6.926431e-05 1.723701e-05 -8.775336e-05
11628.677630 8.826869e-01 8.932838e-03 1.980580e-03 6.469315e-01 -8.175508e-05 -7.307757e-05 1.753544e-05 -9.561417e-05
11629.939547 8.798848e-01 8.915343e-03 1.984984e-03 6.441873e-01 -7.585883e-05 -6.559498e-05 2.634128e-05 -9.656440e-05
11631.213657 8.846018e-01 8.993750e-03 2.069737e-03 6.457026e-01 -7.476338e-05 -6.706185e-05 2.761845e-05 -9.911837e-05
11632.499958 8.868686e-01 9.048449e-03 2.107745e-03 6.460858e-01 -7.982118e-05 -6.363569e-05 3.444934e-05 -9.910094e-05
11633.798451 8.823787e-01 9.000225e-03 2.066315e-03 6.421750e-01 -8.347326e-05 -6.928029e-05 3.347499e-05 -9.344754e-05
11635.109136 8.839932e-01 9.041077e-03 2.129054e-03 6.425742e-01 -9.788359e-05 -7.492253e-05 2.449123e-05 -9.273913e-05
11636.432013 8.834096e-01 9.054327e-03 2.133219e-03 6.427131e-01 -9.160168e-05 -6.971101e-05 1.977432e-05 -9.382701e-05
11637.767082 8.847854e-01 9.102785e-03 2.170854e-03 6.429651e-01 -9.253548e-05 -7.587629e-05 1.364360e-05 -8.793379e-05
11639.114342 8.819664e-01 9.067144e-03 2.179131e-03 6.405617e-01 -9.666433e-05 -7.646607e-05 2.986876e-06 -9.333640e-05
11640.473795 8.836829e-01 9.098923e-03 2.201604e-03 6.409593e-01 -8.871266e-05 -7.144554e-05 1.888644e-05 -9.374241e-05
11641.845440 8.829222e-01 9.110565e-03 2.195735e-03 6.414852e-01 -8.660896e-05 -7.194650e-05 2.900466e-05 -9.209967e-05
11643.229276 8.821512e-01 9.112595e-03 2.287487e-03 6.415836e-01 -9.286219e-05 -6.974697e-05 2.359835e-05 -9.253830e-05
11644.625305 8.823863e-01 9.119422e-03 2.327488e-03 6.428114e-01 -8.893243e-05 -7.368433e-05 7.693430e-06 -8.996507e-05
11646.033525 8.819697e-01 9.147785e-03 2.319040e-03 6.427961e-01 -8.820403e-05 -7.026340e-05 1.731357e-05 -8.742274e-05
11647.453937 8.814399e-01 9.180172e-03 2.311992e-03 6.413330e-01 -8.143121e-05 -6.884593e-05 1.307864e-05 -8.824186e-05
11648.886541 8.758596e-01 9.109819e-03 2.320926e-03 6.387966e-01 -9.033085e-05 -6.902099e-05 2.008790e-05 -9.214520e-05
11650.331337 8.784398e-01 9.156419e-03 2.289715e-03 6.395238e-01 -9.156500e-05 -6.746397e-05 2.253843e-05 -9.843779e-05
11651.788325 8.791861e-01 9.177976e-03 2.314048e-03 6.412857e-01 -9.307018e-05 -6.791905e-05 2.306178e-05 -1.012636e-04
11653.257505 8.805444e-01 9.193948e-03 2.269060e-03 6.441352e-01 -9.063131e-05 -6.494561e-05 2.111334e-05 -9.790085e-05
11654.738877 8.777797e-01 9.154702e-03 2.269318e-03 6.403457e-01 -9.240583e-05 -5.977259e-05 1.576158e-05 -1.336573e-04
11656.232440 8.802736e-01 9.233457e-03 2.246242e-03 6.439348e-01 -8.294617e-05 -6.758024e-05 2.390184e-05 -1.376367e-04
11657.738196 8.794326e-01 9.229411e-03 2.219310e-03 6.427644e-01 -7.299956e-05 -6.623847e-05 1.179180e-05 -1.342115e-04
11659.256143 8.784836e-01 9.233295e-03 2.168947e-03 6.445687e-01 -7.695602e-05 -6.887535e-05 2.766249e-06 -1.342544e-04
11660.786283 8.773578e-01 9.227029e-03 2.235542e-03 6.433776e-01 -7.965691e-05 -6.834124e-05 5.767484e-06 -1.323325e-04
11662.328614 8.792954e-01 9.292674e-03 2.186316e-03 6.447346e-01 -8.214896e-05 -6.879110e-05 6.751599e-06 -1.314047e-04
11663.883137 8.778393e-01 9.271597e-03 2.164231e-03 6.432406e-01 -8.113720e-05 -6.467903e-05 1.269138e-05 -1.344819e-04
11665.449852 8.773308e-01 9.294235e-03 2.171338e-03 6.431116e-01 -9.305549e-05 -6.284695e-05 2.653546e-05 -1.370702e-04
11667.028759 8.748627e-01 9.251038e-03 2.179866e-03 6.444173e-01 -8.812334e-05 -6.020817e-05 1.563381e-05 -1.416606e-04
11668.619858 8.772670e-01 9.304486e-03 2.215784e-03 6.459113e-01 -8.619394e-05 -5.858802e-05 1.346372e-05 -1.458293e-04
11670.223149 8.761452e-01 9.322671e-03 2.211890e-03 6.461095e-01 -8.745570e-05 -5.970313e-05 2.863594e-05 -1.341864e-04
11671.838632 8.761102e-01 9.343267e-03 2.202335e-03 6.481105e-01 -8.781169e-05 -6.070543e-05 3.673668e-05 -1.455410e-04
11673.466307 8.753923e-01 9.346127e-03 2.202541e-03 6.487691e-01 -8.368563e-05 -4.879748e-05 3.422755e-05 -1.520822e-04
11675.106173 8.749467e-01 9.360990e-03 2.189590e-03 6.473366e-01 -8.968429e-05 -4.805379e-05 3.356827e-05 -1.287753e-04
11676.758232 8.738184e-01 9.373316e-03 2.245652e-03 6.478772e-01 -9.363821e-05 -5.217268e-05 3.001580e-05 -9.839551e-05
11678.422482 8.730930e-01 9.380145e-03 2.222654e-03 6.471788e-01 -9.607380e-05 -4.668875e-05 4.141579e-05 -8.511486e-05
11680.098924 8.713044e-01 9.383549e-03 2.192467e-03 6.471664e-01 -9.190734e-05 -5.571099e-05 3.442069e-05 -8.856172e-05
11681.787558 8.727166e-01 9.401327e-03 2.208515e-03 6.487943e-01 -9.470923e-05 -6.861946e-05 3.777504e-05 -8.865783e-05
11683.488385 8.727194e-01 9.410018e-03 2.208457e-03 6.495469e-01 -8.803622e-05 -7.055412e-05 3.312569e-05 -9.207549e-05
11685.201403 8.748889e-01 9.457414e-03 2.219956e-03 6.504328e-01 -7.819534e-05 -6.327125e-05 2.971921e-05 -8.903305e-05
11686.926613 8.723174e-01 9.436835e-03 2.217614e-03 6.468788e-01 -8.694422e-05 -6.461309e-05 2.990524e-05 -9.735966e-05
11688.664014 8.715264e-01 9.445443e-03 2.199345e-03 6.480910e-01 -9.909409e-05 -6.944252e-05 2.465234e-05 -9.776349e-05
11690.413608 8.727324e-01 9.474862e-03 2.238926e-03 6.510687e-01 -8.576146e-05 -7.499176e-05 1.515316e-05 -1.047713e-04
11692.175394 8.728813e-01 9.495909e-03 2.214667e-03 6.490565e-01 -8.432503e-05 -7.016853e-05 2.073851e-05 -9.236557e-05
11693.949371 8.716847e-01 9.506810e-03 2.269191e-03 6.474513e-01 -8.884641e-05 -7.050580e-05 1.985689e-05 -9.665795e-05
11695.735541 8.709501e-01 9.531241e-03 2.311814e-03 6.453845e-01 -8.784009e-05 -7.093675e-05 2.691204e-05 -8.920601e-05
11697.533902 8.698388e-01 9.526920e-03 2.300196e-03 6.461520e-01 -6.983733e-05 -7.517598e-05 2.206088e-05 -8.470437e-05
11699.344455 8.691389e-01 9.548084e-03 2.367600e-03 6.444544e-01 -7.492228e-05 -7.830937e-05 2.492429e-05 -8.691787e-05
11701.167201 8.685459e-01 9.582256e-03 2.383050e-03 6.450712e-01 -7.573426e-05 -7.309096e-05 2.360190e-05 -8.142158e-05
11703.002138 8.654780e-01 9.574307e-03 2.362356e-03 6.417726e-01 -7.624922e-05 -7.307418e-05 2.276468e-05 -8.305527e-05
11704.849267 8.672380e-01 9.615021e-03 2.421935e-03 6.437430e-01 -8.570673e-05 -7.876047e-05 2.576401e-05 -9.539091e-05
11706.708588 8.691767e-01 9.653038e-03 2.428714e-03 6.465356e-01 -8.270098e-05 -8.878673e-05 2.615296e-05 -1.389065e-04
11708.580100 8.682041e-01 9.667282e-03 2.461815e-03 6.448857e-01 -8.199345e-05 -7.339732e-05 2.428799e-05 -1.398372e-04
11710.463805 8.673161e-01 9.686241e-03 2.442368e-03 6.438786e-01 -8.465807e-05 -7.265668e-05 1.830889e-05 -1.466648e-04
11712.359702 8.683146e-01 9.719302e-03 2.472981e-03 6.441906e-01 -9.330975e-05 -6.864701e-05 1.947340e-05 -1.476230e-04
11714.267790 8.666453e-01 9.726937e-03 2.481758e-03 6.422621e-01 -9.765992e-05 -7.255261e-05 1.908870e-05 -1.421368e-04
11716.188071 8.649696e-01 9.724127e-03 2.406055e-03 6.417222e-01 -1.048036e-04 -7.789814e-05 2.495795e-05 -1.366102e-04
11718.120543 8.651735e-01 9.759370e-03 2.401227e-03 6.414320e-01 -1.073941e-04 -7.304060e-05 3.761718e-05 -1.259924e-04
11720.065207 8.653976e-01 9.785050e-03 2.446495e-03 6.419157e-01 -9.652042e-05 -7.105233e-05 3.514176e-05 -1.256551e-04
11722.022064 8.657396e-01 9.800244e-03 2.395213e-03 6.409291e-01 -9.079536e-05 -8.020028e-05 3.727420e-05 -1.451198e-04
11723.991112 8.640411e-01 9.792556e-03 2.366491e-03 6.407544e-01 -9.279034e-05 -8.167568e-05 4.414496e-05 -1.368210e-04
11725.972352 8.651099e-01 9.843561e-03 2.385893e-03 6.409225e-01 -9.122344e-05 -8.082983e-05 3.481535e-05 -1.417660e-04
11727.965784 8.638584e-01 9.855782e-03 2.376823e-03 6.401055e-01 -9.041787e-05 -7.488933e-05 3.034112e-05 -1.424354e-04
11729.971407 8.635733e-01 9.870594e-03 2.405275e-03 6.395323e-01 -9.442300e-05 -7.734623e-05 3.913794e-05 -1.545719e-04
11731.989223 8.583046e-01 9.830645e-03 2.378227e-03 6.365156e-01 -9.743343e-05 -7.456316e-05 4.476525e-05 -1.371286e-04
11734.019231 8.602717e-01 9.888082e-03 2.360294e-03 6.382948e-01 -9.607452e-05 -7.005618e-05 4.802447e-05 -1.296273e-04
11736.061430 8.621299e-01 9.925393e-03 2.348977e-03 6.427834e-01 -9.642759e-05 -6.978846e-05 2.812272e-05 -1.333746e-04
11738.115822 8.617071e-01 9.950352e-03 2.375663e-03 6.406950e-01 -8.780880e-05 -7.858289e-05 2.146480e-05 -1.305589e-04
11740.182405 8.619982e-01 9.972373e-03 2.399742e-03 6.408793e-01 -8.384530e-05 -8.126791e-05 1.828971e-05 -1.350490e-04
11742.261180 8.621694e-01 9.980107e-03 2.407665e-03 6.397890e-01 -8.932724e-05 -8.189983e-05 1.734894e-05 -1.345093e-04
11744.352148 8.605161e-01 9.972582e-03 2.442208e-03 6.401093e-01 -8.957718e-05 -8.172469e-05 2.450901e-05 -1.379902e-04
11746.455307 8.601027e-01 9.990580e-03 2.438408e-03 6.406058e-01 -8.507682e-05 -8.574570e-05 3.097814e-05 -1.468974e-04
11748.570658 8.600097e-01 1.000059e-02 2.441885e-03 6.414535e-01 -7.379797e-05 -8.431115e-05 3.900226e-05 -1.250931e-04
11750.698201 8.593543e-01 1.003200e-02 2.414004e-03 6.410038e-01 -8.248445e-05 -7.476121e-05 4.187449e-05 -1.205036e-04
11752.837935 8.595768e-01 1.006605e-02 2.373776e-03 6.406223e-01 -8.722771e-05 -6.740098e-05 3.985473e-05 -1.254015e-04
11754.989862 8.591670e-01 1.009963e-02 2.391021e-03 6.407920e-01 -8.941831e-05 -7.463443e-05 3.929762e-05 -1.313980e-04
11757.153981 8.569903e-01 1.008349e-02 2.398319e-03 6.390612e-01 -8.812084e-05 -7.436871e-05 4.356847e-05 -1.306534e-04
11759.330291 8.581154e-01 1.013237e-02 2.422497e-03 6.424040e-01 -8.963765e-05 -7.621408e-05 4.198128e-05 -1.353283e-04
11761.518794 8.584332e-01 1.016720e-02 2.502823e-03 6.429796e-01 -9.252645e-05 -7.060068e-05 4.027728e-05 -1.316887e-04
11763.719488 8.563980e-01 1.015353e-02 2.512353e-03 6.420184e-01 -8.964709e-05 -6.820628e-05 4.265109e-05 -1.326630e-04
11765.932374 8.569259e-01 1.018017e-02 2.506234e-03 6.433167e-01 -9.196655e-05 -6.248737e-05 3.923118e-05 -1.350954e-04
11768.157453 8.550827e-01 1.018596e-02 2.581358e-03 6.410379e-01 -8.856318e-05 -7.405512e-05 3.809050e-05 -1.354207e-04
11770.394723 8.511928e-01 1.016250e-02 2.608292e-03 6.393273e-01 -8.612497e-05 -6.839067e-05 3.663833e-05 -1.365540e-04
11772.644185 8.448914e-01 1.009554e-02 2.582876e-03 6.360962e-01 -7.897105e-05 -6.183639e-05 3.613117e-05 -1.302218e-04
11774.905838 8.511536e-01 1.019851e-02 2.668511e-03 6.397193e-01 -8.526374e-05 -6.033394e-05 5.001908e-05 -1.305975e-04
11777.179684 8.532520e-01 1.025865e-02 2.631192e-03 6.422820e-01 -9.077421e-05 -6.382632e-05 3.692048e-05 -1.299373e-04
11779.465722 8.539077e-01 1.031195e-02 2.683509e-03 6.417642e-01 -8.539553e-05 -5.668551e-05 3.053507e-05 -1.354973e-04
11781.763952 8.521268e-01 1.030209e-02 2.674919e-03 6.395774e-01 -8.098700e-05 -6.728115e-05 3.156194e-05 -1.377272e-04
11784.074373 8.534872e-01 1.036466e-02 2.682524e-03 6.424646e-01 -8.946421e-05 -5.595092e-05 3.473023e-05 -1.330399e-04
11786.396987 8.522088e-01 1.034822e-02 2.697997e-03 6.409734e-01 -9.416093e-05 -5.799807e-05 3.598085e-05 -1.250269e-04
11788.731792 8.521587e-01 1.039302e-02 2.701774e-03 6.402097e-01 -9.815104e-05 -6.459445e-05 3.143564e-05 -1.268691e-04
11791.078789 8.505777e-01 1.040481e-02 2.757263e-03 6.390701e-01 -1.062170e-04 -6.256982e-05 2.245886e-05 -9.155321e-05
11793.437978 8.513102e-01 1.046571e-02 2.684348e-03 6.411872e-01 -1.058108e-04 -6.674188e-05 1.956997e-05 -8.889330e-05
11795.809359 8.507132e-01 1.047149e-02 2.706358e-03 6.394216e-01 -1.049753e-04 -6.801852e-05 2.414720e-05 -9.447759e-05
11798.192932 8.495848e-01 1.049028e-02 2.670010e-03 6.398778e-01 -1.007091e-04 -6.523157e-05 3.078140e-05 -8.390679e-05
11800.588697 8.488132e-01 1.049925e-02 2.686299e-03 6.398333e-01 -9.549158e-05 -5.739150e-05 2.730986e-05 -7.884927e-05
11802.996654 8.484910e-01 1.051676e-02 2.657562e-03 6.390286e-01 -9.277339e-05 -5.571740e-05 2.492718e-05 -7.918867e-05
11805.416803 8.484924e-01 1.054681e-02 2.633089e-03 6.388060e-01 -9.421056e-05 -5.284514e-05 2.767595e-05 -8.396240e-05
11807.849143 8.484784e-01 1.057504e-02 2.620424e-03 6.400779e-01 -8.952296e-05 -5.553231e-05 2.628460e-05 -8.903147e-05
11810.293676 8.475882e-01 1.060028e-02 2.632445e-03 6.402892e-01 -8.601027e-05 -4.974476e-05 2.532354e-05 -8.377591e-05
11812.750400 8.459010e-01 1.060287e-02 2.589680e-03 6.383998e-01 -7.619294e-05 -5.186035e-05 3.141017e-05 -8.314677e-05
11815.219317 8.455095e-01 1.062820e-02 2.596910e-03 6.376774e-01 -7.388806e-05 -5.958498e-05 3.145110e-05 -9.410927e-05
11817.700425 8.475687e-01 1.070108e-02 2.636242e-03 6.386937e-01 -7.586828e-05 -5.365185e-05 2.412991e-05 -9.286399e-05
11820.193725 8.421698e-01 1.062306e-02 2.640302e-03 6.356461e-01 -8.160166e-05 -5.911693e-05 2.727046e-05 -8.128182e-05
11822.699217 8.414482e-01 1.067041e-02 2.641186e-03 6.355345e-01 -8.164520e-05 -6.991478e-05 2.758829e-05 -9.555412e-05
11825.216901 8.446302e-01 1.074326e-02 2.702676e-03 6.372669e-01 -7.307759e-05 -6.176938e-05 3.139378e-05 -9.328035e-05
11827.746777 8.450621e-01 1.078594e-02 2.708626e-03 6.372829e-01 -6.918680e-05 -5.451422e-05 3.336657e-05 -1.014997e-04
11830.288845 8.399830e-01 1.073487e-02 2.729927e-03 6.353919e-01 -7.174999e-05 -5.658478e-05 3.094962e-05 -9.674016e-05
11832.843105 8.403018e-01 1.080309e-02 2.743640e-03 6.343588e-01 -7.348722e-05 -5.965168e-05 3.066146e-05 -9.338411e-05
11835.409556 8.423611e-01 1.085921e-02 2.846504e-03 6.360761e-01 -7.581598e-05 -6.648957e-05 2.364076e-05 -9.816606e-05
11837.988200 8.418565e-01 1.086973e-02 2.874537e-03 6.351910e-01 -7.323357e-05 -6.604724e-05 2.407955e-05 -9.858259e-05
11840.579035 8.406655e-01 1.088541e-02 2.893692e-03 6.355660e-01 -7.813545e-05 -5.899703e-05 3.154830e-05 -9.433823e-05
11843.182062 8.388571e-01 1.089650e-02 2.890273e-03 6.327464e-01 -8.180792e-05 -5.918790e-05 4.052068e-05 -9.461975e-05
11845.797282 8.376014e-01 1.091999e-02 2.911032e-03 6.332054e-01 -7.746890e-05 -6.047535e-05 4.594369e-05 -8.652479e-05
11848.424693 8.375829e-01 1.093969e-02 2.925343e-03 6.335286e-01 -7.625002e-05 -5.954018e-05 4.578428e-05 -9.418028e-05
11851.064296 8.390927e-01 1.101017e-02 2.916819e-03 6.348603e-01 -8.210765e-05 -5.986092e-05 3.762245e-05 -9.520972e-05
11853.716091 8.377094e-01 1.100651e-02 2.896817e-03 6.348322e-01 -8.222355e-05 -6.139956e-05 2.682789e-05 -9.245324e-05
11856.380078 8.374413e-01 1.102411e-02 2.939137e-03 6.345821e-01 -8.873899e-05 -6.926617e-05 3.270805e-05 -7.984167e-05
11859.056256 8.368610e-01 1.104381e-02 2.908724e-03 6.357829e-01 -7.457624e-05 -6.413393e-05 3.495194e-05 -7.369928e-05
11861.744627 8.334395e-01 1.103982e-02 2.925737e-03 6.314339e-01 -7.452799e-05 -6.184851e-05 2.866038e-05 -7.487085e-05
11864.445190 8.307435e-01 1.104086e-02 2.903364e-03 6.308580e-01 -7.364990e-05 -5.573970e-05 3.178963e-05 -8.095608e-05
11867.157944 8.343406e-01 1.110471e-02 2.940543e-03 6.321711e-01 -7.595510e-05 -5.796570e-05 2.461298e-05 -8.310683e-05
11869.882891 8.334498e-01 1.112004e-02 2.947478e-03 6.324946e-01 -7.887215e-05 -5.857307e-05 1.838665e-05 -7.440535e-05
11872.620029 8.315476e-01 1.113211e-02 2.961330e-03 6.318752e-01 -8.359465e-05 -5.396605e-05 2.021180e-05 -7.796073e-05
11875.369359 8.336408e-01 1.120249e-02 2.976419e-03 6.328237e-01 -8.919577e-05 -5.406655e-05 1.476110e-05 -8.265253e-05
11878.130881 8.324146e-01 1.123164e-02 3.000099e-03 6.339610e-01 -7.908634e-05 -6.208158e-05 1.526171e-05 -9.898269e-05
11880.904595 8.247646e-01 1.116133e-02 2.965296e-03 6.283992e-01 -7.406366e-05 -5.908400e-05 3.040949e-05 -9.693079e-05
11883.690501 8.233601e-01 1.117729e-02 2.921320e-03 6.272456e-01 -7.799582e-05 -6.327681e-05 3.484720e-05 -8.776080e-05
11886.488599 8.306581e-01 1.131393e-02 2.971688e-03 6.336305e-01 -6.608733e-05 -6.086640e-05 2.008703e-05 -8.493556e-05
11889.298889 8.297773e-01 1.132072e-02 2.956115e-03 6.331159e-01 -6.015734e-05 -5.917739e-05 2.290837e-05 -8.595438e-05
11892.121371 8.299254e-01 1.137378e-02 2.954539e-03 6.343583e-01 -5.552458e-05 -6.040108e-05 3.029708e-05 -8.447950e-05
11894.956044 8.292908e-01 1.139262e-02 2.989927e-03 6.340511e-01 -6.636095e-05 -6.175388e-05 3.615116e-05 -8.543176e-05
11897.802910 8.290705e-01 1.142329e-02 2.989394e-03 6.333079e-01 -7.573508e-05 -5.916199e-05 3.639930e-05 -9.075976e-05
11900.661967 8.275406e-01 1.142673e-02 3.026277e-03 6.312383e-01 -8.052003e-05 -6.080629e-05 2.121191e-05 -9.798633e-05
11903.533217 8.276116e-01 1.145655e-02 3.031375e-03 6.326149e-01 -8.047662e-05 -6.595044e-05 2.251569e-05 -9.393712e-05
11906.416658 8.267662e-01 1.148945e-02 3.047769e-03 6.323233e-01 -7.911468e-05 -5.158836e-05 1.634970e-05 -9.270907e-05
11909.312291 8.259122e-01 1.152795e-02 3.111682e-03 6.318467e-01 -7.133387e-05 -4.687500e-05 1.399600e-05 -8.949819e-05
11912.220116 8.260652e-01 1.155976e-02 3.140345e-03 6.319507e-01 -6.305065e-05 -6.339415e-05 1.222303e-05 -8.648413e-05
11915.140133 8.256621e-01 1.157826e-02 3.173819e-03 6.320245e-01 -6.394345e-05 -6.581989e-05 1.694864e-05 -9.529958e-05
11918.072342 8.238457e-01 1.159632e-02 3.196142e-03 6.308890e-01 -7.020280e-05 -6.613309e-05 1.071903e-05 -9.832242e-05
11921.016743 8.238236e-01 1.161295e-02 3.251913e-03 6.318212e-01 -7.624143e-05 -6.855578e-05 1.502404e-05 -1.048156e-04
11923.973335 8.239206e-01 1.164996e-02 3.262550e-03 6.326097e-01 -7.368199e-05 -7.059795e-05 1.635752e-05 -1.120344e-04
11926.942120 8.230702e-01 1.168123e-02 3.256460e-03 6.306029e-01 -7.564752e-05 -6.531336e-05 2.458844e-05 -1.036597e-04
11929.923096 8.214505e-01 1.169765e-02 3.244274e-03 6.303441e-01 -8.078041e-05 -6.348010e-05 3.213573e-05 -1.042743e-04
11932.916265 8.211403e-01 1.174242e-02 3.241081e-03 6.295507e-01 -7.088356e-05 -5.981478e-05 1.927873e-05 -9.771981e-05
11935.921625 8.128544e-01 1.168019e-02 3.236070e-03 6.226352e-01 -6.673439e-05 -6.276825e-05 2.087386e-05 -9.871852e-05
11938.939177 8.154285e-01 1.174540e-02 3.255946e-03 6.258456e-01 -7.328442e-05 -6.861650e-05 2.425283e-05 -9.574172e-05
11941.968921 8.193747e-01 1.184957e-02 3.295703e-03 6.289585e-01 -8.176007e-05 -7.376588e-05 3.206603e-05 -9.691643e-05
11945.010858 8.177652e-01 1.184293e-02 3.301460e-03 6.276207e-01 -7.731352e-05 -7.591763e-05 2.325218e-05 -9.989779e-05
11948.064985 8.183600e-01 1.189885e-02 3.317294e-03 6.281956e-01 -6.499381e-05 -6.634548e-05 2.995108e-05 -9.885690e-05
11951.131305 8.189544e-01 1.196403e-02 3.378741e-03 6.296695e-01 -6.735345e-05 -6.559196e-05 2.230626e-05 -1.086408e-04
11954.209817 8.169748e-01 1.197534e-02 3.370692e-03 6.270583e-01 -7.043111e-05 -6.189281e-05 3.495157e-05 -1.142201e-04
11957.300521 8.162898e-01 1.200207e-02 3.369223e-03 6.279117e-01 -7.588501e-05 -5.849657e-05 3.397875e-05 -1.540206e-04
11960.403416 8.161201e-01 1.202941e-02 3.392324e-03 6.264253e-01 -7.761743e-05 -5.899153e-05 3.349098e-05 -1.633781e-04
11963.518504 8.155418e-01 1.204646e-02 3.388568e-03 6.279270e-01 -7.129754e-05 -6.065629e-05 3.205409e-05 -1.645832e-04
11966.645783 8.142140e-01 1.206514e-02 3.395493e-03 6.274103e-01 -7.153742e-05 -6.722985e-05 2.941788e-05 -1.672149e-04
11969.785255 8.137180e-01 1.211178e-02 3.398835e-03 6.269609e-01 -7.313817e-05 -6.057381e-05 2.603317e-05 -1.677966e-04
11972.936918 8.134261e-01 1.213494e-02 3.418605e-03 6.276486e-01 -7.075315e-05 -5.882800e-05 3.097392e-05 -1.683015e-04
11976.100773 8.124836e-01 1.216915e-02 3.385529e-03 6.266390e-01 -7.943311e-05 -6.659532e-05 4.283078e-05 -1.661689e-04
11979.276820 8.125157e-01 1.223212e-02 3.420900e-03 6.264682e-01 -8.091679e-05 -5.904511e-05 5.295571e-05 -1.632261e-04
11982.465059 8.112985e-01 1.224631e-02 3.447052e-03 6.266289e-01 -8.169722e-05 -6.363876e-05 5.062917e-05 -1.644235e-04
11985.665490 8.110608e-01 1.228973e-02 3.448164e-03 6.262703e-01 -8.408028e-05 -6.781918e-05 5.148073e-05 -1.631655e-04
11988.878112 8.106845e-01 1.232255e-02 3.444969e-03 6.252522e-01 -8.059913e-05 -5.747365e-05 4.350551e-05 -1.617020e-04
11992.102927 8.085378e-01 1.232611e-02 3.435565e-03 6.242554e-01 -7.642075e-05 -5.761397e-05 3.423332e-05 -1.637805e-04
11995.339934 8.083909e-01 1.236831e-02 3.467310e-03 6.250227e-01 -7.487846e-05 -5.609628e-05 4.177982e-05 -1.590803e-04
11998.589132 8.079370e-01 1.240420e-02 3.508386e-03 6.259103e-01 -7.308498e-05 -5.803300e-05 4.728278e-05 -1.550889e-04
12001.850523 8.068093e-01 1.242540e-02 3.556219e-03 6.244512e-01 -7.644642e-05 -6.538452e-05 3.816357e-05 -1.628423e-04
12005.124105 8.069536e-01 1.247769e-02 3.564108e-03 6.240042e-01 -7.126937e-05 -6.692682e-05 3.897451e-05 -1.642947e-04
12008.409879 8.064449e-01 1.251345e-02 3.614487e-03 6.244003e-01 -6.416243e-05 -6.973928e-05 4.332159e-05 -1.595295e-04
12011.707845 8.051665e-01 1.252815e-02 3.615862e-03 6.239798e-01 -7.360634e-05 -7.151036e-05 4.135481e-05 -1.710875e-04
12015.018003 8.055320e-01 1.257570e-02 3.682169e-03 6.242766e-01 -8.031570e-05 -7.362374e-05 3.823735e-05 -1.823766e-04
12018.340353 8.045476e-01 1.261959e-02 3.739234e-03 6.238328e-01 -8.953611e-05 -8.014795e-05 3.540459e-05 -1.734972e-04
12021.674895 8.025530e-01 1.262434e-02 3.761115e-03 6.209609e-01 -8.969080e-05 -8.496325e-05 3.250744e-05 -1.657363e-04
12025.021629 8.032851e-01 1.268341e-02 3.789812e-03 6.229352e-01 -8.882613e-05 -7.455410e-05 4.242483e-05 -1.680910e-04
12028.380554 8.022378e-01 1.271466e-02 3.781609e-03 6.230651e-01 -8.101143e-05 -8.661006e-05 6.032178e-05 -1.551286e-04
12031.751672 8.010374e-01 1.272652e-02 3.804904e-03 6.231393e-01 -8.714600e-05 -9.125682e-05 6.690194e-05 -1.521107e-04
12035.134982 8.011003e-01 1.278938e-02 3.796633e-03 6.229887e-01 -8.952062e-05 -8.545559e-05 5.725876e-05 -1.500266e-04
12038.530483 7.992113e-01 1.279426e-02 3.780425e-03 6.217917e-01 -8.136830e-05 -7.874124e-05 5.582999e-05 -1.551346e-04
12041.938176 7.990021e-01 1.284520e-02 3.813659e-03 6.222584e-01 -8.415126e-05 -7.338040e-05 5.344288e-05 -1.624972e-04
12045.358061 7.930180e-01 1.279560e-02 3.823401e-03 6.170795e-01 -8.910626e-05 -7.823310e-05 2.906540e-05 -1.684518e-04
12048.790139 7.864024e-01 1.270770e-02 3.786086e-03 6.124467e-01 -8.720515e-05 -8.230626e-05 3.997156e-05 -1.613062e-04
12052.234408 7.959851e-01 1.292035e-02 3.854077e-03 6.198820e-01 -8.810378e-05 -6.850798e-05 4.794332e-05 -1.130280e-04
12055.690868 7.971542e-01 1.299505e-02 3.890928e-03 6.207048e-01 -8.366868e-05 -7.538392e-05 6.135087e-05 -1.143485e-04
12059.159521 7.953967e-01 1.301298e-02 3.861276e-03 6.207206e-01 -8.167125e-05 -7.689902e-05 5.086541e-05 -1.073259e-04
12062.640366 7.948622e-01 1.305010e-02 3.852008e-03 6.207889e-01 -7.731463e-05 -7.542165e-05 3.739983e-05 -9.844764e-05
12066.133403 7.952804e-01 1.311315e-02 3.871831e-03 6.207396e-01 -7.759816e-05 -7.700803e-05 4.412932e-05 -1.019258e-04
12069.638631 7.931646e-01 1.311777e-02 3.903855e-03 6.192121e-01 -7.269454e-05 -7.729726e-05 4.463223e-05 -1.024926e-04
12073.156052 7.932502e-01 1.317121e-02 3.939573e-03 6.203895e-01 -7.563938e-05 -7.336159e-05 3.460351e-05 -1.059232e-04
12076.685664 7.921318e-01 1.320019e-02 3.953750e-03 6.190906e-01 -7.868572e-05 -7.055599e-05 3.721706e-05 -1.084978e-04
12080.227468 7.910865e-01 1.320744e-02 3.942953e-03 6.184391e-01 -7.831259e-05 -7.101802e-05 3.526258e-05 -1.131091e-04
12083.781465 7.896174e-01 1.324051e-02 3.980613e-03 6.161741e-01 -7.749283e-05 -7.008535e-05 3.951041e-05 -1.073644e-04
12087.347653 7.876727e-01 1.326362e-02 3.991245e-03 6.168801e-01 -7.367647e-05 -7.007531e-05 2.758117e-05 -1.038032e-04
12090.926033 7.891211e-01 1.333971e-02 4.032346e-03 6.182390e-01 -7.028934e-05 -7.882085e-05 2.564914e-05 -9.791488e-05
12094.516605 7.894897e-01 1.339780e-02 4.078966e-03 6.182272e-01 -7.925257e-05 -7.346652e-05 1.520649e-05 -1.047482e-04
12098.119369 7.876983e-01 1.339948e-02 4.076276e-03 6.159272e-01 -8.689868e-05 -7.458393e-05 1.837896e-05 -1.136638e-04
12101.734324 7.870610e-01 1.346418e-02 4.142234e-03 6.156316e-01 -8.585538e-05 -7.979362e-05 3.063247e-05 -1.257449e-04
12105.361472 7.859691e-01 1.350258e-02 4.160221e-03 6.156799e-01 -7.739070e-05 -8.231428e-05 3.481477e-05 -1.196856e-04
12109.000811 7.856976e-01 1.353572e-02 4.170803e-03 6.153280e-01 -8.904144e-05 -6.570557e-05 3.537128e-05 -1.215333e-04
12112.652343 7.856747e-01 1.359948e-02 4.215706e-03 6.162732e-01 -8.383377e-05 -6.370628e-05 3.093167e-05 -1.124384e-04
12116.316066 7.835900e-01 1.360640e-02 4.250412e-03 6.145514e-01 -8.339593e-05 -5.767408e-05 3.737641e-05 -1.097029e-04
12119.991982 7.836992e-01 1.364935e-02 4.276151e-03 6.157342e-01 -8.133500e-05 -6.140464e-05 3.950025e-05 -1.110919e-04
12123.680089 7.829987e-01 1.369388e-02 4.304662e-03 6.145280e-01 -7.687991e-05 -5.629155e-05 3.507244e-05 -1.062348e-04
12127.380388 7.820666e-01 1.373481e-02 4.333261e-03 6.150116e-01 -7.421113e-05 -5.719785e-05 3.666922e-05 -1.047844e-04
12131.092879 7.817735e-01 1.378170e-02 4.370608e-03 6.158095e-01 -8.536080e-05 -4.771390e-05 4.494940e-05 -9.991402e-05
12134.817562 7.806349e-01 1.381431e-02 4.415172e-03 6.145692e-01 -8.858466e-05 -5.177921e-05 3.539792e-05 -1.090919e-04
12138.554437 7.805456e-01 1.387437e-02 4.400367e-03 6.128837e-01 -8.861073e-05 -6.027289e-05 2.548186e-05 -1.040763e-04
12142.303503 7.793741e-01 1.391533e-02 4.437936e-03 6.131285e-01 -8.470134e-05 -7.284002e-05 2.827435e-05 -1.060899e-04
12146.064762 7.788285e-01 1.395625e-02 4.475364e-03 6.132744e-01 -8.862747e-05 -7.320792e-05 2.822527e-05 -1.401741e-04
12149.838213 7.780091e-01 1.399345e-02 4.482914e-03 6.140741e-01 -9.047251e-05 -6.762535e-05 2.041116e-05 -1.348133e-04
12153.623855 7.768331e-01 1.403522e-02 4.491579e-03 6.138720e-01 -9.102600e-05 -6.024059e-05 2.260580e-05 -1.417016e-04
12157.421689 7.757205e-01 1.406276e-02 4.518436e-03 6.126270e-01 -9.583423e-05 -6.420825e-05 3.310492e-05 -1.445707e-04
12161.231716 7.759357e-01 1.413273e-02 4.526551e-03 6.130358e-01 -8.542024e-05 -7.304130e-05 3.778533e-05 -1.515111e-04
12165.053934 7.747166e-01 1.416639e-02 4.544729e-03 6.129236e-01 -8.508733e-05 -7.165714e-05 4.331902e-05 -1.455163e-04
12168.888344 7.743941e-01 1.421167e-02 4.574600e-03 6.114045e-01 -8.201376e-05 -6.513792e-05 4.318203e-05 -1.475530e-04
12172.734946 7.718612e-01 1.421181e-02 4.567644e-03 6.103034e-01 -8.069173e-05 -6.795614e-05 3.597444e-05 -1.521721e-04
12176.593740 7.717804e-01 1.426469e-02 4.551155e-03 6.114428e-01 -7.162781e-05 -5.758003e-05 2.666011e-05 -1.417839e-04
12180.464726 7.715159e-01 1.431835e-02 4.575675e-03 6.100226e-01 -7.579868e-05 -6.284327e-05 3.827158e-05 -1.428118e-04
12184.347903 7.697264e-01 1.434036e-02 4.586469e-03 6.099533e-01 -8.105395e-05 -6.941109e-05 3.817160e-05 -1.334992e-04
12188.243273 7.701355e-01 1.439662e-02 4.618425e-03 6.096534e-01 -8.535513e-05 -7.180111e-05 4.236951e-05 -9.565235e-05
12192.150835 7.690132e-01 1.444114e-02 4.649968e-03 6.085609e-01 -8.068884e-05 -8.501762e-05 3.405783e-05 -9.011926e-05
12196.070588 7.694398e-01 1.452147e-02 4.706528e-03 6.104577e-01 -7.213372e-05 -8.361049e-05 2.906889e-05 -9.129591e-05
12200.002533 7.671880e-01 1.452284e-02 4.689762e-03 6.094364e-01 -7.602545e-05 -7.605990e-05 3.520706e-05 -8.931729e-05
12203.946671 7.643755e-01 1.453070e-02 4.707169e-03 6.076618e-01 -8.394395e-05 -8.697032e-05 3.627111e-05 -9.400168e-05
12207.903000 7.646145e-01 1.458813e-02 4.788157e-03 6.068692e-01 -8.422781e-05 -8.210786e-05 4.089641e-05 -9.025025e-05
12211.871521 7.654766e-01 1.466609e-02 4.858097e-03 6.079234e-01 -7.680698e-05 -8.289468e-05 2.638175e-05 -9.117121e-05
12215.852234 7.647135e-01 1.471349e-02 4.884845e-03 6.080768e-01 -7.692942e-05 -8.148773e-05 3.139984e-05 -9.211037e-05
12219.845139 7.634375e-01 1.475795e-02 4.904488e-03 6.076875e-01 -7.903107e-05 -7.768441e-05 3.700037e-05 -9.555430e-05
12223.850236 7.626280e-01 1.479710e-02 4.930075e-03 6.063188e-01 -8.598381e-05 -8.657262e-05 2.767110e-05 -1.046443e-04
12227.867524 7.533616e-01 1.464490e-02 4.896994e-03 6.004468e-01 -9.466279e-05 -8.342863e-05 2.511498e-05 -1.101997e-04
12231.897005 7.453415e-01 1.458010e-02 4.904405e-03 5.941872e-01 -1.002043e-04 -8.058298e-05 2.155634e-05 -1.083714e-04
12235.938678 7.586094e-01 1.490075e-02 5.028938e-03 6.039429e-01 -9.148799e-05 -7.679317e-05 2.659556e-05 -1.100033e-04
12239.992542 7.593802e-01 1.497703e-02 5.057465e-03 6.042382e-01 -8.645793e-05 -7.509599e-05 2.333723e-05 -1.000666e-04
12244.058598 7.584984e-01 1.503055e-02 5.097246e-03 6.046710e-01 -8.371547e-05 -7.190150e-05 2.851734e-05 -9.498345e-05
12248.136847 7.574331e-01 1.505739e-02 5.151025e-03 6.037502e-01 -8.775651e-05 -6.626937e-05 3.643058e-05 -9.521878e-05
12252.227287 7.551352e-01 1.507516e-02 5.149640e-03 6.033141e-01 -9.072898e-05 -6.424493e-05 2.227192e-05 -1.004004e-04
12256.329919 7.559765e-01 1.515849e-02 5.206891e-03 6.040164e-01 -8.668758e-05 -5.732145e-05 3.048994e-05 -1.004919e-04
12260.444743 7.555665e-01 1.520618e-02 5.215219e-03 6.047333e-01 -8.733753e-05 -6.090577e-05 3.048959e-05 -9.876663e-05
12264.571759 7.550041e-01 1.525000e-02 5.256938e-03 6.037605e-01 -8.194263e-05 -6.317534e-05 3.169910e-05 -9.332569e-05
12268.710967 7.537205e-01 1.529735e-02 5.272822e-03 6.036683e-01 -9.054832e-05 -6.656031e-05 4.139648e-05 -9.073810e-05
12272.862366 7.529945e-01 1.534553e-02 5.300414e-03 6.025587e-01 -8.834878e-05 -7.274072e-05 5.619014e-05 -8.365786e-05
12277.025958 7.517406e-01 1.537696e-02 5.352132e-03 6.022674e-01 -8.246321e-05 -7.130872e-05 4.812005e-05 -8.537124e-05
12281.201742 7.515193e-01 1.543435e-02 5.343741e-03 6.015758e-01 -7.330596e-05 -6.832404e-05 4.957890e-05 -7.795812e-05
12285.389717 7.509691e-01 1.547912e-02 5.386388e-03 6.020420e-01 -7.447005e-05 -5.811225e-05 4.185022e-05 -9.219098e-05
12289.589884 7.499941e-01 1.553396e-02 5.382118e-03 6.010572e-01 -7.743890e-05 -5.829429e-05 2.846441e-05 -1.038810e-04
12293.802244 7.490676e-01 1.558318e-02 5.397399e-03 6.005238e-01 -8.060450e-05 -6.192699e-05 1.969171e-05 -1.044675e-04
12298.026795 7.472582e-01 1.560761e-02 5.414637e-03 5.991115e-01 -8.483851e-05 -6.727849e-05 1.147845e-05 -9.721081e-05
12302.263538 7.466608e-01 1.564913e-02 5.431732e-03 5.995060e-01 -9.362304e-05 -7.359598e-05 2.638983e-05 -8.911795e-05
12306.512473 7.471456e-01 1.573098e-02 5.476909e-03 5.990134e-01 -8.795827e-05 -7.094370e-05 2.872050e-05 -8.932871e-05
12310.773600 7.461217e-01 1.577917e-02 5.515711e-03 5.984603e-01 -7.786244e-05 -6.659705e-05 2.097118e-05 -1.005075e-04
12315.046919 7.443419e-01 1.581834e-02 5.537674e-03 5.973149e-01 -8.275079e-05 -7.098009e-05 2.647790e-05 -9.519031e-05
12319.332429 7.434296e-01 1.588106e-02 5.584579e-03 5.965319e-01 -8.278363e-05 -7.442991e-05 2.754244e-05 -9.312796e-05
12323.630132 7.270605e-01 1.558544e-02 5.517331e-03 5.859287e-01 -8.244927e-05 -7.151168e-05 3.206157e-05 -9.957571e-05
12327.940026 7.354416e-01 1.581678e-02 5.612932e-03 5.920421e-01 -7.803879e-05 -7.389438e-05 3.305955e-05 -9.638663e-05
12332.262113 7.410312e-01 1.601363e-02 5.683045e-03 5.960591e-01 -7.312911e-05 -7.561936e-05 2.659324e-05 -8.551619e-05
12336.596391 7.408740e-01 1.608897e-02 5.759157e-03 5.973654e-01 -7.645994e-05 -7.389585e-05 2.839530e-05 -8.519634e-05
12340.942861 7.401823e-01 1.613499e-02 5.807354e-03 5.977497e-01 -7.358934e-05 -6.987505e-05 2.591062e-05 -7.639279e-05
12345.301524 7.380767e-01 1.615528e-02 5.874262e-03 5.957054e-01 -7.458135e-05 -6.011812e-05 3.721852e-05 -8.325703e-05
12349.672378 7.371721e-01 1.620038e-02 5.881371e-03 5.956847e-01 -7.895638e-05 -5.701751e-05 3.436527e-05 -9.283983e-05
12354.055424 7.373792e-01 1.628138e-02 5.914997e-03 5.952619e-01 -8.481825e-05 -6.983180e-05 2.753194e-05 -9.902719e-05
12358.450662 7.369282e-01 1.633497e-02 5.984742e-03 5.958292e-01 -8.380088e-05 -8.235347e-05 2.245232e-05 -9.335968e-05
12362.858091 7.354281e-01 1.637925e-02 5.999535e-03 5.948133e-01 -7.683024e-05 -8.138509e-05 2.684226e-05 -8.915518e-05
12367.277713 7.347181e-01 1.643351e-02 6.043810e-03 5.942968e-01 -7.744041e-05 -7.471385e-05 2.820383e-05 -9.726968e-05
12371.709527 7.321471e-01 1.645554e-02 6.051412e-03 5.933106e-01 -8.752510e-05 -7.627987e-05 2.702845e-05 -1.033682e-04
12376.153532 7.288031e-01 1.642742e-02 6.087484e-03 5.902560e-01 -9.113558e-05 -7.373305e-05 2.930896e-05 -1.034189e-04
12380.609730 7.333295e-01 1.659026e-02 6.192884e-03 5.939918e-01 -8.133823e-05 -6.718718e-05 3.725430e-05 -1.024911e-04
12385.078119 7.327098e-01 1.664883e-02 6.219010e-03 5.939338e-01 -7.655147e-05 -6.753917e-05 3.700173e-05 -1.091387e-04
12389.558700 7.314056e-01 1.670786e-02 6.245994e-03 5.935405e-01 -8.398950e-05 -6.896089e-05 3.088943e-05 -1.141754e-04
12394.051473 7.310483e-01 1.676556e-02 6.274564e-03 5.934787e-01 -8.781706e-05 -7.430360e-05 2.034731e-05 -1.144377e-04
12398.556438 7.293138e-01 1.679760e-02 6.313494e-03 5.931828e-01 -8.385791e-05 -8.293431e-05 2.095093e-05 -1.014652e-04
12403.073595 7.290102e-01 1.687487e-02 6.360156e-03 5.927726e-01 -7.624215e-05 -8.443637e-05 2.863998e-05 -8.992330e-05
12407.602944 7.276804e-01 1.691607e-02 6.381797e-03 5.916905e-01 -7.487027e-05 -7.567288e-05 1.488831e-05 -8.702431e-05
12412.144485 7.274559e-01 1.698127e-02 6.434047e-03 5.914906e-01 -7.223783e-05 -7.219139e-05 1.499719e-05 -9.153738e-05
12416.698218 7.263337e-01 1.703163e-02 6.460459e-03 5.920105e-01 -7.015226e-05 -7.536405e-05 1.388198e-05 -8.559978e-05
12421.264142 7.248099e-01 1.706021e-02 6.460336e-03 5.905587e-01 -6.989441e-05 -7.830437e-05 7.912799e-06 -8.246270e-05
12425.842259 7.238070e-01 1.711241e-02 6.499820e-03 5.897757e-01 -6.616642e-05 -6.932725e-05 2.052252e-05 -7.953628e-05
12430.432567 7.219901e-01 1.715394e-02 6.522888e-03 5.882928e-01 -7.003234e-05 -7.553740e-05 2.330210e-05 -8.985263e-05
12435.035068 7.218529e-01 1.722062e-02 6.594971e-03 5.879600e-01 -8.091617e-05 -6.708509e-05 3.601434e-05 -8.716397e-05
12439.649760 7.219196e-01 1.730161e-02 6.602749e-03 5.889393e-01 -8.031155e-05 -7.374363e-05 2.890870e-05 -8.702890e-05
12444.276644 7.204876e-01 1.733635e-02 6.634831e-03 5.882181e-01 -7.217852e-05 -7.614182e-05 2.219936e-05 -8.644579e-05
12448.915720 7.200565e-01 1.739768e-02 6.707253e-03 5.884347e-01 -7.136820e-05 -7.619762e-05 3.267834e-05 -8.847933e-05
12453.566988 7.194088e-01 1.746653e-02 6.758382e-03 5.882152e-01 -7.612884e-05 -8.266328e-05 3.020672e-05 -9.922631e-05
12458.230448 7.190389e-01 1.752172e-02 6.807645e-03 5.879746e-01 -7.460193e-05 -8.001948e-05 2.198464e-05 -1.020499e-04
12462.906100 7.187607e-01 1.759481e-02 6.863981e-03 5.880472e-01 -6.332587e-05 -8.633072e-05 2.280155e-05 -1.001323e-04
12467.593943 7.181059e-01 1.766753e-02 6.911846e-03 5.879811e-01 -5.761515e-05 -7.848130e-05 3.127180e-05 -9.666125e-05
12472.293979 7.179137e-01 1.772273e-02 6.952992e-03 5.879851e-01 -5.955796e-05 -7.728638e-05 2.221394e-05 -1.013454e-04
12477.006206 7.174086e-01 1.780267e-02 7.046097e-03 5.875952e-01 -6.000090e-05 -7.376633e-05 1.727552e-05 -1.028203e-04
12481.730626 7.167099e-01 1.787976e-02 7.098052e-03 5.870410e-01 -5.504572e-05 -7.886194e-05 1.962876e-05 -1.034880e-04
12486.467237 7.155283e-01 1.792152e-02 7.166107e-03 5.872492e-01 -6.252663e-05 -7.949674e-05 1.782500e-05 -1.379065e-04
12491.216040 7.143712e-01 1.797553e-02 7.200964e-03 5.873473e-01 -7.400123e-05 -7.879672e-05 1.905261e-05 -1.602508e-04
12495.977036 7.146107e-01 1.806217e-02 7.260700e-03 5.870873e-01 -7.299007e-05 -7.915288e-05 1.498797e-05 -1.366812e-04
12500.750223 7.138855e-01 1.813170e-02 7.319042e-03 5.869703e-01 -7.300396e-05 -7.818373e-05 1.567766e-05 -1.169819e-04
12505.535602 7.130802e-01 1.819654e-02 7.374736e-03 5.866856e-01 -7.258763e-05 -6.851945e-05 1.228782e-05 -1.170826e-04
12510.333172 7.124517e-01 1.826829e-02 7.449586e-03 5.865599e-01 -7.962406e-05 -7.051805e-05 1.294033e-05 -1.172572e-04
12515.142935 7.113599e-01 1.832155e-02 7.479420e-03 5.863537e-01 -7.612757e-05 -7.518585e-05 1.615936e-05 -1.162857e-04
12519.964890 7.103515e-01 1.838089e-02 7.526631e-03 5.857295e-01 -7.438376e-05 -6.931842e-05 1.065360e-05 -1.236138e-04
12524.799037 7.091654e-01 1.842198e-02 7.554977e-03 5.841036e-01 -6.920081e-05 -6.707378e-05 2.187473e-05 -1.421191e-04
12529.645375 6.505854e-01 1.696775e-02 6.960986e-03 5.367313e-01 -6.387325e-05 -6.180586e-05 2.168079e-05 -1.241589e-04
12534.503905 1.181037e-01 3.087883e-03 1.268438e-03 9.742653e-02 -1.137312e-05 -1.107776e-05 4.373655e-06 -2.139321e-05
