# Facility: NSLS-II
# Beamline: QAS
# Year: 2022
# Cycle: 2
# SAF: 309618
# PI: Wang
# Proposal: 309017
# Scan ID: 52262
# UID: 1d3f403b-2ca4-4735-9b6a-cac57aaf3184
# Comment: 
# Start time: 07/18/2022  11:48:06
# Stop time: 07/18/2022  11:48:39
# Total time: 00:32
# Trajectory name: Pt-L3-30s-11564.txt
# Element: Platinum ( 78)
# Edge: L3
# E0: 11564
# Reference Foil Element: Pt
# Keithley Gains I0: 1E7 V/A It: 1E6 V/A Iref: 1E7 V/A PIPS: 1E8 V/A 
# Ion Chamber Gas Flow Rates: I0: 0.00 sccm He + 99.70 sccm N2 + 0.00 sccm Ar 
# Ion Chamber Gas Flow Rates: It&Iref: 29.80 sccm N2 + 70.10 sccm Ar
# Incident Beam Path Vertical: -27.99 mm
# Incident Slits Positions B: TOP: 1.0 mm Bottom: -1.0 mm Inboard: -2.0 mm Outboard: 2.0 mm
# Sample Stage Positions: Rotation: 45.0 deg Horizontal: 14.07 mm Vertical: 35.31 mm Beam Direction: 0.00 mm
# PerkinElmer Vertical Position: 500.00 mm
# Front End Mirror Horizontal Positions: Up: -14.00 mm Down: -14.00 mm
#
# energy  i0  it  ir  iff  aux1  aux2  aux3  aux4
11377.444036 4.738402e-01 3.822611e-03 4.359019e-03 2.756175e-01 -2.540662e-05 -2.946490e-05 2.187336e-05 -5.275508e-05
11382.444036 9.367424e-01 7.603079e-03 8.677261e-03 5.449748e-01 -4.670110e-05 -5.996737e-05 4.048851e-05 -1.099334e-04
11387.444036 9.418934e-01 7.689503e-03 8.804262e-03 5.487562e-01 -4.586192e-05 -5.794541e-05 3.823402e-05 -1.041086e-04
11392.444036 9.390202e-01 7.720864e-03 8.855912e-03 5.473875e-01 -5.330163e-05 -5.328659e-05 4.370271e-05 -1.106788e-04
11397.444036 9.359429e-01 7.717774e-03 8.871564e-03 5.454946e-01 -5.400586e-05 -5.540920e-05 3.838972e-05 -1.066721e-04
11402.444036 9.352428e-01 7.782662e-03 8.974253e-03 5.451457e-01 -5.444908e-05 -4.971296e-05 3.680764e-05 -9.842945e-05
11407.444036 9.362738e-01 7.833455e-03 9.044117e-03 5.467967e-01 -6.122105e-05 -5.562880e-05 3.224201e-05 -1.047730e-04
11412.444036 9.348064e-01 7.878087e-03 9.141421e-03 5.465811e-01 -6.112751e-05 -5.843070e-05 2.919171e-05 -1.014909e-04
11417.444036 9.315195e-01 7.896408e-03 9.168046e-03 5.453489e-01 -5.564543e-05 -5.309051e-05 2.900817e-05 -9.885439e-05
11422.444036 9.168809e-01 7.820901e-03 9.110949e-03 5.374289e-01 -5.645613e-05 -4.082971e-05 2.809814e-05 -9.744241e-05
11427.444036 9.236728e-01 7.900830e-03 9.206707e-03 5.431506e-01 -5.810520e-05 -3.762260e-05 3.051844e-05 -9.923881e-05
11432.444036 9.274879e-01 7.993125e-03 9.351426e-03 5.447566e-01 -5.567055e-05 -4.454708e-05 3.036022e-05 -1.079486e-04
11437.444036 9.263935e-01 8.032556e-03 9.447106e-03 5.440218e-01 -5.142863e-05 -4.801577e-05 3.279728e-05 -1.105985e-04
11442.444036 9.237503e-01 8.056267e-03 9.467266e-03 5.426689e-01 -4.867188e-05 -3.918730e-05 3.116589e-05 -1.100839e-04
11447.444036 9.214023e-01 8.086750e-03 9.512841e-03 5.416480e-01 -4.963030e-05 -4.221990e-05 3.498006e-05 -1.058400e-04
11452.444036 9.205610e-01 8.137063e-03 9.587047e-03 5.425017e-01 -5.448085e-05 -3.751886e-05 2.832073e-05 -1.056108e-04
11457.444036 9.166730e-01 8.137069e-03 9.625653e-03 5.401519e-01 -5.907148e-05 -4.722401e-05 2.020922e-05 -9.977351e-05
11462.444036 9.141042e-01 8.166797e-03 9.658023e-03 5.392232e-01 -5.921226e-05 -4.958897e-05 2.704264e-05 -9.841496e-05
11467.444036 9.121029e-01 8.184708e-03 9.712942e-03 5.383872e-01 -6.393370e-05 -4.404900e-05 3.408649e-05 -1.085980e-04
11472.444036 9.120276e-01 8.255867e-03 9.807140e-03 5.387894e-01 -6.054688e-05 -3.656142e-05 3.914984e-05 -1.109980e-04
11477.444036 9.104559e-01 8.306103e-03 9.853502e-03 5.385294e-01 -5.946671e-05 -3.376893e-05 2.971015e-05 -1.089780e-04
11482.444036 9.090353e-01 8.348372e-03 9.881460e-03 5.378648e-01 -4.887389e-05 -4.141843e-05 2.189128e-05 -1.054663e-04
11487.444036 8.966028e-01 8.297076e-03 9.850895e-03 5.307058e-01 -5.305572e-05 -4.396340e-05 1.854278e-05 -1.151942e-04
11492.444036 8.978299e-01 8.334189e-03 9.923232e-03 5.319747e-01 -6.578255e-05 -3.616977e-05 1.947846e-05 -1.121045e-04
11497.444036 9.095444e-01 8.490645e-03 1.015702e-02 5.401842e-01 -6.223055e-05 -3.842076e-05 2.348442e-05 -1.057647e-04
11502.444036 9.063798e-01 8.514713e-03 1.021073e-02 5.387227e-01 -6.058446e-05 -3.956577e-05 2.649772e-05 -1.086366e-04
11507.444036 9.045406e-01 8.548292e-03 1.024594e-02 5.381833e-01 -6.144642e-05 -3.791969e-05 2.125922e-05 -1.134927e-04
11512.444036 9.041808e-01 8.607999e-03 1.030387e-02 5.384953e-01 -5.356508e-05 -3.645878e-05 3.033519e-05 -1.057157e-04
11517.444036 9.039107e-01 8.657579e-03 1.036334e-02 5.392263e-01 -6.097285e-05 -4.875522e-05 3.282961e-05 -1.146776e-04
11522.444036 9.033829e-01 8.697505e-03 1.042071e-02 5.394851e-01 -6.550782e-05 -4.622669e-05 3.273973e-05 -1.106629e-04
11527.444036 9.015338e-01 8.737294e-03 1.043984e-02 5.392940e-01 -5.593412e-05 -3.111722e-05 3.102459e-05 -1.074720e-04
11532.444036 8.997409e-01 8.753097e-03 1.040924e-02 5.392856e-01 -4.944056e-05 -4.183978e-05 2.593094e-05 -1.138508e-04
11534.000000 8.966936e-01 8.746169e-03 1.035391e-02 5.375420e-01 -5.146745e-05 -3.615387e-05 2.278826e-05 -1.122234e-04
11535.000000 9.029248e-01 8.838716e-03 1.044991e-02 5.409073e-01 -5.451780e-05 -3.780528e-05 2.202906e-05 -1.093975e-04
11536.000000 8.967522e-01 8.764724e-03 1.036013e-02 5.378784e-01 -5.578561e-05 -3.942172e-05 3.158324e-05 -1.002274e-04
11537.000000 8.981674e-01 8.787973e-03 1.036081e-02 5.402628e-01 -5.457227e-05 -3.130034e-05 2.523872e-05 -1.136251e-04
11538.000000 8.973316e-01 8.779688e-03 1.034269e-02 5.394155e-01 -4.899636e-05 -2.955014e-05 3.717631e-05 -1.105744e-04
11539.000000 8.999025e-01 8.839740e-03 1.041194e-02 5.413363e-01 -4.616697e-05 -3.090371e-05 4.555007e-05 -1.003033e-04
11540.000000 9.000582e-01 8.841889e-03 1.037239e-02 5.407372e-01 -5.003355e-05 -2.711671e-05 3.945221e-05 -1.004202e-04
11541.000000 9.039792e-01 8.906332e-03 1.042985e-02 5.437185e-01 -5.595170e-05 -3.669606e-05 4.156743e-05 -1.033526e-04
11541.200000 9.066780e-01 9.000136e-03 1.033975e-02 5.480448e-01 -5.508294e-05 -3.704142e-05 4.588593e-05 -1.023988e-04
11541.400000 8.611235e-01 8.391818e-03 9.894535e-03 5.208422e-01 -5.457224e-05 -3.410060e-05 4.805308e-05 -1.057154e-04
11541.600000 9.235711e-01 9.170650e-03 1.086136e-02 5.573738e-01 -5.028540e-05 -4.063668e-05 5.807102e-05 -1.091419e-04
11541.800000 9.046138e-01 8.993824e-03 1.039426e-02 5.430889e-01 -4.459788e-05 -3.329216e-05 4.588773e-05 -9.204396e-05
11542.000000 9.047759e-01 8.929073e-03 1.050308e-02 5.462886e-01 -5.055476e-05 -3.596429e-05 2.927067e-05 -1.095096e-04
11542.200000 9.019731e-01 8.857549e-03 1.036987e-02 5.430655e-01 -5.466530e-05 -2.575441e-05 3.488405e-05 -9.837345e-05
11542.400000 8.877131e-01 8.706305e-03 1.019278e-02 5.343474e-01 -5.158052e-05 -2.388659e-05 3.008168e-05 -1.046867e-04
11542.600000 8.820365e-01 8.582980e-03 1.003086e-02 5.329221e-01 -5.419034e-05 -2.453289e-05 3.437151e-05 -1.024851e-04
11542.800000 8.846578e-01 8.616511e-03 1.015983e-02 5.316950e-01 -6.892730e-05 -3.400578e-05 3.687743e-05 -1.046638e-04
11543.000000 9.042141e-01 8.900369e-03 1.027550e-02 5.447213e-01 -6.269390e-05 -3.565811e-05 4.752363e-05 -9.711249e-05
11543.200000 9.001914e-01 8.941079e-03 1.044070e-02 5.395431e-01 -6.041536e-05 -3.580189e-05 4.846904e-05 -9.027597e-05
11543.400000 9.112282e-01 9.053158e-03 1.056202e-02 5.495250e-01 -5.859679e-05 -3.977368e-05 5.822766e-05 -1.025447e-04
11543.600000 9.107680e-01 8.984751e-03 1.036550e-02 5.474979e-01 -5.602852e-05 -3.136824e-05 6.150402e-05 -1.053937e-04
11543.800000 8.909926e-01 8.813113e-03 1.008765e-02 5.357248e-01 -5.795452e-05 -3.029501e-05 4.833365e-05 -9.628715e-05
11544.000000 9.070557e-01 8.959430e-03 1.026972e-02 5.443177e-01 -5.233059e-05 -3.012542e-05 3.446222e-05 -9.570231e-05
11544.200000 8.653865e-01 8.398520e-03 9.861366e-03 5.217722e-01 -5.813147e-05 -3.171825e-05 4.601505e-05 -9.072869e-05
11544.400000 8.825562e-01 8.527420e-03 1.009166e-02 5.335659e-01 -5.464185e-05 -3.524175e-05 3.493053e-05 -1.058933e-04
11544.600000 8.960735e-01 8.901429e-03 1.035117e-02 5.428588e-01 -4.841271e-05 -3.026689e-05 3.573308e-05 -9.336488e-05
11544.800000 9.041309e-01 8.934740e-03 1.032139e-02 5.455817e-01 -5.062381e-05 -2.837127e-05 2.986138e-05 -1.150733e-04
11545.000000 9.096012e-01 9.052362e-03 1.044593e-02 5.490587e-01 -5.208404e-05 -2.609734e-05 2.711247e-05 -1.145972e-04
11545.200000 9.090473e-01 8.980930e-03 1.031108e-02 5.481026e-01 -5.129902e-05 -2.861036e-05 2.612878e-05 -1.151577e-04
11545.400000 8.805732e-01 8.644883e-03 1.002613e-02 5.285326e-01 -4.541635e-05 -2.953313e-05 3.137358e-05 -1.069663e-04
11545.600000 8.935345e-01 8.845100e-03 1.017235e-02 5.414192e-01 -4.286761e-05 -2.598078e-05 3.017315e-05 -9.721623e-05
11545.800000 9.377461e-01 9.319760e-03 1.082839e-02 5.670226e-01 -5.136274e-05 -2.731369e-05 2.878534e-05 -1.021146e-04
11546.000000 8.715072e-01 8.672017e-03 9.968443e-03 5.298096e-01 -4.582448e-05 -2.450893e-05 3.007558e-05 -9.151509e-05
11546.200000 9.170099e-01 9.104593e-03 1.043618e-02 5.536667e-01 -5.805750e-05 -2.913332e-05 3.087626e-05 -9.694094e-05
11546.400000 9.124628e-01 9.119831e-03 1.042187e-02 5.517989e-01 -5.507077e-05 -2.557471e-05 1.897471e-05 -1.050248e-04
11546.600000 9.009837e-01 8.931264e-03 1.028739e-02 5.437310e-01 -5.412835e-05 -2.779523e-05 2.717898e-05 -9.810787e-05
11546.800000 9.016485e-01 8.884652e-03 1.016902e-02 5.459627e-01 -5.725248e-05 -3.085058e-05 2.266740e-05 -1.030698e-04
11547.000000 8.838814e-01 8.687446e-03 9.972778e-03 5.334737e-01 -6.415519e-05 -3.264543e-05 2.303481e-05 -1.006128e-04
11547.200000 8.915021e-01 8.809263e-03 1.001767e-02 5.382535e-01 -6.446779e-05 -4.021528e-05 1.827480e-05 -9.534785e-05
11547.400000 9.110642e-01 9.003886e-03 1.019704e-02 5.476981e-01 -6.095410e-05 -4.096430e-05 2.366245e-05 -1.014421e-04
11547.600000 8.897862e-01 8.851262e-03 1.005394e-02 5.401303e-01 -6.091649e-05 -4.315181e-05 2.091358e-05 -9.987349e-05
11547.800000 9.135516e-01 9.117406e-03 1.035847e-02 5.510095e-01 -5.974731e-05 -4.167565e-05 3.317363e-05 -1.065844e-04
11548.000000 8.996042e-01 8.945091e-03 1.003570e-02 5.441925e-01 -5.684589e-05 -3.501009e-05 3.341053e-05 -1.014595e-04
11548.200000 9.011306e-01 8.976251e-03 1.015706e-02 5.481211e-01 -6.038889e-05 -4.065904e-05 1.559994e-05 -1.008355e-04
11548.400000 8.949895e-01 8.890215e-03 9.779563e-03 5.436668e-01 -6.802680e-05 -4.034497e-05 3.230920e-05 -1.017751e-04
11548.600000 9.029067e-01 8.896494e-03 1.000610e-02 5.443589e-01 -6.894564e-05 -3.149062e-05 3.501707e-05 -8.671367e-05
11548.800000 8.729227e-01 8.535294e-03 9.492679e-03 5.280972e-01 -7.011040e-05 -3.455576e-05 3.023778e-05 -8.758966e-05
11549.000000 9.010543e-01 8.940251e-03 9.999214e-03 5.461249e-01 -6.471290e-05 -4.090579e-05 4.682623e-05 -9.692171e-05
11549.200000 9.080381e-01 9.023000e-03 1.019516e-02 5.514028e-01 -5.532636e-05 -3.941356e-05 2.851218e-05 -1.065450e-04
11549.400000 8.645236e-01 8.535889e-03 9.888945e-03 5.255046e-01 -5.647164e-05 -3.919047e-05 3.223876e-05 -1.019148e-04
11549.600000 9.025779e-01 8.907190e-03 9.987641e-03 5.463747e-01 -6.202983e-05 -3.771699e-05 4.130152e-05 -1.063469e-04
11549.800000 8.850276e-01 8.685777e-03 9.690811e-03 5.356743e-01 -6.024306e-05 -3.693016e-05 2.696665e-05 -1.069989e-04
11550.000000 9.074868e-01 9.070583e-03 1.017025e-02 5.525643e-01 -5.499574e-05 -3.107905e-05 4.678440e-05 -1.095876e-04
11550.200000 9.056899e-01 9.018905e-03 1.001812e-02 5.492695e-01 -6.224243e-05 -2.855387e-05 3.901870e-05 -1.133342e-04
11550.400000 9.110758e-01 9.055769e-03 9.913948e-03 5.548107e-01 -5.941999e-05 -3.689299e-05 3.351481e-05 -9.912866e-05
11550.600000 8.864848e-01 8.771358e-03 9.820592e-03 5.403587e-01 -5.087890e-05 -3.851282e-05 3.474824e-05 -1.015306e-04
11550.800000 9.037684e-01 8.901930e-03 9.857337e-03 5.494362e-01 -4.966631e-05 -3.324397e-05 3.974284e-05 -1.086144e-04
11551.000000 9.172723e-01 9.115787e-03 1.002718e-02 5.598931e-01 -5.069994e-05 -3.736606e-05 4.492232e-05 -1.027882e-04
11551.200000 8.718248e-01 8.531617e-03 9.291502e-03 5.308064e-01 -4.665021e-05 -3.609595e-05 3.733637e-05 -9.999883e-05
11551.400000 9.089062e-01 9.110612e-03 1.007745e-02 5.535404e-01 -4.549769e-05 -3.158404e-05 4.776946e-05 -8.904824e-05
11551.600000 9.104971e-01 9.068497e-03 9.935254e-03 5.539421e-01 -4.743167e-05 -3.108012e-05 5.514036e-05 -9.448500e-05
11551.800000 8.826974e-01 8.809294e-03 9.539043e-03 5.362481e-01 -5.332912e-05 -2.684542e-05 5.471599e-05 -9.573822e-05
11552.000000 9.046767e-01 8.931741e-03 9.687906e-03 5.516726e-01 -5.383140e-05 -3.509094e-05 3.439985e-05 -1.089478e-04
11552.200000 8.913134e-01 8.877168e-03 9.785824e-03 5.463606e-01 -5.470418e-05 -2.432780e-05 3.359720e-05 -1.103882e-04
11552.400000 9.069111e-01 8.997408e-03 9.764488e-03 5.545066e-01 -5.816853e-05 -2.393287e-05 4.025745e-05 -1.091457e-04
11552.600000 9.006136e-01 9.008088e-03 9.783059e-03 5.505159e-01 -5.492399e-05 -3.383061e-05 3.640964e-05 -1.037649e-04
11552.800000 9.171814e-01 9.189610e-03 9.822539e-03 5.594216e-01 -5.005868e-05 -2.992890e-05 1.738518e-05 -1.195729e-04
11553.000000 9.153327e-01 9.121540e-03 9.755150e-03 5.592798e-01 -5.635656e-05 -3.969881e-05 3.091117e-05 -1.094700e-04
11553.200000 8.932354e-01 8.849952e-03 9.513131e-03 5.437525e-01 -5.510803e-05 -3.229998e-05 4.460128e-05 -1.095214e-04
11553.400000 9.040969e-01 8.926665e-03 9.398682e-03 5.531992e-01 -5.338906e-05 -3.190232e-05 4.923800e-05 -1.106954e-04
11553.600000 8.571580e-01 8.420793e-03 8.745778e-03 5.230299e-01 -4.192901e-05 -3.051712e-05 4.087350e-05 -9.179579e-05
11553.800000 9.045614e-01 8.996932e-03 9.503945e-03 5.525872e-01 -4.178138e-05 -3.507642e-05 4.572565e-05 -8.234225e-05
11554.000000 9.209514e-01 9.343520e-03 9.833734e-03 5.635482e-01 -4.079391e-05 -2.945791e-05 4.363782e-05 -9.443847e-05
11554.200000 8.952085e-01 8.993010e-03 9.379059e-03 5.470223e-01 -5.289615e-05 -3.536810e-05 3.994757e-05 -9.010018e-05
11554.400000 9.122020e-01 9.060880e-03 9.538800e-03 5.598899e-01 -4.606292e-05 -3.703304e-05 5.343439e-05 -9.579473e-05
11554.600000 8.875251e-01 8.792367e-03 9.111809e-03 5.450124e-01 -3.810513e-05 -3.446336e-05 4.350799e-05 -1.167371e-04
11554.800000 8.997420e-01 8.950328e-03 9.175498e-03 5.529603e-01 -3.216192e-05 -3.755440e-05 3.795147e-05 -1.072941e-04
11555.000000 9.099902e-01 9.200374e-03 9.257246e-03 5.612764e-01 -4.798139e-05 -3.619866e-05 5.291062e-05 -1.056665e-04
11555.200000 8.926508e-01 8.801609e-03 8.984433e-03 5.499826e-01 -3.947365e-05 -3.881188e-05 3.036243e-05 -1.082706e-04
11555.400000 8.905730e-01 8.818217e-03 8.918660e-03 5.472140e-01 -4.045230e-05 -3.204992e-05 2.908460e-05 -9.365765e-05
11555.600000 9.101422e-01 9.023532e-03 9.071215e-03 5.639727e-01 -4.130107e-05 -3.405927e-05 4.435063e-05 -9.907855e-05
11555.800000 8.884467e-01 8.812265e-03 8.897729e-03 5.481117e-01 -3.963865e-05 -3.245777e-05 4.204645e-05 -9.025362e-05
11556.000000 9.079453e-01 9.104610e-03 8.987584e-03 5.597702e-01 -4.346536e-05 -3.650919e-05 3.430303e-05 -9.521418e-05
11556.200000 9.248169e-01 9.323041e-03 9.088506e-03 5.693317e-01 -5.195329e-05 -3.600219e-05 1.755584e-05 -1.036042e-04
11556.400000 9.131612e-01 9.210415e-03 9.030323e-03 5.654914e-01 -5.710200e-05 -3.629074e-05 2.069244e-05 -1.105853e-04
11556.600000 9.038984e-01 9.034880e-03 8.758202e-03 5.581589e-01 -5.258995e-05 -3.303179e-05 2.494850e-05 -9.940716e-05
11556.800000 8.897099e-01 8.836338e-03 8.398102e-03 5.485956e-01 -5.116422e-05 -2.240037e-05 4.056489e-05 -1.011250e-04
11557.000000 8.851991e-01 8.747212e-03 8.439976e-03 5.457645e-01 -4.873450e-05 -2.627367e-05 4.474631e-05 -9.768139e-05
11557.200000 9.125751e-01 9.109372e-03 8.601052e-03 5.668677e-01 -5.840618e-05 -2.608927e-05 4.715165e-05 -1.000219e-04
11557.400000 8.971012e-01 8.995247e-03 8.338672e-03 5.595710e-01 -6.259400e-05 -2.688313e-05 3.940960e-05 -8.969620e-05
11557.600000 9.098119e-01 9.054514e-03 8.283628e-03 5.643473e-01 -6.068788e-05 -3.810119e-05 4.159172e-05 -9.652763e-05
11557.800000 9.025631e-01 8.995870e-03 8.304909e-03 5.619991e-01 -5.328727e-05 -3.435770e-05 3.507138e-05 -1.020666e-04
11558.000000 8.994894e-01 8.971414e-03 8.073418e-03 5.611864e-01 -5.390462e-05 -3.091099e-05 3.807426e-05 -9.566101e-05
11558.200000 9.012860e-01 8.946850e-03 8.006469e-03 5.628983e-01 -6.067725e-05 -3.778091e-05 3.336630e-05 -1.081632e-04
11558.400000 8.944414e-01 8.939361e-03 7.734224e-03 5.584780e-01 -5.967899e-05 -3.196123e-05 2.727290e-05 -1.071792e-04
11558.600000 9.090267e-01 9.113892e-03 7.846971e-03 5.658691e-01 -5.324357e-05 -3.260866e-05 2.183630e-05 -1.007304e-04
11558.800000 8.914838e-01 8.810453e-03 7.548509e-03 5.568744e-01 -5.716407e-05 -2.307330e-05 1.061135e-05 -1.277974e-04
11559.000000 8.738929e-01 8.550981e-03 7.290063e-03 5.496091e-01 -6.207250e-05 -2.707749e-05 2.697777e-05 -1.182958e-04
11559.200000 9.001570e-01 8.909307e-03 7.350114e-03 5.676684e-01 -6.122187e-05 -2.686073e-05 3.393565e-05 -1.098465e-04
11559.400000 9.088264e-01 9.048045e-03 7.351080e-03 5.733613e-01 -6.207800e-05 -2.837970e-05 2.511925e-05 -1.092631e-04
11559.600000 8.953116e-01 8.873979e-03 7.084207e-03 5.657299e-01 -7.218883e-05 -2.479990e-05 1.862041e-05 -1.152024e-04
11559.800000 9.008853e-01 8.922250e-03 6.943327e-03 5.731525e-01 -6.986048e-05 -3.407124e-05 2.193759e-05 -1.204992e-04
11560.000000 8.817859e-01 8.620383e-03 6.417778e-03 5.601763e-01 -7.781651e-05 -4.066939e-05 2.612081e-05 -1.098364e-04
11560.200000 9.077996e-01 8.995269e-03 6.603552e-03 5.767428e-01 -7.495212e-05 -2.795898e-05 3.796238e-05 -9.983148e-05
11560.400000 8.979655e-01 8.901763e-03 6.424270e-03 5.742392e-01 -7.364816e-05 -2.898274e-05 3.703421e-05 -1.092721e-04
11560.600000 8.994960e-01 8.904566e-03 6.184526e-03 5.767514e-01 -7.166417e-05 -3.423059e-05 3.753620e-05 -1.016625e-04
11560.800000 8.981530e-01 8.848519e-03 6.091991e-03 5.760263e-01 -7.076403e-05 -3.154789e-05 2.972602e-05 -1.064161e-04
11561.000000 8.874180e-01 8.743302e-03 5.797635e-03 5.707407e-01 -7.160256e-05 -2.869823e-05 3.574012e-05 -1.047080e-04
11561.200000 9.046296e-01 8.940386e-03 5.686867e-03 5.836886e-01 -6.976543e-05 -1.974532e-05 2.554968e-05 -1.107075e-04
11561.400000 9.032089e-01 8.959447e-03 5.367702e-03 5.845115e-01 -7.219607e-05 -2.936857e-05 1.295204e-05 -1.063478e-04
11561.600000 9.050593e-01 8.907015e-03 5.103434e-03 5.902509e-01 -7.148788e-05 -3.132593e-05 1.502991e-05 -1.118179e-04
11561.800000 8.889119e-01 8.680541e-03 4.875822e-03 5.802150e-01 -6.615301e-05 -3.275907e-05 1.675153e-05 -1.059110e-04
11562.000000 8.889502e-01 8.647535e-03 4.601189e-03 5.850655e-01 -6.538473e-05 -3.607957e-05 1.836940e-05 -1.077045e-04
11562.200000 8.879194e-01 8.669111e-03 4.366859e-03 5.881322e-01 -6.835640e-05 -3.584774e-05 3.330860e-05 -1.133653e-04
11562.400000 8.986192e-01 8.781076e-03 4.178451e-03 5.965155e-01 -6.146079e-05 -4.030580e-05 2.514949e-05 -1.181760e-04
11562.600000 9.007965e-01 8.782628e-03 3.873924e-03 6.024375e-01 -6.399982e-05 -4.474034e-05 2.031029e-05 -1.189487e-04
11562.800000 8.961834e-01 8.672241e-03 3.548595e-03 6.021844e-01 -5.598945e-05 -4.739467e-05 1.064701e-05 -1.025153e-04
11563.000000 9.089219e-01 8.853544e-03 3.504248e-03 6.161074e-01 -5.874549e-05 -4.355236e-05 4.851429e-06 -1.104539e-04
11563.200000 9.040484e-01 8.757930e-03 3.221699e-03 6.174046e-01 -6.978581e-05 -4.582574e-05 1.657244e-05 -1.112338e-04
11563.400000 8.937928e-01 8.549654e-03 2.899151e-03 6.131064e-01 -7.677053e-05 -4.842431e-05 3.128596e-05 -1.109105e-04
11563.600000 8.982075e-01 8.618159e-03 2.777871e-03 6.228542e-01 -8.585428e-05 -5.211169e-05 3.218089e-05 -1.024692e-04
11563.800000 9.057024e-01 8.724234e-03 2.518182e-03 6.332082e-01 -7.117172e-05 -4.889856e-05 2.208917e-05 -1.082667e-04
11564.000000 8.947544e-01 8.499968e-03 2.325347e-03 6.320185e-01 -6.990898e-05 -5.408421e-05 2.120258e-05 -1.022091e-04
11564.200000 8.918309e-01 8.419962e-03 2.175253e-03 6.386710e-01 -7.225809e-05 -5.043129e-05 2.963676e-05 -9.065473e-05
11564.400000 9.029020e-01 8.524604e-03 1.957504e-03 6.524113e-01 -7.416585e-05 -4.288998e-05 2.062288e-05 -9.859878e-05
11564.600000 9.057477e-01 8.556408e-03 1.947196e-03 6.622620e-01 -7.605392e-05 -4.551692e-05 2.665311e-05 -1.020416e-04
11564.800000 8.961216e-01 8.347895e-03 1.612276e-03 6.638592e-01 -6.824981e-05 -5.626712e-05 2.927671e-05 -1.075100e-04
11565.000000 8.939746e-01 8.238138e-03 1.572939e-03 6.684178e-01 -6.641749e-05 -5.451119e-05 2.216327e-05 -9.927472e-05
11565.200000 8.979577e-01 8.274756e-03 1.561577e-03 6.803720e-01 -7.262659e-05 -4.323027e-05 2.410211e-05 -8.399958e-05
11565.400000 9.084070e-01 8.414397e-03 1.444326e-03 6.941722e-01 -8.058347e-05 -4.514792e-05 2.394955e-05 -9.226691e-05
11565.600000 8.921110e-01 8.100853e-03 1.563019e-03 6.937503e-01 -6.928138e-05 -4.759219e-05 2.137816e-05 -9.646423e-05
11565.800000 9.049243e-01 8.257979e-03 1.367349e-03 7.125208e-01 -5.930067e-05 -3.291492e-05 3.828656e-05 -9.928522e-05
11566.000000 9.121444e-01 8.252421e-03 1.400726e-03 7.256057e-01 -6.382001e-05 -3.780593e-05 3.271080e-05 -9.688037e-05
11566.200000 8.967316e-01 8.044863e-03 1.289607e-03 7.203126e-01 -6.782415e-05 -3.631182e-05 2.837869e-05 -1.040571e-04
11566.400000 8.953587e-01 7.972071e-03 1.249392e-03 7.303657e-01 -6.878937e-05 -3.575478e-05 4.069606e-05 -9.926667e-05
11566.600000 9.070776e-01 8.083756e-03 1.260555e-03 7.487784e-01 -7.103353e-05 -3.463275e-05 3.436132e-05 -9.831992e-05
11566.800000 8.998838e-01 7.939798e-03 1.370308e-03 7.505757e-01 -6.357620e-05 -3.292502e-05 3.119292e-05 -8.783553e-05
11567.000000 9.010667e-01 7.933390e-03 1.359125e-03 7.574954e-01 -6.916189e-05 -3.769316e-05 2.885147e-05 -9.311759e-05
11567.200000 9.043529e-01 7.939775e-03 1.344425e-03 7.647339e-01 -7.011416e-05 -3.685152e-05 2.969322e-05 -1.007625e-04
11567.400000 8.854844e-01 7.639772e-03 1.320448e-03 7.535785e-01 -7.316300e-05 -3.064631e-05 2.613022e-05 -1.069203e-04
11567.600000 8.992249e-01 7.805013e-03 1.256736e-03 7.710712e-01 -6.583423e-05 -3.401828e-05 1.983106e-05 -1.088079e-04
11567.800000 8.910343e-01 7.711195e-03 1.388325e-03 7.652937e-01 -6.061101e-05 -2.864415e-05 2.283543e-05 -1.173571e-04
11568.000000 8.905836e-01 7.643227e-03 1.283796e-03 7.657783e-01 -6.178696e-05 -2.871716e-05 3.267376e-05 -1.031838e-04
11568.200000 9.011612e-01 7.817557e-03 1.316764e-03 7.728087e-01 -6.744602e-05 -2.522824e-05 2.759131e-05 -8.822913e-05
11568.400000 8.950050e-01 7.730725e-03 1.429892e-03 7.680875e-01 -6.725921e-05 -3.878637e-05 3.036112e-05 -9.550155e-05
11568.600000 9.015596e-01 7.864509e-03 1.524522e-03 7.728799e-01 -7.130461e-05 -3.554760e-05 3.232141e-05 -9.513600e-05
11568.800000 8.911910e-01 7.732798e-03 1.533909e-03 7.601362e-01 -6.827472e-05 -3.305510e-05 2.544230e-05 -8.811399e-05
11569.000000 9.009180e-01 7.856385e-03 1.419230e-03 7.645155e-01 -7.663487e-05 -3.196341e-05 3.087133e-05 -8.356263e-05
11569.200000 8.979767e-01 7.853974e-03 1.505215e-03 7.566861e-01 -8.101203e-05 -3.233429e-05 3.423434e-05 -9.398517e-05
11569.400000 8.979506e-01 7.912042e-03 1.547344e-03 7.512003e-01 -8.279458e-05 -3.854255e-05 3.298753e-05 -9.600931e-05
11569.600000 9.041174e-01 8.002820e-03 1.683033e-03 7.529269e-01 -8.166725e-05 -4.562475e-05 3.120602e-05 -9.602002e-05
11569.800000 9.043376e-01 8.020601e-03 1.602468e-03 7.480464e-01 -7.418419e-05 -3.945239e-05 2.011946e-05 -9.922541e-05
11570.000000 9.024663e-01 8.059642e-03 1.550211e-03 7.409592e-01 -6.929617e-05 -3.383048e-05 2.269914e-05 -9.116133e-05
11570.200000 8.983971e-01 8.022206e-03 1.558718e-03 7.302620e-01 -6.719268e-05 -2.466319e-05 2.906836e-05 -9.124562e-05
11570.400000 9.067964e-01 8.186791e-03 1.734350e-03 7.301461e-01 -7.809494e-05 -3.897955e-05 3.087840e-05 -8.891243e-05
11570.600000 9.055499e-01 8.217796e-03 1.817408e-03 7.237049e-01 -9.108646e-05 -5.004592e-05 2.566082e-05 -8.772472e-05
11570.800000 9.019507e-01 8.179362e-03 1.669843e-03 7.134484e-01 -8.854859e-05 -5.190836e-05 3.163000e-05 -9.480681e-05
11571.000000 9.003485e-01 8.188221e-03 1.740983e-03 7.058413e-01 -8.008853e-05 -5.892287e-05 3.027686e-05 -8.037777e-05
11571.200000 9.031284e-01 8.261452e-03 1.777414e-03 7.026351e-01 -7.895047e-05 -5.305355e-05 2.956002e-05 -8.221161e-05
11571.400000 9.028135e-01 8.319614e-03 1.832367e-03 6.970400e-01 -8.502157e-05 -4.028498e-05 3.922083e-05 -8.371156e-05
11571.600000 9.045101e-01 8.371648e-03 1.868224e-03 6.913160e-01 -7.996079e-05 -4.431237e-05 2.998270e-05 -7.767664e-05
11571.800000 9.025591e-01 8.359912e-03 1.991157e-03 6.852485e-01 -7.548853e-05 -4.367275e-05 3.039834e-05 -8.722979e-05
11572.000000 9.032858e-01 8.398682e-03 1.909638e-03 6.810988e-01 -7.419602e-05 -3.755095e-05 3.073309e-05 -1.013138e-04
11572.200000 9.043119e-01 8.461220e-03 1.939303e-03 6.776539e-01 -8.113998e-05 -3.317485e-05 3.963944e-05 -9.516087e-05
11572.400000 9.074196e-01 8.533051e-03 1.986785e-03 6.756616e-01 -8.055688e-05 -3.457560e-05 3.525415e-05 -1.052558e-04
11572.600000 9.005813e-01 8.442946e-03 2.007206e-03 6.658907e-01 -8.150398e-05 -3.717190e-05 4.590655e-05 -9.891150e-05
11572.800000 8.960604e-01 8.409931e-03 2.047098e-03 6.583304e-01 -8.604539e-05 -4.205190e-05 4.303515e-05 -7.952418e-05
11573.000000 8.962600e-01 8.433471e-03 2.013790e-03 6.556584e-01 -8.305278e-05 -4.242030e-05 4.084649e-05 -8.257040e-05
11573.200000 8.908870e-01 8.354786e-03 2.079549e-03 6.469502e-01 -7.697614e-05 -4.162302e-05 3.679411e-05 -8.343615e-05
11573.400000 8.981066e-01 8.482378e-03 2.113177e-03 6.497152e-01 -8.135692e-05 -3.974715e-05 1.718714e-05 -8.701540e-05
11573.600000 8.986978e-01 8.549476e-03 2.120052e-03 6.485207e-01 -8.165563e-05 -6.373265e-05 2.355602e-05 -9.070508e-05
11573.800000 9.017979e-01 8.603872e-03 2.028663e-03 6.485376e-01 -8.016252e-05 -6.159967e-05 3.110229e-05 -9.230814e-05
11574.000000 8.926734e-01 8.479141e-03 2.154183e-03 6.394357e-01 -7.711518e-05 -5.291404e-05 3.781203e-05 -8.601042e-05
11574.200000 8.996932e-01 8.603226e-03 2.135970e-03 6.410921e-01 -7.441540e-05 -5.337796e-05 3.214254e-05 -9.572125e-05
11574.400000 9.012152e-01 8.647747e-03 2.062025e-03 6.407983e-01 -6.929739e-05 -5.000623e-05 4.580310e-05 -9.268045e-05
11574.600000 8.873385e-01 8.431912e-03 2.085725e-03 6.286231e-01 -6.344395e-05 -5.810115e-05 5.724738e-05 -8.762887e-05
11574.800000 8.978123e-01 8.619446e-03 2.297149e-03 6.331787e-01 -5.906132e-05 -4.083812e-05 5.015846e-05 -8.994165e-05
11575.000000 8.815444e-01 8.375104e-03 2.081784e-03 6.210831e-01 -6.234153e-05 -3.839760e-05 4.440758e-05 -1.046438e-04
11575.200000 8.906203e-01 8.527333e-03 2.118276e-03 6.279341e-01 -6.479663e-05 -3.375893e-05 5.012742e-05 -1.055210e-04
11575.400000 8.913079e-01 8.550082e-03 2.117660e-03 6.267409e-01 -5.982668e-05 -3.680656e-05 4.740506e-05 -1.323459e-04
11575.600000 8.968428e-01 8.667556e-03 2.139196e-03 6.315968e-01 -5.887046e-05 -3.759336e-05 3.589693e-05 -1.528571e-04
11575.800000 8.987264e-01 8.688391e-03 2.081359e-03 6.307930e-01 -6.044306e-05 -3.928043e-05 3.340090e-05 -1.538439e-04
11576.000000 9.107233e-01 8.901866e-03 2.144012e-03 6.379065e-01 -6.375291e-05 -3.654917e-05 2.579325e-05 -1.263334e-04
11576.200000 8.985639e-01 8.705785e-03 2.198628e-03 6.273897e-01 -6.602529e-05 -4.395619e-05 2.040612e-05 -1.084146e-04
11576.400000 8.997248e-01 8.721495e-03 2.118450e-03 6.276049e-01 -6.209822e-05 -5.095656e-05 1.012674e-05 -9.541321e-05
11576.600000 8.876031e-01 8.556269e-03 2.140296e-03 6.185300e-01 -6.308567e-05 -4.874213e-05 2.517836e-05 -8.977503e-05
11576.800000 9.077907e-01 8.863085e-03 2.123096e-03 6.350000e-01 -5.610928e-05 -5.151765e-05 3.014365e-05 -9.920544e-05
11577.000000 9.009212e-01 8.762664e-03 2.170429e-03 6.282560e-01 -5.643965e-05 -4.586288e-05 3.094977e-05 -1.118029e-04
11577.200000 8.913907e-01 8.609270e-03 2.037960e-03 6.211851e-01 -5.021630e-05 -4.505935e-05 3.067716e-05 -1.139892e-04
11577.400000 8.955593e-01 8.681570e-03 2.164222e-03 6.239297e-01 -4.142174e-05 -3.977699e-05 3.965582e-05 -1.074017e-04
11577.600000 9.009183e-01 8.757247e-03 2.055372e-03 6.281829e-01 -4.720847e-05 -4.204122e-05 4.076319e-05 -1.056316e-04
11577.800000 9.053939e-01 8.871469e-03 2.103794e-03 6.314656e-01 -6.043028e-05 -3.963215e-05 4.459537e-05 -9.981810e-05
11578.000000 8.814906e-01 8.453346e-03 2.005627e-03 6.135139e-01 -6.779572e-05 -3.916867e-05 3.526438e-05 -1.093855e-04
11578.200000 8.955116e-01 8.698018e-03 2.025450e-03 6.232788e-01 -6.756994e-05 -4.176952e-05 3.427258e-05 -1.011968e-04
11578.400000 8.950925e-01 8.695955e-03 2.039883e-03 6.226904e-01 -6.730481e-05 -5.155749e-05 3.107736e-05 -1.050129e-04
11578.600000 8.947391e-01 8.666503e-03 2.037144e-03 6.244577e-01 -6.788827e-05 -5.388079e-05 3.367972e-05 -1.071013e-04
11578.800000 8.960594e-01 8.700713e-03 2.039664e-03 6.267768e-01 -6.430811e-05 -4.037375e-05 3.302077e-05 -1.029474e-04
11579.000000 8.956038e-01 8.713514e-03 1.954002e-03 6.237920e-01 -6.226975e-05 -3.911389e-05 2.842807e-05 -1.054603e-04
11579.200000 9.050807e-01 8.859336e-03 2.003059e-03 6.319489e-01 -6.422954e-05 -3.098336e-05 4.484021e-05 -1.052511e-04
11579.400000 9.040284e-01 8.804515e-03 2.058492e-03 6.319746e-01 -6.581230e-05 -4.319084e-05 3.461935e-05 -1.018820e-04
11579.600000 8.870235e-01 8.565887e-03 1.819071e-03 6.203371e-01 -6.177180e-05 -4.537733e-05 3.076378e-05 -9.743227e-05
11579.800000 8.993191e-01 8.768641e-03 2.003015e-03 6.289118e-01 -5.413355e-05 -5.157848e-05 3.068385e-05 -1.053051e-04
11580.000000 8.995652e-01 8.768867e-03 2.182281e-03 6.312581e-01 -5.022048e-05 -5.386922e-05 2.044640e-05 -1.044799e-04
11580.200000 8.951045e-01 8.678126e-03 2.053888e-03 6.282778e-01 -5.089793e-05 -4.754915e-05 1.180949e-05 -1.041542e-04
11580.400000 8.925554e-01 8.607961e-03 1.917137e-03 6.263173e-01 -5.203270e-05 -4.041989e-05 2.418086e-05 -1.015777e-04
11580.600000 9.007711e-01 8.749283e-03 1.989195e-03 6.285935e-01 -4.933873e-05 -5.165280e-05 2.126937e-05 -1.046253e-04
11580.800000 8.968244e-01 8.710140e-03 2.075409e-03 6.287283e-01 -4.694477e-05 -6.535627e-05 2.917889e-05 -1.091209e-04
11581.000000 9.020748e-01 8.817297e-03 2.166813e-03 6.342417e-01 -4.466056e-05 -6.622053e-05 2.844954e-05 -1.098420e-04
11581.200000 8.939658e-01 8.673057e-03 1.934272e-03 6.259593e-01 -5.352551e-05 -6.144783e-05 2.938430e-05 -1.093881e-04
11581.400000 8.885435e-01 8.574300e-03 2.041214e-03 6.186305e-01 -5.937853e-05 -5.861037e-05 3.396744e-05 -1.131816e-04
11581.600000 8.987672e-01 8.688942e-03 2.104226e-03 6.308669e-01 -5.542368e-05 -6.279310e-05 4.796795e-05 -1.005765e-04
11581.800000 8.900548e-01 8.638001e-03 2.058892e-03 6.251140e-01 -5.235267e-05 -6.398212e-05 3.428504e-05 -1.093916e-04
11582.000000 9.028368e-01 8.793380e-03 2.079607e-03 6.320339e-01 -6.449557e-05 -5.863674e-05 3.296559e-05 -1.024120e-04
11582.200000 8.816025e-01 8.478554e-03 2.100988e-03 6.183617e-01 -6.497050e-05 -6.271437e-05 3.449373e-05 -1.040021e-04
11582.400000 8.909091e-01 8.623103e-03 1.931884e-03 6.237200e-01 -5.538218e-05 -6.809806e-05 3.451205e-05 -1.017959e-04
11582.600000 9.009728e-01 8.844625e-03 2.104554e-03 6.324298e-01 -5.000713e-05 -6.907436e-05 2.527451e-05 -9.962681e-05
11582.800000 8.924220e-01 8.650066e-03 2.031267e-03 6.267069e-01 -5.228293e-05 -6.186601e-05 2.828986e-05 -9.707841e-05
11583.000000 8.953092e-01 8.722332e-03 2.040559e-03 6.266681e-01 -5.466074e-05 -5.453356e-05 3.671993e-05 -1.016465e-04
11583.200000 9.045826e-01 8.887931e-03 2.038416e-03 6.357006e-01 -4.966682e-05 -5.719095e-05 4.337605e-05 -1.157481e-04
11583.400000 9.018323e-01 8.799658e-03 2.113979e-03 6.359924e-01 -5.094303e-05 -6.143257e-05 4.716525e-05 -1.010004e-04
11583.600000 8.901739e-01 8.601318e-03 2.046070e-03 6.268110e-01 -5.555216e-05 -6.358532e-05 3.982670e-05 -8.619691e-05
11583.800000 8.954713e-01 8.688313e-03 2.070422e-03 6.307938e-01 -5.552770e-05 -5.531812e-05 3.102764e-05 -9.780264e-05
11584.000000 9.013107e-01 8.826060e-03 2.224143e-03 6.382817e-01 -5.904901e-05 -4.665064e-05 3.367625e-05 -1.012791e-04
11584.200000 8.978432e-01 8.754638e-03 2.177042e-03 6.339496e-01 -6.376505e-05 -5.372115e-05 2.710900e-05 -1.037003e-04
11584.400000 8.916014e-01 8.672819e-03 2.133596e-03 6.313739e-01 -6.463629e-05 -5.677020e-05 3.396094e-05 -9.943895e-05
11584.600000 8.960743e-01 8.690300e-03 2.182769e-03 6.324009e-01 -6.189167e-05 -5.788215e-05 4.130490e-05 -9.927048e-05
11584.800000 9.062754e-01 8.906119e-03 2.214335e-03 6.402551e-01 -5.913848e-05 -5.211242e-05 3.172961e-05 -1.078066e-04
11585.000000 9.031766e-01 8.853396e-03 2.162962e-03 6.371228e-01 -5.909266e-05 -4.806746e-05 4.140576e-05 -1.077372e-04
11585.200000 8.961479e-01 8.725211e-03 2.173413e-03 6.342776e-01 -6.837537e-05 -5.165759e-05 4.307321e-05 -1.007562e-04
11585.400000 8.861788e-01 8.526408e-03 2.206087e-03 6.259311e-01 -6.942465e-05 -5.790168e-05 3.491591e-05 -9.473625e-05
11585.600000 8.878394e-01 8.569428e-03 2.156356e-03 6.275560e-01 -6.821020e-05 -5.723506e-05 3.968476e-05 -9.767747e-05
11585.800000 8.972178e-01 8.819251e-03 2.152721e-03 6.334598e-01 -5.461961e-05 -5.104304e-05 3.021901e-05 -9.734215e-05
11586.000000 8.959065e-01 8.726435e-03 2.200446e-03 6.336489e-01 -5.287032e-05 -4.795482e-05 4.080326e-05 -9.208149e-05
11586.200000 8.950459e-01 8.661506e-03 2.216688e-03 6.325032e-01 -5.555401e-05 -5.040480e-05 3.317031e-05 -9.967627e-05
11586.400000 8.883457e-01 8.639952e-03 2.118153e-03 6.297829e-01 -5.849830e-05 -5.768235e-05 2.522929e-05 -9.805546e-05
11586.600000 9.084553e-01 8.897260e-03 2.185884e-03 6.411124e-01 -6.841521e-05 -6.264820e-05 4.330607e-05 -9.093147e-05
11586.800000 8.885953e-01 8.601926e-03 2.230370e-03 6.316836e-01 -6.412666e-05 -6.069048e-05 5.334469e-05 -1.038393e-04
11587.000000 8.997266e-01 8.768496e-03 2.135662e-03 6.399250e-01 -6.213461e-05 -6.592799e-05 4.401898e-05 -1.098489e-04
11587.200000 8.812943e-01 8.501499e-03 2.183231e-03 6.252398e-01 -5.798559e-05 -5.386614e-05 3.649152e-05 -1.160287e-04
11587.400000 8.806431e-01 8.500054e-03 2.154448e-03 6.236300e-01 -5.626637e-05 -5.312027e-05 3.190376e-05 -1.061895e-04
11587.600000 9.065183e-01 8.904005e-03 2.214564e-03 6.418890e-01 -5.728645e-05 -5.849711e-05 2.766218e-05 -1.012894e-04
11587.800000 9.032660e-01 8.848899e-03 2.250946e-03 6.420548e-01 -5.943198e-05 -5.579161e-05 2.624621e-05 -1.138426e-04
11588.000000 8.892154e-01 8.644870e-03 2.085621e-03 6.317130e-01 -5.683257e-05 -4.490556e-05 2.936462e-05 -1.111129e-04
11588.200000 8.951764e-01 8.692529e-03 2.188194e-03 6.335885e-01 -5.361010e-05 -5.562695e-05 2.994077e-05 -1.148211e-04
11588.400000 8.935581e-01 8.677190e-03 2.063804e-03 6.349437e-01 -5.940114e-05 -5.263449e-05 3.584570e-05 -1.079614e-04
11588.600000 9.067683e-01 8.935203e-03 2.098752e-03 6.440631e-01 -6.740125e-05 -4.483590e-05 2.637003e-05 -1.044767e-04
11588.800000 8.966433e-01 8.726803e-03 2.116666e-03 6.368434e-01 -5.650521e-05 -4.124388e-05 3.935654e-05 -9.984125e-05
11589.000000 8.917924e-01 8.722314e-03 2.052495e-03 6.340382e-01 -5.370817e-05 -4.347784e-05 2.500666e-05 -1.059929e-04
11589.200000 8.884993e-01 8.595005e-03 2.036400e-03 6.313828e-01 -5.102715e-05 -4.292115e-05 1.760054e-05 -1.077653e-04
11589.400000 8.933081e-01 8.674242e-03 2.114248e-03 6.390060e-01 -5.309500e-05 -5.595538e-05 2.482834e-05 -1.067755e-04
11589.600000 8.921720e-01 8.667580e-03 2.151568e-03 6.363980e-01 -5.552768e-05 -5.503468e-05 3.556557e-05 -1.054339e-04
11589.800000 8.968426e-01 8.745057e-03 2.030187e-03 6.394034e-01 -6.430572e-05 -4.776423e-05 1.588111e-05 -1.077969e-04
11590.000000 9.005803e-01 8.776411e-03 2.073371e-03 6.410016e-01 -6.550426e-05 -4.361263e-05 9.505996e-06 -1.049211e-04
11590.200000 9.015556e-01 8.764060e-03 2.047516e-03 6.438895e-01 -6.222725e-05 -3.756347e-05 1.204988e-05 -1.019461e-04
11590.400000 8.808368e-01 8.539332e-03 1.914555e-03 6.275022e-01 -5.505037e-05 -3.760850e-05 2.112249e-05 -1.161735e-04
11590.600000 8.882359e-01 8.551988e-03 1.988694e-03 6.351150e-01 -6.485463e-05 -4.980104e-05 2.261812e-05 -1.124685e-04
11590.800000 8.905366e-01 8.733460e-03 2.001393e-03 6.357593e-01 -7.032746e-05 -4.485893e-05 2.368934e-05 -1.099037e-04
11591.000000 8.931797e-01 8.687070e-03 1.957642e-03 6.392629e-01 -5.652695e-05 -4.622882e-05 2.018921e-05 -1.094225e-04
11591.200000 8.905794e-01 8.717016e-03 1.945423e-03 6.363375e-01 -5.094342e-05 -4.911464e-05 2.259866e-05 -1.174283e-04
11591.400000 8.947971e-01 8.722092e-03 2.036351e-03 6.406569e-01 -5.657249e-05 -4.704460e-05 1.298741e-05 -1.164336e-04
11591.600000 8.710027e-01 8.400460e-03 1.830748e-03 6.233578e-01 -5.878411e-05 -4.901926e-05 1.433136e-05 -1.224497e-04
11591.800000 9.022356e-01 8.799281e-03 2.128792e-03 6.468928e-01 -6.669681e-05 -4.401964e-05 2.035401e-05 -1.148622e-04
11592.000000 8.744140e-01 8.585806e-03 1.815826e-03 6.253949e-01 -6.962746e-05 -4.083608e-05 2.351123e-05 -1.194852e-04
11592.200000 9.032101e-01 8.834821e-03 2.051906e-03 6.481327e-01 -6.853558e-05 -4.302301e-05 2.315332e-05 -1.100642e-04
11592.400000 8.970334e-01 8.784860e-03 2.054565e-03 6.430827e-01 -7.160966e-05 -5.133739e-05 2.034506e-05 -1.059101e-04
11592.600000 8.810892e-01 8.441241e-03 1.665398e-03 6.308060e-01 -7.006970e-05 -5.786801e-05 2.776391e-05 -1.099564e-04
11592.800000 9.021242e-01 8.792538e-03 1.917656e-03 6.483580e-01 -7.258963e-05 -6.340254e-05 3.817184e-05 -1.138842e-04
11593.000000 8.894118e-01 8.657680e-03 2.031819e-03 6.398517e-01 -6.682494e-05 -5.864869e-05 3.838888e-05 -1.047584e-04
11593.200000 8.825940e-01 8.592985e-03 1.837096e-03 6.336709e-01 -7.232613e-05 -5.355267e-05 3.645817e-05 -1.162152e-04
11593.400000 8.820496e-01 8.563948e-03 1.813128e-03 6.309089e-01 -6.473086e-05 -4.394593e-05 3.185709e-05 -1.078616e-04
11593.600000 9.005838e-01 8.840447e-03 1.891435e-03 6.494601e-01 -5.975253e-05 -5.437691e-05 2.215044e-05 -1.024500e-04
11593.800000 8.932323e-01 8.685372e-03 1.812191e-03 6.398803e-01 -6.133996e-05 -5.781293e-05 3.295960e-05 -1.085618e-04
11594.000000 8.813990e-01 8.605783e-03 1.979964e-03 6.308015e-01 -6.788781e-05 -5.542707e-05 2.511862e-05 -1.102372e-04
11594.200000 8.817483e-01 8.555400e-03 1.898943e-03 6.353116e-01 -7.143240e-05 -5.655081e-05 2.888296e-05 -9.970756e-05
11594.400000 8.965496e-01 8.771978e-03 1.914474e-03 6.440348e-01 -7.144101e-05 -5.022745e-05 2.521339e-05 -1.010223e-04
11594.600000 8.826029e-01 8.649616e-03 1.769969e-03 6.350816e-01 -6.678453e-05 -5.414481e-05 1.326546e-05 -9.119497e-05
11594.800000 9.017158e-01 8.824004e-03 1.919995e-03 6.485865e-01 -7.214557e-05 -6.033220e-05 2.057706e-05 -9.622578e-05
11595.000000 9.006869e-01 8.838761e-03 1.901515e-03 6.491168e-01 -6.880657e-05 -6.267099e-05 1.749413e-05 -1.040319e-04
11595.200000 8.948115e-01 8.757371e-03 1.895701e-03 6.410516e-01 -7.167771e-05 -6.419930e-05 1.807114e-05 -1.076593e-04
11595.400000 8.839650e-01 8.587339e-03 1.910618e-03 6.369831e-01 -6.966607e-05 -6.991937e-05 1.192038e-05 -1.116044e-04
11595.600000 9.085528e-01 8.944509e-03 1.858616e-03 6.570702e-01 -6.569052e-05 -6.591630e-05 1.251329e-05 -1.182932e-04
11595.800000 9.123875e-01 8.996079e-03 1.880723e-03 6.571418e-01 -6.641321e-05 -6.142942e-05 2.897141e-05 -1.152734e-04
11596.000000 8.965899e-01 8.781436e-03 1.802984e-03 6.466453e-01 -6.663979e-05 -6.440963e-05 2.075317e-05 -9.913709e-05
11596.200000 8.757821e-01 8.567303e-03 1.792193e-03 6.272707e-01 -7.040911e-05 -5.450995e-05 1.717062e-05 -8.977538e-05
11596.400000 8.880609e-01 8.610284e-03 1.894767e-03 6.386463e-01 -7.095268e-05 -6.272974e-05 1.525779e-05 -9.702246e-05
11596.600000 8.947211e-01 8.694241e-03 1.907636e-03 6.437144e-01 -8.071216e-05 -6.016477e-05 6.663962e-06 -1.007913e-04
11596.800000 8.802021e-01 8.534476e-03 1.751691e-03 6.368048e-01 -8.266858e-05 -5.863349e-05 2.143459e-05 -1.032094e-04
11597.000000 8.932152e-01 8.757199e-03 1.934826e-03 6.455173e-01 -8.103908e-05 -5.640470e-05 1.180287e-05 -1.041875e-04
11597.700000 8.918201e-01 8.741606e-03 1.882965e-03 6.460123e-01 -6.347952e-05 -5.391730e-05 5.901768e-06 -1.051352e-04
11598.400000 8.918111e-01 8.727350e-03 1.987636e-03 6.457449e-01 -5.448996e-05 -5.235272e-05 1.077827e-05 -1.026518e-04
11599.100000 8.925604e-01 8.733047e-03 2.056054e-03 6.458681e-01 -5.698073e-05 -5.648505e-05 1.309963e-05 -9.582150e-05
11599.800000 8.951482e-01 8.785219e-03 2.137179e-03 6.496226e-01 -5.365794e-05 -5.042374e-05 1.362456e-05 -9.161613e-05
11600.500000 8.916090e-01 8.738878e-03 2.055938e-03 6.474623e-01 -5.799882e-05 -5.575922e-05 2.613311e-06 -9.658609e-05
11601.200000 8.919182e-01 8.746277e-03 2.052480e-03 6.490393e-01 -5.142537e-05 -5.582007e-05 -2.328363e-06 -9.930516e-05
11601.900000 8.937700e-01 8.774010e-03 2.117252e-03 6.516902e-01 -4.795078e-05 -5.185841e-05 -8.644735e-07 -9.695059e-05
11602.600000 8.940373e-01 8.758826e-03 2.150286e-03 6.520356e-01 -6.019034e-05 -5.495157e-05 8.775382e-06 -9.134068e-05
11603.300000 8.932357e-01 8.766179e-03 2.081456e-03 6.511164e-01 -5.915441e-05 -6.100032e-05 1.052515e-05 -8.601942e-05
11604.993695 8.934591e-01 8.794807e-03 2.126923e-03 6.556118e-01 -5.757942e-05 -5.871449e-05 7.074881e-08 -9.071605e-05
11605.999583 8.908112e-01 8.751163e-03 2.110570e-03 6.545030e-01 -6.186368e-05 -6.728131e-05 -1.143359e-05 -9.808296e-05
11607.017662 8.932328e-01 8.785599e-03 2.156783e-03 6.569950e-01 -5.221598e-05 -7.167831e-05 -9.105031e-06 -8.800906e-05
11608.047933 8.845932e-01 8.638596e-03 2.155103e-03 6.527650e-01 -4.848184e-05 -7.179441e-05 -5.804299e-06 -8.176032e-05
11609.090396 8.907299e-01 8.766652e-03 2.177995e-03 6.577593e-01 -4.806875e-05 -6.484179e-05 -6.002067e-06 -8.713256e-05
11610.145051 8.943455e-01 8.812617e-03 2.172249e-03 6.618460e-01 -4.253161e-05 -6.638925e-05 -7.085698e-06 -9.081313e-05
11611.211898 8.884741e-01 8.752852e-03 2.171981e-03 6.599750e-01 -5.065318e-05 -6.694933e-05 2.403711e-06 -9.147689e-05
11612.290937 8.919658e-01 8.805855e-03 2.156733e-03 6.628831e-01 -5.399968e-05 -6.009787e-05 9.606931e-06 -8.649470e-05
11613.382167 8.905272e-01 8.785218e-03 2.070406e-03 6.635106e-01 -5.877596e-05 -6.335990e-05 6.550858e-06 -9.161827e-05
11614.485590 8.877245e-01 8.747693e-03 2.024681e-03 6.625131e-01 -6.228518e-05 -5.857848e-05 7.689054e-06 -9.688789e-05
11615.601204 8.905111e-01 8.773057e-03 2.050355e-03 6.653094e-01 -5.877729e-05 -5.740872e-05 8.096411e-07 -8.716170e-05
11616.729011 8.892199e-01 8.770241e-03 1.979044e-03 6.639618e-01 -5.365045e-05 -4.380073e-05 8.456549e-06 -9.330583e-05
11617.869009 8.883834e-01 8.758366e-03 1.941454e-03 6.625898e-01 -5.562337e-05 -4.713687e-05 4.817053e-07 -8.708439e-05
11619.021199 8.875175e-01 8.769752e-03 1.899829e-03 6.617430e-01 -5.524934e-05 -4.502662e-05 -7.518987e-06 -9.551904e-05
11620.185582 8.891851e-01 8.825277e-03 1.929755e-03 6.614257e-01 -5.744968e-05 -4.749620e-05 -4.164197e-06 -9.505263e-05
11621.362156 8.863580e-01 8.803240e-03 1.877140e-03 6.583765e-01 -5.920117e-05 -5.415254e-05 6.774900e-06 -8.047899e-05
11622.550922 8.879446e-01 8.848331e-03 1.939522e-03 6.583881e-01 -5.677364e-05 -5.494553e-05 3.361599e-06 -6.874283e-05
11623.751879 8.886086e-01 8.896667e-03 1.981237e-03 6.572953e-01 -6.809649e-05 -5.254280e-05 1.555475e-05 -6.777271e-05
11624.965029 8.882100e-01 8.911801e-03 1.992160e-03 6.552215e-01 -6.702744e-05 -5.560150e-05 1.251420e-05 -7.905223e-05
11626.190371 8.878625e-01 8.939399e-03 2.046905e-03 6.532732e-01 -6.578754e-05 -6.319740e-05 1.182385e-05 -7.458565e-05
11627.427904 8.879664e-01 8.963527e-03 2.045450e-03 6.513740e-01 -6.557583e-05 -5.962134e-05 8.012701e-06 -7.907153e-05
11628.677630 8.894479e-01 8.983581e-03 2.079425e-03 6.510477e-01 -7.147375e-05 -6.035306e-05 1.220072e-05 -8.583237e-05
11629.939547 8.859317e-01 8.974885e-03 2.073991e-03 6.468249e-01 -6.476950e-05 -5.895302e-05 8.829166e-06 -9.057280e-05
11631.213657 8.869496e-01 9.008229e-03 2.110415e-03 6.470129e-01 -6.442636e-05 -5.307051e-05 4.797959e-06 -9.112231e-05
11632.499958 8.886441e-01 9.077152e-03 2.118901e-03 6.474063e-01 -6.145273e-05 -5.574293e-05 -5.158211e-06 -8.812828e-05
11633.798451 8.857942e-01 9.045527e-03 2.126389e-03 6.439734e-01 -6.401941e-05 -5.984914e-05 -6.511747e-06 -9.352377e-05
11635.109136 8.869657e-01 9.069257e-03 2.125287e-03 6.445313e-01 -6.516749e-05 -6.165941e-05 -4.991042e-07 -8.488292e-05
11636.432013 8.852912e-01 9.067107e-03 2.106908e-03 6.421252e-01 -6.857573e-05 -6.122051e-05 -7.882696e-06 -9.198222e-05
11637.767082 8.860137e-01 9.097295e-03 2.153943e-03 6.425997e-01 -6.858635e-05 -5.723357e-05 4.313709e-07 -9.991112e-05
11639.114342 8.864234e-01 9.120202e-03 2.172815e-03 6.420733e-01 -7.464508e-05 -5.337750e-05 1.314969e-05 -7.923935e-05
11640.473795 8.850275e-01 9.121635e-03 2.231076e-03 6.432250e-01 -7.609855e-05 -3.880814e-05 5.395423e-06 -8.598090e-05
11641.845440 8.854040e-01 9.147626e-03 2.274530e-03 6.429520e-01 -8.084055e-05 -3.451745e-05 1.399507e-05 -8.541922e-05
11643.229276 8.864413e-01 9.184579e-03 2.261542e-03 6.434382e-01 -7.502544e-05 -3.885214e-05 1.220304e-05 -8.571691e-05
11644.625305 8.811797e-01 9.121568e-03 2.253294e-03 6.413877e-01 -6.533038e-05 -4.469487e-05 1.461971e-06 -9.689426e-05
11646.033525 8.819718e-01 9.153452e-03 2.356981e-03 6.419184e-01 -6.826767e-05 -4.896565e-05 5.187446e-06 -9.154397e-05
11647.453937 8.845837e-01 9.212809e-03 2.400201e-03 6.448803e-01 -6.932656e-05 -4.330215e-05 1.972364e-06 -9.066734e-05
11648.886541 8.824332e-01 9.199137e-03 2.353817e-03 6.428494e-01 -7.241584e-05 -4.994074e-05 -9.904076e-08 -8.775655e-05
11650.331337 8.793492e-01 9.169532e-03 2.306750e-03 6.406525e-01 -6.674230e-05 -4.691713e-05 4.055027e-06 -1.011737e-04
11651.788325 8.811471e-01 9.193639e-03 2.272270e-03 6.426660e-01 -6.533815e-05 -4.847979e-05 1.278604e-05 -1.089071e-04
11653.257505 8.850985e-01 9.255780e-03 2.316107e-03 6.460241e-01 -6.528571e-05 -4.672412e-05 5.821461e-06 -1.019627e-04
11654.738877 8.808789e-01 9.232369e-03 2.299372e-03 6.438978e-01 -7.174162e-05 -4.047944e-05 2.251889e-06 -9.636150e-05
11656.232440 8.831426e-01 9.267213e-03 2.255400e-03 6.444619e-01 -6.795149e-05 -4.569452e-05 6.016511e-06 -9.685480e-05
11657.738196 8.823982e-01 9.265035e-03 2.237537e-03 6.466496e-01 -6.175964e-05 -5.122323e-05 5.946198e-06 -1.108527e-04
11659.256143 8.824431e-01 9.302067e-03 2.232732e-03 6.482124e-01 -5.759977e-05 -5.529895e-05 -4.366117e-06 -1.205020e-04
11660.786283 8.798622e-01 9.277932e-03 2.233259e-03 6.448467e-01 -5.259727e-05 -5.276698e-05 -5.453181e-06 -1.126876e-04
11662.328614 8.823378e-01 9.333425e-03 2.240496e-03 6.468688e-01 -5.165403e-05 -5.232410e-05 -8.363282e-06 -1.002089e-04
11663.883137 8.808178e-01 9.324402e-03 2.188441e-03 6.460346e-01 -5.340234e-05 -5.067641e-05 -5.950538e-06 -9.891721e-05
11665.449852 8.813430e-01 9.356689e-03 2.198870e-03 6.468941e-01 -5.979741e-05 -4.595882e-05 8.813738e-06 -9.069302e-05
11667.028759 8.792253e-01 9.323933e-03 2.211582e-03 6.470713e-01 -6.422135e-05 -4.295090e-05 -6.648568e-07 -9.162501e-05
11668.619858 8.798631e-01 9.349921e-03 2.239867e-03 6.491793e-01 -5.621024e-05 -3.520155e-05 2.359807e-06 -9.834495e-05
11670.223149 8.796357e-01 9.353698e-03 2.248165e-03 6.480593e-01 -5.577099e-05 -4.227389e-05 1.555121e-05 -8.795910e-05
11671.838632 8.791675e-01 9.376399e-03 2.261506e-03 6.473870e-01 -5.388866e-05 -5.386260e-05 1.356177e-05 -9.452594e-05
11673.466307 8.760789e-01 9.338886e-03 2.185338e-03 6.472802e-01 -6.282665e-05 -5.221327e-05 1.217707e-05 -1.072840e-04
11675.106173 8.797939e-01 9.417010e-03 2.247258e-03 6.507015e-01 -7.014953e-05 -4.839362e-05 1.283558e-05 -1.044995e-04
11676.758232 8.785113e-01 9.403758e-03 2.251407e-03 6.504344e-01 -7.071168e-05 -5.010624e-05 1.752693e-05 -1.172184e-04
11678.422482 8.766785e-01 9.403102e-03 2.235035e-03 6.482647e-01 -7.094631e-05 -5.023474e-05 1.224343e-05 -1.071030e-04
11680.098924 8.743774e-01 9.390911e-03 2.267096e-03 6.470823e-01 -7.788701e-05 -4.257257e-05 1.458969e-05 -9.198858e-05
11681.787558 8.757483e-01 9.438367e-03 2.200458e-03 6.498115e-01 -7.966964e-05 -4.158100e-05 1.429451e-05 -1.002053e-04
11683.488385 8.750212e-01 9.424413e-03 2.215230e-03 6.515295e-01 -7.611895e-05 -4.258735e-05 8.704059e-06 -8.955692e-05
11685.201403 8.768213e-01 9.458405e-03 2.230936e-03 6.512531e-01 -7.361892e-05 -4.476929e-05 7.246175e-06 -9.012652e-05
11686.926613 8.746100e-01 9.435161e-03 2.236322e-03 6.498685e-01 -7.016971e-05 -4.873642e-05 8.933595e-06 -9.943581e-05
11688.664014 8.768788e-01 9.517873e-03 2.206461e-03 6.512535e-01 -7.394646e-05 -4.874983e-05 1.468180e-05 -1.102005e-04
11690.413608 8.743817e-01 9.493146e-03 2.265632e-03 6.492954e-01 -7.109095e-05 -5.689170e-05 1.586124e-05 -1.032825e-04
11692.175394 8.743629e-01 9.532210e-03 2.266366e-03 6.496788e-01 -7.577536e-05 -5.657107e-05 8.128071e-06 -1.082989e-04
11693.949371 8.746043e-01 9.531323e-03 2.301982e-03 6.495686e-01 -7.666295e-05 -6.879744e-05 6.978928e-06 -1.150468e-04
11695.735541 8.752814e-01 9.583295e-03 2.341313e-03 6.486178e-01 -7.807800e-05 -6.692518e-05 4.091808e-06 -1.074440e-04
11697.533902 8.730876e-01 9.575201e-03 2.344441e-03 6.476800e-01 -9.023731e-05 -6.372495e-05 7.447323e-06 -9.767230e-05
11699.344455 8.728245e-01 9.582196e-03 2.348855e-03 6.477156e-01 -8.579660e-05 -5.369308e-05 2.794848e-06 -1.076128e-04
11701.167201 8.725855e-01 9.615672e-03 2.414509e-03 6.463281e-01 -8.090128e-05 -4.477115e-05 3.680639e-06 -1.075777e-04
11703.002138 8.689542e-01 9.606132e-03 2.442716e-03 6.453398e-01 -8.165622e-05 -4.996177e-05 7.612911e-06 -9.616365e-05
11704.849267 8.689233e-01 9.616366e-03 2.452045e-03 6.460226e-01 -8.597638e-05 -5.768756e-05 1.144717e-05 -9.099408e-05
11706.708588 8.706618e-01 9.661690e-03 2.496099e-03 6.465257e-01 -8.456277e-05 -6.296945e-05 9.350438e-06 -9.557870e-05
11708.580100 8.712297e-01 9.685090e-03 2.500052e-03 6.467915e-01 -7.991176e-05 -6.536771e-05 1.918411e-06 -9.073924e-05
11710.463805 8.716113e-01 9.715418e-03 2.515169e-03 6.468708e-01 -8.191671e-05 -6.779265e-05 6.399945e-06 -1.008186e-04
11712.359702 8.705674e-01 9.730172e-03 2.530992e-03 6.456048e-01 -7.027019e-05 -7.645320e-05 1.676077e-05 -9.327103e-05
11714.267790 8.703184e-01 9.751698e-03 2.490343e-03 6.453177e-01 -7.630062e-05 -7.576363e-05 2.329921e-05 -8.770147e-05
11716.188071 8.694228e-01 9.771629e-03 2.466985e-03 6.444612e-01 -7.187043e-05 -6.533621e-05 1.223097e-05 -8.606584e-05
11718.120543 8.687760e-01 9.768635e-03 2.443643e-03 6.433885e-01 -6.814271e-05 -6.005380e-05 1.165843e-05 -9.296358e-05
11720.065207 8.686756e-01 9.793099e-03 2.433360e-03 6.441503e-01 -6.067613e-05 -5.687029e-05 1.168048e-05 -9.257100e-05
11722.022064 8.683202e-01 9.823124e-03 2.401714e-03 6.442539e-01 -6.237790e-05 -5.831491e-05 1.981207e-05 -9.151751e-05
11723.991112 8.689053e-01 9.872508e-03 2.408924e-03 6.438015e-01 -6.326590e-05 -6.446420e-05 4.926440e-06 -8.729277e-05
11725.972352 8.655114e-01 9.837162e-03 2.418286e-03 6.416144e-01 -6.476506e-05 -7.146361e-05 7.310362e-06 -8.488518e-05
11727.965784 8.683489e-01 9.905367e-03 2.385022e-03 6.430042e-01 -5.122436e-05 -7.288285e-05 -2.300161e-06 -9.023769e-05
11729.971407 8.661325e-01 9.883506e-03 2.391573e-03 6.437796e-01 -4.958670e-05 -6.670014e-05 8.714307e-06 -8.928755e-05
11731.989223 8.607292e-01 9.824377e-03 2.366923e-03 6.376591e-01 -5.743327e-05 -6.707644e-05 1.060664e-05 -9.457120e-05
11734.019231 8.630439e-01 9.892201e-03 2.376450e-03 6.399575e-01 -6.471734e-05 -6.811685e-05 3.795289e-06 -1.062568e-04
11736.061430 8.653935e-01 9.938448e-03 2.432908e-03 6.426843e-01 -7.533680e-05 -7.605417e-05 6.787127e-06 -1.058013e-04
11738.115822 8.646259e-01 9.958898e-03 2.410330e-03 6.425985e-01 -7.368986e-05 -6.522663e-05 7.226315e-06 -9.848513e-05
11740.182405 8.633601e-01 9.960542e-03 2.449901e-03 6.416248e-01 -6.489008e-05 -6.422962e-05 8.970850e-06 -1.003726e-04
11742.261180 8.633388e-01 9.960673e-03 2.453553e-03 6.412867e-01 -5.732951e-05 -6.563829e-05 1.036636e-05 -1.004688e-04
11744.352148 8.639156e-01 1.000633e-02 2.404104e-03 6.405676e-01 -6.036919e-05 -6.224146e-05 1.474996e-05 -9.921205e-05
11746.455307 8.641787e-01 1.003110e-02 2.466994e-03 6.432834e-01 -6.638753e-05 -5.591037e-05 1.204405e-05 -8.923951e-05
11748.570658 8.618878e-01 1.004045e-02 2.475278e-03 6.409351e-01 -6.021045e-05 -5.558765e-05 1.378471e-05 -9.655389e-05
11750.698201 8.623455e-01 1.006354e-02 2.430117e-03 6.427532e-01 -6.325992e-05 -4.774568e-05 1.744787e-05 -1.007280e-04
11752.837935 8.618664e-01 1.008753e-02 2.433973e-03 6.424153e-01 -6.293083e-05 -4.173847e-05 9.768195e-06 -9.201556e-05
11754.989862 8.611540e-01 1.007858e-02 2.448875e-03 6.427421e-01 -5.998630e-05 -4.795652e-05 1.365568e-05 -8.655401e-05
11757.153981 8.616938e-01 1.011555e-02 2.449063e-03 6.439237e-01 -6.638501e-05 -4.628803e-05 1.206153e-05 -8.659892e-05
11759.330291 8.607198e-01 1.011000e-02 2.461178e-03 6.441321e-01 -6.869269e-05 -5.052086e-05 1.273115e-05 -9.087044e-05
11761.518794 8.599392e-01 1.012989e-02 2.492301e-03 6.436822e-01 -6.464250e-05 -5.648770e-05 2.404622e-05 -9.432590e-05
11763.719488 8.595819e-01 1.015092e-02 2.506163e-03 6.431378e-01 -6.653170e-05 -6.132950e-05 2.634602e-05 -1.042585e-04
11765.932374 8.597696e-01 1.018536e-02 2.551707e-03 6.447205e-01 -5.944195e-05 -6.146005e-05 2.526058e-05 -1.006329e-04
11768.157453 8.577946e-01 1.018579e-02 2.610620e-03 6.443894e-01 -6.366120e-05 -5.915141e-05 2.252760e-05 -9.232491e-05
11770.394723 8.533397e-01 1.017036e-02 2.604478e-03 6.405868e-01 -7.150503e-05 -4.771065e-05 2.064445e-05 -9.727919e-05
11772.644185 8.488493e-01 1.012840e-02 2.622379e-03 6.364514e-01 -6.505828e-05 -4.508796e-05 2.168058e-05 -9.614880e-05
11774.905838 8.554113e-01 1.023520e-02 2.644650e-03 6.421260e-01 -6.188329e-05 -5.131448e-05 2.193375e-05 -8.817276e-05
11777.179684 8.554859e-01 1.026551e-02 2.713187e-03 6.418510e-01 -6.476123e-05 -4.453641e-05 2.256664e-05 -8.124471e-05
11779.465722 8.557663e-01 1.032114e-02 2.701028e-03 6.428029e-01 -6.688819e-05 -5.102086e-05 2.105981e-05 -7.266377e-05
11781.763952 8.560616e-01 1.034761e-02 2.723303e-03 6.433845e-01 -7.394080e-05 -5.826416e-05 1.759921e-05 -8.360653e-05
11784.074373 8.560399e-01 1.037025e-02 2.718792e-03 6.444004e-01 -7.863681e-05 -6.276565e-05 1.467295e-05 -8.755408e-05
11786.396987 8.542108e-01 1.037165e-02 2.691210e-03 6.427610e-01 -6.907782e-05 -5.514047e-05 1.809414e-05 -7.450142e-05
11788.731792 8.549947e-01 1.041268e-02 2.704236e-03 6.419631e-01 -5.854931e-05 -5.324422e-05 1.422089e-05 -7.945848e-05
11791.078789 8.542982e-01 1.044690e-02 2.742076e-03 6.428886e-01 -6.991599e-05 -4.866769e-05 2.390105e-05 -8.163782e-05
11793.437978 8.542732e-01 1.045336e-02 2.734516e-03 6.418124e-01 -7.921732e-05 -4.763939e-05 2.621243e-05 -8.679023e-05
11795.809359 8.528869e-01 1.046213e-02 2.749649e-03 6.414093e-01 -7.364541e-05 -4.206653e-05 2.334113e-05 -8.149044e-05
11798.192932 8.526509e-01 1.048550e-02 2.718376e-03 6.418678e-01 -7.157639e-05 -4.707422e-05 1.041558e-05 -7.743271e-05
11800.588697 8.515413e-01 1.049749e-02 2.696793e-03 6.419550e-01 -7.636241e-05 -5.061337e-05 1.482850e-05 -7.322123e-05
11802.996654 8.521741e-01 1.054339e-02 2.733535e-03 6.411359e-01 -7.864027e-05 -5.855191e-05 8.959773e-06 -7.136661e-05
11805.416803 8.523897e-01 1.057083e-02 2.699893e-03 6.420471e-01 -7.329933e-05 -5.596072e-05 1.077665e-05 -6.891912e-05
11807.849143 8.481669e-01 1.053544e-02 2.650236e-03 6.400452e-01 -7.321784e-05 -5.642938e-05 1.522960e-05 -7.285167e-05
11810.293676 8.498550e-01 1.060868e-02 2.662709e-03 6.421681e-01 -6.909522e-05 -4.980609e-05 1.919378e-05 -8.155406e-05
11812.750400 8.491592e-01 1.062590e-02 2.652798e-03 6.418066e-01 -6.836383e-05 -6.762806e-05 1.845882e-05 -7.668706e-05
11815.219317 8.469534e-01 1.063236e-02 2.637760e-03 6.381682e-01 -7.065943e-05 -6.145865e-05 7.084638e-06 -7.879547e-05
11817.700425 8.468322e-01 1.066708e-02 2.652542e-03 6.393559e-01 -6.436593e-05 -6.479546e-05 1.188449e-05 -6.893562e-05
11820.193725 8.488846e-01 1.073637e-02 2.698397e-03 6.394785e-01 -6.922791e-05 -5.667356e-05 1.307098e-05 -6.224198e-05
11822.699217 8.474227e-01 1.073806e-02 2.689135e-03 6.397480e-01 -7.767148e-05 -5.558590e-05 2.407674e-05 -6.447303e-05
11825.216901 8.456276e-01 1.072938e-02 2.711067e-03 6.386882e-01 -8.454142e-05 -6.347511e-05 2.593011e-05 -7.157838e-05
11827.746777 8.468093e-01 1.078953e-02 2.783251e-03 6.394169e-01 -8.599070e-05 -6.250068e-05 2.026754e-05 -8.526544e-05
11830.288845 8.470137e-01 1.082047e-02 2.820922e-03 6.391543e-01 -8.740406e-05 -5.593783e-05 3.562238e-05 -8.107978e-05
11832.843105 8.439925e-01 1.079584e-02 2.811760e-03 6.365483e-01 -7.692470e-05 -6.021407e-05 2.158761e-05 -8.303489e-05
11835.409556 8.437822e-01 1.084794e-02 2.825921e-03 6.357510e-01 -7.755501e-05 -4.907960e-05 2.375005e-05 -9.100193e-05
11837.988200 8.432395e-01 1.086849e-02 2.917032e-03 6.359179e-01 -7.708060e-05 -4.592025e-05 1.466626e-05 -8.755611e-05
11840.579035 8.434310e-01 1.091836e-02 2.967153e-03 6.377737e-01 -7.550609e-05 -5.879845e-05 2.272274e-05 -7.511374e-05
11843.182062 8.428484e-01 1.094732e-02 2.958004e-03 6.377442e-01 -7.153902e-05 -6.003672e-05 2.811584e-05 -7.404090e-05
11845.797282 8.404549e-01 1.092793e-02 2.938775e-03 6.367172e-01 -7.875082e-05 -6.684407e-05 2.648875e-05 -7.514943e-05
11848.424693 8.393565e-01 1.092846e-02 2.907018e-03 6.335812e-01 -7.531865e-05 -6.764633e-05 2.788526e-05 -8.256530e-05
11851.064296 8.411990e-01 1.098287e-02 2.922971e-03 6.365235e-01 -7.051888e-05 -6.854054e-05 2.520460e-05 -7.781865e-05
11853.716091 8.412958e-01 1.103038e-02 2.927127e-03 6.362904e-01 -6.347288e-05 -6.312221e-05 6.417794e-06 -8.228476e-05
11856.380078 8.398552e-01 1.105102e-02 2.960809e-03 6.363059e-01 -6.178205e-05 -5.884396e-05 8.830892e-06 -8.576895e-05
11859.056256 8.396601e-01 1.108041e-02 2.986318e-03 6.356119e-01 -6.895243e-05 -6.165988e-05 2.127989e-06 -9.212618e-05
11861.744627 8.364788e-01 1.107461e-02 2.972029e-03 6.340957e-01 -7.552202e-05 -6.511321e-05 1.203480e-05 -9.184811e-05
11864.445190 8.344191e-01 1.106761e-02 3.004081e-03 6.329904e-01 -8.720830e-05 -6.578851e-05 2.056439e-05 -9.580172e-05
11867.157944 8.368432e-01 1.111486e-02 3.004349e-03 6.353131e-01 -8.129321e-05 -5.923170e-05 1.581852e-05 -9.703105e-05
11869.882891 8.359291e-01 1.114479e-02 3.067450e-03 6.339962e-01 -7.632413e-05 -5.984869e-05 1.624889e-05 -9.293063e-05
11872.620029 8.348043e-01 1.114760e-02 3.051440e-03 6.337579e-01 -7.858678e-05 -6.182603e-05 2.316218e-05 -9.016200e-05
11875.369359 8.354163e-01 1.119060e-02 3.058488e-03 6.340368e-01 -6.590880e-05 -5.956222e-05 2.119307e-05 -9.615195e-05
11878.130881 8.350552e-01 1.123462e-02 3.056278e-03 6.354916e-01 -6.223254e-05 -5.139953e-05 2.347329e-05 -9.901810e-05
11880.904595 8.275135e-01 1.116283e-02 2.995196e-03 6.308842e-01 -6.293836e-05 -5.005290e-05 1.740856e-05 -1.081266e-04
11883.690501 8.276753e-01 1.120293e-02 3.034049e-03 6.312190e-01 -6.690403e-05 -4.860300e-05 1.601078e-05 -9.837284e-05
11886.488599 8.332464e-01 1.131026e-02 3.041817e-03 6.353614e-01 -6.298230e-05 -4.969951e-05 1.634035e-05 -9.244022e-05
11889.298889 8.343633e-01 1.136876e-02 3.040301e-03 6.369874e-01 -6.350183e-05 -5.512039e-05 2.897174e-05 -8.768096e-05
11892.121371 8.327329e-01 1.136859e-02 3.031429e-03 6.354673e-01 -6.201809e-05 -6.841789e-05 1.771194e-05 -8.957228e-05
11894.956044 8.325134e-01 1.141499e-02 3.040066e-03 6.362670e-01 -4.920157e-05 -6.721610e-05 1.808504e-05 -8.938719e-05
11897.802910 8.321084e-01 1.142792e-02 3.019664e-03 6.350271e-01 -4.311932e-05 -6.017896e-05 1.617267e-05 -9.607222e-05
11900.661967 8.308384e-01 1.144418e-02 3.048349e-03 6.344156e-01 -4.682213e-05 -6.132002e-05 2.963076e-05 -1.049942e-04
11903.533217 8.301170e-01 1.148752e-02 3.054023e-03 6.347894e-01 -4.150910e-05 -6.057382e-05 2.554273e-05 -1.118585e-04
11906.416658 8.305908e-01 1.152659e-02 3.126134e-03 6.348562e-01 -4.435593e-05 -7.036799e-05 1.886678e-05 -1.067802e-04
11909.312291 8.299727e-01 1.155311e-02 3.182066e-03 6.346321e-01 -5.009250e-05 -7.914813e-05 2.321982e-05 -9.529398e-05
11912.220116 8.275646e-01 1.156576e-02 3.223598e-03 6.324093e-01 -5.815229e-05 -5.984331e-05 2.321271e-05 -1.056000e-04
11915.140133 8.283994e-01 1.160633e-02 3.197986e-03 6.335185e-01 -5.570713e-05 -5.395662e-05 2.989574e-05 -1.066121e-04
11918.072342 8.281279e-01 1.163370e-02 3.235247e-03 6.332585e-01 -5.946464e-05 -5.984164e-05 2.225730e-05 -1.073783e-04
11921.016743 8.267607e-01 1.167335e-02 3.266522e-03 6.336763e-01 -6.183717e-05 -6.122779e-05 3.376717e-05 -1.138022e-04
11923.973335 8.266637e-01 1.170610e-02 3.290909e-03 6.331538e-01 -6.209239e-05 -5.743576e-05 3.583622e-05 -1.269881e-04
11926.942120 8.260834e-01 1.172158e-02 3.284837e-03 6.323115e-01 -5.620731e-05 -5.786290e-05 3.134586e-05 -1.205623e-04
11929.923096 8.247219e-01 1.172923e-02 3.297476e-03 6.305579e-01 -5.983887e-05 -6.478888e-05 2.532666e-05 -1.112980e-04
11932.916265 8.237186e-01 1.175160e-02 3.322955e-03 6.307630e-01 -6.002470e-05 -6.170390e-05 2.382690e-05 -1.142398e-04
11935.921625 8.153319e-01 1.167591e-02 3.280648e-03 6.255295e-01 -5.602203e-05 -4.747265e-05 2.122017e-05 -1.260480e-04
11938.939177 8.169395e-01 1.174540e-02 3.283414e-03 6.273591e-01 -5.492499e-05 -5.545301e-05 1.225062e-05 -1.218825e-04
11941.968921 8.228089e-01 1.187779e-02 3.336038e-03 6.313262e-01 -5.736500e-05 -5.834890e-05 2.598418e-05 -1.152781e-04
11945.010858 8.223802e-01 1.190382e-02 3.344227e-03 6.305274e-01 -5.576697e-05 -5.240135e-05 2.707399e-05 -1.179759e-04
11948.064985 8.203202e-01 1.193825e-02 3.358525e-03 6.296915e-01 -5.598704e-05 -4.269590e-05 1.552110e-05 -1.062208e-04
11951.131305 8.205365e-01 1.197081e-02 3.392686e-03 6.302844e-01 -5.831837e-05 -5.057639e-05 2.177196e-05 -1.049785e-04
11954.209817 8.198834e-01 1.199666e-02 3.398898e-03 6.303129e-01 -6.039967e-05 -5.193487e-05 1.368527e-05 -1.043457e-04
11957.300521 8.196617e-01 1.201410e-02 3.441727e-03 6.293229e-01 -6.773594e-05 -4.759070e-05 2.782076e-05 -1.125385e-04
11960.403416 8.190412e-01 1.205682e-02 3.425155e-03 6.302594e-01 -6.627201e-05 -5.476836e-05 4.291408e-05 -1.084722e-04
11963.518504 8.169229e-01 1.206137e-02 3.404033e-03 6.277879e-01 -6.607619e-05 -5.871122e-05 3.834243e-05 -1.063220e-04
11966.645783 8.176494e-01 1.211682e-02 3.418763e-03 6.289852e-01 -6.690946e-05 -5.634856e-05 4.398673e-05 -1.113155e-04
11969.785255 8.179401e-01 1.217016e-02 3.480072e-03 6.305848e-01 -7.321493e-05 -5.339855e-05 4.827973e-05 -1.170453e-04
11972.936918 8.168864e-01 1.219639e-02 3.456788e-03 6.284072e-01 -7.670922e-05 -5.511066e-05 5.390652e-05 -1.183638e-04
11976.100773 8.160523e-01 1.222075e-02 3.449961e-03 6.281067e-01 -6.901200e-05 -6.713495e-05 5.130690e-05 -1.037784e-04
11979.276820 8.152315e-01 1.225324e-02 3.460204e-03 6.281527e-01 -7.268203e-05 -6.995804e-05 4.856426e-05 -1.079763e-04
11982.465059 8.150083e-01 1.229786e-02 3.495530e-03 6.287300e-01 -7.323569e-05 -6.208750e-05 4.445781e-05 -1.107042e-04
11985.665490 8.136890e-01 1.231948e-02 3.477316e-03 6.283704e-01 -6.496744e-05 -6.604873e-05 5.047951e-05 -1.105107e-04
11988.878112 8.128064e-01 1.231781e-02 3.472985e-03 6.271346e-01 -5.659397e-05 -6.980941e-05 4.772747e-05 -1.020022e-04
11992.102927 8.134055e-01 1.238442e-02 3.515803e-03 6.282162e-01 -5.783438e-05 -7.233593e-05 3.503807e-05 -1.033889e-04
11995.339934 8.122676e-01 1.241192e-02 3.548740e-03 6.283671e-01 -6.118696e-05 -6.121089e-05 3.201194e-05 -1.027099e-04
11998.589132 8.109649e-01 1.242853e-02 3.541945e-03 6.271416e-01 -6.652338e-05 -6.478407e-05 3.693383e-05 -1.093913e-04
12001.850523 8.101754e-01 1.246643e-02 3.596500e-03 6.261932e-01 -7.000467e-05 -6.959990e-05 2.848342e-05 -1.033145e-04
12005.124105 8.097935e-01 1.250139e-02 3.643848e-03 6.269379e-01 -7.235927e-05 -7.398128e-05 3.341776e-05 -1.070369e-04
12008.409879 8.089089e-01 1.253399e-02 3.667503e-03 6.258761e-01 -6.085788e-05 -7.474172e-05 4.028031e-05 -1.127566e-04
12011.707845 8.080924e-01 1.257162e-02 3.674437e-03 6.255536e-01 -6.761901e-05 -6.729255e-05 3.981933e-05 -1.048919e-04
12015.018003 8.078180e-01 1.260716e-02 3.750167e-03 6.256022e-01 -6.949111e-05 -6.143647e-05 2.023343e-05 -1.045301e-04
12018.340353 8.080759e-01 1.265753e-02 3.763149e-03 6.265017e-01 -6.633225e-05 -5.943018e-05 4.097911e-05 -1.021416e-04
12021.674895 8.061606e-01 1.266385e-02 3.849749e-03 6.247859e-01 -6.206412e-05 -6.325579e-05 4.033945e-05 -1.063197e-04
12025.021629 8.058423e-01 1.271745e-02 3.866390e-03 6.250424e-01 -5.820938e-05 -6.523088e-05 3.017953e-05 -1.165474e-04
12028.380554 8.055659e-01 1.275010e-02 3.843664e-03 6.251808e-01 -4.901379e-05 -6.189398e-05 3.204618e-05 -1.096960e-04
12031.751672 8.044881e-01 1.278081e-02 3.847760e-03 6.247777e-01 -5.757118e-05 -6.372864e-05 2.775386e-05 -1.085099e-04
12035.134982 8.040805e-01 1.282634e-02 3.836871e-03 6.263167e-01 -6.061236e-05 -5.963443e-05 3.339019e-05 -1.107555e-04
12038.530483 8.032313e-01 1.286398e-02 3.869024e-03 6.243404e-01 -6.168515e-05 -5.043046e-05 3.107761e-05 -1.173242e-04
12041.938176 8.026208e-01 1.288511e-02 3.874078e-03 6.241685e-01 -6.478097e-05 -5.515219e-05 3.249610e-05 -1.204905e-04
12045.358061 7.952806e-01 1.282008e-02 3.838280e-03 6.193398e-01 -5.668215e-05 -6.016903e-05 3.608771e-05 -1.106685e-04
12048.790139 7.904324e-01 1.277588e-02 3.823969e-03 6.151194e-01 -6.110252e-05 -7.298783e-05 2.302865e-05 -9.880675e-05
12052.234408 7.990005e-01 1.296779e-02 3.881647e-03 6.231025e-01 -6.071379e-05 -7.631129e-05 2.986737e-05 -9.923911e-05
12055.690868 7.990193e-01 1.302451e-02 3.887327e-03 6.233494e-01 -6.002162e-05 -6.627582e-05 2.810392e-05 -1.063967e-04
12059.159521 7.993032e-01 1.307464e-02 3.914069e-03 6.235756e-01 -6.536248e-05 -5.982774e-05 3.271058e-05 -1.155182e-04
12062.640366 7.983669e-01 1.310069e-02 3.930318e-03 6.223600e-01 -6.032399e-05 -6.610099e-05 3.179601e-05 -1.133404e-04
12066.133403 7.975446e-01 1.313979e-02 3.937365e-03 6.210855e-01 -6.165243e-05 -5.867151e-05 2.861326e-05 -1.110868e-04
12069.638631 7.969726e-01 1.318091e-02 3.951280e-03 6.225618e-01 -6.261704e-05 -6.567287e-05 2.907978e-05 -1.143564e-04
12073.156052 7.958538e-01 1.322059e-02 3.978903e-03 6.204520e-01 -6.948599e-05 -6.810418e-05 2.948421e-05 -1.090641e-04
12076.685664 7.954086e-01 1.325575e-02 3.986067e-03 6.215285e-01 -7.117568e-05 -7.373811e-05 2.613584e-05 -1.062995e-04
12080.227468 7.952990e-01 1.331682e-02 4.020613e-03 6.218537e-01 -7.095195e-05 -7.412678e-05 2.767029e-05 -1.065642e-04
12083.781465 7.924823e-01 1.332272e-02 4.036824e-03 6.196584e-01 -6.615228e-05 -6.415742e-05 3.501316e-05 -1.052530e-04
12087.347653 7.912843e-01 1.335002e-02 4.089181e-03 6.195824e-01 -6.552776e-05 -7.021721e-05 3.436279e-05 -1.047372e-04
12090.926033 7.926673e-01 1.340577e-02 4.082889e-03 6.206609e-01 -6.232901e-05 -8.152302e-05 3.652445e-05 -1.051439e-04
12094.516605 7.921990e-01 1.345542e-02 4.121166e-03 6.210546e-01 -6.099300e-05 -8.452142e-05 2.468323e-05 -1.121931e-04
12098.119369 7.921841e-01 1.350285e-02 4.178523e-03 6.192428e-01 -6.664391e-05 -8.222819e-05 2.463938e-05 -1.144931e-04
12101.734324 7.904112e-01 1.352420e-02 4.182715e-03 6.203364e-01 -6.113425e-05 -8.814352e-05 1.927053e-05 -1.075544e-04
12105.361472 7.895891e-01 1.356419e-02 4.217916e-03 6.199800e-01 -5.694608e-05 -8.393830e-05 1.753739e-05 -1.043387e-04
12109.000811 7.891559e-01 1.360366e-02 4.241284e-03 6.189629e-01 -5.585026e-05 -8.267298e-05 2.038361e-05 -1.056304e-04
12112.652343 7.877197e-01 1.362862e-02 4.253540e-03 6.176482e-01 -6.272596e-05 -8.432000e-05 1.133467e-05 -1.084262e-04
12116.316066 7.876183e-01 1.367189e-02 4.284663e-03 6.175522e-01 -7.200038e-05 -8.435472e-05 3.836230e-06 -1.111606e-04
12119.991982 7.864437e-01 1.370956e-02 4.322653e-03 6.167620e-01 -7.595072e-05 -7.769023e-05 1.358801e-05 -1.108650e-04
12123.680089 7.859971e-01 1.376035e-02 4.349806e-03 6.164907e-01 -6.934170e-05 -7.527908e-05 2.995720e-05 -9.226132e-05
12127.380388 7.853614e-01 1.379775e-02 4.378091e-03 6.170206e-01 -6.502073e-05 -7.448865e-05 1.957723e-05 -9.115487e-05
12131.092879 7.850592e-01 1.383420e-02 4.424987e-03 6.178674e-01 -6.355295e-05 -7.112584e-05 1.654463e-05 -9.283830e-05
12134.817562 7.829193e-01 1.385824e-02 4.462353e-03 6.164730e-01 -5.689275e-05 -7.325580e-05 4.652725e-06 -9.391591e-05
12138.554437 7.820957e-01 1.388928e-02 4.493393e-03 6.151763e-01 -6.454542e-05 -7.422445e-05 7.505773e-06 -9.507582e-05
12142.303503 7.834824e-01 1.397393e-02 4.497504e-03 6.163589e-01 -6.243689e-05 -7.460386e-05 1.864918e-05 -9.582256e-05
12146.064762 7.805973e-01 1.396885e-02 4.464572e-03 6.149580e-01 -5.540136e-05 -7.454986e-05 1.632003e-05 -8.899384e-05
12149.838213 7.810849e-01 1.403560e-02 4.543508e-03 6.162423e-01 -4.862397e-05 -7.506265e-05 2.707715e-05 -8.966093e-05
12153.623855 7.793678e-01 1.406534e-02 4.550611e-03 6.139884e-01 -4.722282e-05 -7.416792e-05 3.209989e-05 -9.378100e-05
12157.421689 7.786153e-01 1.410798e-02 4.545789e-03 6.145181e-01 -5.300714e-05 -7.572855e-05 3.496502e-05 -9.653701e-05
12161.231716 7.787525e-01 1.417181e-02 4.575751e-03 6.141888e-01 -4.771841e-05 -8.016470e-05 2.803288e-05 -9.544565e-05
12165.053934 7.777967e-01 1.420909e-02 4.583745e-03 6.120757e-01 -4.194457e-05 -7.426089e-05 2.498316e-05 -9.940514e-05
12168.888344 7.777693e-01 1.426952e-02 4.618107e-03 6.127566e-01 -5.146976e-05 -7.400013e-05 2.632572e-05 -9.607613e-05
12172.734946 7.748466e-01 1.426855e-02 4.610284e-03 6.104741e-01 -5.534775e-05 -6.277174e-05 1.778592e-05 -9.481477e-05
12176.593740 7.752442e-01 1.432117e-02 4.627750e-03 6.134926e-01 -5.858268e-05 -6.696557e-05 1.421062e-05 -9.168418e-05
12180.464726 7.749452e-01 1.435832e-02 4.650314e-03 6.137681e-01 -6.027570e-05 -6.518156e-05 1.785968e-05 -8.830463e-05
12184.347903 7.739680e-01 1.440722e-02 4.690177e-03 6.129614e-01 -5.130207e-05 -6.735138e-05 2.428373e-05 -8.746104e-05
12188.243273 7.730160e-01 1.445259e-02 4.695891e-03 6.124408e-01 -5.566823e-05 -6.205582e-05 2.072722e-05 -8.822433e-05
12192.150835 7.713662e-01 1.447683e-02 4.713678e-03 6.109894e-01 -5.695244e-05 -6.359951e-05 3.196463e-05 -8.115331e-05
12196.070588 7.721463e-01 1.455440e-02 4.752010e-03 6.120165e-01 -5.104197e-05 -7.004122e-05 2.972841e-05 -8.274799e-05
12200.002533 7.700249e-01 1.456774e-02 4.762841e-03 6.107050e-01 -5.108860e-05 -6.886495e-05 2.968055e-05 -8.869635e-05
12203.946671 7.680154e-01 1.459193e-02 4.807805e-03 6.087780e-01 -5.691168e-05 -6.757015e-05 2.635039e-05 -9.460962e-05
12207.903000 7.676386e-01 1.464534e-02 4.824415e-03 6.080582e-01 -5.627096e-05 -6.866255e-05 1.769525e-05 -9.908305e-05
12211.871521 7.674099e-01 1.469813e-02 4.861920e-03 6.096747e-01 -5.480868e-05 -6.803295e-05 2.199451e-05 -9.405879e-05
12215.852234 7.677133e-01 1.477292e-02 4.930048e-03 6.098606e-01 -5.571839e-05 -6.777546e-05 2.617266e-05 -9.960147e-05
12219.845139 7.667719e-01 1.481639e-02 4.943357e-03 6.094341e-01 -5.791275e-05 -6.449477e-05 2.257761e-05 -9.002362e-05
12223.850236 7.658404e-01 1.485914e-02 5.003282e-03 6.094181e-01 -5.719523e-05 -7.165455e-05 1.793777e-05 -8.136619e-05
12227.867524 7.562887e-01 1.472103e-02 4.990120e-03 6.019083e-01 -6.288825e-05 -7.724658e-05 1.421763e-05 -8.463199e-05
12231.897005 7.472835e-01 1.461042e-02 4.967952e-03 5.948782e-01 -5.881119e-05 -7.150593e-05 1.194826e-05 -9.300741e-05
12235.938678 7.615642e-01 1.496720e-02 5.085681e-03 6.067785e-01 -6.256237e-05 -6.170013e-05 8.722893e-06 -1.036108e-04
12239.992542 7.621195e-01 1.501994e-02 5.101523e-03 6.074333e-01 -6.255937e-05 -6.574308e-05 8.382883e-06 -9.012790e-05
12244.058598 7.606474e-01 1.505422e-02 5.101941e-03 6.068154e-01 -7.396254e-05 -5.834238e-05 1.366635e-05 -8.523631e-05
12248.136847 7.604402e-01 1.510131e-02 5.162496e-03 6.055073e-01 -7.270676e-05 -5.942451e-05 2.133555e-05 -8.481868e-05
12252.227287 7.579811e-01 1.511793e-02 5.209891e-03 6.049006e-01 -6.351017e-05 -6.488447e-05 1.705755e-05 -8.364576e-05
12256.329919 7.591541e-01 1.519998e-02 5.256812e-03 6.056545e-01 -6.242059e-05 -7.072573e-05 1.235994e-05 -7.854298e-05
12260.444743 7.584012e-01 1.525843e-02 5.316403e-03 6.054988e-01 -6.098449e-05 -6.524253e-05 2.128534e-05 -8.281524e-05
12264.571759 7.581248e-01 1.530965e-02 5.338277e-03 6.054520e-01 -6.567946e-05 -6.691644e-05 2.293333e-05 -9.245468e-05
12268.710967 7.564672e-01 1.535851e-02 5.339805e-03 6.047136e-01 -6.900342e-05 -7.477399e-05 2.218112e-05 -9.018818e-05
12272.862366 7.564427e-01 1.542292e-02 5.367077e-03 6.053384e-01 -6.268902e-05 -7.726921e-05 2.589924e-05 -9.727659e-05
12277.025958 7.549385e-01 1.543950e-02 5.380994e-03 6.038999e-01 -6.812925e-05 -6.669743e-05 2.280007e-05 -9.653174e-05
12281.201742 7.544834e-01 1.549140e-02 5.406849e-03 6.031995e-01 -6.650756e-05 -6.233274e-05 1.575656e-05 -9.549824e-05
12285.389717 7.531369e-01 1.552369e-02 5.440450e-03 6.024471e-01 -6.959834e-05 -5.483815e-05 1.182568e-05 -9.731106e-05
12289.589884 7.529481e-01 1.557187e-02 5.439864e-03 6.022189e-01 -6.189839e-05 -5.312283e-05 9.474208e-06 -9.949129e-05
12293.802244 7.517855e-01 1.561470e-02 5.466607e-03 6.018613e-01 -5.856297e-05 -5.895064e-05 9.422675e-06 -9.437140e-05
12298.026795 7.496947e-01 1.563133e-02 5.475793e-03 6.012944e-01 -6.237330e-05 -5.724709e-05 1.596867e-05 -9.303843e-05
12302.263538 7.493057e-01 1.570527e-02 5.502786e-03 6.007485e-01 -7.025492e-05 -5.541345e-05 1.487896e-05 -9.544622e-05
12306.512473 7.492680e-01 1.578001e-02 5.524967e-03 6.009220e-01 -7.158031e-05 -5.230158e-05 6.358593e-06 -9.623396e-05
12310.773600 7.486283e-01 1.584141e-02 5.580187e-03 6.003604e-01 -6.239928e-05 -4.960460e-05 1.175762e-05 -9.668704e-05
12315.046919 7.489557e-01 1.593122e-02 5.626622e-03 6.015035e-01 -5.985198e-05 -5.528169e-05 2.305138e-05 -9.583526e-05
12319.332429 7.458558e-01 1.592113e-02 5.626782e-03 5.994191e-01 -6.402497e-05 -6.662205e-05 2.354723e-05 -8.913922e-05
12323.630132 7.301275e-01 1.564478e-02 5.571880e-03 5.869112e-01 -6.162024e-05 -5.940816e-05 2.060960e-05 -7.718096e-05
12327.940026 7.380232e-01 1.586651e-02 5.658285e-03 5.944154e-01 -6.234665e-05 -4.679425e-05 1.437279e-05 -8.390184e-05
12332.262113 7.447910e-01 1.609982e-02 5.769917e-03 5.995866e-01 -7.238809e-05 -4.198379e-05 1.144445e-05 -9.026497e-05
12336.596391 7.436951e-01 1.613223e-02 5.815086e-03 5.981752e-01 -6.467620e-05 -5.116266e-05 1.494210e-05 -9.143925e-05
12340.942861 7.431810e-01 1.619476e-02 5.872850e-03 5.979506e-01 -7.040716e-05 -5.086033e-05 2.013212e-05 -8.767835e-05
12345.301524 7.413687e-01 1.622316e-02 5.897139e-03 5.962556e-01 -7.029987e-05 -4.505848e-05 2.142325e-05 -9.364327e-05
12349.672378 7.409670e-01 1.629498e-02 5.963597e-03 5.976080e-01 -7.230968e-05 -5.137128e-05 1.959717e-05 -9.592723e-05
12354.055424 7.411246e-01 1.637176e-02 6.021075e-03 5.987665e-01 -7.579391e-05 -6.047307e-05 2.073684e-05 -9.795711e-05
12358.450662 7.401606e-01 1.640653e-02 6.036366e-03 5.967451e-01 -7.078467e-05 -6.163222e-05 1.089957e-05 -9.181000e-05
12362.858091 7.389298e-01 1.644787e-02 6.052776e-03 5.961562e-01 -6.899778e-05 -6.209335e-05 2.191460e-05 -7.473490e-05
12367.277713 7.378398e-01 1.649994e-02 6.076958e-03 5.963727e-01 -6.766048e-05 -5.772834e-05 2.432629e-05 -7.701571e-05
12371.709527 7.347730e-01 1.650268e-02 6.112397e-03 5.951506e-01 -8.185717e-05 -6.240493e-05 1.569231e-05 -8.040148e-05
12376.153532 7.313679e-01 1.649827e-02 6.147525e-03 5.910493e-01 -7.840473e-05 -7.407314e-05 1.571880e-05 -7.926142e-05
12380.609730 7.360040e-01 1.667137e-02 6.201373e-03 5.952993e-01 -7.388621e-05 -7.323813e-05 1.401793e-05 -7.773032e-05
12385.078119 7.360557e-01 1.674287e-02 6.260579e-03 5.967790e-01 -6.704828e-05 -7.500892e-05 9.576347e-06 -7.841701e-05
12389.558700 7.352775e-01 1.679540e-02 6.282366e-03 5.954476e-01 -6.989745e-05 -6.866865e-05 1.396363e-05 -7.962028e-05
12394.051473 7.340205e-01 1.683023e-02 6.315572e-03 5.952170e-01 -8.046860e-05 -7.431477e-05 2.573525e-05 -8.027836e-05
12398.556438 7.333787e-01 1.689123e-02 6.399306e-03 5.953882e-01 -8.265284e-05 -7.817942e-05 1.651722e-05 -8.118450e-05
12403.073595 7.326356e-01 1.695453e-02 6.405599e-03 5.951999e-01 -7.401249e-05 -6.771472e-05 1.308489e-05 -8.065478e-05
12407.602944 7.308751e-01 1.698640e-02 6.414677e-03 5.937004e-01 -7.614823e-05 -6.772913e-05 1.544700e-05 -8.145634e-05
12412.144485 7.300814e-01 1.704813e-02 6.462896e-03 5.934946e-01 -7.650456e-05 -7.145154e-05 1.247190e-05 -8.230373e-05
12416.698218 7.298674e-01 1.711118e-02 6.516887e-03 5.945671e-01 -7.689189e-05 -6.921961e-05 8.672849e-06 -9.543647e-05
12421.264142 7.286172e-01 1.716539e-02 6.547188e-03 5.932400e-01 -7.427839e-05 -6.085544e-05 1.734912e-06 -8.772789e-05
12425.842259 7.268761e-01 1.718776e-02 6.562425e-03 5.919132e-01 -7.228775e-05 -6.217308e-05 3.915929e-06 -8.832399e-05
12430.432567 7.247232e-01 1.720921e-02 6.595190e-03 5.904327e-01 -7.163209e-05 -6.178773e-05 1.519133e-05 -8.272308e-05
12435.035068 7.249577e-01 1.729350e-02 6.635837e-03 5.911188e-01 -6.879139e-05 -6.857234e-05 2.316614e-05 -9.419735e-05
12439.649760 7.251963e-01 1.737831e-02 6.671809e-03 5.924994e-01 -6.391670e-05 -6.772900e-05 1.076949e-05 -9.384827e-05
12444.276644 7.239747e-01 1.741840e-02 6.681002e-03 5.911102e-01 -6.112862e-05 -6.244103e-05 9.153540e-06 -9.519966e-05
12448.915720 7.231515e-01 1.747723e-02 6.769510e-03 5.904104e-01 -6.465562e-05 -6.422561e-05 8.839890e-06 -9.670095e-05
12453.566988 7.221642e-01 1.752843e-02 6.785665e-03 5.900004e-01 -6.297513e-05 -6.364024e-05 2.297750e-05 -9.408824e-05
12458.230448 7.223091e-01 1.762400e-02 6.828078e-03 5.899791e-01 -5.754769e-05 -5.662204e-05 1.340832e-05 -9.388521e-05
12462.906100 7.216344e-01 1.769924e-02 6.914088e-03 5.891184e-01 -6.549556e-05 -6.450400e-05 1.074281e-05 -9.699741e-05
12467.593943 7.211549e-01 1.776709e-02 6.962616e-03 5.896940e-01 -6.911716e-05 -6.804731e-05 6.708457e-06 -9.278296e-05
12472.293979 7.206004e-01 1.784581e-02 7.014249e-03 5.898912e-01 -6.621884e-05 -7.201463e-05 7.489053e-06 -1.001216e-04
12477.006206 7.203557e-01 1.791156e-02 7.065198e-03 5.901390e-01 -6.710074e-05 -7.259278e-05 9.456458e-06 -1.021856e-04
12481.730626 7.195689e-01 1.796124e-02 7.122072e-03 5.896389e-01 -6.962270e-05 -7.864104e-05 1.225493e-05 -9.661784e-05
12486.467237 7.182349e-01 1.800654e-02 7.179430e-03 5.888800e-01 -7.871798e-05 -6.742451e-05 1.649584e-05 -9.170977e-05
12491.216040 7.174091e-01 1.806395e-02 7.226955e-03 5.883820e-01 -8.571384e-05 -6.403509e-05 7.656944e-06 -9.222602e-05
12495.977036 7.174324e-01 1.814597e-02 7.299998e-03 5.889554e-01 -8.719027e-05 -6.647673e-05 1.172931e-05 -9.715392e-05
12500.750223 7.169306e-01 1.821503e-02 7.379977e-03 5.890863e-01 -8.980335e-05 -5.571476e-05 1.834996e-05 -1.060081e-04
12505.535602 7.164303e-01 1.829615e-02 7.443142e-03 5.884283e-01 -8.878825e-05 -4.938115e-05 2.927295e-05 -9.768439e-05
12510.333172 7.153550e-01 1.835752e-02 7.485636e-03 5.881813e-01 -8.154243e-05 -5.534152e-05 3.393992e-05 -8.437194e-05
12515.142935 7.145769e-01 1.842670e-02 7.541332e-03 5.878509e-01 -8.314188e-05 -4.711534e-05 2.583920e-05 -8.524956e-05
12519.964890 7.135100e-01 1.848154e-02 7.580234e-03 5.878900e-01 -7.426588e-05 -4.890645e-05 2.814002e-05 -9.036032e-05
12524.799037 7.126704e-01 1.855215e-02 7.608705e-03 5.869281e-01 -7.034950e-05 -6.018599e-05 3.133628e-05 -1.008850e-04
12529.645375 6.535726e-01 1.708093e-02 7.028560e-03 5.387467e-01 -5.731942e-05 -5.662683e-05 3.341171e-05 -1.005451e-04
12534.503905 1.185516e-01 3.105751e-03 1.279079e-03 9.776651e-02 -1.006596e-05 -8.833113e-06 6.185228e-06 -1.702393e-05
