# Facility: NSLS-II
# Beamline: QAS
# Year: 2022
# Cycle: 2
# SAF: 309618
# PI: Wang
# Proposal: 309017
# Scan ID: 52267
# UID: 8c9e6f21-a604-4492-88c5-34644110b847
# Comment: 
# Start time: 07/18/2022  11:51:06
# Stop time: 07/18/2022  11:51:38
# Total time: 00:32
# Trajectory name: Pt-L3-30s-11564.txt
# Element: Platinum ( 78)
# Edge: L3
# E0: 11564
# Reference Foil Element: Pt
# Keithley Gains I0: 1E7 V/A It: 1E6 V/A Iref: 1E7 V/A PIPS: 1E8 V/A 
# Ion Chamber Gas Flow Rates: I0: 0.00 sccm He + 99.70 sccm N2 + 0.00 sccm Ar 
# Ion Chamber Gas Flow Rates: It&Iref: 29.80 sccm N2 + 70.10 sccm Ar
# Incident Beam Path Vertical: -27.99 mm
# Incident Slits Positions B: TOP: 1.0 mm Bottom: -1.0 mm Inboard: -2.0 mm Outboard: 2.0 mm
# Sample Stage Positions: Rotation: 45.0 deg Horizontal: 14.07 mm Vertical: 35.31 mm Beam Direction: 0.00 mm
# PerkinElmer Vertical Position: 500.00 mm
# Front End Mirror Horizontal Positions: Up: -14.00 mm Down: -14.00 mm
#
# energy  i0  it  ir  iff  aux1  aux2  aux3  aux4
11377.444848 4.755387e-01 3.863233e-03 4.359720e-03 2.764785e-01 -2.341985e-05 -2.510410e-05 1.168886e-05 -6.145403e-05
11382.444848 9.411822e-01 7.673817e-03 8.713214e-03 5.477210e-01 -4.365100e-05 -4.682718e-05 3.561426e-05 -1.223755e-04
11387.444848 9.448492e-01 7.734310e-03 8.789556e-03 5.503942e-01 -4.619073e-05 -4.444602e-05 4.446929e-05 -1.238673e-04
11392.444848 9.401087e-01 7.737510e-03 8.833587e-03 5.475636e-01 -4.574245e-05 -5.050407e-05 4.061705e-05 -1.260198e-04
11397.444848 9.415135e-01 7.823681e-03 8.934466e-03 5.484251e-01 -4.592754e-05 -5.461508e-05 3.852212e-05 -1.290225e-04
11402.444848 9.399598e-01 7.882216e-03 8.998158e-03 5.481335e-01 -4.388481e-05 -5.893012e-05 4.125909e-05 -1.348644e-04
11407.444848 9.388297e-01 7.910107e-03 9.052844e-03 5.484451e-01 -5.235926e-05 -6.081321e-05 3.640956e-05 -1.283821e-04
11412.444848 9.354108e-01 7.922624e-03 9.154098e-03 5.471630e-01 -4.976125e-05 -5.526680e-05 3.278560e-05 -1.355598e-04
11417.444848 9.353790e-01 7.977247e-03 9.220768e-03 5.468969e-01 -5.002414e-05 -5.969149e-05 3.392012e-05 -1.382482e-04
11422.444848 9.211329e-01 7.898855e-03 9.134524e-03 5.399346e-01 -4.115907e-05 -6.010408e-05 3.137038e-05 -1.200111e-04
11427.444848 9.300579e-01 8.020818e-03 9.302191e-03 5.469426e-01 -4.093899e-05 -5.944353e-05 3.205986e-05 -1.283154e-04
11432.444848 9.323655e-01 8.088347e-03 9.400339e-03 5.479627e-01 -4.269743e-05 -5.414797e-05 3.754311e-05 -1.359577e-04
11437.444848 9.274430e-01 8.071008e-03 9.397289e-03 5.450396e-01 -3.689702e-05 -4.992664e-05 3.699731e-05 -1.339513e-04
11442.444848 9.243382e-01 8.093494e-03 9.419972e-03 5.437382e-01 -4.950239e-05 -4.446280e-05 2.984724e-05 -1.251681e-04
11447.444848 9.219074e-01 8.121832e-03 9.496568e-03 5.429095e-01 -3.964246e-05 -4.243318e-05 2.860738e-05 -1.193586e-04
11452.444848 9.210975e-01 8.178589e-03 9.597627e-03 5.424862e-01 -3.524998e-05 -4.529137e-05 2.850608e-05 -1.108418e-04
11457.444848 9.201415e-01 8.236867e-03 9.635827e-03 5.423892e-01 -3.895676e-05 -3.691658e-05 2.770606e-05 -1.096050e-04
11462.444848 9.190483e-01 8.275472e-03 9.710057e-03 5.421786e-01 -3.508048e-05 -4.932280e-05 3.167939e-05 -1.153206e-04
11467.444848 9.182371e-01 8.313804e-03 9.802577e-03 5.415600e-01 -2.864863e-05 -4.793098e-05 2.877223e-05 -1.163970e-04
11472.444848 9.171775e-01 8.357248e-03 9.884231e-03 5.418906e-01 -4.247982e-05 -5.846893e-05 3.797965e-05 -1.132286e-04
11477.444848 9.138890e-01 8.379478e-03 9.906733e-03 5.406530e-01 -4.841218e-05 -6.111525e-05 2.797773e-05 -1.409530e-04
11482.444848 9.109500e-01 8.408945e-03 9.933064e-03 5.390433e-01 -4.239875e-05 -6.054055e-05 3.248471e-05 -1.365785e-04
11487.444848 9.021138e-01 8.393358e-03 9.968621e-03 5.345557e-01 -4.632192e-05 -4.855244e-05 3.535878e-05 -1.351226e-04
11492.444848 8.988451e-01 8.363308e-03 9.942216e-03 5.329067e-01 -3.977598e-05 -4.442435e-05 4.192568e-05 -1.360299e-04
11497.444848 9.137958e-01 8.583882e-03 1.021948e-02 5.430346e-01 -3.330262e-05 -5.510499e-05 4.746351e-05 -1.416317e-04
11502.444848 9.109395e-01 8.605098e-03 1.028109e-02 5.418441e-01 -2.823028e-05 -5.618782e-05 4.306151e-05 -1.414244e-04
11507.444848 9.098146e-01 8.666042e-03 1.033830e-02 5.413502e-01 -3.447858e-05 -5.698521e-05 4.145617e-05 -1.367325e-04
11512.444848 9.066127e-01 8.670453e-03 1.033412e-02 5.401833e-01 -4.649356e-05 -5.360542e-05 4.404803e-05 -1.319882e-04
11517.444848 9.051963e-01 8.696533e-03 1.038711e-02 5.396164e-01 -5.064748e-05 -5.664804e-05 3.813727e-05 -1.502955e-04
11522.444848 9.047209e-01 8.741630e-03 1.045271e-02 5.405467e-01 -4.049999e-05 -6.250379e-05 3.216694e-05 -1.843270e-04
11527.444848 9.039927e-01 8.796930e-03 1.049731e-02 5.407491e-01 -4.393686e-05 -6.514827e-05 3.427451e-05 -1.817757e-04
11532.444848 9.030652e-01 8.831855e-03 1.048498e-02 5.412488e-01 -5.156075e-05 -6.120791e-05 3.818944e-05 -1.270672e-04
11534.000000 9.030999e-01 8.845391e-03 1.047783e-02 5.417265e-01 -4.689693e-05 -6.588415e-05 3.681219e-05 -1.267111e-04
11535.000000 9.054955e-01 8.889290e-03 1.051654e-02 5.419894e-01 -5.020403e-05 -7.380209e-05 3.907750e-05 -1.330479e-04
11536.000000 9.001051e-01 8.830254e-03 1.045498e-02 5.396606e-01 -4.140408e-05 -7.657279e-05 3.399756e-05 -1.363826e-04
11537.000000 9.070576e-01 8.959224e-03 1.054526e-02 5.458066e-01 -4.760022e-05 -7.410900e-05 3.536969e-05 -1.357526e-04
11538.000000 9.025602e-01 8.880061e-03 1.042538e-02 5.430592e-01 -4.594610e-05 -7.723345e-05 3.662789e-05 -1.309062e-04
11539.000000 9.035864e-01 8.919620e-03 1.044926e-02 5.411238e-01 -4.788547e-05 -7.768689e-05 2.985815e-05 -1.324177e-04
11540.000000 9.005682e-01 8.882463e-03 1.040853e-02 5.405985e-01 -5.614994e-05 -6.970927e-05 3.109390e-05 -1.304687e-04
11541.000000 9.018667e-01 8.917024e-03 1.036678e-02 5.404980e-01 -6.054512e-05 -7.422215e-05 4.219609e-05 -1.249724e-04
11541.200000 9.123368e-01 8.975371e-03 1.028916e-02 5.429762e-01 -5.951022e-05 -7.567192e-05 5.419564e-05 -1.243694e-04
11541.400000 8.935307e-01 8.870119e-03 1.025066e-02 5.378389e-01 -5.793268e-05 -6.960947e-05 4.229300e-05 -1.275821e-04
11541.600000 9.105361e-01 8.988926e-03 1.051513e-02 5.489581e-01 -6.042247e-05 -7.630838e-05 5.446608e-05 -1.327281e-04
11541.800000 8.809885e-01 8.467076e-03 9.879755e-03 5.284004e-01 -5.776131e-05 -7.562436e-05 3.881132e-05 -1.323256e-04
11542.000000 9.027923e-01 8.850175e-03 1.013482e-02 5.450194e-01 -5.334229e-05 -7.111100e-05 4.680182e-05 -1.235556e-04
11542.200000 8.979671e-01 8.879112e-03 1.038169e-02 5.412278e-01 -5.849230e-05 -6.989399e-05 4.407459e-05 -1.194278e-04
11542.400000 9.102360e-01 9.029036e-03 1.054321e-02 5.465063e-01 -5.805996e-05 -6.722669e-05 4.991999e-05 -1.254097e-04
11542.600000 9.121333e-01 9.052763e-03 1.057315e-02 5.466511e-01 -4.824715e-05 -7.054437e-05 5.073493e-05 -1.296755e-04
11542.800000 8.933478e-01 8.805322e-03 1.019782e-02 5.361916e-01 -5.450458e-05 -7.605684e-05 3.499255e-05 -1.219645e-04
11543.000000 9.112829e-01 8.991219e-03 1.051382e-02 5.450019e-01 -6.132601e-05 -7.367036e-05 3.087458e-05 -1.239696e-04
11543.200000 9.047512e-01 8.950386e-03 1.041480e-02 5.462804e-01 -6.508817e-05 -8.029178e-05 4.180813e-05 -1.201364e-04
11543.400000 9.207940e-01 9.195429e-03 1.077566e-02 5.553189e-01 -6.105342e-05 -7.680334e-05 3.774308e-05 -1.182127e-04
11543.600000 9.402581e-01 9.479194e-03 1.105050e-02 5.699594e-01 -6.254372e-05 -7.129372e-05 3.644284e-05 -1.293628e-04
11543.800000 9.065368e-01 8.958886e-03 1.032483e-02 5.476313e-01 -7.019788e-05 -6.034353e-05 2.875250e-05 -1.355435e-04
11544.000000 8.922551e-01 8.874866e-03 1.027703e-02 5.377979e-01 -5.192190e-05 -5.533769e-05 1.962057e-05 -1.215079e-04
11544.200000 9.098555e-01 8.951680e-03 1.041150e-02 5.506479e-01 -5.239373e-05 -6.543066e-05 4.223783e-05 -1.272644e-04
11544.400000 9.200028e-01 9.114793e-03 1.057415e-02 5.555048e-01 -6.287446e-05 -7.120249e-05 4.900129e-05 -1.293404e-04
11544.600000 8.471903e-01 8.260292e-03 9.598129e-03 5.091311e-01 -6.506426e-05 -7.245235e-05 3.502709e-05 -1.193276e-04
11544.800000 9.063572e-01 8.902991e-03 1.033503e-02 5.473962e-01 -6.158114e-05 -7.169557e-05 3.748436e-05 -1.206978e-04
11545.000000 8.785456e-01 8.673468e-03 1.011794e-02 5.325384e-01 -5.419105e-05 -6.985287e-05 3.293564e-05 -1.314564e-04
11545.200000 9.135641e-01 9.059773e-03 1.050587e-02 5.510764e-01 -6.274435e-05 -6.971092e-05 4.138889e-05 -1.411358e-04
11545.400000 9.084518e-01 9.109876e-03 1.032605e-02 5.484474e-01 -6.338898e-05 -6.498795e-05 3.077566e-05 -1.389068e-04
11545.600000 9.031160e-01 9.010132e-03 1.029674e-02 5.452427e-01 -5.955702e-05 -6.790078e-05 3.307376e-05 -1.318294e-04
11545.800000 9.046431e-01 8.976514e-03 1.029302e-02 5.456965e-01 -5.745533e-05 -6.377375e-05 4.146495e-05 -1.320971e-04
11546.000000 9.040864e-01 8.943806e-03 1.024610e-02 5.488563e-01 -5.181798e-05 -5.294310e-05 4.071620e-05 -1.296703e-04
11546.200000 9.150790e-01 9.132127e-03 1.055571e-02 5.536044e-01 -5.339263e-05 -5.709087e-05 3.212640e-05 -1.276043e-04
11546.400000 9.128036e-01 9.143628e-03 1.044493e-02 5.515551e-01 -4.546077e-05 -6.439630e-05 2.362387e-05 -1.455819e-04
11546.600000 8.885241e-01 8.744278e-03 1.002280e-02 5.391515e-01 -4.715779e-05 -6.003304e-05 3.282447e-05 -1.310173e-04
11546.800000 9.134602e-01 9.230736e-03 1.035409e-02 5.517852e-01 -4.780738e-05 -5.532258e-05 4.202771e-05 -1.177321e-04
11547.000000 8.989988e-01 9.024533e-03 1.029423e-02 5.414589e-01 -4.566156e-05 -6.793994e-05 3.094615e-05 -1.268645e-04
11547.200000 9.054673e-01 9.012653e-03 1.016103e-02 5.492455e-01 -4.950972e-05 -5.875533e-05 3.391250e-05 -1.373159e-04
11547.400000 9.036987e-01 8.916960e-03 1.014198e-02 5.448308e-01 -5.245846e-05 -6.787987e-05 3.937874e-05 -1.420772e-04
11547.600000 8.636720e-01 8.412292e-03 9.672095e-03 5.187006e-01 -4.219076e-05 -5.878776e-05 4.352693e-05 -1.304795e-04
11547.800000 9.036075e-01 8.896025e-03 1.010373e-02 5.476260e-01 -4.674589e-05 -6.558423e-05 3.092942e-05 -1.294015e-04
11548.000000 9.153377e-01 9.103738e-03 1.044027e-02 5.546230e-01 -4.957599e-05 -6.802075e-05 4.209259e-05 -1.256543e-04
11548.200000 9.018643e-01 9.118175e-03 1.034875e-02 5.459574e-01 -5.142395e-05 -7.311596e-05 5.243898e-05 -1.203185e-04
11548.400000 8.987333e-01 8.972437e-03 1.001405e-02 5.429632e-01 -4.987891e-05 -6.448248e-05 4.804095e-05 -1.274853e-04
11548.600000 9.125151e-01 9.076956e-03 1.041595e-02 5.529750e-01 -5.462358e-05 -6.129151e-05 5.366927e-05 -1.184048e-04
11548.800000 8.832541e-01 8.661551e-03 9.695907e-03 5.351641e-01 -4.657367e-05 -5.597338e-05 5.945980e-05 -1.152030e-04
11549.000000 9.098496e-01 9.112316e-03 1.020876e-02 5.536151e-01 -5.246301e-05 -5.424017e-05 3.798236e-05 -1.383571e-04
11549.200000 8.947224e-01 8.868796e-03 9.956540e-03 5.423509e-01 -4.974158e-05 -5.782427e-05 5.263783e-05 -1.385300e-04
11549.400000 8.794408e-01 8.680745e-03 9.751358e-03 5.341071e-01 -4.563720e-05 -5.488624e-05 5.756274e-05 -1.304891e-04
11549.600000 9.023805e-01 8.936706e-03 1.013928e-02 5.454060e-01 -4.398009e-05 -5.033327e-05 4.839529e-05 -1.460817e-04
11549.800000 9.092662e-01 9.018307e-03 1.011484e-02 5.488876e-01 -3.699371e-05 -4.973365e-05 4.492813e-05 -1.350084e-04
11550.000000 9.058943e-01 9.054502e-03 9.954719e-03 5.491301e-01 -3.859027e-05 -6.210203e-05 4.275946e-05 -1.356587e-04
11550.200000 8.901385e-01 8.849611e-03 9.904732e-03 5.403654e-01 -5.058046e-05 -6.388612e-05 3.801740e-05 -1.431214e-04
11550.400000 9.014744e-01 8.978085e-03 1.012447e-02 5.461422e-01 -4.391056e-05 -5.929606e-05 4.650243e-05 -1.389474e-04
11550.600000 9.216597e-01 9.193649e-03 1.022765e-02 5.619382e-01 -5.055579e-05 -6.029172e-05 4.478950e-05 -1.370367e-04
11550.800000 9.013446e-01 8.981607e-03 1.003755e-02 5.504725e-01 -5.932990e-05 -5.232012e-05 3.383228e-05 -1.458537e-04
11551.000000 9.031737e-01 8.995292e-03 1.000266e-02 5.486822e-01 -5.725776e-05 -6.228468e-05 4.300554e-05 -1.444544e-04
11551.200000 9.030694e-01 8.980692e-03 9.974709e-03 5.452628e-01 -5.645685e-05 -5.971274e-05 4.279473e-05 -1.439570e-04
11551.400000 8.903742e-01 8.877095e-03 9.801545e-03 5.411519e-01 -4.574534e-05 -5.500792e-05 5.666893e-05 -1.291128e-04
11551.600000 8.971384e-01 8.997387e-03 9.778443e-03 5.491555e-01 -4.132293e-05 -5.656875e-05 3.504600e-05 -1.396008e-04
11551.800000 9.144879e-01 9.185809e-03 1.007585e-02 5.586425e-01 -4.435151e-05 -5.705027e-05 3.019832e-05 -1.353876e-04
11552.000000 9.235777e-01 9.340107e-03 1.015894e-02 5.632200e-01 -3.656159e-05 -5.407610e-05 2.922053e-05 -1.334797e-04
11552.200000 9.097824e-01 9.106822e-03 9.858925e-03 5.536928e-01 -5.021605e-05 -7.435394e-05 4.194056e-05 -1.364079e-04
11552.400000 9.081245e-01 9.016394e-03 9.755649e-03 5.500385e-01 -6.223301e-05 -7.786911e-05 3.038677e-05 -1.333806e-04
11552.600000 8.805630e-01 8.741450e-03 9.435622e-03 5.387093e-01 -5.279712e-05 -7.228112e-05 3.610388e-05 -1.268503e-04
11552.800000 9.201356e-01 9.205927e-03 9.958486e-03 5.641275e-01 -5.402754e-05 -7.119422e-05 3.965771e-05 -1.306232e-04
11553.000000 9.099507e-01 9.092016e-03 9.757565e-03 5.598140e-01 -5.636989e-05 -6.777483e-05 2.977095e-05 -1.247835e-04
11553.200000 9.083706e-01 9.122367e-03 9.639085e-03 5.561767e-01 -5.851922e-05 -6.656812e-05 2.450084e-05 -1.279176e-04
11553.400000 9.065712e-01 9.092472e-03 9.730124e-03 5.527159e-01 -4.416526e-05 -7.000460e-05 1.469952e-05 -1.314115e-04
11553.600000 9.127418e-01 9.118731e-03 9.732755e-03 5.576702e-01 -5.559268e-05 -6.517021e-05 2.384373e-05 -1.510544e-04
11553.800000 8.631815e-01 8.527128e-03 8.980197e-03 5.286357e-01 -5.858951e-05 -5.873366e-05 3.115209e-05 -1.650689e-04
11554.000000 8.952376e-01 8.812991e-03 9.161840e-03 5.491826e-01 -6.925392e-05 -6.254245e-05 3.492466e-05 -1.925534e-04
11554.200000 8.624817e-01 8.328963e-03 8.785990e-03 5.301769e-01 -6.027933e-05 -6.166336e-05 3.528865e-05 -1.768979e-04
11554.400000 8.893333e-01 8.825056e-03 9.092004e-03 5.454700e-01 -6.049910e-05 -6.195254e-05 2.706219e-05 -1.752345e-04
11554.600000 9.076337e-01 9.077532e-03 9.253882e-03 5.544607e-01 -5.713200e-05 -5.715002e-05 2.456815e-05 -1.783405e-04
11554.800000 9.088819e-01 9.102623e-03 9.201292e-03 5.555518e-01 -5.912065e-05 -6.098860e-05 2.530592e-05 -1.836000e-04
11555.000000 9.005342e-01 8.974920e-03 9.214854e-03 5.543472e-01 -5.767179e-05 -6.185858e-05 4.203343e-05 -1.836777e-04
11555.200000 8.827324e-01 8.823186e-03 9.059446e-03 5.424267e-01 -4.797378e-05 -6.787452e-05 4.951874e-05 -1.905757e-04
11555.400000 9.214615e-01 9.268478e-03 9.375690e-03 5.685859e-01 -5.045437e-05 -7.147736e-05 5.487157e-05 -2.020498e-04
11555.600000 9.224446e-01 9.385828e-03 9.364794e-03 5.683651e-01 -5.734237e-05 -7.071172e-05 5.610532e-05 -1.928250e-04
11555.800000 9.053358e-01 9.040865e-03 8.895184e-03 5.561698e-01 -5.552609e-05 -6.368094e-05 4.925587e-05 -1.907173e-04
11556.000000 8.947152e-01 8.875974e-03 8.790284e-03 5.517764e-01 -5.231225e-05 -7.286948e-05 4.484439e-05 -1.955918e-04
11556.200000 9.149332e-01 9.175030e-03 9.151796e-03 5.646553e-01 -5.066898e-05 -7.912054e-05 4.654585e-05 -2.026888e-04
11556.400000 8.967025e-01 8.903994e-03 8.710660e-03 5.549981e-01 -5.304093e-05 -7.540401e-05 2.900822e-05 -2.075832e-04
11556.600000 9.133164e-01 9.189369e-03 8.985761e-03 5.637219e-01 -6.002498e-05 -7.079631e-05 3.045959e-05 -1.935055e-04
11556.800000 9.050084e-01 9.070732e-03 8.748141e-03 5.587162e-01 -6.373731e-05 -8.158762e-05 3.186528e-05 -1.864543e-04
11557.000000 9.063650e-01 9.020026e-03 8.719489e-03 5.606560e-01 -6.008351e-05 -8.368489e-05 3.932400e-05 -1.909667e-04
11557.200000 9.051949e-01 9.039314e-03 8.448085e-03 5.608813e-01 -5.765604e-05 -7.880655e-05 4.357956e-05 -1.929277e-04
11557.400000 9.171193e-01 9.202233e-03 8.662155e-03 5.690872e-01 -6.222417e-05 -7.759822e-05 3.873989e-05 -1.872394e-04
11557.600000 9.014379e-01 9.060434e-03 8.420214e-03 5.590084e-01 -5.746412e-05 -7.536933e-05 2.886341e-05 -1.424993e-04
11557.800000 9.184128e-01 9.190636e-03 8.401470e-03 5.723323e-01 -5.621159e-05 -7.569443e-05 2.367661e-05 -1.439096e-04
11558.000000 9.099233e-01 9.081919e-03 8.174829e-03 5.660878e-01 -6.525216e-05 -7.555206e-05 4.083249e-05 -1.412458e-04
11558.200000 8.830987e-01 8.673772e-03 7.875860e-03 5.527332e-01 -7.236357e-05 -7.038498e-05 2.586390e-05 -1.504524e-04
11558.400000 8.958732e-01 8.859152e-03 7.675907e-03 5.609557e-01 -7.044001e-05 -6.575497e-05 3.279290e-05 -1.529200e-04
11558.600000 9.042663e-01 9.001329e-03 7.908538e-03 5.655054e-01 -6.394135e-05 -5.816395e-05 2.160641e-05 -1.566303e-04
11558.800000 9.123331e-01 9.135840e-03 7.839063e-03 5.704752e-01 -6.076666e-05 -6.177038e-05 1.771720e-05 -1.451393e-04
11559.000000 9.153046e-01 9.094305e-03 7.622774e-03 5.752955e-01 -6.518112e-05 -6.320620e-05 3.922914e-05 -1.368555e-04
11559.200000 8.820364e-01 8.723004e-03 7.177966e-03 5.545969e-01 -6.419580e-05 -5.648047e-05 4.074795e-05 -1.434124e-04
11559.400000 8.993293e-01 8.923128e-03 7.142776e-03 5.679568e-01 -6.328060e-05 -5.695704e-05 4.556682e-05 -1.378267e-04
11559.600000 8.935359e-01 8.813436e-03 7.120753e-03 5.647720e-01 -5.778274e-05 -6.042052e-05 4.188440e-05 -1.371559e-04
11559.800000 9.159704e-01 9.173832e-03 7.105244e-03 5.808321e-01 -5.441582e-05 -5.354740e-05 3.315197e-05 -1.412275e-04
11560.000000 9.032501e-01 8.985351e-03 6.740002e-03 5.727148e-01 -5.917966e-05 -5.115620e-05 3.194539e-05 -1.274587e-04
11560.200000 8.928756e-01 8.797228e-03 6.546331e-03 5.688458e-01 -5.823525e-05 -5.768054e-05 1.906504e-05 -1.426518e-04
11560.400000 9.125825e-01 9.101619e-03 6.502933e-03 5.822361e-01 -4.982889e-05 -6.090127e-05 1.884201e-05 -1.361969e-04
11560.600000 9.236752e-01 9.327237e-03 6.575103e-03 5.904971e-01 -4.294223e-05 -7.258844e-05 2.856859e-05 -1.456399e-04
11560.800000 9.153587e-01 9.101732e-03 6.271931e-03 5.856856e-01 -4.865816e-05 -7.709440e-05 3.171577e-05 -1.484450e-04
11561.000000 8.903957e-01 8.744629e-03 5.776837e-03 5.738516e-01 -4.502800e-05 -7.943775e-05 2.755360e-05 -1.406624e-04
11561.200000 9.056488e-01 8.946059e-03 5.691432e-03 5.839924e-01 -4.681806e-05 -7.412176e-05 4.292094e-05 -1.412587e-04
11561.400000 9.138384e-01 9.117112e-03 5.502036e-03 5.942028e-01 -5.227757e-05 -6.627085e-05 2.826716e-05 -1.514121e-04
11561.600000 9.058775e-01 8.966142e-03 5.259503e-03 5.907541e-01 -5.124749e-05 -5.992150e-05 2.671111e-05 -1.493612e-04
11561.800000 9.116996e-01 8.993642e-03 4.996212e-03 5.966301e-01 -5.262360e-05 -5.900299e-05 2.635044e-05 -1.463035e-04
11562.000000 8.897078e-01 8.719641e-03 4.514539e-03 5.857887e-01 -5.874613e-05 -6.313414e-05 4.223537e-05 -1.406346e-04
11562.200000 8.990437e-01 8.792242e-03 4.340100e-03 5.941165e-01 -5.811427e-05 -7.917112e-05 3.976710e-05 -1.389558e-04
11562.400000 9.158031e-01 9.011814e-03 4.176487e-03 6.107390e-01 -5.597099e-05 -7.698936e-05 3.224926e-05 -1.440300e-04
11562.600000 8.823394e-01 8.583753e-03 3.737455e-03 5.928036e-01 -4.519787e-05 -7.299425e-05 2.333860e-05 -1.401681e-04
11562.800000 9.024441e-01 8.759596e-03 3.708276e-03 6.070902e-01 -4.715712e-05 -8.141262e-05 3.237001e-05 -1.393030e-04
11563.000000 9.141081e-01 8.921683e-03 3.406123e-03 6.192729e-01 -4.393811e-05 -8.465950e-05 4.260445e-05 -1.441752e-04
11563.200000 9.078841e-01 8.846607e-03 3.238215e-03 6.198211e-01 -4.992357e-05 -7.566795e-05 4.399702e-05 -1.474638e-04
11563.400000 9.111066e-01 8.847506e-03 2.989312e-03 6.252060e-01 -5.034693e-05 -6.865682e-05 2.824251e-05 -1.443892e-04
11563.600000 8.937449e-01 8.548237e-03 2.596509e-03 6.223826e-01 -5.297350e-05 -6.850905e-05 2.566410e-05 -1.422778e-04
11563.800000 8.958379e-01 8.535791e-03 2.581528e-03 6.284076e-01 -4.703738e-05 -7.235183e-05 2.826665e-05 -1.374479e-04
11564.000000 9.060568e-01 8.662432e-03 2.381741e-03 6.403018e-01 -4.576648e-05 -7.477493e-05 3.785889e-05 -1.312617e-04
11564.200000 8.995350e-01 8.556689e-03 2.018674e-03 6.430866e-01 -4.921176e-05 -7.912741e-05 3.824405e-05 -1.332583e-04
11564.400000 8.957222e-01 8.414272e-03 1.897558e-03 6.454408e-01 -4.357377e-05 -7.143105e-05 2.448171e-05 -1.316055e-04
11564.600000 9.033801e-01 8.485807e-03 1.693485e-03 6.604984e-01 -3.848192e-05 -7.543319e-05 1.615522e-05 -1.296195e-04
11564.800000 9.046436e-01 8.454938e-03 1.635563e-03 6.696351e-01 -4.313675e-05 -7.225057e-05 1.724972e-05 -1.381434e-04
11565.000000 9.116982e-01 8.536688e-03 1.625252e-03 6.839107e-01 -5.382627e-05 -6.924240e-05 2.912157e-05 -1.304900e-04
11565.200000 9.008412e-01 8.316897e-03 1.623363e-03 6.839138e-01 -3.519283e-05 -7.004247e-05 1.313383e-05 -1.342388e-04
11565.400000 9.085606e-01 8.419466e-03 1.549965e-03 6.984977e-01 -3.573218e-05 -6.851436e-05 2.964573e-05 -1.360232e-04
11565.600000 8.966274e-01 8.188982e-03 1.236053e-03 6.960389e-01 -3.655973e-05 -6.717571e-05 2.110090e-05 -1.469051e-04
11565.800000 8.985028e-01 8.142702e-03 1.282793e-03 7.065590e-01 -3.790549e-05 -7.100655e-05 3.057624e-05 -1.472245e-04
11566.000000 9.093254e-01 8.277178e-03 1.258622e-03 7.257938e-01 -4.007051e-05 -7.901939e-05 1.105057e-05 -1.517225e-04
11566.200000 9.161505e-01 8.301134e-03 1.135546e-03 7.363880e-01 -4.052312e-05 -8.062869e-05 1.041346e-05 -1.549659e-04
11566.400000 9.054243e-01 8.103273e-03 1.178354e-03 7.379077e-01 -2.698324e-05 -7.533795e-05 2.318572e-05 -1.529009e-04
11566.600000 9.057462e-01 8.080438e-03 1.200923e-03 7.462579e-01 -3.170708e-05 -7.933670e-05 3.181053e-05 -1.478326e-04
11566.800000 9.079602e-01 8.072490e-03 1.326805e-03 7.571574e-01 -4.914298e-05 -8.173270e-05 2.648354e-05 -1.537295e-04
11567.000000 8.994855e-01 7.874243e-03 1.196576e-03 7.558288e-01 -4.799269e-05 -7.650469e-05 2.265119e-05 -1.508537e-04
11567.200000 9.017132e-01 7.888927e-03 1.137004e-03 7.665037e-01 -4.861089e-05 -7.274404e-05 2.258199e-05 -1.466547e-04
11567.400000 9.065254e-01 7.932511e-03 1.325377e-03 7.722300e-01 -5.509308e-05 -6.849741e-05 3.015376e-05 -1.491823e-04
11567.600000 9.016293e-01 7.847965e-03 1.374948e-03 7.697969e-01 -4.925461e-05 -6.958061e-05 3.684020e-05 -1.508263e-04
11567.800000 9.027439e-01 7.849560e-03 1.238286e-03 7.758024e-01 -5.309296e-05 -6.355424e-05 3.038966e-05 -1.477676e-04
11568.000000 9.057210e-01 7.894240e-03 1.270872e-03 7.789301e-01 -5.540296e-05 -7.224245e-05 3.158232e-05 -1.385954e-04
11568.200000 9.058267e-01 7.893760e-03 1.221403e-03 7.779364e-01 -4.700934e-05 -7.264047e-05 3.707931e-05 -1.388030e-04
11568.400000 9.070443e-01 7.880114e-03 1.390326e-03 7.781934e-01 -3.540714e-05 -7.619113e-05 2.716806e-05 -1.524687e-04
11568.600000 8.980149e-01 7.755138e-03 1.457125e-03 7.688884e-01 -4.728907e-05 -7.645986e-05 3.194034e-05 -1.525348e-04
11568.800000 9.083922e-01 7.947620e-03 1.543089e-03 7.740026e-01 -4.557008e-05 -6.866473e-05 3.219882e-05 -1.495303e-04
11569.000000 8.971825e-01 7.837977e-03 1.394407e-03 7.621108e-01 -4.723722e-05 -7.120250e-05 2.745822e-05 -1.463930e-04
11569.200000 9.024289e-01 7.921100e-03 1.513584e-03 7.604183e-01 -4.707442e-05 -6.466900e-05 3.263378e-05 -1.482505e-04
11569.400000 8.996437e-01 7.913262e-03 1.594059e-03 7.552047e-01 -4.163480e-05 -6.797190e-05 2.524753e-05 -1.484320e-04
11569.600000 8.933402e-01 7.830029e-03 1.566914e-03 7.417600e-01 -3.955546e-05 -6.253511e-05 1.968087e-05 -1.571086e-04
11569.800000 8.971291e-01 7.924010e-03 1.661992e-03 7.405566e-01 -4.315360e-05 -6.417537e-05 2.312571e-05 -1.518970e-04
11570.000000 9.041727e-01 8.061204e-03 1.630470e-03 7.413039e-01 -3.841940e-05 -5.770998e-05 1.801789e-05 -1.539791e-04
11570.200000 9.024608e-01 8.093084e-03 1.647744e-03 7.338041e-01 -4.246287e-05 -5.537365e-05 2.061330e-05 -1.605583e-04
11570.400000 9.032110e-01 8.129706e-03 1.659342e-03 7.274466e-01 -4.045433e-05 -6.285723e-05 2.113468e-05 -1.574933e-04
11570.600000 9.069282e-01 8.210912e-03 1.737398e-03 7.223511e-01 -4.154827e-05 -6.696111e-05 2.075038e-05 -1.513663e-04
11570.800000 9.047403e-01 8.238917e-03 1.753634e-03 7.154468e-01 -3.991748e-05 -6.192374e-05 1.569768e-05 -1.606383e-04
11571.000000 9.025548e-01 8.226711e-03 1.708259e-03 7.074602e-01 -3.821346e-05 -6.217469e-05 1.611734e-05 -1.563958e-04
11571.200000 9.061416e-01 8.310705e-03 1.800555e-03 7.054386e-01 -3.566470e-05 -6.496875e-05 2.812767e-05 -1.464789e-04
11571.400000 9.046598e-01 8.334881e-03 1.880647e-03 6.974284e-01 -3.751005e-05 -5.895149e-05 2.454965e-05 -1.456333e-04
11571.600000 9.035966e-01 8.352618e-03 1.856926e-03 6.903898e-01 -3.992186e-05 -6.152128e-05 2.259127e-05 -1.393547e-04
11571.800000 9.050749e-01 8.400061e-03 1.835557e-03 6.865927e-01 -4.937133e-05 -6.059221e-05 2.781708e-05 -1.315019e-04
11572.000000 9.062505e-01 8.456910e-03 1.865101e-03 6.833673e-01 -5.259076e-05 -6.877692e-05 3.156865e-05 -1.468277e-04
11572.200000 9.069674e-01 8.509178e-03 1.895546e-03 6.794237e-01 -5.664751e-05 -7.335395e-05 3.814921e-05 -1.483334e-04
11572.400000 9.093150e-01 8.568009e-03 1.884249e-03 6.769870e-01 -5.289169e-05 -6.596144e-05 3.807123e-05 -1.615950e-04
11572.600000 9.045907e-01 8.518837e-03 1.928302e-03 6.689305e-01 -5.141588e-05 -6.173399e-05 3.896931e-05 -1.667029e-04
11572.800000 9.037064e-01 8.551251e-03 2.024940e-03 6.640981e-01 -4.931811e-05 -7.243866e-05 4.096333e-05 -1.624148e-04
11573.000000 8.993299e-01 8.479228e-03 2.023722e-03 6.572085e-01 -4.524111e-05 -8.114894e-05 2.917356e-05 -1.646622e-04
11573.200000 8.988495e-01 8.491167e-03 1.950775e-03 6.532972e-01 -4.836555e-05 -6.679072e-05 2.056774e-05 -1.721351e-04
11573.400000 8.949101e-01 8.471479e-03 1.933226e-03 6.476108e-01 -5.157355e-05 -6.854738e-05 2.342725e-05 -1.641817e-04
11573.600000 9.023256e-01 8.617228e-03 2.028764e-03 6.500201e-01 -4.735299e-05 -6.178714e-05 2.083902e-05 -1.635980e-04
11573.800000 8.994308e-01 8.566095e-03 2.099302e-03 6.449383e-01 -5.626166e-05 -5.893613e-05 2.117547e-05 -1.606501e-04
11574.000000 8.976297e-01 8.560703e-03 2.034506e-03 6.412428e-01 -6.203385e-05 -4.731212e-05 3.529651e-05 -1.625234e-04
11574.200000 8.912915e-01 8.487784e-03 2.092348e-03 6.349323e-01 -4.915929e-05 -4.387346e-05 4.234387e-05 -1.505641e-04
11574.400000 9.029110e-01 8.663578e-03 2.076885e-03 6.429982e-01 -4.228651e-05 -4.045376e-05 3.963886e-05 -1.549854e-04
11574.600000 8.977945e-01 8.606863e-03 2.075485e-03 6.368373e-01 -3.845754e-05 -4.936713e-05 3.711770e-05 -1.541760e-04
11574.800000 8.978374e-01 8.643658e-03 2.077973e-03 6.350985e-01 -3.776399e-05 -4.634471e-05 3.879694e-05 -1.506319e-04
11575.000000 8.996862e-01 8.682960e-03 2.100888e-03 6.348431e-01 -3.310157e-05 -4.614443e-05 3.579472e-05 -1.483450e-04
11575.200000 9.068131e-01 8.798420e-03 2.098772e-03 6.395331e-01 -3.386205e-05 -5.846374e-05 3.444028e-05 -1.504389e-04
11575.400000 9.002207e-01 8.678576e-03 2.075149e-03 6.325646e-01 -3.690911e-05 -6.257496e-05 4.378651e-05 -1.592078e-04
11575.600000 8.927588e-01 8.573331e-03 2.099018e-03 6.262663e-01 -3.301742e-05 -6.566098e-05 4.244260e-05 -1.453146e-04
11575.800000 8.989988e-01 8.678143e-03 2.102921e-03 6.279702e-01 -3.953662e-05 -6.187363e-05 3.797775e-05 -1.488846e-04
11576.000000 9.031051e-01 8.760714e-03 2.134871e-03 6.299382e-01 -4.545286e-05 -6.288357e-05 2.986628e-05 -1.482434e-04
11576.200000 8.976235e-01 8.676912e-03 2.165656e-03 6.280970e-01 -4.098582e-05 -5.573296e-05 3.938993e-05 -1.457035e-04
11576.400000 8.984446e-01 8.747191e-03 2.170088e-03 6.258906e-01 -4.140722e-05 -4.917146e-05 4.123825e-05 -1.512898e-04
11576.600000 8.988972e-01 8.745182e-03 2.159288e-03 6.277262e-01 -3.863085e-05 -4.754865e-05 3.498758e-05 -1.568606e-04
11576.800000 8.989524e-01 8.740380e-03 2.029144e-03 6.256876e-01 -3.950104e-05 -4.807380e-05 3.639740e-05 -1.551489e-04
11577.000000 8.947129e-01 8.624936e-03 2.146773e-03 6.251573e-01 -4.862730e-05 -4.410835e-05 3.170574e-05 -1.584180e-04
11577.200000 9.011745e-01 8.748708e-03 2.005751e-03 6.301719e-01 -6.048102e-05 -3.944355e-05 3.288549e-05 -1.502555e-04
11577.400000 9.020749e-01 8.784347e-03 2.059265e-03 6.280963e-01 -5.746314e-05 -4.668628e-05 2.938201e-05 -1.403434e-04
11577.600000 8.946901e-01 8.686474e-03 2.076047e-03 6.233718e-01 -5.699992e-05 -5.308970e-05 3.613446e-05 -1.462861e-04
11577.800000 8.997720e-01 8.769239e-03 2.090418e-03 6.287286e-01 -5.264478e-05 -4.989909e-05 4.124177e-05 -1.486120e-04
11578.000000 8.929417e-01 8.656390e-03 2.111830e-03 6.223088e-01 -5.675681e-05 -4.816911e-05 4.023957e-05 -1.511303e-04
11578.200000 8.985884e-01 8.750839e-03 2.068318e-03 6.266318e-01 -5.237086e-05 -5.731883e-05 3.574575e-05 -1.487107e-04
11578.400000 8.906211e-01 8.616197e-03 2.010914e-03 6.207719e-01 -5.095521e-05 -5.984684e-05 3.793790e-05 -1.431930e-04
11578.600000 9.048230e-01 8.869376e-03 2.032425e-03 6.313561e-01 -4.070091e-05 -5.527176e-05 3.584472e-05 -1.361064e-04
11578.800000 8.967549e-01 8.731806e-03 2.099619e-03 6.251562e-01 -3.948267e-05 -5.015449e-05 2.825023e-05 -1.482004e-04
11579.000000 9.023986e-01 8.819688e-03 1.958402e-03 6.294486e-01 -3.507239e-05 -4.818068e-05 1.560538e-05 -1.468089e-04
11579.200000 9.017106e-01 8.821087e-03 1.982648e-03 6.293096e-01 -3.223659e-05 -5.201195e-05 1.988058e-05 -1.467404e-04
11579.400000 9.025610e-01 8.784394e-03 1.964628e-03 6.309637e-01 -2.396790e-05 -5.190463e-05 3.112971e-05 -1.493966e-04
11579.600000 9.028180e-01 8.831053e-03 1.932976e-03 6.291083e-01 -2.375417e-05 -4.139032e-05 3.891354e-05 -1.521388e-04
11579.800000 9.060321e-01 8.887774e-03 1.948611e-03 6.324402e-01 -3.317116e-05 -5.091556e-05 4.223032e-05 -1.509828e-04
11580.000000 8.905645e-01 8.630248e-03 2.054540e-03 6.211262e-01 -3.537916e-05 -5.359880e-05 4.983784e-05 -1.356674e-04
11580.200000 8.997836e-01 8.778007e-03 1.876675e-03 6.292074e-01 -4.356317e-05 -5.511159e-05 5.527448e-05 -1.387693e-04
11580.400000 9.008840e-01 8.787981e-03 1.948244e-03 6.309584e-01 -4.744310e-05 -5.758913e-05 5.382887e-05 -1.343871e-04
11580.600000 8.899016e-01 8.631143e-03 1.992291e-03 6.217432e-01 -4.443213e-05 -5.911031e-05 4.173052e-05 -1.384434e-04
11580.800000 9.027466e-01 8.838647e-03 1.924250e-03 6.312158e-01 -5.639653e-05 -5.893541e-05 3.664153e-05 -1.522736e-04
11581.000000 9.014774e-01 8.812492e-03 1.990236e-03 6.310190e-01 -6.230070e-05 -5.535582e-05 4.895890e-05 -1.469020e-04
11581.200000 9.002245e-01 8.784183e-03 2.003398e-03 6.297924e-01 -6.843829e-05 -5.778215e-05 3.777735e-05 -1.615525e-04
11581.400000 8.882134e-01 8.590826e-03 2.084208e-03 6.209360e-01 -5.837264e-05 -5.724219e-05 3.539992e-05 -1.511068e-04
11581.600000 9.122228e-01 8.991420e-03 2.071929e-03 6.389357e-01 -5.234319e-05 -5.205019e-05 4.226050e-05 -1.492598e-04
11581.800000 9.086229e-01 8.913568e-03 2.045878e-03 6.365946e-01 -5.325513e-05 -5.096863e-05 5.818353e-05 -1.439469e-04
11582.000000 8.970773e-01 8.766126e-03 1.972865e-03 6.288053e-01 -4.926796e-05 -4.911417e-05 4.902013e-05 -1.492673e-04
11582.200000 8.910469e-01 8.647690e-03 1.980498e-03 6.245422e-01 -5.347596e-05 -4.612780e-05 5.415864e-05 -1.513359e-04
11582.400000 9.101943e-01 8.955127e-03 2.061362e-03 6.391137e-01 -6.599017e-05 -5.045579e-05 5.027975e-05 -1.421881e-04
11582.600000 8.979496e-01 8.764652e-03 2.058777e-03 6.325255e-01 -6.608952e-05 -4.862407e-05 5.521720e-05 -1.468783e-04
11582.800000 9.148900e-01 8.988369e-03 2.106445e-03 6.464027e-01 -6.268449e-05 -4.627047e-05 5.595059e-05 -1.571690e-04
11583.000000 8.926923e-01 8.632686e-03 2.096779e-03 6.283411e-01 -6.259294e-05 -4.364850e-05 5.604894e-05 -1.572123e-04
11583.200000 9.062854e-01 8.922582e-03 1.957033e-03 6.383262e-01 -6.120945e-05 -5.798602e-05 4.763482e-05 -1.448639e-04
11583.400000 8.970411e-01 8.764591e-03 2.151727e-03 6.302791e-01 -6.592139e-05 -6.227415e-05 5.563735e-05 -1.434533e-04
11583.600000 8.957487e-01 8.711067e-03 2.132536e-03 6.325380e-01 -7.156923e-05 -5.214496e-05 3.904883e-05 -1.568123e-04
11583.800000 8.994510e-01 8.779355e-03 2.109876e-03 6.338402e-01 -7.444246e-05 -6.455885e-05 4.467924e-05 -1.524672e-04
11584.000000 9.055729e-01 8.901513e-03 2.040282e-03 6.359560e-01 -7.515032e-05 -6.224649e-05 4.913699e-05 -1.483002e-04
11584.200000 8.979758e-01 8.729342e-03 2.129569e-03 6.316478e-01 -7.489992e-05 -6.117876e-05 4.683405e-05 -1.539385e-04
11584.400000 8.779157e-01 8.456127e-03 2.083468e-03 6.160921e-01 -5.795159e-05 -6.322441e-05 5.514756e-05 -1.508006e-04
11584.600000 8.994398e-01 8.801125e-03 2.003042e-03 6.343344e-01 -4.931740e-05 -5.629763e-05 6.317892e-05 -1.538834e-04
11584.800000 9.051688e-01 8.914389e-03 2.157476e-03 6.372965e-01 -5.062217e-05 -5.651513e-05 6.172062e-05 -1.504475e-04
11585.000000 9.049342e-01 8.836645e-03 2.246445e-03 6.394998e-01 -5.294900e-05 -4.954099e-05 5.832552e-05 -1.484891e-04
11585.200000 9.009772e-01 8.763770e-03 2.178784e-03 6.367630e-01 -5.702818e-05 -4.661823e-05 3.314372e-05 -1.537259e-04
11585.400000 8.872769e-01 8.645874e-03 2.209267e-03 6.294970e-01 -5.227099e-05 -5.340618e-05 3.454444e-05 -1.481897e-04
11585.600000 9.004026e-01 8.823391e-03 2.267495e-03 6.395859e-01 -5.087973e-05 -5.325639e-05 3.610624e-05 -1.487272e-04
11585.800000 9.054618e-01 8.946470e-03 2.119799e-03 6.407595e-01 -4.568204e-05 -4.747212e-05 4.743837e-05 -1.425481e-04
11586.000000 8.881923e-01 8.606425e-03 2.069375e-03 6.271645e-01 -4.683570e-05 -4.879221e-05 5.074282e-05 -1.459916e-04
11586.200000 8.793899e-01 8.423094e-03 2.138438e-03 6.193323e-01 -4.972071e-05 -4.382862e-05 4.600944e-05 -1.549953e-04
11586.400000 9.029688e-01 8.853423e-03 2.260032e-03 6.402512e-01 -5.476541e-05 -4.330501e-05 3.613348e-05 -1.630502e-04
11586.600000 9.081964e-01 8.922313e-03 2.120769e-03 6.439343e-01 -5.418480e-05 -3.983654e-05 3.902863e-05 -1.592687e-04
11586.800000 9.014634e-01 8.855619e-03 2.135505e-03 6.369841e-01 -5.648926e-05 -3.659834e-05 4.534348e-05 -1.619990e-04
11587.000000 8.944214e-01 8.737312e-03 2.189072e-03 6.315738e-01 -4.489643e-05 -3.329273e-05 4.334149e-05 -1.578020e-04
11587.200000 8.864688e-01 8.577987e-03 2.148331e-03 6.289624e-01 -4.850203e-05 -4.134113e-05 3.937911e-05 -1.725601e-04
11587.400000 8.800336e-01 8.507986e-03 2.070208e-03 6.241624e-01 -5.270640e-05 -4.400253e-05 4.036699e-05 -1.710833e-04
11587.600000 9.094078e-01 8.979239e-03 2.151353e-03 6.472461e-01 -4.520542e-05 -4.387854e-05 4.705676e-05 -1.643988e-04
11587.800000 9.018503e-01 8.820586e-03 2.151130e-03 6.442828e-01 -4.769400e-05 -4.223176e-05 3.784364e-05 -1.604079e-04
11588.000000 8.838857e-01 8.599717e-03 2.205232e-03 6.256671e-01 -4.275086e-05 -5.040736e-05 3.090822e-05 -1.537748e-04
11588.200000 8.926699e-01 8.770725e-03 2.259969e-03 6.340711e-01 -5.091324e-05 -4.753072e-05 3.827600e-05 -1.529020e-04
11588.400000 9.170987e-01 9.003897e-03 2.314244e-03 6.512910e-01 -5.294244e-05 -4.074098e-05 5.029088e-05 -1.475293e-04
11588.600000 8.995584e-01 8.786401e-03 2.131509e-03 6.408165e-01 -5.423722e-05 -4.414873e-05 4.390965e-05 -1.548534e-04
11588.800000 8.922633e-01 8.747970e-03 1.898869e-03 6.343685e-01 -4.850534e-05 -4.188393e-05 5.004120e-05 -1.414493e-04
11589.000000 8.993657e-01 8.750450e-03 2.116202e-03 6.376757e-01 -4.101864e-05 -4.731407e-05 4.552263e-05 -1.387952e-04
11589.200000 8.939393e-01 8.741709e-03 2.013183e-03 6.368376e-01 -4.485490e-05 -4.147865e-05 5.131420e-05 -1.397800e-04
11589.400000 8.999173e-01 8.812037e-03 2.049099e-03 6.420368e-01 -4.942686e-05 -3.931830e-05 5.327083e-05 -1.493420e-04
11589.600000 8.997764e-01 8.864921e-03 2.110746e-03 6.398011e-01 -5.125293e-05 -3.852846e-05 5.595836e-05 -1.479278e-04
11589.800000 9.041280e-01 8.901933e-03 2.078346e-03 6.462747e-01 -5.128560e-05 -4.754129e-05 3.157407e-05 -1.615772e-04
11590.000000 8.939155e-01 8.735263e-03 2.027131e-03 6.366006e-01 -6.165913e-05 -4.837530e-05 3.425899e-05 -1.520274e-04
11590.200000 8.926012e-01 8.725364e-03 2.083781e-03 6.353213e-01 -7.029773e-05 -5.045126e-05 3.272531e-05 -1.596556e-04
11590.400000 8.980416e-01 8.771530e-03 2.165700e-03 6.406989e-01 -7.284463e-05 -4.773230e-05 3.931244e-05 -1.569210e-04
11590.600000 9.025664e-01 8.831501e-03 2.010739e-03 6.430966e-01 -5.962357e-05 -4.702601e-05 1.822673e-05 -1.576719e-04
11590.800000 8.990711e-01 8.811478e-03 2.037365e-03 6.440078e-01 -6.271058e-05 -3.800997e-05 2.463516e-05 -1.664214e-04
11591.000000 9.006272e-01 8.813511e-03 1.959074e-03 6.459122e-01 -6.368781e-05 -3.655004e-05 2.873602e-05 -1.706700e-04
11591.200000 8.857877e-01 8.673560e-03 1.998325e-03 6.350896e-01 -6.126514e-05 -3.537687e-05 2.403750e-05 -1.685565e-04
11591.400000 8.844837e-01 8.607905e-03 2.124792e-03 6.320331e-01 -6.973944e-05 -3.447268e-05 1.933356e-05 -1.703924e-04
11591.600000 9.000627e-01 8.895233e-03 1.861669e-03 6.446979e-01 -6.252405e-05 -3.682130e-05 2.570418e-05 -1.635473e-04
11591.800000 9.002448e-01 8.845086e-03 1.903408e-03 6.448830e-01 -5.211238e-05 -4.360878e-05 3.150556e-05 -1.736180e-04
11592.000000 9.005564e-01 8.841951e-03 1.920075e-03 6.463856e-01 -5.459684e-05 -4.759090e-05 2.867111e-05 -1.741393e-04
11592.200000 8.800470e-01 8.639318e-03 1.780341e-03 6.319531e-01 -5.700235e-05 -4.444042e-05 2.738748e-05 -1.713469e-04
11592.400000 9.133452e-01 8.951317e-03 1.890341e-03 6.539213e-01 -5.631997e-05 -4.040841e-05 3.205493e-05 -1.644412e-04
11592.600000 8.989230e-01 8.803829e-03 1.871011e-03 6.441338e-01 -4.746484e-05 -5.375065e-05 2.557124e-05 -1.618993e-04
11592.800000 8.883258e-01 8.645102e-03 1.922608e-03 6.381758e-01 -5.079553e-05 -4.708916e-05 1.131108e-05 -1.656921e-04
11593.000000 9.039531e-01 8.915760e-03 1.809163e-03 6.465197e-01 -5.114018e-05 -4.683030e-05 1.598506e-05 -1.558751e-04
11593.200000 9.039450e-01 8.899828e-03 1.923834e-03 6.480523e-01 -5.026386e-05 -4.123144e-05 2.425942e-05 -1.590368e-04
11593.400000 8.967605e-01 8.862413e-03 1.972613e-03 6.444847e-01 -4.805819e-05 -4.149107e-05 2.514565e-05 -1.672748e-04
11593.600000 8.838535e-01 8.620141e-03 1.767469e-03 6.347586e-01 -4.797060e-05 -5.264850e-05 3.334329e-05 -1.651030e-04
11593.800000 8.957903e-01 8.715728e-03 1.880725e-03 6.443641e-01 -5.083744e-05 -6.507194e-05 2.857335e-05 -1.633187e-04
11594.000000 8.758313e-01 8.597455e-03 1.832374e-03 6.308122e-01 -5.536300e-05 -6.867614e-05 3.567205e-05 -1.522908e-04
11594.200000 9.178096e-01 9.090020e-03 1.890314e-03 6.609968e-01 -6.102080e-05 -6.261438e-05 4.491968e-05 -1.602228e-04
11594.400000 8.830112e-01 8.711723e-03 1.795097e-03 6.337719e-01 -4.738466e-05 -5.719466e-05 3.938289e-05 -1.560809e-04
11594.600000 8.942322e-01 8.729498e-03 1.897533e-03 6.410372e-01 -4.073317e-05 -5.449199e-05 3.917077e-05 -1.457323e-04
11594.800000 9.037528e-01 8.873667e-03 1.970654e-03 6.491649e-01 -4.291052e-05 -5.427851e-05 3.680952e-05 -1.496714e-04
11595.000000 8.847526e-01 8.688170e-03 1.715536e-03 6.366007e-01 -3.736777e-05 -6.318455e-05 2.608675e-05 -1.587943e-04
11595.200000 9.042374e-01 8.885652e-03 1.897993e-03 6.505379e-01 -4.374620e-05 -5.295432e-05 2.798566e-05 -1.584224e-04
11595.400000 9.025307e-01 8.873533e-03 1.737627e-03 6.521862e-01 -3.891672e-05 -4.276675e-05 2.723685e-05 -1.520014e-04
11595.600000 9.130645e-01 9.054664e-03 1.886212e-03 6.558694e-01 -4.731673e-05 -5.227652e-05 1.307616e-05 -1.506107e-04
11595.800000 8.980581e-01 8.807301e-03 1.932534e-03 6.459636e-01 -3.969466e-05 -5.417056e-05 7.200697e-06 -1.605863e-04
11596.000000 8.931277e-01 8.767786e-03 1.899150e-03 6.414579e-01 -3.927322e-05 -6.782723e-05 1.925318e-05 -1.526501e-04
11596.200000 8.942921e-01 8.698562e-03 1.815465e-03 6.448399e-01 -4.406431e-05 -6.787599e-05 2.870097e-05 -1.492071e-04
11596.400000 8.852230e-01 8.643701e-03 1.838878e-03 6.343828e-01 -3.829899e-05 -6.474647e-05 2.583210e-05 -1.495166e-04
11596.600000 9.056926e-01 8.917641e-03 1.947785e-03 6.549166e-01 -4.624900e-05 -5.463201e-05 2.162714e-05 -1.654299e-04
11596.800000 8.878322e-01 8.683105e-03 1.995368e-03 6.401164e-01 -4.438254e-05 -5.581309e-05 2.242261e-05 -1.649342e-04
11597.000000 8.943147e-01 8.789258e-03 1.980921e-03 6.450192e-01 -4.434625e-05 -4.750362e-05 1.750886e-05 -1.576990e-04
11597.700000 8.962282e-01 8.822404e-03 1.976334e-03 6.491913e-01 -5.644634e-05 -6.254746e-05 2.342352e-05 -1.418186e-04
11598.400000 8.945714e-01 8.783728e-03 2.040748e-03 6.467700e-01 -6.412577e-05 -6.564379e-05 2.083070e-05 -1.515606e-04
11599.100000 8.962456e-01 8.804235e-03 2.020372e-03 6.509271e-01 -5.695104e-05 -6.498689e-05 3.001828e-05 -1.551673e-04
11599.800000 8.928598e-01 8.737946e-03 1.949479e-03 6.465276e-01 -5.194031e-05 -5.764122e-05 4.031999e-05 -1.469275e-04
11600.500000 8.955001e-01 8.786626e-03 2.048040e-03 6.493608e-01 -4.870188e-05 -5.031819e-05 2.898078e-05 -1.418685e-04
11601.200000 8.947084e-01 8.797525e-03 2.109280e-03 6.502320e-01 -4.277148e-05 -5.010020e-05 3.893884e-05 -1.361950e-04
11601.900000 8.839549e-01 8.627501e-03 2.099667e-03 6.430214e-01 -3.798401e-05 -5.161626e-05 3.391788e-05 -1.523237e-04
11602.600000 8.938728e-01 8.773656e-03 2.114376e-03 6.510108e-01 -4.512615e-05 -4.622159e-05 2.586674e-05 -1.585494e-04
11603.300000 8.915331e-01 8.732519e-03 2.111603e-03 6.511579e-01 -4.689579e-05 -5.227194e-05 2.707767e-05 -1.538461e-04
11604.993695 8.942267e-01 8.790975e-03 2.115346e-03 6.544119e-01 -4.521790e-05 -4.697082e-05 1.668574e-05 -1.495746e-04
11605.999583 8.911000e-01 8.779800e-03 2.098393e-03 6.543317e-01 -4.523209e-05 -4.667605e-05 1.853210e-05 -1.604116e-04
11607.017662 8.929111e-01 8.815755e-03 2.157090e-03 6.561659e-01 -4.380311e-05 -4.674131e-05 4.054198e-05 -1.468329e-04
11608.047933 8.954400e-01 8.821490e-03 2.165856e-03 6.598371e-01 -5.074998e-05 -4.337934e-05 4.049857e-05 -1.546746e-04
11609.090396 8.946109e-01 8.825263e-03 2.178576e-03 6.605106e-01 -5.071529e-05 -4.709259e-05 3.015663e-05 -1.599350e-04
11610.145051 8.936168e-01 8.831027e-03 2.151659e-03 6.610528e-01 -5.261438e-05 -5.262166e-05 4.681265e-05 -1.535454e-04
11611.211898 8.915575e-01 8.805277e-03 2.100761e-03 6.607690e-01 -4.859686e-05 -5.002261e-05 5.036858e-05 -1.499376e-04
11612.290937 8.966851e-01 8.891410e-03 2.079713e-03 6.666490e-01 -4.719644e-05 -4.813643e-05 4.944347e-05 -1.485082e-04
11613.382167 8.922940e-01 8.820656e-03 2.050331e-03 6.644090e-01 -3.967290e-05 -4.745432e-05 3.692685e-05 -1.534525e-04
11614.485590 8.940354e-01 8.868458e-03 2.054570e-03 6.669329e-01 -4.191028e-05 -4.821392e-05 2.939247e-05 -1.609437e-04
11615.601204 8.910244e-01 8.826468e-03 2.010796e-03 6.652796e-01 -3.676837e-05 -4.753026e-05 3.794973e-05 -2.027538e-04
11616.729011 8.932331e-01 8.862807e-03 1.974242e-03 6.681214e-01 -3.548179e-05 -5.895346e-05 3.341596e-05 -2.078412e-04
11617.869009 8.932271e-01 8.882053e-03 1.938630e-03 6.667482e-01 -3.961948e-05 -6.009909e-05 3.492972e-05 -2.050707e-04
11619.021199 8.915464e-01 8.882485e-03 1.918629e-03 6.652843e-01 -3.902922e-05 -5.559807e-05 3.294256e-05 -2.027318e-04
11620.185582 8.934239e-01 8.929268e-03 1.906743e-03 6.666526e-01 -4.318925e-05 -5.140383e-05 3.407729e-05 -1.906597e-04
11621.362156 8.917685e-01 8.898118e-03 1.895994e-03 6.632157e-01 -4.615028e-05 -5.304584e-05 4.297753e-05 -1.992472e-04
11622.550922 8.920155e-01 8.936009e-03 1.930014e-03 6.613917e-01 -4.245658e-05 -6.100092e-05 3.652549e-05 -1.939431e-04
11623.751879 8.934326e-01 8.992647e-03 1.967688e-03 6.604064e-01 -4.541867e-05 -5.715099e-05 3.869266e-05 -1.949020e-04
11624.965029 8.911065e-01 8.963766e-03 1.963884e-03 6.571886e-01 -5.729386e-05 -5.260482e-05 4.367839e-05 -1.981648e-04
11626.190371 8.929743e-01 9.011659e-03 1.972787e-03 6.569148e-01 -6.161834e-05 -5.602037e-05 4.240620e-05 -1.941668e-04
11627.427904 8.889445e-01 8.992710e-03 1.992959e-03 6.513633e-01 -6.104510e-05 -5.249950e-05 4.643349e-05 -1.905649e-04
11628.677630 8.922559e-01 9.079658e-03 2.058305e-03 6.514846e-01 -6.384929e-05 -6.414709e-05 4.330066e-05 -1.924020e-04
11629.939547 8.909892e-01 9.083088e-03 2.098259e-03 6.504095e-01 -6.198075e-05 -5.877971e-05 4.521266e-05 -1.968263e-04
11631.213657 8.908541e-01 9.107235e-03 2.088718e-03 6.494377e-01 -6.555083e-05 -5.977374e-05 5.724665e-05 -1.890826e-04
11632.499958 8.907259e-01 9.122682e-03 2.095430e-03 6.489042e-01 -5.721298e-05 -5.646960e-05 5.033881e-05 -1.832690e-04
11633.798451 8.900588e-01 9.135356e-03 2.154895e-03 6.474160e-01 -4.749222e-05 -5.130424e-05 4.950011e-05 -1.792683e-04
11635.109136 8.920530e-01 9.183922e-03 2.170459e-03 6.475340e-01 -5.162146e-05 -4.680158e-05 4.611172e-05 -1.842512e-04
11636.432013 8.872186e-01 9.128938e-03 2.153233e-03 6.442786e-01 -5.944258e-05 -4.467859e-05 4.447227e-05 -1.868492e-04
11637.767082 8.854725e-01 9.102174e-03 2.191492e-03 6.440747e-01 -6.371929e-05 -5.043340e-05 4.029939e-05 -2.008672e-04
11639.114342 8.885669e-01 9.168534e-03 2.170166e-03 6.466593e-01 -6.000244e-05 -5.060834e-05 3.612111e-05 -2.115723e-04
11640.473795 8.885723e-01 9.213679e-03 2.214635e-03 6.466220e-01 -6.077037e-05 -4.496068e-05 3.766581e-05 -2.023700e-04
11641.845440 8.865485e-01 9.190303e-03 2.206772e-03 6.446067e-01 -4.948591e-05 -5.205616e-05 4.053121e-05 -1.928189e-04
11643.229276 8.895690e-01 9.252525e-03 2.323677e-03 6.458940e-01 -5.020847e-05 -5.828369e-05 4.044266e-05 -1.988332e-04
11644.625305 8.873667e-01 9.220420e-03 2.311257e-03 6.446928e-01 -4.670130e-05 -6.427149e-05 4.363777e-05 -2.037913e-04
11646.033525 8.853000e-01 9.209635e-03 2.322207e-03 6.434294e-01 -4.269807e-05 -6.275806e-05 4.147377e-05 -1.981992e-04
11647.453937 8.853612e-01 9.222818e-03 2.334015e-03 6.449189e-01 -4.151016e-05 -6.255122e-05 3.442300e-05 -1.934914e-04
11648.886541 8.844635e-01 9.220297e-03 2.269580e-03 6.451216e-01 -5.091434e-05 -5.516198e-05 3.775833e-05 -1.868886e-04
11650.331337 8.827305e-01 9.225876e-03 2.288845e-03 6.447343e-01 -5.089480e-05 -5.170037e-05 3.864124e-05 -1.964933e-04
11651.788325 8.845993e-01 9.258510e-03 2.305030e-03 6.466621e-01 -5.149434e-05 -4.901086e-05 4.301535e-05 -2.014708e-04
11653.257505 8.834630e-01 9.259336e-03 2.329257e-03 6.458912e-01 -5.233446e-05 -5.146095e-05 3.906426e-05 -1.983606e-04
11654.738877 8.861952e-01 9.319223e-03 2.267906e-03 6.457786e-01 -6.198305e-05 -4.981089e-05 3.382327e-05 -1.975065e-04
11656.232440 8.845995e-01 9.311744e-03 2.229146e-03 6.463500e-01 -6.542969e-05 -5.980908e-05 2.419325e-05 -1.942972e-04
11657.738196 8.848126e-01 9.332819e-03 2.186802e-03 6.481942e-01 -5.627592e-05 -5.503971e-05 2.082342e-05 -1.808268e-04
11659.256143 8.857028e-01 9.360105e-03 2.210275e-03 6.487141e-01 -4.647043e-05 -5.100726e-05 2.157848e-05 -1.674028e-04
11660.786283 8.844493e-01 9.363050e-03 2.193733e-03 6.480290e-01 -5.421218e-05 -5.161314e-05 2.322957e-05 -1.365130e-04
11662.328614 8.843281e-01 9.380107e-03 2.207464e-03 6.489676e-01 -5.334426e-05 -4.527455e-05 1.675594e-05 -1.417036e-04
11663.883137 8.838382e-01 9.374272e-03 2.197847e-03 6.481743e-01 -5.504750e-05 -4.304935e-05 3.054004e-05 -1.375509e-04
11665.449852 8.834998e-01 9.373948e-03 2.178444e-03 6.493859e-01 -5.097022e-05 -4.053374e-05 2.378985e-05 -1.402770e-04
11667.028759 8.838722e-01 9.384789e-03 2.181159e-03 6.509547e-01 -4.987633e-05 -4.066152e-05 2.523237e-05 -1.376409e-04
11668.619858 8.839894e-01 9.402044e-03 2.185581e-03 6.513518e-01 -4.321885e-05 -4.333169e-05 2.652009e-05 -1.386650e-04
11670.223149 8.805961e-01 9.379897e-03 2.195675e-03 6.492720e-01 -4.264349e-05 -3.638096e-05 2.973310e-05 -1.342595e-04
11671.838632 8.824399e-01 9.433102e-03 2.213186e-03 6.507515e-01 -4.822395e-05 -3.968665e-05 3.009706e-05 -1.352304e-04
11673.466307 8.812711e-01 9.415395e-03 2.219731e-03 6.505773e-01 -5.169409e-05 -4.616409e-05 2.033751e-05 -1.340501e-04
11675.106173 8.820093e-01 9.448485e-03 2.228440e-03 6.516533e-01 -5.314793e-05 -4.097533e-05 2.312977e-05 -1.226952e-04
11676.758232 8.803691e-01 9.452202e-03 2.230743e-03 6.514008e-01 -5.109436e-05 -4.215505e-05 3.128389e-05 -1.270227e-04
11678.422482 8.780831e-01 9.455157e-03 2.226773e-03 6.513106e-01 -4.925414e-05 -4.486422e-05 2.402731e-05 -1.313727e-04
11680.098924 8.762752e-01 9.436218e-03 2.233683e-03 6.492755e-01 -4.863251e-05 -4.813459e-05 2.331303e-05 -1.328573e-04
11681.787558 8.798790e-01 9.497961e-03 2.253697e-03 6.511958e-01 -3.801405e-05 -5.013158e-05 2.870727e-05 -1.266415e-04
11683.488385 8.793494e-01 9.512644e-03 2.240225e-03 6.527422e-01 -5.280271e-05 -5.163878e-05 2.834510e-05 -1.394050e-04
11685.201403 8.793497e-01 9.537414e-03 2.216959e-03 6.520856e-01 -4.362707e-05 -4.704179e-05 2.841290e-05 -1.416696e-04
11686.926613 8.786329e-01 9.547691e-03 2.208518e-03 6.532055e-01 -3.219658e-05 -4.775777e-05 1.484160e-05 -1.478426e-04
11688.664014 8.784992e-01 9.548497e-03 2.227166e-03 6.535435e-01 -3.640708e-05 -4.853339e-05 1.687404e-05 -1.499416e-04
11690.413608 8.762766e-01 9.561984e-03 2.223591e-03 6.503891e-01 -4.027383e-05 -4.230433e-05 2.737652e-05 -1.427073e-04
11692.175394 8.787810e-01 9.604438e-03 2.244678e-03 6.527407e-01 -3.848776e-05 -4.774960e-05 3.014498e-05 -1.525844e-04
11693.949371 8.767463e-01 9.595964e-03 2.274936e-03 6.527394e-01 -3.034500e-05 -5.446075e-05 3.162014e-05 -1.466347e-04
11695.735541 8.761243e-01 9.623639e-03 2.343217e-03 6.511299e-01 -3.052796e-05 -4.639868e-05 3.219536e-05 -1.386581e-04
11697.533902 8.768103e-01 9.641704e-03 2.355216e-03 6.497995e-01 -3.790819e-05 -4.284152e-05 3.344541e-05 -1.481093e-04
11699.344455 8.765389e-01 9.647333e-03 2.338610e-03 6.512107e-01 -4.011104e-05 -3.999740e-05 3.599360e-05 -1.497569e-04
11701.167201 8.732448e-01 9.639966e-03 2.356389e-03 6.488723e-01 -3.785323e-05 -4.313792e-05 3.747149e-05 -1.386443e-04
11703.002138 8.706085e-01 9.662248e-03 2.393591e-03 6.451959e-01 -4.235119e-05 -5.355481e-05 4.711050e-05 -1.287311e-04
11704.849267 8.733275e-01 9.704137e-03 2.429141e-03 6.482101e-01 -4.910478e-05 -5.192119e-05 3.876290e-05 -1.342638e-04
11706.708588 8.743950e-01 9.730344e-03 2.465872e-03 6.493142e-01 -4.576015e-05 -5.227127e-05 4.075881e-05 -1.343938e-04
11708.580100 8.730143e-01 9.744842e-03 2.470053e-03 6.468770e-01 -4.325833e-05 -4.704430e-05 3.538461e-05 -1.443713e-04
11710.463805 8.725973e-01 9.763370e-03 2.459220e-03 6.477012e-01 -4.012628e-05 -3.415097e-05 3.200804e-05 -1.379772e-04
11712.359702 8.733851e-01 9.780584e-03 2.492272e-03 6.481916e-01 -4.028741e-05 -3.675119e-05 4.095165e-05 -1.211747e-04
11714.267790 8.741818e-01 9.829386e-03 2.497576e-03 6.481457e-01 -3.798189e-05 -4.401409e-05 4.098646e-05 -1.199683e-04
11716.188071 8.714951e-01 9.816917e-03 2.473807e-03 6.456840e-01 -3.845087e-05 -3.459439e-05 4.479893e-05 -1.430400e-04
11718.120543 8.720472e-01 9.860136e-03 2.462026e-03 6.456816e-01 -4.099743e-05 -3.952336e-05 4.016746e-05 -1.439580e-04
11720.065207 8.710541e-01 9.895329e-03 2.447416e-03 6.437393e-01 -4.799369e-05 -3.667766e-05 3.344205e-05 -1.491710e-04
11722.022064 8.718954e-01 9.924110e-03 2.427153e-03 6.449191e-01 -5.444064e-05 -3.798725e-05 2.912866e-05 -1.504496e-04
11723.991112 8.696774e-01 9.889694e-03 2.411438e-03 6.449873e-01 -4.485516e-05 -4.698953e-05 4.343722e-05 -1.388487e-04
11725.972352 8.710750e-01 9.950219e-03 2.417144e-03 6.460485e-01 -3.681196e-05 -4.322875e-05 3.550587e-05 -1.328530e-04
11727.965784 8.694600e-01 9.936799e-03 2.434678e-03 6.431052e-01 -4.469905e-05 -4.306844e-05 3.429314e-05 -1.380939e-04
11729.971407 8.697558e-01 9.973468e-03 2.410913e-03 6.440882e-01 -5.247650e-05 -4.028642e-05 2.758834e-05 -1.369898e-04
11731.989223 8.643995e-01 9.917305e-03 2.393291e-03 6.403925e-01 -4.404973e-05 -5.283799e-05 3.631522e-05 -1.331503e-04
11734.019231 8.657436e-01 9.962661e-03 2.380887e-03 6.408991e-01 -3.981630e-05 -5.677685e-05 4.706711e-05 -1.270468e-04
11736.061430 8.663878e-01 9.987393e-03 2.400630e-03 6.436913e-01 -3.981915e-05 -5.595849e-05 2.550978e-05 -1.259216e-04
11738.115822 8.691577e-01 1.006329e-02 2.421269e-03 6.455569e-01 -4.162070e-05 -5.091201e-05 2.375611e-05 -1.326600e-04
11740.182405 8.665106e-01 1.004429e-02 2.409030e-03 6.440407e-01 -4.236573e-05 -4.605488e-05 2.203703e-05 -1.311079e-04
11742.261180 8.659460e-01 1.006009e-02 2.424392e-03 6.446233e-01 -5.318729e-05 -5.342054e-05 2.113602e-05 -1.509079e-04
11744.352148 8.653673e-01 1.006681e-02 2.437760e-03 6.437547e-01 -4.938070e-05 -5.479938e-05 3.959228e-05 -1.443347e-04
11746.455307 8.665953e-01 1.012117e-02 2.403941e-03 6.461274e-01 -4.866501e-05 -5.538309e-05 4.730507e-05 -1.346360e-04
11748.570658 8.643634e-01 1.011210e-02 2.450631e-03 6.442514e-01 -4.332806e-05 -5.121971e-05 3.937327e-05 -1.376005e-04
11750.698201 8.646740e-01 1.013149e-02 2.421028e-03 6.451362e-01 -4.464268e-05 -5.101845e-05 4.366946e-05 -1.402384e-04
11752.837935 8.646645e-01 1.014948e-02 2.424589e-03 6.452804e-01 -4.769080e-05 -5.303337e-05 3.538549e-05 -1.448863e-04
11754.989862 8.641913e-01 1.017744e-02 2.442363e-03 6.457832e-01 -5.136234e-05 -5.702269e-05 3.026924e-05 -1.434527e-04
11757.153981 8.632396e-01 1.018442e-02 2.447109e-03 6.452173e-01 -5.551858e-05 -5.706725e-05 3.211236e-05 -1.439280e-04
11759.330291 8.641412e-01 1.022673e-02 2.427525e-03 6.466942e-01 -4.620057e-05 -6.190547e-05 3.052115e-05 -1.454201e-04
11761.518794 8.634658e-01 1.025698e-02 2.550649e-03 6.477713e-01 -4.783165e-05 -4.450274e-05 3.059123e-05 -1.415230e-04
11763.719488 8.620790e-01 1.024794e-02 2.546133e-03 6.466474e-01 -4.539430e-05 -4.463969e-05 2.750175e-05 -1.457912e-04
11765.932374 8.620249e-01 1.027551e-02 2.565875e-03 6.468492e-01 -4.911169e-05 -5.226944e-05 2.954805e-05 -1.525089e-04
11768.157453 8.615181e-01 1.028494e-02 2.615320e-03 6.458608e-01 -6.062753e-05 -5.830722e-05 2.262392e-05 -1.506526e-04
11770.394723 8.536330e-01 1.019952e-02 2.606174e-03 6.420356e-01 -5.912339e-05 -6.271292e-05 2.930760e-05 -1.422693e-04
11772.644185 8.513188e-01 1.021842e-02 2.620037e-03 6.394120e-01 -5.814587e-05 -5.782468e-05 2.442592e-05 -1.506747e-04
11774.905838 8.571508e-01 1.031463e-02 2.632578e-03 6.432389e-01 -5.733579e-05 -5.759775e-05 3.037200e-05 -1.469055e-04
11777.179684 8.595332e-01 1.036229e-02 2.657309e-03 6.435722e-01 -5.092953e-05 -5.879119e-05 2.925447e-05 -1.448941e-04
11779.465722 8.589565e-01 1.038094e-02 2.699200e-03 6.447787e-01 -5.414951e-05 -6.013360e-05 2.573114e-05 -1.464039e-04
11781.763952 8.584126e-01 1.039367e-02 2.701150e-03 6.458197e-01 -5.105292e-05 -4.640088e-05 2.843182e-05 -1.398121e-04
11784.074373 8.576382e-01 1.040810e-02 2.705438e-03 6.434563e-01 -5.129503e-05 -4.972545e-05 2.552836e-05 -1.427318e-04
11786.396987 8.580848e-01 1.046126e-02 2.750533e-03 6.441921e-01 -5.045896e-05 -5.604667e-05 3.293662e-05 -1.429679e-04
11788.731792 8.569241e-01 1.046926e-02 2.753079e-03 6.428616e-01 -4.788394e-05 -6.093124e-05 4.795122e-05 -1.380029e-04
11791.078789 8.568997e-01 1.049462e-02 2.749766e-03 6.427203e-01 -4.665185e-05 -5.086647e-05 4.478854e-05 -1.524094e-04
11793.437978 8.552527e-01 1.050484e-02 2.744983e-03 6.429510e-01 -5.053820e-05 -4.249698e-05 3.743026e-05 -1.570375e-04
11795.809359 8.564025e-01 1.056251e-02 2.725251e-03 6.426605e-01 -4.863482e-05 -4.654501e-05 3.110150e-05 -1.517025e-04
11798.192932 8.555082e-01 1.057737e-02 2.740164e-03 6.433616e-01 -4.137974e-05 -5.313081e-05 2.896616e-05 -1.454817e-04
11800.588697 8.543535e-01 1.058885e-02 2.725148e-03 6.426302e-01 -3.861650e-05 -4.948363e-05 3.051315e-05 -1.463755e-04
11802.996654 8.535169e-01 1.059327e-02 2.673772e-03 6.432932e-01 -4.214550e-05 -4.600062e-05 2.728351e-05 -1.524586e-04
11805.416803 8.536537e-01 1.062288e-02 2.674322e-03 6.437158e-01 -4.175564e-05 -4.594107e-05 2.268898e-05 -1.451820e-04
11807.849143 8.529351e-01 1.066439e-02 2.652985e-03 6.428137e-01 -4.434255e-05 -4.233258e-05 3.485330e-05 -1.302337e-04
11810.293676 8.528794e-01 1.069959e-02 2.676530e-03 6.436285e-01 -4.025634e-05 -4.666108e-05 3.380078e-05 -1.418810e-04
11812.750400 8.525678e-01 1.070802e-02 2.603988e-03 6.427525e-01 -4.728594e-05 -4.666133e-05 3.153596e-05 -1.427077e-04
11815.219317 8.501660e-01 1.069607e-02 2.605366e-03 6.411019e-01 -5.204836e-05 -4.658165e-05 3.031221e-05 -1.350553e-04
11817.700425 8.505943e-01 1.072148e-02 2.615529e-03 6.412076e-01 -5.064099e-05 -5.007515e-05 3.590117e-05 -1.322483e-04
11820.193725 8.513314e-01 1.076573e-02 2.658460e-03 6.417581e-01 -4.791590e-05 -5.506745e-05 3.793708e-05 -1.320345e-04
11822.699217 8.514097e-01 1.080923e-02 2.695306e-03 6.425863e-01 -4.829091e-05 -5.643084e-05 4.291296e-05 -1.399684e-04
11825.216901 8.483696e-01 1.080563e-02 2.685066e-03 6.400309e-01 -4.932552e-05 -5.329734e-05 3.264791e-05 -1.442378e-04
11827.746777 8.474165e-01 1.081152e-02 2.713772e-03 6.403095e-01 -4.997834e-05 -5.819627e-05 3.562814e-05 -1.457328e-04
11830.288845 8.472354e-01 1.082896e-02 2.747885e-03 6.402104e-01 -5.116791e-05 -5.997729e-05 4.018217e-05 -1.400658e-04
11832.843105 8.489869e-01 1.090314e-02 2.799466e-03 6.410480e-01 -4.986431e-05 -6.891625e-05 3.407490e-05 -1.478935e-04
11835.409556 8.468467e-01 1.089173e-02 2.849060e-03 6.387912e-01 -4.924525e-05 -6.370713e-05 3.327710e-05 -1.512404e-04
11837.988200 8.471443e-01 1.094147e-02 2.877586e-03 6.389694e-01 -4.398175e-05 -6.018878e-05 3.757386e-05 -1.486703e-04
11840.579035 8.457826e-01 1.094551e-02 2.896353e-03 6.395784e-01 -4.430067e-05 -5.360880e-05 4.077496e-05 -1.534607e-04
11843.182062 8.453166e-01 1.098593e-02 2.932041e-03 6.384050e-01 -4.199923e-05 -5.835935e-05 3.133043e-05 -1.446525e-04
11845.797282 8.429784e-01 1.098989e-02 2.929849e-03 6.375481e-01 -4.517584e-05 -5.370769e-05 3.900928e-05 -1.496243e-04
11848.424693 8.427892e-01 1.100622e-02 2.969370e-03 6.369400e-01 -5.414873e-05 -4.538996e-05 4.578180e-05 -1.394166e-04
11851.064296 8.428150e-01 1.103075e-02 2.925072e-03 6.363458e-01 -4.546767e-05 -4.904690e-05 3.828637e-05 -1.332582e-04
11853.716091 8.430205e-01 1.107334e-02 2.948175e-03 6.371642e-01 -3.504622e-05 -4.452373e-05 4.574383e-05 -1.365134e-04
11856.380078 8.423607e-01 1.110368e-02 2.992086e-03 6.381916e-01 -3.657684e-05 -4.719975e-05 3.953755e-05 -1.367137e-04
11859.056256 8.426746e-01 1.114367e-02 3.000350e-03 6.382532e-01 -4.110050e-05 -4.360657e-05 3.245039e-05 -1.429962e-04
11861.744627 8.375594e-01 1.109790e-02 2.980150e-03 6.346833e-01 -4.715410e-05 -4.376473e-05 3.019763e-05 -1.526458e-04
11864.445190 8.367528e-01 1.111000e-02 2.980931e-03 6.350984e-01 -5.850153e-05 -5.025543e-05 4.140439e-05 -1.526102e-04
11867.157944 8.393764e-01 1.118572e-02 3.034537e-03 6.370053e-01 -5.186528e-05 -4.679424e-05 5.061986e-05 -1.447266e-04
11869.882891 8.376286e-01 1.119979e-02 3.026060e-03 6.360696e-01 -5.741466e-05 -4.158388e-05 5.305703e-05 -1.417470e-04
11872.620029 8.376217e-01 1.123614e-02 3.036716e-03 6.358690e-01 -6.448508e-05 -5.664984e-05 4.517139e-05 -1.498704e-04
11875.369359 8.376959e-01 1.128301e-02 3.035768e-03 6.365372e-01 -6.783590e-05 -6.052499e-05 3.869748e-05 -1.579349e-04
11878.130881 8.374636e-01 1.130347e-02 3.012553e-03 6.367519e-01 -6.710935e-05 -5.722851e-05 4.286534e-05 -1.511319e-04
11880.904595 8.293269e-01 1.121410e-02 2.968454e-03 6.316252e-01 -5.419258e-05 -6.291471e-05 4.591270e-05 -1.489535e-04
11883.690501 8.306186e-01 1.126151e-02 2.985360e-03 6.334414e-01 -5.276425e-05 -6.586557e-05 4.485928e-05 -1.453364e-04
11886.488599 8.354062e-01 1.137085e-02 3.003297e-03 6.356977e-01 -6.063498e-05 -6.436777e-05 4.519155e-05 -1.297238e-04
11889.298889 8.366562e-01 1.143487e-02 3.002811e-03 6.377977e-01 -6.039164e-05 -5.639827e-05 4.308261e-05 -1.404725e-04
11892.121371 8.352457e-01 1.143716e-02 3.002094e-03 6.368428e-01 -4.975025e-05 -5.315861e-05 3.851550e-05 -1.487775e-04
11894.956044 8.335434e-01 1.145225e-02 2.984998e-03 6.356209e-01 -5.462609e-05 -5.502429e-05 3.943476e-05 -1.489658e-04
11897.802910 8.345605e-01 1.150528e-02 3.041474e-03 6.366734e-01 -5.379216e-05 -5.163563e-05 4.078250e-05 -1.400544e-04
11900.661967 8.337871e-01 1.153310e-02 3.044624e-03 6.373465e-01 -5.440301e-05 -3.481990e-05 4.073773e-05 -1.419881e-04
11903.533217 8.324908e-01 1.154201e-02 3.016402e-03 6.362100e-01 -6.622479e-05 -3.037084e-05 4.237983e-05 -1.406222e-04
11906.416658 8.325393e-01 1.156540e-02 3.093476e-03 6.356641e-01 -6.872754e-05 -4.428112e-05 4.508975e-05 -1.470301e-04
11909.312291 8.319582e-01 1.160035e-02 3.115721e-03 6.365788e-01 -6.190874e-05 -4.879774e-05 3.267661e-05 -1.463480e-04
11912.220116 8.300176e-01 1.160926e-02 3.149642e-03 6.353848e-01 -6.326185e-05 -5.132339e-05 3.730270e-05 -1.532812e-04
11915.140133 8.303450e-01 1.165920e-02 3.213794e-03 6.351933e-01 -6.840153e-05 -4.657863e-05 3.583091e-05 -1.588030e-04
11918.072342 8.301973e-01 1.170329e-02 3.221842e-03 6.356972e-01 -5.747752e-05 -4.687039e-05 2.697912e-05 -1.546639e-04
11921.016743 8.287997e-01 1.172096e-02 3.262026e-03 6.339086e-01 -5.904649e-05 -5.253423e-05 2.540603e-05 -1.466667e-04
11923.973335 8.298439e-01 1.178550e-02 3.307001e-03 6.356368e-01 -6.103409e-05 -5.952091e-05 2.638315e-05 -1.508264e-04
11926.942120 8.285711e-01 1.179043e-02 3.272181e-03 6.339556e-01 -5.966204e-05 -6.889626e-05 2.709013e-05 -1.500261e-04
11929.923096 8.276860e-01 1.181568e-02 3.303015e-03 6.343777e-01 -6.173081e-05 -7.038657e-05 4.147605e-05 -1.486689e-04
11932.916265 8.265617e-01 1.183850e-02 3.286513e-03 6.339894e-01 -6.116983e-05 -6.291565e-05 3.786389e-05 -1.356980e-04
11935.921625 8.174833e-01 1.174409e-02 3.262460e-03 6.271386e-01 -6.230565e-05 -5.177591e-05 3.439447e-05 -1.367663e-04
11938.939177 8.210388e-01 1.183024e-02 3.301686e-03 6.296637e-01 -6.437202e-05 -5.302891e-05 3.359126e-05 -1.455403e-04
11941.968921 8.246072e-01 1.192697e-02 3.318051e-03 6.326283e-01 -6.520676e-05 -5.813266e-05 3.512648e-05 -1.328693e-04
11945.010858 8.239318e-01 1.195102e-02 3.320573e-03 6.319339e-01 -5.856826e-05 -5.614921e-05 3.904541e-05 -1.419707e-04
11948.064985 8.241788e-01 1.199311e-02 3.348306e-03 6.323706e-01 -5.185519e-05 -5.541781e-05 3.526716e-05 -1.405796e-04
11951.131305 8.234565e-01 1.204224e-02 3.386048e-03 6.319658e-01 -5.468064e-05 -5.115822e-05 3.854423e-05 -1.469470e-04
11954.209817 8.228409e-01 1.206414e-02 3.427214e-03 6.335320e-01 -4.800558e-05 -5.764079e-05 2.930376e-05 -1.485665e-04
11957.300521 8.217029e-01 1.207297e-02 3.427671e-03 6.320070e-01 -4.414138e-05 -5.238760e-05 4.443101e-05 -1.377729e-04
11960.403416 8.217065e-01 1.213106e-02 3.403745e-03 6.315426e-01 -3.705239e-05 -5.195797e-05 4.746058e-05 -1.393049e-04
11963.518504 8.199175e-01 1.212267e-02 3.402458e-03 6.304236e-01 -3.896021e-05 -4.822423e-05 4.275952e-05 -1.315650e-04
11966.645783 8.191167e-01 1.214631e-02 3.422205e-03 6.296747e-01 -3.186057e-05 -4.596286e-05 3.349051e-05 -1.341482e-04
11969.785255 8.198505e-01 1.221459e-02 3.444154e-03 6.322315e-01 -3.342963e-05 -4.643154e-05 3.604993e-05 -1.437159e-04
11972.936918 8.185970e-01 1.224224e-02 3.444063e-03 6.320613e-01 -3.861703e-05 -4.883070e-05 4.719349e-05 -1.454762e-04
11976.100773 8.182245e-01 1.227838e-02 3.424777e-03 6.309902e-01 -3.899698e-05 -4.429289e-05 4.527717e-05 -1.434215e-04
11979.276820 8.174123e-01 1.231519e-02 3.411309e-03 6.306307e-01 -4.889339e-05 -4.742575e-05 4.893052e-05 -1.490012e-04
11982.465059 8.164064e-01 1.232688e-02 3.426577e-03 6.297262e-01 -5.221918e-05 -5.580093e-05 5.413614e-05 -1.457742e-04
11985.665490 8.157907e-01 1.236861e-02 3.444578e-03 6.300774e-01 -4.368614e-05 -5.592992e-05 5.608547e-05 -1.383258e-04
11988.878112 8.147418e-01 1.240587e-02 3.463618e-03 6.291421e-01 -3.702721e-05 -6.154238e-05 4.574297e-05 -1.474761e-04
11992.102927 8.153308e-01 1.246199e-02 3.489891e-03 6.299341e-01 -3.442347e-05 -6.090816e-05 5.129441e-05 -1.584019e-04
11995.339934 8.146687e-01 1.248106e-02 3.502483e-03 6.301574e-01 -2.911742e-05 -6.042277e-05 3.603497e-05 -1.536676e-04
11998.589132 8.127128e-01 1.250487e-02 3.535117e-03 6.281458e-01 -2.595859e-05 -4.914457e-05 3.342176e-05 -1.512520e-04
12001.850523 8.130025e-01 1.254621e-02 3.536270e-03 6.285622e-01 -2.744061e-05 -4.424964e-05 4.014465e-05 -1.573064e-04
12005.124105 8.124702e-01 1.258238e-02 3.588565e-03 6.284256e-01 -2.406768e-05 -4.004265e-05 3.316285e-05 -1.522281e-04
12008.409879 8.110076e-01 1.258671e-02 3.617997e-03 6.274788e-01 -3.372564e-05 -4.577718e-05 3.375453e-05 -1.462305e-04
12011.707845 8.109102e-01 1.262745e-02 3.711048e-03 6.271316e-01 -3.688509e-05 -4.841755e-05 2.789253e-05 -1.463215e-04
12015.018003 8.101261e-01 1.266516e-02 3.722649e-03 6.282147e-01 -2.696967e-05 -5.324358e-05 3.716577e-05 -1.471122e-04
12018.340353 8.088963e-01 1.269931e-02 3.781447e-03 6.274685e-01 -2.222722e-05 -5.705694e-05 4.001217e-05 -1.416390e-04
12021.674895 8.093943e-01 1.275163e-02 3.784387e-03 6.273417e-01 -3.404047e-05 -6.123186e-05 4.661062e-05 -1.452927e-04
12025.021629 8.082756e-01 1.277057e-02 3.816655e-03 6.271344e-01 -3.804139e-05 -4.996230e-05 5.325451e-05 -1.448227e-04
12028.380554 8.081507e-01 1.283095e-02 3.812146e-03 6.269690e-01 -3.685332e-05 -5.753493e-05 4.692211e-05 -1.509834e-04
12031.751672 8.065390e-01 1.284314e-02 3.810337e-03 6.265250e-01 -4.335068e-05 -5.948251e-05 4.409786e-05 -1.487388e-04
12035.134982 8.061783e-01 1.285992e-02 3.826539e-03 6.271757e-01 -4.151974e-05 -5.536522e-05 4.812560e-05 -1.524515e-04
12038.530483 8.059908e-01 1.292513e-02 3.867722e-03 6.268876e-01 -4.528316e-05 -6.369340e-05 5.448802e-05 -1.503531e-04
12041.938176 8.032591e-01 1.292116e-02 3.843989e-03 6.245296e-01 -4.481488e-05 -6.538258e-05 4.413445e-05 -1.448455e-04
12045.358061 7.963476e-01 1.285369e-02 3.844490e-03 6.199149e-01 -4.091069e-05 -6.846028e-05 3.661448e-05 -1.417728e-04
12048.790139 7.937785e-01 1.286509e-02 3.864907e-03 6.175936e-01 -4.541730e-05 -5.559430e-05 4.204447e-05 -1.446660e-04
12052.234408 8.015002e-01 1.303905e-02 3.878851e-03 6.255495e-01 -4.945371e-05 -5.274106e-05 4.005392e-05 -1.500943e-04
12055.690868 8.014197e-01 1.308978e-02 3.883449e-03 6.249328e-01 -5.624453e-05 -4.331724e-05 4.318189e-05 -1.470762e-04
12059.159521 8.014341e-01 1.313351e-02 3.892623e-03 6.244855e-01 -5.173017e-05 -4.038835e-05 3.886236e-05 -1.451435e-04
12062.640366 7.997671e-01 1.316460e-02 3.911491e-03 6.235274e-01 -5.008237e-05 -4.154853e-05 3.914797e-05 -1.409433e-04
12066.133403 8.000341e-01 1.321000e-02 3.952776e-03 6.249202e-01 -4.475061e-05 -4.633547e-05 2.994771e-05 -1.540250e-04
12069.638631 7.996176e-01 1.326248e-02 3.946074e-03 6.244166e-01 -4.081556e-05 -5.253696e-05 3.552284e-05 -1.427328e-04
12073.156052 7.980457e-01 1.327306e-02 3.981367e-03 6.238547e-01 -4.109821e-05 -5.707094e-05 3.490953e-05 -1.378231e-04
12076.685664 7.974156e-01 1.332403e-02 4.005334e-03 6.236203e-01 -4.243829e-05 -6.601812e-05 2.928911e-05 -1.462054e-04
12080.227468 7.975533e-01 1.335990e-02 4.011199e-03 6.229532e-01 -3.099202e-05 -6.245011e-05 2.961445e-05 -1.394989e-04
12083.781465 7.949250e-01 1.337471e-02 3.978953e-03 6.227012e-01 -3.198381e-05 -5.731348e-05 3.984334e-05 -1.359287e-04
12087.347653 7.933133e-01 1.340949e-02 4.020795e-03 6.208545e-01 -3.291887e-05 -5.983015e-05 4.271226e-05 -1.355576e-04
12090.926033 7.948858e-01 1.348925e-02 4.083083e-03 6.227120e-01 -4.053055e-05 -5.908957e-05 4.895011e-05 -1.366344e-04
12094.516605 7.940861e-01 1.352293e-02 4.093351e-03 6.230699e-01 -4.430171e-05 -6.090696e-05 5.086076e-05 -1.310367e-04
12098.119369 7.940104e-01 1.356722e-02 4.152203e-03 6.218094e-01 -3.767381e-05 -5.893329e-05 3.508297e-05 -1.334054e-04
12101.734324 7.925751e-01 1.358988e-02 4.154037e-03 6.209815e-01 -3.591748e-05 -5.422458e-05 3.902528e-05 -1.301146e-04
12105.361472 7.928467e-01 1.365583e-02 4.206779e-03 6.207142e-01 -4.349190e-05 -5.039081e-05 3.959557e-05 -1.392198e-04
12109.000811 7.913981e-01 1.366985e-02 4.241971e-03 6.211207e-01 -4.521777e-05 -5.159811e-05 3.727413e-05 -1.399861e-04
12112.652343 7.906256e-01 1.369315e-02 4.253039e-03 6.204301e-01 -4.841258e-05 -5.171478e-05 3.043262e-05 -1.497310e-04
12116.316066 7.899265e-01 1.376324e-02 4.326258e-03 6.204807e-01 -4.744595e-05 -5.561914e-05 3.989129e-05 -1.465761e-04
12119.991982 7.891490e-01 1.380182e-02 4.338018e-03 6.183044e-01 -4.294483e-05 -5.362787e-05 5.552264e-05 -1.402397e-04
12123.680089 7.882324e-01 1.382436e-02 4.352649e-03 6.183986e-01 -4.898911e-05 -5.063620e-05 5.169101e-05 -1.344796e-04
12127.380388 7.881808e-01 1.390235e-02 4.403701e-03 6.197194e-01 -4.764817e-05 -5.035511e-05 5.206805e-05 -1.331879e-04
12131.092879 7.861990e-01 1.389872e-02 4.413822e-03 6.182488e-01 -4.533453e-05 -5.688202e-05 5.100317e-05 -1.421724e-04
12134.817562 7.861129e-01 1.395629e-02 4.440320e-03 6.175648e-01 -4.142597e-05 -5.244663e-05 4.417202e-05 -1.364352e-04
12138.554437 7.849600e-01 1.397707e-02 4.456652e-03 6.174448e-01 -4.101140e-05 -5.093063e-05 4.909744e-05 -1.388212e-04
12142.303503 7.847178e-01 1.403184e-02 4.489761e-03 6.184008e-01 -4.067217e-05 -5.108024e-05 6.016967e-05 -1.503660e-04
12146.064762 7.825750e-01 1.403934e-02 4.500211e-03 6.159797e-01 -3.497378e-05 -4.070305e-05 4.796880e-05 -1.482341e-04
12149.838213 7.816314e-01 1.406751e-02 4.501218e-03 6.156055e-01 -3.700306e-05 -4.735160e-05 4.508477e-05 -1.487323e-04
12153.623855 7.832065e-01 1.416515e-02 4.566858e-03 6.170433e-01 -4.501092e-05 -5.366781e-05 5.475079e-05 -1.410962e-04
12157.421689 7.800007e-01 1.414533e-02 4.506434e-03 6.160139e-01 -4.517048e-05 -5.363609e-05 4.330989e-05 -1.305338e-04
12161.231716 7.807898e-01 1.424434e-02 4.528004e-03 6.154546e-01 -4.745508e-05 -5.288242e-05 4.904655e-05 -1.232148e-04
12165.053934 7.796340e-01 1.427024e-02 4.574490e-03 6.155950e-01 -5.474590e-05 -5.202962e-05 4.755513e-05 -1.251855e-04
12168.888344 7.790800e-01 1.430640e-02 4.572427e-03 6.156815e-01 -4.829337e-05 -5.417155e-05 3.722381e-05 -1.279383e-04
12172.734946 7.792934e-01 1.437550e-02 4.609909e-03 6.168558e-01 -4.615703e-05 -4.748095e-05 4.267946e-05 -1.396394e-04
12176.593740 7.771074e-01 1.439640e-02 4.665082e-03 6.148832e-01 -4.226150e-05 -4.999679e-05 4.481858e-05 -1.347598e-04
12180.464726 7.767240e-01 1.444052e-02 4.657893e-03 6.151149e-01 -4.847663e-05 -5.045042e-05 4.990771e-05 -1.327039e-04
12184.347903 7.763730e-01 1.448850e-02 4.666117e-03 6.136250e-01 -4.382900e-05 -4.933843e-05 4.349079e-05 -1.238009e-04
12188.243273 7.745893e-01 1.449899e-02 4.679167e-03 6.128795e-01 -4.635337e-05 -5.095215e-05 4.239754e-05 -1.156369e-04
12192.150835 7.749175e-01 1.457540e-02 4.649237e-03 6.140437e-01 -3.512177e-05 -5.111097e-05 4.493098e-05 -1.128260e-04
12196.070588 7.730918e-01 1.459929e-02 4.714130e-03 6.125465e-01 -3.824709e-05 -4.418857e-05 4.906198e-05 -1.204773e-04
12200.002533 7.728655e-01 1.466102e-02 4.741285e-03 6.131318e-01 -3.678837e-05 -4.479080e-05 4.896697e-05 -1.185339e-04
12203.946671 7.714641e-01 1.468657e-02 4.762311e-03 6.121512e-01 -3.082063e-05 -4.332114e-05 4.319621e-05 -1.209408e-04
12207.903000 7.707478e-01 1.471984e-02 4.807925e-03 6.107012e-01 -3.081198e-05 -3.920045e-05 4.538722e-05 -1.282056e-04
12211.871521 7.714639e-01 1.480502e-02 4.881034e-03 6.127409e-01 -3.478350e-05 -3.607384e-05 4.560547e-05 -1.353044e-04
12215.852234 7.701814e-01 1.484125e-02 4.898032e-03 6.112109e-01 -4.396347e-05 -3.795331e-05 4.494176e-05 -1.426409e-04
12219.845139 7.688778e-01 1.488694e-02 4.936998e-03 6.111494e-01 -4.278227e-05 -3.412383e-05 5.589333e-05 -1.470229e-04
12223.850236 7.680426e-01 1.492708e-02 4.952414e-03 6.109981e-01 -4.106572e-05 -3.195683e-05 5.843887e-05 -1.391756e-04
12227.867524 7.587698e-01 1.478811e-02 4.916942e-03 6.040533e-01 -4.318350e-05 -3.386256e-05 6.031812e-05 -1.464987e-04
12231.897005 7.497595e-01 1.469145e-02 4.934890e-03 5.967144e-01 -5.218006e-05 -3.708800e-05 5.365314e-05 -1.384387e-04
12235.938678 7.635913e-01 1.502963e-02 5.058987e-03 6.075729e-01 -4.884886e-05 -3.833014e-05 4.657788e-05 -1.354986e-04
12239.992542 7.640865e-01 1.510113e-02 5.098572e-03 6.074855e-01 -4.345367e-05 -4.107984e-05 5.181587e-05 -1.353073e-04
12244.058598 7.636427e-01 1.515551e-02 5.158196e-03 6.081472e-01 -4.300261e-05 -3.412604e-05 3.897643e-05 -1.446898e-04
12248.136847 7.620836e-01 1.519190e-02 5.144738e-03 6.065840e-01 -3.764265e-05 -3.168872e-05 3.815572e-05 -1.412304e-04
12252.227287 7.606873e-01 1.523879e-02 5.199362e-03 6.056020e-01 -4.509377e-05 -3.816498e-05 3.144543e-05 -1.354926e-04
12256.329919 7.604516e-01 1.529374e-02 5.226372e-03 6.075901e-01 -4.170563e-05 -5.326316e-05 4.037027e-05 -1.355916e-04
12260.444743 7.612118e-01 1.537146e-02 5.298715e-03 6.079383e-01 -3.842134e-05 -4.984644e-05 3.706243e-05 -1.439925e-04
12264.571759 7.597020e-01 1.538759e-02 5.325735e-03 6.072833e-01 -4.046997e-05 -3.769655e-05 3.706672e-05 -1.475560e-04
12268.710967 7.591162e-01 1.543320e-02 5.364228e-03 6.068142e-01 -3.902505e-05 -2.225243e-05 3.943071e-05 -1.567247e-04
12272.862366 7.579645e-01 1.546446e-02 5.388321e-03 6.053918e-01 -4.306974e-05 -1.486620e-05 3.727550e-05 -1.521502e-04
12277.025958 7.573076e-01 1.552097e-02 5.392168e-03 6.051325e-01 -5.547046e-05 -1.750441e-05 4.121091e-05 -1.537451e-04
12281.201742 7.564891e-01 1.557321e-02 5.406032e-03 6.043502e-01 -6.387087e-05 -2.835108e-05 4.383662e-05 -1.506525e-04
12285.389717 7.553787e-01 1.560681e-02 5.409176e-03 6.047032e-01 -4.765711e-05 -3.126482e-05 4.431470e-05 -1.547822e-04
12289.589884 7.552066e-01 1.566630e-02 5.413939e-03 6.052370e-01 -4.922721e-05 -3.297333e-05 4.057327e-05 -1.431005e-04
12293.802244 7.541201e-01 1.572022e-02 5.456255e-03 6.045827e-01 -5.010860e-05 -3.187145e-05 4.360939e-05 -1.446649e-04
12298.026795 7.523655e-01 1.574549e-02 5.488800e-03 6.034515e-01 -4.175950e-05 -2.928250e-05 5.295688e-05 -1.491354e-04
12302.263538 7.520376e-01 1.582129e-02 5.508955e-03 6.032649e-01 -3.836551e-05 -3.872832e-05 4.622807e-05 -1.460980e-04
12306.512473 7.518975e-01 1.586177e-02 5.521104e-03 6.035700e-01 -4.315159e-05 -3.831086e-05 3.686872e-05 -1.423036e-04
12310.773600 7.519008e-01 1.593696e-02 5.597936e-03 6.032435e-01 -4.392224e-05 -4.210980e-05 3.594634e-05 -1.414576e-04
12315.046919 7.506126e-01 1.597080e-02 5.615675e-03 6.023771e-01 -6.021863e-05 -3.979688e-05 3.647447e-05 -1.364454e-04
12319.332429 7.476011e-01 1.597022e-02 5.609450e-03 6.010571e-01 -5.679035e-05 -3.468173e-05 3.970931e-05 -1.363371e-04
12323.630132 7.319667e-01 1.572526e-02 5.544653e-03 5.897306e-01 -5.294248e-05 -2.696561e-05 3.362114e-05 -1.346012e-04
12327.940026 7.411385e-01 1.595309e-02 5.658136e-03 5.968795e-01 -5.108996e-05 -3.275210e-05 3.710417e-05 -1.354186e-04
12332.262113 7.462438e-01 1.614832e-02 5.759263e-03 6.011852e-01 -4.343529e-05 -3.368559e-05 2.852559e-05 -1.403581e-04
12336.596391 7.460281e-01 1.621422e-02 5.817932e-03 6.016953e-01 -3.854383e-05 -4.128954e-05 2.827258e-05 -1.369579e-04
12340.942861 7.454960e-01 1.626526e-02 5.889669e-03 6.016720e-01 -3.968809e-05 -4.614298e-05 2.520957e-05 -1.394790e-04
12345.301524 7.439520e-01 1.630202e-02 5.900833e-03 5.995294e-01 -3.733193e-05 -3.677628e-05 2.571665e-05 -1.420184e-04
12349.672378 7.426688e-01 1.635877e-02 5.960235e-03 5.996766e-01 -4.590321e-05 -3.175871e-05 3.662597e-05 -1.436700e-04
12354.055424 7.431743e-01 1.643151e-02 6.003088e-03 5.999110e-01 -3.140043e-05 -3.398879e-05 4.550918e-05 -1.433838e-04
12358.450662 7.416672e-01 1.645740e-02 6.024851e-03 5.985069e-01 -2.029359e-05 -2.618466e-05 3.370941e-05 -1.441128e-04
12362.858091 7.409454e-01 1.650509e-02 6.077620e-03 5.991172e-01 -3.968843e-05 -3.101862e-05 2.219473e-05 -1.470979e-04
12367.277713 7.404509e-01 1.657265e-02 6.115218e-03 5.984029e-01 -5.438864e-05 -3.577906e-05 2.766153e-05 -1.433567e-04
12371.709527 7.370026e-01 1.655827e-02 6.145900e-03 5.969725e-01 -5.572069e-05 -2.923467e-05 2.197232e-05 -1.426906e-04
12376.153532 7.338576e-01 1.656844e-02 6.188251e-03 5.936566e-01 -5.277286e-05 -2.627799e-05 2.108749e-05 -1.479939e-04
12380.609730 7.389119e-01 1.674712e-02 6.253890e-03 5.973923e-01 -4.548800e-05 -4.045425e-05 1.738782e-05 -1.371946e-04
12385.078119 7.377228e-01 1.679958e-02 6.283038e-03 5.971721e-01 -4.100618e-05 -4.537424e-05 1.500125e-05 -1.344836e-04
12389.558700 7.370300e-01 1.687223e-02 6.302348e-03 5.975631e-01 -4.616811e-05 -4.894281e-05 1.674080e-05 -1.251232e-04
12394.051473 7.362485e-01 1.692395e-02 6.370689e-03 5.974933e-01 -4.376191e-05 -5.029362e-05 2.118092e-05 -1.291463e-04
12398.556438 7.353546e-01 1.697193e-02 6.409723e-03 5.970363e-01 -4.488711e-05 -4.766333e-05 1.594307e-05 -1.259180e-04
12403.073595 7.343311e-01 1.705304e-02 6.440536e-03 5.959937e-01 -5.474997e-05 -5.172137e-05 1.468132e-05 -1.277199e-04
12407.602944 7.328958e-01 1.707685e-02 6.477007e-03 5.951474e-01 -5.499307e-05 -5.685684e-05 1.857465e-05 -1.305667e-04
12412.144485 7.323286e-01 1.712178e-02 6.513785e-03 5.947709e-01 -5.210848e-05 -5.055502e-05 1.475978e-05 -1.367620e-04
12416.698218 7.308093e-01 1.715764e-02 6.502186e-03 5.938249e-01 -4.790013e-05 -4.502297e-05 2.280447e-05 -1.412142e-04
12421.264142 7.304773e-01 1.722225e-02 6.523274e-03 5.939559e-01 -4.827172e-05 -4.320884e-05 3.122680e-05 -1.338147e-04
12425.842259 7.292002e-01 1.727444e-02 6.547271e-03 5.931910e-01 -5.191597e-05 -4.349141e-05 3.688006e-05 -1.315047e-04
12430.432567 7.270330e-01 1.730863e-02 6.573509e-03 5.918887e-01 -5.003934e-05 -4.643163e-05 3.825072e-05 -1.289881e-04
12435.035068 7.268914e-01 1.737716e-02 6.632480e-03 5.926575e-01 -4.555136e-05 -4.220743e-05 3.209781e-05 -1.383311e-04
12439.649760 7.266952e-01 1.745236e-02 6.671378e-03 5.932062e-01 -4.719860e-05 -4.019358e-05 4.173223e-05 -1.484747e-04
12444.276644 7.262162e-01 1.750532e-02 6.731658e-03 5.927241e-01 -4.530330e-05 -4.613850e-05 4.490193e-05 -1.526106e-04
12448.915720 7.249337e-01 1.754988e-02 6.778386e-03 5.918234e-01 -5.283943e-05 -5.619202e-05 4.058348e-05 -1.427381e-04
12453.566988 7.245924e-01 1.763250e-02 6.790111e-03 5.918059e-01 -5.128532e-05 -5.671675e-05 2.971093e-05 -1.335496e-04
12458.230448 7.241608e-01 1.769660e-02 6.841439e-03 5.918204e-01 -5.054856e-05 -5.046240e-05 3.294222e-05 -1.370094e-04
12462.906100 7.227517e-01 1.773148e-02 6.875797e-03 5.906603e-01 -5.175403e-05 -5.250461e-05 3.617281e-05 -1.278856e-04
12467.593943 7.230549e-01 1.784351e-02 6.969244e-03 5.911001e-01 -4.790433e-05 -5.845435e-05 4.510342e-05 -1.272059e-04
12472.293979 7.229683e-01 1.791443e-02 7.026660e-03 5.918103e-01 -4.933032e-05 -4.906783e-05 4.983678e-05 -1.519648e-04
12477.006206 7.225907e-01 1.798854e-02 7.081059e-03 5.922542e-01 -4.779625e-05 -4.431720e-05 3.961623e-05 -1.507420e-04
12481.730626 7.217304e-01 1.803900e-02 7.141762e-03 5.917374e-01 -3.812641e-05 -4.432955e-05 4.180173e-05 -1.466201e-04
12486.467237 7.204665e-01 1.808471e-02 7.188728e-03 5.905203e-01 -3.902302e-05 -4.413265e-05 4.890474e-05 -1.413766e-04
12491.216040 7.194786e-01 1.815227e-02 7.266787e-03 5.900879e-01 -4.459028e-05 -4.052794e-05 4.971598e-05 -1.542453e-04
12495.977036 7.197297e-01 1.825102e-02 7.314951e-03 5.910021e-01 -4.499533e-05 -3.768996e-05 4.977287e-05 -1.499626e-04
12500.750223 7.189161e-01 1.831576e-02 7.387438e-03 5.905100e-01 -4.907147e-05 -4.951467e-05 5.036564e-05 -1.377427e-04
12505.535602 7.181704e-01 1.837505e-02 7.438645e-03 5.905693e-01 -5.260702e-05 -5.337289e-05 5.011801e-05 -1.421221e-04
12510.333172 7.175766e-01 1.844092e-02 7.493284e-03 5.902530e-01 -5.881422e-05 -4.843253e-05 5.658825e-05 -1.456050e-04
12515.142935 7.165385e-01 1.848661e-02 7.541194e-03 5.900873e-01 -5.524733e-05 -5.367485e-05 5.009374e-05 -1.446555e-04
12519.964890 7.154212e-01 1.853136e-02 7.580485e-03 5.893303e-01 -5.505452e-05 -5.027753e-05 5.481407e-05 -1.508332e-04
12524.799037 7.143743e-01 1.859800e-02 7.646343e-03 5.885313e-01 -6.003094e-05 -5.209508e-05 5.607690e-05 -1.504983e-04
12529.645375 6.547392e-01 1.712037e-02 7.047020e-03 5.395888e-01 -5.404389e-05 -4.439082e-05 4.938200e-05 -1.436481e-04
12534.503905 1.186964e-01 3.110677e-03 1.278937e-03 9.787431e-02 -1.080550e-05 -7.646178e-06 9.373717e-06 -2.943108e-05
