# Facility: NSLS-II
# Beamline: QAS
# Year: 2022
# Cycle: 2
# SAF: 309618
# PI: Wang
# Proposal: 309017
# Scan ID: 52263
# UID: b7009caa-9c4f-4ebf-909c-04a2bc1bd1d9
# Comment: 
# Start time: 07/18/2022  11:48:43
# Stop time: 07/18/2022  11:49:15
# Total time: 00:32
# Trajectory name: Pt-L3-30s-11564.txt
# Element: Platinum ( 78)
# Edge: L3
# E0: 11564
# Reference Foil Element: Pt
# Keithley Gains I0: 1E7 V/A It: 1E6 V/A Iref: 1E7 V/A PIPS: 1E8 V/A 
# Ion Chamber Gas Flow Rates: I0: 0.00 sccm He + 99.70 sccm N2 + 0.00 sccm Ar 
# Ion Chamber Gas Flow Rates: It&Iref: 29.80 sccm N2 + 70.10 sccm Ar
# Incident Beam Path Vertical: -27.99 mm
# Incident Slits Positions B: TOP: 1.0 mm Bottom: -1.0 mm Inboard: -2.0 mm Outboard: 2.0 mm
# Sample Stage Positions: Rotation: 45.0 deg Horizontal: 14.07 mm Vertical: 35.31 mm Beam Direction: 0.00 mm
# PerkinElmer Vertical Position: 500.00 mm
# Front End Mirror Horizontal Positions: Up: -14.00 mm Down: -14.00 mm
#
# energy  i0  it  ir  iff  aux1  aux2  aux3  aux4
11377.467968 4.748099e-01 3.837450e-03 4.365038e-03 2.760312e-01 -3.462366e-05 -2.685875e-05 1.189945e-05 -6.894127e-05
11382.467968 9.379432e-01 7.611565e-03 8.667736e-03 5.454478e-01 -6.521805e-05 -5.954182e-05 1.441524e-05 -1.338612e-04
11387.467968 9.442846e-01 7.720039e-03 8.813082e-03 5.498860e-01 -6.800195e-05 -4.884372e-05 1.892141e-05 -1.339744e-04
11392.467968 9.381968e-01 7.712793e-03 8.816412e-03 5.466110e-01 -6.761638e-05 -4.170903e-05 3.455762e-05 -1.384622e-04
11397.467968 9.376972e-01 7.752089e-03 8.897248e-03 5.466963e-01 -6.603570e-05 -4.232812e-05 3.910416e-05 -1.331800e-04
11402.467968 9.353405e-01 7.782585e-03 8.940598e-03 5.454347e-01 -6.340079e-05 -4.882373e-05 3.264967e-05 -1.318944e-04
11407.467968 9.362639e-01 7.847986e-03 9.046793e-03 5.467100e-01 -6.196074e-05 -5.074478e-05 3.537208e-05 -1.463768e-04
11412.467968 9.337302e-01 7.877987e-03 9.093355e-03 5.455643e-01 -6.386918e-05 -3.627536e-05 4.033361e-05 -1.458311e-04
11417.467968 9.298067e-01 7.880104e-03 9.090738e-03 5.434637e-01 -7.235243e-05 -4.949918e-05 4.528900e-05 -1.390539e-04
11422.467968 9.164294e-01 7.814925e-03 9.050742e-03 5.370133e-01 -6.394809e-05 -5.200347e-05 3.887876e-05 -1.438194e-04
11427.467968 9.243110e-01 7.918231e-03 9.232143e-03 5.431878e-01 -5.274019e-05 -5.137937e-05 2.673943e-05 -1.447659e-04
11432.467968 9.287025e-01 8.028885e-03 9.357024e-03 5.454411e-01 -5.070723e-05 -5.748978e-05 2.193693e-05 -1.475958e-04
11437.467968 9.259031e-01 8.052767e-03 9.388542e-03 5.439626e-01 -5.249512e-05 -5.592728e-05 2.285857e-05 -1.487303e-04
11442.467968 9.242578e-01 8.089683e-03 9.443560e-03 5.432334e-01 -6.011820e-05 -6.206706e-05 2.806967e-05 -1.331475e-04
11447.467968 9.223808e-01 8.137755e-03 9.500194e-03 5.431067e-01 -6.324707e-05 -6.624070e-05 2.131398e-05 -1.265212e-04
11452.467968 9.196580e-01 8.154108e-03 9.546903e-03 5.417960e-01 -6.381538e-05 -6.635151e-05 2.180054e-05 -1.291719e-04
11457.467968 9.183403e-01 8.201725e-03 9.607200e-03 5.414128e-01 -5.945590e-05 -6.257594e-05 1.800597e-05 -1.342528e-04
11462.467968 9.163609e-01 8.213711e-03 9.685403e-03 5.405160e-01 -5.799047e-05 -5.622547e-05 3.458002e-05 -1.359005e-04
11467.467968 9.162073e-01 8.269539e-03 9.772790e-03 5.408339e-01 -6.402309e-05 -6.098504e-05 3.256525e-05 -1.317270e-04
11472.467968 9.147012e-01 8.310471e-03 9.817662e-03 5.400940e-01 -5.811238e-05 -6.920602e-05 1.503271e-05 -1.291095e-04
11477.467968 9.136954e-01 8.348388e-03 9.891470e-03 5.409413e-01 -5.507401e-05 -6.419768e-05 2.124528e-05 -1.270168e-04
11482.467968 9.093451e-01 8.346298e-03 9.904494e-03 5.387441e-01 -5.713802e-05 -6.015271e-05 1.915908e-05 -1.137455e-04
11487.467968 8.992191e-01 8.329932e-03 9.899365e-03 5.326308e-01 -5.940813e-05 -5.836329e-05 2.017457e-05 -1.195636e-04
11492.467968 8.983907e-01 8.329316e-03 9.933931e-03 5.332219e-01 -5.370027e-05 -5.738270e-05 1.970538e-05 -1.247849e-04
11497.467968 9.079222e-01 8.474444e-03 1.010731e-02 5.394704e-01 -5.322321e-05 -6.126394e-05 1.729885e-05 -1.220023e-04
11502.467968 9.061708e-01 8.500438e-03 1.018159e-02 5.383858e-01 -5.746316e-05 -5.858603e-05 7.514945e-06 -1.270204e-04
11507.467968 9.057333e-01 8.551625e-03 1.025125e-02 5.386656e-01 -5.701731e-05 -5.696213e-05 1.613446e-05 -1.282365e-04
11512.467968 9.029039e-01 8.560109e-03 1.024296e-02 5.378404e-01 -5.924876e-05 -5.162482e-05 2.510347e-05 -1.225257e-04
11517.467968 9.058672e-01 8.656079e-03 1.035801e-02 5.404217e-01 -6.004521e-05 -5.125334e-05 3.147221e-05 -1.173674e-04
11522.467968 9.048265e-01 8.715636e-03 1.043714e-02 5.400093e-01 -5.946377e-05 -4.994801e-05 3.102064e-05 -1.195533e-04
11527.467968 9.003276e-01 8.699935e-03 1.040364e-02 5.387582e-01 -5.986762e-05 -4.539979e-05 3.332442e-05 -1.132746e-04
11532.467968 8.962771e-01 8.680189e-03 1.035435e-02 5.362576e-01 -6.170289e-05 -5.413209e-05 2.552146e-05 -1.249555e-04
11534.000000 8.966211e-01 8.704339e-03 1.035493e-02 5.369047e-01 -5.844817e-05 -5.561048e-05 3.015644e-05 -1.219010e-04
11535.000000 9.036153e-01 8.818452e-03 1.047993e-02 5.411440e-01 -6.191005e-05 -6.059202e-05 3.536994e-05 -1.190180e-04
11536.000000 9.025786e-01 8.817813e-03 1.047494e-02 5.415994e-01 -6.509474e-05 -6.627087e-05 2.988295e-05 -1.174654e-04
11537.000000 9.027096e-01 8.829417e-03 1.044836e-02 5.414421e-01 -6.953504e-05 -6.104617e-05 2.790912e-05 -1.257214e-04
11538.000000 9.014660e-01 8.801243e-03 1.038287e-02 5.406484e-01 -7.596575e-05 -6.079538e-05 2.882341e-05 -1.284759e-04
11539.000000 9.040472e-01 8.861739e-03 1.046645e-02 5.434979e-01 -6.163308e-05 -6.020781e-05 2.726341e-05 -1.191652e-04
11540.000000 9.053315e-01 8.928583e-03 1.051933e-02 5.440406e-01 -5.960595e-05 -6.383021e-05 2.167117e-05 -1.138719e-04
11541.000000 8.959634e-01 8.731096e-03 1.031928e-02 5.390023e-01 -6.011220e-05 -6.731834e-05 1.031404e-05 -1.206680e-04
11541.200000 9.064530e-01 8.842486e-03 1.047331e-02 5.443071e-01 -5.508972e-05 -6.476475e-05 4.032357e-06 -1.319979e-04
11541.400000 8.928452e-01 8.759158e-03 1.014029e-02 5.390654e-01 -6.089045e-05 -5.942075e-05 8.125161e-06 -1.333940e-04
11541.600000 9.185116e-01 9.043334e-03 1.065189e-02 5.500669e-01 -5.863278e-05 -6.500550e-05 2.097053e-05 -1.339801e-04
11541.800000 9.032096e-01 8.851879e-03 1.062269e-02 5.406191e-01 -6.811784e-05 -7.563333e-05 1.144973e-05 -1.324670e-04
11542.000000 8.750033e-01 8.587913e-03 1.001399e-02 5.277304e-01 -6.974395e-05 -7.726198e-05 1.330772e-05 -1.229780e-04
11542.200000 9.104104e-01 8.896814e-03 1.031180e-02 5.471517e-01 -7.386705e-05 -7.618395e-05 3.638541e-05 -1.315508e-04
11542.400000 9.028949e-01 8.801989e-03 1.033027e-02 5.418335e-01 -7.291778e-05 -6.904667e-05 4.443430e-05 -1.319172e-04
11542.600000 9.214835e-01 9.077577e-03 1.064884e-02 5.536024e-01 -7.683010e-05 -7.195613e-05 3.326702e-05 -1.221149e-04
11542.800000 9.000766e-01 8.948914e-03 1.045432e-02 5.438661e-01 -8.067150e-05 -7.032579e-05 3.074127e-05 -1.208129e-04
11543.000000 9.133434e-01 9.022148e-03 1.044002e-02 5.495467e-01 -6.909347e-05 -6.947522e-05 1.299994e-05 -1.244997e-04
11543.200000 8.995171e-01 8.819450e-03 1.029662e-02 5.417234e-01 -7.506491e-05 -7.140027e-05 6.358987e-06 -1.243454e-04
11543.400000 9.081819e-01 8.973121e-03 1.046355e-02 5.469398e-01 -6.606135e-05 -7.343123e-05 1.246381e-05 -1.221971e-04
11543.600000 9.156965e-01 9.034318e-03 1.046195e-02 5.513855e-01 -6.333520e-05 -7.397478e-05 2.151766e-05 -1.173187e-04
11543.800000 8.937604e-01 8.815886e-03 1.023423e-02 5.376986e-01 -6.039645e-05 -7.874504e-05 3.683558e-05 -1.299148e-04
11544.000000 8.938262e-01 8.753131e-03 1.020126e-02 5.373325e-01 -5.719289e-05 -6.552892e-05 3.444382e-05 -1.348132e-04
11544.200000 8.727721e-01 8.435714e-03 9.759844e-03 5.255429e-01 -5.982688e-05 -6.268293e-05 2.347565e-05 -1.327024e-04
11544.400000 9.001998e-01 8.758408e-03 1.013936e-02 5.395775e-01 -7.158657e-05 -6.074784e-05 1.358270e-05 -1.308516e-04
11544.600000 8.442372e-01 8.270067e-03 9.510286e-03 5.101637e-01 -6.826415e-05 -4.629208e-05 2.111619e-05 -1.260797e-04
11544.800000 9.261210e-01 9.133890e-03 1.056887e-02 5.582542e-01 -6.475940e-05 -5.500433e-05 2.406546e-05 -1.284777e-04
11545.000000 8.903923e-01 8.870870e-03 1.028049e-02 5.355843e-01 -6.331688e-05 -4.807211e-05 1.516904e-05 -1.136112e-04
11545.200000 9.091548e-01 8.984353e-03 1.033783e-02 5.462592e-01 -6.881769e-05 -3.693168e-05 2.270847e-05 -1.167965e-04
11545.400000 8.857328e-01 8.745206e-03 1.000993e-02 5.374294e-01 -6.958440e-05 -3.419799e-05 2.307723e-05 -1.067083e-04
11545.600000 8.905636e-01 8.708909e-03 9.917043e-03 5.367510e-01 -7.099956e-05 -3.459121e-05 4.134906e-05 -1.047262e-04
11545.800000 9.188908e-01 9.047898e-03 1.037415e-02 5.554581e-01 -7.270575e-05 -3.699808e-05 3.605203e-05 -1.131089e-04
11546.000000 8.766227e-01 8.742360e-03 1.007282e-02 5.335902e-01 -7.440406e-05 -3.872934e-05 3.194826e-05 -1.114904e-04
11546.200000 9.289704e-01 9.250285e-03 1.082599e-02 5.618456e-01 -7.339179e-05 -4.516705e-05 4.539039e-05 -1.146068e-04
11546.400000 8.997461e-01 8.904145e-03 1.025276e-02 5.411326e-01 -6.257251e-05 -3.841417e-05 3.293984e-05 -1.178673e-04
11546.600000 9.059174e-01 8.915952e-03 1.018417e-02 5.457577e-01 -6.014417e-05 -3.921039e-05 4.241959e-05 -1.270477e-04
11546.800000 8.905591e-01 8.745042e-03 1.006255e-02 5.351488e-01 -5.206775e-05 -4.271159e-05 4.006074e-05 -1.191461e-04
11547.000000 8.980742e-01 8.845565e-03 1.011403e-02 5.433728e-01 -5.134676e-05 -4.931212e-05 3.850026e-05 -1.170466e-04
11547.200000 8.994900e-01 8.899527e-03 1.023706e-02 5.466810e-01 -5.642511e-05 -4.894412e-05 3.574698e-05 -1.275282e-04
11547.400000 8.897709e-01 8.848711e-03 1.016316e-02 5.414779e-01 -5.775486e-05 -5.205350e-05 3.093599e-05 -1.252119e-04
11547.600000 9.187695e-01 9.147642e-03 1.046777e-02 5.537277e-01 -5.336250e-05 -5.648360e-05 2.027970e-05 -1.271832e-04
11547.800000 9.046626e-01 9.005662e-03 1.029651e-02 5.449777e-01 -5.944126e-05 -4.880167e-05 1.227991e-05 -1.203346e-04
11548.000000 8.951489e-01 8.846032e-03 1.008396e-02 5.407230e-01 -6.898085e-05 -4.072121e-05 1.521263e-05 -1.110441e-04
11548.200000 8.899050e-01 8.784790e-03 9.921227e-03 5.401890e-01 -6.325194e-05 -4.213505e-05 3.049836e-05 -1.119600e-04
11548.400000 8.941895e-01 8.774105e-03 1.006543e-02 5.420350e-01 -6.868282e-05 -4.369515e-05 2.556966e-05 -1.171127e-04
11548.600000 9.076128e-01 9.065315e-03 1.020975e-02 5.528118e-01 -7.249953e-05 -4.644881e-05 3.903055e-05 -1.188171e-04
11548.800000 8.879275e-01 8.759775e-03 9.876982e-03 5.355115e-01 -6.718179e-05 -4.017962e-05 2.280441e-05 -1.267042e-04
11549.000000 9.192834e-01 9.185462e-03 1.034162e-02 5.574810e-01 -6.649112e-05 -4.191951e-05 2.249471e-05 -1.263204e-04
11549.200000 9.001813e-01 8.872977e-03 1.001115e-02 5.454153e-01 -6.932342e-05 -4.849202e-05 2.444233e-05 -1.248423e-04
11549.400000 9.002420e-01 8.891117e-03 9.815989e-03 5.431676e-01 -7.642949e-05 -3.474593e-05 3.106655e-05 -1.176212e-04
11549.600000 9.007717e-01 8.855761e-03 1.016299e-02 5.459083e-01 -7.187503e-05 -3.527383e-05 2.946177e-05 -1.094305e-04
11549.800000 8.970725e-01 8.885846e-03 9.772470e-03 5.436909e-01 -7.269182e-05 -3.760989e-05 1.981042e-05 -1.161861e-04
11550.000000 8.886792e-01 8.673169e-03 9.758166e-03 5.378725e-01 -7.697347e-05 -4.048027e-05 1.361735e-05 -1.065614e-04
11550.200000 9.000856e-01 8.915270e-03 9.945295e-03 5.476327e-01 -7.316086e-05 -4.439628e-05 1.388063e-05 -1.124861e-04
11550.400000 9.103043e-01 9.006879e-03 9.995360e-03 5.528146e-01 -7.481373e-05 -3.928872e-05 4.207723e-06 -1.176573e-04
11550.600000 8.886377e-01 8.831458e-03 9.818147e-03 5.365894e-01 -6.784294e-05 -4.184746e-05 1.564735e-05 -1.230670e-04
11550.800000 8.943192e-01 8.784124e-03 9.838019e-03 5.402081e-01 -7.167237e-05 -4.797171e-05 1.762499e-05 -1.234156e-04
11551.000000 9.135715e-01 9.067807e-03 1.008764e-02 5.585119e-01 -9.061544e-05 -4.403879e-05 1.908141e-05 -1.301107e-04
11551.200000 9.016967e-01 8.845151e-03 9.979642e-03 5.499454e-01 -8.224412e-05 -4.029531e-05 1.387320e-05 -1.245720e-04
11551.400000 8.975496e-01 8.882177e-03 9.764847e-03 5.454024e-01 -8.353455e-05 -4.322041e-05 2.040781e-05 -1.125555e-04
11551.600000 8.996718e-01 8.901418e-03 9.637948e-03 5.494153e-01 -8.449656e-05 -3.936738e-05 2.473326e-05 -1.064910e-04
11551.800000 9.018881e-01 8.900503e-03 9.741194e-03 5.506053e-01 -7.993384e-05 -3.125011e-05 1.359615e-05 -1.169121e-04
11552.000000 8.917001e-01 8.831918e-03 9.786359e-03 5.460650e-01 -6.671951e-05 -2.950929e-05 7.853493e-06 -1.219590e-04
11552.200000 8.902423e-01 8.819688e-03 9.565794e-03 5.427875e-01 -6.114847e-05 -3.058385e-05 4.452530e-06 -1.206855e-04
11552.400000 8.957343e-01 8.817318e-03 9.580004e-03 5.452846e-01 -6.221189e-05 -4.112104e-05 1.034562e-05 -1.138253e-04
11552.600000 9.069841e-01 9.163623e-03 1.004600e-02 5.542106e-01 -6.103567e-05 -3.954124e-05 1.471399e-05 -1.063440e-04
11552.800000 8.986076e-01 8.980726e-03 9.720388e-03 5.485090e-01 -5.466675e-05 -3.419565e-05 9.397488e-06 -1.124831e-04
11553.000000 9.004647e-01 8.919935e-03 9.615602e-03 5.497917e-01 -5.587031e-05 -4.156804e-05 1.344634e-05 -1.180369e-04
11553.200000 8.869264e-01 8.704633e-03 9.410117e-03 5.388286e-01 -5.767156e-05 -4.484347e-05 1.203216e-05 -1.085122e-04
11553.400000 9.032716e-01 8.960209e-03 9.584659e-03 5.539909e-01 -5.643723e-05 -4.112173e-05 2.327370e-06 -1.155948e-04
11553.600000 8.927197e-01 8.833940e-03 9.380249e-03 5.459548e-01 -5.347331e-05 -3.678442e-05 1.807477e-05 -1.140890e-04
11553.800000 9.037135e-01 9.002537e-03 9.577556e-03 5.527175e-01 -5.264309e-05 -4.328839e-05 2.792465e-05 -1.141255e-04
11554.000000 9.189726e-01 9.193603e-03 9.596699e-03 5.632568e-01 -5.993275e-05 -3.894812e-05 1.556784e-05 -1.060948e-04
11554.200000 9.003939e-01 8.939804e-03 9.371074e-03 5.525752e-01 -5.765377e-05 -4.275820e-05 2.100029e-05 -1.048667e-04
11554.400000 9.023220e-01 8.949867e-03 9.512058e-03 5.529222e-01 -5.006087e-05 -3.451025e-05 2.117985e-05 -1.216683e-04
11554.600000 9.209231e-01 9.137866e-03 9.577912e-03 5.645263e-01 -5.241621e-05 -4.378133e-05 4.145786e-05 -1.159120e-04
11554.800000 8.805092e-01 8.679936e-03 9.072042e-03 5.412229e-01 -5.568964e-05 -4.027140e-05 3.277154e-05 -1.182351e-04
11555.000000 9.088460e-01 9.066230e-03 9.264843e-03 5.554531e-01 -5.248660e-05 -4.185575e-05 2.234772e-05 -1.191200e-04
11555.200000 9.041601e-01 9.014537e-03 9.220360e-03 5.552317e-01 -5.033586e-05 -3.849412e-05 2.874633e-05 -1.198600e-04
11555.400000 9.050105e-01 9.067214e-03 9.343978e-03 5.557681e-01 -6.011625e-05 -4.306819e-05 3.740627e-05 -1.088826e-04
11555.600000 9.014175e-01 8.926849e-03 9.080259e-03 5.529636e-01 -6.318209e-05 -3.879470e-05 2.410315e-05 -9.772202e-05
11555.800000 8.862287e-01 8.730520e-03 8.759332e-03 5.456231e-01 -5.535577e-05 -3.481460e-05 1.700102e-05 -1.048071e-04
11556.000000 9.002970e-01 8.936139e-03 8.978173e-03 5.542065e-01 -5.323926e-05 -4.498559e-05 2.183702e-05 -1.255045e-04
11556.200000 8.964520e-01 8.867870e-03 8.703547e-03 5.536408e-01 -5.060361e-05 -4.602374e-05 1.891638e-05 -1.689303e-04
11556.400000 8.996331e-01 8.909633e-03 8.761974e-03 5.548528e-01 -5.004643e-05 -4.627288e-05 2.618625e-05 -1.683834e-04
11556.600000 9.045471e-01 8.972506e-03 8.699326e-03 5.575278e-01 -5.677546e-05 -4.607874e-05 2.812126e-05 -1.629123e-04
11556.800000 8.856903e-01 8.741094e-03 8.280768e-03 5.485050e-01 -5.826471e-05 -3.985437e-05 3.841660e-05 -1.642582e-04
11557.000000 8.872348e-01 8.716187e-03 8.155806e-03 5.515676e-01 -4.837598e-05 -4.079274e-05 3.852530e-05 -1.695235e-04
11557.200000 8.983003e-01 8.887037e-03 8.449050e-03 5.557485e-01 -5.177258e-05 -3.113688e-05 3.364883e-05 -1.674060e-04
11557.400000 9.075249e-01 9.057118e-03 8.428422e-03 5.628563e-01 -5.165886e-05 -3.754114e-05 3.064205e-05 -1.662072e-04
11557.600000 8.973689e-01 8.889226e-03 8.207424e-03 5.573777e-01 -5.989167e-05 -4.410896e-05 2.530466e-05 -1.578780e-04
11557.800000 9.063356e-01 8.977078e-03 8.367490e-03 5.646080e-01 -5.947288e-05 -3.482590e-05 2.447440e-05 -1.577246e-04
11558.000000 8.882871e-01 8.749882e-03 8.027780e-03 5.546138e-01 -6.131226e-05 -4.544113e-05 3.419079e-05 -1.511552e-04
11558.200000 9.025367e-01 8.895673e-03 8.010089e-03 5.644009e-01 -5.551706e-05 -4.446973e-05 7.871768e-06 -1.581058e-04
11558.400000 8.993575e-01 8.868426e-03 7.820047e-03 5.637916e-01 -4.826321e-05 -4.462828e-05 1.590321e-05 -1.551315e-04
11558.600000 9.027749e-01 8.986144e-03 7.853485e-03 5.643326e-01 -5.617311e-05 -4.483812e-05 5.443187e-06 -1.713857e-04
11558.800000 8.993407e-01 8.871328e-03 7.540304e-03 5.649723e-01 -5.084408e-05 -5.697482e-05 1.526795e-05 -1.679794e-04
11559.000000 8.895294e-01 8.724059e-03 7.383822e-03 5.567420e-01 -5.924124e-05 -6.046573e-05 1.643119e-05 -1.663624e-04
11559.200000 9.012163e-01 8.880874e-03 7.217028e-03 5.669901e-01 -6.338536e-05 -7.248538e-05 1.104903e-05 -1.677774e-04
11559.400000 9.098735e-01 9.027163e-03 7.302104e-03 5.755251e-01 -5.812902e-05 -6.978823e-05 1.210780e-05 -1.713286e-04
11559.600000 9.076805e-01 9.027499e-03 7.154080e-03 5.756796e-01 -6.217889e-05 -6.199642e-05 1.803389e-05 -1.547244e-04
11559.800000 9.006671e-01 8.850754e-03 6.880185e-03 5.683708e-01 -5.888186e-05 -5.329461e-05 1.717654e-05 -1.613172e-04
11560.000000 9.101206e-01 8.997439e-03 6.823842e-03 5.784752e-01 -5.914029e-05 -4.376050e-05 1.950886e-05 -1.541578e-04
11560.200000 9.064733e-01 8.919515e-03 6.550443e-03 5.778797e-01 -6.670198e-05 -4.278490e-05 1.563241e-05 -1.618323e-04
11560.400000 9.088317e-01 8.988267e-03 6.532024e-03 5.788586e-01 -6.222977e-05 -4.135541e-05 1.955785e-06 -1.529268e-04
11560.600000 9.063025e-01 8.949888e-03 6.222604e-03 5.805776e-01 -6.244206e-05 -4.857424e-05 9.720647e-06 -1.327968e-04
11560.800000 8.973060e-01 8.777577e-03 5.878430e-03 5.741881e-01 -6.201421e-05 -5.034505e-05 1.639278e-05 -1.174199e-04
11561.000000 8.907080e-01 8.677806e-03 5.728877e-03 5.728806e-01 -6.182552e-05 -5.329763e-05 3.235444e-05 -1.182649e-04
11561.200000 9.069504e-01 8.958614e-03 5.797285e-03 5.874201e-01 -6.425227e-05 -5.353701e-05 2.846058e-05 -1.104700e-04
11561.400000 9.157018e-01 9.033788e-03 5.547249e-03 5.937647e-01 -6.508527e-05 -5.170353e-05 2.982089e-05 -1.121241e-04
11561.600000 8.967601e-01 8.756920e-03 5.037385e-03 5.835699e-01 -5.925953e-05 -4.807365e-05 3.126108e-05 -1.156206e-04
11561.800000 8.953092e-01 8.701807e-03 4.796828e-03 5.846994e-01 -6.150547e-05 -5.532404e-05 2.606702e-05 -1.191282e-04
11562.000000 9.038404e-01 8.845719e-03 4.745758e-03 5.948048e-01 -6.702981e-05 -5.040357e-05 2.449357e-05 -1.139854e-04
11562.200000 9.082041e-01 8.873215e-03 4.445582e-03 5.986046e-01 -5.781900e-05 -5.229673e-05 2.484110e-05 -1.125603e-04
11562.400000 8.964473e-01 8.656336e-03 3.992082e-03 5.920240e-01 -5.692945e-05 -5.697993e-05 2.259761e-05 -1.111663e-04
11562.600000 8.793671e-01 8.398945e-03 3.785766e-03 5.878558e-01 -6.558837e-05 -5.288702e-05 7.714917e-06 -1.215217e-04
11562.800000 9.140486e-01 8.872459e-03 3.778331e-03 6.152459e-01 -4.651524e-05 -4.759074e-05 -3.046862e-06 -1.147322e-04
11563.000000 9.122054e-01 8.928480e-03 3.518009e-03 6.168524e-01 -5.155458e-05 -5.116367e-05 4.382379e-07 -1.105905e-04
11563.200000 9.085906e-01 8.736772e-03 3.135933e-03 6.187634e-01 -5.344620e-05 -5.962126e-05 -2.126609e-07 -1.135098e-04
11563.400000 9.003626e-01 8.589169e-03 2.858345e-03 6.179197e-01 -5.183108e-05 -5.346342e-05 1.465658e-05 -1.164656e-04
11563.600000 9.183010e-01 8.863966e-03 2.790754e-03 6.345254e-01 -5.856703e-05 -5.203045e-05 1.734641e-05 -1.215095e-04
11563.800000 9.125226e-01 8.776037e-03 2.605409e-03 6.392465e-01 -5.609659e-05 -4.838430e-05 1.573000e-05 -1.182570e-04
11564.000000 9.053402e-01 8.640876e-03 2.362506e-03 6.401902e-01 -5.551706e-05 -4.148185e-05 6.389547e-06 -1.166006e-04
11564.200000 8.959515e-01 8.456578e-03 2.076544e-03 6.414728e-01 -5.784580e-05 -4.971312e-05 5.386333e-06 -1.218111e-04
11564.400000 8.922712e-01 8.372406e-03 1.938735e-03 6.451763e-01 -6.481197e-05 -4.953953e-05 2.474917e-06 -1.234815e-04
11564.600000 9.019145e-01 8.445289e-03 1.904517e-03 6.589572e-01 -6.067264e-05 -4.285560e-05 1.407200e-05 -1.124269e-04
11564.800000 9.027512e-01 8.382117e-03 1.678155e-03 6.668320e-01 -5.855992e-05 -4.027243e-05 1.470356e-05 -1.158262e-04
11565.000000 8.938476e-01 8.242412e-03 1.525488e-03 6.697335e-01 -6.074165e-05 -4.000663e-05 8.496853e-06 -1.172337e-04
11565.200000 9.038498e-01 8.366973e-03 1.563345e-03 6.845584e-01 -6.535165e-05 -4.355484e-05 1.158423e-05 -1.139872e-04
11565.400000 9.034868e-01 8.310230e-03 1.375641e-03 6.905751e-01 -6.570155e-05 -4.416289e-05 1.010308e-05 -1.077213e-04
11565.600000 8.960621e-01 8.118547e-03 1.353256e-03 6.956345e-01 -5.239162e-05 -3.874048e-05 5.844049e-06 -1.083114e-04
11565.800000 9.028644e-01 8.165200e-03 1.288169e-03 7.105312e-01 -5.394644e-05 -2.919199e-05 8.822855e-06 -1.205812e-04
11566.000000 9.029244e-01 8.148113e-03 1.377099e-03 7.207677e-01 -5.693668e-05 -3.545502e-05 1.440968e-05 -1.196659e-04
11566.200000 8.990223e-01 8.050098e-03 1.228879e-03 7.232979e-01 -6.661240e-05 -4.333553e-05 2.070102e-05 -1.189709e-04
11566.400000 9.009459e-01 8.024327e-03 1.303508e-03 7.347944e-01 -7.660396e-05 -4.718178e-05 3.618279e-05 -1.119665e-04
11566.600000 8.998735e-01 7.960896e-03 1.264069e-03 7.406228e-01 -9.015597e-05 -3.865720e-05 3.075336e-05 -1.165222e-04
11566.800000 8.950340e-01 7.830675e-03 1.295659e-03 7.435261e-01 -8.072794e-05 -3.334756e-05 2.289583e-05 -1.199331e-04
11567.000000 8.988044e-01 7.851909e-03 1.245622e-03 7.539760e-01 -7.600209e-05 -2.899998e-05 2.635596e-05 -1.167794e-04
11567.200000 9.084589e-01 7.934427e-03 1.281279e-03 7.674585e-01 -6.928457e-05 -4.262920e-05 1.745959e-05 -1.195083e-04
11567.400000 8.932702e-01 7.701295e-03 1.227039e-03 7.609716e-01 -7.236969e-05 -4.248760e-05 9.727560e-06 -1.173577e-04
11567.600000 9.086400e-01 7.916161e-03 1.290643e-03 7.786740e-01 -6.789785e-05 -4.048845e-05 8.716119e-06 -1.250502e-04
11567.800000 8.962714e-01 7.727819e-03 1.330045e-03 7.696506e-01 -5.843512e-05 -4.826807e-05 4.445856e-06 -1.302063e-04
11568.000000 9.008340e-01 7.791221e-03 1.368870e-03 7.760136e-01 -6.632141e-05 -4.987849e-05 9.903757e-06 -1.347533e-04
11568.200000 8.998676e-01 7.794377e-03 1.388982e-03 7.732212e-01 -6.202584e-05 -4.474140e-05 2.145162e-05 -1.276522e-04
11568.400000 9.037371e-01 7.810960e-03 1.398320e-03 7.758310e-01 -5.717297e-05 -3.048168e-05 2.314392e-05 -1.226218e-04
11568.600000 9.089477e-01 7.926486e-03 1.449652e-03 7.779197e-01 -6.559558e-05 -4.295669e-05 9.012986e-06 -1.143023e-04
11568.800000 8.991469e-01 7.782029e-03 1.437284e-03 7.674151e-01 -6.576998e-05 -4.410877e-05 1.918600e-05 -1.118623e-04
11569.000000 9.097535e-01 7.960430e-03 1.453632e-03 7.733558e-01 -7.355589e-05 -3.800483e-05 9.500244e-06 -1.149520e-04
11569.200000 8.929750e-01 7.763049e-03 1.507556e-03 7.510737e-01 -6.758951e-05 -4.094334e-05 1.882244e-05 -1.097064e-04
11569.400000 9.042723e-01 7.941713e-03 1.552063e-03 7.584393e-01 -5.940246e-05 -5.355554e-05 1.286657e-05 -1.041940e-04
11569.600000 8.967335e-01 7.875098e-03 1.540499e-03 7.467659e-01 -6.206353e-05 -6.145911e-05 1.581962e-05 -9.994749e-05
11569.800000 9.013082e-01 7.965676e-03 1.534465e-03 7.448312e-01 -6.547937e-05 -6.590178e-05 1.185027e-05 -1.063939e-04
11570.000000 9.018166e-01 8.022480e-03 1.561789e-03 7.384280e-01 -6.430811e-05 -6.526718e-05 1.114605e-05 -1.177294e-04
11570.200000 9.038899e-01 8.062179e-03 1.575697e-03 7.344406e-01 -6.834325e-05 -5.391056e-05 2.197865e-05 -1.214710e-04
11570.400000 9.040731e-01 8.116592e-03 1.763936e-03 7.289331e-01 -6.627551e-05 -5.181765e-05 8.057113e-06 -1.295018e-04
11570.600000 8.994478e-01 8.097310e-03 1.778554e-03 7.185115e-01 -6.112424e-05 -6.127387e-05 1.721779e-05 -1.256212e-04
11570.800000 9.002740e-01 8.135642e-03 1.782350e-03 7.117972e-01 -7.083469e-05 -6.175734e-05 2.590872e-05 -1.184370e-04
11571.000000 8.997635e-01 8.159936e-03 1.787340e-03 7.042379e-01 -6.855002e-05 -6.023542e-05 2.049633e-05 -1.062206e-04
11571.200000 8.988102e-01 8.199094e-03 1.864529e-03 6.980627e-01 -6.625174e-05 -5.565518e-05 1.847264e-05 -1.111538e-04
11571.400000 9.029291e-01 8.305933e-03 1.933577e-03 6.956893e-01 -6.732393e-05 -5.457903e-05 2.393167e-05 -1.106641e-04
11571.600000 9.042261e-01 8.355901e-03 2.005638e-03 6.914646e-01 -7.163123e-05 -5.863542e-05 1.392092e-05 -1.189342e-04
11571.800000 9.022469e-01 8.352127e-03 1.898815e-03 6.852114e-01 -6.708823e-05 -6.204052e-05 1.076167e-05 -1.469918e-04
11572.000000 9.027409e-01 8.388956e-03 1.916152e-03 6.803569e-01 -6.289830e-05 -5.510330e-05 1.900864e-05 -1.408684e-04
11572.200000 9.023712e-01 8.418062e-03 1.943060e-03 6.764070e-01 -5.419850e-05 -5.991264e-05 2.177369e-05 -1.316424e-04
11572.400000 9.029492e-01 8.461399e-03 1.985163e-03 6.734618e-01 -5.326705e-05 -5.503801e-05 2.162791e-05 -1.301474e-04
11572.600000 8.950548e-01 8.358215e-03 1.963652e-03 6.615258e-01 -4.938494e-05 -5.135928e-05 1.695050e-05 -1.335307e-04
11572.800000 9.018134e-01 8.484139e-03 1.967156e-03 6.631864e-01 -4.813426e-05 -4.713152e-05 2.578893e-05 -1.392117e-04
11573.000000 8.974040e-01 8.435215e-03 2.009415e-03 6.566631e-01 -5.397263e-05 -4.122446e-05 2.909478e-05 -1.401407e-04
11573.200000 8.998235e-01 8.496314e-03 2.046533e-03 6.559071e-01 -4.681334e-05 -4.175276e-05 2.314868e-05 -1.255707e-04
11573.400000 8.878674e-01 8.322018e-03 2.022104e-03 6.433987e-01 -3.543936e-05 -4.509327e-05 2.410223e-05 -1.226327e-04
11573.600000 8.926813e-01 8.425670e-03 2.089900e-03 6.449761e-01 -3.795143e-05 -4.414668e-05 3.087380e-05 -1.372174e-04
11573.800000 8.952701e-01 8.486042e-03 2.053515e-03 6.425601e-01 -4.558508e-05 -4.979624e-05 2.685823e-05 -1.362217e-04
11574.000000 8.857814e-01 8.343204e-03 2.102657e-03 6.329922e-01 -5.910578e-05 -4.920171e-05 5.025744e-05 -1.367001e-04
11574.200000 8.919116e-01 8.455432e-03 2.114761e-03 6.358908e-01 -6.358193e-05 -4.745432e-05 3.883994e-05 -1.383431e-04
11574.400000 8.975666e-01 8.561716e-03 2.116981e-03 6.381920e-01 -6.770635e-05 -5.060620e-05 2.773954e-05 -1.495154e-04
11574.600000 8.918869e-01 8.462448e-03 2.083348e-03 6.302050e-01 -6.233706e-05 -5.111312e-05 3.553234e-05 -1.505408e-04
11574.800000 8.908864e-01 8.470082e-03 2.148588e-03 6.290458e-01 -5.963412e-05 -5.586185e-05 4.044908e-05 -1.483568e-04
11575.000000 8.991890e-01 8.646660e-03 2.193127e-03 6.352793e-01 -6.981405e-05 -5.572956e-05 3.133059e-05 -1.502445e-04
11575.200000 8.958851e-01 8.603037e-03 2.059323e-03 6.310120e-01 -7.404614e-05 -6.582637e-05 2.381944e-05 -1.470214e-04
11575.400000 9.063228e-01 8.763953e-03 2.066921e-03 6.363135e-01 -7.450526e-05 -6.075978e-05 2.701758e-05 -1.461353e-04
11575.600000 8.865138e-01 8.443506e-03 2.129502e-03 6.206553e-01 -7.408632e-05 -6.309492e-05 6.015858e-06 -1.466127e-04
11575.800000 8.984237e-01 8.655800e-03 2.063086e-03 6.305159e-01 -7.271728e-05 -5.849931e-05 1.220409e-05 -1.370676e-04
11576.000000 8.989256e-01 8.671318e-03 2.041820e-03 6.296994e-01 -6.803087e-05 -5.242460e-05 3.729177e-06 -1.321418e-04
11576.200000 8.985844e-01 8.656755e-03 2.086362e-03 6.291038e-01 -6.293503e-05 -4.537213e-05 -4.847198e-07 -1.370022e-04
11576.400000 8.980652e-01 8.657982e-03 2.098250e-03 6.274136e-01 -6.285429e-05 -4.850624e-05 -4.026536e-06 -1.399150e-04
11576.600000 8.895830e-01 8.542724e-03 2.062277e-03 6.218633e-01 -5.476781e-05 -4.013790e-05 -1.064303e-05 -1.377718e-04
11576.800000 9.024348e-01 8.766062e-03 2.025658e-03 6.299597e-01 -6.133103e-05 -4.848830e-05 -7.276603e-06 -1.436955e-04
11577.000000 8.940740e-01 8.613101e-03 2.089022e-03 6.227348e-01 -6.339238e-05 -4.688997e-05 4.219827e-06 -1.357672e-04
11577.200000 8.986159e-01 8.687709e-03 2.073851e-03 6.288017e-01 -6.255119e-05 -5.059124e-05 4.870443e-06 -1.449454e-04
11577.400000 8.956099e-01 8.648067e-03 2.145296e-03 6.253415e-01 -5.870125e-05 -5.195728e-05 1.156506e-05 -1.380242e-04
11577.600000 8.952742e-01 8.630487e-03 2.078071e-03 6.233169e-01 -6.714306e-05 -5.447202e-05 1.189139e-05 -1.416261e-04
11577.800000 9.031148e-01 8.758657e-03 2.167638e-03 6.299915e-01 -6.948873e-05 -6.080217e-05 2.008988e-05 -1.374366e-04
11578.000000 8.876634e-01 8.519657e-03 1.953367e-03 6.187728e-01 -6.390604e-05 -6.124357e-05 1.197895e-05 -1.451098e-04
11578.200000 8.933023e-01 8.643108e-03 2.148541e-03 6.229556e-01 -6.386105e-05 -5.620280e-05 2.206514e-06 -1.481617e-04
11578.400000 8.930726e-01 8.618096e-03 2.100849e-03 6.223900e-01 -6.241370e-05 -5.496438e-05 5.975229e-06 -1.566367e-04
11578.600000 8.997693e-01 8.697837e-03 1.996386e-03 6.272713e-01 -6.805280e-05 -4.436013e-05 5.983083e-06 -1.354602e-04
11578.800000 8.971862e-01 8.681946e-03 1.984002e-03 6.273659e-01 -6.929881e-05 -4.933966e-05 1.107869e-05 -1.232293e-04
11579.000000 8.917905e-01 8.614463e-03 2.004314e-03 6.217181e-01 -6.995579e-05 -5.274056e-05 6.703263e-06 -1.361131e-04
11579.200000 9.014924e-01 8.815123e-03 2.041936e-03 6.300698e-01 -7.252092e-05 -5.579909e-05 1.452309e-05 -1.419046e-04
11579.400000 8.941660e-01 8.666425e-03 2.057304e-03 6.259064e-01 -7.204256e-05 -5.433184e-05 9.730196e-06 -1.513790e-04
11579.600000 9.057597e-01 8.855430e-03 2.120121e-03 6.317929e-01 -7.582026e-05 -4.608709e-05 1.125424e-05 -1.494977e-04
11579.800000 9.067624e-01 8.846411e-03 2.051747e-03 6.330157e-01 -8.414242e-05 -3.925358e-05 -1.440272e-06 -1.521615e-04
11580.000000 9.040398e-01 8.753804e-03 2.148410e-03 6.317687e-01 -7.958741e-05 -4.035576e-05 1.287093e-05 -1.460448e-04
11580.200000 8.871449e-01 8.548101e-03 2.006512e-03 6.186438e-01 -8.292934e-05 -3.940298e-05 1.499998e-05 -1.504417e-04
11580.400000 9.047390e-01 8.855574e-03 2.016316e-03 6.327509e-01 -7.512019e-05 -3.010713e-05 1.082447e-05 -1.492443e-04
11580.600000 9.008865e-01 8.817661e-03 2.059557e-03 6.294017e-01 -7.219944e-05 -3.638096e-05 7.512915e-06 -1.455054e-04
11580.800000 8.960188e-01 8.711156e-03 2.031354e-03 6.248886e-01 -6.926215e-05 -4.623563e-05 2.405292e-06 -1.407538e-04
11581.000000 9.059562e-01 8.819790e-03 2.020759e-03 6.326052e-01 -7.982792e-05 -4.203069e-05 -6.734677e-07 -1.401009e-04
11581.200000 9.028658e-01 8.780986e-03 1.933353e-03 6.320722e-01 -7.585188e-05 -4.845180e-05 4.204243e-06 -1.433380e-04
11581.400000 8.929660e-01 8.653871e-03 2.080150e-03 6.258060e-01 -8.052603e-05 -5.055628e-05 1.696409e-05 -1.424726e-04
11581.600000 8.900224e-01 8.591859e-03 2.084340e-03 6.239665e-01 -8.318963e-05 -5.763536e-05 1.393680e-05 -1.465536e-04
11581.800000 9.080559e-01 8.885856e-03 1.983803e-03 6.371303e-01 -7.373187e-05 -6.567809e-05 1.360077e-05 -1.278764e-04
11582.000000 8.898307e-01 8.618530e-03 2.007205e-03 6.247961e-01 -5.959762e-05 -6.020557e-05 2.008064e-05 -1.253777e-04
11582.200000 8.932855e-01 8.636743e-03 1.988076e-03 6.279715e-01 -6.517734e-05 -6.458962e-05 1.304491e-05 -1.364649e-04
11582.400000 8.977332e-01 8.747955e-03 2.024609e-03 6.310003e-01 -6.977131e-05 -6.382951e-05 1.030115e-05 -1.329815e-04
11582.600000 9.021102e-01 8.781593e-03 2.097969e-03 6.340180e-01 -6.577568e-05 -7.184679e-05 5.744584e-07 -1.411929e-04
11582.800000 8.912201e-01 8.628131e-03 2.173023e-03 6.259417e-01 -6.169817e-05 -6.379894e-05 9.776291e-07 -1.434074e-04
11583.000000 8.916361e-01 8.625522e-03 2.033105e-03 6.253051e-01 -5.764008e-05 -5.180467e-05 -1.709034e-07 -1.380792e-04
11583.200000 9.056532e-01 8.862940e-03 2.004742e-03 6.375286e-01 -6.547307e-05 -5.571332e-05 5.298154e-06 -1.361884e-04
11583.400000 8.868594e-01 8.583694e-03 1.897671e-03 6.251162e-01 -6.672328e-05 -6.115878e-05 3.654424e-06 -1.363662e-04
11583.600000 8.941259e-01 8.683003e-03 2.112526e-03 6.296161e-01 -6.297464e-05 -5.846927e-05 9.214462e-06 -1.366838e-04
11583.800000 8.931595e-01 8.620853e-03 2.150573e-03 6.284256e-01 -6.633053e-05 -5.379553e-05 1.669329e-05 -1.361064e-04
11584.000000 8.999449e-01 8.793808e-03 2.251712e-03 6.330228e-01 -6.899237e-05 -4.404648e-05 9.188551e-06 -1.351016e-04
11584.200000 9.100201e-01 8.924992e-03 2.308475e-03 6.402495e-01 -6.604785e-05 -4.767127e-05 4.315807e-06 -1.409227e-04
11584.400000 8.924340e-01 8.685869e-03 2.215522e-03 6.314663e-01 -5.126718e-05 -4.249618e-05 6.491523e-06 -1.354898e-04
11584.600000 8.928925e-01 8.639600e-03 2.168610e-03 6.280430e-01 -5.942872e-05 -4.863074e-05 8.908166e-06 -1.482668e-04
11584.800000 9.052643e-01 8.889003e-03 2.072170e-03 6.399736e-01 -5.868057e-05 -5.366104e-05 3.147821e-05 -1.471618e-04
11585.000000 9.022355e-01 8.790722e-03 2.170706e-03 6.369901e-01 -6.225879e-05 -5.814571e-05 2.556691e-05 -1.543876e-04
11585.200000 8.953287e-01 8.709189e-03 1.897133e-03 6.314486e-01 -6.087230e-05 -5.096488e-05 3.722186e-05 -1.472352e-04
11585.400000 9.004249e-01 8.772352e-03 2.144035e-03 6.357121e-01 -7.358672e-05 -4.910195e-05 2.295398e-05 -1.538697e-04
11585.600000 8.933095e-01 8.659317e-03 2.163405e-03 6.301554e-01 -7.907757e-05 -6.086857e-05 1.563492e-05 -1.563389e-04
11585.800000 9.109763e-01 8.921896e-03 2.212167e-03 6.421475e-01 -6.683661e-05 -6.827752e-05 1.796474e-05 -1.450244e-04
11586.000000 8.998175e-01 8.793336e-03 2.225773e-03 6.372741e-01 -6.228964e-05 -6.422114e-05 1.432783e-05 -1.311107e-04
11586.200000 8.953596e-01 8.683092e-03 2.156984e-03 6.351871e-01 -6.752376e-05 -6.186198e-05 1.296788e-05 -1.367213e-04
11586.400000 8.896968e-01 8.603324e-03 2.090819e-03 6.308556e-01 -7.567385e-05 -5.590326e-05 1.265003e-05 -1.426987e-04
11586.600000 9.018498e-01 8.810482e-03 2.260169e-03 6.386395e-01 -8.244317e-05 -5.725613e-05 9.199878e-06 -1.412701e-04
11586.800000 9.099029e-01 8.988448e-03 2.196426e-03 6.457358e-01 -8.638609e-05 -5.830086e-05 6.282730e-06 -1.488144e-04
11587.000000 9.010098e-01 8.747627e-03 2.226194e-03 6.391261e-01 -7.889421e-05 -5.330920e-05 1.235042e-05 -1.397009e-04
11587.200000 8.841975e-01 8.568972e-03 2.112722e-03 6.264031e-01 -7.638605e-05 -5.278095e-05 1.801140e-05 -1.302339e-04
11587.400000 9.003873e-01 8.790169e-03 2.184074e-03 6.384112e-01 -7.507954e-05 -5.984349e-05 9.584877e-06 -1.382799e-04
11587.600000 9.024795e-01 8.818132e-03 2.122851e-03 6.412614e-01 -7.904350e-05 -5.359193e-05 1.724870e-05 -1.412421e-04
11587.800000 9.138851e-01 9.027278e-03 2.325528e-03 6.516707e-01 -7.904576e-05 -4.730231e-05 5.626040e-06 -1.372409e-04
11588.000000 8.962689e-01 8.726125e-03 2.288558e-03 6.391533e-01 -7.729933e-05 -4.448146e-05 2.359049e-05 -1.444633e-04
11588.200000 9.017579e-01 8.769227e-03 2.209784e-03 6.403782e-01 -7.636070e-05 -5.018045e-05 2.637555e-05 -1.386033e-04
11588.400000 8.816352e-01 8.615958e-03 2.350171e-03 6.301166e-01 -7.051831e-05 -4.360798e-05 2.037508e-05 -1.449524e-04
11588.600000 8.993387e-01 8.724955e-03 2.045630e-03 6.388979e-01 -6.978413e-05 -3.762521e-05 2.356758e-05 -1.445783e-04
11588.800000 9.022855e-01 8.775152e-03 2.227127e-03 6.426525e-01 -6.810246e-05 -3.817362e-05 1.303026e-05 -1.355906e-04
11589.000000 8.892596e-01 8.672014e-03 2.168301e-03 6.330485e-01 -6.016394e-05 -3.831268e-05 1.630544e-05 -1.334832e-04
11589.200000 8.996225e-01 8.733980e-03 2.086974e-03 6.413470e-01 -5.598146e-05 -4.385536e-05 1.600956e-05 -1.436358e-04
11589.400000 8.795989e-01 8.531630e-03 2.053964e-03 6.234876e-01 -6.186708e-05 -3.465151e-05 1.664713e-05 -1.472932e-04
11589.600000 8.882326e-01 8.559759e-03 2.115920e-03 6.332881e-01 -5.447117e-05 -3.421764e-05 1.225855e-05 -1.455426e-04
11589.800000 8.830057e-01 8.545111e-03 2.164070e-03 6.308191e-01 -5.724763e-05 -4.211092e-05 2.150345e-05 -1.439420e-04
11590.000000 8.988352e-01 8.764683e-03 1.939285e-03 6.438488e-01 -5.305508e-05 -3.897687e-05 1.864496e-05 -1.404377e-04
11590.200000 8.914003e-01 8.665615e-03 2.028798e-03 6.340174e-01 -5.981111e-05 -4.732978e-05 2.022304e-05 -1.322286e-04
11590.400000 8.972405e-01 8.788260e-03 2.120211e-03 6.400428e-01 -6.666988e-05 -3.827240e-05 1.989733e-05 -1.421306e-04
11590.600000 8.974795e-01 8.737066e-03 2.088086e-03 6.410128e-01 -6.432994e-05 -3.698776e-05 2.006213e-05 -1.403014e-04
11590.800000 8.849020e-01 8.675575e-03 1.964364e-03 6.320721e-01 -6.618151e-05 -3.293324e-05 1.123864e-05 -1.400447e-04
11591.000000 8.954850e-01 8.734310e-03 2.103499e-03 6.381141e-01 -6.660318e-05 -4.418190e-05 2.256753e-05 -1.515349e-04
11591.200000 8.992099e-01 8.781310e-03 1.951238e-03 6.432638e-01 -7.009520e-05 -3.950896e-05 2.074089e-05 -1.591054e-04
11591.400000 8.995059e-01 8.727436e-03 2.014191e-03 6.430265e-01 -7.250605e-05 -3.087033e-05 2.143719e-05 -1.505213e-04
11591.600000 8.773879e-01 8.462575e-03 1.920899e-03 6.267383e-01 -7.023225e-05 -3.921682e-05 1.820287e-05 -1.434883e-04
11591.800000 8.868796e-01 8.604945e-03 1.845764e-03 6.353454e-01 -7.555753e-05 -5.674629e-05 2.417747e-05 -1.452859e-04
11592.000000 8.916983e-01 8.678211e-03 2.094248e-03 6.364850e-01 -6.668797e-05 -4.711101e-05 3.258044e-05 -1.476043e-04
11592.200000 8.828090e-01 8.595852e-03 1.868275e-03 6.321185e-01 -7.195999e-05 -4.485501e-05 2.586967e-05 -1.412788e-04
11592.400000 8.996388e-01 8.787396e-03 1.865927e-03 6.441580e-01 -6.721559e-05 -5.011101e-05 2.480857e-05 -1.534444e-04
11592.600000 8.971269e-01 8.754143e-03 1.922286e-03 6.426144e-01 -6.354655e-05 -4.495942e-05 2.685103e-05 -1.479513e-04
11592.800000 8.860168e-01 8.577905e-03 1.918659e-03 6.358543e-01 -7.071962e-05 -4.729315e-05 2.289469e-05 -1.425702e-04
11593.000000 8.881685e-01 8.664669e-03 1.857101e-03 6.390181e-01 -7.365728e-05 -4.185164e-05 2.250480e-05 -1.443849e-04
11593.200000 8.926456e-01 8.668000e-03 1.823509e-03 6.398734e-01 -7.360707e-05 -3.944005e-05 1.496810e-05 -1.458686e-04
11593.400000 8.901002e-01 8.706803e-03 1.809011e-03 6.373631e-01 -7.143505e-05 -4.745319e-05 1.457089e-05 -1.335568e-04
11593.600000 9.130940e-01 8.939971e-03 1.809653e-03 6.542808e-01 -6.796308e-05 -4.499216e-05 1.092421e-05 -1.335982e-04
11593.800000 8.478397e-01 8.166368e-03 1.711770e-03 6.045640e-01 -7.380088e-05 -4.172829e-05 7.263458e-06 -1.268984e-04
11594.000000 8.925057e-01 8.661158e-03 1.779777e-03 6.416931e-01 -8.135952e-05 -3.915307e-05 1.274702e-05 -1.477851e-04
11594.200000 9.042503e-01 8.855255e-03 1.858344e-03 6.532974e-01 -8.694241e-05 -4.019257e-05 1.239939e-05 -1.395917e-04
11594.400000 8.830114e-01 8.729335e-03 1.801375e-03 6.342707e-01 -9.039061e-05 -3.925715e-05 -4.378915e-06 -1.418878e-04
11594.600000 8.995141e-01 8.832309e-03 1.903460e-03 6.467086e-01 -9.076940e-05 -4.419918e-05 -3.198876e-06 -1.478734e-04
11594.800000 8.978431e-01 8.757430e-03 1.787724e-03 6.465076e-01 -9.002482e-05 -5.518853e-05 6.735745e-06 -1.538115e-04
11595.000000 8.872360e-01 8.667785e-03 1.764610e-03 6.372813e-01 -8.063428e-05 -5.330349e-05 1.079251e-05 -1.466964e-04
11595.200000 8.853068e-01 8.572948e-03 1.835025e-03 6.347028e-01 -7.723717e-05 -5.724951e-05 1.561403e-06 -1.319395e-04
11595.400000 8.758218e-01 8.537488e-03 1.911140e-03 6.290864e-01 -7.545448e-05 -5.619284e-05 6.190973e-06 -1.399989e-04
11595.600000 9.089160e-01 8.920650e-03 1.869594e-03 6.547796e-01 -7.801503e-05 -4.871286e-05 9.260207e-06 -1.500516e-04
11595.800000 8.838482e-01 8.616243e-03 1.840081e-03 6.350492e-01 -7.081889e-05 -4.879748e-05 1.675656e-05 -1.396990e-04
11596.000000 8.900343e-01 8.680499e-03 1.671726e-03 6.414299e-01 -6.887289e-05 -5.262515e-05 2.187830e-05 -1.467245e-04
11596.200000 8.869732e-01 8.608992e-03 1.753937e-03 6.429984e-01 -7.354671e-05 -6.043530e-05 1.960220e-05 -1.415960e-04
11596.400000 8.877315e-01 8.592632e-03 1.906173e-03 6.435271e-01 -7.304375e-05 -5.430998e-05 2.006175e-06 -1.533171e-04
11596.600000 8.981971e-01 8.834804e-03 1.842870e-03 6.462325e-01 -7.472846e-05 -5.437026e-05 8.368263e-06 -1.556646e-04
11596.800000 8.896759e-01 8.666166e-03 2.054952e-03 6.413106e-01 -7.078842e-05 -5.642959e-05 8.570066e-06 -1.433375e-04
11597.000000 8.914386e-01 8.716062e-03 1.936938e-03 6.436870e-01 -7.150755e-05 -5.876303e-05 4.555034e-06 -1.498578e-04
11597.700000 8.861971e-01 8.633046e-03 1.928141e-03 6.406382e-01 -6.618071e-05 -6.247673e-05 1.986478e-05 -1.491372e-04
11598.400000 8.950112e-01 8.763968e-03 1.937136e-03 6.481492e-01 -6.592589e-05 -5.502040e-05 9.482709e-06 -1.423368e-04
11599.100000 8.912345e-01 8.711612e-03 1.974616e-03 6.456864e-01 -5.735793e-05 -5.342530e-05 1.542272e-05 -1.398162e-04
11599.800000 8.934524e-01 8.767821e-03 1.980346e-03 6.489616e-01 -6.712113e-05 -5.291534e-05 1.942425e-05 -1.386282e-04
11600.500000 8.942505e-01 8.757675e-03 2.033777e-03 6.493601e-01 -7.263532e-05 -4.496590e-05 2.082300e-05 -1.369012e-04
11601.200000 8.925957e-01 8.752325e-03 2.024926e-03 6.485981e-01 -7.131477e-05 -3.878744e-05 2.398233e-05 -1.346417e-04
11601.900000 8.870854e-01 8.640921e-03 2.014414e-03 6.468872e-01 -7.397258e-05 -3.814740e-05 2.210652e-05 -1.268517e-04
11602.600000 8.907637e-01 8.712823e-03 2.037343e-03 6.495225e-01 -6.590767e-05 -4.643498e-05 6.969518e-06 -1.273252e-04
11603.300000 8.929450e-01 8.749830e-03 2.067480e-03 6.525527e-01 -6.127030e-05 -4.459141e-05 6.212085e-06 -1.284730e-04
11604.993695 8.940986e-01 8.790716e-03 2.119892e-03 6.553771e-01 -5.744408e-05 -5.239194e-05 4.087488e-06 -1.300089e-04
11605.999583 8.924097e-01 8.761316e-03 2.128699e-03 6.554433e-01 -6.029345e-05 -5.496848e-05 1.453853e-05 -1.348481e-04
11607.017662 8.919717e-01 8.785078e-03 2.159123e-03 6.559062e-01 -7.154667e-05 -5.096288e-05 1.601512e-05 -1.248570e-04
11608.047933 8.916219e-01 8.751764e-03 2.165164e-03 6.569804e-01 -7.654800e-05 -4.923352e-05 2.187856e-05 -1.278735e-04
11609.090396 8.926052e-01 8.797172e-03 2.205798e-03 6.592697e-01 -7.804690e-05 -4.729477e-05 1.948298e-05 -1.241658e-04
11610.145051 8.913587e-01 8.763838e-03 2.159368e-03 6.601955e-01 -7.446810e-05 -4.778179e-05 7.247097e-06 -1.251008e-04
11611.211898 8.910097e-01 8.744898e-03 2.124400e-03 6.591315e-01 -7.790800e-05 -5.611719e-05 8.747442e-06 -1.354026e-04
11612.290937 8.940639e-01 8.809847e-03 2.156658e-03 6.642853e-01 -7.574929e-05 -6.084870e-05 4.308308e-06 -1.294212e-04
11613.382167 8.914453e-01 8.768079e-03 2.079309e-03 6.643194e-01 -6.905625e-05 -6.123502e-05 5.167111e-06 -1.291448e-04
11614.485590 8.888553e-01 8.747871e-03 2.003545e-03 6.627774e-01 -6.982772e-05 -5.328049e-05 7.193182e-06 -1.426230e-04
11615.601204 8.909343e-01 8.787440e-03 2.052246e-03 6.640802e-01 -6.625819e-05 -5.520583e-05 1.594200e-05 -1.342194e-04
11616.729011 8.902154e-01 8.791310e-03 1.948570e-03 6.638512e-01 -6.323498e-05 -5.886590e-05 2.343397e-05 -1.254140e-04
11617.869009 8.906206e-01 8.818576e-03 1.967674e-03 6.656498e-01 -5.813567e-05 -5.964736e-05 1.996391e-05 -1.229123e-04
11619.021199 8.916715e-01 8.857010e-03 2.009954e-03 6.651823e-01 -6.267223e-05 -6.048408e-05 1.456848e-05 -1.188801e-04
11620.185582 8.894663e-01 8.842348e-03 1.935357e-03 6.629564e-01 -5.657377e-05 -5.418123e-05 1.201578e-05 -1.231626e-04
11621.362156 8.863392e-01 8.807163e-03 1.883529e-03 6.585724e-01 -6.173118e-05 -6.102312e-05 1.591118e-05 -1.318328e-04
11622.550922 8.904636e-01 8.892051e-03 1.992177e-03 6.588137e-01 -5.286067e-05 -5.986416e-05 2.363440e-05 -1.225403e-04
11623.751879 8.901998e-01 8.917545e-03 1.945313e-03 6.610079e-01 -5.564328e-05 -5.657330e-05 3.026571e-05 -1.238259e-04
11624.965029 8.877907e-01 8.922837e-03 1.956214e-03 6.556732e-01 -5.882778e-05 -4.768035e-05 2.904382e-05 -1.223846e-04
11626.190371 8.904191e-01 8.970512e-03 1.973761e-03 6.546789e-01 -6.324295e-05 -5.516292e-05 2.838905e-05 -1.250504e-04
11627.427904 8.879199e-01 8.952184e-03 2.001409e-03 6.512183e-01 -7.293610e-05 -6.366145e-05 4.392574e-05 -1.278606e-04
11628.677630 8.873636e-01 8.971267e-03 2.006908e-03 6.500706e-01 -7.053387e-05 -6.414823e-05 3.668595e-05 -1.260843e-04
11629.939547 8.880245e-01 8.996109e-03 2.070579e-03 6.485961e-01 -6.978933e-05 -6.298621e-05 2.397724e-05 -1.362227e-04
11631.213657 8.892109e-01 9.053305e-03 2.122860e-03 6.504529e-01 -7.724424e-05 -6.712358e-05 2.508114e-05 -1.463576e-04
11632.499958 8.885815e-01 9.069628e-03 2.095386e-03 6.477973e-01 -7.839355e-05 -6.498622e-05 2.379175e-05 -1.369319e-04
11633.798451 8.866296e-01 9.046890e-03 2.072255e-03 6.449473e-01 -7.744875e-05 -5.690115e-05 1.711434e-05 -1.343527e-04
11635.109136 8.855355e-01 9.037447e-03 2.113760e-03 6.443501e-01 -6.513921e-05 -5.987638e-05 5.290604e-06 -1.344053e-04
11636.432013 8.862440e-01 9.063258e-03 2.126973e-03 6.442818e-01 -6.873150e-05 -6.305929e-05 1.569976e-05 -1.315380e-04
11637.767082 8.877730e-01 9.119420e-03 2.197430e-03 6.459416e-01 -7.502978e-05 -5.666799e-05 3.007506e-05 -1.298461e-04
11639.114342 8.861443e-01 9.125723e-03 2.179523e-03 6.445515e-01 -8.021233e-05 -5.108514e-05 2.500801e-05 -1.258937e-04
11640.473795 8.861312e-01 9.132541e-03 2.195946e-03 6.435682e-01 -8.243666e-05 -5.515468e-05 2.502277e-05 -1.273827e-04
11641.845440 8.858412e-01 9.138556e-03 2.270113e-03 6.443656e-01 -8.220838e-05 -6.114351e-05 2.321193e-05 -1.226451e-04
11643.229276 8.858928e-01 9.164509e-03 2.319752e-03 6.446141e-01 -7.698148e-05 -6.441685e-05 1.448118e-05 -1.192878e-04
11644.625305 8.852209e-01 9.171961e-03 2.322776e-03 6.426447e-01 -7.327488e-05 -5.916394e-05 1.454272e-05 -1.314795e-04
11646.033525 8.845280e-01 9.172500e-03 2.339146e-03 6.418677e-01 -6.732981e-05 -6.002634e-05 1.863023e-05 -1.310007e-04
11647.453937 8.842365e-01 9.181461e-03 2.333315e-03 6.435155e-01 -5.837443e-05 -7.189235e-05 1.563960e-05 -1.270889e-04
11648.886541 8.805243e-01 9.162480e-03 2.317476e-03 6.416251e-01 -5.204142e-05 -6.982432e-05 1.844370e-05 -1.296381e-04
11650.331337 8.817246e-01 9.190000e-03 2.321877e-03 6.441968e-01 -6.770049e-05 -6.896763e-05 1.134053e-05 -1.284756e-04
11651.788325 8.818634e-01 9.191934e-03 2.329337e-03 6.418986e-01 -6.764698e-05 -6.838271e-05 3.789222e-07 -1.366242e-04
11653.257505 8.830835e-01 9.215153e-03 2.312499e-03 6.452705e-01 -5.900265e-05 -6.852522e-05 3.297325e-06 -1.376106e-04
11654.738877 8.824575e-01 9.217678e-03 2.249510e-03 6.460159e-01 -5.931063e-05 -6.849750e-05 1.939130e-05 -1.342392e-04
11656.232440 8.843652e-01 9.271147e-03 2.242625e-03 6.453522e-01 -6.461028e-05 -6.987957e-05 2.408962e-05 -1.306306e-04
11657.738196 8.808425e-01 9.247934e-03 2.285985e-03 6.442113e-01 -6.323590e-05 -7.063394e-05 1.901669e-05 -1.165622e-04
11659.256143 8.824093e-01 9.277422e-03 2.203964e-03 6.459925e-01 -5.824663e-05 -6.561046e-05 1.698527e-05 -1.238551e-04
11660.786283 8.814877e-01 9.280302e-03 2.200255e-03 6.457475e-01 -4.885098e-05 -6.718130e-05 1.738993e-05 -1.158857e-04
11662.328614 8.801961e-01 9.285637e-03 2.166937e-03 6.452832e-01 -4.988036e-05 -6.344405e-05 1.301912e-05 -1.216457e-04
11663.883137 8.810667e-01 9.300428e-03 2.229988e-03 6.471870e-01 -4.668619e-05 -6.333143e-05 9.771214e-06 -1.320509e-04
11665.449852 8.819811e-01 9.346152e-03 2.224798e-03 6.468515e-01 -4.543672e-05 -7.829842e-05 1.117542e-05 -1.357009e-04
11667.028759 8.800335e-01 9.332712e-03 2.178025e-03 6.477713e-01 -4.378030e-05 -8.154618e-05 1.401584e-05 -1.221983e-04
11668.619858 8.803178e-01 9.334610e-03 2.193953e-03 6.489540e-01 -4.844017e-05 -6.992233e-05 2.635040e-05 -1.111806e-04
11670.223149 8.784196e-01 9.338466e-03 2.229218e-03 6.478064e-01 -4.227611e-05 -7.453209e-05 1.985920e-05 -1.147258e-04
11671.838632 8.803799e-01 9.366570e-03 2.196115e-03 6.495433e-01 -4.150075e-05 -6.649210e-05 1.440772e-05 -1.185545e-04
11673.466307 8.772914e-01 9.349605e-03 2.211303e-03 6.475529e-01 -5.075330e-05 -6.181907e-05 8.732830e-06 -1.244920e-04
11675.106173 8.776729e-01 9.370735e-03 2.212524e-03 6.475439e-01 -6.051123e-05 -6.503569e-05 8.975859e-06 -1.230113e-04
11676.758232 8.789933e-01 9.399034e-03 2.210744e-03 6.499172e-01 -5.307582e-05 -6.872680e-05 1.367853e-05 -1.202431e-04
11678.422482 8.767089e-01 9.398146e-03 2.256981e-03 6.490793e-01 -4.593443e-05 -7.337521e-05 2.130350e-05 -1.231658e-04
11680.098924 8.729791e-01 9.360250e-03 2.261726e-03 6.464608e-01 -4.987240e-05 -7.630533e-05 1.278214e-05 -1.186562e-04
11681.787558 8.753737e-01 9.382196e-03 2.247156e-03 6.492559e-01 -4.939911e-05 -7.831547e-05 6.683102e-06 -1.165444e-04
11683.488385 8.763941e-01 9.429014e-03 2.294793e-03 6.492043e-01 -4.363201e-05 -7.795143e-05 9.289488e-06 -1.205697e-04
11685.201403 8.771530e-01 9.455486e-03 2.264679e-03 6.508662e-01 -4.241834e-05 -7.583163e-05 1.153467e-05 -1.289157e-04
11686.926613 8.741671e-01 9.424585e-03 2.247747e-03 6.488678e-01 -3.845728e-05 -7.064789e-05 1.252552e-05 -1.253030e-04
11688.664014 8.761231e-01 9.489416e-03 2.240383e-03 6.523406e-01 -4.318203e-05 -6.442761e-05 1.520708e-05 -1.265977e-04
11690.413608 8.759134e-01 9.497621e-03 2.263391e-03 6.510128e-01 -4.028551e-05 -6.759321e-05 1.823516e-05 -1.235545e-04
11692.175394 8.748870e-01 9.507636e-03 2.229501e-03 6.503168e-01 -5.322563e-05 -6.035513e-05 1.553011e-05 -1.244832e-04
11693.949371 8.737555e-01 9.512227e-03 2.300257e-03 6.506164e-01 -5.058574e-05 -5.982322e-05 1.180434e-05 -1.064683e-04
11695.735541 8.744053e-01 9.548965e-03 2.275444e-03 6.495533e-01 -4.146125e-05 -5.240590e-05 9.739008e-06 -1.137397e-04
11697.533902 8.749513e-01 9.586484e-03 2.297118e-03 6.499796e-01 -4.658373e-05 -5.169985e-05 5.248404e-06 -1.212745e-04
11699.344455 8.731304e-01 9.564198e-03 2.367831e-03 6.481457e-01 -5.732935e-05 -5.472084e-05 1.720136e-06 -1.170449e-04
11701.167201 8.719750e-01 9.586745e-03 2.411878e-03 6.460142e-01 -6.327933e-05 -6.089353e-05 9.546371e-06 -1.202894e-04
11703.002138 8.696321e-01 9.594038e-03 2.408995e-03 6.450425e-01 -6.387990e-05 -6.311331e-05 3.271142e-06 -1.184596e-04
11704.849267 8.714203e-01 9.635900e-03 2.455492e-03 6.467623e-01 -6.100754e-05 -6.454145e-05 5.504156e-06 -1.164969e-04
11706.708588 8.710109e-01 9.654037e-03 2.459526e-03 6.461994e-01 -5.619669e-05 -5.705868e-05 -9.943146e-06 -1.151951e-04
11708.580100 8.699445e-01 9.666724e-03 2.503751e-03 6.446996e-01 -6.540876e-05 -5.169980e-05 -1.976251e-05 -1.155446e-04
11710.463805 8.714010e-01 9.705226e-03 2.508293e-03 6.461412e-01 -6.638846e-05 -5.684627e-05 -4.419584e-06 -1.165537e-04
11712.359702 8.712634e-01 9.740485e-03 2.477109e-03 6.459341e-01 -6.656372e-05 -5.476451e-05 8.569633e-06 -1.109899e-04
11714.267790 8.698737e-01 9.743742e-03 2.498071e-03 6.424894e-01 -6.677842e-05 -5.045450e-05 1.084001e-05 -1.127757e-04
11716.188071 8.707385e-01 9.770004e-03 2.501725e-03 6.439544e-01 -6.324067e-05 -5.632492e-05 1.696703e-05 -1.099704e-04
11718.120543 8.699365e-01 9.770868e-03 2.450243e-03 6.452534e-01 -6.291662e-05 -5.576468e-05 3.394500e-06 -1.178275e-04
11720.065207 8.698399e-01 9.807885e-03 2.477049e-03 6.447087e-01 -6.206719e-05 -5.310629e-05 7.939505e-06 -1.137505e-04
11722.022064 8.664866e-01 9.782459e-03 2.447690e-03 6.419137e-01 -6.057490e-05 -4.813882e-05 1.594889e-05 -1.089426e-04
11723.991112 8.679485e-01 9.835718e-03 2.399967e-03 6.432812e-01 -5.846543e-05 -4.493611e-05 1.716308e-05 -1.100558e-04
11725.972352 8.689481e-01 9.869098e-03 2.440169e-03 6.426912e-01 -5.543486e-05 -4.931806e-05 8.788250e-06 -1.077838e-04
11727.965784 8.674692e-01 9.857902e-03 2.425067e-03 6.437193e-01 -5.870333e-05 -4.370832e-05 1.267173e-05 -1.145525e-04
11729.971407 8.649254e-01 9.859928e-03 2.395761e-03 6.412383e-01 -5.133438e-05 -4.626702e-05 4.971394e-06 -1.205954e-04
11731.989223 8.611975e-01 9.832114e-03 2.390275e-03 6.398644e-01 -4.932342e-05 -4.848043e-05 1.224617e-05 -1.318731e-04
11734.019231 8.633853e-01 9.887022e-03 2.400343e-03 6.415129e-01 -6.448815e-05 -5.059467e-05 1.284252e-05 -1.325636e-04
11736.061430 8.654145e-01 9.925471e-03 2.404262e-03 6.419684e-01 -5.870608e-05 -5.676848e-05 1.167093e-05 -1.304834e-04
11738.115822 8.657844e-01 9.959392e-03 2.426738e-03 6.432795e-01 -5.521219e-05 -5.417703e-05 7.639406e-06 -1.283194e-04
11740.182405 8.652064e-01 9.979438e-03 2.414757e-03 6.427888e-01 -6.259375e-05 -5.805668e-05 1.353544e-05 -1.247373e-04
11742.261180 8.640742e-01 1.000377e-02 2.432299e-03 6.428893e-01 -6.345318e-05 -5.532881e-05 1.849119e-05 -1.314182e-04
11744.352148 8.631080e-01 9.996899e-03 2.412777e-03 6.423277e-01 -5.919443e-05 -4.654685e-05 1.276246e-05 -1.387388e-04
11746.455307 8.635112e-01 1.002171e-02 2.456724e-03 6.425653e-01 -5.430277e-05 -5.030909e-05 1.823997e-05 -1.308731e-04
11748.570658 8.642961e-01 1.005757e-02 2.468953e-03 6.443984e-01 -4.869688e-05 -6.180302e-05 1.366619e-05 -1.262965e-04
11750.698201 8.626620e-01 1.004905e-02 2.429300e-03 6.437793e-01 -4.934073e-05 -5.360486e-05 1.531371e-05 -1.214137e-04
11752.837935 8.623730e-01 1.007342e-02 2.409096e-03 6.433411e-01 -5.629456e-05 -5.507409e-05 2.928613e-05 -1.183940e-04
11754.989862 8.619171e-01 1.009773e-02 2.434076e-03 6.425499e-01 -5.107265e-05 -5.820837e-05 2.365252e-05 -1.213836e-04
11757.153981 8.609621e-01 1.011899e-02 2.484778e-03 6.432349e-01 -5.671716e-05 -6.086869e-05 9.977053e-06 -1.235714e-04
11759.330291 8.602344e-01 1.013960e-02 2.462122e-03 6.442884e-01 -5.921725e-05 -6.348997e-05 1.171749e-05 -1.141696e-04
11761.518794 8.600752e-01 1.015478e-02 2.485609e-03 6.455371e-01 -6.049187e-05 -5.742084e-05 8.220396e-06 -1.161310e-04
11763.719488 8.590083e-01 1.015761e-02 2.517848e-03 6.441673e-01 -5.368876e-05 -4.827144e-05 1.107769e-05 -1.156489e-04
11765.932374 8.608126e-01 1.022698e-02 2.558723e-03 6.464373e-01 -5.350362e-05 -3.354141e-05 1.584330e-05 -1.233839e-04
11768.157453 8.582202e-01 1.020229e-02 2.594035e-03 6.432625e-01 -5.710977e-05 -3.013914e-05 1.639599e-05 -1.255733e-04
11770.394723 8.533665e-01 1.016824e-02 2.590937e-03 6.411830e-01 -5.649847e-05 -2.824531e-05 1.551836e-05 -1.246631e-04
11772.644185 8.477038e-01 1.013225e-02 2.622154e-03 6.371662e-01 -5.165311e-05 -3.603118e-05 2.111324e-05 -1.180325e-04
11774.905838 8.562919e-01 1.026854e-02 2.665922e-03 6.428143e-01 -6.207021e-05 -3.587177e-05 1.773893e-05 -1.255725e-04
11777.179684 8.566087e-01 1.027420e-02 2.655271e-03 6.419737e-01 -6.801278e-05 -4.103410e-05 1.769596e-05 -1.196133e-04
11779.465722 8.558846e-01 1.029326e-02 2.670746e-03 6.440069e-01 -5.770504e-05 -4.323821e-05 1.060015e-05 -1.217916e-04
11781.763952 8.543922e-01 1.029702e-02 2.681234e-03 6.423670e-01 -4.879894e-05 -4.685293e-05 1.579146e-05 -1.204634e-04
11784.074373 8.571867e-01 1.036810e-02 2.709665e-03 6.439999e-01 -4.526668e-05 -4.301021e-05 2.476987e-05 -1.184196e-04
11786.396987 8.550364e-01 1.035225e-02 2.684786e-03 6.427146e-01 -5.076786e-05 -4.040127e-05 8.626321e-06 -1.239516e-04
11788.731792 8.537785e-01 1.037307e-02 2.681332e-03 6.432347e-01 -5.412469e-05 -3.900917e-05 5.691439e-06 -1.312013e-04
11791.078789 8.543208e-01 1.041582e-02 2.742753e-03 6.430561e-01 -4.628936e-05 -4.269569e-05 -2.895315e-07 -1.305773e-04
11793.437978 8.543850e-01 1.043170e-02 2.742853e-03 6.435450e-01 -4.077041e-05 -3.690199e-05 1.141704e-06 -1.259612e-04
11795.809359 8.538242e-01 1.046636e-02 2.746911e-03 6.444334e-01 -4.725625e-05 -3.520261e-05 6.623921e-07 -1.223959e-04
11798.192932 8.518542e-01 1.046644e-02 2.708050e-03 6.416927e-01 -4.745426e-05 -3.225773e-05 1.305337e-06 -1.305079e-04
11800.588697 8.523201e-01 1.048885e-02 2.715739e-03 6.418885e-01 -4.784085e-05 -3.423129e-05 -3.610654e-06 -1.313007e-04
11802.996654 8.524629e-01 1.052498e-02 2.689187e-03 6.430241e-01 -5.646548e-05 -2.759315e-05 1.762682e-06 -1.298890e-04
11805.416803 8.513524e-01 1.053578e-02 2.663360e-03 6.413085e-01 -5.225605e-05 -2.594046e-05 2.364401e-07 -1.243981e-04
11807.849143 8.499208e-01 1.055414e-02 2.663025e-03 6.403239e-01 -4.958906e-05 -2.558701e-05 -3.213016e-07 -1.217895e-04
11810.293676 8.500714e-01 1.060213e-02 2.662251e-03 6.392119e-01 -5.089868e-05 -2.750266e-05 2.777607e-06 -1.156836e-04
11812.750400 8.507030e-01 1.060900e-02 2.590702e-03 6.410301e-01 -5.800403e-05 -3.117643e-05 9.345287e-06 -1.193688e-04
11815.219317 8.474801e-01 1.060683e-02 2.594168e-03 6.398168e-01 -5.867398e-05 -3.598823e-05 1.708411e-05 -1.148250e-04
11817.700425 8.461922e-01 1.061592e-02 2.611064e-03 6.389359e-01 -5.817636e-05 -2.637669e-05 2.511235e-05 -1.190114e-04
11820.193725 8.482172e-01 1.070156e-02 2.684742e-03 6.388059e-01 -5.323439e-05 -3.007714e-05 1.675980e-05 -1.254324e-04
11822.699217 8.478443e-01 1.071960e-02 2.689920e-03 6.383088e-01 -4.589510e-05 -3.468665e-05 9.657963e-06 -1.638416e-04
11825.216901 8.470258e-01 1.075338e-02 2.694836e-03 6.388163e-01 -4.115036e-05 -2.865585e-05 2.147289e-05 -1.740496e-04
11827.746777 8.457360e-01 1.075039e-02 2.731397e-03 6.366638e-01 -4.161963e-05 -3.156376e-05 2.471511e-05 -1.647999e-04
11830.288845 8.450945e-01 1.078236e-02 2.757567e-03 6.362099e-01 -3.810160e-05 -2.447443e-05 3.048321e-05 -1.664339e-04
11832.843105 8.449781e-01 1.080951e-02 2.756831e-03 6.368999e-01 -4.280184e-05 -2.724153e-05 2.618909e-05 -1.693014e-04
11835.409556 8.451255e-01 1.086291e-02 2.865505e-03 6.376221e-01 -3.921240e-05 -2.565496e-05 2.699117e-05 -1.685696e-04
11837.988200 8.441590e-01 1.086624e-02 2.898915e-03 6.361118e-01 -3.092963e-05 -3.344008e-05 2.463645e-05 -1.695062e-04
11840.579035 8.429090e-01 1.088893e-02 2.912700e-03 6.361262e-01 -3.740473e-05 -3.074589e-05 9.998431e-06 -1.752207e-04
11843.182062 8.436751e-01 1.091373e-02 2.931383e-03 6.372127e-01 -3.710281e-05 -3.474450e-05 9.311229e-06 -1.723184e-04
11845.797282 8.388154e-01 1.087551e-02 2.936737e-03 6.340983e-01 -3.688101e-05 -2.941025e-05 1.506059e-05 -1.713450e-04
11848.424693 8.389624e-01 1.091593e-02 2.969081e-03 6.338885e-01 -3.843111e-05 -3.671805e-05 1.633045e-05 -1.812726e-04
11851.064296 8.427390e-01 1.100841e-02 2.976324e-03 6.371519e-01 -4.156686e-05 -3.481764e-05 2.186278e-05 -1.867726e-04
11853.716091 8.405305e-01 1.099268e-02 2.972591e-03 6.357102e-01 -4.051586e-05 -2.942322e-05 2.026191e-05 -1.812372e-04
11856.380078 8.383091e-01 1.098536e-02 2.932041e-03 6.354423e-01 -3.789648e-05 -3.545711e-05 2.561057e-05 -1.841364e-04
11859.056256 8.411003e-01 1.106102e-02 2.940136e-03 6.383630e-01 -3.609768e-05 -4.429232e-05 2.888580e-05 -1.846715e-04
11861.744627 8.342303e-01 1.101399e-02 2.978490e-03 6.333083e-01 -4.137424e-05 -4.219705e-05 2.021300e-05 -1.853442e-04
11864.445190 8.336634e-01 1.103820e-02 3.004108e-03 6.337224e-01 -4.493859e-05 -3.784394e-05 1.302346e-05 -1.892207e-04
11867.157944 8.372028e-01 1.112802e-02 2.995544e-03 6.351474e-01 -4.858676e-05 -3.383749e-05 4.482976e-06 -1.886484e-04
11869.882891 8.361008e-01 1.115325e-02 3.042295e-03 6.355964e-01 -4.396401e-05 -3.525682e-05 5.401340e-06 -1.839723e-04
11872.620029 8.347419e-01 1.116365e-02 3.007769e-03 6.356160e-01 -4.422134e-05 -3.179800e-05 3.134323e-06 -1.922273e-04
11875.369359 8.361457e-01 1.120950e-02 3.009822e-03 6.348646e-01 -4.309622e-05 -2.658967e-05 9.639975e-06 -1.944295e-04
11878.130881 8.356256e-01 1.122605e-02 3.060565e-03 6.352016e-01 -3.665476e-05 -3.163682e-05 1.458553e-05 -1.885061e-04
11880.904595 8.275324e-01 1.115378e-02 2.979597e-03 6.299506e-01 -2.626607e-05 -3.321319e-05 1.097315e-05 -1.874680e-04
11883.690501 8.280221e-01 1.120678e-02 2.954243e-03 6.304653e-01 -2.842206e-05 -4.001326e-05 8.319706e-06 -1.954452e-04
11886.488599 8.328314e-01 1.130461e-02 3.006309e-03 6.338739e-01 -2.929413e-05 -4.435219e-05 1.122547e-05 -1.952951e-04
11889.298889 8.331062e-01 1.134648e-02 3.016074e-03 6.344668e-01 -3.208469e-05 -3.510725e-05 1.514778e-05 -2.019195e-04
11892.121371 8.327163e-01 1.137010e-02 3.040899e-03 6.347606e-01 -3.491561e-05 -3.765783e-05 1.608893e-05 -1.990018e-04
11894.956044 8.328953e-01 1.139772e-02 3.009679e-03 6.356915e-01 -3.249575e-05 -3.635754e-05 2.250710e-05 -2.073214e-04
11897.802910 8.307697e-01 1.141636e-02 3.006219e-03 6.338469e-01 -4.032119e-05 -3.583241e-05 2.418407e-05 -2.056257e-04
11900.661967 8.305558e-01 1.146412e-02 2.996991e-03 6.345152e-01 -3.485394e-05 -3.792418e-05 1.680522e-05 -2.055875e-04
11903.533217 8.307551e-01 1.149117e-02 3.054958e-03 6.347071e-01 -3.325677e-05 -4.097051e-05 2.687628e-05 -1.909725e-04
11906.416658 8.301125e-01 1.153070e-02 3.080034e-03 6.349830e-01 -3.402039e-05 -3.328838e-05 3.321634e-05 -1.504858e-04
11909.312291 8.286820e-01 1.153948e-02 3.131971e-03 6.335682e-01 -3.454722e-05 -4.123185e-05 2.824594e-05 -1.511882e-04
11912.220116 8.283518e-01 1.157476e-02 3.161131e-03 6.336821e-01 -2.990325e-05 -4.531166e-05 2.471865e-05 -1.518313e-04
11915.140133 8.285075e-01 1.160984e-02 3.187902e-03 6.344113e-01 -3.950661e-05 -4.508635e-05 2.621852e-05 -1.491472e-04
11918.072342 8.270440e-01 1.161641e-02 3.247831e-03 6.331725e-01 -4.245391e-05 -4.456836e-05 3.728991e-05 -1.531364e-04
11921.016743 8.269619e-01 1.165644e-02 3.254979e-03 6.320486e-01 -3.962796e-05 -4.519469e-05 2.969308e-05 -1.523100e-04
11923.973335 8.270371e-01 1.168741e-02 3.281687e-03 6.316300e-01 -4.100425e-05 -4.914124e-05 3.255343e-05 -1.455262e-04
11926.942120 8.253872e-01 1.172027e-02 3.270573e-03 6.324624e-01 -3.754401e-05 -5.765671e-05 2.774280e-05 -1.432374e-04
11929.923096 8.254938e-01 1.175113e-02 3.278356e-03 6.329802e-01 -3.392500e-05 -5.205082e-05 4.350020e-05 -1.407128e-04
11932.916265 8.238547e-01 1.177365e-02 3.267523e-03 6.309029e-01 -2.651369e-05 -5.436679e-05 3.228067e-05 -1.442919e-04
11935.921625 8.153419e-01 1.168190e-02 3.263489e-03 6.246093e-01 -2.476524e-05 -4.920209e-05 2.943112e-05 -1.469493e-04
11938.939177 8.183852e-01 1.176286e-02 3.269882e-03 6.293100e-01 -2.884326e-05 -4.066170e-05 1.894727e-05 -1.485917e-04
11941.968921 8.223983e-01 1.184324e-02 3.275678e-03 6.302950e-01 -2.806948e-05 -3.867636e-05 2.210920e-05 -1.391621e-04
11945.010858 8.226999e-01 1.190540e-02 3.343809e-03 6.310297e-01 -2.666008e-05 -3.636630e-05 1.874905e-05 -1.329367e-04
11948.064985 8.208091e-01 1.190841e-02 3.326575e-03 6.296619e-01 -2.800726e-05 -4.071684e-05 8.768719e-06 -1.399631e-04
11951.131305 8.209583e-01 1.197453e-02 3.371969e-03 6.291692e-01 -2.969414e-05 -3.476773e-05 8.617996e-06 -1.382439e-04
11954.209817 8.194513e-01 1.198763e-02 3.383650e-03 6.285441e-01 -3.087382e-05 -3.729507e-05 1.933247e-05 -1.364537e-04
11957.300521 8.191964e-01 1.201436e-02 3.383960e-03 6.299638e-01 -3.347912e-05 -4.187669e-05 2.059212e-05 -1.389429e-04
11960.403416 8.197575e-01 1.207883e-02 3.406043e-03 6.301970e-01 -3.179565e-05 -3.176609e-05 2.236288e-05 -1.384373e-04
11963.518504 8.175986e-01 1.208023e-02 3.388331e-03 6.282042e-01 -3.231509e-05 -2.839026e-05 2.699554e-05 -1.356065e-04
11966.645783 8.172391e-01 1.208998e-02 3.442918e-03 6.276966e-01 -3.357778e-05 -3.205351e-05 2.129316e-05 -1.442715e-04
11969.785255 8.174783e-01 1.216170e-02 3.428053e-03 6.285148e-01 -3.431649e-05 -4.600316e-05 2.362546e-05 -1.346222e-04
11972.936918 8.153082e-01 1.217115e-02 3.399137e-03 6.281197e-01 -3.677707e-05 -3.461176e-05 1.851713e-05 -1.362827e-04
11976.100773 8.162223e-01 1.221899e-02 3.459970e-03 6.305652e-01 -3.377457e-05 -3.336146e-05 2.592099e-05 -1.375937e-04
11979.276820 8.148561e-01 1.223941e-02 3.445423e-03 6.281331e-01 -4.266154e-05 -3.100371e-05 2.820080e-05 -1.372191e-04
11982.465059 8.141011e-01 1.226478e-02 3.476919e-03 6.264582e-01 -5.219731e-05 -3.735240e-05 3.443444e-05 -1.296589e-04
11985.665490 8.144889e-01 1.233654e-02 3.443638e-03 6.281764e-01 -5.144338e-05 -4.807381e-05 3.610219e-05 -1.389342e-04
11988.878112 8.126002e-01 1.234940e-02 3.466725e-03 6.261591e-01 -4.399393e-05 -4.455511e-05 3.216745e-05 -1.353733e-04
11992.102927 8.129732e-01 1.239659e-02 3.476940e-03 6.286769e-01 -3.223369e-05 -5.350107e-05 2.681870e-05 -1.327304e-04
11995.339934 8.114562e-01 1.240853e-02 3.527122e-03 6.278557e-01 -2.563035e-05 -4.606394e-05 3.490764e-05 -1.440346e-04
11998.589132 8.107344e-01 1.243814e-02 3.511477e-03 6.271596e-01 -2.963677e-05 -3.759574e-05 3.502718e-05 -1.431769e-04
12001.850523 8.104916e-01 1.247649e-02 3.546036e-03 6.269925e-01 -2.593140e-05 -4.456875e-05 3.493055e-05 -1.489700e-04
12005.124105 8.097127e-01 1.251685e-02 3.605298e-03 6.268568e-01 -2.955192e-05 -4.228786e-05 4.158641e-05 -1.359526e-04
12008.409879 8.091043e-01 1.254871e-02 3.645087e-03 6.257682e-01 -3.321183e-05 -4.927070e-05 3.195530e-05 -1.264503e-04
12011.707845 8.086265e-01 1.256945e-02 3.688823e-03 6.259879e-01 -2.679119e-05 -5.154068e-05 3.644449e-05 -1.260149e-04
12015.018003 8.066027e-01 1.256724e-02 3.721884e-03 6.250284e-01 -3.061228e-05 -4.296293e-05 2.982382e-05 -1.298584e-04
12018.340353 8.067671e-01 1.261121e-02 3.753306e-03 6.238938e-01 -2.585905e-05 -4.761357e-05 2.352956e-05 -1.353365e-04
12021.674895 8.069237e-01 1.266608e-02 3.788983e-03 6.244113e-01 -3.619650e-05 -5.364817e-05 1.924487e-05 -1.412652e-04
12025.021629 8.059715e-01 1.269495e-02 3.809798e-03 6.252104e-01 -3.368881e-05 -5.976393e-05 1.972852e-05 -1.337365e-04
12028.380554 8.049075e-01 1.274364e-02 3.779830e-03 6.246142e-01 -3.507076e-05 -5.115107e-05 1.335089e-05 -1.368547e-04
12031.751672 8.044014e-01 1.279302e-02 3.845806e-03 6.250997e-01 -4.381720e-05 -5.608984e-05 1.855833e-05 -1.511423e-04
12035.134982 8.037153e-01 1.283253e-02 3.856131e-03 6.257560e-01 -4.132675e-05 -5.488357e-05 2.340397e-05 -1.534746e-04
12038.530483 8.033923e-01 1.287228e-02 3.868434e-03 6.249150e-01 -4.021692e-05 -4.623265e-05 2.032468e-05 -1.564351e-04
12041.938176 8.026938e-01 1.290682e-02 3.830690e-03 6.243569e-01 -3.575051e-05 -4.985608e-05 1.523887e-05 -1.530941e-04
12045.358061 7.946151e-01 1.280825e-02 3.826458e-03 6.190397e-01 -3.768989e-05 -4.709462e-05 2.112250e-05 -1.421036e-04
12048.790139 7.908380e-01 1.279994e-02 3.809267e-03 6.159978e-01 -4.240474e-05 -4.656930e-05 2.501666e-05 -1.447515e-04
12052.234408 7.986743e-01 1.296398e-02 3.832303e-03 6.226500e-01 -3.867326e-05 -5.309650e-05 2.127586e-05 -1.511442e-04
12055.690868 7.989260e-01 1.303622e-02 3.873828e-03 6.220917e-01 -4.134847e-05 -5.608448e-05 2.109136e-05 -1.480943e-04
12059.159521 7.993990e-01 1.308813e-02 3.911553e-03 6.225373e-01 -4.387498e-05 -5.548318e-05 2.609586e-05 -1.573957e-04
12062.640366 7.984459e-01 1.312765e-02 3.910605e-03 6.224044e-01 -5.087552e-05 -5.406775e-05 1.986273e-05 -1.556039e-04
12066.133403 7.968497e-01 1.312140e-02 3.936096e-03 6.216348e-01 -4.255359e-05 -5.011052e-05 7.187524e-06 -1.502659e-04
12069.638631 7.968808e-01 1.317511e-02 3.957351e-03 6.229470e-01 -4.261603e-05 -4.706297e-05 8.211647e-06 -1.505681e-04
12073.156052 7.957315e-01 1.319618e-02 3.948687e-03 6.221710e-01 -4.208964e-05 -4.370769e-05 1.318873e-05 -1.521047e-04
12076.685664 7.945924e-01 1.322496e-02 3.964091e-03 6.197531e-01 -3.090169e-05 -3.909608e-05 1.953803e-05 -1.524053e-04
12080.227468 7.941577e-01 1.327466e-02 3.973740e-03 6.210575e-01 -3.454464e-05 -4.320170e-05 2.228840e-05 -1.574922e-04
12083.781465 7.924088e-01 1.328678e-02 4.015179e-03 6.192600e-01 -2.720131e-05 -4.971929e-05 3.321999e-05 -1.593001e-04
12087.347653 7.899647e-01 1.329643e-02 4.045752e-03 6.182480e-01 -3.097321e-05 -4.687139e-05 3.421831e-05 -1.935508e-04
12090.926033 7.929165e-01 1.340502e-02 4.072860e-03 6.207989e-01 -3.433038e-05 -5.228775e-05 1.558973e-05 -2.133435e-04
12094.516605 7.918397e-01 1.343255e-02 4.122754e-03 6.196726e-01 -3.685107e-05 -5.385954e-05 8.463342e-06 -2.050814e-04
12098.119369 7.902507e-01 1.346026e-02 4.156550e-03 6.186462e-01 -3.702206e-05 -4.923697e-05 2.293531e-05 -2.011664e-04
12101.734324 7.910623e-01 1.353760e-02 4.132027e-03 6.208340e-01 -4.228925e-05 -5.677648e-05 2.730420e-05 -2.035004e-04
12105.361472 7.893808e-01 1.354582e-02 4.166072e-03 6.195337e-01 -3.955111e-05 -6.309569e-05 2.299097e-05 -2.001828e-04
12109.000811 7.887773e-01 1.359454e-02 4.211394e-03 6.196829e-01 -3.947988e-05 -6.099815e-05 2.837745e-05 -2.076824e-04
12112.652343 7.879964e-01 1.362993e-02 4.230187e-03 6.177222e-01 -4.441713e-05 -5.341610e-05 2.848449e-05 -2.078566e-04
12116.316066 7.882835e-01 1.369095e-02 4.260857e-03 6.175734e-01 -4.364322e-05 -5.817205e-05 2.053746e-05 -2.098861e-04
12119.991982 7.867914e-01 1.371605e-02 4.284251e-03 6.171269e-01 -4.979016e-05 -4.959240e-05 2.916627e-05 -1.716209e-04
12123.680089 7.854387e-01 1.374267e-02 4.354025e-03 6.164930e-01 -4.411550e-05 -4.881693e-05 2.789575e-05 -1.515210e-04
12127.380388 7.853954e-01 1.377332e-02 4.385095e-03 6.157985e-01 -4.104189e-05 -5.179710e-05 2.321712e-05 -1.563694e-04
12131.092879 7.838178e-01 1.381240e-02 4.373174e-03 6.175807e-01 -4.660839e-05 -5.262829e-05 2.504417e-05 -1.572420e-04
12134.817562 7.839069e-01 1.384615e-02 4.411867e-03 6.174030e-01 -4.211380e-05 -4.790728e-05 2.482124e-05 -1.571917e-04
12138.554437 7.818266e-01 1.387324e-02 4.405332e-03 6.146616e-01 -4.509742e-05 -4.650773e-05 1.615336e-05 -1.610391e-04
12142.303503 7.820593e-01 1.393313e-02 4.450041e-03 6.159606e-01 -4.111509e-05 -4.181602e-05 2.033016e-05 -1.606599e-04
12146.064762 7.816567e-01 1.398364e-02 4.537932e-03 6.154438e-01 -3.233977e-05 -2.853967e-05 1.718744e-05 -1.510181e-04
12149.838213 7.806432e-01 1.401446e-02 4.511317e-03 6.151700e-01 -3.378973e-05 -2.940479e-05 2.038011e-05 -1.411270e-04
12153.623855 7.798734e-01 1.404892e-02 4.503666e-03 6.145529e-01 -3.510419e-05 -4.143392e-05 2.846572e-05 -1.430857e-04
12157.421689 7.794011e-01 1.410261e-02 4.524326e-03 6.150382e-01 -4.168892e-05 -5.210418e-05 2.753325e-05 -1.566332e-04
12161.231716 7.782150e-01 1.414615e-02 4.533930e-03 6.149610e-01 -4.096217e-05 -4.830442e-05 2.702908e-05 -1.468766e-04
12165.053934 7.778130e-01 1.417781e-02 4.555597e-03 6.141201e-01 -4.116517e-05 -4.564994e-05 9.797601e-06 -1.368297e-04
12168.888344 7.770532e-01 1.423491e-02 4.552379e-03 6.127161e-01 -3.867080e-05 -3.969862e-05 1.488198e-05 -1.380115e-04
12172.734946 7.763871e-01 1.426481e-02 4.586481e-03 6.125381e-01 -3.762170e-05 -4.771331e-05 2.450971e-05 -1.396727e-04
12176.593740 7.740908e-01 1.428927e-02 4.616310e-03 6.121863e-01 -3.394593e-05 -4.677520e-05 2.325851e-05 -1.457142e-04
12180.464726 7.747134e-01 1.436838e-02 4.617980e-03 6.130700e-01 -3.618067e-05 -5.026354e-05 1.396337e-05 -1.523102e-04
12184.347903 7.725935e-01 1.437074e-02 4.631274e-03 6.125233e-01 -4.125328e-05 -5.764097e-05 2.011368e-05 -1.518032e-04
12188.243273 7.728318e-01 1.443875e-02 4.645209e-03 6.109955e-01 -3.785264e-05 -4.933001e-05 2.401235e-05 -1.483011e-04
12192.150835 7.727252e-01 1.448633e-02 4.668272e-03 6.105810e-01 -3.944462e-05 -4.094339e-05 2.623712e-05 -1.465622e-04
12196.070588 7.704610e-01 1.450275e-02 4.716018e-03 6.104444e-01 -4.130619e-05 -5.277467e-05 1.628878e-05 -1.477095e-04
12200.002533 7.702725e-01 1.457658e-02 4.729468e-03 6.106035e-01 -4.550758e-05 -5.579517e-05 1.251585e-05 -1.509082e-04
12203.946671 7.678096e-01 1.460299e-02 4.779979e-03 6.089843e-01 -5.149697e-05 -5.421668e-05 1.877098e-05 -1.486974e-04
12207.903000 7.683950e-01 1.465763e-02 4.817481e-03 6.078556e-01 -5.726020e-05 -5.458308e-05 2.059990e-05 -1.458529e-04
12211.871521 7.687811e-01 1.474066e-02 4.860851e-03 6.093057e-01 -5.862527e-05 -5.651677e-05 2.590194e-05 -1.423885e-04
12215.852234 7.671954e-01 1.476385e-02 4.903486e-03 6.092738e-01 -5.073950e-05 -5.950598e-05 2.547309e-05 -1.420476e-04
12219.845139 7.670688e-01 1.481109e-02 4.955361e-03 6.088561e-01 -4.079318e-05 -5.662362e-05 1.591116e-05 -1.368056e-04
12223.850236 7.646458e-01 1.481738e-02 4.937552e-03 6.079625e-01 -3.893226e-05 -5.237875e-05 1.153057e-05 -1.389821e-04
12227.867524 7.560723e-01 1.471909e-02 4.955876e-03 6.000714e-01 -4.900263e-05 -5.306657e-05 1.017802e-05 -1.343042e-04
12231.897005 7.477845e-01 1.463986e-02 4.943964e-03 5.949603e-01 -5.257876e-05 -5.277226e-05 6.345270e-06 -1.349509e-04
12235.938678 7.616433e-01 1.496549e-02 5.032704e-03 6.056208e-01 -5.071166e-05 -5.447204e-05 5.417847e-06 -1.370683e-04
12239.992542 7.618233e-01 1.503124e-02 5.128912e-03 6.063707e-01 -4.502759e-05 -5.267487e-05 1.475129e-05 -1.444680e-04
12244.058598 7.615136e-01 1.508966e-02 5.153906e-03 6.069602e-01 -5.040107e-05 -5.094013e-05 2.076179e-05 -1.417698e-04
12248.136847 7.612129e-01 1.512851e-02 5.150305e-03 6.075244e-01 -5.473829e-05 -4.826690e-05 2.494506e-05 -1.430973e-04
12252.227287 7.586272e-01 1.513280e-02 5.199094e-03 6.050602e-01 -5.784197e-05 -4.934401e-05 1.250919e-05 -1.521816e-04
12256.329919 7.584701e-01 1.520719e-02 5.252944e-03 6.050837e-01 -4.834179e-05 -5.295368e-05 1.462705e-05 -1.432688e-04
12260.444743 7.588298e-01 1.527399e-02 5.289832e-03 6.055940e-01 -5.070682e-05 -5.823844e-05 2.339472e-05 -1.250850e-04
12264.571759 7.582298e-01 1.530985e-02 5.336178e-03 6.057710e-01 -4.375426e-05 -5.555955e-05 2.363380e-05 -1.276380e-04
12268.710967 7.566662e-01 1.535658e-02 5.341100e-03 6.056306e-01 -4.576878e-05 -6.166515e-05 1.223758e-05 -1.318158e-04
12272.862366 7.562742e-01 1.541187e-02 5.352486e-03 6.044515e-01 -4.627234e-05 -5.132846e-05 8.619949e-06 -1.334325e-04
12277.025958 7.551362e-01 1.544914e-02 5.385442e-03 6.044077e-01 -3.796298e-05 -5.064062e-05 1.042271e-05 -1.426939e-04
12281.201742 7.544643e-01 1.551573e-02 5.393702e-03 6.045220e-01 -4.079099e-05 -5.229309e-05 1.766913e-05 -1.419859e-04
12285.389717 7.538448e-01 1.554887e-02 5.419536e-03 6.025371e-01 -3.986501e-05 -4.627148e-05 2.229871e-05 -1.493330e-04
12289.589884 7.532673e-01 1.561219e-02 5.450928e-03 6.032021e-01 -3.027279e-05 -5.087794e-05 1.670299e-05 -1.463337e-04
12293.802244 7.513970e-01 1.564107e-02 5.466107e-03 6.022203e-01 -3.313623e-05 -4.869037e-05 1.473758e-05 -1.471086e-04
12298.026795 7.502731e-01 1.567155e-02 5.494540e-03 6.017725e-01 -4.087866e-05 -5.596412e-05 2.326119e-05 -1.407931e-04
12302.263538 7.491388e-01 1.572625e-02 5.507464e-03 6.015616e-01 -3.197544e-05 -5.675337e-05 2.639032e-05 -1.389292e-04
12306.512473 7.497361e-01 1.580520e-02 5.525154e-03 6.019001e-01 -2.190039e-05 -5.932856e-05 3.130936e-05 -1.379132e-04
12310.773600 7.488792e-01 1.584754e-02 5.581601e-03 6.008583e-01 -2.940914e-05 -5.928822e-05 2.333935e-05 -1.421943e-04
12315.046919 7.478403e-01 1.588715e-02 5.614564e-03 6.010473e-01 -4.071499e-05 -6.771620e-05 2.919890e-05 -1.324863e-04
12319.332429 7.465085e-01 1.591805e-02 5.641522e-03 6.007790e-01 -4.434088e-05 -6.455738e-05 2.721351e-05 -1.368698e-04
12323.630132 7.301472e-01 1.566122e-02 5.587580e-03 5.885186e-01 -5.105105e-05 -5.566690e-05 1.619256e-05 -1.330733e-04
12327.940026 7.387293e-01 1.589041e-02 5.692677e-03 5.948826e-01 -4.740602e-05 -5.651956e-05 7.125933e-06 -1.381987e-04
12332.262113 7.443805e-01 1.607683e-02 5.776692e-03 6.001060e-01 -3.856144e-05 -6.318813e-05 1.266708e-05 -1.464910e-04
12336.596391 7.441456e-01 1.615044e-02 5.844542e-03 5.992938e-01 -3.500041e-05 -6.453770e-05 9.958022e-06 -1.411228e-04
12340.942861 7.434381e-01 1.621125e-02 5.907947e-03 5.987200e-01 -2.633633e-05 -5.882091e-05 1.366658e-05 -1.398856e-04
12345.301524 7.412779e-01 1.623754e-02 5.866824e-03 5.978189e-01 -2.457185e-05 -5.375358e-05 1.689224e-05 -1.375328e-04
12349.672378 7.412780e-01 1.630794e-02 5.933340e-03 5.978749e-01 -3.139570e-05 -5.015951e-05 2.513135e-05 -1.284489e-04
12354.055424 7.395237e-01 1.633343e-02 5.978082e-03 5.976960e-01 -3.293965e-05 -5.566864e-05 2.627160e-05 -1.292869e-04
12358.450662 7.398405e-01 1.639845e-02 6.012991e-03 5.982014e-01 -3.212325e-05 -5.742086e-05 1.820684e-05 -1.291089e-04
12362.858091 7.385422e-01 1.645074e-02 6.065792e-03 5.971158e-01 -3.463731e-05 -5.860966e-05 2.241433e-05 -1.385721e-04
12367.277713 7.381879e-01 1.652836e-02 6.126489e-03 5.959740e-01 -3.437451e-05 -4.734227e-05 2.623120e-05 -1.343291e-04
12371.709527 7.347864e-01 1.649897e-02 6.153927e-03 5.937401e-01 -3.611171e-05 -4.479935e-05 1.986106e-05 -1.365668e-04
12376.153532 7.310813e-01 1.648000e-02 6.152062e-03 5.917534e-01 -5.086313e-05 -4.411308e-05 1.142069e-05 -1.416693e-04
12380.609730 7.359959e-01 1.667411e-02 6.244766e-03 5.954250e-01 -4.892022e-05 -5.017310e-05 1.753341e-05 -1.390342e-04
12385.078119 7.363149e-01 1.674413e-02 6.265390e-03 5.971437e-01 -4.834139e-05 -6.071133e-05 1.762795e-05 -1.395744e-04
12389.558700 7.346047e-01 1.677931e-02 6.309464e-03 5.957068e-01 -5.124564e-05 -5.549060e-05 9.255373e-06 -1.401479e-04
12394.051473 7.343480e-01 1.686722e-02 6.348386e-03 5.953310e-01 -4.304586e-05 -4.844934e-05 1.349426e-05 -1.322888e-04
12398.556438 7.332660e-01 1.690284e-02 6.364898e-03 5.951617e-01 -4.304502e-05 -4.275661e-05 1.724480e-05 -1.349862e-04
12403.073595 7.319330e-01 1.694713e-02 6.399656e-03 5.947378e-01 -4.669550e-05 -4.341248e-05 2.951584e-05 -1.411493e-04
12407.602944 7.305718e-01 1.699448e-02 6.455949e-03 5.944316e-01 -4.645063e-05 -4.702559e-05 2.331360e-05 -1.407381e-04
12412.144485 7.298081e-01 1.703991e-02 6.457285e-03 5.928710e-01 -4.390215e-05 -3.771870e-05 2.258555e-05 -1.367997e-04
12416.698218 7.290280e-01 1.709243e-02 6.479112e-03 5.927636e-01 -4.315715e-05 -4.430073e-05 1.755681e-05 -1.310727e-04
12421.264142 7.283948e-01 1.715808e-02 6.542560e-03 5.931798e-01 -4.062431e-05 -5.193417e-05 2.138099e-05 -1.290339e-04
12425.842259 7.267198e-01 1.718534e-02 6.571990e-03 5.919656e-01 -4.522379e-05 -5.004571e-05 1.637641e-05 -1.431700e-04
12430.432567 7.247479e-01 1.722105e-02 6.578211e-03 5.905605e-01 -4.022134e-05 -4.802448e-05 2.367534e-05 -1.391187e-04
12435.035068 7.242299e-01 1.726678e-02 6.629532e-03 5.906698e-01 -3.330619e-05 -4.416720e-05 1.815516e-05 -1.428581e-04
12439.649760 7.239690e-01 1.734678e-02 6.671427e-03 5.907616e-01 -4.277925e-05 -4.678269e-05 1.042426e-05 -1.472256e-04
12444.276644 7.235720e-01 1.739899e-02 6.712855e-03 5.907537e-01 -4.469751e-05 -5.596127e-05 1.202203e-05 -1.373540e-04
12448.915720 7.225439e-01 1.745413e-02 6.755001e-03 5.910825e-01 -4.525909e-05 -5.617678e-05 1.656529e-05 -1.291514e-04
12453.566988 7.219736e-01 1.751998e-02 6.807195e-03 5.906917e-01 -4.091324e-05 -5.198437e-05 2.134667e-05 -1.262166e-04
12458.230448 7.212133e-01 1.757370e-02 6.813216e-03 5.887800e-01 -4.657661e-05 -5.867559e-05 2.832355e-05 -1.247269e-04
12462.906100 7.210882e-01 1.765457e-02 6.867099e-03 5.897265e-01 -4.945605e-05 -6.080636e-05 2.022129e-05 -1.262247e-04
12467.593943 7.207972e-01 1.773802e-02 6.944299e-03 5.897354e-01 -5.337898e-05 -5.776725e-05 1.537655e-05 -1.275680e-04
12472.293979 7.204694e-01 1.781034e-02 7.016230e-03 5.902385e-01 -4.702888e-05 -5.310112e-05 1.702159e-05 -1.264542e-04
12477.006206 7.199681e-01 1.786687e-02 7.071630e-03 5.902529e-01 -4.416133e-05 -4.065826e-05 2.194572e-05 -1.245035e-04
12481.730626 7.193250e-01 1.793905e-02 7.127897e-03 5.899871e-01 -3.980184e-05 -5.571393e-05 1.985901e-05 -1.196423e-04
12486.467237 7.180417e-01 1.798198e-02 7.177166e-03 5.887574e-01 -4.291872e-05 -4.888464e-05 1.152252e-05 -1.306204e-04
12491.216040 7.170133e-01 1.804087e-02 7.202330e-03 5.881672e-01 -4.755887e-05 -4.240904e-05 1.911225e-05 -1.366585e-04
12495.977036 7.172429e-01 1.812973e-02 7.312244e-03 5.889790e-01 -4.009313e-05 -5.237088e-05 2.148310e-05 -1.440991e-04
12500.750223 7.164594e-01 1.818035e-02 7.378841e-03 5.888930e-01 -2.953975e-05 -5.674096e-05 2.369816e-05 -1.432794e-04
12505.535602 7.157481e-01 1.824069e-02 7.429741e-03 5.878429e-01 -3.324417e-05 -5.688669e-05 2.516750e-05 -1.411818e-04
12510.333172 7.149991e-01 1.831839e-02 7.475431e-03 5.883423e-01 -3.736065e-05 -6.596918e-05 1.817638e-05 -1.365831e-04
12515.142935 7.140848e-01 1.837691e-02 7.538734e-03 5.879265e-01 -4.174877e-05 -6.787877e-05 2.279323e-05 -1.286706e-04
12519.964890 7.131467e-01 1.844339e-02 7.583100e-03 5.870414e-01 -4.237772e-05 -6.157426e-05 2.854022e-05 -1.243068e-04
12524.799037 7.118676e-01 1.849487e-02 7.592671e-03 5.864516e-01 -4.463523e-05 -5.999687e-05 3.591042e-05 -1.270911e-04
12529.645375 6.522869e-01 1.701184e-02 7.020339e-03 5.379480e-01 -3.927732e-05 -4.958092e-05 3.602848e-05 -1.152916e-04
12534.503905 1.182389e-01 3.090302e-03 1.279246e-03 9.752390e-02 -6.649705e-06 -8.832579e-06 5.987828e-06 -2.237423e-05
