# Facility: NSLS-II
# Beamline: QAS
# Year: 2022
# Cycle: 2
# SAF: 309618
# PI: Wang
# Proposal: 309017
# Scan ID: 52265
# UID: aedec49e-3e45-4c99-b7ad-8b936758635c
# Comment: 
# Start time: 07/18/2022  11:49:54
# Stop time: 07/18/2022  11:50:27
# Total time: 00:32
# Trajectory name: Pt-L3-30s-11564.txt
# Element: Platinum ( 78)
# Edge: L3
# E0: 11564
# Reference Foil Element: Pt
# Keithley Gains I0: 1E7 V/A It: 1E6 V/A Iref: 1E7 V/A PIPS: 1E8 V/A 
# Ion Chamber Gas Flow Rates: I0: 0.00 sccm He + 99.70 sccm N2 + 0.00 sccm Ar 
# Ion Chamber Gas Flow Rates: It&Iref: 29.80 sccm N2 + 70.10 sccm Ar
# Incident Beam Path Vertical: -27.99 mm
# Incident Slits Positions B: TOP: 1.0 mm Bottom: -1.0 mm Inboard: -2.0 mm Outboard: 2.0 mm
# Sample Stage Positions: Rotation: 45.0 deg Horizontal: 14.07 mm Vertical: 35.31 mm Beam Direction: 0.00 mm
# PerkinElmer Vertical Position: 500.00 mm
# Front End Mirror Horizontal Positions: Up: -14.00 mm Down: -14.00 mm
#
# energy  i0  it  ir  iff  aux1  aux2  aux3  aux4
11377.454940 4.744973e-01 3.861430e-03 4.352453e-03 2.757378e-01 -3.225983e-05 -2.194775e-05 1.700889e-05 -6.705258e-05
11382.454940 9.392627e-01 7.675478e-03 8.681576e-03 5.461908e-01 -5.624175e-05 -5.563921e-05 3.433734e-05 -1.287379e-04
11387.454940 9.434696e-01 7.752663e-03 8.817904e-03 5.488613e-01 -5.652016e-05 -4.762053e-05 3.636000e-05 -1.316592e-04
11392.454940 9.378421e-01 7.743257e-03 8.841064e-03 5.461115e-01 -5.599132e-05 -4.612710e-05 3.410141e-05 -1.349346e-04
11397.454940 9.377349e-01 7.785612e-03 8.907903e-03 5.463315e-01 -5.623213e-05 -3.911870e-05 3.113547e-05 -1.757055e-04
11402.454940 9.348382e-01 7.811671e-03 8.954349e-03 5.448953e-01 -5.563612e-05 -4.724878e-05 3.271760e-05 -1.463196e-04
11407.454940 9.374366e-01 7.877899e-03 9.073674e-03 5.471827e-01 -5.204240e-05 -5.411399e-05 2.838853e-05 -1.322622e-04
11412.454940 9.347287e-01 7.895250e-03 9.103538e-03 5.456382e-01 -5.241168e-05 -4.361494e-05 3.381098e-05 -1.320710e-04
11417.454940 9.306920e-01 7.905590e-03 9.130056e-03 5.442396e-01 -5.932121e-05 -4.746327e-05 3.307423e-05 -1.278744e-04
11422.454940 9.185994e-01 7.868512e-03 9.101947e-03 5.377110e-01 -5.723124e-05 -5.287343e-05 2.553556e-05 -1.218328e-04
11427.454940 9.286192e-01 7.996637e-03 9.235172e-03 5.456667e-01 -4.698093e-05 -5.581775e-05 3.464154e-05 -1.233626e-04
11432.454940 9.297468e-01 8.061001e-03 9.339220e-03 5.456385e-01 -5.341449e-05 -5.442847e-05 2.830310e-05 -1.257181e-04
11437.454940 9.281100e-01 8.100414e-03 9.429289e-03 5.456998e-01 -5.502621e-05 -4.608789e-05 2.568890e-05 -1.158406e-04
11442.454940 9.235810e-01 8.086032e-03 9.448191e-03 5.428891e-01 -5.406577e-05 -5.045945e-05 2.049207e-05 -1.258898e-04
11447.454940 9.225901e-01 8.134869e-03 9.511674e-03 5.429708e-01 -4.569610e-05 -5.442025e-05 2.175401e-05 -1.354532e-04
11452.454940 9.205906e-01 8.153926e-03 9.566122e-03 5.419512e-01 -5.101790e-05 -4.910916e-05 1.790814e-05 -1.240037e-04
11457.454940 9.172973e-01 8.166792e-03 9.610246e-03 5.412474e-01 -4.902712e-05 -5.479606e-05 2.025870e-05 -1.155169e-04
11462.454940 9.174443e-01 8.233654e-03 9.700780e-03 5.420607e-01 -5.540470e-05 -5.998081e-05 2.228918e-05 -1.238471e-04
11467.454940 9.175375e-01 8.296120e-03 9.787022e-03 5.418500e-01 -5.709937e-05 -5.963280e-05 2.387720e-05 -1.231882e-04
11472.454940 9.133988e-01 8.293910e-03 9.783817e-03 5.402011e-01 -6.208122e-05 -6.042527e-05 2.916209e-05 -1.280208e-04
11477.454940 9.131010e-01 8.346686e-03 9.886255e-03 5.398277e-01 -6.352275e-05 -5.971947e-05 2.586659e-05 -1.274596e-04
11482.454940 9.111109e-01 8.384416e-03 9.943138e-03 5.386052e-01 -6.724471e-05 -6.378174e-05 2.383478e-05 -1.311276e-04
11487.454940 8.989905e-01 8.333873e-03 9.900653e-03 5.319118e-01 -7.327053e-05 -7.889669e-05 4.026199e-05 -1.309489e-04
11492.454940 8.953714e-01 8.305566e-03 9.871542e-03 5.314220e-01 -7.405387e-05 -6.896223e-05 4.856035e-05 -1.308745e-04
11497.454940 9.062900e-01 8.467068e-03 1.008811e-02 5.386578e-01 -7.224898e-05 -6.709511e-05 3.826894e-05 -1.330354e-04
11502.454940 9.048431e-01 8.510529e-03 1.015798e-02 5.380994e-01 -7.290603e-05 -6.911833e-05 3.589575e-05 -1.439548e-04
11507.454940 9.063108e-01 8.596836e-03 1.027204e-02 5.390538e-01 -8.169146e-05 -5.730861e-05 3.205516e-05 -1.435549e-04
11512.454940 9.058340e-01 8.646536e-03 1.033662e-02 5.395440e-01 -8.037267e-05 -5.340360e-05 3.557536e-05 -1.434568e-04
11517.454940 9.050275e-01 8.689619e-03 1.040960e-02 5.402223e-01 -6.933647e-05 -5.964194e-05 2.545596e-05 -1.533606e-04
11522.454940 9.048619e-01 8.749200e-03 1.043051e-02 5.406951e-01 -6.288615e-05 -6.131241e-05 3.453821e-05 -1.523925e-04
11527.454940 9.019696e-01 8.749948e-03 1.041747e-02 5.396885e-01 -6.347808e-05 -5.178415e-05 3.179517e-05 -1.469243e-04
11532.454940 8.988367e-01 8.777787e-03 1.039543e-02 5.380064e-01 -7.042638e-05 -4.691479e-05 3.286972e-05 -1.451328e-04
11534.000000 8.959213e-01 8.747621e-03 1.032837e-02 5.363265e-01 -7.099330e-05 -5.461705e-05 3.504398e-05 -1.443424e-04
11535.000000 9.046322e-01 8.896799e-03 1.048736e-02 5.430869e-01 -6.528419e-05 -4.895358e-05 3.436194e-05 -1.479807e-04
11536.000000 8.971528e-01 8.785833e-03 1.035107e-02 5.394658e-01 -6.368921e-05 -4.943275e-05 2.875918e-05 -1.492778e-04
11537.000000 8.976619e-01 8.800555e-03 1.038315e-02 5.402649e-01 -5.153756e-05 -4.400940e-05 1.993872e-05 -1.461497e-04
11538.000000 9.001049e-01 8.842818e-03 1.041790e-02 5.414692e-01 -5.326485e-05 -5.216316e-05 2.516974e-05 -1.334792e-04
11539.000000 8.958370e-01 8.779277e-03 1.038140e-02 5.376141e-01 -5.368946e-05 -5.491391e-05 2.300983e-05 -1.367483e-04
11540.000000 9.022091e-01 8.865977e-03 1.040936e-02 5.418074e-01 -5.554003e-05 -5.404652e-05 3.461937e-05 -1.351611e-04
11541.000000 8.904522e-01 8.717423e-03 1.025070e-02 5.344319e-01 -4.934284e-05 -6.271800e-05 2.480993e-05 -1.358690e-04
11541.200000 8.842544e-01 8.662833e-03 1.028307e-02 5.294448e-01 -4.965561e-05 -6.554162e-05 2.576619e-05 -1.359556e-04
11541.400000 9.151163e-01 9.072493e-03 1.052254e-02 5.516075e-01 -5.949920e-05 -4.975520e-05 3.117061e-05 -1.440722e-04
11541.600000 8.964209e-01 8.904477e-03 1.045590e-02 5.402244e-01 -5.488575e-05 -5.130505e-05 3.402139e-05 -1.318419e-04
11541.800000 8.956908e-01 8.853554e-03 1.022846e-02 5.415514e-01 -6.186007e-05 -4.950334e-05 4.003175e-05 -1.453749e-04
11542.000000 9.169971e-01 9.019027e-03 1.054097e-02 5.525418e-01 -6.789733e-05 -4.409321e-05 4.220266e-05 -1.503119e-04
11542.200000 8.968068e-01 8.817220e-03 1.044991e-02 5.388830e-01 -5.617792e-05 -4.471296e-05 5.461691e-05 -1.447634e-04
11542.400000 9.106425e-01 8.977458e-03 1.036650e-02 5.548401e-01 -5.427063e-05 -5.327493e-05 4.742466e-05 -1.526214e-04
11542.600000 8.852637e-01 8.673072e-03 1.006375e-02 5.340446e-01 -4.772017e-05 -6.069648e-05 4.414522e-05 -1.488384e-04
11542.800000 9.201011e-01 9.085554e-03 1.077561e-02 5.539383e-01 -4.372289e-05 -6.892969e-05 3.515228e-05 -1.377054e-04
11543.000000 8.951199e-01 8.730747e-03 1.020844e-02 5.402796e-01 -4.979954e-05 -5.871750e-05 4.333151e-05 -1.464686e-04
11543.200000 8.947730e-01 8.923266e-03 1.042880e-02 5.404781e-01 -4.371518e-05 -5.171069e-05 2.715279e-05 -1.525972e-04
11543.400000 9.173435e-01 9.123974e-03 1.069993e-02 5.519505e-01 -5.142705e-05 -5.485902e-05 2.002085e-05 -1.526265e-04
11543.600000 9.018982e-01 8.934651e-03 1.028199e-02 5.407146e-01 -3.906316e-05 -4.306723e-05 2.178155e-05 -1.435929e-04
11543.800000 8.890274e-01 8.740823e-03 1.012050e-02 5.351844e-01 -5.104464e-05 -3.683941e-05 2.425914e-05 -1.384473e-04
11544.000000 8.903696e-01 8.774655e-03 1.012212e-02 5.374042e-01 -5.901615e-05 -4.726757e-05 3.290519e-05 -1.427444e-04
11544.200000 8.909781e-01 8.748779e-03 1.013903e-02 5.378685e-01 -4.965517e-05 -4.234843e-05 4.151648e-05 -1.370530e-04
11544.400000 8.996266e-01 8.955918e-03 1.028468e-02 5.458823e-01 -5.418023e-05 -5.609389e-05 4.307342e-05 -1.522044e-04
11544.600000 9.109139e-01 9.030292e-03 1.046472e-02 5.520315e-01 -6.007811e-05 -5.064034e-05 2.789611e-05 -1.584512e-04
11544.800000 8.965292e-01 8.786758e-03 1.001177e-02 5.413396e-01 -6.426227e-05 -3.784821e-05 2.185310e-05 -1.518727e-04
11545.000000 9.299417e-01 9.326615e-03 1.076681e-02 5.596376e-01 -6.955903e-05 -3.992454e-05 3.819228e-05 -1.446409e-04
11545.200000 9.035345e-01 8.895444e-03 1.027240e-02 5.449305e-01 -6.655489e-05 -4.879472e-05 3.282034e-05 -1.459766e-04
11545.400000 8.910552e-01 8.774609e-03 1.009866e-02 5.381365e-01 -4.994380e-05 -4.203910e-05 4.247351e-05 -1.405118e-04
11545.600000 8.796849e-01 8.585438e-03 9.828677e-03 5.317965e-01 -5.584219e-05 -4.949131e-05 3.144716e-05 -1.389025e-04
11545.800000 9.011443e-01 8.948463e-03 1.027745e-02 5.469877e-01 -6.224950e-05 -5.899137e-05 3.634178e-05 -1.452394e-04
11546.000000 8.868432e-01 8.748760e-03 1.006448e-02 5.376655e-01 -5.772729e-05 -5.023039e-05 3.759220e-05 -1.554032e-04
11546.200000 9.078344e-01 9.068957e-03 1.049479e-02 5.494533e-01 -6.129288e-05 -5.726984e-05 3.470855e-05 -1.504886e-04
11546.400000 9.076085e-01 9.003285e-03 1.034725e-02 5.466565e-01 -5.728747e-05 -5.534880e-05 4.291495e-05 -1.547497e-04
11546.600000 9.069389e-01 8.997493e-03 1.026454e-02 5.487173e-01 -5.365803e-05 -4.281460e-05 4.856203e-05 -1.618325e-04
11546.800000 8.928585e-01 8.896144e-03 1.015279e-02 5.415253e-01 -5.530118e-05 -5.855828e-05 5.318754e-05 -1.437563e-04
11547.000000 9.089937e-01 8.977350e-03 1.027313e-02 5.496475e-01 -5.722919e-05 -6.338033e-05 3.075799e-05 -1.515344e-04
11547.200000 8.972889e-01 8.951107e-03 1.013606e-02 5.434983e-01 -5.749557e-05 -5.509970e-05 3.407645e-05 -1.324877e-04
11547.400000 9.026506e-01 8.901221e-03 1.009016e-02 5.454427e-01 -6.201679e-05 -6.000513e-05 3.146177e-05 -1.313749e-04
11547.600000 9.116024e-01 9.100132e-03 1.038769e-02 5.518137e-01 -6.179689e-05 -6.536101e-05 3.060797e-05 -1.251923e-04
11547.800000 9.089082e-01 9.032488e-03 1.007811e-02 5.502664e-01 -6.904011e-05 -7.271124e-05 4.055447e-05 -1.239993e-04
11548.000000 8.826581e-01 8.782206e-03 9.859162e-03 5.334617e-01 -6.378046e-05 -5.951809e-05 3.323916e-05 -1.258831e-04
11548.200000 8.873089e-01 8.728164e-03 1.010081e-02 5.363017e-01 -6.880692e-05 -4.817315e-05 3.080939e-05 -1.316327e-04
11548.400000 8.918668e-01 8.809195e-03 1.000340e-02 5.406735e-01 -6.444126e-05 -5.605630e-05 3.290168e-05 -1.408010e-04
11548.600000 8.776001e-01 8.555722e-03 9.519276e-03 5.310191e-01 -5.747817e-05 -6.284580e-05 2.748064e-05 -1.354243e-04
11548.800000 9.159598e-01 9.223565e-03 1.012318e-02 5.554769e-01 -5.018888e-05 -6.206594e-05 4.872966e-05 -1.280855e-04
11549.000000 9.203522e-01 9.230100e-03 1.034968e-02 5.590376e-01 -5.194550e-05 -6.074595e-05 2.836291e-05 -1.373939e-04
11549.200000 8.975633e-01 8.936554e-03 9.933347e-03 5.453551e-01 -5.972857e-05 -6.100817e-05 2.449181e-05 -1.317393e-04
11549.400000 8.933606e-01 8.859719e-03 9.951198e-03 5.391905e-01 -6.559697e-05 -6.009902e-05 3.608048e-05 -1.342993e-04
11549.600000 9.029247e-01 8.962088e-03 1.006294e-02 5.456607e-01 -6.614217e-05 -5.536272e-05 3.254949e-05 -1.386403e-04
11549.800000 8.959984e-01 8.909971e-03 9.863101e-03 5.474720e-01 -5.769450e-05 -5.045225e-05 4.338034e-05 -1.394007e-04
11550.000000 9.088338e-01 9.067808e-03 1.010770e-02 5.503802e-01 -5.693299e-05 -4.678680e-05 4.619013e-05 -1.432082e-04
11550.200000 9.165296e-01 9.201645e-03 1.022542e-02 5.547055e-01 -5.378934e-05 -5.404742e-05 3.997859e-05 -1.375921e-04
11550.400000 9.038751e-01 9.072696e-03 9.977201e-03 5.481380e-01 -5.163745e-05 -4.846052e-05 4.066969e-05 -1.402400e-04
11550.600000 9.138829e-01 9.088167e-03 1.003222e-02 5.549462e-01 -5.579294e-05 -4.514975e-05 4.009452e-05 -1.399476e-04
11550.800000 8.657104e-01 8.569203e-03 9.419687e-03 5.274706e-01 -5.146397e-05 -4.362677e-05 5.430009e-05 -1.219393e-04
11551.000000 8.986156e-01 8.929074e-03 9.754348e-03 5.472759e-01 -5.036917e-05 -4.327006e-05 5.788251e-05 -1.302053e-04
11551.200000 8.705348e-01 8.575344e-03 9.432982e-03 5.291361e-01 -5.761302e-05 -4.341637e-05 3.232998e-05 -1.422896e-04
11551.400000 9.118531e-01 9.147990e-03 9.977462e-03 5.534062e-01 -6.585987e-05 -4.130055e-05 2.907597e-05 -1.455035e-04
11551.600000 9.156796e-01 9.177780e-03 1.008028e-02 5.549391e-01 -6.730315e-05 -4.603164e-05 3.363141e-05 -1.510448e-04
11551.800000 8.953932e-01 8.941729e-03 9.783101e-03 5.457904e-01 -5.433291e-05 -4.208650e-05 4.299214e-05 -1.420966e-04
11552.000000 8.875537e-01 8.810210e-03 9.632802e-03 5.368220e-01 -5.504713e-05 -4.550946e-05 4.470237e-05 -1.363889e-04
11552.200000 8.882493e-01 8.730241e-03 9.469607e-03 5.396138e-01 -5.424032e-05 -4.900972e-05 4.489285e-05 -1.456955e-04
11552.400000 8.995713e-01 8.884012e-03 9.577280e-03 5.459680e-01 -4.682626e-05 -4.367971e-05 4.182587e-05 -1.468832e-04
11552.600000 8.914725e-01 8.857020e-03 9.486980e-03 5.450453e-01 -3.559410e-05 -3.869451e-05 3.971792e-05 -1.386398e-04
11552.800000 9.164978e-01 9.271965e-03 9.900367e-03 5.609937e-01 -3.299702e-05 -4.796524e-05 3.583245e-05 -1.444631e-04
11553.000000 9.173286e-01 9.171232e-03 9.823795e-03 5.574414e-01 -3.391902e-05 -4.755441e-05 4.210464e-05 -1.494847e-04
11553.200000 8.945146e-01 8.929889e-03 9.724230e-03 5.458631e-01 -4.305412e-05 -4.696429e-05 3.872709e-05 -1.455244e-04
11553.400000 8.782349e-01 8.594721e-03 9.091662e-03 5.351170e-01 -2.786783e-05 -4.156644e-05 2.337276e-05 -1.465042e-04
11553.600000 9.015193e-01 8.961259e-03 9.407200e-03 5.484263e-01 -3.177957e-05 -4.538442e-05 3.168750e-05 -1.477854e-04
11553.800000 8.977633e-01 8.935515e-03 9.447666e-03 5.494354e-01 -3.664483e-05 -5.016907e-05 3.480073e-05 -1.503238e-04
11554.000000 9.119755e-01 9.144642e-03 9.610768e-03 5.572601e-01 -4.233983e-05 -5.043327e-05 3.774936e-05 -1.441210e-04
11554.200000 8.941033e-01 8.893769e-03 9.310347e-03 5.467535e-01 -5.300779e-05 -4.357244e-05 2.601945e-05 -1.471725e-04
11554.400000 8.969751e-01 8.891859e-03 9.227216e-03 5.500214e-01 -5.107964e-05 -4.584426e-05 2.735069e-05 -1.485963e-04
11554.600000 9.039853e-01 8.968204e-03 9.297811e-03 5.565864e-01 -5.140241e-05 -4.048785e-05 4.103715e-05 -1.401060e-04
11554.800000 8.922461e-01 8.842942e-03 9.249574e-03 5.513594e-01 -4.237098e-05 -3.930574e-05 3.315889e-05 -1.440198e-04
11555.000000 9.148156e-01 9.209987e-03 9.400214e-03 5.613584e-01 -4.932347e-05 -4.407006e-05 2.224292e-05 -1.545579e-04
11555.200000 9.105053e-01 9.088184e-03 9.369742e-03 5.598640e-01 -5.103985e-05 -4.553458e-05 3.075078e-05 -1.441417e-04
11555.400000 8.986388e-01 8.986993e-03 9.140306e-03 5.503396e-01 -5.491110e-05 -4.670660e-05 3.244560e-05 -1.503574e-04
11555.600000 9.014613e-01 8.943462e-03 8.983028e-03 5.524171e-01 -4.767909e-05 -4.034993e-05 2.811497e-05 -1.531719e-04
11555.800000 8.962715e-01 8.881011e-03 8.709805e-03 5.528984e-01 -5.041733e-05 -4.709936e-05 4.811889e-05 -1.483182e-04
11556.000000 8.624143e-01 8.420532e-03 8.573762e-03 5.307568e-01 -5.767448e-05 -4.706437e-05 3.740003e-05 -1.500110e-04
11556.200000 9.089599e-01 8.981712e-03 8.923883e-03 5.612224e-01 -6.426395e-05 -4.678643e-05 3.208218e-05 -1.499679e-04
11556.400000 9.177281e-01 9.208850e-03 9.137028e-03 5.656535e-01 -7.160777e-05 -5.377479e-05 2.853596e-05 -1.317463e-04
11556.600000 8.869968e-01 8.833486e-03 8.498740e-03 5.465179e-01 -5.709935e-05 -4.653241e-05 2.360884e-05 -1.341263e-04
11556.800000 9.093255e-01 9.073622e-03 8.758434e-03 5.630093e-01 -6.190609e-05 -5.952578e-05 3.867917e-05 -1.386396e-04
11557.000000 8.792632e-01 8.686203e-03 8.376523e-03 5.434092e-01 -6.673298e-05 -6.213194e-05 3.267121e-05 -1.253296e-04
11557.200000 9.040576e-01 8.964268e-03 8.538149e-03 5.619872e-01 -6.266468e-05 -6.650217e-05 1.744251e-05 -1.263244e-04
11557.400000 8.988424e-01 9.004771e-03 8.578491e-03 5.585961e-01 -6.107004e-05 -6.249765e-05 3.602318e-05 -1.295761e-04
11557.600000 9.053671e-01 9.065018e-03 8.473393e-03 5.639624e-01 -5.855673e-05 -6.030754e-05 3.030412e-05 -1.271751e-04
11557.800000 8.922311e-01 8.817574e-03 8.079923e-03 5.542877e-01 -6.697010e-05 -6.233806e-05 2.504140e-05 -1.339938e-04
11558.000000 9.038199e-01 8.965087e-03 8.153465e-03 5.635255e-01 -5.938216e-05 -5.980957e-05 2.954931e-05 -1.301457e-04
11558.200000 8.929076e-01 8.828321e-03 7.829628e-03 5.560589e-01 -6.507562e-05 -5.767676e-05 3.694328e-05 -1.306768e-04
11558.400000 9.117634e-01 9.078989e-03 8.020165e-03 5.705646e-01 -6.180868e-05 -5.676456e-05 3.942329e-05 -1.281108e-04
11558.600000 9.090927e-01 9.131225e-03 7.820155e-03 5.678878e-01 -5.737428e-05 -5.232447e-05 3.414532e-05 -1.417202e-04
11558.800000 9.056899e-01 8.979089e-03 7.696701e-03 5.670692e-01 -5.267255e-05 -5.129348e-05 3.672086e-05 -1.389192e-04
11559.000000 8.718429e-01 8.598127e-03 7.339286e-03 5.477085e-01 -5.427255e-05 -4.646933e-05 4.577011e-05 -1.246781e-04
11559.200000 8.986914e-01 8.960298e-03 7.353462e-03 5.668950e-01 -5.592322e-05 -4.076479e-05 4.890374e-05 -1.309963e-04
11559.400000 8.951305e-01 8.850058e-03 7.160693e-03 5.629188e-01 -5.554513e-05 -4.225069e-05 4.477650e-05 -1.370724e-04
11559.600000 8.976552e-01 8.937919e-03 7.029317e-03 5.670588e-01 -5.056636e-05 -4.465277e-05 4.172592e-05 -1.354472e-04
11559.800000 8.961230e-01 8.844777e-03 6.949912e-03 5.677924e-01 -4.916307e-05 -5.400833e-05 3.815274e-05 -1.303363e-04
11560.000000 9.112328e-01 9.047837e-03 6.791504e-03 5.814140e-01 -3.787451e-05 -5.677624e-05 4.465729e-05 -1.301980e-04
11560.200000 8.956209e-01 8.832589e-03 6.626215e-03 5.712685e-01 -4.608245e-05 -4.942525e-05 2.911223e-05 -1.297695e-04
11560.400000 9.128299e-01 9.106121e-03 6.675369e-03 5.815665e-01 -5.390489e-05 -4.903660e-05 2.860573e-05 -1.185997e-04
11560.600000 9.006772e-01 8.915023e-03 6.322216e-03 5.748805e-01 -4.941186e-05 -5.295877e-05 2.114133e-05 -1.156129e-04
11560.800000 9.093636e-01 9.003071e-03 6.178062e-03 5.855247e-01 -4.738663e-05 -4.662576e-05 3.664523e-05 -1.238648e-04
11561.000000 8.845325e-01 8.668171e-03 5.691264e-03 5.680387e-01 -4.914076e-05 -3.965817e-05 3.200447e-05 -1.190937e-04
11561.200000 9.048784e-01 8.929982e-03 5.648308e-03 5.835317e-01 -6.250702e-05 -4.439823e-05 3.236404e-05 -1.242097e-04
11561.400000 9.080951e-01 9.009522e-03 5.485903e-03 5.883755e-01 -5.800569e-05 -3.736269e-05 3.113933e-05 -1.265446e-04
11561.600000 8.961429e-01 8.789748e-03 5.033379e-03 5.843987e-01 -5.614765e-05 -4.048904e-05 3.525431e-05 -1.191970e-04
11561.800000 8.948448e-01 8.777020e-03 4.850224e-03 5.859236e-01 -5.589783e-05 -4.055019e-05 4.244822e-05 -1.236949e-04
11562.000000 9.191415e-01 9.147190e-03 4.824479e-03 6.045714e-01 -4.875023e-05 -3.606274e-05 4.124672e-05 -1.273991e-04
11562.200000 9.132330e-01 9.020733e-03 4.684222e-03 6.030039e-01 -5.531108e-05 -3.655841e-05 5.220172e-05 -1.163533e-04
11562.400000 8.993007e-01 8.787697e-03 4.167229e-03 5.987954e-01 -5.283382e-05 -3.858487e-05 4.267017e-05 -1.137903e-04
11562.600000 8.986214e-01 8.769980e-03 3.780440e-03 6.026958e-01 -4.740505e-05 -3.867155e-05 4.581118e-05 -1.068574e-04
11562.800000 9.046976e-01 8.832405e-03 3.635425e-03 6.079082e-01 -5.466179e-05 -3.614321e-05 4.555579e-05 -1.071760e-04
11563.000000 9.108325e-01 8.890623e-03 3.460447e-03 6.182748e-01 -5.658806e-05 -3.848656e-05 5.419003e-05 -1.070799e-04
11563.200000 9.036855e-01 8.741517e-03 3.264800e-03 6.171821e-01 -6.224435e-05 -3.816336e-05 5.382857e-05 -1.112580e-04
11563.400000 9.050872e-01 8.744107e-03 2.982573e-03 6.243288e-01 -7.064709e-05 -3.939446e-05 3.854263e-05 -1.167396e-04
11563.600000 9.071184e-01 8.778470e-03 2.842842e-03 6.281118e-01 -6.392569e-05 -4.307715e-05 4.409843e-05 -1.138463e-04
11563.800000 9.085068e-01 8.759071e-03 2.528384e-03 6.372955e-01 -6.115655e-05 -4.197247e-05 4.938143e-05 -1.267263e-04
11564.000000 8.933854e-01 8.520404e-03 2.329482e-03 6.321667e-01 -5.855525e-05 -5.334226e-05 4.662969e-05 -1.315951e-04
11564.200000 8.849409e-01 8.276349e-03 2.072436e-03 6.324344e-01 -5.844354e-05 -5.361012e-05 4.176245e-05 -1.235983e-04
11564.400000 9.124503e-01 8.628406e-03 1.909557e-03 6.576880e-01 -6.392113e-05 -5.394499e-05 4.351000e-05 -1.132207e-04
11564.600000 9.025554e-01 8.449667e-03 1.707832e-03 6.561706e-01 -6.938066e-05 -6.167715e-05 2.630310e-05 -1.235244e-04
11564.800000 9.029790e-01 8.425599e-03 1.809454e-03 6.669209e-01 -6.917121e-05 -5.804142e-05 2.616986e-05 -1.179784e-04
11565.000000 8.992655e-01 8.379981e-03 1.650928e-03 6.727548e-01 -6.027727e-05 -6.217779e-05 3.447079e-05 -1.145902e-04
11565.200000 9.079030e-01 8.459681e-03 1.482564e-03 6.864800e-01 -5.494731e-05 -6.739306e-05 3.276424e-05 -1.051704e-04
11565.400000 8.979650e-01 8.282954e-03 1.391691e-03 6.874902e-01 -5.897460e-05 -5.446368e-05 3.911688e-05 -1.080886e-04
11565.600000 8.993357e-01 8.207284e-03 1.395216e-03 6.988087e-01 -7.220244e-05 -4.641512e-05 4.240615e-05 -1.096047e-04
11565.800000 9.035959e-01 8.206785e-03 1.217324e-03 7.114641e-01 -7.220237e-05 -5.263973e-05 3.302307e-05 -1.086047e-04
11566.000000 9.090087e-01 8.279084e-03 1.299386e-03 7.248874e-01 -7.286752e-05 -6.626900e-05 2.973390e-05 -1.051267e-04
11566.200000 8.934048e-01 7.943341e-03 1.227925e-03 7.201563e-01 -5.437869e-05 -7.738554e-05 2.873873e-05 -9.907228e-05
11566.400000 8.986286e-01 7.990155e-03 1.245784e-03 7.329118e-01 -5.253816e-05 -7.117524e-05 2.931740e-05 -1.162421e-04
11566.600000 9.066161e-01 8.085034e-03 1.194528e-03 7.468409e-01 -5.469503e-05 -6.862749e-05 4.019328e-05 -1.240388e-04
11566.800000 8.925646e-01 7.837033e-03 1.204238e-03 7.411981e-01 -5.375410e-05 -7.614036e-05 4.268934e-05 -1.171964e-04
11567.000000 8.941226e-01 7.851371e-03 1.244892e-03 7.543483e-01 -5.572765e-05 -6.783345e-05 3.943126e-05 -1.102045e-04
11567.200000 8.996323e-01 7.894065e-03 1.248184e-03 7.606168e-01 -5.983888e-05 -7.116118e-05 3.016897e-05 -1.269262e-04
11567.400000 8.957390e-01 7.795350e-03 1.313033e-03 7.622820e-01 -5.555274e-05 -7.092271e-05 3.106811e-05 -1.209653e-04
11567.600000 9.092967e-01 7.979982e-03 1.302950e-03 7.786099e-01 -5.901229e-05 -6.857219e-05 4.258324e-05 -1.067838e-04
11567.800000 8.951052e-01 7.749454e-03 1.230210e-03 7.678625e-01 -5.345341e-05 -5.733906e-05 3.835573e-05 -1.092133e-04
11568.000000 8.958527e-01 7.736203e-03 1.371271e-03 7.709672e-01 -5.061461e-05 -4.920926e-05 3.159813e-05 -1.190610e-04
11568.200000 9.033146e-01 7.860067e-03 1.310929e-03 7.773794e-01 -5.065420e-05 -4.963037e-05 3.437415e-05 -1.113830e-04
11568.400000 8.982887e-01 7.773729e-03 1.343712e-03 7.717345e-01 -5.012762e-05 -4.677489e-05 4.156645e-05 -1.100460e-04
11568.600000 8.975879e-01 7.786936e-03 1.347061e-03 7.668981e-01 -5.373454e-05 -5.219362e-05 5.322505e-05 -1.026339e-04
11568.800000 8.981813e-01 7.831648e-03 1.569618e-03 7.666398e-01 -4.997566e-05 -4.265425e-05 5.284445e-05 -1.057782e-04
11569.000000 9.091971e-01 7.987065e-03 1.561996e-03 7.715468e-01 -4.572830e-05 -4.362117e-05 4.380736e-05 -1.190440e-04
11569.200000 9.003381e-01 7.896906e-03 1.578965e-03 7.622703e-01 -4.756390e-05 -4.609798e-05 4.003054e-05 -1.127667e-04
11569.400000 9.014237e-01 7.907940e-03 1.595385e-03 7.561783e-01 -5.594651e-05 -4.656041e-05 3.585726e-05 -1.032835e-04
11569.600000 8.980993e-01 7.899611e-03 1.606569e-03 7.479126e-01 -5.661151e-05 -4.513799e-05 3.279591e-05 -9.918879e-05
11569.800000 9.018894e-01 8.017459e-03 1.599856e-03 7.478291e-01 -4.834550e-05 -5.039693e-05 3.649881e-05 -1.048518e-04
11570.000000 9.019505e-01 8.059815e-03 1.629647e-03 7.385867e-01 -5.379726e-05 -5.120094e-05 3.794021e-05 -1.026161e-04
11570.200000 9.008234e-01 8.053814e-03 1.642587e-03 7.321652e-01 -5.761614e-05 -5.182651e-05 3.161646e-05 -1.009250e-04
11570.400000 9.021993e-01 8.102306e-03 1.671112e-03 7.267500e-01 -4.811615e-05 -4.125311e-05 4.154252e-05 -1.017078e-04
11570.600000 9.037810e-01 8.156054e-03 1.710826e-03 7.221115e-01 -4.750323e-05 -4.637203e-05 3.737966e-05 -9.934717e-05
11570.800000 9.002320e-01 8.148329e-03 1.698278e-03 7.121084e-01 -5.224223e-05 -5.111547e-05 4.537865e-05 -1.043129e-04
11571.000000 9.068488e-01 8.313345e-03 1.726930e-03 7.123764e-01 -4.987529e-05 -6.297752e-05 3.675708e-05 -1.035482e-04
11571.200000 9.011346e-01 8.233799e-03 1.774485e-03 6.997545e-01 -5.155790e-05 -6.596324e-05 3.398707e-05 -1.049892e-04
11571.400000 8.995550e-01 8.249574e-03 1.738514e-03 6.937419e-01 -3.911087e-05 -5.917217e-05 3.488269e-05 -1.053635e-04
11571.600000 9.031291e-01 8.356710e-03 1.834265e-03 6.905849e-01 -4.153357e-05 -5.368535e-05 3.880557e-05 -1.072324e-04
11571.800000 9.061105e-01 8.447206e-03 1.900531e-03 6.873349e-01 -4.404862e-05 -4.642993e-05 4.108869e-05 -1.063974e-04
11572.000000 9.039863e-01 8.396962e-03 1.846736e-03 6.814673e-01 -5.083407e-05 -4.574958e-05 3.026569e-05 -1.120839e-04
11572.200000 9.043125e-01 8.436357e-03 1.870817e-03 6.771109e-01 -5.460912e-05 -3.817964e-05 2.824846e-05 -1.257397e-04
11572.400000 9.007505e-01 8.404521e-03 1.911193e-03 6.699850e-01 -5.726387e-05 -3.741753e-05 3.022662e-05 -1.221891e-04
11572.600000 8.947955e-01 8.345877e-03 1.931420e-03 6.603582e-01 -5.162342e-05 -4.146360e-05 3.021703e-05 -1.204712e-04
11572.800000 8.991930e-01 8.431242e-03 1.952793e-03 6.619098e-01 -5.124221e-05 -4.572499e-05 2.684998e-05 -1.319167e-04
11573.000000 9.009730e-01 8.488753e-03 2.041509e-03 6.591411e-01 -4.910398e-05 -4.502317e-05 2.905610e-05 -1.269555e-04
11573.200000 8.983264e-01 8.466117e-03 2.000458e-03 6.538309e-01 -5.070822e-05 -4.578975e-05 2.650288e-05 -1.326229e-04
11573.400000 9.037320e-01 8.585919e-03 2.117327e-03 6.557244e-01 -4.499503e-05 -4.402212e-05 2.565563e-05 -1.246619e-04
11573.600000 9.011025e-01 8.548551e-03 2.168733e-03 6.504549e-01 -5.265626e-05 -5.241488e-05 1.425166e-05 -1.279401e-04
11573.800000 9.009997e-01 8.565226e-03 2.055995e-03 6.473622e-01 -5.912290e-05 -4.860222e-05 2.075244e-05 -1.334928e-04
11574.000000 9.072219e-01 8.680950e-03 2.107812e-03 6.495316e-01 -5.608396e-05 -4.422039e-05 2.229788e-05 -1.404067e-04
11574.200000 9.042187e-01 8.647648e-03 2.021498e-03 6.446363e-01 -5.361666e-05 -5.376165e-05 1.372828e-05 -1.809941e-04
11574.400000 8.952018e-01 8.519552e-03 2.049010e-03 6.360770e-01 -5.165508e-05 -5.706004e-05 1.964954e-05 -1.826135e-04
11574.600000 9.037704e-01 8.670643e-03 2.097643e-03 6.410266e-01 -5.379674e-05 -4.906057e-05 2.397385e-05 -1.795557e-04
11574.800000 8.931276e-01 8.513753e-03 2.067437e-03 6.315879e-01 -4.877604e-05 -3.887387e-05 2.886401e-05 -1.727428e-04
11575.000000 9.003720e-01 8.656280e-03 2.099241e-03 6.357974e-01 -4.852256e-05 -3.830876e-05 2.509935e-05 -1.687962e-04
11575.200000 8.950430e-01 8.589255e-03 2.100522e-03 6.306115e-01 -4.298042e-05 -4.274832e-05 1.656563e-05 -1.689898e-04
11575.400000 8.964282e-01 8.632412e-03 2.057680e-03 6.300883e-01 -4.079029e-05 -3.835912e-05 1.025090e-05 -1.716170e-04
11575.600000 9.037494e-01 8.760236e-03 2.137125e-03 6.353849e-01 -5.754717e-05 -3.935112e-05 2.017335e-05 -1.639325e-04
11575.800000 8.984903e-01 8.662230e-03 2.149332e-03 6.306076e-01 -5.514501e-05 -4.364298e-05 2.068789e-05 -1.690829e-04
11576.000000 8.991920e-01 8.710224e-03 2.179121e-03 6.306086e-01 -5.341566e-05 -4.261636e-05 1.016615e-05 -1.797803e-04
11576.200000 8.916255e-01 8.558150e-03 2.126781e-03 6.218765e-01 -5.713964e-05 -5.299625e-05 1.535161e-05 -1.856941e-04
11576.400000 9.044968e-01 8.776672e-03 2.065710e-03 6.311277e-01 -5.877776e-05 -4.957132e-05 2.638146e-05 -1.807957e-04
11576.600000 8.933195e-01 8.613362e-03 2.127579e-03 6.252301e-01 -6.689407e-05 -4.086478e-05 2.271690e-05 -1.780072e-04
11576.800000 8.959716e-01 8.631939e-03 2.150876e-03 6.257137e-01 -5.560131e-05 -4.963209e-05 3.102242e-05 -1.827425e-04
11577.000000 8.947514e-01 8.610409e-03 2.133852e-03 6.243507e-01 -5.300383e-05 -5.084728e-05 3.737321e-05 -1.772400e-04
11577.200000 9.039856e-01 8.779698e-03 2.113080e-03 6.303204e-01 -5.938056e-05 -5.656060e-05 2.693226e-05 -1.934903e-04
11577.400000 8.916981e-01 8.635036e-03 2.000201e-03 6.204897e-01 -6.157257e-05 -4.885114e-05 3.046236e-05 -1.945495e-04
11577.600000 9.061334e-01 8.842432e-03 2.103736e-03 6.317322e-01 -6.873352e-05 -5.628553e-05 2.872216e-05 -1.676074e-04
11577.800000 9.014598e-01 8.752034e-03 2.037860e-03 6.268509e-01 -7.381463e-05 -5.809746e-05 3.253492e-05 -1.478392e-04
11578.000000 9.060719e-01 8.853036e-03 2.007914e-03 6.315875e-01 -7.905033e-05 -5.637075e-05 2.987730e-05 -1.466843e-04
11578.200000 9.054840e-01 8.823196e-03 1.874246e-03 6.324015e-01 -7.926445e-05 -5.922324e-05 3.473466e-05 -1.365778e-04
11578.400000 8.929086e-01 8.636770e-03 1.993276e-03 6.197438e-01 -6.908147e-05 -5.826679e-05 3.941573e-05 -1.356288e-04
11578.600000 8.934203e-01 8.647635e-03 1.961719e-03 6.228471e-01 -6.209521e-05 -5.479178e-05 3.593577e-05 -1.339621e-04
11578.800000 8.851049e-01 8.518077e-03 1.887765e-03 6.174391e-01 -6.033809e-05 -5.263096e-05 2.604036e-05 -1.307551e-04
11579.000000 9.003696e-01 8.744691e-03 2.042570e-03 6.281540e-01 -5.918672e-05 -5.588205e-05 3.095971e-05 -1.282071e-04
11579.200000 9.045844e-01 8.824174e-03 2.057206e-03 6.298311e-01 -5.624178e-05 -4.841809e-05 3.463954e-05 -1.215638e-04
11579.400000 8.879981e-01 8.566720e-03 1.953071e-03 6.187424e-01 -4.838799e-05 -3.456559e-05 3.069026e-05 -1.361334e-04
11579.600000 9.023341e-01 8.792528e-03 1.957764e-03 6.318581e-01 -4.748320e-05 -2.662248e-05 2.275708e-05 -1.445635e-04
11579.800000 8.948589e-01 8.701170e-03 2.008059e-03 6.262688e-01 -4.933946e-05 -3.285759e-05 3.098693e-05 -1.298690e-04
11580.000000 8.988118e-01 8.713947e-03 2.062052e-03 6.281202e-01 -5.112822e-05 -3.496168e-05 3.381719e-05 -1.402910e-04
11580.200000 8.934242e-01 8.681168e-03 1.907531e-03 6.247887e-01 -5.110051e-05 -3.264301e-05 3.397057e-05 -1.428235e-04
11580.400000 9.062453e-01 8.867627e-03 1.992705e-03 6.320791e-01 -4.913318e-05 -3.467174e-05 3.955095e-05 -1.359165e-04
11580.600000 8.955215e-01 8.692641e-03 1.887212e-03 6.260643e-01 -4.689238e-05 -4.030325e-05 2.284514e-05 -1.385714e-04
11580.800000 8.928580e-01 8.680792e-03 1.883291e-03 6.254327e-01 -4.748181e-05 -5.175712e-05 2.833314e-05 -1.399366e-04
11581.000000 9.050615e-01 8.867534e-03 1.996958e-03 6.346839e-01 -4.995368e-05 -5.646335e-05 3.595110e-05 -1.311111e-04
11581.200000 8.946195e-01 8.665248e-03 1.908934e-03 6.268783e-01 -5.151940e-05 -5.125673e-05 3.054174e-05 -1.309050e-04
11581.400000 8.973690e-01 8.713801e-03 2.130626e-03 6.303312e-01 -5.349946e-05 -5.475909e-05 1.889709e-05 -1.351856e-04
11581.600000 9.045682e-01 8.858766e-03 1.977643e-03 6.343173e-01 -5.336064e-05 -5.954853e-05 2.959997e-05 -1.352075e-04
11581.800000 9.015264e-01 8.774847e-03 2.070932e-03 6.321242e-01 -5.357021e-05 -5.735557e-05 2.057689e-05 -1.436068e-04
11582.000000 8.905435e-01 8.651432e-03 1.877261e-03 6.243420e-01 -5.627921e-05 -5.604480e-05 1.469988e-05 -1.368605e-04
11582.200000 8.936960e-01 8.649005e-03 2.016317e-03 6.261905e-01 -5.324138e-05 -5.841733e-05 2.951002e-05 -1.442889e-04
11582.400000 9.072990e-01 8.875356e-03 1.998793e-03 6.362743e-01 -5.234772e-05 -5.873593e-05 1.786946e-05 -1.434233e-04
11582.600000 8.954851e-01 8.721598e-03 2.056493e-03 6.281338e-01 -4.965739e-05 -6.169826e-05 3.248859e-05 -1.397742e-04
11582.800000 8.936918e-01 8.643723e-03 1.919093e-03 6.284366e-01 -5.372887e-05 -7.162327e-05 3.764705e-05 -1.408766e-04
11583.000000 8.947069e-01 8.695776e-03 2.148554e-03 6.278040e-01 -4.995851e-05 -6.490733e-05 4.095107e-05 -1.414603e-04
11583.200000 8.918112e-01 8.637915e-03 2.091370e-03 6.296116e-01 -4.813181e-05 -6.890760e-05 3.426969e-05 -1.320805e-04
11583.400000 8.937240e-01 8.657462e-03 2.145056e-03 6.304289e-01 -5.433101e-05 -6.672198e-05 2.737677e-05 -1.359009e-04
11583.600000 8.851758e-01 8.519965e-03 2.082171e-03 6.235419e-01 -5.255376e-05 -6.662070e-05 3.046451e-05 -1.369944e-04
11583.800000 9.107160e-01 8.949879e-03 2.222636e-03 6.419365e-01 -4.961004e-05 -5.556757e-05 3.748455e-05 -1.325813e-04
11584.000000 9.087286e-01 8.949843e-03 2.124911e-03 6.378907e-01 -5.083886e-05 -5.040812e-05 3.390060e-05 -1.343563e-04
11584.200000 8.966653e-01 8.690438e-03 2.154030e-03 6.312744e-01 -5.260756e-05 -5.371860e-05 2.660001e-05 -1.352349e-04
11584.400000 8.781695e-01 8.454779e-03 2.006309e-03 6.179685e-01 -4.286321e-05 -5.452675e-05 3.772410e-05 -1.250484e-04
11584.600000 9.040039e-01 8.799737e-03 2.207625e-03 6.376246e-01 -4.082492e-05 -5.578234e-05 3.803318e-05 -1.354591e-04
11584.800000 9.080345e-01 8.898681e-03 2.276996e-03 6.384170e-01 -5.181757e-05 -5.958473e-05 4.112160e-05 -1.430043e-04
11585.000000 8.882728e-01 8.658854e-03 2.047464e-03 6.264707e-01 -6.265518e-05 -5.828547e-05 3.944758e-05 -1.437449e-04
11585.200000 8.924776e-01 8.642103e-03 2.102488e-03 6.300768e-01 -6.534423e-05 -5.815912e-05 4.300488e-05 -1.377102e-04
11585.400000 8.687065e-01 8.370134e-03 2.040886e-03 6.133019e-01 -6.887984e-05 -6.815550e-05 2.718334e-05 -1.236796e-04
11585.600000 9.083924e-01 8.881796e-03 2.208207e-03 6.414534e-01 -6.591800e-05 -7.196317e-05 2.080376e-05 -1.274497e-04
11585.800000 9.059432e-01 8.837687e-03 2.162202e-03 6.402722e-01 -6.632124e-05 -5.604785e-05 2.619317e-05 -1.270668e-04
11586.000000 8.872605e-01 8.568094e-03 2.141227e-03 6.268147e-01 -7.197611e-05 -5.482038e-05 4.317162e-05 -1.296139e-04
11586.200000 8.887788e-01 8.619700e-03 2.105374e-03 6.285376e-01 -7.023465e-05 -6.210014e-05 3.068815e-05 -1.328465e-04
11586.400000 8.980099e-01 8.753955e-03 2.119643e-03 6.370805e-01 -6.036396e-05 -5.906131e-05 4.112058e-05 -1.345728e-04
11586.600000 9.055118e-01 8.845716e-03 2.173838e-03 6.421362e-01 -6.203244e-05 -5.774353e-05 3.433458e-05 -1.348153e-04
11586.800000 8.928895e-01 8.705952e-03 2.125845e-03 6.328424e-01 -4.783096e-05 -5.746697e-05 2.768053e-05 -1.275535e-04
11587.000000 8.956724e-01 8.687277e-03 2.213852e-03 6.374082e-01 -5.424484e-05 -5.997216e-05 3.618889e-05 -1.248297e-04
11587.200000 9.010228e-01 8.759655e-03 2.135451e-03 6.391895e-01 -5.214786e-05 -6.878738e-05 3.552174e-05 -1.181681e-04
11587.400000 8.834915e-01 8.506145e-03 1.997570e-03 6.264928e-01 -4.670494e-05 -6.043427e-05 3.050010e-05 -1.226314e-04
11587.600000 8.973103e-01 8.742672e-03 2.173287e-03 6.370345e-01 -4.383701e-05 -5.178252e-05 3.521013e-05 -1.199753e-04
11587.800000 8.870945e-01 8.598853e-03 2.011376e-03 6.322767e-01 -4.621705e-05 -6.034774e-05 3.232864e-05 -1.253054e-04
11588.000000 8.958129e-01 8.737253e-03 2.125585e-03 6.407678e-01 -4.989804e-05 -6.601183e-05 2.726967e-05 -1.301844e-04
11588.200000 8.980280e-01 8.746835e-03 2.045782e-03 6.407885e-01 -4.859391e-05 -6.211431e-05 2.237118e-05 -1.288730e-04
11588.400000 8.683342e-01 8.396806e-03 2.034249e-03 6.136392e-01 -4.836878e-05 -5.655506e-05 3.766317e-05 -1.361945e-04
11588.600000 9.031075e-01 8.847204e-03 2.288281e-03 6.407831e-01 -4.966358e-05 -4.687259e-05 4.483360e-05 -1.371234e-04
11588.800000 8.986031e-01 8.799125e-03 2.091571e-03 6.401086e-01 -4.922115e-05 -5.377439e-05 3.918766e-05 -1.222031e-04
11589.000000 8.960887e-01 8.725625e-03 2.125178e-03 6.362128e-01 -5.488128e-05 -5.797188e-05 3.990365e-05 -1.265003e-04
11589.200000 8.918089e-01 8.596608e-03 2.018961e-03 6.368231e-01 -6.472328e-05 -6.125747e-05 3.900189e-05 -1.302484e-04
11589.400000 8.618689e-01 8.289114e-03 2.081476e-03 6.157455e-01 -6.207613e-05 -5.638971e-05 3.332390e-05 -1.208232e-04
11589.600000 8.910002e-01 8.623577e-03 2.096303e-03 6.353663e-01 -5.544612e-05 -6.726452e-05 3.808632e-05 -1.320093e-04
11589.800000 8.893223e-01 8.707512e-03 2.121654e-03 6.345326e-01 -5.161281e-05 -5.935477e-05 5.249547e-05 -1.267657e-04
11590.000000 8.880595e-01 8.631793e-03 2.007481e-03 6.313622e-01 -5.444215e-05 -4.748620e-05 5.068240e-05 -1.326703e-04
11590.200000 8.893742e-01 8.590653e-03 2.001383e-03 6.341227e-01 -5.284704e-05 -5.135455e-05 4.058334e-05 -1.354693e-04
11590.400000 8.803596e-01 8.505393e-03 1.987682e-03 6.269557e-01 -5.388196e-05 -5.212372e-05 3.396635e-05 -1.358786e-04
11590.600000 9.011306e-01 8.832042e-03 2.126446e-03 6.438835e-01 -5.369651e-05 -6.133284e-05 3.258755e-05 -1.387858e-04
11590.800000 8.989995e-01 8.734533e-03 1.933119e-03 6.428730e-01 -4.982061e-05 -6.834452e-05 4.061784e-05 -1.374233e-04
11591.000000 8.924453e-01 8.694382e-03 1.988370e-03 6.392377e-01 -5.612923e-05 -5.607579e-05 4.681576e-05 -1.311599e-04
11591.200000 9.040523e-01 8.852012e-03 2.093531e-03 6.482541e-01 -6.269798e-05 -5.550751e-05 3.903171e-05 -1.379333e-04
11591.400000 9.050910e-01 8.824731e-03 1.984295e-03 6.498813e-01 -5.735181e-05 -5.763876e-05 3.829371e-05 -1.353200e-04
11591.600000 8.862351e-01 8.580117e-03 1.750398e-03 6.328694e-01 -7.109139e-05 -4.859497e-05 4.384080e-05 -1.393903e-04
11591.800000 8.936545e-01 8.704711e-03 1.984533e-03 6.376667e-01 -6.714511e-05 -5.492938e-05 4.734899e-05 -1.499145e-04
11592.000000 9.052699e-01 8.842708e-03 1.887794e-03 6.471855e-01 -6.293129e-05 -5.801722e-05 6.881145e-05 -1.328119e-04
11592.200000 8.934466e-01 8.697795e-03 1.783561e-03 6.406243e-01 -6.350369e-05 -6.400131e-05 6.031090e-05 -1.351706e-04
11592.400000 8.965951e-01 8.743599e-03 1.901059e-03 6.435104e-01 -6.999027e-05 -6.309222e-05 4.836831e-05 -1.322816e-04
11592.600000 8.795363e-01 8.508395e-03 1.951536e-03 6.295802e-01 -5.875078e-05 -4.918183e-05 4.641044e-05 -1.245992e-04
11592.800000 9.015499e-01 8.755766e-03 1.938593e-03 6.451586e-01 -6.349711e-05 -5.207150e-05 4.229100e-05 -1.226487e-04
11593.000000 8.894346e-01 8.673236e-03 1.878558e-03 6.391238e-01 -6.959050e-05 -5.593385e-05 6.012381e-05 -1.209594e-04
11593.200000 9.171365e-01 8.962725e-03 1.861900e-03 6.562325e-01 -6.999309e-05 -5.456109e-05 6.882963e-05 -1.241667e-04
11593.400000 8.826276e-01 8.585051e-03 1.876077e-03 6.355243e-01 -6.447111e-05 -4.655210e-05 5.868214e-05 -1.291390e-04
11593.600000 9.027093e-01 8.752235e-03 1.720691e-03 6.483921e-01 -5.800334e-05 -5.342547e-05 5.994592e-05 -1.414267e-04
11593.800000 8.738090e-01 8.498754e-03 1.761633e-03 6.313648e-01 -5.916239e-05 -6.126742e-05 4.429532e-05 -1.312379e-04
11594.000000 8.985780e-01 8.741540e-03 1.639833e-03 6.435367e-01 -6.073471e-05 -6.014679e-05 4.919601e-05 -1.318514e-04
11594.200000 8.972223e-01 8.772392e-03 1.869061e-03 6.430688e-01 -7.348420e-05 -5.191915e-05 6.829497e-05 -1.250257e-04
11594.400000 8.987050e-01 8.743803e-03 1.882142e-03 6.454865e-01 -7.405663e-05 -4.792430e-05 4.766948e-05 -1.325805e-04
11594.600000 8.879433e-01 8.618395e-03 1.771157e-03 6.365589e-01 -6.987275e-05 -4.708898e-05 5.114474e-05 -1.345352e-04
11594.800000 8.933517e-01 8.765080e-03 1.753199e-03 6.424025e-01 -6.392022e-05 -5.831950e-05 5.224827e-05 -1.323799e-04
11595.000000 8.884129e-01 8.611545e-03 1.830402e-03 6.381447e-01 -6.930775e-05 -5.526365e-05 5.153994e-05 -1.318549e-04
11595.200000 9.110509e-01 9.001173e-03 1.869843e-03 6.583052e-01 -7.375046e-05 -5.969355e-05 5.177326e-05 -1.393324e-04
11595.400000 8.962827e-01 8.753388e-03 1.979933e-03 6.476795e-01 -6.584953e-05 -5.599873e-05 5.573285e-05 -1.378944e-04
11595.600000 9.010162e-01 8.815023e-03 1.960537e-03 6.481556e-01 -6.590032e-05 -5.412473e-05 5.442457e-05 -1.183683e-04
11595.800000 8.927368e-01 8.674648e-03 1.788728e-03 6.428721e-01 -6.786092e-05 -6.425448e-05 4.596577e-05 -1.160030e-04
11596.000000 8.931144e-01 8.686373e-03 1.791692e-03 6.424706e-01 -6.954075e-05 -5.941922e-05 4.332076e-05 -1.247718e-04
11596.200000 9.001873e-01 8.713433e-03 2.019028e-03 6.497228e-01 -7.065111e-05 -5.597182e-05 4.522872e-05 -1.249859e-04
11596.400000 8.771759e-01 8.555647e-03 1.873713e-03 6.361193e-01 -6.527175e-05 -5.516177e-05 5.101020e-05 -1.299653e-04
11596.600000 8.989574e-01 8.794429e-03 1.830990e-03 6.481412e-01 -6.182951e-05 -4.930504e-05 4.398864e-05 -1.321968e-04
11596.800000 9.004629e-01 8.832598e-03 1.855895e-03 6.488935e-01 -6.219171e-05 -4.701024e-05 4.250283e-05 -1.361650e-04
11597.000000 8.932491e-01 8.719944e-03 1.831330e-03 6.442010e-01 -6.173026e-05 -4.185981e-05 5.003777e-05 -1.276372e-04
11597.700000 8.892329e-01 8.675034e-03 1.907515e-03 6.433640e-01 -5.714877e-05 -4.776807e-05 5.080365e-05 -1.287733e-04
11598.400000 8.875979e-01 8.679201e-03 1.958706e-03 6.419967e-01 -5.944373e-05 -5.054058e-05 4.669331e-05 -1.317869e-04
11599.100000 8.951146e-01 8.782509e-03 2.038256e-03 6.481162e-01 -6.088519e-05 -5.118272e-05 4.608417e-05 -1.271534e-04
11599.800000 8.904431e-01 8.706546e-03 2.067210e-03 6.455475e-01 -5.767355e-05 -5.029178e-05 3.724087e-05 -1.249574e-04
11600.500000 8.965575e-01 8.789529e-03 2.102340e-03 6.505597e-01 -5.864965e-05 -4.353830e-05 3.684343e-05 -1.329956e-04
11601.200000 8.899284e-01 8.702265e-03 2.072804e-03 6.472134e-01 -5.753183e-05 -3.972711e-05 2.314219e-05 -1.458437e-04
11601.900000 8.906750e-01 8.705645e-03 2.038139e-03 6.485939e-01 -5.450823e-05 -3.820380e-05 1.978530e-05 -1.456937e-04
11602.600000 8.929070e-01 8.750023e-03 2.059334e-03 6.516212e-01 -5.631876e-05 -5.610425e-05 2.801317e-05 -1.407587e-04
11603.300000 8.960513e-01 8.801480e-03 2.060837e-03 6.549012e-01 -5.705140e-05 -6.790829e-05 3.124820e-05 -1.321348e-04
11604.993695 8.914745e-01 8.742440e-03 2.125588e-03 6.533382e-01 -5.142051e-05 -6.601562e-05 4.151464e-05 -1.294744e-04
11605.999583 8.899040e-01 8.718771e-03 2.135055e-03 6.532622e-01 -5.249595e-05 -5.649169e-05 4.880845e-05 -1.206476e-04
11607.017662 8.942700e-01 8.802434e-03 2.160178e-03 6.580987e-01 -5.738977e-05 -4.122337e-05 3.520098e-05 -1.275759e-04
11608.047933 8.923772e-01 8.787938e-03 2.152191e-03 6.575970e-01 -4.979695e-05 -3.979176e-05 4.052396e-05 -1.286117e-04
11609.090396 8.909017e-01 8.766314e-03 2.159454e-03 6.572875e-01 -4.798616e-05 -3.569552e-05 5.254599e-05 -1.206423e-04
11610.145051 8.948352e-01 8.821913e-03 2.177071e-03 6.610463e-01 -5.207142e-05 -4.026594e-05 4.422027e-05 -1.198525e-04
11611.211898 8.914511e-01 8.788660e-03 2.168000e-03 6.626354e-01 -4.469616e-05 -4.749066e-05 3.704464e-05 -1.171161e-04
11612.290937 8.922692e-01 8.781149e-03 2.082901e-03 6.619911e-01 -5.323789e-05 -4.917215e-05 3.216428e-05 -1.159186e-04
11613.382167 8.941284e-01 8.832855e-03 2.077722e-03 6.658775e-01 -5.609715e-05 -5.140430e-05 4.020631e-05 -1.277731e-04
11614.485590 8.905251e-01 8.779933e-03 2.021533e-03 6.644094e-01 -5.819042e-05 -5.042169e-05 2.785646e-05 -1.287057e-04
11615.601204 8.865230e-01 8.711910e-03 1.986942e-03 6.618406e-01 -5.215780e-05 -4.039078e-05 3.489486e-05 -1.239807e-04
11616.729011 8.914631e-01 8.798276e-03 1.977923e-03 6.654349e-01 -5.332385e-05 -4.233760e-05 3.076311e-05 -1.197251e-04
11617.869009 8.907178e-01 8.795968e-03 1.979843e-03 6.649363e-01 -5.494219e-05 -5.340346e-05 3.486243e-05 -1.291530e-04
11619.021199 8.865235e-01 8.750890e-03 1.949667e-03 6.602719e-01 -5.380554e-05 -5.278470e-05 4.631775e-05 -1.252759e-04
11620.185582 8.895524e-01 8.835767e-03 1.917806e-03 6.628806e-01 -6.311346e-05 -4.789025e-05 4.099436e-05 -1.312430e-04
11621.362156 8.904861e-01 8.852981e-03 1.910786e-03 6.607270e-01 -6.024440e-05 -4.075396e-05 3.054340e-05 -1.288892e-04
11622.550922 8.864307e-01 8.823518e-03 1.897598e-03 6.575846e-01 -6.476446e-05 -4.561890e-05 2.615135e-05 -1.351489e-04
11623.751879 8.881620e-01 8.892480e-03 1.927489e-03 6.562700e-01 -6.659338e-05 -3.453408e-05 2.781073e-05 -1.218267e-04
11624.965029 8.904966e-01 8.951772e-03 1.939447e-03 6.557433e-01 -6.356523e-05 -3.485192e-05 2.983924e-05 -1.213657e-04
11626.190371 8.888892e-01 8.944664e-03 1.983386e-03 6.542252e-01 -6.049795e-05 -3.977369e-05 3.562348e-05 -1.298977e-04
11627.427904 8.850785e-01 8.930067e-03 2.003237e-03 6.492509e-01 -6.991007e-05 -3.747669e-05 3.039233e-05 -1.315271e-04
11628.677630 8.873888e-01 8.975035e-03 2.010757e-03 6.505437e-01 -7.496138e-05 -4.421111e-05 3.886736e-05 -1.235679e-04
11629.939547 8.903006e-01 9.051638e-03 2.057932e-03 6.505633e-01 -6.387966e-05 -5.040553e-05 3.527170e-05 -1.180242e-04
11631.213657 8.871513e-01 9.012990e-03 2.013021e-03 6.478761e-01 -5.902333e-05 -4.707770e-05 3.623815e-05 -1.171336e-04
11632.499958 8.890537e-01 9.075857e-03 2.079000e-03 6.504901e-01 -6.154457e-05 -4.469771e-05 3.762509e-05 -1.132205e-04
11633.798451 8.877317e-01 9.062819e-03 2.098863e-03 6.469270e-01 -6.441283e-05 -4.570130e-05 3.680693e-05 -1.173098e-04
11635.109136 8.877723e-01 9.091395e-03 2.129159e-03 6.457638e-01 -6.117363e-05 -4.654984e-05 2.703015e-05 -1.190717e-04
11636.432013 8.877779e-01 9.119590e-03 2.129213e-03 6.457525e-01 -5.922108e-05 -5.530857e-05 1.890100e-05 -1.280210e-04
11637.767082 8.860707e-01 9.116837e-03 2.150072e-03 6.453027e-01 -6.400503e-05 -5.635962e-05 2.194469e-05 -1.414742e-04
11639.114342 8.869929e-01 9.148247e-03 2.195731e-03 6.445744e-01 -6.592376e-05 -5.054227e-05 1.564311e-05 -1.347070e-04
11640.473795 8.871912e-01 9.158109e-03 2.182649e-03 6.442673e-01 -6.438428e-05 -4.615114e-05 2.919456e-05 -1.349044e-04
11641.845440 8.859200e-01 9.162395e-03 2.216526e-03 6.434435e-01 -6.291936e-05 -3.818851e-05 2.364689e-05 -1.382157e-04
11643.229276 8.850650e-01 9.156714e-03 2.250052e-03 6.430053e-01 -6.230002e-05 -4.371042e-05 3.017382e-05 -1.379840e-04
11644.625305 8.861638e-01 9.189957e-03 2.214224e-03 6.447551e-01 -6.743368e-05 -3.553955e-05 2.697361e-05 -1.447829e-04
11646.033525 8.832432e-01 9.167710e-03 2.269117e-03 6.416797e-01 -6.211941e-05 -4.509076e-05 1.705861e-05 -1.458814e-04
11647.453937 8.858353e-01 9.241672e-03 2.283672e-03 6.436988e-01 -6.527716e-05 -3.829546e-05 2.017700e-05 -1.410861e-04
11648.886541 8.826074e-01 9.185640e-03 2.298366e-03 6.434513e-01 -7.016612e-05 -3.912454e-05 2.499644e-05 -1.327608e-04
11650.331337 8.811214e-01 9.190593e-03 2.285991e-03 6.433450e-01 -7.239196e-05 -3.939879e-05 2.287928e-05 -1.315781e-04
11651.788325 8.826374e-01 9.223836e-03 2.288231e-03 6.432758e-01 -6.449965e-05 -3.791538e-05 2.161628e-05 -1.275488e-04
11653.257505 8.843299e-01 9.253496e-03 2.286928e-03 6.451197e-01 -6.352747e-05 -4.144041e-05 2.276783e-05 -1.292785e-04
11654.738877 8.833251e-01 9.248213e-03 2.282795e-03 6.454094e-01 -4.882852e-05 -2.823918e-05 1.345082e-05 -1.346485e-04
11656.232440 8.825100e-01 9.231565e-03 2.218415e-03 6.452653e-01 -5.282581e-05 -3.552591e-05 1.849103e-05 -1.391899e-04
11657.738196 8.841945e-01 9.301679e-03 2.243230e-03 6.470484e-01 -5.395950e-05 -3.685443e-05 3.040438e-05 -1.388257e-04
11659.256143 8.826927e-01 9.271408e-03 2.134550e-03 6.460273e-01 -6.490177e-05 -2.962449e-05 3.150690e-05 -1.233302e-04
11660.786283 8.802764e-01 9.266542e-03 2.151318e-03 6.455442e-01 -6.528545e-05 -2.674022e-05 2.003189e-05 -1.264902e-04
11662.328614 8.821763e-01 9.317494e-03 2.168270e-03 6.483508e-01 -6.029929e-05 -3.006349e-05 1.561228e-05 -1.349986e-04
11663.883137 8.822755e-01 9.335190e-03 2.155242e-03 6.487583e-01 -6.628310e-05 -3.087241e-05 1.626226e-05 -1.348010e-04
11665.449852 8.813710e-01 9.353883e-03 2.159268e-03 6.473483e-01 -6.053089e-05 -2.856297e-05 1.797571e-05 -1.253791e-04
11667.028759 8.814370e-01 9.362157e-03 2.163915e-03 6.484027e-01 -6.096645e-05 -2.718658e-05 2.174896e-05 -1.181228e-04
11668.619858 8.802045e-01 9.351760e-03 2.175631e-03 6.485416e-01 -5.720134e-05 -3.563702e-05 1.011580e-05 -1.205202e-04
11670.223149 8.799531e-01 9.374330e-03 2.202441e-03 6.480812e-01 -6.002567e-05 -3.710727e-05 1.497602e-05 -1.313459e-04
11671.838632 8.787196e-01 9.371147e-03 2.228367e-03 6.488312e-01 -6.384837e-05 -3.115105e-05 2.361845e-05 -1.250656e-04
11673.466307 8.795984e-01 9.382338e-03 2.245431e-03 6.497278e-01 -6.072000e-05 -2.873226e-05 1.740144e-05 -1.326740e-04
11675.106173 8.794743e-01 9.405582e-03 2.253621e-03 6.505528e-01 -6.118047e-05 -3.101118e-05 1.210708e-05 -1.388926e-04
11676.758232 8.780540e-01 9.411486e-03 2.281891e-03 6.494220e-01 -7.016568e-05 -3.108471e-05 1.852833e-05 -1.387903e-04
11678.422482 8.754412e-01 9.379535e-03 2.234233e-03 6.479796e-01 -6.654783e-05 -3.862621e-05 2.391287e-05 -1.279295e-04
11680.098924 8.760210e-01 9.406201e-03 2.233834e-03 6.489653e-01 -6.368907e-05 -4.044704e-05 1.955855e-05 -1.211662e-04
11681.787558 8.754832e-01 9.409083e-03 2.242460e-03 6.488086e-01 -6.431637e-05 -3.201667e-05 2.042449e-05 -1.150811e-04
11683.488385 8.762803e-01 9.440707e-03 2.200811e-03 6.503384e-01 -6.393589e-05 -3.573056e-05 2.291679e-05 -1.387783e-04
11685.201403 8.761262e-01 9.452555e-03 2.230119e-03 6.512756e-01 -6.644554e-05 -3.843281e-05 3.944740e-05 -1.362601e-04
11686.926613 8.774188e-01 9.489351e-03 2.227415e-03 6.523382e-01 -6.111402e-05 -3.649056e-05 2.311779e-05 -1.320998e-04
11688.664014 8.757082e-01 9.487662e-03 2.247609e-03 6.505477e-01 -6.238291e-05 -3.990420e-05 1.690896e-05 -1.317819e-04
11690.413608 8.755297e-01 9.516689e-03 2.242093e-03 6.510478e-01 -6.234663e-05 -4.031679e-05 1.478052e-05 -1.286443e-04
11692.175394 8.746178e-01 9.528621e-03 2.242549e-03 6.510813e-01 -6.141901e-05 -4.772568e-05 2.511641e-05 -1.305077e-04
11693.949371 8.764441e-01 9.583839e-03 2.296988e-03 6.502357e-01 -5.545015e-05 -4.435987e-05 3.405881e-05 -1.223186e-04
11695.735541 8.744216e-01 9.568238e-03 2.273817e-03 6.488953e-01 -5.535825e-05 -3.880301e-05 2.951646e-05 -1.202970e-04
11697.533902 8.753506e-01 9.604223e-03 2.314994e-03 6.502858e-01 -6.629659e-05 -3.040310e-05 2.598718e-05 -1.231571e-04
11699.344455 8.728530e-01 9.569438e-03 2.332003e-03 6.482269e-01 -6.316484e-05 -3.732714e-05 1.914237e-05 -1.233286e-04
11701.167201 8.711958e-01 9.583084e-03 2.340264e-03 6.459692e-01 -6.362586e-05 -4.203179e-05 2.217537e-05 -1.141826e-04
11703.002138 8.691416e-01 9.599407e-03 2.429509e-03 6.437186e-01 -6.355580e-05 -4.527778e-05 2.451439e-05 -1.122949e-04
11704.849267 8.731026e-01 9.672861e-03 2.468392e-03 6.464357e-01 -6.125984e-05 -4.701229e-05 3.718894e-05 -1.083739e-04
11706.708588 8.715491e-01 9.671233e-03 2.484188e-03 6.451475e-01 -5.479765e-05 -4.610238e-05 3.872502e-05 -1.133353e-04
11708.580100 8.712515e-01 9.693638e-03 2.454578e-03 6.460628e-01 -5.384123e-05 -5.008391e-05 3.992308e-05 -1.171368e-04
11710.463805 8.710110e-01 9.700502e-03 2.479270e-03 6.443273e-01 -6.131121e-05 -4.937275e-05 3.611594e-05 -1.189850e-04
11712.359702 8.707677e-01 9.730433e-03 2.487739e-03 6.449691e-01 -6.056641e-05 -4.519030e-05 2.239723e-05 -1.167453e-04
11714.267790 8.708246e-01 9.765115e-03 2.458245e-03 6.465792e-01 -4.757319e-05 -5.659756e-05 3.053119e-05 -1.091965e-04
11716.188071 8.711547e-01 9.803456e-03 2.463274e-03 6.471291e-01 -3.369672e-05 -5.650943e-05 3.623997e-05 -1.178465e-04
11718.120543 8.709181e-01 9.829756e-03 2.482087e-03 6.462261e-01 -3.926430e-05 -5.175413e-05 4.194794e-05 -1.225423e-04
11720.065207 8.701259e-01 9.841884e-03 2.426821e-03 6.443957e-01 -4.289225e-05 -4.677416e-05 5.170797e-05 -1.157241e-04
11722.022064 8.681026e-01 9.805073e-03 2.390576e-03 6.431587e-01 -4.759463e-05 -4.428634e-05 5.269359e-05 -1.180447e-04
11723.991112 8.685352e-01 9.836888e-03 2.391824e-03 6.441352e-01 -4.889861e-05 -4.854445e-05 5.487989e-05 -1.212320e-04
11725.972352 8.689628e-01 9.876266e-03 2.444885e-03 6.422562e-01 -5.986685e-05 -3.926138e-05 6.920581e-05 -1.183134e-04
11727.965784 8.682482e-01 9.906208e-03 2.379175e-03 6.437769e-01 -6.572239e-05 -4.172546e-05 5.434292e-05 -1.231550e-04
11729.971407 8.668673e-01 9.902136e-03 2.390373e-03 6.428909e-01 -5.863648e-05 -4.646590e-05 4.237162e-05 -1.241374e-04
11731.989223 8.631680e-01 9.891269e-03 2.379116e-03 6.402422e-01 -7.078641e-05 -5.205571e-05 3.653037e-05 -1.162710e-04
11734.019231 8.608978e-01 9.880295e-03 2.385116e-03 6.401719e-01 -7.097747e-05 -4.807221e-05 3.910576e-05 -1.191724e-04
11736.061430 8.657397e-01 9.981514e-03 2.399306e-03 6.439818e-01 -7.206095e-05 -5.069162e-05 4.708640e-05 -1.209081e-04
11738.115822 8.650366e-01 9.971800e-03 2.420985e-03 6.416146e-01 -7.946941e-05 -4.978219e-05 3.280854e-05 -1.184455e-04
11740.182405 8.648524e-01 9.996166e-03 2.431751e-03 6.423475e-01 -7.271184e-05 -4.425297e-05 3.873561e-05 -1.150046e-04
11742.261180 8.640464e-01 9.996499e-03 2.417377e-03 6.426246e-01 -7.349829e-05 -4.275105e-05 3.262297e-05 -1.170063e-04
11744.352148 8.651249e-01 1.002070e-02 2.417775e-03 6.440389e-01 -6.281499e-05 -4.442921e-05 3.054990e-05 -1.126184e-04
11746.455307 8.642354e-01 1.003523e-02 2.410522e-03 6.434157e-01 -6.193296e-05 -4.759556e-05 3.005843e-05 -1.191063e-04
11748.570658 8.636741e-01 1.006695e-02 2.452495e-03 6.445522e-01 -5.830015e-05 -4.893032e-05 4.031456e-05 -1.255500e-04
11750.698201 8.623006e-01 1.006041e-02 2.398199e-03 6.434983e-01 -6.433766e-05 -4.942026e-05 4.360898e-05 -1.283232e-04
11752.837935 8.631917e-01 1.010721e-02 2.421652e-03 6.429111e-01 -6.257093e-05 -4.232950e-05 4.984135e-05 -1.360585e-04
11754.989862 8.632444e-01 1.012842e-02 2.462305e-03 6.438181e-01 -5.355020e-05 -4.718695e-05 5.512515e-05 -1.294527e-04
11757.153981 8.616080e-01 1.012777e-02 2.469637e-03 6.432950e-01 -5.792709e-05 -5.073668e-05 5.168582e-05 -1.293648e-04
11759.330291 8.602951e-01 1.014089e-02 2.465950e-03 6.420396e-01 -5.803513e-05 -5.544791e-05 4.876346e-05 -1.249532e-04
11761.518794 8.613131e-01 1.019906e-02 2.494192e-03 6.437265e-01 -6.035538e-05 -5.093265e-05 4.043901e-05 -1.268788e-04
11763.719488 8.612697e-01 1.021427e-02 2.508597e-03 6.459712e-01 -5.522606e-05 -3.824391e-05 4.750939e-05 -1.247987e-04
11765.932374 8.601080e-01 1.020945e-02 2.565171e-03 6.441088e-01 -5.783288e-05 -2.871020e-05 5.248872e-05 -1.280258e-04
11768.157453 8.589686e-01 1.021388e-02 2.593594e-03 6.444488e-01 -6.140070e-05 -2.721513e-05 6.040669e-05 -1.295931e-04
11770.394723 8.533881e-01 1.017310e-02 2.579504e-03 6.402463e-01 -6.278959e-05 -3.495433e-05 4.914929e-05 -1.300280e-04
11772.644185 8.503084e-01 1.016438e-02 2.598147e-03 6.383823e-01 -5.704680e-05 -4.573431e-05 5.752559e-05 -1.325698e-04
11774.905838 8.559359e-01 1.024140e-02 2.639445e-03 6.438352e-01 -5.307171e-05 -3.505087e-05 5.470990e-05 -1.365662e-04
11777.179684 8.571644e-01 1.028660e-02 2.666926e-03 6.442615e-01 -5.377453e-05 -3.431830e-05 5.624070e-05 -1.369216e-04
11779.465722 8.570122e-01 1.032327e-02 2.636964e-03 6.435601e-01 -5.699415e-05 -3.044855e-05 5.745890e-05 -1.357148e-04
11781.763952 8.570431e-01 1.035798e-02 2.663070e-03 6.446867e-01 -5.765121e-05 -3.366484e-05 5.288252e-05 -1.372140e-04
11784.074373 8.556316e-01 1.036036e-02 2.700629e-03 6.427348e-01 -5.671783e-05 -3.593491e-05 6.406294e-05 -1.310828e-04
11786.396987 8.571164e-01 1.041208e-02 2.701932e-03 6.439012e-01 -5.462578e-05 -2.890631e-05 5.879835e-05 -1.464871e-04
11788.731792 8.557722e-01 1.040927e-02 2.680517e-03 6.445435e-01 -4.956205e-05 -3.178368e-05 4.903147e-05 -1.289579e-04
11791.078789 8.538077e-01 1.039787e-02 2.681436e-03 6.421264e-01 -5.140874e-05 -2.968880e-05 4.938633e-05 -1.243916e-04
11793.437978 8.535382e-01 1.042468e-02 2.731236e-03 6.416753e-01 -6.012101e-05 -2.082625e-05 4.668143e-05 -1.290989e-04
11795.809359 8.554733e-01 1.049558e-02 2.734822e-03 6.433798e-01 -5.364922e-05 -1.770327e-05 4.371410e-05 -1.304742e-04
11798.192932 8.534086e-01 1.049583e-02 2.706346e-03 6.425222e-01 -4.340548e-05 -1.951174e-05 5.228431e-05 -1.341299e-04
11800.588697 8.516800e-01 1.049812e-02 2.695715e-03 6.411195e-01 -5.475067e-05 -1.862860e-05 6.136727e-05 -1.339510e-04
11802.996654 8.526886e-01 1.053251e-02 2.699072e-03 6.414214e-01 -5.334828e-05 -1.618720e-05 4.995826e-05 -1.307207e-04
11805.416803 8.531397e-01 1.057557e-02 2.669964e-03 6.426930e-01 -5.352744e-05 -2.471993e-05 3.159101e-05 -1.392975e-04
11807.849143 8.504019e-01 1.054994e-02 2.632651e-03 6.404470e-01 -5.342712e-05 -3.247464e-05 1.999867e-05 -1.356515e-04
11810.293676 8.502844e-01 1.058644e-02 2.606168e-03 6.409963e-01 -4.957344e-05 -3.099992e-05 3.290473e-05 -1.428103e-04
11812.750400 8.504404e-01 1.061546e-02 2.644514e-03 6.421598e-01 -4.040654e-05 -2.505975e-05 3.130154e-05 -1.454368e-04
11815.219317 8.493065e-01 1.064920e-02 2.605503e-03 6.401798e-01 -3.636158e-05 -2.570650e-05 2.252449e-05 -1.416140e-04
11817.700425 8.454137e-01 1.062803e-02 2.596309e-03 6.367312e-01 -4.349765e-05 -2.081885e-05 3.429066e-05 -1.360606e-04
11820.193725 8.487917e-01 1.072097e-02 2.643071e-03 6.402422e-01 -4.778228e-05 -2.127406e-05 4.004803e-05 -1.348221e-04
11822.699217 8.488745e-01 1.073651e-02 2.662397e-03 6.413275e-01 -4.441698e-05 -3.028517e-05 1.751194e-05 -1.407358e-04
11825.216901 8.465607e-01 1.074509e-02 2.681779e-03 6.394323e-01 -4.624096e-05 -3.920786e-05 2.257126e-05 -1.275319e-04
11827.746777 8.432497e-01 1.072213e-02 2.670959e-03 6.362062e-01 -4.346872e-05 -3.195207e-05 2.818659e-05 -1.290614e-04
11830.288845 8.452622e-01 1.078040e-02 2.712033e-03 6.366766e-01 -5.500481e-05 -2.182807e-05 3.858637e-05 -1.260888e-04
11832.843105 8.461579e-01 1.083012e-02 2.796780e-03 6.384691e-01 -6.250732e-05 -3.058148e-05 3.363559e-05 -1.290952e-04
11835.409556 8.444583e-01 1.083410e-02 2.818311e-03 6.372510e-01 -5.506995e-05 -2.448268e-05 2.852935e-05 -1.270574e-04
11837.988200 8.440061e-01 1.083600e-02 2.819801e-03 6.370339e-01 -5.224279e-05 -2.649545e-05 2.948224e-05 -1.351024e-04
11840.579035 8.436897e-01 1.088537e-02 2.860385e-03 6.371110e-01 -4.123346e-05 -3.088621e-05 2.239669e-05 -1.331991e-04
11843.182062 8.437741e-01 1.092992e-02 2.923885e-03 6.377369e-01 -4.193126e-05 -3.033814e-05 2.861736e-05 -1.264943e-04
11845.797282 8.401144e-01 1.090857e-02 2.894069e-03 6.368164e-01 -4.567147e-05 -2.675565e-05 3.383441e-05 -1.221719e-04
11848.424693 8.416150e-01 1.097100e-02 2.910333e-03 6.354260e-01 -4.155745e-05 -2.531262e-05 2.769015e-05 -1.322475e-04
11851.064296 8.422771e-01 1.102021e-02 2.922052e-03 6.369376e-01 -4.188126e-05 -1.476470e-05 3.345647e-05 -1.312123e-04
11853.716091 8.422644e-01 1.104360e-02 2.934420e-03 6.377802e-01 -3.814773e-05 -1.304440e-05 4.012285e-05 -1.207361e-04
11856.380078 8.402698e-01 1.104063e-02 2.922769e-03 6.365279e-01 -3.039058e-05 -1.811502e-05 4.527768e-05 -1.180499e-04
11859.056256 8.402086e-01 1.109192e-02 2.913812e-03 6.365770e-01 -3.211475e-05 -2.273870e-05 3.504471e-05 -1.325188e-04
11861.744627 8.363032e-01 1.107276e-02 2.926021e-03 6.337474e-01 -3.529404e-05 -3.061006e-05 2.697799e-05 -1.378774e-04
11864.445190 8.346104e-01 1.106868e-02 3.007939e-03 6.332903e-01 -3.160483e-05 -2.945991e-05 2.328240e-05 -1.272037e-04
11867.157944 8.384925e-01 1.114737e-02 3.015852e-03 6.363917e-01 -3.703850e-05 -2.454194e-05 2.537182e-05 -1.200407e-04
11869.882891 8.362729e-01 1.116493e-02 3.002645e-03 6.352098e-01 -4.052203e-05 -3.102752e-05 2.569446e-05 -1.219081e-04
11872.620029 8.355826e-01 1.117649e-02 3.000447e-03 6.352733e-01 -4.104205e-05 -3.238774e-05 3.248895e-05 -1.323647e-04
11875.369359 8.364317e-01 1.122314e-02 3.037425e-03 6.368405e-01 -4.158002e-05 -2.319159e-05 3.656121e-05 -1.277972e-04
11878.130881 8.354056e-01 1.124715e-02 3.011217e-03 6.355192e-01 -4.067020e-05 -2.763699e-05 3.529380e-05 -1.363024e-04
11880.904595 8.273282e-01 1.115997e-02 2.972839e-03 6.310121e-01 -3.665585e-05 -3.565033e-05 4.452744e-05 -1.366257e-04
11883.690501 8.277955e-01 1.119394e-02 2.977315e-03 6.311566e-01 -3.472015e-05 -2.847018e-05 3.397903e-05 -1.303463e-04
11886.488599 8.338018e-01 1.131702e-02 3.009337e-03 6.353212e-01 -3.811178e-05 -2.740934e-05 3.813301e-05 -1.323862e-04
11889.298889 8.343504e-01 1.136851e-02 2.979233e-03 6.363057e-01 -4.046909e-05 -2.606270e-05 3.647011e-05 -1.293603e-04
11892.121371 8.327481e-01 1.138401e-02 3.011762e-03 6.356955e-01 -3.637999e-05 -3.659987e-05 2.859306e-05 -1.296309e-04
11894.956044 8.316679e-01 1.139954e-02 3.028776e-03 6.328797e-01 -3.287214e-05 -4.197415e-05 2.127885e-05 -1.318655e-04
11897.802910 8.320365e-01 1.146773e-02 2.983192e-03 6.349557e-01 -4.119072e-05 -3.213533e-05 2.438515e-05 -1.265718e-04
11900.661967 8.313550e-01 1.148135e-02 3.008489e-03 6.350973e-01 -4.696527e-05 -3.369090e-05 2.384079e-05 -1.415211e-04
11903.533217 8.310904e-01 1.150203e-02 3.027374e-03 6.354655e-01 -4.333853e-05 -3.302145e-05 1.420614e-05 -1.428711e-04
11906.416658 8.295449e-01 1.151141e-02 3.094722e-03 6.347451e-01 -4.909587e-05 -4.406756e-05 2.849974e-05 -1.432413e-04
11909.312291 8.294443e-01 1.155500e-02 3.099446e-03 6.343272e-01 -5.268144e-05 -4.224378e-05 2.443961e-05 -1.409238e-04
11912.220116 8.294096e-01 1.159316e-02 3.190848e-03 6.342992e-01 -5.111610e-05 -4.325727e-05 1.767238e-05 -1.245008e-04
11915.140133 8.279899e-01 1.160108e-02 3.185306e-03 6.337154e-01 -4.428104e-05 -4.326771e-05 1.876090e-05 -1.223859e-04
11918.072342 8.279403e-01 1.164244e-02 3.211995e-03 6.339049e-01 -3.388299e-05 -4.336570e-05 1.853804e-06 -1.322660e-04
11921.016743 8.272554e-01 1.166378e-02 3.220020e-03 6.326262e-01 -3.751901e-05 -3.793776e-05 1.110412e-05 -1.359374e-04
11923.973335 8.266901e-01 1.169592e-02 3.259314e-03 6.332398e-01 -4.426854e-05 -4.097343e-05 1.898013e-05 -1.206251e-04
11926.942120 8.262312e-01 1.172856e-02 3.272003e-03 6.328636e-01 -3.742859e-05 -4.650746e-05 2.568927e-05 -1.182047e-04
11929.923096 8.255035e-01 1.176485e-02 3.275701e-03 6.337395e-01 -4.935197e-05 -4.040835e-05 2.646745e-05 -1.178491e-04
11932.916265 8.233335e-01 1.174694e-02 3.275625e-03 6.302371e-01 -5.374158e-05 -4.538042e-05 2.715200e-05 -1.162851e-04
11935.921625 8.159368e-01 1.170797e-02 3.282925e-03 6.258082e-01 -5.682031e-05 -5.106131e-05 2.883374e-05 -1.166314e-04
11938.939177 8.191078e-01 1.177507e-02 3.291789e-03 6.280791e-01 -6.082410e-05 -4.894067e-05 1.801198e-05 -1.216908e-04
11941.968921 8.227483e-01 1.188368e-02 3.326129e-03 6.307138e-01 -5.087004e-05 -4.093269e-05 1.130957e-05 -1.049253e-04
11945.010858 8.228064e-01 1.192299e-02 3.317476e-03 6.311837e-01 -4.097403e-05 -4.823070e-05 1.617291e-05 -1.055853e-04
11948.064985 8.225306e-01 1.197162e-02 3.346246e-03 6.311232e-01 -3.979263e-05 -4.732503e-05 8.257804e-06 -1.090803e-04
11951.131305 8.209178e-01 1.199433e-02 3.375533e-03 6.314814e-01 -3.583774e-05 -3.497688e-05 6.495543e-06 -1.115172e-04
11954.209817 8.208552e-01 1.201961e-02 3.406719e-03 6.306895e-01 -3.520406e-05 -3.936113e-05 1.517664e-05 -1.115968e-04
11957.300521 8.199594e-01 1.204758e-02 3.394663e-03 6.304915e-01 -3.739094e-05 -4.639106e-05 2.091327e-05 -1.031044e-04
11960.403416 8.198705e-01 1.209020e-02 3.417126e-03 6.292190e-01 -2.871662e-05 -4.624976e-05 3.141198e-05 -1.022085e-04
11963.518504 8.188633e-01 1.211795e-02 3.435029e-03 6.301757e-01 -2.810448e-05 -4.362406e-05 3.892211e-05 -1.056997e-04
11966.645783 8.175042e-01 1.213547e-02 3.401901e-03 6.302590e-01 -2.639827e-05 -4.782786e-05 3.833782e-05 -1.093727e-04
11969.785255 8.182665e-01 1.219822e-02 3.433540e-03 6.296121e-01 -2.855851e-05 -4.703078e-05 4.255140e-05 -1.178789e-04
11972.936918 8.169560e-01 1.222542e-02 3.456181e-03 6.283604e-01 -3.979856e-05 -5.752931e-05 3.652117e-05 -1.079482e-04
11976.100773 8.167454e-01 1.225869e-02 3.434170e-03 6.285419e-01 -4.100208e-05 -5.459866e-05 2.682226e-05 -1.127508e-04
11979.276820 8.163082e-01 1.227979e-02 3.420273e-03 6.284669e-01 -3.913563e-05 -5.526351e-05 2.665174e-05 -1.123028e-04
11982.465059 8.159285e-01 1.231688e-02 3.473422e-03 6.283612e-01 -3.267001e-05 -5.320242e-05 3.014094e-05 -1.113896e-04
11985.665490 8.132736e-01 1.230864e-02 3.456514e-03 6.273273e-01 -3.397772e-05 -5.487971e-05 3.864688e-05 -1.102164e-04
11988.878112 8.134734e-01 1.237617e-02 3.483050e-03 6.280871e-01 -3.813011e-05 -4.806401e-05 5.613812e-05 -1.042216e-04
11992.102927 8.132625e-01 1.242968e-02 3.498385e-03 6.274439e-01 -4.319188e-05 -3.885541e-05 4.751620e-05 -1.063396e-04
11995.339934 8.124234e-01 1.244707e-02 3.504909e-03 6.275970e-01 -4.714473e-05 -3.885779e-05 3.286033e-05 -1.054905e-04
11998.589132 8.105925e-01 1.244649e-02 3.485447e-03 6.274234e-01 -5.210860e-05 -4.881088e-05 1.756970e-05 -1.148389e-04
12001.850523 8.105039e-01 1.249388e-02 3.518096e-03 6.259249e-01 -4.999238e-05 -4.700563e-05 2.307378e-05 -1.121424e-04
12005.124105 8.111897e-01 1.255402e-02 3.567466e-03 6.271495e-01 -4.639371e-05 -5.123944e-05 1.652748e-05 -1.192732e-04
12008.409879 8.090621e-01 1.256079e-02 3.620512e-03 6.261377e-01 -4.950349e-05 -4.899528e-05 1.924334e-05 -1.313801e-04
12011.707845 8.090390e-01 1.262135e-02 3.680693e-03 6.260648e-01 -5.834704e-05 -4.909410e-05 1.031522e-05 -1.270237e-04
12015.018003 8.091437e-01 1.265773e-02 3.719790e-03 6.266235e-01 -5.605960e-05 -5.796036e-05 3.656290e-06 -1.351905e-04
12018.340353 8.071108e-01 1.265929e-02 3.726637e-03 6.266617e-01 -6.435991e-05 -5.847169e-05 4.538406e-06 -1.385092e-04
12021.674895 8.076309e-01 1.272720e-02 3.756490e-03 6.265700e-01 -6.045145e-05 -5.147856e-05 8.507950e-07 -1.412266e-04
12025.021629 8.065239e-01 1.274394e-02 3.787218e-03 6.242604e-01 -4.845996e-05 -4.096996e-05 1.526462e-05 -1.306626e-04
12028.380554 8.048894e-01 1.276421e-02 3.805453e-03 6.245304e-01 -4.670125e-05 -3.729248e-05 2.040196e-05 -1.356833e-04
12031.751672 8.048813e-01 1.282492e-02 3.824377e-03 6.258903e-01 -5.282655e-05 -4.181708e-05 1.984214e-05 -1.404434e-04
12035.134982 8.049460e-01 1.288096e-02 3.841911e-03 6.258232e-01 -5.447641e-05 -3.147464e-05 3.654827e-05 -1.255892e-04
12038.530483 8.038744e-01 1.290428e-02 3.832022e-03 6.242335e-01 -4.913125e-05 -3.686013e-05 2.790829e-05 -1.299925e-04
12041.938176 8.025378e-01 1.292939e-02 3.835535e-03 6.241672e-01 -4.714964e-05 -4.409127e-05 1.522530e-05 -1.366134e-04
12045.358061 7.952099e-01 1.286303e-02 3.842547e-03 6.202519e-01 -4.339096e-05 -5.787306e-05 1.203337e-05 -1.349480e-04
12048.790139 7.909122e-01 1.281157e-02 3.827694e-03 6.160938e-01 -5.022469e-05 -5.953652e-05 2.053050e-05 -1.358726e-04
12052.234408 7.996116e-01 1.299246e-02 3.856729e-03 6.220000e-01 -4.508660e-05 -6.441298e-05 2.884939e-05 -1.478882e-04
12055.690868 7.993327e-01 1.304461e-02 3.862498e-03 6.232269e-01 -4.457188e-05 -4.527269e-05 1.744575e-05 -1.440454e-04
12059.159521 7.993094e-01 1.308791e-02 3.880789e-03 6.236168e-01 -4.650019e-05 -5.082802e-05 1.179523e-05 -1.485850e-04
12062.640366 7.986474e-01 1.314509e-02 3.879340e-03 6.236392e-01 -4.686749e-05 -5.456132e-05 2.197421e-05 -1.452150e-04
12066.133403 7.980088e-01 1.318147e-02 3.937341e-03 6.226771e-01 -4.664714e-05 -5.244723e-05 2.770808e-05 -1.411787e-04
12069.638631 7.976374e-01 1.323373e-02 3.945884e-03 6.234094e-01 -4.369290e-05 -6.156731e-05 1.932306e-05 -1.411299e-04
12073.156052 7.965392e-01 1.323564e-02 3.966911e-03 6.218307e-01 -4.324044e-05 -6.095845e-05 1.355217e-06 -1.358745e-04
12076.685664 7.951513e-01 1.325831e-02 3.962419e-03 6.208828e-01 -4.345226e-05 -4.559990e-05 -6.106012e-07 -1.463232e-04
12080.227468 7.950633e-01 1.330543e-02 3.967721e-03 6.211382e-01 -4.686925e-05 -5.278429e-05 3.298871e-06 -1.421109e-04
12083.781465 7.929696e-01 1.331973e-02 4.005842e-03 6.195957e-01 -4.420768e-05 -4.656486e-05 2.112666e-06 -1.454854e-04
12087.347653 7.915340e-01 1.334160e-02 4.023295e-03 6.193215e-01 -4.755693e-05 -4.642774e-05 5.625793e-06 -1.352967e-04
12090.926033 7.924273e-01 1.341052e-02 4.039279e-03 6.213446e-01 -4.347697e-05 -4.757958e-05 1.434619e-06 -1.336041e-04
12094.516605 7.924794e-01 1.346651e-02 4.094671e-03 6.192463e-01 -4.572948e-05 -5.234497e-05 2.831951e-06 -1.298374e-04
12098.119369 7.912856e-01 1.348900e-02 4.095135e-03 6.190660e-01 -4.056938e-05 -4.264058e-05 8.622305e-06 -1.348647e-04
12101.734324 7.908725e-01 1.352160e-02 4.158497e-03 6.192527e-01 -3.399908e-05 -4.100994e-05 -2.049260e-06 -1.360891e-04
12105.361472 7.905300e-01 1.359277e-02 4.203672e-03 6.196290e-01 -4.285592e-05 -4.404543e-05 -1.320135e-05 -1.275634e-04
12109.000811 7.898145e-01 1.363459e-02 4.214679e-03 6.200056e-01 -4.403548e-05 -4.589231e-05 -3.422887e-06 -1.166439e-04
12112.652343 7.891240e-01 1.368582e-02 4.227639e-03 6.187049e-01 -4.154486e-05 -4.154044e-05 5.551777e-06 -1.085234e-04
12116.316066 7.874572e-01 1.368262e-02 4.260015e-03 6.182234e-01 -5.336141e-05 -3.555224e-05 8.795644e-06 -1.173916e-04
12119.991982 7.861157e-01 1.372242e-02 4.288431e-03 6.168849e-01 -4.543188e-05 -4.693459e-05 -3.446617e-06 -1.240273e-04
12123.680089 7.862588e-01 1.379012e-02 4.357161e-03 6.173769e-01 -4.498280e-05 -4.834419e-05 -1.704792e-07 -1.260859e-04
12127.380388 7.857924e-01 1.384773e-02 4.372442e-03 6.170657e-01 -5.851841e-05 -4.392021e-05 -1.697289e-07 -1.153035e-04
12131.092879 7.851424e-01 1.389112e-02 4.416497e-03 6.166807e-01 -5.858764e-05 -4.528183e-05 4.829762e-06 -1.267446e-04
12134.817562 7.831664e-01 1.387985e-02 4.402317e-03 6.140037e-01 -5.652556e-05 -3.498137e-05 -2.546838e-06 -1.206287e-04
12138.554437 7.836804e-01 1.393929e-02 4.450275e-03 6.159131e-01 -5.175032e-05 -3.749795e-05 8.605363e-07 -1.298665e-04
12142.303503 7.824572e-01 1.398386e-02 4.460617e-03 6.164292e-01 -6.070495e-05 -3.992773e-05 1.862849e-05 -1.356638e-04
12146.064762 7.824371e-01 1.404859e-02 4.468589e-03 6.158202e-01 -5.750839e-05 -4.305135e-05 2.332690e-05 -1.292132e-04
12149.838213 7.810499e-01 1.407742e-02 4.502426e-03 6.151890e-01 -5.400253e-05 -4.368653e-05 2.264770e-05 -1.286429e-04
12153.623855 7.806918e-01 1.412179e-02 4.492193e-03 6.160586e-01 -5.545869e-05 -4.538583e-05 1.377110e-05 -1.202135e-04
12157.421689 7.799103e-01 1.417390e-02 4.543405e-03 6.161649e-01 -5.490872e-05 -3.664224e-05 1.208367e-05 -1.240927e-04
12161.231716 7.786982e-01 1.419668e-02 4.561079e-03 6.142083e-01 -5.790085e-05 -3.694720e-05 2.741276e-06 -1.253420e-04
12165.053934 7.779826e-01 1.425893e-02 4.562241e-03 6.131926e-01 -4.543911e-05 -3.837666e-05 5.280049e-06 -1.357408e-04
12168.888344 7.780916e-01 1.430990e-02 4.586913e-03 6.145416e-01 -4.891091e-05 -3.502632e-05 1.987774e-05 -1.357788e-04
12172.734946 7.764803e-01 1.433198e-02 4.596810e-03 6.136160e-01 -4.830643e-05 -3.953076e-05 2.765620e-05 -1.415291e-04
12176.593740 7.752550e-01 1.437197e-02 4.618459e-03 6.136994e-01 -5.209844e-05 -4.090720e-05 2.079897e-05 -1.267796e-04
12180.464726 7.759391e-01 1.443838e-02 4.630639e-03 6.138016e-01 -5.289785e-05 -3.911860e-05 1.284531e-05 -1.247174e-04
12184.347903 7.714423e-01 1.441536e-02 4.607029e-03 6.116143e-01 -5.493336e-05 -4.006443e-05 1.681237e-06 -1.320303e-04
12188.243273 7.739450e-01 1.451040e-02 4.675313e-03 6.135012e-01 -5.574371e-05 -3.567523e-05 1.023723e-05 -1.301965e-04
12192.150835 7.717438e-01 1.453777e-02 4.672153e-03 6.105237e-01 -5.668959e-05 -4.182923e-05 8.396280e-06 -1.255406e-04
12196.070588 7.725029e-01 1.460448e-02 4.703123e-03 6.119066e-01 -5.171499e-05 -4.056480e-05 7.179784e-06 -1.268688e-04
12200.002533 7.713898e-01 1.464647e-02 4.770121e-03 6.120007e-01 -4.860515e-05 -3.201006e-05 -3.034320e-06 -1.333838e-04
12203.946671 7.684199e-01 1.464247e-02 4.766642e-03 6.099067e-01 -5.147061e-05 -3.793187e-05 -2.141549e-06 -1.318597e-04
12207.903000 7.680597e-01 1.469578e-02 4.808943e-03 6.101498e-01 -5.593602e-05 -3.506865e-05 -5.238643e-06 -1.382970e-04
12211.871521 7.690848e-01 1.477254e-02 4.899999e-03 6.107811e-01 -6.036316e-05 -3.868365e-05 -1.020922e-06 -1.441728e-04
12215.852234 7.670343e-01 1.479163e-02 4.913327e-03 6.103942e-01 -5.862203e-05 -3.770995e-05 2.815906e-06 -1.321782e-04
12219.845139 7.675420e-01 1.485370e-02 4.961508e-03 6.104898e-01 -5.243305e-05 -3.423051e-05 1.172480e-05 -1.328432e-04
12223.850236 7.660584e-01 1.488250e-02 4.977750e-03 6.097805e-01 -5.008849e-05 -2.902066e-05 1.907865e-05 -1.328321e-04
12227.867524 7.561605e-01 1.472899e-02 4.935487e-03 6.027676e-01 -6.181129e-05 -2.737543e-05 1.858686e-05 -1.412051e-04
12231.897005 7.480765e-01 1.464466e-02 4.910005e-03 5.964357e-01 -6.183571e-05 -3.523896e-05 1.201470e-05 -1.286258e-04
12235.938678 7.622344e-01 1.497756e-02 5.032550e-03 6.071108e-01 -5.936122e-05 -4.004810e-05 1.518913e-05 -1.281027e-04
12239.992542 7.626672e-01 1.505574e-02 5.092255e-03 6.070240e-01 -6.802401e-05 -4.165387e-05 1.597017e-05 -1.288953e-04
12244.058598 7.621210e-01 1.510958e-02 5.119400e-03 6.074177e-01 -5.958916e-05 -4.679963e-05 1.433644e-05 -1.292658e-04
12248.136847 7.617094e-01 1.516109e-02 5.173368e-03 6.064950e-01 -5.939577e-05 -3.837592e-05 1.646672e-05 -1.295369e-04
12252.227287 7.585302e-01 1.516614e-02 5.196684e-03 6.045187e-01 -5.561634e-05 -3.070401e-05 1.442499e-05 -1.406703e-04
12256.329919 7.585670e-01 1.523061e-02 5.209557e-03 6.045905e-01 -5.139950e-05 -3.356620e-05 1.174029e-05 -1.330127e-04
12260.444743 7.591243e-01 1.532258e-02 5.260605e-03 6.055388e-01 -5.139048e-05 -3.908625e-05 1.231979e-05 -1.285442e-04
12264.571759 7.579440e-01 1.535877e-02 5.301477e-03 6.049539e-01 -5.361285e-05 -4.016030e-05 1.024996e-05 -1.349396e-04
12268.710967 7.572992e-01 1.540066e-02 5.341544e-03 6.043172e-01 -5.361050e-05 -4.592824e-05 4.194109e-06 -1.300884e-04
12272.862366 7.562166e-01 1.543503e-02 5.373081e-03 6.041352e-01 -5.052437e-05 -4.579326e-05 1.405584e-05 -1.349867e-04
12277.025958 7.560979e-01 1.550184e-02 5.397615e-03 6.045931e-01 -4.330362e-05 -4.264609e-05 2.435754e-05 -1.260707e-04
12281.201742 7.546889e-01 1.553487e-02 5.389892e-03 6.045152e-01 -4.614061e-05 -4.186343e-05 1.829754e-05 -1.398860e-04
12285.389717 7.537147e-01 1.556657e-02 5.444140e-03 6.035893e-01 -4.369261e-05 -3.721616e-05 1.954801e-05 -1.411247e-04
12289.589884 7.536546e-01 1.564126e-02 5.440502e-03 6.041889e-01 -4.378196e-05 -3.644187e-05 2.230816e-05 -1.263245e-04
12293.802244 7.521930e-01 1.567320e-02 5.441861e-03 6.044598e-01 -4.029473e-05 -3.413294e-05 3.689367e-06 -1.415170e-04
12298.026795 7.508987e-01 1.572136e-02 5.433613e-03 6.029044e-01 -4.640099e-05 -3.994435e-05 -2.581513e-06 -1.287332e-04
12302.263538 7.497956e-01 1.576668e-02 5.450933e-03 6.013822e-01 -5.260676e-05 -3.881957e-05 -3.183359e-06 -1.349575e-04
12306.512473 7.497632e-01 1.584050e-02 5.520343e-03 6.011994e-01 -4.606431e-05 -3.676302e-05 7.620871e-06 -1.434528e-04
12310.773600 7.495952e-01 1.590184e-02 5.575229e-03 6.029450e-01 -3.910715e-05 -3.667597e-05 8.912064e-06 -1.447488e-04
12315.046919 7.487521e-01 1.594448e-02 5.576077e-03 6.018365e-01 -5.298726e-05 -4.335567e-05 5.355673e-06 -1.460673e-04
12319.332429 7.467466e-01 1.595929e-02 5.625415e-03 6.003764e-01 -5.426849e-05 -4.307485e-05 1.233389e-05 -1.395008e-04
12323.630132 7.305384e-01 1.571231e-02 5.547321e-03 5.879873e-01 -4.610857e-05 -4.427098e-05 6.843017e-06 -1.385033e-04
12327.940026 7.393244e-01 1.593873e-02 5.642873e-03 5.944275e-01 -4.846569e-05 -4.031700e-05 1.381239e-05 -1.404576e-04
12332.262113 7.452246e-01 1.612968e-02 5.741488e-03 5.995677e-01 -5.070042e-05 -4.649864e-05 2.113151e-05 -1.358439e-04
12336.596391 7.442492e-01 1.616837e-02 5.792653e-03 5.984846e-01 -4.910503e-05 -4.662783e-05 1.931314e-05 -1.292037e-04
12340.942861 7.437994e-01 1.624255e-02 5.835556e-03 5.986338e-01 -5.045986e-05 -4.461003e-05 2.362257e-05 -1.293708e-04
12345.301524 7.420658e-01 1.627634e-02 5.868530e-03 5.978429e-01 -4.756988e-05 -4.421886e-05 2.176359e-05 -1.418144e-04
12349.672378 7.411280e-01 1.633451e-02 5.928362e-03 5.983944e-01 -4.688507e-05 -3.733359e-05 2.094550e-05 -1.321600e-04
12354.055424 7.413127e-01 1.641135e-02 5.993899e-03 5.995552e-01 -4.280693e-05 -3.834331e-05 2.486079e-05 -1.341679e-04
12358.450662 7.402224e-01 1.647038e-02 6.063903e-03 5.983125e-01 -4.111755e-05 -3.933848e-05 2.009033e-05 -1.282633e-04
12362.858091 7.394354e-01 1.650181e-02 6.070400e-03 5.969780e-01 -5.068932e-05 -4.507531e-05 1.467658e-05 -1.273509e-04
12367.277713 7.388869e-01 1.657180e-02 6.073700e-03 5.976011e-01 -5.693445e-05 -3.819601e-05 1.537978e-05 -1.229436e-04
12371.709527 7.352195e-01 1.655601e-02 6.087539e-03 5.960774e-01 -5.684124e-05 -4.128302e-05 2.154211e-05 -1.273092e-04
12376.153532 7.322440e-01 1.656177e-02 6.120500e-03 5.931784e-01 -4.556647e-05 -3.726533e-05 2.344947e-05 -1.335414e-04
12380.609730 7.366927e-01 1.671970e-02 6.205194e-03 5.960226e-01 -5.349271e-05 -3.505271e-05 2.943042e-05 -1.300990e-04
12385.078119 7.365188e-01 1.679948e-02 6.227921e-03 5.965974e-01 -5.252947e-05 -3.987187e-05 1.959720e-05 -1.268815e-04
12389.558700 7.360037e-01 1.687187e-02 6.296081e-03 5.972901e-01 -5.013541e-05 -4.619178e-05 1.386781e-05 -1.265782e-04
12394.051473 7.344860e-01 1.690282e-02 6.314965e-03 5.960291e-01 -5.395412e-05 -5.116434e-05 1.601616e-05 -1.208801e-04
12398.556438 7.336991e-01 1.697110e-02 6.373917e-03 5.948452e-01 -4.020621e-05 -4.751095e-05 2.168028e-05 -1.207829e-04
12403.073595 7.323846e-01 1.700611e-02 6.380489e-03 5.954030e-01 -4.245548e-05 -4.937284e-05 2.074550e-05 -1.211528e-04
12407.602944 7.316346e-01 1.707953e-02 6.427493e-03 5.947838e-01 -5.001566e-05 -4.993317e-05 9.272371e-06 -1.163428e-04
12412.144485 7.306941e-01 1.711445e-02 6.454554e-03 5.940044e-01 -4.946293e-05 -4.421534e-05 -9.742367e-07 -1.174620e-04
12416.698218 7.300162e-01 1.719275e-02 6.481370e-03 5.942579e-01 -4.602891e-05 -4.031711e-05 -1.447145e-06 -1.213169e-04
12421.264142 7.286493e-01 1.723114e-02 6.533929e-03 5.931100e-01 -4.740920e-05 -5.334896e-05 -7.137160e-06 -1.160240e-04
12425.842259 7.274782e-01 1.726843e-02 6.542665e-03 5.923795e-01 -5.338952e-05 -6.293830e-05 -3.682235e-06 -1.226910e-04
12430.432567 7.252746e-01 1.728628e-02 6.566872e-03 5.910011e-01 -4.716043e-05 -6.439805e-05 4.722564e-06 -1.304745e-04
12435.035068 7.254984e-01 1.736297e-02 6.612444e-03 5.911418e-01 -5.201204e-05 -5.788686e-05 1.370166e-06 -1.297837e-04
12439.649760 7.251818e-01 1.744207e-02 6.650355e-03 5.916690e-01 -4.698485e-05 -5.793317e-05 -2.448357e-06 -1.337492e-04
12444.276644 7.240444e-01 1.748562e-02 6.674374e-03 5.910907e-01 -4.992711e-05 -6.114256e-05 -1.618927e-06 -1.325505e-04
12448.915720 7.236489e-01 1.755087e-02 6.705389e-03 5.906392e-01 -3.791540e-05 -6.365439e-05 -2.390372e-06 -1.192534e-04
12453.566988 7.234186e-01 1.763001e-02 6.784846e-03 5.910639e-01 -4.462511e-05 -6.521504e-05 2.011124e-06 -1.247073e-04
12458.230448 7.218775e-01 1.766903e-02 6.823787e-03 5.907351e-01 -4.486851e-05 -6.697437e-05 -2.695877e-06 -1.235452e-04
12462.906100 7.215855e-01 1.773124e-02 6.882557e-03 5.903313e-01 -4.224922e-05 -5.653051e-05 4.625322e-06 -1.235404e-04
12467.593943 7.207988e-01 1.778955e-02 6.943397e-03 5.901297e-01 -3.654243e-05 -5.379633e-05 1.207732e-05 -1.211413e-04
12472.293979 7.208949e-01 1.787396e-02 7.019215e-03 5.908400e-01 -2.967711e-05 -5.095215e-05 1.197578e-05 -1.210732e-04
12477.006206 7.206762e-01 1.795620e-02 7.085598e-03 5.907436e-01 -3.697933e-05 -4.656707e-05 4.847554e-06 -1.153748e-04
12481.730626 7.198534e-01 1.801535e-02 7.122323e-03 5.904200e-01 -3.464673e-05 -3.883517e-05 5.697476e-06 -1.156422e-04
12486.467237 7.186276e-01 1.807141e-02 7.182194e-03 5.895053e-01 -3.251295e-05 -3.561121e-05 6.347725e-06 -1.211559e-04
12491.216040 7.174882e-01 1.811124e-02 7.240952e-03 5.888766e-01 -4.604410e-05 -3.027839e-05 2.681564e-06 -1.310513e-04
12495.977036 7.177533e-01 1.819188e-02 7.304111e-03 5.896382e-01 -4.158082e-05 -3.738464e-05 1.416625e-05 -1.264814e-04
12500.750223 7.171035e-01 1.825893e-02 7.381606e-03 5.898748e-01 -5.156676e-05 -4.208803e-05 2.847188e-05 -1.207436e-04
12505.535602 7.165194e-01 1.833809e-02 7.417586e-03 5.887361e-01 -5.558628e-05 -4.357772e-05 2.453698e-05 -1.352838e-04
12510.333172 7.157756e-01 1.839532e-02 7.465164e-03 5.883441e-01 -5.489701e-05 -4.574259e-05 1.261630e-05 -1.216444e-04
12515.142935 7.147979e-01 1.845592e-02 7.510032e-03 5.877852e-01 -4.685130e-05 -4.850045e-05 1.019573e-05 -9.438439e-05
12519.964890 7.137820e-01 1.852394e-02 7.573595e-03 5.874507e-01 -5.096773e-05 -4.628551e-05 1.375358e-05 -1.010949e-04
12524.799037 7.123361e-01 1.857277e-02 7.641871e-03 5.867021e-01 -5.160468e-05 -3.318310e-05 2.149849e-05 -1.230485e-04
12529.645375 6.535101e-01 1.710529e-02 7.054246e-03 5.387034e-01 -4.798351e-05 -3.951139e-05 2.038743e-05 -1.166892e-04
12534.503905 1.184976e-01 3.105454e-03 1.280950e-03 9.772962e-02 -9.512006e-06 -8.598062e-06 3.605450e-06 -2.111229e-05
