# Facility: NSLS-II
# Beamline: QAS
# Year: 2022
# Cycle: 2
# SAF: 309618
# PI: Wang
# Proposal: 309017
# Scan ID: 52227
# UID: cc65100f-5d14-406c-916d-d2dd4e6f1d15
# Comment: 
# Start time: 07/18/2022  10:51:23
# Stop time: 07/18/2022  10:51:54
# Total time: 00:31
# Trajectory name: Pt-L3-30s-11564.txt
# Element: Platinum ( 78)
# Edge: L3
# E0: 11564
# Reference Foil Element: Pt
# Keithley Gains I0: 1E7 V/A It: 1E6 V/A Iref: 1E7 V/A PIPS: 1E8 V/A 
# Ion Chamber Gas Flow Rates: I0: 0.00 sccm He + 99.70 sccm N2 + 0.00 sccm Ar 
# Ion Chamber Gas Flow Rates: It&Iref: 29.80 sccm N2 + 70.10 sccm Ar
# Incident Beam Path Vertical: -27.99 mm
# Incident Slits Positions B: TOP: 1.0 mm Bottom: -1.0 mm Inboard: -2.0 mm Outboard: 2.0 mm
# Sample Stage Positions: Rotation: 45.0 deg Horizontal: -14.79 mm Vertical: 20.76 mm Beam Direction: 0.00 mm
# PerkinElmer Vertical Position: 500.00 mm
# Front End Mirror Horizontal Positions: Up: -14.00 mm Down: -14.00 mm
#
# energy  i0  it  ir  iff  aux1  aux2  aux3  aux4
11377.744897 4.729071e-01 1.748703e-05 -6.629216e-06 3.204183e-01 -3.202787e-05 -3.441474e-05 -6.547990e-06 -5.800170e-05
11382.744897 9.352484e-01 3.756114e-05 -3.873301e-06 6.340831e-01 -6.558195e-05 -6.206264e-05 -1.041492e-05 -1.320871e-04
11387.744897 9.400169e-01 4.963085e-05 -6.180694e-06 6.381149e-01 -7.167419e-05 -6.557045e-05 -4.773303e-06 -1.749709e-04
11392.744897 9.354111e-01 4.089335e-05 3.907379e-07 6.352801e-01 -7.728248e-05 -7.187915e-05 -8.692789e-06 -1.774564e-04
11397.744897 9.352922e-01 5.185028e-05 1.260563e-07 6.351241e-01 -7.640728e-05 -8.239281e-05 -4.408469e-06 -1.420346e-04
11402.744897 9.308967e-01 5.283882e-05 -4.855589e-06 6.329648e-01 -7.928948e-05 -7.303170e-05 -1.081545e-05 -1.358100e-04
11407.744897 9.317602e-01 7.130430e-05 8.034108e-06 6.336703e-01 -7.764564e-05 -7.696317e-05 -1.689321e-05 -1.363611e-04
11412.744897 9.311934e-01 6.314120e-05 7.636651e-06 6.343498e-01 -8.317486e-05 -7.473510e-05 -1.303758e-05 -1.228801e-04
11417.744897 9.279858e-01 6.131110e-05 3.372571e-06 6.324841e-01 -8.049054e-05 -8.210518e-05 -1.384745e-05 -1.160280e-04
11422.744897 9.162250e-01 6.889994e-05 5.999420e-06 6.259534e-01 -7.449755e-05 -9.306536e-05 -1.168897e-05 -1.180556e-04
11427.744897 9.237053e-01 6.862122e-05 1.095550e-05 6.316627e-01 -7.946199e-05 -9.220616e-05 -1.194261e-05 -1.195889e-04
11432.744897 9.239120e-01 5.398447e-05 7.919844e-06 6.317043e-01 -7.822319e-05 -8.390741e-05 -1.421762e-05 -1.217842e-04
11437.744897 9.224310e-01 6.386869e-05 -1.532290e-06 6.307520e-01 -6.407603e-05 -7.719288e-05 -1.564115e-05 -1.263618e-04
11442.744897 9.205425e-01 6.363406e-05 2.887665e-05 6.304866e-01 -6.647155e-05 -7.578605e-05 -2.046651e-05 -1.326392e-04
11447.744897 9.184090e-01 5.642697e-05 2.896203e-05 6.294123e-01 -7.081815e-05 -7.285612e-05 -1.247945e-05 -1.365415e-04
11452.744897 9.186331e-01 5.550065e-05 -1.269681e-05 6.299131e-01 -6.655361e-05 -6.648769e-05 -5.327939e-06 -1.223764e-04
11457.744897 9.190334e-01 5.751691e-05 1.327701e-05 6.306177e-01 -7.883569e-05 -6.977026e-05 2.122679e-06 -1.184589e-04
11462.744897 9.172807e-01 5.877119e-05 3.087014e-05 6.299706e-01 -8.227540e-05 -6.605701e-05 -6.578597e-06 -1.309097e-04
11467.744897 9.135466e-01 5.042905e-05 1.480271e-05 6.274210e-01 -8.136594e-05 -7.545641e-05 -6.310769e-06 -1.284940e-04
11472.744897 9.118844e-01 4.105101e-05 2.833958e-05 6.270434e-01 -7.488433e-05 -7.581313e-05 -1.354774e-06 -1.306460e-04
11477.744897 9.109155e-01 3.964724e-05 1.536226e-05 6.271593e-01 -7.009952e-05 -7.537157e-05 -7.775186e-06 -1.276706e-04
11482.744897 9.093517e-01 4.011731e-05 2.506076e-05 6.265889e-01 -6.888222e-05 -7.638682e-05 -2.585400e-06 -1.295491e-04
11487.744897 9.002041e-01 3.510631e-05 4.400367e-05 6.197053e-01 -7.469183e-05 -8.328111e-05 -4.794699e-06 -1.256501e-04
11492.744897 9.000911e-01 4.331852e-05 3.708056e-05 6.203498e-01 -7.074318e-05 -8.201819e-05 -1.181174e-05 -1.309283e-04
11497.744897 9.101067e-01 5.931708e-05 9.874154e-06 6.289081e-01 -7.651253e-05 -9.368360e-05 -6.202546e-07 -1.383920e-04
11502.744897 9.101406e-01 5.941688e-05 3.823927e-05 6.290695e-01 -8.892574e-05 -8.828527e-05 -4.000533e-06 -1.522217e-04
11507.744897 9.065912e-01 4.675023e-05 5.506338e-05 6.276004e-01 -8.200476e-05 -7.561835e-05 -4.999789e-06 -1.357467e-04
11512.744897 9.033208e-01 4.246463e-05 3.679910e-05 6.254759e-01 -8.097585e-05 -7.548548e-05 -3.439053e-06 -1.299042e-04
11517.744897 9.051748e-01 3.960380e-05 2.418761e-05 6.270700e-01 -8.436006e-05 -6.829022e-05 1.687832e-06 -1.228722e-04
11522.744897 9.046117e-01 5.256583e-05 2.658565e-05 6.277558e-01 -7.829153e-05 -7.716892e-05 -1.745010e-05 -1.336955e-04
11527.744897 9.018344e-01 5.888406e-05 7.487562e-06 6.269635e-01 -8.288063e-05 -7.533294e-05 -1.719669e-05 -1.292906e-04
11532.744897 9.016170e-01 6.031089e-05 2.636603e-05 6.268082e-01 -7.667658e-05 -7.465692e-05 -1.828246e-05 -1.234007e-04
11534.000000 8.989724e-01 6.553065e-05 6.639046e-05 6.266289e-01 -7.270545e-05 -7.861456e-05 -1.869697e-05 -1.237304e-04
11535.000000 9.020622e-01 6.639421e-05 1.053555e-05 6.282734e-01 -7.188992e-05 -8.229703e-05 -7.926890e-06 -1.224286e-04
11536.000000 9.013534e-01 6.258281e-05 3.098910e-05 6.293794e-01 -6.662294e-05 -8.922150e-05 6.962670e-06 -1.199295e-04
11537.000000 9.022207e-01 4.516230e-05 5.064988e-06 6.286868e-01 -7.006119e-05 -8.072875e-05 2.375798e-06 -1.218883e-04
11538.000000 9.074512e-01 3.498868e-05 5.005069e-05 6.317750e-01 -6.569601e-05 -8.030100e-05 -3.481319e-06 -1.224334e-04
11539.000000 9.004324e-01 2.887932e-05 5.428759e-05 6.280991e-01 -6.509436e-05 -7.689544e-05 1.675152e-06 -1.241448e-04
11540.000000 9.049188e-01 1.913875e-05 4.740937e-05 6.304431e-01 -7.500058e-05 -8.158308e-05 1.860237e-06 -1.186997e-04
11541.000000 8.968333e-01 3.394838e-05 -1.194673e-05 6.259452e-01 -7.403942e-05 -9.120331e-05 -1.295323e-05 -1.361881e-04
11541.200000 8.874728e-01 3.292727e-05 -9.049899e-05 6.180354e-01 -7.408193e-05 -9.147211e-05 -3.853830e-06 -1.383578e-04
11541.400000 9.303531e-01 -1.492074e-05 -7.641085e-05 6.477272e-01 -7.409431e-05 -8.646309e-05 -1.876953e-05 -1.397616e-04
11541.600000 8.984824e-01 4.477332e-05 4.684357e-05 6.232720e-01 -7.141119e-05 -8.238372e-05 -1.020674e-05 -1.409895e-04
11541.800000 9.134167e-01 3.551066e-05 -4.316199e-05 6.368916e-01 -7.383658e-05 -8.250815e-05 -9.921734e-06 -1.458844e-04
11542.000000 8.869000e-01 2.282148e-05 1.828361e-05 6.212442e-01 -6.182086e-05 -8.234733e-05 -2.429295e-05 -1.369221e-04
11542.200000 9.061695e-01 4.169822e-05 -7.545541e-05 6.310954e-01 -7.048360e-05 -7.962143e-05 -2.881510e-05 -1.366817e-04
11542.400000 9.021661e-01 3.534091e-05 -7.316145e-05 6.269290e-01 -8.117070e-05 -8.212135e-05 -1.305247e-05 -1.459032e-04
11542.600000 9.058512e-01 7.309683e-05 2.464298e-04 6.311163e-01 -8.111241e-05 -8.761085e-05 -5.413453e-06 -1.380427e-04
11542.800000 9.153662e-01 5.017938e-05 -8.413081e-05 6.400294e-01 -8.347996e-05 -8.958790e-05 -1.414073e-05 -1.486633e-04
11543.000000 8.827706e-01 4.918950e-05 -1.247699e-05 6.176889e-01 -7.017719e-05 -8.438345e-05 -2.399224e-05 -1.400241e-04
11543.200000 9.131941e-01 6.558985e-05 -6.620814e-05 6.382817e-01 -7.446323e-05 -8.336899e-05 1.165662e-06 -1.419434e-04
11543.400000 8.993353e-01 2.398695e-05 4.553877e-05 6.291444e-01 -7.412962e-05 -8.372752e-05 -1.817161e-05 -1.547224e-04
11543.600000 9.104131e-01 5.459065e-05 -9.549123e-05 6.355611e-01 -7.241807e-05 -9.191125e-05 -1.828996e-05 -1.433569e-04
11543.800000 9.064739e-01 4.333659e-05 1.395073e-04 6.328862e-01 -6.550964e-05 -8.488173e-05 -4.657833e-06 -1.438888e-04
11544.000000 9.111257e-01 5.836545e-05 5.960661e-05 6.387926e-01 -6.396349e-05 -8.620032e-05 -2.230261e-05 -1.399997e-04
11544.200000 8.947896e-01 4.860425e-05 4.563558e-05 6.260444e-01 -7.275190e-05 -7.774033e-05 -1.650908e-05 -1.363207e-04
11544.400000 9.012982e-01 3.646355e-05 7.802903e-05 6.279393e-01 -7.402139e-05 -6.812322e-05 -1.169829e-05 -1.413867e-04
11544.600000 8.953578e-01 7.922801e-05 -4.735684e-05 6.249909e-01 -7.042388e-05 -6.724998e-05 -1.231224e-05 -1.437533e-04
11544.800000 8.997848e-01 2.538619e-05 5.604228e-06 6.292709e-01 -6.840735e-05 -7.906505e-05 -1.880640e-05 -1.391392e-04
11545.000000 8.987737e-01 5.211871e-05 9.961797e-06 6.290620e-01 -6.911554e-05 -8.138076e-05 -8.799663e-06 -1.355129e-04
11545.200000 9.067690e-01 3.424540e-05 6.439355e-05 6.320210e-01 -6.435442e-05 -8.244254e-05 -3.120144e-06 -1.327617e-04
11545.400000 8.975166e-01 5.326894e-05 -7.226884e-06 6.271141e-01 -5.768725e-05 -8.364665e-05 -9.652215e-06 -1.264838e-04
11545.600000 9.092568e-01 6.646850e-05 -7.522093e-06 6.346935e-01 -6.477646e-05 -9.166300e-05 -1.972645e-05 -1.264736e-04
11545.800000 8.815763e-01 5.041231e-05 7.894072e-05 6.156654e-01 -6.941826e-05 -9.710509e-05 -1.799292e-05 -1.309150e-04
11546.000000 9.049737e-01 5.845418e-05 -4.500143e-05 6.343591e-01 -6.927615e-05 -9.261904e-05 -8.865948e-06 -1.298082e-04
11546.200000 8.970270e-01 1.187225e-05 -2.222560e-04 6.276147e-01 -6.748438e-05 -8.046090e-05 -1.144470e-05 -1.277367e-04
11546.400000 9.038896e-01 5.219386e-05 8.988492e-05 6.316206e-01 -7.277724e-05 -8.639864e-05 -1.054297e-05 -1.301408e-04
11546.600000 9.049775e-01 3.573258e-05 4.924109e-05 6.315709e-01 -7.748974e-05 -8.068447e-05 -1.000640e-05 -1.330083e-04
11546.800000 9.051766e-01 6.569868e-05 3.768143e-05 6.319021e-01 -6.504344e-05 -8.785109e-05 -1.607160e-05 -1.327569e-04
11547.000000 8.925191e-01 4.913309e-06 1.889153e-05 6.239115e-01 -7.344009e-05 -9.021950e-05 -1.730289e-05 -1.389717e-04
11547.200000 8.824817e-01 2.880666e-05 4.921580e-05 6.200747e-01 -7.383843e-05 -8.874506e-05 -2.195273e-05 -1.301214e-04
11547.400000 9.065353e-01 3.508730e-05 1.640251e-05 6.326192e-01 -6.978984e-05 -8.988968e-05 -3.137574e-06 -1.188954e-04
11547.600000 8.981834e-01 2.545917e-05 9.111134e-05 6.277292e-01 -7.590494e-05 -9.272140e-05 -8.695356e-06 -1.218318e-04
11547.800000 9.197026e-01 3.434041e-05 1.092135e-04 6.402348e-01 -8.148982e-05 -9.583789e-05 -6.187568e-06 -1.260595e-04
11548.000000 8.880655e-01 4.108785e-05 -1.150095e-05 6.187510e-01 -8.819174e-05 -9.252759e-05 2.299681e-06 -1.287604e-04
11548.200000 9.097974e-01 5.545803e-05 8.422278e-05 6.338534e-01 -8.638841e-05 -9.222825e-05 2.485037e-06 -1.237558e-04
11548.400000 8.911323e-01 1.607806e-05 1.710286e-04 6.243826e-01 -7.927927e-05 -8.479176e-05 -1.124179e-06 -1.118233e-04
11548.600000 8.984075e-01 2.785695e-05 4.830437e-06 6.302843e-01 -8.569759e-05 -8.802124e-05 -9.951634e-07 -1.159207e-04
11548.800000 8.878393e-01 8.642708e-06 -9.577989e-05 6.229136e-01 -8.735141e-05 -9.150372e-05 4.639158e-06 -1.172008e-04
11549.000000 9.100121e-01 4.441622e-05 3.910673e-05 6.408023e-01 -6.681143e-05 -9.289242e-05 -6.756041e-06 -1.331392e-04
11549.200000 8.898359e-01 2.518018e-05 6.906633e-05 6.233049e-01 -6.766021e-05 -8.205608e-05 -1.384676e-05 -1.322660e-04
11549.400000 9.092720e-01 5.721880e-05 2.769909e-05 6.360914e-01 -8.482380e-05 -8.000879e-05 1.624314e-06 -1.188318e-04
11549.600000 9.085675e-01 5.679442e-05 -3.102250e-05 6.373918e-01 -9.018417e-05 -7.568602e-05 8.436835e-06 -1.212088e-04
11549.800000 9.028420e-01 6.016392e-05 6.174962e-05 6.339969e-01 -9.310242e-05 -8.035777e-05 4.747808e-06 -1.271603e-04
11550.000000 8.945547e-01 6.943786e-06 1.973431e-04 6.272840e-01 -8.745455e-05 -7.587113e-05 8.764506e-06 -1.200459e-04
11550.200000 8.952421e-01 6.423449e-05 1.083766e-05 6.263103e-01 -8.310096e-05 -7.759810e-05 -9.501297e-06 -1.255607e-04
11550.400000 9.202440e-01 6.170693e-05 -4.615117e-05 6.442810e-01 -7.980728e-05 -7.628416e-05 6.974751e-06 -1.287443e-04
11550.600000 8.934939e-01 6.111391e-05 -1.258240e-05 6.256674e-01 -7.457587e-05 -7.388226e-05 2.054610e-05 -1.291206e-04
11550.800000 8.964194e-01 5.314343e-05 -9.255711e-05 6.270007e-01 -8.266066e-05 -6.905260e-05 9.553931e-06 -1.202282e-04
11551.000000 8.892300e-01 5.429956e-05 4.736956e-05 6.221262e-01 -8.133638e-05 -7.213245e-05 7.032029e-06 -1.258767e-04
11551.200000 8.945156e-01 4.573565e-05 -9.351613e-05 6.282404e-01 -8.023185e-05 -7.944862e-05 6.263650e-06 -1.208093e-04
11551.400000 9.128956e-01 4.172133e-05 -4.810467e-06 6.408353e-01 -7.818753e-05 -8.797617e-05 7.184804e-06 -1.240884e-04
11551.600000 9.056231e-01 4.810297e-05 -6.564713e-05 6.349504e-01 -8.824786e-05 -9.338825e-05 4.829436e-06 -1.260919e-04
11551.800000 9.062217e-01 3.608368e-05 -3.996762e-05 6.335943e-01 -8.123653e-05 -8.736873e-05 -4.075887e-06 -1.268439e-04
11552.000000 9.050022e-01 5.132105e-05 -4.453768e-05 6.346465e-01 -7.175840e-05 -8.402851e-05 1.805279e-06 -1.246593e-04
11552.200000 8.842828e-01 4.543007e-05 -3.153277e-07 6.174533e-01 -7.207788e-05 -7.633454e-05 -6.374393e-06 -1.302389e-04
11552.400000 8.982846e-01 3.244566e-05 9.915081e-05 6.304658e-01 -7.782574e-05 -8.217278e-05 1.226340e-05 -1.253286e-04
11552.600000 8.894105e-01 4.954135e-05 -6.269861e-05 6.257157e-01 -7.441922e-05 -7.176816e-05 -4.574747e-06 -1.236623e-04
11552.800000 9.011533e-01 4.253605e-05 -5.505398e-06 6.308547e-01 -6.868899e-05 -7.022735e-05 -6.173753e-06 -1.270622e-04
11553.000000 9.059534e-01 4.126891e-05 -1.665022e-05 6.356445e-01 -7.064599e-05 -7.282951e-05 -1.022246e-05 -1.234564e-04
11553.200000 8.933450e-01 6.569086e-05 -4.040964e-05 6.285537e-01 -7.558324e-05 -6.866956e-05 -1.280688e-06 -1.284409e-04
11553.400000 8.909968e-01 4.384893e-05 -5.812241e-05 6.224046e-01 -7.181709e-05 -7.255446e-05 7.468140e-08 -1.337675e-04
11553.600000 8.873253e-01 7.349689e-05 -4.071429e-05 6.223912e-01 -7.766994e-05 -6.271381e-05 -5.771673e-06 -1.420889e-04
11553.800000 9.030792e-01 2.432499e-05 6.539323e-06 6.342931e-01 -8.765663e-05 -6.424938e-05 9.425484e-06 -1.407667e-04
11554.000000 8.967071e-01 6.381520e-05 7.748865e-05 6.311629e-01 -8.290070e-05 -7.738298e-05 1.064853e-05 -1.288299e-04
11554.200000 9.015451e-01 6.900724e-05 1.796715e-05 6.329440e-01 -8.199873e-05 -8.287411e-05 1.081916e-05 -1.196813e-04
11554.400000 9.098423e-01 6.857913e-05 3.408197e-05 6.367463e-01 -7.802807e-05 -7.599768e-05 1.487612e-05 -1.129030e-04
11554.600000 8.985300e-01 1.368452e-05 6.020338e-05 6.301615e-01 -7.987469e-05 -7.849230e-05 9.027537e-06 -1.279223e-04
11554.800000 8.937722e-01 7.256965e-05 8.221791e-05 6.303425e-01 -8.146082e-05 -7.829084e-05 1.969652e-05 -1.410680e-04
11555.000000 8.892494e-01 6.478825e-05 8.689410e-05 6.280995e-01 -8.256162e-05 -6.736960e-05 3.249075e-06 -1.458755e-04
11555.200000 9.074730e-01 3.630246e-05 -1.179272e-04 6.422373e-01 -9.056124e-05 -7.246762e-05 5.457974e-06 -1.338885e-04
11555.400000 9.116364e-01 6.598495e-05 -2.813524e-04 6.420807e-01 -9.554992e-05 -6.862374e-05 9.910113e-06 -1.271350e-04
11555.600000 8.881044e-01 4.984549e-05 -1.540279e-04 6.259572e-01 -9.355715e-05 -8.119867e-05 4.188987e-06 -1.333175e-04
11555.800000 8.996705e-01 4.718916e-05 1.599918e-06 6.334861e-01 -9.627165e-05 -8.152768e-05 7.270637e-06 -1.417415e-04
11556.000000 9.058366e-01 4.758058e-05 -5.819568e-05 6.383756e-01 -8.729155e-05 -6.913646e-05 -2.627973e-06 -1.458654e-04
11556.200000 8.958373e-01 -3.328300e-06 1.492467e-05 6.339053e-01 -8.335699e-05 -7.330000e-05 -2.854317e-06 -1.442104e-04
11556.400000 9.105883e-01 4.432836e-05 -1.477632e-04 6.392981e-01 -8.005867e-05 -7.535885e-05 -3.141092e-06 -1.368410e-04
11556.600000 8.855745e-01 4.897425e-05 5.072510e-05 6.240380e-01 -7.151544e-05 -8.352815e-05 -4.064582e-06 -1.380526e-04
11556.800000 9.212528e-01 2.681051e-05 7.148432e-07 6.491444e-01 -7.323189e-05 -8.467380e-05 2.727888e-06 -1.405697e-04
11557.000000 8.899661e-01 4.471114e-05 2.359439e-04 6.263660e-01 -6.961200e-05 -8.202275e-05 7.337065e-06 -1.351097e-04
11557.200000 9.039214e-01 4.484381e-05 3.774688e-05 6.384951e-01 -7.234126e-05 -8.847714e-05 -8.023649e-07 -1.331206e-04
11557.400000 9.011294e-01 5.966173e-05 4.598989e-05 6.364294e-01 -7.842813e-05 -8.528692e-05 -5.743633e-07 -1.304196e-04
11557.600000 8.942946e-01 1.895232e-05 -9.017742e-05 6.296047e-01 -8.667805e-05 -8.386596e-05 -7.104129e-06 -1.363365e-04
11557.800000 9.063256e-01 6.078767e-05 -6.881982e-05 6.424768e-01 -8.867962e-05 -8.448151e-05 7.487260e-06 -1.359210e-04
11558.000000 8.845890e-01 6.685598e-05 -1.120535e-04 6.256729e-01 -8.064332e-05 -8.055449e-05 -1.756871e-05 -1.477019e-04
11558.200000 8.933386e-01 5.809161e-05 5.868557e-05 6.318978e-01 -7.716656e-05 -9.637827e-05 -1.110536e-05 -1.491823e-04
11558.400000 9.068635e-01 6.078733e-05 -4.723749e-06 6.438225e-01 -6.776819e-05 -9.319357e-05 6.310725e-06 -1.413504e-04
11558.600000 9.050939e-01 5.763185e-05 3.132744e-05 6.401086e-01 -6.600279e-05 -9.427931e-05 8.593800e-06 -1.306010e-04
11558.800000 8.993843e-01 5.755966e-05 5.491373e-05 6.386329e-01 -6.894577e-05 -9.964082e-05 -8.161498e-06 -1.304598e-04
11559.000000 8.920197e-01 5.282033e-05 -4.506808e-05 6.369907e-01 -7.090451e-05 -9.087566e-05 -1.538941e-05 -1.302935e-04
11559.200000 9.062277e-01 7.788838e-05 -1.567872e-06 6.466990e-01 -7.523458e-05 -8.463869e-05 -1.715985e-05 -1.230496e-04
11559.400000 9.061143e-01 4.484860e-05 1.073632e-04 6.453750e-01 -7.809957e-05 -8.485861e-05 1.216782e-05 -1.315673e-04
11559.600000 8.866111e-01 6.815624e-05 1.051520e-04 6.339023e-01 -8.092466e-05 -8.773423e-05 8.314395e-06 -1.286668e-04
11559.800000 8.963647e-01 5.233077e-05 -7.668679e-05 6.399163e-01 -7.901562e-05 -9.505414e-05 7.201107e-06 -1.376415e-04
11560.000000 9.058333e-01 3.308936e-05 2.310623e-05 6.460744e-01 -7.609301e-05 -8.510330e-05 -1.177123e-05 -1.354229e-04
11560.200000 8.972088e-01 5.178141e-05 8.511026e-05 6.422059e-01 -7.084172e-05 -9.213479e-05 -2.596253e-05 -1.369371e-04
11560.400000 9.028434e-01 4.314676e-05 -5.998530e-06 6.477724e-01 -7.102624e-05 -8.658110e-05 -3.850799e-06 -1.319827e-04
11560.600000 9.002411e-01 3.879539e-05 -4.360011e-05 6.442031e-01 -7.052857e-05 -9.268540e-05 -9.754516e-06 -1.363771e-04
11560.800000 8.928905e-01 4.499400e-05 -1.115521e-05 6.401101e-01 -7.021736e-05 -9.597209e-05 1.009971e-05 -1.392466e-04
11561.000000 9.102796e-01 6.067335e-05 7.347695e-05 6.543515e-01 -7.213009e-05 -1.022919e-04 -5.527654e-06 -1.422438e-04
11561.200000 9.055945e-01 4.497333e-05 -6.072757e-05 6.500538e-01 -7.977781e-05 -1.013269e-04 -1.232335e-05 -1.362403e-04
11561.400000 8.976429e-01 9.070289e-05 -2.936685e-05 6.443695e-01 -8.039916e-05 -9.168032e-05 -7.292814e-06 -1.209704e-04
11561.600000 8.946660e-01 6.699847e-05 1.478329e-04 6.466736e-01 -8.776519e-05 -8.412131e-05 -4.206651e-06 -1.248400e-04
11561.800000 9.004849e-01 4.957868e-05 -6.377357e-05 6.494283e-01 -8.271015e-05 -7.792179e-05 -5.360489e-06 -1.262978e-04
11562.000000 9.130861e-01 6.687641e-05 2.620870e-05 6.623430e-01 -7.661271e-05 -8.030214e-05 3.965526e-06 -1.245712e-04
11562.200000 8.959223e-01 2.194455e-05 -2.299173e-05 6.499569e-01 -7.268014e-05 -7.535707e-05 -5.347202e-06 -1.224840e-04
11562.400000 8.963156e-01 2.959211e-05 -7.492422e-05 6.520133e-01 -7.168939e-05 -7.578011e-05 -2.085992e-06 -1.126588e-04
11562.600000 9.005548e-01 5.613165e-05 6.078261e-05 6.599323e-01 -7.115969e-05 -7.883252e-05 -9.318874e-06 -1.248560e-04
11562.800000 9.026323e-01 3.298952e-05 -8.971790e-05 6.616196e-01 -7.247865e-05 -8.075485e-05 -1.318998e-05 -1.192633e-04
11563.000000 9.126382e-01 5.917632e-05 -5.237600e-07 6.674711e-01 -7.776069e-05 -8.602343e-05 -9.184753e-06 -1.321008e-04
11563.200000 8.883982e-01 6.391897e-05 -1.278924e-04 6.522766e-01 -7.372242e-05 -9.129014e-05 -4.742274e-06 -1.356664e-04
11563.400000 9.039632e-01 7.164297e-05 1.003748e-04 6.667424e-01 -7.624570e-05 -7.991010e-05 1.012923e-06 -1.386469e-04
11563.600000 9.009928e-01 6.716733e-05 -7.311587e-06 6.703079e-01 -8.288186e-05 -8.037289e-05 -1.267247e-05 -1.296585e-04
11563.800000 8.923853e-01 7.487104e-05 1.055088e-04 6.637618e-01 -8.180082e-05 -8.182864e-05 -8.800566e-07 -1.296882e-04
11564.000000 9.017716e-01 5.409297e-05 2.724962e-05 6.727097e-01 -8.304535e-05 -9.032306e-05 -1.202608e-05 -1.421394e-04
11564.200000 9.011910e-01 5.974419e-05 -4.141443e-05 6.742786e-01 -7.919768e-05 -8.122752e-05 -1.108685e-05 -1.347730e-04
11564.400000 8.947647e-01 5.545645e-05 6.657427e-05 6.763806e-01 -7.167402e-05 -8.330061e-05 -1.129481e-05 -1.151401e-04
11564.600000 9.066630e-01 2.916384e-05 -6.953168e-06 6.871578e-01 -6.342634e-05 -7.705454e-05 -1.086698e-05 -1.087183e-04
11564.800000 8.990499e-01 5.811654e-05 -2.789418e-05 6.838199e-01 -6.957578e-05 -7.975041e-05 -2.782878e-05 -1.237503e-04
11565.000000 8.924418e-01 5.132357e-05 -7.946022e-05 6.825793e-01 -8.023583e-05 -8.008136e-05 -2.128507e-05 -1.215277e-04
11565.200000 9.011518e-01 2.219239e-05 -4.389990e-05 6.956732e-01 -8.129611e-05 -7.700898e-05 5.520942e-08 -1.204202e-04
11565.400000 9.032672e-01 4.171076e-05 1.156141e-04 6.974264e-01 -8.005173e-05 -8.003546e-05 -8.253016e-06 -1.187538e-04
11565.600000 9.071728e-01 3.356829e-05 1.237034e-04 7.056988e-01 -7.387776e-05 -7.994829e-05 -9.923025e-06 -1.138960e-04
11565.800000 9.052756e-01 4.203964e-05 -4.259237e-05 7.105547e-01 -7.117930e-05 -7.185624e-05 -1.706451e-05 -1.169847e-04
11566.000000 9.029672e-01 5.469237e-05 9.593865e-06 7.111102e-01 -7.779498e-05 -8.382847e-05 -2.050543e-05 -1.386698e-04
11566.200000 8.987812e-01 5.019268e-05 5.648153e-05 7.137677e-01 -8.107715e-05 -8.780618e-05 -2.334452e-05 -1.327986e-04
11566.400000 9.012588e-01 5.010404e-05 6.298390e-06 7.182609e-01 -7.842306e-05 -8.829493e-05 -1.304733e-05 -1.346034e-04
11566.600000 8.977349e-01 5.406359e-05 -1.561787e-05 7.179997e-01 -7.397479e-05 -8.188103e-05 -9.306269e-06 -1.230881e-04
11566.800000 8.993156e-01 4.673567e-05 -1.886088e-05 7.205780e-01 -8.125633e-05 -9.458863e-05 -1.530856e-05 -1.359597e-04
11567.000000 8.971898e-01 6.774048e-05 -5.997668e-05 7.243884e-01 -7.539586e-05 -9.026574e-05 -8.866370e-06 -1.429527e-04
11567.200000 9.045424e-01 5.110079e-05 -4.960219e-05 7.327665e-01 -7.829026e-05 -8.564696e-05 -5.658850e-06 -1.452723e-04
11567.400000 8.983468e-01 4.705636e-05 -3.354554e-05 7.291376e-01 -7.646911e-05 -8.126703e-05 -1.395058e-05 -1.397368e-04
11567.600000 8.942022e-01 1.553454e-05 -2.487704e-05 7.254941e-01 -7.325906e-05 -7.759582e-05 -9.088933e-06 -1.353262e-04
11567.800000 8.990681e-01 3.702068e-05 3.374301e-05 7.324351e-01 -7.787582e-05 -9.081221e-05 -1.316564e-05 -1.321072e-04
11568.000000 8.890357e-01 3.315747e-05 -8.803885e-06 7.232922e-01 -7.844738e-05 -8.706879e-05 -5.308007e-06 -1.258446e-04
11568.200000 9.013622e-01 4.930121e-05 2.342066e-05 7.323538e-01 -8.718766e-05 -7.571570e-05 1.928706e-06 -1.383167e-04
11568.400000 8.962815e-01 5.813089e-05 1.170578e-04 7.299332e-01 -9.778510e-05 -7.191290e-05 -3.378218e-07 -1.483233e-04
11568.600000 8.977100e-01 7.074946e-05 -1.190737e-05 7.283771e-01 -8.831970e-05 -7.238673e-05 -1.642858e-05 -1.569090e-04
11568.800000 8.977485e-01 6.387913e-05 -9.518619e-06 7.265475e-01 -8.429458e-05 -6.454918e-05 -1.011327e-05 -1.457569e-04
11569.000000 9.025646e-01 4.772418e-05 5.683062e-05 7.291103e-01 -7.826766e-05 -5.978398e-05 -2.381287e-06 -1.322839e-04
11569.200000 9.019189e-01 5.743624e-05 -5.556818e-06 7.287190e-01 -7.690907e-05 -6.115845e-05 -8.315538e-06 -1.347257e-04
11569.400000 9.011207e-01 6.599867e-05 1.200306e-05 7.247333e-01 -7.429252e-05 -6.779242e-05 -1.066327e-05 -1.343981e-04
11569.600000 8.985082e-01 5.879854e-05 1.750145e-06 7.206027e-01 -7.946908e-05 -7.947942e-05 8.171083e-06 -1.258168e-04
11569.800000 9.019125e-01 5.595735e-05 -2.615795e-05 7.214554e-01 -7.708862e-05 -7.922610e-05 4.121830e-07 -1.300717e-04
11570.000000 8.981504e-01 8.022179e-05 -2.522925e-05 7.167393e-01 -8.168661e-05 -8.192828e-05 1.735233e-06 -1.411888e-04
11570.200000 9.029244e-01 6.818630e-05 -7.881414e-05 7.179918e-01 -7.168346e-05 -8.915655e-05 7.657962e-06 -1.343675e-04
11570.400000 9.058346e-01 6.085489e-05 -1.251068e-05 7.188471e-01 -7.759416e-05 -7.798915e-05 1.186643e-06 -1.392079e-04
11570.600000 9.038917e-01 5.725271e-05 -3.724430e-05 7.138329e-01 -8.645931e-05 -6.648248e-05 2.489205e-06 -1.429208e-04
11570.800000 9.011073e-01 4.828020e-05 7.471682e-06 7.090427e-01 -8.288117e-05 -7.329803e-05 1.950547e-07 -1.406641e-04
11571.000000 9.002130e-01 6.036554e-05 -2.892430e-05 7.055512e-01 -8.083235e-05 -7.010689e-05 4.796707e-06 -1.400103e-04
11571.200000 8.996901e-01 6.276097e-05 -6.666891e-05 7.032262e-01 -8.439932e-05 -7.319518e-05 1.353801e-05 -1.374313e-04
11571.400000 8.987956e-01 5.273101e-05 -4.845807e-05 6.999542e-01 -8.669858e-05 -7.427424e-05 -1.026512e-07 -1.305007e-04
11571.600000 9.003782e-01 4.867453e-05 -8.800439e-05 6.994383e-01 -8.194259e-05 -8.291771e-05 -5.093389e-06 -1.316252e-04
11571.800000 9.012103e-01 5.080977e-05 2.348858e-05 6.988810e-01 -7.637307e-05 -7.506999e-05 5.962387e-06 -1.252235e-04
11572.000000 9.000739e-01 6.168116e-05 8.994895e-07 6.954725e-01 -7.826616e-05 -6.724848e-05 6.007447e-06 -1.232617e-04
11572.200000 8.997316e-01 6.191137e-05 2.325605e-05 6.928273e-01 -7.757826e-05 -6.516837e-05 -2.989151e-06 -1.266090e-04
11572.400000 8.997488e-01 4.926180e-05 4.759913e-05 6.907001e-01 -8.753844e-05 -5.715405e-05 -5.826922e-06 -1.208686e-04
11572.600000 8.994904e-01 5.064384e-05 5.249125e-06 6.879453e-01 -9.368134e-05 -5.465365e-05 -7.893962e-06 -1.127067e-04
11572.800000 8.991938e-01 5.381274e-05 5.863422e-05 6.856395e-01 -9.529002e-05 -5.748812e-05 -8.940315e-06 -1.161180e-04
11573.000000 8.990725e-01 3.903029e-05 3.519538e-05 6.859526e-01 -8.567185e-05 -5.410681e-05 6.756538e-06 -1.212941e-04
11573.200000 8.965775e-01 5.954040e-05 1.453705e-05 6.815922e-01 -9.303462e-05 -5.896431e-05 -4.637876e-06 -1.315717e-04
11573.400000 8.983024e-01 5.071150e-05 -2.042631e-05 6.813921e-01 -8.691363e-05 -6.144853e-05 -5.147772e-06 -1.329492e-04
11573.600000 9.004018e-01 4.188741e-05 -3.950604e-05 6.823455e-01 -8.253211e-05 -6.853502e-05 -7.459952e-06 -1.405545e-04
11573.800000 8.964793e-01 3.481125e-05 -4.842009e-06 6.784823e-01 -8.505840e-05 -7.600323e-05 1.090561e-06 -1.383032e-04
11574.000000 9.049841e-01 3.355280e-05 7.703741e-05 6.832773e-01 -8.903092e-05 -7.102614e-05 3.956461e-06 -1.350724e-04
11574.200000 8.925691e-01 2.796658e-05 -2.649057e-05 6.734795e-01 -8.185706e-05 -7.176116e-05 -6.249147e-06 -1.374138e-04
11574.400000 9.006904e-01 3.984034e-05 1.200223e-04 6.775249e-01 -8.342107e-05 -7.378913e-05 -3.522622e-06 -1.317563e-04
11574.600000 8.980819e-01 4.700392e-05 2.259352e-05 6.742905e-01 -8.649113e-05 -7.080616e-05 -7.271324e-06 -1.302130e-04
11574.800000 8.974667e-01 5.659933e-05 5.682546e-05 6.743309e-01 -8.369301e-05 -6.789168e-05 -7.120433e-06 -1.383711e-04
11575.000000 8.992703e-01 6.803893e-05 1.365978e-05 6.744718e-01 -7.992707e-05 -6.639985e-05 -5.566078e-06 -1.343979e-04
11575.200000 9.017523e-01 6.363975e-05 -5.856042e-05 6.760762e-01 -8.017313e-05 -7.516283e-05 -9.192948e-06 -1.230994e-04
11575.400000 8.969662e-01 6.076586e-05 1.501527e-05 6.727395e-01 -7.556420e-05 -7.676758e-05 -1.551818e-05 -1.262214e-04
11575.600000 8.952119e-01 7.944157e-05 4.863903e-05 6.704332e-01 -7.676110e-05 -7.572908e-05 -2.750302e-05 -1.275552e-04
11575.800000 9.003444e-01 5.249355e-05 1.559090e-05 6.727336e-01 -8.327099e-05 -7.859311e-05 -3.111782e-05 -1.246003e-04
11576.000000 8.986553e-01 7.239079e-05 1.364119e-04 6.709891e-01 -7.823799e-05 -7.457364e-05 -2.238591e-05 -1.326294e-04
11576.200000 8.963272e-01 4.361079e-05 2.148690e-05 6.671394e-01 -7.173775e-05 -6.983588e-05 -3.057724e-05 -1.326391e-04
11576.400000 8.932517e-01 4.738028e-05 5.299725e-05 6.671725e-01 -6.740160e-05 -6.624310e-05 -2.152741e-05 -1.252440e-04
11576.600000 8.967105e-01 4.775052e-05 6.893822e-05 6.706220e-01 -7.466985e-05 -6.933410e-05 -2.255950e-05 -1.287580e-04
11576.800000 8.955877e-01 5.396476e-05 9.738294e-05 6.682771e-01 -8.054185e-05 -6.577971e-05 -2.485598e-05 -1.324223e-04
11577.000000 8.993837e-01 4.312212e-05 5.046512e-05 6.723616e-01 -7.744986e-05 -7.515848e-05 -1.951192e-05 -1.351983e-04
11577.200000 8.975123e-01 3.971039e-05 -4.475885e-06 6.704603e-01 -7.712652e-05 -8.236125e-05 -2.053289e-05 -1.271102e-04
11577.400000 9.021012e-01 4.612747e-05 1.749723e-05 6.743490e-01 -8.120350e-05 -7.320116e-05 -2.961628e-05 -1.286139e-04
11577.600000 9.009419e-01 6.093334e-05 4.982375e-05 6.719799e-01 -8.310169e-05 -6.597141e-05 -2.246812e-05 -1.358831e-04
11577.800000 8.980235e-01 3.890251e-05 6.486640e-05 6.713399e-01 -7.943898e-05 -6.498398e-05 -1.595701e-05 -1.336720e-04
11578.000000 9.006472e-01 3.078622e-05 1.059395e-04 6.717073e-01 -7.606896e-05 -7.123107e-05 -1.762076e-05 -1.276529e-04
11578.200000 8.955149e-01 4.643658e-05 1.052343e-04 6.699425e-01 -7.844403e-05 -8.113869e-05 -1.073146e-05 -1.266719e-04
11578.400000 9.000689e-01 4.307925e-05 9.956662e-06 6.748448e-01 -7.616481e-05 -8.210526e-05 -1.249378e-05 -1.246582e-04
11578.600000 8.905358e-01 6.819980e-05 3.679425e-05 6.640157e-01 -8.466438e-05 -7.457681e-05 -1.153614e-05 -1.200429e-04
11578.800000 8.933668e-01 5.823303e-05 -6.964355e-05 6.669954e-01 -8.798647e-05 -8.495253e-05 -2.729845e-05 -1.219238e-04
11579.000000 8.979309e-01 5.750280e-05 4.149878e-05 6.737397e-01 -7.750427e-05 -8.060485e-05 -1.356402e-05 -1.201876e-04
11579.200000 8.938121e-01 4.967379e-05 6.452121e-05 6.689475e-01 -7.324545e-05 -7.339951e-05 -1.264189e-05 -1.096784e-04
11579.400000 9.019036e-01 6.233672e-05 -4.061820e-05 6.755771e-01 -7.694360e-05 -7.868160e-05 -1.679282e-05 -1.005174e-04
11579.600000 8.930861e-01 5.901251e-05 6.141412e-06 6.675117e-01 -7.848554e-05 -7.800566e-05 -2.938902e-05 -1.111532e-04
11579.800000 8.980133e-01 5.483815e-05 -1.362234e-05 6.730678e-01 -7.266899e-05 -7.247347e-05 -2.087579e-05 -1.138584e-04
11580.000000 8.933328e-01 4.365078e-05 1.289042e-04 6.711304e-01 -7.408860e-05 -6.952803e-05 -2.117379e-05 -1.069491e-04
11580.200000 9.006070e-01 6.095145e-05 -3.219296e-07 6.748919e-01 -8.355668e-05 -7.309464e-05 -1.740044e-05 -1.085047e-04
11580.400000 8.979680e-01 6.290506e-05 -4.667618e-06 6.744271e-01 -8.980252e-05 -8.042651e-05 -3.031016e-05 -1.143984e-04
11580.600000 8.906104e-01 6.122251e-05 2.466516e-06 6.684286e-01 -7.981550e-05 -6.823538e-05 -1.326080e-05 -1.082880e-04
11580.800000 8.922180e-01 5.802871e-05 6.900820e-05 6.684511e-01 -6.893262e-05 -6.184104e-05 -1.749009e-05 -1.003034e-04
11581.000000 8.765611e-01 4.250430e-05 -2.389300e-05 6.563973e-01 -6.738402e-05 -6.162927e-05 -2.648372e-05 -1.085636e-04
11581.200000 8.970997e-01 6.019604e-05 1.000558e-05 6.697275e-01 -6.693751e-05 -6.701651e-05 -3.602735e-05 -1.084519e-04
11581.400000 8.996420e-01 4.972813e-05 6.543643e-05 6.725002e-01 -6.364965e-05 -7.271109e-05 -3.096011e-05 -1.063472e-04
11581.600000 8.953960e-01 5.067967e-05 -2.544839e-05 6.711676e-01 -6.036512e-05 -7.179823e-05 -2.522945e-05 -1.066720e-04
11581.800000 8.979978e-01 4.452180e-05 -1.118788e-05 6.734150e-01 -6.181021e-05 -7.296998e-05 -1.718285e-05 -9.888417e-05
11582.000000 8.879094e-01 7.030975e-05 1.587873e-04 6.660006e-01 -6.857921e-05 -7.305632e-05 -1.284138e-05 -1.073741e-04
11582.200000 8.946936e-01 5.438856e-05 -1.621263e-05 6.707254e-01 -7.698326e-05 -7.134221e-05 -2.738726e-05 -1.170181e-04
11582.400000 8.787014e-01 6.987796e-05 1.093408e-04 6.598940e-01 -8.060209e-05 -7.543212e-05 -2.611630e-05 -1.172002e-04
11582.600000 8.975451e-01 3.469551e-05 1.552671e-04 6.724776e-01 -8.171887e-05 -7.606704e-05 -1.111761e-05 -1.082544e-04
11582.800000 8.958613e-01 5.290771e-05 -5.702718e-05 6.722805e-01 -7.717916e-05 -7.946867e-05 -8.852737e-06 -9.478691e-05
11583.000000 8.962320e-01 6.581835e-05 -1.985615e-05 6.729350e-01 -7.262117e-05 -9.037710e-05 -1.957575e-05 -1.053690e-04
11583.200000 8.984674e-01 4.995273e-05 -3.360767e-05 6.752106e-01 -7.973484e-05 -8.161257e-05 -1.266367e-05 -9.841077e-05
11583.400000 8.988392e-01 3.951342e-05 9.216790e-05 6.749421e-01 -8.565826e-05 -7.765734e-05 -1.156845e-05 -1.044635e-04
11583.600000 8.985479e-01 4.998283e-05 -1.657019e-06 6.737240e-01 -8.745229e-05 -7.806183e-05 -1.086046e-05 -1.090303e-04
11583.800000 8.951875e-01 6.119899e-05 -1.282963e-04 6.702909e-01 -8.292725e-05 -7.314201e-05 -4.182614e-06 -1.039293e-04
11584.000000 8.928210e-01 8.810185e-05 -2.207971e-05 6.676674e-01 -7.784407e-05 -6.366279e-05 -1.395787e-05 -1.053748e-04
11584.200000 8.904291e-01 4.802621e-05 5.888012e-05 6.680397e-01 -6.419686e-05 -6.111673e-05 -1.787356e-05 -1.054507e-04
11584.400000 8.997962e-01 5.778787e-05 2.708774e-06 6.739989e-01 -6.393144e-05 -6.871881e-05 -2.046183e-05 -1.054221e-04
11584.600000 8.863122e-01 8.973483e-05 -1.047269e-04 6.642755e-01 -6.792993e-05 -6.532426e-05 -2.975312e-05 -1.054763e-04
11584.800000 8.987300e-01 4.860284e-05 3.271216e-05 6.747622e-01 -7.557471e-05 -6.882272e-05 -2.537551e-05 -1.032235e-04
11585.000000 8.974723e-01 4.178000e-05 6.517193e-05 6.734687e-01 -8.108536e-05 -6.852493e-05 -1.939866e-05 -1.018452e-04
11585.200000 8.863429e-01 7.566000e-05 -5.563104e-06 6.654963e-01 -7.860668e-05 -6.906907e-05 -3.552048e-05 -1.155411e-04
11585.400000 8.857695e-01 6.380374e-05 3.990104e-05 6.639357e-01 -6.669096e-05 -6.521719e-05 -3.889571e-05 -1.153924e-04
11585.600000 8.897198e-01 6.997713e-05 1.078298e-04 6.679420e-01 -6.865924e-05 -5.898888e-05 -2.690783e-05 -1.071362e-04
11585.800000 9.057370e-01 4.649130e-05 -5.430712e-05 6.807197e-01 -7.438817e-05 -5.898683e-05 -2.552168e-05 -1.187123e-04
11586.000000 9.019830e-01 7.450006e-05 -4.313949e-05 6.759819e-01 -7.058375e-05 -6.139459e-05 -2.902297e-05 -1.294776e-04
11586.200000 9.011464e-01 3.508027e-05 -4.187350e-05 6.766220e-01 -6.820466e-05 -5.743292e-05 -3.169455e-05 -1.297835e-04
11586.400000 8.904992e-01 4.299095e-05 -1.556710e-05 6.690164e-01 -7.386944e-05 -5.846093e-05 -2.690092e-05 -1.258325e-04
11586.600000 8.864785e-01 7.667175e-05 3.771039e-05 6.654283e-01 -7.432221e-05 -5.661122e-05 -1.744776e-05 -1.219945e-04
11586.800000 9.006685e-01 8.815915e-05 2.033906e-05 6.766249e-01 -6.838880e-05 -6.727498e-05 -8.920349e-06 -1.183174e-04
11587.000000 8.908014e-01 2.296809e-05 1.133033e-05 6.701453e-01 -7.349324e-05 -7.098079e-05 -1.614247e-05 -1.243683e-04
11587.200000 8.852250e-01 4.182960e-05 6.275774e-05 6.664056e-01 -6.762003e-05 -6.637549e-05 -1.096980e-05 -1.202903e-04
11587.400000 8.938277e-01 3.831244e-05 1.164261e-04 6.729142e-01 -6.803964e-05 -6.700773e-05 7.841311e-07 -1.173762e-04
11587.600000 8.793991e-01 4.381004e-05 -1.509834e-04 6.616667e-01 -5.844260e-05 -5.642512e-05 -1.208503e-05 -1.206911e-04
11587.800000 8.933731e-01 4.385363e-05 1.208546e-05 6.732492e-01 -5.860784e-05 -6.584399e-05 -7.915073e-06 -1.093220e-04
11588.000000 8.974966e-01 3.738566e-05 6.434420e-05 6.744914e-01 -6.618119e-05 -6.485584e-05 1.544791e-06 -1.019867e-04
11588.200000 8.917508e-01 3.272287e-05 -2.659090e-05 6.694029e-01 -6.982074e-05 -6.189412e-05 -7.568031e-06 -1.112783e-04
11588.400000 8.909624e-01 6.256920e-05 -7.720800e-05 6.711240e-01 -6.610363e-05 -5.483877e-05 -8.326102e-06 -1.243584e-04
11588.600000 8.850417e-01 4.094826e-05 -2.058953e-05 6.669159e-01 -6.760149e-05 -3.950683e-05 -7.150435e-06 -1.176384e-04
11588.800000 8.933149e-01 6.159871e-05 1.523572e-04 6.758414e-01 -6.086271e-05 -4.568388e-05 -1.422264e-05 -1.118194e-04
11589.000000 8.950753e-01 6.500756e-05 1.418610e-04 6.724959e-01 -7.430272e-05 -5.952285e-05 -1.424343e-06 -1.000571e-04
11589.200000 8.879025e-01 4.301948e-05 -9.964604e-05 6.686745e-01 -7.723903e-05 -5.453183e-05 -7.062199e-06 -1.047522e-04
11589.400000 8.956342e-01 7.306395e-05 6.270219e-05 6.773806e-01 -7.327190e-05 -6.011967e-05 -1.378611e-05 -1.147492e-04
11589.600000 8.691088e-01 4.834599e-05 7.960193e-05 6.555169e-01 -7.642660e-05 -6.413097e-05 -2.446115e-05 -1.277426e-04
11589.800000 9.030066e-01 8.417827e-05 1.139668e-04 6.801578e-01 -7.336436e-05 -6.271934e-05 -7.760677e-06 -1.125308e-04
11590.000000 8.973359e-01 6.988340e-05 -3.303733e-05 6.777824e-01 -7.640172e-05 -7.039541e-05 -4.723261e-06 -1.145904e-04
11590.200000 8.893955e-01 3.843644e-05 1.266578e-04 6.744421e-01 -6.459171e-05 -6.181892e-05 1.128747e-05 -1.284584e-04
11590.400000 8.886346e-01 5.039316e-05 1.117039e-04 6.722712e-01 -6.396112e-05 -6.401348e-05 -2.910612e-06 -1.372561e-04
11590.600000 9.089647e-01 2.175233e-05 -9.674960e-05 6.875010e-01 -5.890694e-05 -6.329642e-05 5.590599e-06 -1.309065e-04
11590.800000 8.960163e-01 7.183385e-05 5.002524e-05 6.746916e-01 -5.889714e-05 -6.224804e-05 8.719001e-06 -1.284068e-04
11591.000000 8.910573e-01 6.563415e-05 8.521369e-05 6.716727e-01 -6.564167e-05 -5.439534e-05 -1.224342e-06 -1.310302e-04
11591.200000 9.001581e-01 4.045846e-05 6.490709e-05 6.803317e-01 -7.418644e-05 -6.387133e-05 3.695433e-07 -1.327535e-04
11591.400000 8.799511e-01 8.914794e-05 -1.263267e-04 6.660144e-01 -6.749539e-05 -6.595881e-05 -1.405207e-05 -1.277538e-04
11591.600000 8.827702e-01 3.452237e-05 -2.559302e-05 6.678976e-01 -6.593110e-05 -6.103060e-05 -8.117900e-06 -1.211336e-04
11591.800000 8.946050e-01 3.619257e-05 -9.788444e-06 6.782855e-01 -7.653315e-05 -6.900305e-05 -2.123673e-05 -1.280506e-04
11592.000000 8.792877e-01 2.841220e-06 -3.923087e-05 6.652373e-01 -7.316105e-05 -7.158252e-05 -1.811795e-05 -1.233303e-04
11592.200000 8.961642e-01 4.179889e-05 3.295979e-05 6.771011e-01 -6.591228e-05 -6.841089e-05 -1.652783e-05 -1.154112e-04
11592.400000 8.901155e-01 7.777241e-05 7.295370e-05 6.712684e-01 -5.761125e-05 -6.051956e-05 -1.890938e-05 -1.104635e-04
11592.600000 8.998327e-01 3.168983e-05 -2.335038e-06 6.801041e-01 -7.825788e-05 -6.043699e-05 -3.223635e-05 -1.209746e-04
11592.800000 8.878756e-01 4.560714e-05 -6.649152e-05 6.741947e-01 -8.596211e-05 -5.711182e-05 -3.134603e-05 -1.213670e-04
11593.000000 8.950469e-01 1.097884e-05 -8.323796e-05 6.790836e-01 -8.619456e-05 -6.285989e-05 -2.917128e-05 -1.101811e-04
11593.200000 8.976217e-01 5.692755e-05 -1.557293e-05 6.809229e-01 -7.523315e-05 -6.349478e-05 -2.874147e-05 -1.106085e-04
11593.400000 8.864484e-01 3.353277e-05 -1.183121e-04 6.729332e-01 -7.124731e-05 -6.386456e-05 -2.795115e-05 -1.046797e-04
11593.600000 8.928496e-01 5.119360e-05 1.035074e-04 6.782322e-01 -6.991353e-05 -5.640121e-05 -1.188941e-05 -1.149728e-04
11593.800000 8.882232e-01 3.896751e-05 9.260676e-08 6.735057e-01 -7.109644e-05 -6.616938e-05 -1.786149e-05 -1.282078e-04
11594.000000 8.989141e-01 3.074916e-05 -2.991298e-05 6.809047e-01 -7.688148e-05 -6.270452e-05 -3.263508e-05 -1.272232e-04
11594.200000 8.886187e-01 7.388388e-05 7.260412e-05 6.734070e-01 -7.120834e-05 -6.863391e-05 -1.880528e-05 -1.224684e-04
11594.400000 9.076120e-01 6.194676e-05 1.111642e-04 6.875756e-01 -7.035384e-05 -6.580911e-05 -2.602501e-05 -1.242343e-04
11594.600000 8.795996e-01 6.010824e-05 -1.953572e-04 6.688981e-01 -7.208624e-05 -5.573403e-05 -2.660102e-05 -1.190505e-04
11594.800000 8.898031e-01 6.284571e-05 3.811422e-06 6.757917e-01 -7.127559e-05 -6.331687e-05 -2.611871e-05 -1.237733e-04
11595.000000 8.898770e-01 6.706109e-05 5.559937e-05 6.752475e-01 -7.120127e-05 -7.020926e-05 -2.011635e-05 -1.090702e-04
11595.200000 8.902283e-01 3.983958e-05 -8.125241e-05 6.764169e-01 -6.687687e-05 -5.901923e-05 -1.244218e-05 -1.168530e-04
11595.400000 8.997162e-01 4.953544e-05 -2.960553e-05 6.832091e-01 -6.865954e-05 -5.418248e-05 -2.367195e-05 -1.362619e-04
11595.600000 8.909617e-01 2.431004e-05 3.168311e-05 6.776821e-01 -6.675856e-05 -6.712846e-05 -1.428398e-05 -1.429148e-04
11595.800000 8.939190e-01 7.280115e-05 7.583859e-05 6.780727e-01 -6.524897e-05 -6.579590e-05 -1.305135e-05 -1.469583e-04
11596.000000 8.877661e-01 2.835233e-05 -8.927846e-05 6.725801e-01 -7.302990e-05 -7.355593e-05 -2.361382e-05 -1.793299e-04
11596.200000 8.959845e-01 4.972356e-05 3.966492e-05 6.826919e-01 -7.791502e-05 -6.908088e-05 -3.189804e-05 -1.744472e-04
11596.400000 8.991807e-01 4.894756e-05 -2.481160e-05 6.836014e-01 -9.133635e-05 -5.877641e-05 -2.367761e-05 -1.891254e-04
11596.600000 8.864100e-01 3.252107e-05 3.832820e-05 6.752199e-01 -8.722215e-05 -6.008560e-05 -1.387681e-05 -1.842428e-04
11596.800000 8.950551e-01 4.765823e-05 8.411740e-05 6.792132e-01 -8.409038e-05 -6.916204e-05 -2.564959e-05 -1.961235e-04
11597.000000 8.881395e-01 5.183869e-05 6.126850e-05 6.751936e-01 -8.266777e-05 -7.291396e-05 -2.407030e-05 -1.866556e-04
11597.700000 8.915377e-01 5.837199e-05 3.902689e-05 6.774635e-01 -6.786115e-05 -7.425928e-05 -1.398423e-05 -1.710944e-04
11598.400000 8.915019e-01 6.218866e-05 5.401627e-05 6.780634e-01 -6.983834e-05 -7.714573e-05 -1.438994e-05 -1.700729e-04
11599.100000 8.834660e-01 7.414471e-05 -3.536561e-05 6.730409e-01 -6.631956e-05 -7.543166e-05 -6.779675e-06 -1.740493e-04
11599.800000 8.888487e-01 6.632130e-05 -3.026484e-05 6.774693e-01 -5.597697e-05 -6.514886e-05 -1.074137e-05 -1.743766e-04
11600.500000 8.899562e-01 7.006007e-05 -3.848529e-06 6.796276e-01 -5.990298e-05 -7.054980e-05 -1.071498e-05 -1.657372e-04
11601.200000 8.933263e-01 5.570471e-05 2.890653e-05 6.799559e-01 -7.244062e-05 -7.596592e-05 -2.578739e-05 -1.607051e-04
11601.900000 8.897080e-01 4.038799e-05 2.898609e-05 6.781446e-01 -7.850738e-05 -7.061271e-05 -3.361042e-05 -1.536985e-04
11602.600000 8.885144e-01 4.941239e-05 6.628556e-05 6.773201e-01 -6.837822e-05 -6.898644e-05 -2.627812e-05 -1.543802e-04
11603.300000 8.864229e-01 5.740654e-05 -2.017415e-05 6.764215e-01 -6.444283e-05 -6.574616e-05 -1.367790e-05 -1.554262e-04
11604.993695 8.841346e-01 6.045132e-05 2.326095e-05 6.761159e-01 -7.850491e-05 -6.871879e-05 -2.166408e-05 -1.587412e-04
11605.999583 8.875257e-01 6.136272e-05 5.676394e-05 6.797448e-01 -8.242716e-05 -7.063483e-05 -1.896050e-05 -1.609069e-04
11607.017662 8.855691e-01 4.534184e-05 2.223637e-05 6.780576e-01 -7.607939e-05 -6.859916e-05 -1.882171e-05 -1.547546e-04
11608.047933 8.857451e-01 6.000097e-05 -1.530697e-06 6.789131e-01 -6.893373e-05 -8.017909e-05 -2.304377e-05 -1.559689e-04
11609.090396 8.870840e-01 5.155727e-05 3.372058e-05 6.795381e-01 -7.627772e-05 -6.506842e-05 -2.007325e-05 -1.676107e-04
11610.145051 8.882140e-01 4.430046e-05 7.471911e-06 6.812968e-01 -7.384855e-05 -6.248650e-05 -1.026922e-05 -1.561021e-04
11611.211898 8.882143e-01 4.952400e-05 -3.067439e-05 6.827436e-01 -6.450519e-05 -6.801235e-05 -9.106747e-06 -1.181046e-04
11612.290937 8.885861e-01 6.699922e-05 -2.185680e-05 6.830786e-01 -6.303244e-05 -6.645961e-05 -1.380554e-05 -1.117422e-04
11613.382167 8.855594e-01 5.485275e-05 2.831318e-05 6.822460e-01 -6.396830e-05 -7.102780e-05 -1.543092e-05 -1.080138e-04
11614.485590 8.881321e-01 4.864470e-05 -4.032940e-05 6.838635e-01 -6.904054e-05 -6.686356e-05 -7.058731e-06 -1.257973e-04
11615.601204 8.896287e-01 4.015659e-05 -6.662423e-06 6.871754e-01 -7.286285e-05 -6.823091e-05 -1.114431e-05 -1.207526e-04
11616.729011 8.873961e-01 2.762106e-05 -4.797677e-05 6.853423e-01 -7.101754e-05 -7.210552e-05 -2.037826e-05 -1.096029e-04
11617.869009 8.867531e-01 3.404166e-05 2.792432e-05 6.855133e-01 -6.347744e-05 -6.958249e-05 -1.333944e-05 -1.085623e-04
11619.021199 8.868439e-01 2.945913e-05 4.243669e-05 6.846567e-01 -6.727504e-05 -5.424372e-05 -1.680887e-05 -9.800315e-05
11620.185582 8.867727e-01 2.936646e-05 -5.169129e-06 6.832104e-01 -7.865270e-05 -5.786572e-05 -2.835191e-05 -1.049588e-04
11621.362156 8.876352e-01 5.014845e-05 -1.897229e-05 6.860605e-01 -7.914901e-05 -5.533943e-05 -2.481682e-05 -1.107838e-04
11622.550922 8.869078e-01 4.059472e-05 1.746218e-05 6.836986e-01 -7.769905e-05 -5.070358e-05 -2.710018e-05 -1.159913e-04
11623.751879 8.872930e-01 5.525215e-05 9.778316e-06 6.826087e-01 -7.222342e-05 -5.150703e-05 -1.668333e-05 -1.160344e-04
11624.965029 8.855793e-01 6.607869e-05 2.926633e-05 6.804267e-01 -7.047249e-05 -5.492644e-05 -8.255787e-06 -1.129220e-04
11626.190371 8.843333e-01 5.003922e-05 8.696413e-06 6.780480e-01 -6.924571e-05 -6.178562e-05 -1.163219e-05 -1.142528e-04
11627.427904 8.860978e-01 5.208340e-05 -1.076436e-05 6.803720e-01 -6.637551e-05 -5.715933e-05 -6.817332e-06 -1.090142e-04
11628.677630 8.854346e-01 6.913320e-05 7.964311e-06 6.785678e-01 -6.851096e-05 -5.558584e-05 5.032149e-06 -1.051283e-04
11629.939547 8.837556e-01 6.229431e-05 -1.349773e-05 6.760062e-01 -6.706358e-05 -5.835161e-05 4.156462e-07 -1.010525e-04
11631.213657 8.838345e-01 3.819736e-05 5.401735e-05 6.763560e-01 -6.309642e-05 -7.109246e-05 -1.516351e-05 -1.041063e-04
11632.499958 8.848772e-01 4.530276e-05 4.491284e-05 6.764625e-01 -6.414251e-05 -7.620953e-05 -2.263461e-05 -1.122435e-04
11633.798451 8.837561e-01 4.793104e-05 7.502336e-06 6.763788e-01 -6.289959e-05 -6.272108e-05 -1.637927e-05 -1.179416e-04
11635.109136 8.834245e-01 5.818697e-05 4.148286e-05 6.751450e-01 -6.143967e-05 -6.106591e-05 -8.320675e-06 -1.185338e-04
11636.432013 8.833775e-01 6.241504e-05 -2.956400e-06 6.746106e-01 -7.027965e-05 -6.039839e-05 -1.517579e-05 -1.149609e-04
11637.767082 8.836837e-01 5.819292e-05 2.698659e-06 6.759155e-01 -7.502176e-05 -5.056051e-05 -1.883374e-05 -1.085738e-04
11639.114342 8.823935e-01 4.528026e-05 -1.018121e-06 6.751196e-01 -6.885476e-05 -4.971175e-05 -2.343396e-05 -1.149709e-04
11640.473795 8.830322e-01 5.127443e-05 -3.138483e-05 6.744975e-01 -6.295080e-05 -5.507015e-05 -2.144903e-05 -1.157233e-04
11641.845440 8.803011e-01 5.756746e-05 -9.114165e-06 6.718945e-01 -6.202633e-05 -5.605200e-05 -7.246159e-06 -1.079740e-04
11643.229276 8.815549e-01 4.240350e-05 3.343572e-05 6.738101e-01 -6.863055e-05 -4.705788e-05 -2.031630e-05 -1.121876e-04
11644.625305 8.833639e-01 3.738320e-05 5.316462e-05 6.762538e-01 -6.828023e-05 -4.502201e-05 -1.812497e-05 -1.135102e-04
11646.033525 8.790247e-01 4.866842e-05 8.915683e-05 6.720446e-01 -7.539303e-05 -5.084085e-05 -1.923827e-05 -1.234139e-04
11647.453937 8.821022e-01 5.261081e-05 3.135457e-05 6.736835e-01 -7.538520e-05 -5.940172e-05 -2.415648e-05 -1.208215e-04
11648.886541 8.778130e-01 4.453107e-05 3.128122e-05 6.720583e-01 -7.190950e-05 -6.394054e-05 -2.521585e-05 -1.090146e-04
11650.331337 8.776722e-01 4.949454e-05 1.878905e-05 6.712313e-01 -6.902128e-05 -6.326234e-05 -2.362463e-05 -1.084301e-04
11651.788325 8.784590e-01 6.206750e-05 2.735269e-05 6.724819e-01 -7.566686e-05 -5.992342e-05 -1.824010e-05 -1.198495e-04
11653.257505 8.797698e-01 6.348482e-05 4.176546e-05 6.755461e-01 -8.233476e-05 -5.812000e-05 -2.288557e-05 -1.210152e-04
11654.738877 8.797811e-01 5.297230e-05 5.177715e-05 6.738589e-01 -6.948518e-05 -5.819571e-05 -2.575329e-05 -1.287968e-04
11656.232440 8.786983e-01 4.084833e-05 9.322100e-06 6.735742e-01 -6.950134e-05 -5.968622e-05 -2.530453e-05 -1.281218e-04
11657.738196 8.796935e-01 6.004654e-05 2.060447e-05 6.765563e-01 -6.611956e-05 -5.906961e-05 -3.500026e-05 -1.152146e-04
11659.256143 8.781231e-01 6.370131e-05 2.539006e-05 6.748565e-01 -6.797873e-05 -5.323569e-05 -3.023034e-05 -1.156207e-04
11660.786283 8.792457e-01 6.870418e-05 -6.973383e-07 6.773993e-01 -7.628001e-05 -4.069688e-05 -2.280372e-05 -1.245772e-04
11662.328614 8.779751e-01 6.391971e-05 2.510862e-05 6.748368e-01 -7.867923e-05 -5.142392e-05 -1.967137e-05 -1.308394e-04
11663.883137 8.775899e-01 6.580239e-05 1.774377e-05 6.747275e-01 -8.200171e-05 -5.375135e-05 -1.474765e-05 -1.382604e-04
11665.449852 8.777067e-01 4.896995e-05 -1.671835e-05 6.750076e-01 -8.519479e-05 -5.842592e-05 -2.380779e-05 -1.304530e-04
11667.028759 8.776402e-01 5.247860e-05 -8.970956e-06 6.749804e-01 -8.595258e-05 -5.649516e-05 -3.060718e-05 -1.330942e-04
11668.619858 8.742878e-01 5.058935e-05 -1.504059e-05 6.742750e-01 -8.337428e-05 -5.947021e-05 -2.588031e-05 -1.236060e-04
11670.223149 8.765859e-01 5.887125e-05 2.625518e-05 6.749419e-01 -8.072181e-05 -6.367518e-05 -2.376075e-05 -1.296043e-04
11671.838632 8.763597e-01 4.973667e-05 2.151804e-05 6.765117e-01 -8.115833e-05 -7.192197e-05 -2.424893e-05 -1.334382e-04
11673.466307 8.770734e-01 4.561687e-05 1.198304e-05 6.783833e-01 -7.040754e-05 -8.034346e-05 -2.117574e-05 -1.372045e-04
11675.106173 8.759345e-01 4.823204e-05 4.509219e-05 6.766730e-01 -6.579246e-05 -7.205105e-05 -1.778973e-05 -1.374018e-04
11676.758232 8.738951e-01 4.024987e-05 2.182608e-05 6.758466e-01 -6.950157e-05 -6.680725e-05 -2.470329e-05 -1.368620e-04
11678.422482 8.728236e-01 3.605185e-05 2.966121e-05 6.743523e-01 -7.170468e-05 -7.206471e-05 -1.810728e-05 -1.296962e-04
11680.098924 8.716477e-01 5.751717e-05 6.117690e-05 6.744352e-01 -6.465470e-05 -6.536868e-05 -2.356402e-05 -1.263650e-04
11681.787558 8.732807e-01 3.001653e-05 2.297299e-05 6.749804e-01 -6.623033e-05 -6.196963e-05 -2.299920e-05 -1.264633e-04
11683.488385 8.728457e-01 4.117888e-05 -1.237004e-06 6.770895e-01 -6.695887e-05 -6.316147e-05 -2.349282e-05 -1.356033e-04
11685.201403 8.722915e-01 5.811914e-05 2.774496e-05 6.752749e-01 -7.188907e-05 -6.380552e-05 -3.743586e-05 -1.338454e-04
11686.926613 8.737918e-01 4.691350e-05 4.106596e-05 6.767551e-01 -7.345567e-05 -6.451064e-05 -3.325808e-05 -1.228747e-04
11688.664014 8.711613e-01 4.016818e-05 4.388832e-05 6.746791e-01 -7.425119e-05 -6.819663e-05 -3.131511e-05 -1.251445e-04
11690.413608 8.718577e-01 5.834369e-05 2.707692e-05 6.760638e-01 -6.644011e-05 -6.091449e-05 -3.923381e-05 -1.154447e-04
11692.175394 8.719052e-01 5.631092e-05 6.764216e-05 6.757560e-01 -6.793243e-05 -6.849266e-05 -2.625367e-05 -1.194809e-04
11693.949371 8.714296e-01 5.119241e-05 5.604020e-05 6.749451e-01 -6.107770e-05 -7.508073e-05 -2.738981e-05 -1.264442e-04
11695.735541 8.707590e-01 5.532822e-05 5.311005e-05 6.763439e-01 -6.699677e-05 -7.295125e-05 -2.599956e-05 -1.266071e-04
11697.533902 8.710232e-01 4.576156e-05 1.564586e-05 6.768038e-01 -7.273374e-05 -7.016453e-05 -2.983923e-05 -1.253718e-04
11699.344455 8.690629e-01 3.901848e-05 -7.259718e-06 6.742211e-01 -7.199560e-05 -7.370622e-05 -1.502010e-05 -1.191667e-04
11701.167201 8.685059e-01 3.957457e-05 -3.377795e-05 6.724106e-01 -7.378079e-05 -6.471277e-05 -1.933442e-05 -1.227916e-04
11703.002138 8.648272e-01 5.118315e-05 -7.650685e-06 6.708445e-01 -7.888605e-05 -6.641506e-05 -1.295906e-05 -1.321384e-04
11704.849267 8.674183e-01 5.195420e-05 1.528990e-05 6.729891e-01 -7.452873e-05 -7.398766e-05 -2.064286e-05 -1.370395e-04
11706.708588 8.691055e-01 5.704730e-05 4.392751e-05 6.739177e-01 -7.530212e-05 -7.336366e-05 -1.804704e-05 -1.346744e-04
11708.580100 8.672693e-01 4.431693e-05 4.429926e-05 6.738634e-01 -6.882665e-05 -7.245727e-05 -2.049452e-05 -1.346798e-04
11710.463805 8.672360e-01 4.384151e-05 5.058109e-06 6.746835e-01 -6.407625e-05 -7.964564e-05 -1.244761e-05 -1.330540e-04
11712.359702 8.682023e-01 4.562173e-05 -2.714109e-06 6.750087e-01 -7.046644e-05 -8.133317e-05 -1.390452e-05 -1.296507e-04
11714.267790 8.664442e-01 4.669735e-05 3.466404e-05 6.728462e-01 -7.670408e-05 -8.487352e-05 -1.031155e-05 -1.162965e-04
11716.188071 8.655805e-01 4.032388e-05 5.751816e-05 6.713931e-01 -7.548682e-05 -8.559711e-05 -2.772470e-06 -1.080891e-04
11718.120543 8.667104e-01 4.887134e-05 5.016464e-05 6.722297e-01 -7.409098e-05 -8.551070e-05 1.473867e-05 -1.118498e-04
11720.065207 8.655554e-01 5.594473e-05 5.184618e-05 6.729376e-01 -7.511865e-05 -7.962214e-05 7.071945e-06 -1.256011e-04
11722.022064 8.642298e-01 5.720034e-05 3.157880e-05 6.712945e-01 -6.591531e-05 -8.562214e-05 6.259919e-06 -1.252394e-04
11723.991112 8.631615e-01 4.187506e-05 -2.659427e-06 6.698385e-01 -6.273035e-05 -9.037625e-05 2.113283e-06 -1.104091e-04
11725.972352 8.651650e-01 4.272363e-05 1.132258e-05 6.718134e-01 -6.020764e-05 -8.946022e-05 -9.105094e-06 -1.267240e-04
11727.965784 8.638343e-01 4.291666e-05 3.721995e-05 6.709538e-01 -6.004708e-05 -8.714964e-05 -1.915575e-05 -1.187041e-04
11729.971407 8.639661e-01 4.248423e-05 4.542340e-06 6.710024e-01 -6.046757e-05 -9.002563e-05 -9.526932e-06 -1.103710e-04
11731.989223 8.588431e-01 3.797542e-05 8.941175e-06 6.675843e-01 -6.143077e-05 -9.724426e-05 -9.752928e-06 -1.195479e-04
11734.019231 8.599531e-01 4.697740e-05 -1.996570e-05 6.684581e-01 -6.862868e-05 -8.727537e-05 -8.210111e-06 -1.168032e-04
11736.061430 8.604802e-01 3.700999e-05 2.572114e-05 6.695327e-01 -6.507884e-05 -9.147217e-05 -1.393662e-05 -1.177713e-04
11738.115822 8.617310e-01 2.944435e-05 -2.914685e-05 6.703482e-01 -6.337541e-05 -9.794583e-05 -9.921622e-06 -1.307680e-04
11740.182405 8.614336e-01 3.259236e-05 4.944719e-06 6.702806e-01 -6.743119e-05 -1.063647e-04 -6.953546e-06 -1.289954e-04
11742.261180 8.610230e-01 2.920556e-05 4.420473e-06 6.711459e-01 -6.840022e-05 -9.679487e-05 1.685937e-06 -1.187203e-04
11744.352148 8.585731e-01 3.448372e-05 3.458171e-05 6.708293e-01 -8.053059e-05 -8.253976e-05 -8.847939e-07 -1.209116e-04
11746.455307 8.603609e-01 4.367226e-05 -1.360954e-05 6.726585e-01 -7.819712e-05 -7.565083e-05 -2.574236e-06 -1.340350e-04
11748.570658 8.598110e-01 3.041171e-05 3.013225e-05 6.705032e-01 -7.357042e-05 -7.466734e-05 -8.558533e-06 -1.398926e-04
11750.698201 8.592316e-01 4.410705e-05 3.932824e-05 6.714013e-01 -6.754304e-05 -7.831712e-05 -3.450656e-06 -1.412242e-04
11752.837935 8.578965e-01 4.938034e-05 3.644390e-05 6.703023e-01 -6.900655e-05 -7.834277e-05 -8.662476e-06 -1.388669e-04
11754.989862 8.575926e-01 5.049306e-05 7.180457e-05 6.700505e-01 -6.928582e-05 -7.185156e-05 -1.074516e-05 -1.332969e-04
11757.153981 8.577081e-01 4.944253e-05 6.933778e-05 6.711318e-01 -6.509231e-05 -7.925926e-05 -8.283553e-06 -1.255731e-04
11759.330291 8.566057e-01 4.666225e-05 3.757887e-05 6.702757e-01 -5.251804e-05 -8.544534e-05 -7.634877e-06 -1.275626e-04
11761.518794 8.560301e-01 5.786978e-05 1.210785e-05 6.699885e-01 -5.587959e-05 -8.323802e-05 -3.429919e-06 -1.318170e-04
11763.719488 8.569446e-01 5.711798e-05 2.523582e-05 6.723507e-01 -6.142403e-05 -7.342247e-05 -3.200002e-06 -1.269161e-04
11765.932374 8.548506e-01 4.792494e-05 1.820392e-05 6.696983e-01 -6.673819e-05 -7.747802e-05 -3.924356e-06 -1.181918e-04
11768.157453 8.540594e-01 4.077671e-05 3.177595e-05 6.692500e-01 -6.152240e-05 -7.921605e-05 -8.190004e-07 -1.248987e-04
11770.394723 8.499809e-01 5.501743e-05 -7.161006e-07 6.671263e-01 -6.903295e-05 -6.893372e-05 -3.338943e-06 -1.314400e-04
11772.644185 8.460560e-01 4.850908e-05 2.820540e-05 6.634126e-01 -6.911459e-05 -6.169818e-05 -4.720235e-06 -1.311542e-04
11774.905838 8.501204e-01 4.552387e-05 7.637125e-06 6.669941e-01 -6.778381e-05 -5.869292e-05 -2.475401e-06 -1.145158e-04
11777.179684 8.526132e-01 6.098481e-05 7.693493e-06 6.690288e-01 -6.282793e-05 -6.005456e-05 3.532241e-06 -1.209282e-04
11779.465722 8.528716e-01 6.020347e-05 -3.781666e-05 6.700438e-01 -5.180210e-05 -7.004403e-05 5.409404e-06 -1.253225e-04
11781.763952 8.530777e-01 7.477862e-05 2.195420e-06 6.702171e-01 -5.568968e-05 -7.162601e-05 -4.484679e-06 -1.319716e-04
11784.074373 8.517374e-01 4.744741e-05 -2.125800e-05 6.692649e-01 -5.163829e-05 -6.462801e-05 -7.357954e-06 -1.221145e-04
11786.396987 8.522711e-01 5.323261e-05 1.500510e-05 6.707258e-01 -4.699985e-05 -6.870934e-05 -5.351013e-06 -1.090546e-04
11788.731792 8.513861e-01 6.282149e-05 -9.373091e-06 6.705400e-01 -4.919963e-05 -8.049751e-05 -4.573547e-07 -1.041223e-04
11791.078789 8.494507e-01 6.167560e-05 -1.448194e-05 6.699987e-01 -4.646285e-05 -8.206681e-05 -4.909145e-06 -9.897238e-05
11793.437978 8.499897e-01 5.126196e-05 5.756116e-06 6.697878e-01 -6.634839e-05 -7.461954e-05 -1.099638e-05 -1.000333e-04
11795.809359 8.501178e-01 5.803240e-05 7.346626e-06 6.685798e-01 -7.001858e-05 -7.392894e-05 -1.234962e-05 -1.045350e-04
11798.192932 8.493480e-01 5.842395e-05 -2.591663e-05 6.697925e-01 -5.214770e-05 -7.436661e-05 -2.276738e-06 -1.086894e-04
11800.588697 8.472982e-01 5.565781e-05 -3.312937e-05 6.683060e-01 -4.688350e-05 -6.729569e-05 -6.727257e-08 -1.224510e-04
11802.996654 8.490870e-01 6.934217e-05 -1.604777e-05 6.690902e-01 -5.121985e-05 -5.625223e-05 -3.182644e-06 -1.188155e-04
11805.416803 8.462994e-01 8.083264e-05 9.130928e-06 6.671122e-01 -6.342183e-05 -6.549616e-05 -4.211586e-06 -1.182978e-04
11807.849143 8.471659e-01 6.825172e-05 -4.645132e-07 6.696076e-01 -5.187763e-05 -7.025742e-05 -2.916947e-06 -1.210566e-04
11810.293676 8.460156e-01 6.314280e-05 -7.458655e-06 6.683056e-01 -5.444958e-05 -7.090056e-05 -1.370832e-05 -1.224522e-04
11812.750400 8.459622e-01 5.342813e-05 -3.487092e-05 6.679499e-01 -6.047364e-05 -6.136407e-05 -8.211305e-06 -1.241782e-04
11815.219317 8.435043e-01 7.628337e-05 6.376862e-07 6.656410e-01 -5.773866e-05 -7.134029e-05 -3.399346e-06 -1.294716e-04
11817.700425 8.432115e-01 6.658374e-05 -2.443916e-05 6.654057e-01 -5.744170e-05 -7.955168e-05 -1.602024e-05 -1.197089e-04
11820.193725 8.454937e-01 6.112564e-05 -8.400244e-06 6.679068e-01 -4.955503e-05 -8.448325e-05 -1.749607e-05 -1.251533e-04
11822.699217 8.445254e-01 5.182996e-05 -1.180379e-05 6.665980e-01 -5.140946e-05 -7.677180e-05 -2.133517e-05 -1.236492e-04
11825.216901 8.417594e-01 4.851409e-05 3.745547e-06 6.669494e-01 -5.162781e-05 -7.409732e-05 -1.692029e-05 -1.219754e-04
11827.746777 8.432732e-01 5.501954e-05 2.641256e-05 6.672674e-01 -5.460681e-05 -6.514581e-05 -1.338826e-05 -1.254088e-04
11830.288845 8.440057e-01 4.209881e-05 2.495232e-06 6.675493e-01 -4.078876e-05 -6.306672e-05 -1.260810e-05 -1.357034e-04
11832.843105 8.417216e-01 6.034638e-05 1.870455e-05 6.662977e-01 -5.267345e-05 -6.358420e-05 -1.135081e-05 -1.323035e-04
11835.409556 8.406886e-01 7.009596e-05 1.000693e-05 6.663377e-01 -5.181501e-05 -6.469798e-05 -1.263669e-05 -1.266240e-04
11837.988200 8.399125e-01 8.501559e-05 -2.776323e-05 6.658828e-01 -4.538270e-05 -6.569451e-05 -2.363306e-05 -1.271271e-04
11840.579035 8.410072e-01 7.325970e-05 -2.952101e-05 6.662408e-01 -4.739155e-05 -6.624282e-05 -2.763636e-05 -1.250519e-04
11843.182062 8.394724e-01 6.791895e-05 -3.529960e-05 6.659941e-01 -4.569947e-05 -7.017564e-05 -2.142669e-05 -1.242151e-04
11845.797282 8.376160e-01 5.532617e-05 -2.761985e-05 6.641473e-01 -5.147744e-05 -7.072197e-05 -1.846905e-05 -1.259239e-04
11848.424693 8.368751e-01 5.645112e-05 8.166564e-06 6.634683e-01 -5.255323e-05 -7.348494e-05 -1.582915e-05 -1.227265e-04
11851.064296 8.374481e-01 5.682094e-05 1.695150e-05 6.630671e-01 -5.379599e-05 -6.874807e-05 -9.606965e-06 -1.261682e-04
11853.716091 8.366648e-01 5.543520e-05 2.904974e-05 6.643751e-01 -5.758625e-05 -8.089999e-05 -1.323234e-05 -1.257010e-04
11856.380078 8.378190e-01 4.595294e-05 1.976308e-05 6.655852e-01 -5.419951e-05 -8.521089e-05 -2.116758e-05 -1.302313e-04
11859.056256 8.370328e-01 4.987023e-05 -3.906893e-06 6.652538e-01 -5.787637e-05 -6.860792e-05 -9.893705e-06 -1.288763e-04
11861.744627 8.323720e-01 6.147790e-05 5.599192e-06 6.632521e-01 -5.246038e-05 -7.894730e-05 -7.850161e-06 -1.247018e-04
11864.445190 8.302540e-01 6.332578e-05 2.571346e-06 6.599681e-01 -4.685037e-05 -7.740479e-05 -1.653905e-05 -1.221411e-04
11867.157944 8.342584e-01 3.899251e-05 1.459492e-05 6.628333e-01 -5.577800e-05 -7.754764e-05 -1.357186e-05 -1.155035e-04
11869.882891 8.331174e-01 2.850428e-05 1.614516e-05 6.640554e-01 -6.500172e-05 -7.856722e-05 -9.915362e-07 -1.152423e-04
11872.620029 8.317553e-01 4.318680e-05 2.739198e-05 6.636409e-01 -6.145849e-05 -7.203045e-05 -1.595481e-06 -1.146227e-04
11875.369359 8.340124e-01 3.528209e-05 -7.586349e-06 6.647397e-01 -5.523564e-05 -6.787501e-05 1.432439e-06 -1.166689e-04
11878.130881 8.317063e-01 3.485585e-05 -1.858380e-05 6.632528e-01 -5.051014e-05 -6.857474e-05 -1.259890e-05 -1.185949e-04
11880.904595 8.244275e-01 3.978873e-05 2.132725e-05 6.585803e-01 -5.331971e-05 -7.441022e-05 -2.072165e-05 -1.146920e-04
11883.690501 8.241052e-01 3.265746e-05 1.680630e-05 6.579490e-01 -5.714165e-05 -7.210582e-05 -1.210277e-05 -1.221847e-04
11886.488599 8.297711e-01 3.791067e-05 8.637267e-06 6.604981e-01 -5.643123e-05 -7.604924e-05 -1.163263e-05 -1.231013e-04
11889.298889 8.308500e-01 3.978580e-05 2.085728e-05 6.628404e-01 -5.840443e-05 -7.851605e-05 -5.087490e-06 -1.295087e-04
11892.121371 8.298373e-01 5.741886e-05 3.087629e-05 6.624951e-01 -5.353807e-05 -8.482079e-05 1.207222e-06 -1.240060e-04
11894.956044 8.298864e-01 4.654598e-05 -1.724886e-06 6.634211e-01 -6.312349e-05 -8.146803e-05 -7.464069e-06 -1.193029e-04
11897.802910 8.282248e-01 4.120688e-05 3.326963e-05 6.625493e-01 -5.766546e-05 -7.368108e-05 -8.071986e-06 -1.137101e-04
11900.661967 8.278924e-01 3.044194e-05 1.742086e-05 6.629146e-01 -5.457081e-05 -7.993287e-05 -4.441013e-06 -1.160710e-04
11903.533217 8.273507e-01 4.715936e-05 2.583910e-05 6.618753e-01 -6.296879e-05 -7.839782e-05 -3.906393e-06 -1.126649e-04
11906.416658 8.268581e-01 4.461705e-05 3.255561e-05 6.630736e-01 -6.401509e-05 -6.496734e-05 -6.576661e-06 -1.155846e-04
11909.312291 8.265621e-01 3.882138e-05 1.352942e-05 6.619127e-01 -7.331561e-05 -6.243432e-05 -7.563708e-06 -1.138143e-04
11912.220116 8.256680e-01 4.223940e-05 -8.317844e-06 6.616383e-01 -7.361881e-05 -6.860738e-05 -4.616637e-06 -1.191330e-04
11915.140133 8.252818e-01 3.851142e-05 1.683859e-06 6.618748e-01 -7.145529e-05 -7.652421e-05 -9.417650e-06 -1.154863e-04
11918.072342 8.233152e-01 2.332314e-05 1.961553e-05 6.594486e-01 -6.768412e-05 -7.925666e-05 -6.486163e-06 -1.189287e-04
11921.016743 8.231376e-01 4.342909e-05 4.193029e-05 6.605704e-01 -6.607650e-05 -6.753382e-05 -1.101516e-06 -1.238983e-04
11923.973335 8.246090e-01 5.264340e-05 2.881701e-05 6.602699e-01 -6.336086e-05 -6.949831e-05 4.338516e-07 -1.315014e-04
11926.942120 8.223883e-01 4.839531e-05 5.499917e-06 6.593188e-01 -6.353073e-05 -5.875206e-05 -1.150569e-06 -1.274174e-04
11929.923096 8.217149e-01 5.155159e-05 -2.528361e-06 6.584361e-01 -5.427936e-05 -5.673622e-05 -7.595187e-06 -1.212979e-04
11932.916265 8.207869e-01 4.859755e-05 8.682834e-06 6.587479e-01 -5.455658e-05 -6.792335e-05 -1.158386e-05 -1.253080e-04
11935.921625 8.129218e-01 3.908013e-05 -2.315573e-06 6.525996e-01 -5.810833e-05 -6.759690e-05 -1.236259e-06 -1.230743e-04
11938.939177 8.149209e-01 4.369758e-05 1.471942e-05 6.540470e-01 -5.911196e-05 -6.817142e-05 -2.144912e-06 -1.199651e-04
11941.968921 8.193429e-01 3.047554e-05 1.266015e-05 6.585406e-01 -5.574945e-05 -6.911708e-05 -9.971350e-06 -1.287784e-04
11945.010858 8.189098e-01 3.897182e-05 1.753507e-05 6.579808e-01 -6.152721e-05 -6.865092e-05 -1.059947e-05 -1.199626e-04
11948.064985 8.189655e-01 3.308617e-05 -1.007281e-05 6.601159e-01 -6.004790e-05 -7.860118e-05 -6.041188e-06 -1.163796e-04
11951.131305 8.187361e-01 4.385036e-05 5.248484e-06 6.592753e-01 -5.821450e-05 -8.159239e-05 -1.543219e-06 -1.174478e-04
11954.209817 8.171830e-01 5.095506e-05 3.240148e-05 6.583223e-01 -5.669131e-05 -9.044966e-05 -5.158929e-06 -1.121779e-04
11957.300521 8.148859e-01 5.132694e-05 -1.152033e-05 6.578459e-01 -6.870795e-05 -8.953759e-05 -1.465745e-05 -1.022634e-04
11960.403416 8.154112e-01 3.935621e-05 -1.052445e-05 6.569986e-01 -7.309584e-05 -7.328760e-05 -8.300327e-06 -1.093732e-04
11963.518504 8.158791e-01 4.965448e-05 9.632144e-06 6.569410e-01 -7.377311e-05 -6.860071e-05 -2.021135e-06 -1.091812e-04
11966.645783 8.149857e-01 4.278484e-05 9.840996e-07 6.565781e-01 -7.565549e-05 -6.678427e-05 -1.371450e-06 -1.040529e-04
11969.785255 8.138961e-01 5.066357e-05 2.936599e-08 6.559182e-01 -7.055213e-05 -6.350112e-05 -6.459676e-06 -1.149595e-04
11972.936918 8.130791e-01 5.096479e-05 3.989609e-05 6.568444e-01 -6.620319e-05 -5.756952e-05 -9.970503e-06 -1.182071e-04
11976.100773 8.129543e-01 4.541464e-05 1.421652e-05 6.555987e-01 -6.177645e-05 -6.329850e-05 -1.065955e-05 -1.216141e-04
11979.276820 8.118977e-01 3.231355e-05 -2.532798e-05 6.554827e-01 -5.964328e-05 -7.409588e-05 -1.476643e-05 -1.226751e-04
11982.465059 8.114426e-01 4.788085e-05 -1.983235e-05 6.558006e-01 -6.643147e-05 -8.053632e-05 -2.076374e-05 -1.222700e-04
11985.665490 8.108158e-01 6.765493e-05 1.828731e-05 6.556633e-01 -6.627071e-05 -7.564909e-05 -2.045644e-05 -1.289987e-04
11988.878112 8.099045e-01 6.606712e-05 1.227745e-05 6.545147e-01 -6.009878e-05 -7.567299e-05 -1.825674e-05 -1.221562e-04
11992.102927 8.098907e-01 7.194700e-05 4.992729e-05 6.548997e-01 -6.068784e-05 -7.917753e-05 -4.179712e-06 -1.238210e-04
11995.339934 8.095246e-01 6.271016e-05 2.818944e-05 6.551165e-01 -5.233058e-05 -8.222777e-05 -8.929518e-06 -1.244406e-04
11998.589132 8.079169e-01 6.705100e-05 2.742511e-05 6.543536e-01 -5.120199e-05 -7.976699e-05 -2.049351e-05 -1.219759e-04
12001.850523 8.081419e-01 7.538050e-05 -1.215210e-06 6.542342e-01 -5.287891e-05 -7.560461e-05 -1.253501e-05 -1.303468e-04
12005.124105 8.072507e-01 5.013432e-05 3.299067e-05 6.530446e-01 -5.988948e-05 -8.107015e-05 -1.330180e-05 -1.188520e-04
12008.409879 8.060718e-01 3.379495e-05 -1.153351e-07 6.526344e-01 -6.547106e-05 -8.478688e-05 -2.368461e-05 -1.222303e-04
12011.707845 8.058066e-01 3.999352e-05 2.442156e-05 6.530096e-01 -7.212294e-05 -8.596657e-05 -2.198793e-05 -1.223038e-04
12015.018003 8.060987e-01 4.812526e-05 3.706802e-07 6.538756e-01 -7.344019e-05 -9.427203e-05 -2.358422e-05 -1.158888e-04
12018.340353 8.039872e-01 6.024609e-05 3.300355e-05 6.517768e-01 -8.113056e-05 -9.220205e-05 -2.108638e-05 -1.140726e-04
12021.674895 8.031111e-01 6.468225e-05 1.768790e-05 6.522516e-01 -7.344814e-05 -8.236961e-05 -1.523521e-05 -1.110993e-04
12025.021629 8.035081e-01 7.379223e-05 3.269025e-05 6.523704e-01 -7.189091e-05 -8.275692e-05 -5.879002e-06 -1.097254e-04
12028.380554 8.023761e-01 7.892987e-05 2.951751e-05 6.514783e-01 -6.414261e-05 -8.414633e-05 -7.845684e-06 -1.019965e-04
12031.751672 8.008797e-01 6.390242e-05 1.717378e-05 6.511750e-01 -5.679729e-05 -8.183530e-05 -9.936851e-06 -1.097381e-04
12035.134982 8.009015e-01 5.670246e-05 2.536965e-05 6.505854e-01 -5.136510e-05 -8.038256e-05 -2.250482e-05 -1.237597e-04
12038.530483 8.007555e-01 5.597285e-05 2.258727e-05 6.515672e-01 -5.043756e-05 -8.030238e-05 -1.056352e-05 -1.249038e-04
12041.938176 7.990201e-01 6.213531e-05 3.826668e-05 6.510786e-01 -5.227347e-05 -8.114579e-05 -2.025493e-06 -1.195977e-04
12045.358061 7.926039e-01 7.087709e-05 1.323630e-05 6.453669e-01 -5.963206e-05 -8.110325e-05 -1.538394e-05 -1.174362e-04
12048.790139 7.876720e-01 7.270689e-05 -2.179725e-06 6.413577e-01 -5.953356e-05 -8.333022e-05 -2.585990e-05 -1.101117e-04
12052.234408 7.960318e-01 5.194150e-05 4.941316e-06 6.476492e-01 -6.385813e-05 -8.609823e-05 -2.284304e-05 -1.075085e-04
12055.690868 7.957908e-01 6.475245e-05 -3.983676e-06 6.481343e-01 -6.656099e-05 -8.573979e-05 -1.728980e-05 -1.201434e-04
12059.159521 7.960537e-01 5.573215e-05 -2.350378e-05 6.485953e-01 -6.541432e-05 -8.683088e-05 -1.675567e-05 -1.168328e-04
12062.640366 7.956098e-01 5.042412e-05 -2.035562e-05 6.495122e-01 -6.097832e-05 -8.505102e-05 -1.675617e-05 -1.082034e-04
12066.133403 7.941710e-01 3.703414e-05 -1.221396e-05 6.479693e-01 -5.801093e-05 -8.729265e-05 -1.435713e-05 -1.057279e-04
12069.638631 7.940095e-01 4.304765e-05 -1.146739e-05 6.482200e-01 -6.884390e-05 -9.175120e-05 -1.693569e-05 -1.007652e-04
12073.156052 7.927628e-01 5.109552e-05 -3.990758e-06 6.471490e-01 -5.945909e-05 -9.076882e-05 -1.312790e-05 -1.016321e-04
12076.685664 7.919453e-01 4.675926e-05 -1.726930e-06 6.469985e-01 -5.698725e-05 -8.602530e-05 -1.322246e-05 -1.135726e-04
12080.227468 7.918283e-01 3.357911e-05 1.692780e-05 6.466040e-01 -6.306214e-05 -7.703878e-05 -1.381782e-05 -1.044438e-04
12083.781465 7.899601e-01 4.920277e-05 1.624537e-05 6.461523e-01 -6.261904e-05 -8.208251e-05 -2.372956e-05 -1.014201e-04
12087.347653 7.881803e-01 4.395934e-05 1.400210e-05 6.450692e-01 -6.301842e-05 -7.879872e-05 -2.302625e-05 -1.096013e-04
12090.926033 7.895174e-01 3.153208e-05 -7.442821e-06 6.463771e-01 -6.639058e-05 -7.884047e-05 -1.256074e-05 -1.057114e-04
12094.516605 7.894618e-01 4.389268e-05 1.073091e-06 6.470339e-01 -5.759527e-05 -8.300852e-05 -2.012559e-05 -1.005898e-04
12098.119369 7.880703e-01 5.876987e-05 7.528793e-07 6.460853e-01 -5.561962e-05 -9.060373e-05 -2.054328e-05 -1.004067e-04
12101.734324 7.875876e-01 5.076908e-05 8.752805e-06 6.443730e-01 -6.950294e-05 -7.911207e-05 -2.490175e-05 -9.143554e-05
12105.361472 7.870950e-01 4.334480e-05 -2.565422e-05 6.451634e-01 -7.333528e-05 -7.319700e-05 -2.481777e-05 -1.001355e-04
12109.000811 7.857440e-01 4.393973e-05 -1.462838e-06 6.448999e-01 -7.313309e-05 -7.168003e-05 -2.235173e-05 -1.035444e-04
12112.652343 7.856385e-01 4.328059e-05 4.564677e-06 6.450697e-01 -6.868596e-05 -8.009572e-05 -2.496391e-05 -9.507448e-05
12116.316066 7.841010e-01 5.172314e-05 4.441592e-05 6.433867e-01 -6.241762e-05 -8.210528e-05 -3.923644e-05 -9.668240e-05
12119.991982 7.835731e-01 5.395178e-05 2.306348e-05 6.427819e-01 -6.545500e-05 -9.144173e-05 -3.872583e-05 -1.036004e-04
12123.680089 7.839026e-01 4.242593e-05 3.174643e-05 6.440058e-01 -7.003795e-05 -8.411315e-05 -3.442360e-05 -1.015309e-04
12127.380388 7.817969e-01 4.192050e-05 2.123731e-05 6.422754e-01 -6.798536e-05 -8.059171e-05 -2.815029e-05 -9.549104e-05
12131.092879 7.819171e-01 4.802208e-05 2.387608e-05 6.411413e-01 -6.228745e-05 -8.846869e-05 -3.968009e-05 -9.583606e-05
12134.817562 7.805931e-01 4.220139e-05 4.130163e-05 6.406274e-01 -6.332708e-05 -8.500803e-05 -3.813620e-05 -9.826108e-05
12138.554437 7.808218e-01 3.710112e-05 3.670812e-05 6.419478e-01 -6.289026e-05 -8.716308e-05 -2.405527e-05 -9.641806e-05
12142.303503 7.791545e-01 4.230902e-05 2.911517e-05 6.405869e-01 -6.619220e-05 -8.569706e-05 -2.197986e-05 -1.006942e-04
12146.064762 7.780939e-01 3.589127e-05 -8.611810e-06 6.392610e-01 -6.642520e-05 -8.935814e-05 -1.215664e-05 -9.905963e-05
12149.838213 7.782332e-01 3.614629e-05 5.897676e-06 6.408723e-01 -7.461189e-05 -8.667455e-05 -1.171463e-05 -1.076893e-04
12153.623855 7.761793e-01 3.399516e-05 9.951762e-06 6.399645e-01 -6.999302e-05 -7.170828e-05 -1.843828e-05 -1.062695e-04
12157.421689 7.760100e-01 4.484515e-05 4.290618e-05 6.406676e-01 -6.830158e-05 -6.786127e-05 -1.830973e-05 -1.027897e-04
12161.231716 7.752205e-01 4.748920e-05 4.601012e-05 6.408718e-01 -6.936274e-05 -7.153169e-05 -1.882106e-05 -1.075699e-04
12165.053934 7.755640e-01 4.805358e-05 3.568284e-05 6.403759e-01 -6.802822e-05 -7.329517e-05 -1.497566e-05 -1.054343e-04
12168.888344 7.734719e-01 3.585845e-05 9.596772e-06 6.394682e-01 -6.535538e-05 -7.018209e-05 -2.588543e-05 -1.077013e-04
12172.734946 7.715873e-01 3.833803e-05 -1.200242e-05 6.386282e-01 -6.346939e-05 -7.769626e-05 -2.229121e-05 -9.772396e-05
12176.593740 7.734633e-01 4.147935e-05 1.504116e-05 6.386420e-01 -6.936103e-05 -8.072063e-05 -2.853409e-06 -9.298129e-05
12180.464726 7.708988e-01 3.560592e-05 -3.738965e-06 6.376387e-01 -6.181304e-05 -6.992142e-05 -5.747230e-06 -9.851341e-05
12184.347903 7.685376e-01 4.740362e-05 2.272549e-05 6.355060e-01 -5.525638e-05 -7.152936e-05 -1.201184e-05 -9.959516e-05
12188.243273 7.710074e-01 3.941364e-05 1.513616e-05 6.384714e-01 -5.073170e-05 -7.071208e-05 -1.647518e-05 -1.065581e-04
12192.150835 7.674597e-01 6.026710e-05 -1.392999e-05 6.365607e-01 -5.326564e-05 -7.139225e-05 -1.736145e-05 -1.057549e-04
12196.070588 7.677365e-01 5.659444e-05 9.439046e-07 6.367524e-01 -4.953584e-05 -8.077541e-05 -1.921541e-05 -9.962852e-05
12200.002533 7.686978e-01 5.471443e-05 -4.222263e-06 6.380752e-01 -5.962040e-05 -8.342649e-05 -3.056600e-05 -1.006805e-04
12203.946671 7.648289e-01 4.785895e-05 1.149169e-05 6.353088e-01 -6.145090e-05 -8.967983e-05 -2.710440e-05 -1.023336e-04
12207.903000 7.640582e-01 4.666662e-05 3.327317e-05 6.339339e-01 -6.064736e-05 -8.576879e-05 -2.428066e-05 -1.063653e-04
12211.871521 7.659505e-01 5.630197e-05 3.804716e-05 6.360884e-01 -5.874505e-05 -7.792355e-05 -3.228256e-05 -1.124535e-04
12215.852234 7.647596e-01 4.778251e-05 2.202543e-05 6.348591e-01 -5.138975e-05 -7.981588e-05 -2.957737e-05 -1.118461e-04
12219.845139 7.640736e-01 5.892291e-05 2.281731e-05 6.339653e-01 -5.927638e-05 -7.945328e-05 -3.367413e-05 -1.062986e-04
12223.850236 7.622244e-01 4.835967e-05 1.396151e-05 6.336273e-01 -5.960650e-05 -8.105130e-05 -2.400542e-05 -9.800059e-05
12227.867524 7.540801e-01 4.988314e-05 3.605469e-06 6.279721e-01 -5.562525e-05 -7.987081e-05 -1.238348e-05 -1.003426e-04
12231.897005 7.442490e-01 4.994200e-05 1.814242e-06 6.209400e-01 -6.271450e-05 -7.921037e-05 -1.568340e-05 -1.041238e-04
12235.938678 7.590328e-01 5.495277e-05 4.615108e-06 6.323084e-01 -5.997794e-05 -8.737189e-05 -8.991909e-06 -9.937432e-05
12239.992542 7.595223e-01 4.765885e-05 2.313279e-05 6.335742e-01 -6.094249e-05 -9.222460e-05 -1.705795e-05 -9.964660e-05
12244.058598 7.586353e-01 4.953819e-05 3.069724e-06 6.327659e-01 -5.780943e-05 -8.910130e-05 -2.486814e-05 -9.323772e-05
12248.136847 7.582582e-01 4.334120e-05 3.524608e-05 6.315996e-01 -5.833801e-05 -8.840117e-05 -2.854792e-05 -1.028866e-04
12252.227287 7.561012e-01 5.001513e-05 3.182150e-05 6.306261e-01 -6.621504e-05 -8.244738e-05 -3.560476e-05 -1.135584e-04
12256.329919 7.567114e-01 4.080479e-05 -4.776158e-06 6.318612e-01 -6.692187e-05 -7.682096e-05 -2.361908e-05 -1.220961e-04
12260.444743 7.546722e-01 3.946479e-05 4.931696e-05 6.301133e-01 -6.318864e-05 -8.729756e-05 -2.538955e-05 -1.183283e-04
12264.571759 7.555328e-01 5.020240e-05 4.896951e-05 6.311296e-01 -5.786478e-05 -8.720343e-05 -2.351306e-05 -1.095583e-04
12268.710967 7.551414e-01 4.615605e-05 2.725466e-05 6.317230e-01 -4.852675e-05 -7.482125e-05 -2.759311e-05 -1.384611e-04
12272.862366 7.540646e-01 4.132822e-05 3.684177e-05 6.303768e-01 -5.606675e-05 -6.896123e-05 -2.397487e-05 -1.394883e-04
12277.025958 7.532372e-01 3.862806e-05 1.825360e-05 6.306669e-01 -6.636134e-05 -6.675040e-05 -2.309431e-05 -1.154664e-04
12281.201742 7.524776e-01 2.983458e-05 3.580857e-05 6.306827e-01 -5.160476e-05 -7.058811e-05 -3.017185e-05 -9.975364e-05
12285.389717 7.519465e-01 4.604314e-05 3.713375e-05 6.309974e-01 -4.893874e-05 -5.436964e-05 -3.323834e-05 -9.828783e-05
12289.589884 7.506216e-01 4.517637e-05 5.270149e-05 6.299549e-01 -5.490600e-05 -4.683441e-05 -2.649935e-05 -9.768166e-05
12293.802244 7.501458e-01 4.238013e-05 5.624257e-05 6.292410e-01 -5.314070e-05 -4.977676e-05 -1.239378e-05 -1.014202e-04
12298.026795 7.483605e-01 3.871911e-05 2.846489e-05 6.287256e-01 -5.047872e-05 -5.133616e-05 -2.373858e-05 -1.090107e-04
12302.263538 7.476857e-01 3.540767e-05 4.304379e-05 6.287150e-01 -4.496913e-05 -5.881070e-05 -2.708683e-05 -1.104601e-04
12306.512473 7.483029e-01 3.450308e-05 2.951324e-05 6.288158e-01 -4.391709e-05 -6.731506e-05 -2.579059e-05 -1.116137e-04
12310.773600 7.470960e-01 4.877744e-05 3.291488e-05 6.290754e-01 -6.772134e-05 -7.547418e-05 -1.079319e-05 -1.078209e-04
12315.046919 7.462799e-01 5.404954e-05 5.835992e-05 6.293149e-01 -7.355866e-05 -7.037822e-05 -1.879281e-05 -1.105282e-04
12319.332429 7.444384e-01 5.105955e-05 3.413614e-05 6.289347e-01 -7.062641e-05 -6.821751e-05 -2.867547e-05 -1.084770e-04
12323.630132 7.285081e-01 5.103288e-05 3.832891e-05 6.157036e-01 -6.818514e-05 -6.408508e-05 -2.669930e-05 -1.125386e-04
12327.940026 7.363580e-01 6.316272e-05 3.626992e-05 6.221160e-01 -7.258154e-05 -6.455964e-05 -2.950911e-05 -1.074357e-04
12332.262113 7.424220e-01 5.936364e-05 5.871006e-06 6.270826e-01 -7.554180e-05 -7.965626e-05 -1.366617e-05 -9.853405e-05
12336.596391 7.419452e-01 5.042769e-05 1.886068e-06 6.275202e-01 -7.610519e-05 -8.769221e-05 -5.755357e-06 -1.001844e-04
12340.942861 7.414236e-01 5.195687e-05 -3.505926e-06 6.273617e-01 -7.583690e-05 -8.624692e-05 -4.242732e-06 -1.071536e-04
12345.301524 7.397641e-01 5.575859e-05 1.178288e-05 6.255977e-01 -7.762344e-05 -8.750890e-05 -6.212860e-06 -1.094398e-04
12349.672378 7.390202e-01 6.025006e-05 3.646378e-05 6.251437e-01 -7.718076e-05 -8.305927e-05 -1.994185e-05 -1.107585e-04
12354.055424 7.392192e-01 3.644602e-05 2.380845e-05 6.259918e-01 -7.064531e-05 -8.528419e-05 -2.268433e-05 -1.144339e-04
12358.450662 7.382216e-01 3.621260e-05 3.363296e-05 6.248196e-01 -7.777097e-05 -9.412258e-05 -1.653894e-05 -1.112831e-04
12362.858091 7.375793e-01 4.460697e-05 4.601298e-05 6.248712e-01 -6.959326e-05 -7.688936e-05 -1.137196e-05 -1.084478e-04
12367.277713 7.364506e-01 4.598977e-05 3.380418e-05 6.250828e-01 -7.390123e-05 -7.375276e-05 -4.527892e-06 -1.118681e-04
12371.709527 7.330536e-01 3.684310e-05 -1.317101e-05 6.224852e-01 -7.767541e-05 -8.759836e-05 -6.445175e-06 -1.083110e-04
12376.153532 7.295300e-01 3.224543e-05 -1.355082e-05 6.198671e-01 -6.404986e-05 -7.971624e-05 -6.885829e-06 -1.123723e-04
12380.609730 7.342425e-01 3.476889e-05 -1.144457e-06 6.232815e-01 -6.630592e-05 -9.432262e-05 -2.941098e-06 -1.151723e-04
12385.078119 7.336619e-01 4.108974e-05 7.122107e-06 6.241622e-01 -5.551352e-05 -8.613218e-05 3.015272e-06 -9.893166e-05
12389.558700 7.332886e-01 5.910516e-05 2.280361e-05 6.243140e-01 -5.664423e-05 -8.547513e-05 -1.082492e-06 -9.795967e-05
12394.051473 7.316742e-01 4.696766e-05 1.665314e-05 6.236851e-01 -6.699570e-05 -9.026901e-05 -5.548416e-06 -1.056903e-04
12398.556438 7.312337e-01 5.125828e-05 1.955601e-05 6.243542e-01 -6.598992e-05 -1.019446e-04 -5.198093e-06 -1.073738e-04
12403.073595 7.304278e-01 4.917973e-05 5.086992e-06 6.236253e-01 -6.043176e-05 -1.024496e-04 -1.435257e-05 -1.018014e-04
12407.602944 7.291453e-01 5.148997e-05 3.287021e-06 6.229304e-01 -6.828688e-05 -9.295412e-05 -1.786443e-05 -1.063170e-04
12412.144485 7.288040e-01 4.318775e-05 -1.383870e-05 6.228290e-01 -6.438486e-05 -8.807272e-05 -1.425167e-05 -1.122952e-04
12416.698218 7.277271e-01 5.155291e-05 5.809840e-06 6.227357e-01 -6.701941e-05 -9.122774e-05 -1.776985e-05 -1.159502e-04
12421.264142 7.264366e-01 4.303020e-05 -2.326730e-07 6.220264e-01 -7.008777e-05 -8.835311e-05 -7.110528e-06 -1.120429e-04
12425.842259 7.249504e-01 4.559824e-05 2.340502e-06 6.215320e-01 -7.596854e-05 -8.084895e-05 -1.551357e-05 -1.079342e-04
12430.432567 7.228879e-01 4.238712e-05 -1.088791e-05 6.200106e-01 -8.045265e-05 -9.017256e-05 -1.795673e-05 -1.131389e-04
12435.035068 7.231754e-01 4.013516e-05 1.211806e-05 6.207176e-01 -6.972678e-05 -9.502373e-05 -1.970986e-05 -1.112866e-04
12439.649760 7.222539e-01 4.481917e-05 4.217997e-05 6.199827e-01 -7.452785e-05 -9.058518e-05 -1.279974e-05 -1.083234e-04
12444.276644 7.208459e-01 2.901084e-05 1.997601e-05 6.184044e-01 -7.014854e-05 -8.412276e-05 -1.086011e-05 -1.230841e-04
12448.915720 7.199640e-01 3.272566e-05 7.104142e-06 6.185905e-01 -6.941866e-05 -8.785055e-05 -4.682644e-06 -1.269066e-04
12453.566988 7.184910e-01 3.505709e-05 8.701824e-06 6.178745e-01 -7.668919e-05 -8.390159e-05 -8.738661e-06 -1.264010e-04
12458.230448 7.184640e-01 4.414528e-05 2.154957e-05 6.186721e-01 -8.154616e-05 -8.233988e-05 -6.627084e-06 -1.196535e-04
12462.906100 7.186529e-01 5.409938e-05 1.080554e-05 6.190320e-01 -7.957979e-05 -7.846518e-05 -7.051890e-06 -1.136139e-04
12467.593943 7.180393e-01 4.727920e-05 1.053743e-05 6.199201e-01 -7.904392e-05 -8.007105e-05 2.462507e-06 -1.141237e-04
12472.293979 7.180061e-01 5.801618e-05 9.028656e-06 6.199263e-01 -8.199913e-05 -9.236333e-05 3.546943e-06 -1.214892e-04
12477.006206 7.176127e-01 4.986329e-05 1.379626e-05 6.200672e-01 -8.481434e-05 -9.542440e-05 -5.244497e-06 -1.413778e-04
12481.730626 7.168189e-01 5.383455e-05 -5.953584e-06 6.189925e-01 -8.598261e-05 -9.305596e-05 -6.528031e-06 -1.681873e-04
12486.467237 7.152788e-01 4.647883e-05 1.274259e-05 6.179845e-01 -8.288410e-05 -9.125444e-05 -4.277064e-06 -1.650506e-04
12491.216040 7.143831e-01 4.769624e-05 2.715047e-05 6.177373e-01 -8.141033e-05 -9.124929e-05 -9.856745e-06 -1.252124e-04
12495.977036 7.149970e-01 4.827936e-05 2.270939e-05 6.184996e-01 -8.843590e-05 -9.830491e-05 -1.079228e-05 -1.070786e-04
12500.750223 7.142828e-01 4.284948e-05 3.109461e-05 6.187445e-01 -1.010653e-04 -9.333577e-05 1.392396e-06 -1.065883e-04
12505.535602 7.134946e-01 4.117811e-05 2.637792e-05 6.188187e-01 -1.036175e-04 -9.626302e-05 5.060439e-07 -1.055336e-04
12510.333172 7.126820e-01 4.274749e-05 2.061397e-05 6.183165e-01 -1.004895e-04 -1.017566e-04 -9.466892e-06 -9.290858e-05
12515.142935 7.117740e-01 5.388949e-05 3.611321e-05 6.185547e-01 -8.853729e-05 -9.886558e-05 -2.467583e-06 -9.300986e-05
12519.964890 7.109719e-01 5.261101e-05 4.252563e-05 6.173518e-01 -8.881469e-05 -9.878511e-05 -7.605464e-06 -9.058921e-05
12524.799037 7.094690e-01 5.511072e-05 1.630735e-06 6.163891e-01 -8.231006e-05 -1.032533e-04 -1.040392e-05 -9.724380e-05
12529.645375 6.605553e-01 5.394049e-05 1.250787e-05 5.742390e-01 -7.332738e-05 -9.201820e-05 -6.528966e-06 -1.054445e-04
12534.503905 1.366665e-01 9.831838e-06 2.900624e-06 1.188491e-01 -1.532868e-05 -1.915647e-05 -9.794842e-07 -2.128727e-05
