# Facility: NSLS-II
# Beamline: QAS
# Year: 2022
# Cycle: 2
# SAF: 309618
# PI: Wang
# Proposal: 309017
# Scan ID: 52230
# UID: 45799c2c-d104-4288-8050-a5f0ff060192
# Comment: 
# Start time: 07/18/2022  10:54:22
# Stop time: 07/18/2022  10:54:54
# Total time: 00:32
# Trajectory name: Pt-L3-30s-11564.txt
# Element: Platinum ( 78)
# Edge: L3
# E0: 11564
# Reference Foil Element: Pt
# Keithley Gains I0: 1E7 V/A It: 1E6 V/A Iref: 1E7 V/A PIPS: 1E8 V/A 
# Ion Chamber Gas Flow Rates: I0: 0.00 sccm He + 99.70 sccm N2 + 0.00 sccm Ar 
# Ion Chamber Gas Flow Rates: It&Iref: 29.80 sccm N2 + 70.10 sccm Ar
# Incident Beam Path Vertical: -27.99 mm
# Incident Slits Positions B: TOP: 1.0 mm Bottom: -1.0 mm Inboard: -2.0 mm Outboard: 2.0 mm
# Sample Stage Positions: Rotation: 45.0 deg Horizontal: -14.78 mm Vertical: -1.01 mm Beam Direction: 0.00 mm
# PerkinElmer Vertical Position: 500.00 mm
# Front End Mirror Horizontal Positions: Up: -14.00 mm Down: -14.00 mm
#
# energy  i0  it  ir  iff  aux1  aux2  aux3  aux4
11377.572770 4.746058e-01 2.238361e-02 2.500461e-02 2.771515e-01 -3.466851e-05 -3.820061e-05 1.389550e-05 -6.113923e-05
11382.572770 9.382488e-01 4.444216e-02 4.974765e-02 5.477778e-01 -7.333814e-05 -6.639874e-05 2.163958e-05 -1.529295e-04
11387.572770 9.433899e-01 4.495766e-02 5.042994e-02 5.511367e-01 -6.779210e-05 -6.500081e-05 2.286693e-05 -1.193723e-04
11392.572770 9.385314e-01 4.495830e-02 5.055941e-02 5.483246e-01 -7.155969e-05 -7.176387e-05 2.764275e-05 -1.035648e-04
11397.572770 9.397850e-01 4.528849e-02 5.107953e-02 5.498017e-01 -7.286885e-05 -7.488087e-05 2.506428e-05 -9.625920e-05
11402.572770 9.350318e-01 4.518349e-02 5.110248e-02 5.478320e-01 -6.266206e-05 -7.087345e-05 2.688000e-05 -1.111903e-04
11407.572770 9.367526e-01 4.557510e-02 5.166270e-02 5.489431e-01 -6.619800e-05 -7.368802e-05 3.194844e-05 -1.060936e-04
11412.572770 9.344855e-01 4.574856e-02 5.198483e-02 5.481927e-01 -6.041683e-05 -7.709850e-05 2.210332e-05 -1.039340e-04
11417.572770 9.316571e-01 4.586983e-02 5.229074e-02 5.470522e-01 -5.304678e-05 -8.458356e-05 1.281226e-05 -1.006850e-04
11422.572770 9.168966e-01 4.532586e-02 5.178461e-02 5.395866e-01 -5.315099e-05 -8.048325e-05 1.244839e-05 -1.137134e-04
11427.572770 9.265245e-01 4.607004e-02 5.276998e-02 5.468326e-01 -6.223939e-05 -7.308192e-05 1.380355e-05 -1.035469e-04
11432.572770 9.285035e-01 4.649110e-02 5.337724e-02 5.475136e-01 -6.316899e-05 -7.244248e-05 1.719152e-05 -9.862279e-05
11437.572770 9.237268e-01 4.619195e-02 5.319042e-02 5.446951e-01 -6.760802e-05 -6.406443e-05 1.211397e-05 -9.708800e-05
11442.572770 9.221746e-01 4.643302e-02 5.358203e-02 5.438230e-01 -6.025815e-05 -6.433149e-05 1.810460e-05 -9.597104e-05
11447.572770 9.231203e-01 4.694459e-02 5.430896e-02 5.450314e-01 -5.015318e-05 -6.710799e-05 1.554189e-05 -1.055073e-04
11452.572770 9.197958e-01 4.683449e-02 5.432499e-02 5.435198e-01 -5.295693e-05 -7.321911e-05 1.550112e-05 -1.086857e-04
11457.572770 9.164000e-01 4.681258e-02 5.444250e-02 5.417902e-01 -4.967310e-05 -6.674358e-05 2.675654e-05 -1.104030e-04
11462.572770 9.162911e-01 4.710603e-02 5.492813e-02 5.420856e-01 -5.382201e-05 -6.912074e-05 2.446934e-05 -1.134434e-04
11467.572770 9.169836e-01 4.765151e-02 5.568394e-02 5.434241e-01 -5.788619e-05 -7.144606e-05 3.547314e-05 -1.063305e-04
11472.572770 9.138838e-01 4.752627e-02 5.566139e-02 5.422890e-01 -5.608391e-05 -7.980623e-05 3.787835e-05 -1.010497e-04
11477.572770 9.115419e-01 4.750624e-02 5.576807e-02 5.414456e-01 -6.112419e-05 -7.660330e-05 3.438701e-05 -1.070602e-04
11482.572770 9.086243e-01 4.740360e-02 5.572187e-02 5.400081e-01 -6.040420e-05 -8.061138e-05 3.446842e-05 -1.118245e-04
11487.572770 8.988406e-01 4.723671e-02 5.568649e-02 5.344177e-01 -5.954304e-05 -8.256344e-05 2.643704e-05 -1.097365e-04
11492.572770 8.967487e-01 4.729645e-02 5.584988e-02 5.338038e-01 -5.733134e-05 -8.235028e-05 2.490457e-05 -1.106684e-04
11497.572770 9.098271e-01 4.815270e-02 5.692075e-02 5.423817e-01 -5.654738e-05 -8.030410e-05 2.427854e-05 -1.036104e-04
11502.572770 9.070276e-01 4.828127e-02 5.716465e-02 5.416072e-01 -6.451064e-05 -7.641512e-05 2.089801e-05 -1.023316e-04
11507.572770 9.050772e-01 4.839459e-02 5.738728e-02 5.411728e-01 -5.997058e-05 -7.223812e-05 1.796951e-05 -1.025027e-04
11512.572770 9.027841e-01 4.830067e-02 5.727431e-02 5.403927e-01 -6.114866e-05 -7.380635e-05 1.760256e-05 -1.075857e-04
11517.572770 9.038893e-01 4.864683e-02 5.773850e-02 5.415917e-01 -6.476889e-05 -8.257505e-05 1.852151e-05 -1.152400e-04
11522.572770 9.014693e-01 4.851348e-02 5.750755e-02 5.407545e-01 -6.062332e-05 -7.742173e-05 2.743923e-05 -1.079672e-04
11527.572770 8.996478e-01 4.863763e-02 5.750186e-02 5.401528e-01 -5.172822e-05 -7.955627e-05 3.076116e-05 -1.072188e-04
11532.572770 8.994091e-01 4.885710e-02 5.753625e-02 5.414037e-01 -6.332808e-05 -7.941016e-05 1.851634e-05 -1.133825e-04
11534.000000 8.966028e-01 4.852434e-02 5.707225e-02 5.390837e-01 -6.571104e-05 -7.297153e-05 2.701423e-05 -1.156558e-04
11535.000000 9.043355e-01 4.932008e-02 5.789036e-02 5.455102e-01 -6.927970e-05 -7.215585e-05 2.966358e-05 -1.226571e-04
11536.000000 8.940116e-01 4.833494e-02 5.667154e-02 5.398034e-01 -6.724742e-05 -7.436534e-05 1.652697e-05 -1.233375e-04
11537.000000 8.997115e-01 4.891798e-02 5.726452e-02 5.437684e-01 -6.057741e-05 -7.325700e-05 1.140809e-05 -1.224457e-04
11538.000000 8.994927e-01 4.913213e-02 5.743345e-02 5.429206e-01 -7.025950e-05 -6.922385e-05 1.759894e-05 -1.106375e-04
11539.000000 8.999593e-01 4.881463e-02 5.694359e-02 5.446881e-01 -6.579962e-05 -7.210313e-05 3.048913e-05 -1.072596e-04
11540.000000 9.025992e-01 4.952430e-02 5.766285e-02 5.455713e-01 -5.785848e-05 -7.414653e-05 2.147826e-05 -1.084822e-04
11541.000000 8.891855e-01 4.776304e-02 5.545244e-02 5.376879e-01 -5.574710e-05 -7.276414e-05 2.337308e-05 -1.062821e-04
11541.200000 9.029378e-01 4.885625e-02 5.666576e-02 5.453489e-01 -5.504861e-05 -6.747282e-05 2.460785e-05 -1.042119e-04
11541.400000 9.148587e-01 5.037678e-02 5.833822e-02 5.567562e-01 -5.454860e-05 -7.013614e-05 3.233391e-05 -1.065703e-04
11541.600000 9.068690e-01 4.965366e-02 5.758122e-02 5.496106e-01 -5.482900e-05 -7.111015e-05 3.587353e-05 -1.135406e-04
11541.800000 9.029163e-01 4.918761e-02 5.695104e-02 5.494258e-01 -5.390287e-05 -7.309289e-05 4.343268e-05 -1.119778e-04
11542.000000 8.954768e-01 4.854763e-02 5.611408e-02 5.457737e-01 -6.362571e-05 -7.208950e-05 3.034630e-05 -1.161359e-04
11542.200000 9.149827e-01 4.953296e-02 5.719201e-02 5.522849e-01 -7.353666e-05 -6.731083e-05 3.051406e-05 -1.103167e-04
11542.400000 8.806747e-01 4.753341e-02 5.494021e-02 5.303984e-01 -7.120364e-05 -6.277288e-05 1.368380e-05 -1.198017e-04
11542.600000 9.101007e-01 4.984169e-02 5.752587e-02 5.533420e-01 -7.498126e-05 -6.065923e-05 1.703788e-05 -1.062256e-04
11542.800000 9.024826e-01 4.974794e-02 5.749329e-02 5.454053e-01 -7.030141e-05 -6.458573e-05 1.597868e-05 -1.097431e-04
11543.000000 8.983140e-01 4.957948e-02 5.749936e-02 5.454590e-01 -6.578398e-05 -6.145769e-05 2.313715e-05 -1.074227e-04
11543.200000 9.129190e-01 5.127594e-02 5.905125e-02 5.542303e-01 -6.141995e-05 -6.923092e-05 1.932788e-05 -1.183325e-04
11543.400000 9.045626e-01 4.975617e-02 5.739910e-02 5.498488e-01 -7.205959e-05 -6.690736e-05 1.947237e-05 -1.109189e-04
11543.600000 9.008814e-01 4.935250e-02 5.679496e-02 5.477346e-01 -7.545457e-05 -6.486976e-05 2.419415e-05 -1.126164e-04
11543.800000 8.992219e-01 4.886124e-02 5.604041e-02 5.452191e-01 -6.770245e-05 -6.448686e-05 2.379526e-05 -1.249502e-04
11544.000000 9.112273e-01 5.034481e-02 5.777875e-02 5.557754e-01 -7.229104e-05 -6.981704e-05 3.858451e-05 -1.108686e-04
11544.200000 9.056966e-01 4.849226e-02 5.560545e-02 5.475991e-01 -5.913747e-05 -7.578332e-05 4.579930e-05 -1.088895e-04
11544.400000 8.769622e-01 4.675918e-02 5.386248e-02 5.296799e-01 -6.417985e-05 -7.453183e-05 3.485428e-05 -1.171289e-04
11544.600000 9.148984e-01 5.021123e-02 5.747214e-02 5.574063e-01 -6.898799e-05 -6.856450e-05 2.543330e-05 -1.421477e-04
11544.800000 8.847876e-01 4.869421e-02 5.567156e-02 5.362872e-01 -5.842456e-05 -7.413965e-05 4.105954e-05 -1.389128e-04
11545.000000 9.158423e-01 5.019858e-02 5.748341e-02 5.564287e-01 -6.750050e-05 -7.440868e-05 4.327091e-05 -1.311496e-04
11545.200000 8.972956e-01 4.855793e-02 5.538142e-02 5.465246e-01 -6.417427e-05 -6.604601e-05 2.470188e-05 -1.261027e-04
11545.400000 9.161238e-01 5.043079e-02 5.759469e-02 5.568268e-01 -5.477503e-05 -6.765667e-05 1.953436e-05 -1.259408e-04
11545.600000 8.868340e-01 4.675535e-02 5.349899e-02 5.383153e-01 -5.401948e-05 -6.915678e-05 2.678423e-05 -1.155963e-04
11545.800000 8.968741e-01 4.844798e-02 5.507257e-02 5.478077e-01 -5.362214e-05 -5.961942e-05 4.874739e-05 -1.120408e-04
11546.000000 9.129177e-01 5.015027e-02 5.716129e-02 5.586494e-01 -5.991174e-05 -5.555678e-05 2.971937e-05 -1.212673e-04
11546.200000 8.949677e-01 4.883360e-02 5.556280e-02 5.442437e-01 -5.644682e-05 -5.831407e-05 4.019090e-05 -9.071367e-05
11546.400000 9.076973e-01 4.990965e-02 5.664853e-02 5.540170e-01 -4.843556e-05 -4.883838e-05 4.365166e-05 -8.981764e-05
11546.600000 8.996448e-01 4.976593e-02 5.648263e-02 5.483633e-01 -4.235746e-05 -5.078589e-05 3.402248e-05 -8.893603e-05
11546.800000 9.055820e-01 5.007934e-02 5.678330e-02 5.498023e-01 -5.371935e-05 -5.105175e-05 1.053632e-05 -9.914146e-05
11547.000000 8.880669e-01 4.830881e-02 5.477022e-02 5.425071e-01 -5.547511e-05 -5.147650e-05 3.761405e-05 -9.060477e-05
11547.200000 9.289579e-01 5.225240e-02 5.899680e-02 5.665298e-01 -5.357467e-05 -5.505036e-05 5.037066e-05 -1.011154e-04
11547.400000 9.075020e-01 4.989043e-02 5.643017e-02 5.537232e-01 -6.393914e-05 -5.665878e-05 4.372129e-05 -1.114760e-04
11547.600000 9.012623e-01 4.923728e-02 5.546678e-02 5.507801e-01 -7.133364e-05 -6.633193e-05 3.054357e-05 -1.124282e-04
11547.800000 9.069934e-01 4.957762e-02 5.600406e-02 5.543086e-01 -6.400950e-05 -5.890733e-05 2.654277e-05 -1.132878e-04
11548.000000 9.023665e-01 4.922648e-02 5.531014e-02 5.515990e-01 -5.518475e-05 -6.425203e-05 3.493972e-05 -1.175227e-04
11548.200000 9.020146e-01 4.880741e-02 5.473865e-02 5.498007e-01 -5.614745e-05 -5.892246e-05 3.611047e-05 -1.214450e-04
11548.400000 8.833936e-01 4.709420e-02 5.265803e-02 5.393656e-01 -5.854438e-05 -5.596655e-05 3.828271e-05 -1.120280e-04
11548.600000 8.542643e-01 4.525507e-02 5.063135e-02 5.170206e-01 -6.191333e-05 -5.236375e-05 4.340733e-05 -9.342894e-05
11548.800000 9.403305e-01 5.198985e-02 5.823834e-02 5.720589e-01 -7.537979e-05 -5.361141e-05 3.056795e-05 -1.151202e-04
11549.000000 9.046506e-01 4.983802e-02 5.575602e-02 5.544264e-01 -6.230762e-05 -6.298596e-05 4.203819e-05 -1.080739e-04
11549.200000 9.044439e-01 5.010285e-02 5.573407e-02 5.537547e-01 -5.997539e-05 -5.494391e-05 4.355559e-05 -1.132399e-04
11549.400000 8.982409e-01 4.927482e-02 5.492926e-02 5.497449e-01 -5.786816e-05 -4.959120e-05 3.362369e-05 -1.167030e-04
11549.600000 9.061289e-01 5.022595e-02 5.571096e-02 5.566098e-01 -5.425986e-05 -4.978811e-05 4.036536e-05 -1.097931e-04
11549.800000 9.005989e-01 4.988914e-02 5.534161e-02 5.506572e-01 -5.302652e-05 -6.160638e-05 2.548496e-05 -1.045662e-04
11550.000000 9.060582e-01 4.992303e-02 5.522543e-02 5.561377e-01 -4.990870e-05 -7.405933e-05 3.608165e-05 -9.900156e-05
11550.200000 9.007726e-01 4.903615e-02 5.423065e-02 5.541755e-01 -4.976149e-05 -7.169986e-05 2.569407e-05 -1.081185e-04
11550.400000 9.033334e-01 4.940450e-02 5.466382e-02 5.527972e-01 -5.474678e-05 -7.233032e-05 2.130169e-05 -1.138421e-04
11550.600000 9.027388e-01 4.895131e-02 5.377998e-02 5.496607e-01 -5.458499e-05 -7.195926e-05 1.776858e-05 -1.113516e-04
11550.800000 8.748778e-01 4.750803e-02 5.197251e-02 5.369845e-01 -5.510812e-05 -5.435755e-05 1.324198e-05 -1.119882e-04
11551.000000 9.109938e-01 4.917178e-02 5.385448e-02 5.602298e-01 -5.498655e-05 -4.989547e-05 1.266768e-05 -1.161874e-04
11551.200000 9.016665e-01 4.893946e-02 5.347195e-02 5.557316e-01 -4.760203e-05 -5.076059e-05 1.975312e-05 -1.150910e-04
11551.400000 8.962801e-01 4.937695e-02 5.356125e-02 5.504807e-01 -5.406141e-05 -6.039945e-05 2.147858e-05 -1.143866e-04
11551.600000 9.078929e-01 5.033922e-02 5.475792e-02 5.587299e-01 -5.491859e-05 -6.123396e-05 3.046444e-06 -1.165429e-04
11551.800000 8.993253e-01 4.967653e-02 5.373106e-02 5.537914e-01 -5.379367e-05 -6.472727e-05 6.518214e-06 -1.168907e-04
11552.000000 8.870255e-01 4.883169e-02 5.279490e-02 5.454516e-01 -5.214429e-05 -7.055430e-05 1.500970e-05 -1.300087e-04
11552.200000 8.966531e-01 4.848080e-02 5.221372e-02 5.503196e-01 -5.622836e-05 -6.724165e-05 3.360977e-05 -1.145117e-04
11552.400000 9.015404e-01 4.978489e-02 5.353125e-02 5.553780e-01 -4.694972e-05 -6.195177e-05 2.624988e-05 -1.187850e-04
11552.600000 9.135938e-01 5.019741e-02 5.365973e-02 5.640286e-01 -4.444959e-05 -5.387105e-05 2.249184e-05 -1.210704e-04
11552.800000 9.007414e-01 4.970412e-02 5.280930e-02 5.555969e-01 -4.494448e-05 -5.194088e-05 3.416305e-05 -1.093954e-04
11553.000000 9.070401e-01 4.984964e-02 5.280545e-02 5.579209e-01 -4.403926e-05 -5.155024e-05 1.821239e-05 -1.156493e-04
11553.200000 8.855764e-01 4.820981e-02 5.106685e-02 5.439466e-01 -5.451603e-05 -4.943134e-05 8.802613e-06 -1.195023e-04
11553.400000 8.902356e-01 4.802423e-02 5.069412e-02 5.481865e-01 -5.612515e-05 -6.035628e-05 2.587195e-05 -1.304376e-04
11553.600000 8.925424e-01 4.779355e-02 5.008646e-02 5.499134e-01 -5.004180e-05 -5.746661e-05 2.548754e-05 -1.334758e-04
11553.800000 8.810432e-01 4.750027e-02 4.967935e-02 5.484315e-01 -4.731030e-05 -5.954892e-05 1.954058e-05 -1.206487e-04
11554.000000 8.866553e-01 4.789744e-02 4.987305e-02 5.507897e-01 -4.898650e-05 -6.291331e-05 3.299427e-05 -1.130808e-04
11554.200000 8.950895e-01 4.859667e-02 5.033692e-02 5.515428e-01 -4.902095e-05 -5.950451e-05 1.497846e-05 -1.076686e-04
11554.400000 9.134542e-01 4.962440e-02 5.120288e-02 5.646121e-01 -5.773935e-05 -6.347022e-05 2.279515e-05 -1.167795e-04
11554.600000 8.968496e-01 4.847189e-02 4.992989e-02 5.570034e-01 -5.637069e-05 -6.352385e-05 1.401050e-05 -1.118781e-04
11554.800000 9.020147e-01 4.911873e-02 5.026261e-02 5.618524e-01 -5.692132e-05 -7.365257e-05 1.687672e-05 -1.115548e-04
11555.000000 9.011114e-01 4.998247e-02 5.087333e-02 5.600037e-01 -5.545367e-05 -7.124358e-05 2.782978e-05 -1.071401e-04
11555.200000 9.242652e-01 5.177773e-02 5.237730e-02 5.736836e-01 -5.598430e-05 -7.408674e-05 3.324505e-05 -1.136267e-04
11555.400000 8.769345e-01 4.810066e-02 4.842709e-02 5.419691e-01 -5.810143e-05 -6.613884e-05 2.246076e-05 -1.114823e-04
11555.600000 8.897365e-01 4.851949e-02 4.844547e-02 5.533203e-01 -5.810014e-05 -7.198907e-05 2.508711e-05 -1.084036e-04
11555.800000 8.940794e-01 4.839045e-02 4.793219e-02 5.592500e-01 -5.359391e-05 -7.657092e-05 3.350918e-05 -1.142684e-04
11556.000000 9.112377e-01 5.059902e-02 4.997764e-02 5.710137e-01 -5.267107e-05 -7.517032e-05 3.107470e-05 -1.178447e-04
11556.200000 9.049358e-01 4.931277e-02 4.832671e-02 5.653248e-01 -5.651427e-05 -8.190664e-05 2.595247e-05 -1.231650e-04
11556.400000 8.999376e-01 4.931851e-02 4.797781e-02 5.626554e-01 -5.085206e-05 -6.894147e-05 1.915319e-05 -1.183393e-04
11556.600000 8.897550e-01 4.800696e-02 4.633543e-02 5.581209e-01 -5.717189e-05 -7.441604e-05 2.453656e-05 -1.214479e-04
11556.800000 9.157030e-01 4.956721e-02 4.741250e-02 5.733637e-01 -5.731956e-05 -6.669495e-05 1.924724e-05 -1.220719e-04
11557.000000 8.965475e-01 4.862338e-02 4.612354e-02 5.639037e-01 -5.415537e-05 -7.571945e-05 1.680924e-05 -1.184287e-04
11557.200000 9.106444e-01 4.986409e-02 4.689009e-02 5.729643e-01 -5.217157e-05 -7.580180e-05 3.479362e-05 -1.182283e-04
11557.400000 9.085642e-01 5.038977e-02 4.691296e-02 5.703766e-01 -5.227477e-05 -7.871162e-05 3.841248e-05 -1.283816e-04
11557.600000 8.914549e-01 4.889559e-02 4.500661e-02 5.640219e-01 -5.097417e-05 -7.515347e-05 4.049541e-05 -1.153687e-04
11557.800000 8.989951e-01 4.875425e-02 4.436564e-02 5.679611e-01 -5.558378e-05 -7.103814e-05 3.086013e-05 -1.214524e-04
11558.000000 9.003640e-01 4.937112e-02 4.448434e-02 5.719202e-01 -4.678153e-05 -7.566675e-05 3.165880e-05 -1.223521e-04
11558.200000 9.041099e-01 4.906217e-02 4.367157e-02 5.716622e-01 -4.851958e-05 -7.741225e-05 3.133713e-05 -1.210079e-04
11558.400000 9.092072e-01 4.972404e-02 4.386598e-02 5.776665e-01 -5.320818e-05 -7.322785e-05 3.494127e-05 -1.193769e-04
11558.600000 8.927528e-01 4.814716e-02 4.166815e-02 5.675694e-01 -5.636366e-05 -6.798314e-05 4.459427e-05 -1.210076e-04
11558.800000 9.070599e-01 4.933697e-02 4.198806e-02 5.793268e-01 -5.341496e-05 -8.024614e-05 4.930991e-05 -1.247486e-04
11559.000000 9.013801e-01 4.883573e-02 4.086987e-02 5.750289e-01 -5.903607e-05 -7.767741e-05 3.778249e-05 -1.349200e-04
11559.200000 9.022238e-01 4.930129e-02 4.058219e-02 5.775241e-01 -5.562614e-05 -7.478983e-05 3.664989e-05 -1.310210e-04
11559.400000 8.988477e-01 4.887366e-02 3.953369e-02 5.806152e-01 -6.328228e-05 -7.048935e-05 3.519093e-05 -1.143393e-04
11559.600000 8.988893e-01 4.865315e-02 3.848587e-02 5.815088e-01 -6.470942e-05 -7.385357e-05 2.732370e-05 -1.273995e-04
11559.800000 8.906135e-01 4.794739e-02 3.722007e-02 5.751810e-01 -6.366802e-05 -6.682679e-05 1.778322e-05 -1.130439e-04
11560.000000 8.906737e-01 4.746213e-02 3.602835e-02 5.776201e-01 -6.317393e-05 -7.758523e-05 1.751947e-05 -1.184234e-04
11560.200000 9.051617e-01 4.955873e-02 3.662228e-02 5.884820e-01 -5.928464e-05 -7.674843e-05 6.155465e-06 -1.275261e-04
11560.400000 9.039727e-01 4.896921e-02 3.537482e-02 5.870625e-01 -5.656138e-05 -7.733820e-05 2.016904e-05 -1.223327e-04
11560.600000 9.027889e-01 4.820144e-02 3.373323e-02 5.893474e-01 -6.363239e-05 -6.997429e-05 1.861988e-05 -1.178682e-04
11560.800000 9.024802e-01 4.859901e-02 3.297496e-02 5.929725e-01 -6.270660e-05 -7.460698e-05 2.258264e-05 -1.246137e-04
11561.000000 9.095683e-01 4.961120e-02 3.261135e-02 5.975434e-01 -5.887826e-05 -7.679705e-05 1.986150e-05 -1.249096e-04
11561.200000 9.139421e-01 5.007522e-02 3.189039e-02 6.044186e-01 -5.668023e-05 -6.662565e-05 1.530957e-05 -1.338890e-04
11561.400000 8.960201e-01 4.859251e-02 2.958318e-02 5.959477e-01 -4.875111e-05 -6.904213e-05 1.905691e-05 -1.162975e-04
11561.600000 8.959719e-01 4.798953e-02 2.800825e-02 5.979308e-01 -5.123533e-05 -6.079693e-05 1.961260e-05 -1.084947e-04
11561.800000 9.019337e-01 4.890122e-02 2.737743e-02 6.063664e-01 -5.115417e-05 -6.565953e-05 2.112235e-05 -1.144505e-04
11562.000000 9.081958e-01 4.972500e-02 2.643275e-02 6.135428e-01 -5.171814e-05 -6.561014e-05 9.522670e-06 -1.116695e-04
11562.200000 8.945568e-01 4.799685e-02 2.415825e-02 6.068296e-01 -4.351369e-05 -6.341531e-05 8.444213e-06 -1.184918e-04
11562.400000 8.949175e-01 4.760969e-02 2.268998e-02 6.125779e-01 -5.117052e-05 -6.314866e-05 2.124714e-05 -1.157470e-04
11562.600000 8.982743e-01 4.773356e-02 2.139523e-02 6.206490e-01 -5.052183e-05 -7.308668e-05 3.692548e-05 -1.094212e-04
11562.800000 8.975676e-01 4.798837e-02 2.022632e-02 6.231775e-01 -5.904482e-05 -7.336975e-05 3.046293e-05 -1.195691e-04
11563.000000 9.069639e-01 4.872737e-02 1.922721e-02 6.335181e-01 -6.284572e-05 -7.092310e-05 2.774864e-05 -1.260315e-04
11563.200000 8.946124e-01 4.720809e-02 1.744695e-02 6.315261e-01 -6.800388e-05 -8.103787e-05 4.050945e-05 -1.119570e-04
11563.400000 9.093726e-01 4.906117e-02 1.658251e-02 6.494743e-01 -6.063926e-05 -7.590040e-05 2.484614e-05 -1.192105e-04
11563.600000 9.174567e-01 4.946992e-02 1.558973e-02 6.621919e-01 -6.629495e-05 -7.310637e-05 2.431016e-05 -1.173093e-04
11563.800000 9.014799e-01 4.778929e-02 1.405559e-02 6.540902e-01 -7.066731e-05 -7.361233e-05 1.236851e-05 -1.179543e-04
11564.000000 9.013150e-01 4.715066e-02 1.264450e-02 6.657181e-01 -6.888617e-05 -7.357110e-05 1.593391e-05 -1.162523e-04
11564.200000 8.968052e-01 4.714043e-02 1.161118e-02 6.705850e-01 -6.479478e-05 -8.394837e-05 2.721649e-05 -1.023733e-04
11564.400000 9.015478e-01 4.695350e-02 1.074922e-02 6.839705e-01 -6.982310e-05 -7.977790e-05 1.810261e-05 -1.052049e-04
11564.600000 9.033194e-01 4.721272e-02 9.844102e-03 6.927303e-01 -7.632655e-05 -7.309144e-05 1.281319e-05 -1.071616e-04
11564.800000 8.989992e-01 4.649464e-02 8.941176e-03 6.984346e-01 -7.611501e-05 -7.855279e-05 2.887845e-06 -1.236006e-04
11565.000000 8.997357e-01 4.585647e-02 8.293742e-03 7.106078e-01 -7.562841e-05 -8.860195e-05 5.676528e-06 -1.120223e-04
11565.200000 9.048055e-01 4.684981e-02 7.882167e-03 7.257267e-01 -7.222496e-05 -8.729800e-05 1.373195e-05 -1.276332e-04
11565.400000 9.043151e-01 4.648639e-02 7.465517e-03 7.364131e-01 -7.181012e-05 -8.958779e-05 1.765999e-05 -1.302208e-04
11565.600000 8.979345e-01 4.576871e-02 6.875878e-03 7.449627e-01 -7.827661e-05 -9.187629e-05 1.454822e-05 -1.179594e-04
11565.800000 9.066770e-01 4.645287e-02 6.751867e-03 7.610479e-01 -8.427610e-05 -9.292770e-05 8.140542e-06 -1.138754e-04
11566.000000 9.032621e-01 4.559720e-02 6.422066e-03 7.677388e-01 -7.771266e-05 -9.370264e-05 1.123814e-06 -1.224486e-04
11566.200000 8.959698e-01 4.460044e-02 6.025690e-03 7.763731e-01 -7.052819e-05 -9.913188e-05 6.747770e-06 -1.116932e-04
11566.400000 8.985070e-01 4.443087e-02 5.935000e-03 7.897777e-01 -6.789368e-05 -1.057299e-04 1.407909e-05 -1.156929e-04
11566.600000 9.051571e-01 4.573315e-02 6.043967e-03 8.026524e-01 -6.523822e-05 -9.894776e-05 1.504140e-05 -1.034771e-04
11566.800000 9.045310e-01 4.498772e-02 5.997056e-03 8.161239e-01 -5.924910e-05 -9.363259e-05 2.562689e-05 -1.111049e-04
11567.000000 9.017754e-01 4.458167e-02 5.916335e-03 8.229439e-01 -5.770351e-05 -9.366954e-05 8.667999e-06 -1.179561e-04
11567.200000 9.057251e-01 4.464165e-02 5.957646e-03 8.358418e-01 -5.525151e-05 -9.209808e-05 2.910273e-05 -1.247445e-04
11567.400000 8.908609e-01 4.281161e-02 5.766849e-03 8.285901e-01 -5.225173e-05 -9.663721e-05 2.142942e-05 -1.224042e-04
11567.600000 9.001858e-01 4.393720e-02 5.970204e-03 8.444010e-01 -5.177709e-05 -9.153533e-05 2.078554e-05 -1.122716e-04
11567.800000 8.985637e-01 4.323730e-02 6.093211e-03 8.456309e-01 -5.724378e-05 -9.134156e-05 3.267534e-05 -1.192985e-04
11568.000000 8.987164e-01 4.342658e-02 6.247776e-03 8.510934e-01 -5.468921e-05 -1.001867e-04 2.152753e-05 -1.181704e-04
11568.200000 9.004817e-01 4.362978e-02 6.419280e-03 8.534730e-01 -5.878645e-05 -1.041520e-04 2.186324e-05 -1.077402e-04
11568.400000 8.990933e-01 4.334933e-02 6.575266e-03 8.522447e-01 -6.344136e-05 -8.872910e-05 1.318058e-05 -1.090068e-04
11568.600000 9.058183e-01 4.401053e-02 6.791226e-03 8.578906e-01 -7.182681e-05 -7.784226e-05 1.092215e-05 -1.048147e-04
11568.800000 8.927766e-01 4.273619e-02 6.806219e-03 8.398756e-01 -6.977665e-05 -7.819818e-05 1.772375e-05 -1.080416e-04
11569.000000 9.041804e-01 4.397990e-02 7.027946e-03 8.475699e-01 -6.796622e-05 -8.885422e-05 1.615687e-05 -1.040105e-04
11569.200000 8.975919e-01 4.341923e-02 7.053303e-03 8.367177e-01 -6.767631e-05 -9.008648e-05 1.729022e-06 -1.072016e-04
11569.400000 8.975516e-01 4.365540e-02 7.325783e-03 8.293368e-01 -6.761133e-05 -8.355446e-05 3.630508e-06 -1.058238e-04
11569.600000 8.921457e-01 4.278259e-02 7.369419e-03 8.163452e-01 -6.657543e-05 -7.799761e-05 1.180170e-05 -1.055014e-04
11569.800000 9.004132e-01 4.404364e-02 7.607032e-03 8.194242e-01 -6.459460e-05 -8.431877e-05 1.498547e-05 -1.010417e-04
11570.000000 9.014405e-01 4.471654e-02 7.897495e-03 8.109684e-01 -6.636752e-05 -8.582037e-05 1.618576e-05 -1.043381e-04
11570.200000 9.002174e-01 4.418761e-02 7.901274e-03 8.008897e-01 -5.881435e-05 -7.949995e-05 9.144243e-06 -1.102592e-04
11570.400000 8.949580e-01 4.380015e-02 7.972964e-03 7.876261e-01 -6.307385e-05 -8.686208e-05 6.487553e-06 -1.116818e-04
11570.600000 8.995207e-01 4.464028e-02 8.241407e-03 7.824856e-01 -5.790290e-05 -8.892968e-05 1.800090e-05 -1.062146e-04
11570.800000 9.059673e-01 4.539506e-02 8.520836e-03 7.812867e-01 -6.304974e-05 -8.098763e-05 2.094945e-05 -1.001569e-04
11571.000000 9.056489e-01 4.566170e-02 8.712476e-03 7.733931e-01 -7.285945e-05 -8.359556e-05 2.843319e-05 -1.008303e-04
11571.200000 9.010105e-01 4.507215e-02 8.772229e-03 7.600447e-01 -7.991470e-05 -8.500869e-05 3.139523e-05 -1.094834e-04
11571.400000 9.015479e-01 4.542851e-02 8.924074e-03 7.515261e-01 -7.692428e-05 -8.481084e-05 3.307389e-05 -1.098366e-04
11571.600000 9.029972e-01 4.567576e-02 8.985831e-03 7.457767e-01 -7.574154e-05 -8.180107e-05 3.470168e-05 -1.083266e-04
11571.800000 9.023391e-01 4.562057e-02 9.053398e-03 7.384443e-01 -7.447557e-05 -7.685321e-05 3.629100e-05 -1.008356e-04
11572.000000 9.013984e-01 4.566420e-02 9.253131e-03 7.303449e-01 -7.075863e-05 -8.093746e-05 3.922268e-05 -1.187221e-04
11572.200000 9.011156e-01 4.585683e-02 9.401062e-03 7.242793e-01 -7.117286e-05 -7.449047e-05 3.003899e-05 -1.958948e-04
11572.400000 8.995450e-01 4.588020e-02 9.452626e-03 7.158201e-01 -6.721014e-05 -6.923233e-05 3.202083e-05 -1.951215e-04
11572.600000 9.008197e-01 4.628570e-02 9.548324e-03 7.110574e-01 -6.244495e-05 -7.339558e-05 2.807178e-05 -1.975785e-04
11572.800000 8.958994e-01 4.567522e-02 9.511338e-03 7.027748e-01 -6.575970e-05 -6.547791e-05 3.544475e-05 -1.914440e-04
11573.000000 8.956992e-01 4.584163e-02 9.677416e-03 6.965050e-01 -6.252635e-05 -6.779217e-05 2.585922e-05 -1.930512e-04
11573.200000 8.921367e-01 4.545813e-02 9.780723e-03 6.892914e-01 -6.028054e-05 -7.041932e-05 2.166826e-05 -1.909558e-04
11573.400000 8.934234e-01 4.582830e-02 9.873548e-03 6.861925e-01 -7.013022e-05 -7.484710e-05 2.847187e-05 -1.706230e-04
11573.600000 9.009343e-01 4.690137e-02 1.019477e-02 6.873254e-01 -6.284070e-05 -8.153660e-05 2.428076e-05 -1.743285e-04
11573.800000 9.029149e-01 4.708469e-02 1.021674e-02 6.852868e-01 -6.987610e-05 -8.301330e-05 1.814943e-05 -1.651023e-04
11574.000000 9.001988e-01 4.730188e-02 1.035413e-02 6.817170e-01 -6.798081e-05 -7.864314e-05 1.821220e-05 -1.638903e-04
11574.200000 8.980033e-01 4.688742e-02 1.033741e-02 6.750255e-01 -6.234668e-05 -7.337302e-05 2.519377e-05 -1.601851e-04
11574.400000 8.994466e-01 4.716343e-02 1.039497e-02 6.742926e-01 -6.938578e-05 -7.309319e-05 3.339775e-05 -1.478007e-04
11574.600000 8.876105e-01 4.572618e-02 1.008985e-02 6.620365e-01 -6.447603e-05 -7.609968e-05 3.029740e-05 -1.580508e-04
11574.800000 8.984998e-01 4.710966e-02 1.041074e-02 6.687459e-01 -5.994697e-05 -7.947946e-05 2.577077e-05 -1.565257e-04
11575.000000 8.931599e-01 4.652896e-02 1.042182e-02 6.624937e-01 -6.367413e-05 -8.358246e-05 2.462913e-05 -1.534138e-04
11575.200000 8.929153e-01 4.641739e-02 1.043842e-02 6.595670e-01 -6.295499e-05 -7.266386e-05 3.078995e-05 -1.607628e-04
11575.400000 8.832828e-01 4.545032e-02 1.023842e-02 6.496880e-01 -6.620154e-05 -6.749929e-05 1.936230e-05 -1.643867e-04
11575.600000 8.941575e-01 4.642736e-02 1.039819e-02 6.588114e-01 -7.089809e-05 -6.396354e-05 1.440365e-05 -1.667818e-04
11575.800000 9.017445e-01 4.774339e-02 1.073167e-02 6.636218e-01 -5.821685e-05 -6.779865e-05 1.659602e-05 -1.561344e-04
11576.000000 8.921208e-01 4.688156e-02 1.063156e-02 6.546414e-01 -5.341207e-05 -7.424031e-05 2.741401e-05 -1.540793e-04
11576.200000 8.960434e-01 4.731752e-02 1.071769e-02 6.553118e-01 -4.744219e-05 -7.334377e-05 2.331645e-05 -1.657238e-04
11576.400000 8.945945e-01 4.691613e-02 1.048850e-02 6.535335e-01 -4.921725e-05 -6.538977e-05 2.611196e-05 -1.633434e-04
11576.600000 9.022184e-01 4.772885e-02 1.067978e-02 6.585925e-01 -5.205911e-05 -7.847980e-05 2.251327e-05 -1.561844e-04
11576.800000 8.945252e-01 4.729325e-02 1.051290e-02 6.523897e-01 -6.168083e-05 -8.128097e-05 2.178720e-05 -1.550863e-04
11577.000000 9.100652e-01 4.922552e-02 1.071580e-02 6.645378e-01 -6.051223e-05 -9.090003e-05 2.225733e-05 -1.491849e-04
11577.200000 8.927850e-01 4.688070e-02 1.045571e-02 6.507746e-01 -6.905062e-05 -8.635082e-05 2.872261e-05 -1.544492e-04
11577.400000 8.962794e-01 4.723688e-02 1.051423e-02 6.527950e-01 -7.429248e-05 -8.180632e-05 1.876140e-05 -1.542828e-04
11577.600000 8.905178e-01 4.707773e-02 1.021323e-02 6.488762e-01 -7.510103e-05 -8.256778e-05 2.029839e-05 -1.534003e-04
11577.800000 8.925002e-01 4.751279e-02 1.030078e-02 6.504422e-01 -6.778241e-05 -9.031547e-05 2.090724e-05 -1.635602e-04
11578.000000 8.956324e-01 4.736855e-02 1.025722e-02 6.511016e-01 -5.774461e-05 -8.313249e-05 1.155560e-05 -1.688300e-04
11578.200000 8.919455e-01 4.677426e-02 1.016314e-02 6.520549e-01 -5.363661e-05 -7.927701e-05 7.894754e-06 -1.557297e-04
11578.400000 9.007149e-01 4.763313e-02 1.024917e-02 6.572703e-01 -6.259611e-05 -6.634455e-05 2.197496e-06 -1.632123e-04
11578.600000 8.883122e-01 4.669617e-02 1.005135e-02 6.494905e-01 -6.278351e-05 -7.670074e-05 -7.776563e-06 -1.760514e-04
11578.800000 8.912288e-01 4.715969e-02 1.014330e-02 6.514781e-01 -6.142742e-05 -7.855183e-05 -1.117534e-07 -1.603512e-04
11579.000000 8.909382e-01 4.700274e-02 9.973730e-03 6.484516e-01 -6.019058e-05 -7.857910e-05 1.920264e-05 -1.644272e-04
11579.200000 8.988544e-01 4.762823e-02 1.001477e-02 6.568834e-01 -5.743197e-05 -7.632058e-05 1.015410e-05 -1.670870e-04
11579.400000 9.128820e-01 4.948562e-02 1.035862e-02 6.673592e-01 -5.727364e-05 -8.306699e-05 3.730083e-06 -1.646991e-04
11579.600000 8.980098e-01 4.810715e-02 1.013659e-02 6.580397e-01 -5.766447e-05 -8.584270e-05 1.061539e-05 -1.677136e-04
11579.800000 9.021105e-01 4.862124e-02 1.016372e-02 6.613034e-01 -6.370337e-05 -8.398624e-05 1.281518e-05 -1.653676e-04
11580.000000 9.019294e-01 4.783502e-02 9.917572e-03 6.595900e-01 -6.351172e-05 -8.528334e-05 1.649397e-05 -1.607849e-04
11580.200000 8.878737e-01 4.664874e-02 9.684009e-03 6.482575e-01 -6.086415e-05 -8.098711e-05 9.726175e-06 -1.547662e-04
11580.400000 8.981540e-01 4.756440e-02 9.880712e-03 6.557154e-01 -6.299624e-05 -7.471733e-05 8.500551e-06 -1.654522e-04
11580.600000 8.976791e-01 4.751256e-02 9.834195e-03 6.552944e-01 -6.603861e-05 -6.726911e-05 1.046367e-05 -1.544181e-04
11580.800000 8.905135e-01 4.703300e-02 9.787242e-03 6.512256e-01 -6.002511e-05 -6.367788e-05 2.131933e-05 -1.606647e-04
11581.000000 8.982356e-01 4.801056e-02 1.004618e-02 6.600342e-01 -5.844601e-05 -6.566855e-05 3.011222e-05 -1.700263e-04
11581.200000 8.901618e-01 4.702682e-02 9.845414e-03 6.511104e-01 -6.334106e-05 -6.608277e-05 1.586125e-05 -1.715479e-04
11581.400000 9.046110e-01 4.802905e-02 9.981515e-03 6.647718e-01 -6.757779e-05 -6.960907e-05 1.298129e-05 -1.635568e-04
11581.600000 8.918887e-01 4.722377e-02 9.791000e-03 6.559610e-01 -6.922572e-05 -6.653948e-05 1.722388e-05 -1.460283e-04
11581.800000 8.983868e-01 4.768743e-02 1.005934e-02 6.592319e-01 -5.691225e-05 -6.817865e-05 3.535246e-05 -1.469645e-04
11582.000000 8.998775e-01 4.825427e-02 1.013628e-02 6.632628e-01 -5.802480e-05 -5.709379e-05 4.332843e-05 -1.668472e-04
11582.200000 8.831137e-01 4.656867e-02 9.804726e-03 6.489487e-01 -5.506683e-05 -5.252002e-05 3.470998e-05 -1.746877e-04
11582.400000 9.043715e-01 4.908866e-02 1.036112e-02 6.675386e-01 -5.116291e-05 -5.747359e-05 3.314487e-05 -1.763843e-04
11582.600000 9.041530e-01 4.867330e-02 1.055729e-02 6.673099e-01 -4.732652e-05 -5.641243e-05 3.591175e-05 -1.684862e-04
11582.800000 8.934265e-01 4.760117e-02 1.032990e-02 6.588074e-01 -4.837432e-05 -6.037450e-05 2.354383e-05 -1.638742e-04
11583.000000 8.910563e-01 4.633722e-02 1.011141e-02 6.553871e-01 -5.284120e-05 -6.178457e-05 1.684377e-05 -1.741722e-04
11583.200000 8.919392e-01 4.657273e-02 1.026104e-02 6.542864e-01 -5.628358e-05 -5.797923e-05 2.334018e-05 -1.589567e-04
11583.400000 9.044832e-01 4.853312e-02 1.064485e-02 6.654324e-01 -6.448658e-05 -5.775187e-05 1.610854e-05 -1.693057e-04
11583.600000 8.978310e-01 4.789143e-02 1.065833e-02 6.629939e-01 -5.762933e-05 -5.378952e-05 2.452700e-05 -1.593414e-04
11583.800000 9.010050e-01 4.811716e-02 1.076529e-02 6.635669e-01 -5.828141e-05 -5.682768e-05 1.745391e-05 -1.637145e-04
11584.000000 8.942981e-01 4.847794e-02 1.084609e-02 6.603773e-01 -6.088160e-05 -6.069483e-05 2.341186e-05 -1.557307e-04
11584.200000 9.090128e-01 4.881278e-02 1.098357e-02 6.711517e-01 -5.871552e-05 -6.773804e-05 1.764114e-05 -1.682359e-04
11584.400000 8.946539e-01 4.776603e-02 1.083003e-02 6.616462e-01 -5.568926e-05 -7.689584e-05 2.493103e-05 -1.660331e-04
11584.600000 8.865282e-01 4.648510e-02 1.047126e-02 6.551770e-01 -5.029844e-05 -6.992998e-05 3.708514e-05 -1.659877e-04
11584.800000 9.033564e-01 4.874934e-02 1.108768e-02 6.707693e-01 -5.216884e-05 -6.740640e-05 2.882782e-05 -1.519926e-04
11585.000000 8.903070e-01 4.770465e-02 1.092839e-02 6.614050e-01 -6.477211e-05 -5.740721e-05 1.823502e-05 -1.458411e-04
11585.200000 9.064635e-01 4.815882e-02 1.088749e-02 6.715767e-01 -6.610708e-05 -6.605875e-05 7.848229e-06 -1.542421e-04
11585.400000 8.907160e-01 4.661445e-02 1.059634e-02 6.587435e-01 -5.467887e-05 -6.676290e-05 7.745258e-06 -1.419846e-04
11585.600000 8.815563e-01 4.576330e-02 1.043006e-02 6.523960e-01 -6.457842e-05 -6.307313e-05 1.233630e-05 -1.563882e-04
11585.800000 9.023626e-01 4.829293e-02 1.094859e-02 6.722318e-01 -7.048981e-05 -6.138322e-05 9.738710e-06 -1.573140e-04
11586.000000 8.986562e-01 4.801319e-02 1.095621e-02 6.733552e-01 -6.113030e-05 -5.573110e-05 1.583090e-05 -1.523987e-04
11586.200000 8.966163e-01 4.759459e-02 1.093675e-02 6.678601e-01 -6.225537e-05 -5.774966e-05 1.719576e-05 -1.486620e-04
11586.400000 8.951688e-01 4.722493e-02 1.088819e-02 6.653652e-01 -7.360295e-05 -5.856077e-05 1.274085e-05 -1.517361e-04
11586.600000 8.858870e-01 4.646278e-02 1.073294e-02 6.570509e-01 -6.911007e-05 -6.008147e-05 2.226033e-05 -1.419727e-04
11586.800000 9.028698e-01 4.818419e-02 1.093921e-02 6.727164e-01 -6.632933e-05 -6.042757e-05 2.243581e-05 -1.497118e-04
11587.000000 9.028101e-01 4.849088e-02 1.111080e-02 6.773751e-01 -7.323704e-05 -5.810509e-05 2.204577e-05 -1.552557e-04
11587.200000 8.901296e-01 4.723229e-02 1.095935e-02 6.659365e-01 -7.097548e-05 -5.750723e-05 9.247444e-06 -1.535030e-04
11587.400000 8.923535e-01 4.682535e-02 1.080623e-02 6.658921e-01 -5.990933e-05 -6.263072e-05 1.205957e-05 -1.533002e-04
11587.600000 8.940313e-01 4.754103e-02 1.089682e-02 6.651544e-01 -6.580402e-05 -7.038642e-05 5.648979e-06 -1.644526e-04
11587.800000 9.107280e-01 4.903693e-02 1.123923e-02 6.806058e-01 -6.416370e-05 -6.356618e-05 3.001305e-05 -1.630834e-04
11588.000000 9.001519e-01 4.798665e-02 1.095273e-02 6.744955e-01 -6.901398e-05 -7.258138e-05 1.590137e-05 -1.715915e-04
11588.200000 8.900232e-01 4.727014e-02 1.071448e-02 6.653964e-01 -7.209085e-05 -6.592513e-05 2.027216e-05 -1.747407e-04
11588.400000 8.902628e-01 4.675039e-02 1.061936e-02 6.646834e-01 -6.663734e-05 -6.984802e-05 1.656763e-05 -1.687542e-04
11588.600000 8.988070e-01 4.829649e-02 1.092159e-02 6.746074e-01 -7.488962e-05 -7.058465e-05 1.277237e-05 -1.580957e-04
11588.800000 8.905999e-01 4.711667e-02 1.061776e-02 6.658078e-01 -6.746674e-05 -7.169863e-05 8.498012e-06 -1.694999e-04
11589.000000 8.902805e-01 4.732181e-02 1.056144e-02 6.686017e-01 -5.806431e-05 -7.257713e-05 1.465354e-05 -1.534726e-04
11589.200000 8.840135e-01 4.629848e-02 1.031654e-02 6.605025e-01 -6.427274e-05 -7.072807e-05 1.508101e-05 -1.553806e-04
11589.400000 8.972531e-01 4.758375e-02 1.066223e-02 6.709040e-01 -6.388800e-05 -7.042382e-05 2.359044e-05 -1.520099e-04
11589.600000 9.081385e-01 4.880874e-02 1.075678e-02 6.820888e-01 -5.414205e-05 -7.313771e-05 9.666732e-06 -1.472746e-04
11589.800000 8.869963e-01 4.666722e-02 1.037260e-02 6.647080e-01 -6.523993e-05 -7.522439e-05 7.754364e-06 -1.592784e-04
11590.000000 8.997518e-01 4.813757e-02 1.052334e-02 6.745045e-01 -6.186377e-05 -7.110605e-05 3.127249e-06 -1.620690e-04
11590.200000 8.820007e-01 4.619411e-02 1.018862e-02 6.590968e-01 -6.181464e-05 -6.322002e-05 1.451506e-05 -1.511090e-04
11590.400000 8.753619e-01 4.490562e-02 9.620452e-03 6.557631e-01 -6.124237e-05 -6.225705e-05 2.132059e-05 -1.646588e-04
11590.600000 8.932226e-01 4.612063e-02 1.000458e-02 6.722138e-01 -6.424340e-05 -5.960624e-05 2.143530e-05 -1.618920e-04
11590.800000 9.098151e-01 4.868604e-02 1.028310e-02 6.853925e-01 -5.424047e-05 -5.357640e-05 2.512957e-05 -1.647364e-04
11591.000000 9.001486e-01 4.776893e-02 1.024945e-02 6.768783e-01 -5.656773e-05 -5.001466e-05 3.577823e-05 -1.551134e-04
11591.200000 8.972545e-01 4.790745e-02 1.008485e-02 6.708124e-01 -5.889092e-05 -5.169924e-05 4.414360e-05 -1.319287e-04
11591.400000 8.909965e-01 4.741961e-02 1.000445e-02 6.707702e-01 -6.287426e-05 -5.218549e-05 2.626211e-05 -1.503633e-04
11591.600000 8.711824e-01 4.502964e-02 9.314177e-03 6.563289e-01 -7.670962e-05 -6.236333e-05 2.412422e-05 -1.473057e-04
11591.800000 8.851012e-01 4.694375e-02 9.818929e-03 6.650901e-01 -7.112079e-05 -6.401818e-05 2.938057e-05 -1.576032e-04
11592.000000 9.003292e-01 4.792409e-02 9.831159e-03 6.759601e-01 -6.872347e-05 -6.626767e-05 4.352768e-05 -1.737723e-04
11592.200000 8.842717e-01 4.683707e-02 9.521195e-03 6.625128e-01 -7.076334e-05 -5.608792e-05 2.336189e-05 -1.556671e-04
11592.400000 8.997846e-01 4.766190e-02 9.675145e-03 6.783340e-01 -7.021507e-05 -5.441963e-05 1.652660e-05 -1.548933e-04
11592.600000 8.886238e-01 4.644527e-02 9.428608e-03 6.709819e-01 -6.939949e-05 -4.864473e-05 2.783738e-05 -1.550917e-04
11592.800000 8.764960e-01 4.687343e-02 9.283673e-03 6.635782e-01 -6.917651e-05 -4.811695e-05 2.549862e-05 -1.509790e-04
11593.000000 9.061515e-01 4.811175e-02 9.417519e-03 6.868941e-01 -6.713965e-05 -5.159848e-05 4.174731e-05 -1.557423e-04
11593.200000 9.008638e-01 4.809902e-02 9.388449e-03 6.798228e-01 -6.045878e-05 -5.156561e-05 1.846986e-05 -1.521313e-04
11593.400000 8.875602e-01 4.730128e-02 9.368122e-03 6.714292e-01 -7.787602e-05 -5.029589e-05 -1.837850e-06 -1.631121e-04
11593.600000 8.983037e-01 4.729897e-02 9.060699e-03 6.784725e-01 -6.474579e-05 -5.647040e-05 1.698506e-05 -1.505556e-04
11593.800000 8.900426e-01 4.682573e-02 8.999794e-03 6.726481e-01 -6.582267e-05 -5.298828e-05 4.079982e-06 -1.621258e-04
11594.000000 9.035839e-01 4.785458e-02 9.313029e-03 6.834670e-01 -6.038271e-05 -4.854784e-05 -9.959278e-06 -1.587667e-04
11594.200000 8.875567e-01 4.702554e-02 9.105707e-03 6.724132e-01 -6.258832e-05 -4.573421e-05 -3.102525e-06 -1.548287e-04
11594.400000 9.056896e-01 4.840721e-02 9.240975e-03 6.850254e-01 -6.702086e-05 -4.888441e-05 -6.068791e-06 -1.728445e-04
11594.600000 8.897048e-01 4.738680e-02 9.152025e-03 6.733695e-01 -6.646128e-05 -4.587204e-05 -4.706345e-06 -1.742065e-04
11594.800000 8.898028e-01 4.733074e-02 9.066485e-03 6.761544e-01 -6.847168e-05 -4.358576e-05 -4.337753e-06 -1.606374e-04
11595.000000 8.918257e-01 4.691765e-02 8.970520e-03 6.737745e-01 -6.240558e-05 -4.223090e-05 -2.783904e-06 -1.572694e-04
11595.200000 8.872692e-01 4.677963e-02 8.960465e-03 6.723116e-01 -6.259906e-05 -4.763425e-05 8.279538e-06 -1.654821e-04
11595.400000 9.018642e-01 4.799091e-02 9.176824e-03 6.829803e-01 -7.207470e-05 -4.184373e-05 -8.816858e-06 -1.608385e-04
11595.600000 8.984930e-01 4.823110e-02 9.338341e-03 6.830169e-01 -7.259020e-05 -3.579346e-05 2.794064e-06 -1.516664e-04
11595.800000 8.917291e-01 4.728021e-02 9.236869e-03 6.788577e-01 -6.993288e-05 -4.208289e-05 -5.469458e-06 -1.510227e-04
11596.000000 8.921274e-01 4.737622e-02 9.240735e-03 6.762962e-01 -7.660425e-05 -4.500228e-05 3.586077e-06 -1.592757e-04
11596.200000 8.903598e-01 4.709027e-02 9.159427e-03 6.760525e-01 -8.319941e-05 -5.194091e-05 5.620186e-08 -1.626452e-04
11596.400000 8.856758e-01 4.691682e-02 9.207894e-03 6.760535e-01 -8.335920e-05 -4.143065e-05 -6.467220e-06 -1.715555e-04
11596.600000 9.046904e-01 4.831157e-02 9.383136e-03 6.865088e-01 -8.327389e-05 -4.818625e-05 6.188066e-06 -1.649227e-04
11596.800000 8.902146e-01 4.771887e-02 9.334126e-03 6.792579e-01 -7.265621e-05 -4.564102e-05 2.059219e-05 -1.543221e-04
11597.000000 8.915604e-01 4.748568e-02 9.430204e-03 6.779341e-01 -6.647577e-05 -4.861992e-05 1.351593e-05 -1.596578e-04
11597.700000 8.967865e-01 4.782600e-02 9.584897e-03 6.836899e-01 -5.953202e-05 -5.163501e-05 3.131276e-06 -1.541863e-04
11598.400000 8.930285e-01 4.739720e-02 9.743030e-03 6.808237e-01 -6.028743e-05 -5.183724e-05 6.522927e-06 -1.411671e-04
11599.100000 8.945435e-01 4.785189e-02 1.000153e-02 6.840849e-01 -5.607466e-05 -5.266056e-05 -3.031504e-06 -1.550255e-04
11599.800000 8.921254e-01 4.746169e-02 1.006414e-02 6.843380e-01 -5.250997e-05 -3.978631e-05 1.800888e-06 -1.447991e-04
11600.500000 8.923207e-01 4.713064e-02 1.009016e-02 6.857788e-01 -6.223907e-05 -3.591646e-05 3.302109e-06 -1.429022e-04
11601.200000 8.947274e-01 4.751755e-02 1.024906e-02 6.876281e-01 -6.925260e-05 -4.269012e-05 -4.454494e-06 -1.421949e-04
11601.900000 8.924020e-01 4.753117e-02 1.028766e-02 6.867569e-01 -6.736818e-05 -4.967739e-05 -9.995122e-06 -1.483172e-04
11602.600000 8.922323e-01 4.753296e-02 1.032840e-02 6.872069e-01 -6.317024e-05 -5.076791e-05 -5.315119e-06 -1.470820e-04
11603.300000 8.918083e-01 4.728760e-02 1.030308e-02 6.885135e-01 -6.024003e-05 -5.799655e-05 2.782381e-06 -1.451419e-04
11604.993695 8.905165e-01 4.745261e-02 1.053887e-02 6.898351e-01 -5.041205e-05 -5.373446e-05 5.242610e-06 -1.381330e-04
11605.999583 8.909581e-01 4.751520e-02 1.065687e-02 6.916182e-01 -5.238465e-05 -4.560990e-05 1.447794e-05 -1.048535e-04
11607.017662 8.928459e-01 4.765303e-02 1.079736e-02 6.953367e-01 -4.946709e-05 -4.830077e-05 6.282686e-06 -8.558533e-05
11608.047933 8.910340e-01 4.750948e-02 1.080925e-02 6.954696e-01 -4.725511e-05 -4.277961e-05 1.163678e-05 -8.478776e-05
11609.090396 8.908849e-01 4.723660e-02 1.074632e-02 6.981287e-01 -5.579204e-05 -4.460399e-05 6.282742e-06 -8.838407e-05
11610.145051 8.891070e-01 4.716671e-02 1.062070e-02 6.988019e-01 -5.467305e-05 -5.370002e-05 6.143892e-06 -9.828018e-05
11611.211898 8.911644e-01 4.738610e-02 1.057187e-02 7.020926e-01 -5.732823e-05 -5.747793e-05 2.177315e-06 -8.766690e-05
11612.290937 8.919549e-01 4.759091e-02 1.043631e-02 7.051669e-01 -6.468632e-05 -5.299852e-05 6.806623e-06 -9.309384e-05
11613.382167 8.906423e-01 4.761142e-02 1.027364e-02 7.045339e-01 -5.462747e-05 -5.790566e-05 4.932678e-06 -9.540429e-05
11614.485590 8.910837e-01 4.741559e-02 1.003880e-02 7.079803e-01 -6.247434e-05 -6.106761e-05 2.630611e-06 -8.382433e-05
11615.601204 8.924039e-01 4.748933e-02 9.875596e-03 7.075169e-01 -4.756369e-05 -7.380426e-05 6.666779e-06 -8.003540e-05
11616.729011 8.871092e-01 4.754979e-02 9.691272e-03 7.035355e-01 -4.086336e-05 -6.587737e-05 7.758259e-06 -9.429809e-05
11617.869009 8.885731e-01 4.758797e-02 9.537093e-03 7.054323e-01 -4.716219e-05 -5.732287e-05 1.041843e-05 -9.204125e-05
11619.021199 8.907192e-01 4.740954e-02 9.456616e-03 7.068560e-01 -5.761111e-05 -5.618338e-05 5.148601e-06 -8.639714e-05
11620.185582 8.886833e-01 4.758370e-02 9.424851e-03 7.019142e-01 -5.968771e-05 -7.127695e-05 1.727966e-05 -9.530771e-05
11621.362156 8.897286e-01 4.776566e-02 9.474103e-03 7.028005e-01 -5.222575e-05 -6.675398e-05 1.615799e-05 -9.428820e-05
11622.550922 8.872478e-01 4.749886e-02 9.492318e-03 6.979970e-01 -5.713154e-05 -6.498245e-05 1.643177e-05 -1.012843e-04
11623.751879 8.856121e-01 4.767909e-02 9.663306e-03 6.935660e-01 -4.635675e-05 -6.838516e-05 1.258703e-05 -9.809047e-05
11624.965029 8.899378e-01 4.807388e-02 9.755684e-03 6.949302e-01 -5.559557e-05 -7.552675e-05 8.127492e-06 -8.448742e-05
11626.190371 8.882185e-01 4.795628e-02 9.781854e-03 6.924825e-01 -6.269495e-05 -7.543120e-05 1.477310e-05 -8.995165e-05
11627.427904 8.893270e-01 4.829404e-02 9.947832e-03 6.911262e-01 -6.731482e-05 -7.492257e-05 1.798774e-05 -8.588415e-05
11628.677630 8.872752e-01 4.795031e-02 9.987599e-03 6.870900e-01 -6.248380e-05 -7.481281e-05 2.267320e-05 -8.377613e-05
11629.939547 8.863192e-01 4.840488e-02 1.016729e-02 6.863612e-01 -6.358029e-05 -8.325129e-05 9.745442e-06 -9.309319e-05
11631.213657 8.845930e-01 4.840569e-02 1.026759e-02 6.835232e-01 -6.267212e-05 -8.024422e-05 1.523073e-05 -9.291106e-05
11632.499958 8.893350e-01 4.842492e-02 1.031471e-02 6.859028e-01 -6.613079e-05 -7.087162e-05 2.079491e-05 -7.446700e-05
11633.798451 8.872289e-01 4.843067e-02 1.032112e-02 6.835665e-01 -6.339335e-05 -6.319018e-05 1.590013e-05 -7.343513e-05
11635.109136 8.864193e-01 4.845382e-02 1.045490e-02 6.805355e-01 -6.267193e-05 -7.474334e-05 1.891744e-05 -7.942594e-05
11636.432013 8.863185e-01 4.842647e-02 1.048068e-02 6.806660e-01 -5.483206e-05 -7.464375e-05 2.613721e-05 -7.838161e-05
11637.767082 8.860758e-01 4.864841e-02 1.064355e-02 6.784357e-01 -4.860096e-05 -7.400137e-05 2.239527e-05 -8.371912e-05
11639.114342 8.836320e-01 4.847599e-02 1.074031e-02 6.758194e-01 -4.692575e-05 -7.459164e-05 1.659158e-05 -8.993461e-05
11640.473795 8.858258e-01 4.853988e-02 1.090053e-02 6.776272e-01 -5.123342e-05 -7.652082e-05 1.204336e-05 -9.204094e-05
11641.845440 8.867329e-01 4.863513e-02 1.104386e-02 6.796920e-01 -5.182552e-05 -7.371816e-05 2.082972e-05 -9.506791e-05
11643.229276 8.842246e-01 4.866740e-02 1.116539e-02 6.778891e-01 -5.114703e-05 -6.872040e-05 1.512024e-05 -9.644533e-05
11644.625305 8.855031e-01 4.878963e-02 1.131578e-02 6.786323e-01 -5.092078e-05 -6.034335e-05 1.652102e-05 -1.083963e-04
11646.033525 8.846408e-01 4.872964e-02 1.137541e-02 6.792621e-01 -5.159247e-05 -5.270034e-05 1.883176e-05 -1.073007e-04
11647.453937 8.838066e-01 4.882805e-02 1.137150e-02 6.786491e-01 -5.198947e-05 -7.055311e-05 1.430767e-05 -9.644872e-05
11648.886541 8.799249e-01 4.864492e-02 1.138867e-02 6.776495e-01 -5.078273e-05 -6.864276e-05 1.542304e-05 -9.858736e-05
11650.331337 8.806888e-01 4.874863e-02 1.141057e-02 6.775281e-01 -4.765120e-05 -7.375550e-05 1.969361e-05 -9.318389e-05
11651.788325 8.822811e-01 4.874055e-02 1.138039e-02 6.798375e-01 -5.013213e-05 -6.885391e-05 1.079010e-05 -8.318890e-05
11653.257505 8.830960e-01 4.893921e-02 1.128042e-02 6.803362e-01 -4.584911e-05 -6.715833e-05 1.853479e-05 -7.060943e-05
11654.738877 8.811867e-01 4.892588e-02 1.120449e-02 6.807615e-01 -4.555802e-05 -6.503130e-05 2.575939e-05 -9.169817e-05
11656.232440 8.834069e-01 4.896183e-02 1.115128e-02 6.834594e-01 -4.160005e-05 -6.200558e-05 2.077141e-05 -9.571860e-05
11657.738196 8.829806e-01 4.888620e-02 1.094920e-02 6.822845e-01 -4.081627e-05 -5.850484e-05 1.672484e-05 -8.869149e-05
11659.256143 8.810056e-01 4.900666e-02 1.085160e-02 6.813496e-01 -3.323793e-05 -6.315300e-05 1.348147e-05 -1.060801e-04
11660.786283 8.801053e-01 4.905082e-02 1.080901e-02 6.823989e-01 -4.030151e-05 -6.177905e-05 1.308618e-05 -9.498149e-05
11662.328614 8.818139e-01 4.901003e-02 1.069816e-02 6.841622e-01 -4.469627e-05 -5.356400e-05 1.413305e-05 -9.634630e-05
11663.883137 8.814165e-01 4.905898e-02 1.066028e-02 6.842872e-01 -5.481537e-05 -5.976552e-05 8.321026e-06 -9.042759e-05
11665.449852 8.791839e-01 4.919200e-02 1.067591e-02 6.828390e-01 -4.851022e-05 -5.371670e-05 2.188014e-05 -8.791058e-05
11667.028759 8.797813e-01 4.928324e-02 1.068163e-02 6.832128e-01 -3.447210e-05 -4.762191e-05 2.868319e-05 -8.753101e-05
11668.619858 8.800573e-01 4.906913e-02 1.067854e-02 6.857166e-01 -3.790789e-05 -5.197808e-05 1.833821e-05 -9.295011e-05
11670.223149 8.799875e-01 4.920223e-02 1.080067e-02 6.855099e-01 -4.766867e-05 -6.013466e-05 2.371616e-05 -8.633107e-05
11671.838632 8.781110e-01 4.919673e-02 1.083099e-02 6.847325e-01 -4.571337e-05 -6.726057e-05 3.056528e-05 -8.286822e-05
11673.466307 8.807655e-01 4.932876e-02 1.085223e-02 6.876865e-01 -3.777227e-05 -6.768692e-05 1.956420e-05 -7.950454e-05
11675.106173 8.782864e-01 4.927889e-02 1.089251e-02 6.878460e-01 -3.796760e-05 -6.758075e-05 1.115723e-05 -9.554425e-05
11676.758232 8.787867e-01 4.939984e-02 1.094952e-02 6.873827e-01 -5.194003e-05 -6.669640e-05 1.073121e-05 -1.021449e-04
11678.422482 8.748674e-01 4.917341e-02 1.088759e-02 6.853444e-01 -5.981478e-05 -6.031271e-05 1.469796e-05 -9.903445e-05
11680.098924 8.750803e-01 4.920152e-02 1.090022e-02 6.863551e-01 -5.246800e-05 -6.012380e-05 2.261493e-05 -8.933863e-05
11681.787558 8.755635e-01 4.925323e-02 1.093883e-02 6.874760e-01 -4.467932e-05 -6.383589e-05 2.175655e-05 -9.155185e-05
11683.488385 8.772553e-01 4.949405e-02 1.096336e-02 6.881330e-01 -5.575766e-05 -6.301985e-05 2.285777e-05 -9.274531e-05
11685.201403 8.759549e-01 4.945420e-02 1.088410e-02 6.902976e-01 -5.177876e-05 -5.986946e-05 1.372106e-05 -1.034198e-04
11686.926613 8.758817e-01 4.955630e-02 1.079417e-02 6.902194e-01 -4.813855e-05 -6.277682e-05 8.384816e-06 -1.038707e-04
11688.664014 8.766497e-01 4.950905e-02 1.082348e-02 6.906286e-01 -5.551614e-05 -6.710510e-05 5.427438e-07 -1.036430e-04
11690.413608 8.747237e-01 4.962773e-02 1.089285e-02 6.883355e-01 -5.358142e-05 -7.331320e-05 2.079745e-06 -1.004812e-04
11692.175394 8.728067e-01 4.966795e-02 1.091539e-02 6.878849e-01 -4.439961e-05 -6.003554e-05 -5.746576e-06 -9.668119e-05
11693.949371 8.751980e-01 4.976652e-02 1.102971e-02 6.892963e-01 -4.371673e-05 -6.527992e-05 -1.792991e-05 -9.140072e-05
11695.735541 8.743374e-01 4.970775e-02 1.111451e-02 6.869817e-01 -4.223898e-05 -6.002631e-05 -2.076856e-05 -8.841757e-05
11697.533902 8.751136e-01 4.977902e-02 1.120541e-02 6.878072e-01 -5.204813e-05 -5.803706e-05 -1.932878e-05 -8.924964e-05
11699.344455 8.730109e-01 4.977818e-02 1.132494e-02 6.872830e-01 -5.241850e-05 -5.617287e-05 -2.879631e-05 -8.950867e-05
11701.167201 8.713142e-01 4.999976e-02 1.154548e-02 6.841741e-01 -5.945421e-05 -6.015168e-05 -2.086544e-05 -9.226150e-05
11703.002138 8.692124e-01 4.958529e-02 1.161544e-02 6.822630e-01 -5.933763e-05 -5.319765e-05 -1.514132e-05 -9.154690e-05
11704.849267 8.718378e-01 4.990012e-02 1.181036e-02 6.847733e-01 -5.819304e-05 -5.446632e-05 -1.927566e-05 -9.042074e-05
11706.708588 8.697816e-01 5.004290e-02 1.190895e-02 6.828753e-01 -5.629891e-05 -6.350158e-05 -8.424469e-06 -8.561372e-05
11708.580100 8.704399e-01 5.020743e-02 1.196905e-02 6.833230e-01 -6.082180e-05 -6.064631e-05 -1.679144e-06 -9.324640e-05
11710.463805 8.705567e-01 5.010086e-02 1.194827e-02 6.834327e-01 -5.485559e-05 -5.284833e-05 -4.631087e-06 -1.416602e-04
11712.359702 8.708160e-01 5.024017e-02 1.191633e-02 6.828170e-01 -5.638312e-05 -5.067640e-05 -8.586063e-08 -1.428298e-04
11714.267790 8.695143e-01 5.030797e-02 1.188463e-02 6.809148e-01 -5.413095e-05 -6.412263e-05 2.336323e-06 -1.413339e-04
11716.188071 8.697475e-01 5.036148e-02 1.183267e-02 6.803115e-01 -5.903842e-05 -7.052131e-05 7.988271e-06 -1.398653e-04
11718.120543 8.694697e-01 5.034182e-02 1.171242e-02 6.815406e-01 -6.105527e-05 -7.428782e-05 1.441394e-05 -1.289477e-04
11720.065207 8.679420e-01 5.039895e-02 1.168086e-02 6.785249e-01 -5.673511e-05 -6.737602e-05 3.520664e-06 -9.643007e-05
11722.022064 8.667889e-01 5.043171e-02 1.160537e-02 6.774751e-01 -5.153426e-05 -6.813240e-05 3.480600e-06 -8.865739e-05
11723.991112 8.681858e-01 5.050995e-02 1.151503e-02 6.799048e-01 -5.842421e-05 -6.826155e-05 7.244757e-06 -8.872989e-05
11725.972352 8.671870e-01 5.064842e-02 1.154523e-02 6.805644e-01 -6.852914e-05 -6.839054e-05 7.226519e-06 -9.256435e-05
11727.965784 8.658669e-01 5.064825e-02 1.155040e-02 6.779492e-01 -7.043136e-05 -7.175748e-05 8.956315e-06 -9.593040e-05
11729.971407 8.676794e-01 5.072031e-02 1.156203e-02 6.795378e-01 -6.315351e-05 -7.466162e-05 -7.108752e-06 -8.775006e-05
11731.989223 8.624041e-01 5.053650e-02 1.145713e-02 6.757305e-01 -4.999763e-05 -7.393138e-05 -6.517824e-06 -9.273737e-05
11734.019231 8.614114e-01 5.067215e-02 1.144953e-02 6.751089e-01 -4.744441e-05 -6.373397e-05 1.326946e-05 -8.482592e-05
11736.061430 8.649838e-01 5.081140e-02 1.149644e-02 6.790088e-01 -5.546617e-05 -6.024953e-05 5.906343e-06 -8.074790e-05
11738.115822 8.649073e-01 5.093230e-02 1.152996e-02 6.795495e-01 -5.619211e-05 -5.825506e-05 8.311445e-06 -8.217584e-05
11740.182405 8.621063e-01 5.093798e-02 1.152303e-02 6.779890e-01 -5.437119e-05 -5.569674e-05 1.106353e-05 -7.936392e-05
11742.261180 8.643432e-01 5.107466e-02 1.161634e-02 6.785152e-01 -5.856316e-05 -7.189196e-05 1.051746e-05 -7.826640e-05
11744.352148 8.637773e-01 5.095965e-02 1.161506e-02 6.807771e-01 -5.561488e-05 -7.730636e-05 1.089672e-05 -7.726389e-05
11746.455307 8.633896e-01 5.118462e-02 1.163508e-02 6.809063e-01 -6.100525e-05 -7.060454e-05 2.089558e-05 -7.713004e-05
11748.570658 8.610795e-01 5.119642e-02 1.158710e-02 6.793553e-01 -6.393924e-05 -6.358504e-05 1.326788e-05 -8.713878e-05
11750.698201 8.635756e-01 5.126279e-02 1.155423e-02 6.822202e-01 -6.924892e-05 -6.472113e-05 -5.196918e-06 -8.386267e-05
11752.837935 8.615483e-01 5.114160e-02 1.147368e-02 6.805790e-01 -6.627474e-05 -6.331923e-05 3.031026e-06 -8.507631e-05
11754.989862 8.610322e-01 5.136693e-02 1.154841e-02 6.812221e-01 -6.377412e-05 -5.571890e-05 3.560440e-06 -8.991612e-05
11757.153981 8.608407e-01 5.132638e-02 1.153921e-02 6.813181e-01 -6.859912e-05 -5.027732e-05 1.117187e-05 -7.940743e-05
11759.330291 8.604104e-01 5.145594e-02 1.164607e-02 6.804729e-01 -6.795061e-05 -4.338577e-05 1.181994e-05 -7.840727e-05
11761.518794 8.588501e-01 5.143158e-02 1.178014e-02 6.803084e-01 -7.430149e-05 -4.272900e-05 6.757706e-06 -9.246777e-05
11763.719488 8.604009e-01 5.155107e-02 1.192990e-02 6.815805e-01 -7.704883e-05 -4.879783e-05 -2.202451e-06 -8.229316e-05
11765.932374 8.590803e-01 5.147872e-02 1.211557e-02 6.803646e-01 -7.646414e-05 -5.637597e-05 -3.446942e-07 -8.254958e-05
11768.157453 8.583440e-01 5.165877e-02 1.227340e-02 6.815907e-01 -7.739620e-05 -6.176166e-05 8.046173e-06 -7.704252e-05
11770.394723 8.527757e-01 5.128969e-02 1.230442e-02 6.767573e-01 -7.174110e-05 -6.051894e-05 7.725983e-06 -7.953712e-05
11772.644185 8.490343e-01 5.117597e-02 1.236722e-02 6.736616e-01 -6.060716e-05 -5.801648e-05 1.274828e-05 -8.386450e-05
11774.905838 8.532778e-01 5.148563e-02 1.247407e-02 6.782056e-01 -6.072418e-05 -6.121170e-05 8.409125e-06 -1.000630e-04
11777.179684 8.562500e-01 5.184466e-02 1.262461e-02 6.815073e-01 -5.581622e-05 -5.365603e-05 2.912846e-06 -1.051791e-04
11779.465722 8.553924e-01 5.183768e-02 1.262386e-02 6.798538e-01 -5.639821e-05 -5.014845e-05 5.265573e-07 -1.047948e-04
11781.763952 8.547116e-01 5.190166e-02 1.267911e-02 6.789112e-01 -5.452323e-05 -5.190512e-05 5.410923e-06 -9.623705e-05
11784.074373 8.560162e-01 5.189209e-02 1.268837e-02 6.805232e-01 -5.069393e-05 -4.817494e-05 1.074231e-05 -9.633125e-05
11786.396987 8.543422e-01 5.204557e-02 1.276198e-02 6.813818e-01 -6.024845e-05 -4.423288e-05 1.678298e-05 -9.950184e-05
11788.731792 8.524994e-01 5.211843e-02 1.273765e-02 6.783597e-01 -7.284952e-05 -5.030997e-05 1.909330e-05 -9.399298e-05
11791.078789 8.544931e-01 5.223706e-02 1.279461e-02 6.797079e-01 -7.578428e-05 -4.048571e-05 1.078826e-05 -9.720821e-05
11793.437978 8.528192e-01 5.220067e-02 1.281621e-02 6.796841e-01 -7.426055e-05 -4.114102e-05 1.057598e-05 -9.236261e-05
11795.809359 8.530438e-01 5.232104e-02 1.278401e-02 6.797679e-01 -7.307832e-05 -3.846449e-05 1.206901e-05 -8.917533e-05
11798.192932 8.518567e-01 5.236636e-02 1.271872e-02 6.792805e-01 -7.217927e-05 -3.889774e-05 2.409074e-05 -9.953098e-05
11800.588697 8.521410e-01 5.240670e-02 1.264266e-02 6.804233e-01 -7.354624e-05 -4.921980e-05 2.647558e-05 -9.442066e-05
11802.996654 8.513605e-01 5.255669e-02 1.260830e-02 6.775165e-01 -7.029327e-05 -4.622499e-05 2.696398e-05 -1.009360e-04
11805.416803 8.509029e-01 5.252282e-02 1.246708e-02 6.779367e-01 -7.825096e-05 -4.222024e-05 2.358726e-05 -9.608820e-05
11807.849143 8.498460e-01 5.263865e-02 1.240560e-02 6.782387e-01 -6.717637e-05 -3.946749e-05 9.870539e-06 -1.055413e-04
11810.293676 8.491301e-01 5.274626e-02 1.233122e-02 6.763678e-01 -6.779282e-05 -4.569240e-05 5.833265e-06 -1.086959e-04
11812.750400 8.498429e-01 5.277868e-02 1.228699e-02 6.762005e-01 -6.383558e-05 -4.295568e-05 4.957541e-06 -1.095023e-04
11815.219317 8.495230e-01 5.280070e-02 1.222287e-02 6.769999e-01 -5.977600e-05 -3.863302e-05 1.160662e-05 -9.962158e-05
11817.700425 8.470501e-01 5.316930e-02 1.228961e-02 6.744424e-01 -6.620103e-05 -4.965563e-05 1.473965e-05 -1.019927e-04
11820.193725 8.446900e-01 5.315149e-02 1.233600e-02 6.743602e-01 -6.886969e-05 -5.175402e-05 3.644669e-06 -1.084771e-04
11822.699217 8.480822e-01 5.310753e-02 1.240558e-02 6.776379e-01 -6.954573e-05 -5.350602e-05 5.276839e-06 -9.668162e-05
11825.216901 8.467648e-01 5.311985e-02 1.247433e-02 6.758380e-01 -5.955487e-05 -5.564591e-05 1.080572e-06 -9.693226e-05
11827.746777 8.457323e-01 5.337719e-02 1.265846e-02 6.729773e-01 -6.345451e-05 -5.762552e-05 -7.029492e-06 -1.000601e-04
11830.288845 8.449880e-01 5.326175e-02 1.275701e-02 6.728319e-01 -6.172506e-05 -6.019836e-05 2.471029e-07 -1.093383e-04
11832.843105 8.454635e-01 5.332239e-02 1.293949e-02 6.741117e-01 -6.422968e-05 -6.004201e-05 2.533470e-06 -1.146162e-04
11835.409556 8.433432e-01 5.347795e-02 1.313920e-02 6.732035e-01 -6.762319e-05 -7.022383e-05 -1.065157e-06 -1.140570e-04
11837.988200 8.439159e-01 5.351688e-02 1.329816e-02 6.752371e-01 -7.988882e-05 -8.040488e-05 5.337341e-06 -1.043965e-04
11840.579035 8.445881e-01 5.358658e-02 1.344861e-02 6.741264e-01 -7.409167e-05 -7.971334e-05 3.841298e-06 -1.072619e-04
11843.182062 8.417889e-01 5.370964e-02 1.352983e-02 6.734925e-01 -7.071835e-05 -7.360959e-05 9.521230e-06 -1.110843e-04
11845.797282 8.398266e-01 5.369060e-02 1.358810e-02 6.722125e-01 -6.945648e-05 -7.190236e-05 8.906335e-06 -1.076000e-04
11848.424693 8.401017e-01 5.362231e-02 1.359989e-02 6.725535e-01 -7.648970e-05 -5.512862e-05 -3.072073e-06 -1.078000e-04
11851.064296 8.411228e-01 5.389369e-02 1.362525e-02 6.724884e-01 -7.034092e-05 -4.995586e-05 -4.022879e-06 -1.183857e-04
11853.716091 8.403487e-01 5.387764e-02 1.359147e-02 6.709536e-01 -6.906209e-05 -5.802479e-05 -2.168773e-07 -1.136634e-04
11856.380078 8.402095e-01 5.395928e-02 1.363671e-02 6.738299e-01 -7.068855e-05 -6.673712e-05 -1.788912e-06 -1.077287e-04
11859.056256 8.384146e-01 5.401164e-02 1.363700e-02 6.712085e-01 -6.552851e-05 -6.729914e-05 -1.152482e-05 -9.835877e-05
11861.744627 8.365691e-01 5.392350e-02 1.363409e-02 6.705325e-01 -6.756319e-05 -6.413258e-05 -1.408694e-05 -1.084824e-04
11864.445190 8.339005e-01 5.385507e-02 1.369339e-02 6.690624e-01 -7.364021e-05 -5.700583e-05 -3.118847e-06 -1.408519e-04
11867.157944 8.370132e-01 5.416705e-02 1.381694e-02 6.720242e-01 -7.404396e-05 -5.196881e-05 -1.010583e-05 -1.534670e-04
11869.882891 8.359857e-01 5.418839e-02 1.384293e-02 6.714190e-01 -6.958008e-05 -6.215059e-05 -1.085125e-05 -1.449345e-04
11872.620029 8.345921e-01 5.420130e-02 1.385550e-02 6.704476e-01 -7.543316e-05 -6.903622e-05 -5.963075e-06 -1.415781e-04
11875.369359 8.352576e-01 5.449782e-02 1.387449e-02 6.725832e-01 -7.797657e-05 -7.077793e-05 1.229090e-07 -1.459624e-04
11878.130881 8.349205e-01 5.446836e-02 1.382119e-02 6.721634e-01 -6.769372e-05 -6.614024e-05 -2.028898e-06 -1.547129e-04
11880.904595 8.282829e-01 5.404913e-02 1.365240e-02 6.680381e-01 -6.554262e-05 -6.226740e-05 -3.267316e-06 -1.709790e-04
11883.690501 8.257514e-01 5.408753e-02 1.360497e-02 6.658994e-01 -6.179228e-05 -6.041739e-05 1.225270e-05 -1.636109e-04
11886.488599 8.329860e-01 5.473503e-02 1.370014e-02 6.720963e-01 -7.234566e-05 -5.587993e-05 1.039411e-05 -1.266872e-04
11889.298889 8.329619e-01 5.483074e-02 1.366849e-02 6.725507e-01 -6.989577e-05 -5.578279e-05 1.552263e-05 -1.121888e-04
11892.121371 8.327587e-01 5.483958e-02 1.366580e-02 6.726290e-01 -7.527541e-05 -5.691859e-05 2.206784e-05 -1.108780e-04
11894.956044 8.317848e-01 5.495439e-02 1.366574e-02 6.712960e-01 -7.569985e-05 -5.139600e-05 1.778363e-05 -1.035994e-04
11897.802910 8.313941e-01 5.496275e-02 1.364601e-02 6.713532e-01 -7.131882e-05 -5.140705e-05 1.731244e-05 -1.063754e-04
11900.661967 8.313636e-01 5.508020e-02 1.375634e-02 6.727508e-01 -8.676877e-05 -4.626159e-05 1.885963e-05 -1.031939e-04
11903.533217 8.301543e-01 5.513312e-02 1.382067e-02 6.711797e-01 -8.239455e-05 -5.425617e-05 2.518469e-05 -1.152325e-04
11906.416658 8.299200e-01 5.530461e-02 1.395991e-02 6.712506e-01 -8.067575e-05 -5.159791e-05 3.420343e-05 -1.106808e-04
11909.312291 8.284045e-01 5.537930e-02 1.418292e-02 6.716606e-01 -7.094769e-05 -4.952100e-05 3.153135e-05 -1.071517e-04
11912.220116 8.287164e-01 5.538341e-02 1.429008e-02 6.716959e-01 -6.234941e-05 -3.930939e-05 2.937427e-05 -1.096310e-04
11915.140133 8.287030e-01 5.540121e-02 1.445354e-02 6.714982e-01 -6.855953e-05 -2.913855e-05 2.761871e-05 -1.041466e-04
11918.072342 8.271412e-01 5.552978e-02 1.460216e-02 6.710379e-01 -6.984570e-05 -3.155700e-05 2.867536e-05 -1.101208e-04
11921.016743 8.274092e-01 5.562732e-02 1.472003e-02 6.690673e-01 -7.549225e-05 -3.833935e-05 2.259909e-05 -1.005370e-04
11923.973335 8.264551e-01 5.565302e-02 1.478391e-02 6.693651e-01 -7.230027e-05 -5.041052e-05 1.339066e-05 -1.099073e-04
11926.942120 8.257732e-01 5.585401e-02 1.486663e-02 6.701864e-01 -7.628444e-05 -4.340149e-05 1.087920e-05 -9.821637e-05
11929.923096 8.247671e-01 5.592999e-02 1.485651e-02 6.686577e-01 -7.854983e-05 -4.862616e-05 1.761642e-05 -9.555144e-05
11932.916265 8.236371e-01 5.585441e-02 1.484172e-02 6.665928e-01 -7.688717e-05 -4.596781e-05 2.950903e-06 -1.036263e-04
11935.921625 8.159308e-01 5.551966e-02 1.471609e-02 6.610347e-01 -6.791406e-05 -4.634110e-05 1.237540e-05 -1.080336e-04
11938.939177 8.170225e-01 5.572434e-02 1.482385e-02 6.628191e-01 -7.451294e-05 -3.650047e-05 1.740755e-05 -1.115827e-04
11941.968921 8.213205e-01 5.612915e-02 1.492467e-02 6.665220e-01 -6.716813e-05 -3.200567e-05 2.689434e-05 -1.151592e-04
11945.010858 8.216658e-01 5.624996e-02 1.496251e-02 6.673736e-01 -6.429211e-05 -4.069733e-05 2.400497e-05 -1.206854e-04
11948.064985 8.219803e-01 5.634005e-02 1.504246e-02 6.682626e-01 -6.354478e-05 -4.815632e-05 2.262642e-05 -1.151343e-04
11951.131305 8.202129e-01 5.651630e-02 1.514407e-02 6.678781e-01 -6.223972e-05 -5.398026e-05 1.443241e-05 -1.117649e-04
11954.209817 8.197345e-01 5.647110e-02 1.515605e-02 6.670471e-01 -6.026827e-05 -5.487098e-05 9.943510e-06 -1.163848e-04
11957.300521 8.196371e-01 5.664678e-02 1.528084e-02 6.668009e-01 -5.739973e-05 -5.250979e-05 1.020037e-05 -1.178302e-04
11960.403416 8.191553e-01 5.657111e-02 1.525635e-02 6.664728e-01 -5.565095e-05 -6.143770e-05 1.553339e-05 -1.188028e-04
11963.518504 8.181094e-01 5.667581e-02 1.529880e-02 6.649573e-01 -5.847703e-05 -6.131121e-05 4.567414e-06 -1.181235e-04
11966.645783 8.172265e-01 5.692188e-02 1.532453e-02 6.661079e-01 -6.047149e-05 -5.877639e-05 1.369840e-05 -1.231358e-04
11969.785255 8.164473e-01 5.690527e-02 1.527429e-02 6.661414e-01 -6.245167e-05 -5.886995e-05 2.190365e-05 -1.072928e-04
11972.936918 8.163595e-01 5.703596e-02 1.530478e-02 6.649634e-01 -5.818633e-05 -5.566811e-05 2.507873e-05 -1.093888e-04
11976.100773 8.151011e-01 5.708726e-02 1.530186e-02 6.642260e-01 -5.342371e-05 -6.529587e-05 3.277517e-05 -1.156505e-04
11979.276820 8.154590e-01 5.713263e-02 1.532316e-02 6.636075e-01 -5.517368e-05 -6.896847e-05 2.529642e-05 -1.157886e-04
11982.465059 8.141118e-01 5.728722e-02 1.534030e-02 6.643243e-01 -5.905063e-05 -7.991222e-05 2.332108e-05 -9.305367e-05
11985.665490 8.132422e-01 5.735160e-02 1.538723e-02 6.637946e-01 -6.604725e-05 -7.852158e-05 2.226808e-05 -9.258853e-05
11988.878112 8.128365e-01 5.739706e-02 1.543787e-02 6.641730e-01 -6.420559e-05 -6.976099e-05 1.774313e-05 -1.067231e-04
11992.102927 8.126077e-01 5.755363e-02 1.547910e-02 6.643167e-01 -6.791466e-05 -6.798414e-05 2.099794e-05 -1.087757e-04
11995.339934 8.112896e-01 5.753287e-02 1.553344e-02 6.645040e-01 -6.366913e-05 -6.751955e-05 2.527913e-05 -1.019977e-04
11998.589132 8.113597e-01 5.772425e-02 1.561521e-02 6.623886e-01 -5.694896e-05 -6.097856e-05 1.870570e-05 -1.089642e-04
12001.850523 8.107879e-01 5.775802e-02 1.569695e-02 6.634251e-01 -6.282163e-05 -5.138140e-05 2.836931e-05 -1.042852e-04
12005.124105 8.090459e-01 5.792877e-02 1.587865e-02 6.621955e-01 -5.891810e-05 -5.229717e-05 2.689833e-05 -1.006393e-04
12008.409879 8.096866e-01 5.797079e-02 1.602972e-02 6.627441e-01 -5.218941e-05 -6.246765e-05 2.631642e-05 -1.093690e-04
12011.707845 8.082768e-01 5.805336e-02 1.620578e-02 6.615597e-01 -5.828623e-05 -7.722027e-05 1.659589e-05 -1.097774e-04
12015.018003 8.078641e-01 5.810143e-02 1.638004e-02 6.614739e-01 -6.207088e-05 -6.589698e-05 2.298099e-05 -1.022100e-04
12018.340353 8.074962e-01 5.823375e-02 1.653926e-02 6.620874e-01 -7.448362e-05 -6.711275e-05 1.522226e-05 -1.148525e-04
12021.674895 8.049181e-01 5.830648e-02 1.662462e-02 6.609943e-01 -7.055587e-05 -6.333283e-05 2.106623e-05 -1.190046e-04
12025.021629 8.058938e-01 5.833057e-02 1.672168e-02 6.622877e-01 -6.942068e-05 -5.924750e-05 2.321074e-05 -1.075644e-04
12028.380554 8.052000e-01 5.846015e-02 1.674444e-02 6.615113e-01 -7.250075e-05 -6.608058e-05 2.722882e-05 -1.025481e-04
12031.751672 8.045472e-01 5.858283e-02 1.678348e-02 6.613025e-01 -7.919157e-05 -6.233920e-05 1.010322e-05 -1.003880e-04
12035.134982 8.044704e-01 5.851602e-02 1.678375e-02 6.609290e-01 -7.529879e-05 -5.490034e-05 8.250593e-06 -9.891281e-05
12038.530483 8.029764e-01 5.869446e-02 1.678136e-02 6.601468e-01 -8.514361e-05 -5.676135e-05 -8.630728e-06 -1.040240e-04
12041.938176 8.016609e-01 5.869110e-02 1.674102e-02 6.587476e-01 -7.473854e-05 -6.150015e-05 6.150064e-06 -9.760679e-05
12045.358061 7.958853e-01 5.833496e-02 1.670400e-02 6.558544e-01 -7.061311e-05 -6.663466e-05 4.299854e-06 -1.038559e-04
12048.790139 7.897304e-01 5.802087e-02 1.656536e-02 6.512911e-01 -7.164082e-05 -6.140712e-05 1.056979e-05 -1.093799e-04
12052.234408 7.981642e-01 5.891485e-02 1.684011e-02 6.572580e-01 -7.011003e-05 -5.645859e-05 1.605905e-05 -1.056732e-04
12055.690868 7.995356e-01 5.902697e-02 1.684757e-02 6.593892e-01 -6.727492e-05 -5.642527e-05 1.758544e-05 -1.059947e-04
12059.159521 7.982692e-01 5.923028e-02 1.687646e-02 6.589682e-01 -6.388156e-05 -6.314915e-05 1.520760e-05 -1.050450e-04
12062.640366 7.963169e-01 5.932547e-02 1.694754e-02 6.569255e-01 -6.395155e-05 -6.800465e-05 1.830320e-05 -9.633213e-05
12066.133403 7.972459e-01 5.934242e-02 1.699572e-02 6.584332e-01 -6.175671e-05 -7.004024e-05 1.477665e-05 -1.052471e-04
12069.638631 7.963371e-01 5.944781e-02 1.703767e-02 6.575148e-01 -6.182400e-05 -8.474801e-05 1.082902e-05 -9.856785e-05
12073.156052 7.954580e-01 5.949089e-02 1.704290e-02 6.572467e-01 -6.602822e-05 -7.862662e-05 1.812143e-05 -9.792172e-05
12076.685664 7.947489e-01 5.961330e-02 1.712495e-02 6.557585e-01 -6.410114e-05 -8.592844e-05 8.392446e-06 -9.623725e-05
12080.227468 7.932703e-01 5.981041e-02 1.721321e-02 6.551895e-01 -5.268462e-05 -8.722290e-05 4.988535e-06 -9.686575e-05
12083.781465 7.914761e-01 5.978988e-02 1.721315e-02 6.539503e-01 -5.448940e-05 -8.206597e-05 1.478663e-05 -1.069896e-04
12087.347653 7.904016e-01 5.976011e-02 1.730118e-02 6.547226e-01 -4.900310e-05 -7.550001e-05 1.895651e-05 -1.142149e-04
12090.926033 7.912893e-01 6.010999e-02 1.746174e-02 6.553747e-01 -4.845344e-05 -7.162636e-05 1.546548e-05 -1.031671e-04
12094.516605 7.912190e-01 6.017624e-02 1.758476e-02 6.560857e-01 -5.908783e-05 -7.817684e-05 2.311186e-05 -9.836579e-05
12098.119369 7.910060e-01 6.016374e-02 1.769933e-02 6.557964e-01 -6.536223e-05 -8.640852e-05 3.007165e-05 -1.022987e-04
12101.734324 7.905905e-01 6.029914e-02 1.779574e-02 6.552453e-01 -6.138688e-05 -9.123128e-05 2.697845e-05 -1.114172e-04
12105.361472 7.894739e-01 6.047411e-02 1.797307e-02 6.547248e-01 -5.493310e-05 -7.778463e-05 2.534442e-05 -1.090990e-04
12109.000811 7.882750e-01 6.055046e-02 1.802090e-02 6.536276e-01 -6.451233e-05 -6.657828e-05 2.267283e-05 -1.021042e-04
12112.652343 7.881992e-01 6.061998e-02 1.813797e-02 6.533342e-01 -6.899759e-05 -7.135971e-05 1.541953e-05 -1.019230e-04
12116.316066 7.872475e-01 6.075328e-02 1.826839e-02 6.534748e-01 -6.756932e-05 -7.425981e-05 1.440796e-05 -1.024865e-04
12119.991982 7.874273e-01 6.093038e-02 1.842781e-02 6.525664e-01 -6.532290e-05 -6.675894e-05 2.697192e-05 -1.046035e-04
12123.680089 7.853445e-01 6.097353e-02 1.851667e-02 6.512430e-01 -5.958796e-05 -6.671717e-05 2.537532e-05 -1.056036e-04
12127.380388 7.847404e-01 6.107299e-02 1.864722e-02 6.519240e-01 -6.931510e-05 -6.956406e-05 1.627461e-05 -1.078585e-04
12131.092879 7.846238e-01 6.111427e-02 1.870771e-02 6.532759e-01 -7.024742e-05 -8.231948e-05 2.863382e-05 -1.065678e-04
12134.817562 7.830883e-01 6.115398e-02 1.878881e-02 6.516689e-01 -6.473969e-05 -8.611087e-05 2.381020e-05 -1.089855e-04
12138.554437 7.828321e-01 6.128035e-02 1.889187e-02 6.511475e-01 -5.979793e-05 -8.091937e-05 2.174659e-05 -1.117426e-04
12142.303503 7.820549e-01 6.138060e-02 1.895212e-02 6.511657e-01 -6.300578e-05 -7.064876e-05 1.893643e-05 -1.077739e-04
12146.064762 7.809012e-01 6.156765e-02 1.905089e-02 6.509904e-01 -6.332605e-05 -7.158542e-05 1.965374e-05 -1.091215e-04
12149.838213 7.802180e-01 6.158368e-02 1.904893e-02 6.495745e-01 -6.682232e-05 -7.753790e-05 1.861509e-05 -1.159440e-04
12153.623855 7.796741e-01 6.166768e-02 1.906582e-02 6.496260e-01 -6.154158e-05 -8.286225e-05 2.446153e-05 -1.091727e-04
12157.421689 7.778097e-01 6.187093e-02 1.916178e-02 6.481372e-01 -5.994051e-05 -7.604919e-05 1.625975e-05 -1.098274e-04
12161.231716 7.785859e-01 6.187141e-02 1.917716e-02 6.490160e-01 -6.641851e-05 -7.608132e-05 2.452836e-05 -1.146472e-04
12165.053934 7.767144e-01 6.202394e-02 1.921654e-02 6.479285e-01 -7.112886e-05 -7.625708e-05 2.764842e-05 -1.111486e-04
12168.888344 7.751817e-01 6.214283e-02 1.927213e-02 6.476325e-01 -8.098208e-05 -6.824632e-05 2.366665e-05 -1.142725e-04
12172.734946 7.754965e-01 6.225828e-02 1.930084e-02 6.480760e-01 -7.762216e-05 -6.539120e-05 2.909477e-05 -1.188819e-04
12176.593740 7.752642e-01 6.229615e-02 1.934539e-02 6.478743e-01 -7.463314e-05 -6.817265e-05 2.859223e-05 -1.112738e-04
12180.464726 7.726071e-01 6.250133e-02 1.942112e-02 6.472064e-01 -6.810154e-05 -6.950979e-05 3.088679e-05 -1.013303e-04
12184.347903 7.741393e-01 6.248807e-02 1.947761e-02 6.484811e-01 -6.357648e-05 -6.658075e-05 3.172832e-05 -1.082523e-04
12188.243273 7.709803e-01 6.272606e-02 1.955770e-02 6.454910e-01 -6.134593e-05 -5.995065e-05 2.363980e-05 -1.108731e-04
12192.150835 7.714377e-01 6.280712e-02 1.963843e-02 6.467693e-01 -6.253627e-05 -6.030152e-05 2.227277e-05 -1.029303e-04
12196.070588 7.713785e-01 6.285695e-02 1.972760e-02 6.478132e-01 -6.714052e-05 -5.778568e-05 2.404421e-05 -9.472462e-05
12200.002533 7.697678e-01 6.303437e-02 1.983806e-02 6.460627e-01 -5.523219e-05 -5.879414e-05 2.497728e-05 -1.048278e-04
12203.946671 7.670043e-01 6.299417e-02 1.991007e-02 6.439807e-01 -4.678698e-05 -5.239597e-05 2.575375e-05 -1.071766e-04
12207.903000 7.672197e-01 6.311459e-02 2.005543e-02 6.445475e-01 -6.286335e-05 -5.495582e-05 2.412466e-05 -1.132100e-04
12211.871521 7.675693e-01 6.339817e-02 2.022970e-02 6.445324e-01 -6.365560e-05 -5.437967e-05 2.022433e-05 -1.108134e-04
12215.852234 7.675755e-01 6.348043e-02 2.039083e-02 6.464489e-01 -5.696841e-05 -5.425161e-05 2.597890e-05 -1.026294e-04
12219.845139 7.664340e-01 6.360262e-02 2.056232e-02 6.446618e-01 -5.910705e-05 -6.259072e-05 1.828502e-05 -1.028307e-04
12223.850236 7.651705e-01 6.357347e-02 2.059535e-02 6.430934e-01 -5.644252e-05 -6.478926e-05 1.577223e-05 -1.087004e-04
12227.867524 7.559226e-01 6.291717e-02 2.046726e-02 6.366146e-01 -4.951346e-05 -5.948548e-05 2.228271e-05 -1.051942e-04
12231.897005 7.471915e-01 6.244134e-02 2.035845e-02 6.302012e-01 -5.571422e-05 -6.375027e-05 1.748822e-05 -1.064266e-04
12235.938678 7.607677e-01 6.371239e-02 2.085480e-02 6.398369e-01 -4.636639e-05 -6.723289e-05 1.945504e-05 -1.068385e-04
12239.992542 7.610022e-01 6.402265e-02 2.101330e-02 6.405437e-01 -5.097705e-05 -6.699668e-05 1.404438e-05 -1.057861e-04
12244.058598 7.609971e-01 6.407357e-02 2.111120e-02 6.422842e-01 -5.383225e-05 -7.498458e-05 1.246222e-05 -1.062921e-04
12248.136847 7.601560e-01 6.428840e-02 2.126286e-02 6.419779e-01 -5.655614e-05 -8.194458e-05 8.550121e-06 -1.056462e-04
12252.227287 7.580398e-01 6.423017e-02 2.136022e-02 6.400884e-01 -5.977612e-05 -7.794337e-05 1.291315e-05 -1.076155e-04
12256.329919 7.583320e-01 6.443889e-02 2.153457e-02 6.405136e-01 -6.179028e-05 -8.151365e-05 1.102054e-05 -1.036100e-04
12260.444743 7.579314e-01 6.462581e-02 2.172200e-02 6.391183e-01 -6.515424e-05 -8.443654e-05 9.202235e-06 -1.079245e-04
12264.571759 7.572377e-01 6.470649e-02 2.178333e-02 6.399129e-01 -6.962095e-05 -9.396360e-05 2.066192e-05 -1.044269e-04
12268.710967 7.566812e-01 6.478582e-02 2.183744e-02 6.405158e-01 -6.974618e-05 -8.739276e-05 2.257630e-05 -1.067714e-04
12272.862366 7.558671e-01 6.487589e-02 2.191511e-02 6.404220e-01 -6.968761e-05 -9.105312e-05 2.170676e-05 -1.100467e-04
12277.025958 7.552838e-01 6.503781e-02 2.198666e-02 6.388293e-01 -6.503336e-05 -8.811690e-05 2.608520e-05 -1.024846e-04
12281.201742 7.544364e-01 6.507746e-02 2.200930e-02 6.381232e-01 -5.258436e-05 -7.574161e-05 2.013831e-05 -9.715902e-05
12285.389717 7.531070e-01 6.521975e-02 2.202715e-02 6.369012e-01 -4.643586e-05 -7.400243e-05 2.144307e-05 -8.611529e-05
12289.589884 7.532270e-01 6.531503e-02 2.205363e-02 6.390969e-01 -5.507299e-05 -7.771185e-05 2.357182e-05 -9.001977e-05
12293.802244 7.511777e-01 6.552523e-02 2.215691e-02 6.377233e-01 -6.354820e-05 -7.917495e-05 2.031875e-05 -9.902725e-05
12298.026795 7.508310e-01 6.547798e-02 2.215854e-02 6.373802e-01 -5.418691e-05 -7.007628e-05 2.459320e-05 -1.023610e-04
12302.263538 7.490430e-01 6.563154e-02 2.226382e-02 6.358801e-01 -6.384596e-05 -7.324673e-05 2.010443e-05 -9.259367e-05
12306.512473 7.499327e-01 6.582604e-02 2.235921e-02 6.367685e-01 -6.403264e-05 -7.791812e-05 2.464864e-05 -9.442878e-05
12310.773600 7.491939e-01 6.590921e-02 2.240386e-02 6.364321e-01 -6.344596e-05 -8.456369e-05 2.057367e-05 -9.061451e-05
12315.046919 7.475449e-01 6.604303e-02 2.253177e-02 6.357074e-01 -5.996684e-05 -7.232423e-05 1.579162e-05 -9.128631e-05
12319.332429 7.460540e-01 6.600437e-02 2.264744e-02 6.336337e-01 -6.142146e-05 -7.372424e-05 3.165056e-05 -1.004202e-04
12323.630132 7.300892e-01 6.479369e-02 2.234557e-02 6.221257e-01 -6.548500e-05 -8.469202e-05 2.683184e-05 -1.002414e-04
12327.940026 7.381052e-01 6.555878e-02 2.271289e-02 6.294394e-01 -6.483697e-05 -8.005155e-05 2.538841e-05 -9.393598e-05
12332.262113 7.441624e-01 6.640979e-02 2.313111e-02 6.343835e-01 -6.415076e-05 -6.298735e-05 2.646139e-05 -9.547569e-05
12336.596391 7.437849e-01 6.657856e-02 2.332113e-02 6.341271e-01 -6.028122e-05 -6.032607e-05 1.520207e-05 -9.445860e-05
12340.942861 7.433733e-01 6.664683e-02 2.345933e-02 6.332174e-01 -5.921840e-05 -7.457934e-05 1.465180e-05 -8.918034e-05
12345.301524 7.412507e-01 6.670872e-02 2.361145e-02 6.322159e-01 -6.016549e-05 -7.664039e-05 2.389833e-05 -8.474686e-05
12349.672378 7.411815e-01 6.680396e-02 2.372915e-02 6.331212e-01 -5.892359e-05 -7.372533e-05 2.565965e-05 -9.640846e-05
12354.055424 7.399069e-01 6.702241e-02 2.387330e-02 6.327140e-01 -5.526064e-05 -7.527042e-05 1.919771e-05 -9.330264e-05
12358.450662 7.400870e-01 6.712167e-02 2.402738e-02 6.324141e-01 -5.677353e-05 -7.472335e-05 2.299242e-05 -9.654917e-05
12362.858091 7.394275e-01 6.721592e-02 2.410177e-02 6.315341e-01 -6.123787e-05 -7.120601e-05 2.272025e-05 -1.001933e-04
12367.277713 7.382835e-01 6.732899e-02 2.422761e-02 6.316276e-01 -5.733092e-05 -8.443639e-05 1.739585e-05 -1.112065e-04
12371.709527 7.352454e-01 6.730567e-02 2.431129e-02 6.306939e-01 -6.077359e-05 -8.895244e-05 5.261798e-06 -1.136884e-04
12376.153532 7.319370e-01 6.709744e-02 2.432953e-02 6.272897e-01 -6.039130e-05 -8.375549e-05 1.856712e-05 -1.030362e-04
12380.609730 7.366903e-01 6.773789e-02 2.464226e-02 6.304312e-01 -5.279668e-05 -8.339066e-05 8.336238e-06 -1.056798e-04
12385.078119 7.354055e-01 6.785747e-02 2.476628e-02 6.297275e-01 -5.187564e-05 -8.169085e-05 -1.200211e-06 -1.117323e-04
12389.558700 7.350086e-01 6.799117e-02 2.491423e-02 6.299061e-01 -5.396509e-05 -7.392482e-05 4.493498e-06 -1.137362e-04
12394.051473 7.338593e-01 6.804584e-02 2.496270e-02 6.295897e-01 -5.022995e-05 -7.190412e-05 8.841426e-06 -1.162966e-04
12398.556438 7.328143e-01 6.817796e-02 2.511838e-02 6.295972e-01 -5.394141e-05 -7.046157e-05 7.676280e-06 -1.066261e-04
12403.073595 7.315624e-01 6.823121e-02 2.519954e-02 6.287585e-01 -5.616698e-05 -7.815793e-05 8.903138e-06 -9.705628e-05
12407.602944 7.308302e-01 6.832901e-02 2.527917e-02 6.285208e-01 -6.298739e-05 -8.544167e-05 1.976945e-05 -9.270872e-05
12412.144485 7.303253e-01 6.851529e-02 2.542245e-02 6.280826e-01 -7.479908e-05 -8.593720e-05 1.917171e-05 -9.981625e-05
12416.698218 7.286750e-01 6.858950e-02 2.550206e-02 6.264863e-01 -7.134115e-05 -7.343944e-05 1.811007e-05 -1.055805e-04
12421.264142 7.279599e-01 6.869607e-02 2.556842e-02 6.263267e-01 -6.048725e-05 -6.774829e-05 1.719070e-05 -1.125955e-04
12425.842259 7.274139e-01 6.893558e-02 2.575797e-02 6.268038e-01 -5.738566e-05 -6.922986e-05 1.448031e-05 -1.020499e-04
12430.432567 7.251321e-01 6.896347e-02 2.579954e-02 6.250563e-01 -5.992893e-05 -7.439335e-05 1.499266e-05 -9.852145e-05
12435.035068 7.247807e-01 6.913068e-02 2.588386e-02 6.241055e-01 -6.388906e-05 -7.960782e-05 2.454639e-05 -9.822163e-05
12439.649760 7.247024e-01 6.942248e-02 2.609981e-02 6.242878e-01 -6.228305e-05 -8.652498e-05 2.849102e-05 -9.766189e-05
12444.276644 7.237318e-01 6.954032e-02 2.619058e-02 6.241875e-01 -6.063887e-05 -8.686630e-05 3.117658e-05 -1.079510e-04
12448.915720 7.223048e-01 6.974518e-02 2.631089e-02 6.231938e-01 -6.043930e-05 -8.796736e-05 4.467304e-05 -1.019885e-04
12453.566988 7.206580e-01 6.973490e-02 2.641664e-02 6.229491e-01 -5.941938e-05 -8.407086e-05 3.020287e-05 -1.065490e-04
12458.230448 7.194381e-01 6.971914e-02 2.651351e-02 6.223391e-01 -5.881511e-05 -8.029106e-05 2.358705e-05 -1.487953e-04
12462.906100 7.199618e-01 6.993513e-02 2.669312e-02 6.232665e-01 -5.732112e-05 -8.398895e-05 2.695561e-05 -1.640167e-04
12467.593943 7.198449e-01 7.009727e-02 2.684012e-02 6.229405e-01 -6.355041e-05 -8.949151e-05 2.978626e-05 -1.620261e-04
12472.293979 7.193768e-01 7.026776e-02 2.702697e-02 6.228251e-01 -6.642718e-05 -8.587017e-05 3.862215e-05 -1.637673e-04
12477.006206 7.190178e-01 7.028067e-02 2.718215e-02 6.231262e-01 -6.189722e-05 -7.865478e-05 4.006679e-05 -1.591313e-04
12481.730626 7.189356e-01 7.032530e-02 2.734862e-02 6.235815e-01 -5.142455e-05 -6.969397e-05 4.162051e-05 -1.614016e-04
12486.467237 7.176897e-01 7.045740e-02 2.748926e-02 6.227405e-01 -5.530056e-05 -6.573267e-05 3.428152e-05 -1.299367e-04
12491.216040 7.163899e-01 7.046356e-02 2.763232e-02 6.223700e-01 -5.225829e-05 -7.169073e-05 2.803961e-05 -1.098788e-04
12495.977036 7.164967e-01 7.059631e-02 2.779859e-02 6.227997e-01 -5.570431e-05 -7.086521e-05 1.971221e-05 -1.236516e-04
12500.750223 7.162753e-01 7.082127e-02 2.798675e-02 6.229846e-01 -6.024674e-05 -7.525763e-05 1.258631e-05 -1.549829e-04
12505.535602 7.154124e-01 7.094714e-02 2.816471e-02 6.220807e-01 -6.473222e-05 -8.053203e-05 1.595039e-05 -1.467181e-04
12510.333172 7.147905e-01 7.107395e-02 2.831876e-02 6.221642e-01 -5.518554e-05 -7.742277e-05 2.306148e-05 -1.223967e-04
12515.142935 7.138961e-01 7.114558e-02 2.842112e-02 6.215700e-01 -6.172687e-05 -7.980977e-05 2.128485e-05 -1.367622e-04
12519.964890 7.131326e-01 7.127131e-02 2.859014e-02 6.208619e-01 -6.126873e-05 -8.075626e-05 1.788840e-05 -1.092190e-04
12524.799037 7.121154e-01 7.143934e-02 2.877146e-02 6.204409e-01 -5.350943e-05 -7.133012e-05 1.400884e-05 -1.040184e-04
12529.645375 6.581527e-01 6.620225e-02 2.674698e-02 5.738793e-01 -4.828215e-05 -6.807527e-05 1.427214e-05 -1.044396e-04
12534.503905 1.276075e-01 1.286868e-02 5.205728e-03 1.113283e-01 -9.882062e-06 -1.279467e-05 2.591476e-06 -2.236461e-05
