# Facility: NSLS-II
# Beamline: QAS
# Year: 2022
# Cycle: 2
# SAF: 309337
# PI: Li
# Proposal: 309890
# Scan ID: 26261
# UID: 44b8a82e-d69d-4ee7-8266-dfb2d53ec0ed
# Comment: 
# Start time: 06/10/2022  08:47:30
# Stop time: 06/10/2022  08:48:02
# Total time: 00:32
# Trajectory name: Co-30s-7709.txt
# Element: Cobalt ( 27)
# Edge: K
# E0: 7709
# Reference Foil Element: Co
# Keithley Gains I0: 1E7 V/A It: 1E7 V/A Iref: 1E8 V/A PIPS: 1E8 V/A 
# Ion Chamber Gas Flow Rates: I0: 29.80 sccm He + 69.70 sccm N2 + 0.00 sccm Ar 
# Ion Chamber Gas Flow Rates: It&Iref: 79.80 sccm N2 + 20.10 sccm Ar
# Incident Beam Path Vertical: -27.48 mm
# Incident Slits Positions B: TOP: 1.0 mm Bottom: -1.0 mm Inboard: -1.5 mm Outboard: 1.5 mm
# Sample Stage Positions: Rotation: 45.0 deg Horizontal: 25.26 mm Vertical: -26.52 mm Beam Direction: 0.00 mm
# PerkinElmer Vertical Position: 500.00 mm
# Front End Mirror Horizontal Positions: Up: 14.00 mm Down: 14.00 mm
#
# energy  i0  it  ir  iff  aux1  aux2  aux3  aux4
 7517.895413 4.330335e-01 5.206810e-01 1.257693e+00 5.373919e-02 -1.964407e-04 -1.458650e-04 -1.212468e-04 -1.491563e-04
 7522.895413 8.564727e-01 1.032444e+00 2.497394e+00 1.064781e-01 -3.869272e-04 -2.850605e-04 -2.538186e-04 -2.945058e-04
 7527.895413 8.637074e-01 1.045051e+00 2.534024e+00 1.074232e-01 -3.846549e-04 -2.907027e-04 -2.680267e-04 -3.056757e-04
 7532.895413 8.631727e-01 1.048165e+00 2.548092e+00 1.077060e-01 -3.951279e-04 -2.941995e-04 -2.583681e-04 -3.016825e-04
 7537.895413 8.622569e-01 1.050986e+00 2.561999e+00 1.080540e-01 -3.957559e-04 -3.028540e-04 -2.516084e-04 -2.959604e-04
 7542.895413 8.606809e-01 1.053061e+00 2.573934e+00 1.081808e-01 -3.936539e-04 -3.154161e-04 -2.496490e-04 -2.922682e-04
 7547.895413 8.603328e-01 1.056640e+00 2.589022e+00 1.085805e-01 -3.866362e-04 -3.144091e-04 -2.571456e-04 -2.932369e-04
 7552.895413 8.592915e-01 1.059384e+00 2.602081e+00 1.082993e-01 -3.843057e-04 -3.020244e-04 -2.459538e-04 -3.020598e-04
 7557.895413 8.578015e-01 1.061446e+00 2.613819e+00 1.084469e-01 -3.903127e-04 -3.034624e-04 -2.403424e-04 -2.969644e-04
 7562.895413 8.565965e-01 1.063622e+00 2.625699e+00 1.086634e-01 -3.893737e-04 -3.108026e-04 -2.458148e-04 -3.016444e-04
 7567.895413 8.555011e-01 1.065830e+00 2.638088e+00 1.091225e-01 -3.870876e-04 -3.174683e-04 -2.552126e-04 -2.970876e-04
 7572.895413 8.539822e-01 1.067996e+00 2.649703e+00 1.092605e-01 -3.965519e-04 -3.060809e-04 -2.431111e-04 -3.038537e-04
 7577.895413 8.538107e-01 1.072426e+00 2.667711e+00 1.095130e-01 -3.917135e-04 -3.048222e-04 -2.379092e-04 -3.021367e-04
 7582.895413 8.523908e-01 1.074637e+00 2.680378e+00 1.095923e-01 -3.862103e-04 -3.032624e-04 -2.388412e-04 -3.039287e-04
 7587.895413 8.522284e-01 1.078595e+00 2.696249e+00 1.096083e-01 -3.818276e-04 -3.067393e-04 -2.547344e-04 -3.108229e-04
 7592.895413 8.511274e-01 1.081226e+00 2.710185e+00 1.096900e-01 -3.735937e-04 -3.062321e-04 -2.510721e-04 -3.014091e-04
 7597.895413 8.495812e-01 1.083569e+00 2.723216e+00 1.100375e-01 -3.828673e-04 -3.041157e-04 -2.532445e-04 -3.064480e-04
 7602.895413 8.479874e-01 1.085666e+00 2.735912e+00 1.101437e-01 -3.875128e-04 -3.006917e-04 -2.434413e-04 -3.094028e-04
 7607.895413 8.486211e-01 1.090658e+00 2.755225e+00 1.102562e-01 -3.798726e-04 -2.980448e-04 -2.387916e-04 -3.034550e-04
 7612.895413 8.471157e-01 1.092856e+00 2.767120e+00 1.105051e-01 -3.943162e-04 -2.978055e-04 -2.382565e-04 -3.066051e-04
 7617.895413 8.468792e-01 1.096601e+00 2.782750e+00 1.110239e-01 -3.985678e-04 -3.013732e-04 -2.388011e-04 -3.105916e-04
 7622.895413 8.467369e-01 1.100685e+00 2.800368e+00 1.112973e-01 -3.944017e-04 -3.019393e-04 -2.411763e-04 -3.099181e-04
 7627.895413 8.458769e-01 1.103830e+00 2.815601e+00 1.114612e-01 -3.931319e-04 -3.029866e-04 -2.346570e-04 -3.053360e-04
 7632.895413 8.453782e-01 1.107243e+00 2.830541e+00 1.116401e-01 -3.904576e-04 -3.000314e-04 -2.278091e-04 -3.023446e-04
 7637.895413 8.445738e-01 1.110220e+00 2.845819e+00 1.119609e-01 -3.941536e-04 -2.985638e-04 -2.344917e-04 -3.006786e-04
 7642.895413 8.433604e-01 1.112607e+00 2.858287e+00 1.119366e-01 -3.954038e-04 -3.022810e-04 -2.361266e-04 -2.997305e-04
 7647.895413 8.397893e-01 1.111493e+00 2.861929e+00 1.120182e-01 -3.912614e-04 -2.996355e-04 -2.351788e-04 -3.004539e-04
 7652.895413 8.399167e-01 1.116106e+00 2.880272e+00 1.121163e-01 -3.955608e-04 -3.137543e-04 -2.344749e-04 -2.981008e-04
 7657.895413 8.413541e-01 1.122396e+00 2.903272e+00 1.123431e-01 -4.022100e-04 -3.199544e-04 -2.362967e-04 -3.009281e-04
 7662.895413 8.402179e-01 1.124815e+00 2.914935e+00 1.126959e-01 -4.035715e-04 -3.075728e-04 -2.362389e-04 -3.043335e-04
 7667.895413 8.395344e-01 1.128184e+00 2.930073e+00 1.128949e-01 -4.001298e-04 -3.076289e-04 -2.280065e-04 -3.081617e-04
 7672.895413 8.393758e-01 1.132243e+00 2.946579e+00 1.129731e-01 -3.930641e-04 -3.066893e-04 -2.298640e-04 -3.208581e-04
 7677.895413 8.385429e-01 1.135432e+00 2.960287e+00 1.133390e-01 -3.939270e-04 -2.956757e-04 -2.446767e-04 -3.300930e-04
 7679.000000 8.382569e-01 1.136096e+00 2.962524e+00 1.140141e-01 -3.933316e-04 -3.005448e-04 -2.345234e-04 -3.288017e-04
 7680.000000 8.374742e-01 1.135732e+00 2.961730e+00 1.130034e-01 -4.005085e-04 -2.938965e-04 -2.295197e-04 -3.303250e-04
 7681.000000 8.381521e-01 1.137302e+00 2.967809e+00 1.130009e-01 -4.014742e-04 -2.962947e-04 -2.320400e-04 -3.231301e-04
 7682.000000 8.347290e-01 1.133485e+00 2.958553e+00 1.131953e-01 -4.043954e-04 -2.985324e-04 -2.248228e-04 -3.217354e-04
 7683.000000 8.236405e-01 1.119708e+00 2.923569e+00 1.115369e-01 -4.051324e-04 -3.007768e-04 -2.300324e-04 -3.135101e-04
 7684.000000 8.091948e-01 1.100808e+00 2.875227e+00 1.095261e-01 -4.024918e-04 -3.063528e-04 -2.362757e-04 -3.178700e-04
 7685.000000 8.339015e-01 1.135175e+00 2.964113e+00 1.133143e-01 -4.021208e-04 -3.064349e-04 -2.317920e-04 -3.110178e-04
 7686.000000 8.414959e-01 1.146472e+00 2.994916e+00 1.140235e-01 -3.972079e-04 -3.070460e-04 -2.394818e-04 -3.068743e-04
 7686.200000 8.422630e-01 1.148129e+00 2.998872e+00 1.117204e-01 -3.937350e-04 -3.030640e-04 -2.416983e-04 -2.994948e-04
 7686.400000 8.313235e-01 1.132510e+00 2.957565e+00 1.100605e-01 -3.834136e-04 -3.027087e-04 -2.371638e-04 -3.114764e-04
 7686.600000 8.449229e-01 1.151579e+00 3.011034e+00 1.132988e-01 -3.822975e-04 -3.099754e-04 -2.454479e-04 -3.178706e-04
 7686.800000 8.401344e-01 1.144910e+00 2.989213e+00 1.158258e-01 -3.818352e-04 -3.162110e-04 -2.508090e-04 -3.168915e-04
 7687.000000 8.402596e-01 1.145563e+00 2.991701e+00 1.169633e-01 -3.847069e-04 -3.147043e-04 -2.501792e-04 -3.094958e-04
 7687.200000 8.422035e-01 1.148652e+00 2.999823e+00 1.131150e-01 -3.939294e-04 -3.066645e-04 -2.483472e-04 -3.258690e-04
 7687.400000 8.406855e-01 1.146631e+00 2.995399e+00 1.133044e-01 -4.023908e-04 -3.025988e-04 -2.536156e-04 -3.255119e-04
 7687.600000 8.395771e-01 1.144960e+00 2.989435e+00 1.172384e-01 -4.024901e-04 -2.942053e-04 -2.654228e-04 -3.246464e-04
 7687.800000 8.374706e-01 1.143133e+00 2.985630e+00 1.129536e-01 -4.027120e-04 -2.907317e-04 -2.558056e-04 -3.192702e-04
 7688.000000 8.366981e-01 1.141516e+00 2.984102e+00 1.109920e-01 -3.917706e-04 -2.866140e-04 -2.365976e-04 -3.176411e-04
 7688.200000 8.400607e-01 1.146355e+00 2.996200e+00 1.154821e-01 -3.969222e-04 -3.093020e-04 -2.344542e-04 -3.252047e-04
 7688.400000 8.370236e-01 1.142775e+00 2.984928e+00 1.139700e-01 -3.920276e-04 -3.060309e-04 -2.310125e-04 -3.216654e-04
 7688.600000 8.382078e-01 1.143971e+00 2.989375e+00 1.166103e-01 -4.012918e-04 -3.025591e-04 -2.328348e-04 -3.094182e-04
 7688.800000 8.413209e-01 1.148531e+00 2.999906e+00 1.127381e-01 -4.018151e-04 -3.067154e-04 -2.357824e-04 -3.078772e-04
 7689.000000 8.392694e-01 1.146037e+00 2.995896e+00 1.136196e-01 -4.043758e-04 -3.155721e-04 -2.403757e-04 -3.104781e-04
 7689.200000 8.356294e-01 1.141108e+00 2.982379e+00 1.144196e-01 -4.072858e-04 -3.144934e-04 -2.234086e-04 -3.133277e-04
 7689.400000 8.380479e-01 1.144117e+00 2.987004e+00 1.145262e-01 -4.125302e-04 -3.146674e-04 -2.405425e-04 -3.060474e-04
 7689.600000 8.330101e-01 1.137848e+00 2.972221e+00 1.126937e-01 -4.065040e-04 -3.195365e-04 -2.325066e-04 -3.053083e-04
 7689.800000 8.439025e-01 1.153482e+00 3.013232e+00 1.149073e-01 -4.106936e-04 -3.263619e-04 -2.367290e-04 -3.116308e-04
 7690.000000 8.402697e-01 1.148371e+00 3.002364e+00 1.137346e-01 -4.193250e-04 -3.242186e-04 -2.387715e-04 -3.193413e-04
 7690.200000 8.413332e-01 1.149719e+00 3.002546e+00 1.151144e-01 -4.215219e-04 -3.056292e-04 -2.401033e-04 -3.106445e-04
 7690.400000 8.384270e-01 1.145469e+00 2.993178e+00 1.151444e-01 -4.240581e-04 -3.052550e-04 -2.428839e-04 -3.122819e-04
 7690.600000 8.334588e-01 1.138978e+00 2.975830e+00 1.122708e-01 -4.255874e-04 -3.063872e-04 -2.385586e-04 -3.258457e-04
 7690.800000 8.330207e-01 1.138275e+00 2.972976e+00 1.139231e-01 -4.204089e-04 -3.152024e-04 -2.344358e-04 -3.258382e-04
 7691.000000 8.380238e-01 1.145299e+00 2.995495e+00 1.137199e-01 -4.132337e-04 -3.120672e-04 -2.345286e-04 -3.193401e-04
 7691.200000 8.420834e-01 1.151240e+00 3.010721e+00 1.130771e-01 -4.161231e-04 -3.061304e-04 -2.307736e-04 -3.123113e-04
 7691.400000 8.400755e-01 1.148864e+00 3.001242e+00 1.145689e-01 -4.131817e-04 -2.999788e-04 -2.189967e-04 -3.198166e-04
 7691.600000 8.342686e-01 1.141247e+00 2.982714e+00 1.140802e-01 -4.090856e-04 -3.003916e-04 -2.194323e-04 -3.081802e-04
 7691.800000 8.422304e-01 1.151867e+00 3.012099e+00 1.149762e-01 -4.080614e-04 -3.067558e-04 -2.310382e-04 -3.200952e-04
 7692.000000 8.359997e-01 1.144639e+00 2.994037e+00 1.145454e-01 -4.058583e-04 -3.086331e-04 -2.389101e-04 -3.192564e-04
 7692.200000 8.377964e-01 1.147171e+00 2.998766e+00 1.095086e-01 -4.093473e-04 -2.976587e-04 -2.514495e-04 -3.219420e-04
 7692.400000 8.422979e-01 1.152455e+00 3.012314e+00 1.137292e-01 -4.045520e-04 -3.069419e-04 -2.477982e-04 -3.143019e-04
 7692.600000 8.355018e-01 1.143637e+00 2.988214e+00 1.162503e-01 -4.018012e-04 -3.081008e-04 -2.479577e-04 -3.180978e-04
 7692.800000 8.386707e-01 1.147864e+00 3.001822e+00 1.133306e-01 -3.957509e-04 -3.078536e-04 -2.551756e-04 -3.254362e-04
 7693.000000 8.352082e-01 1.143092e+00 2.985466e+00 1.136696e-01 -3.967848e-04 -3.165759e-04 -2.488530e-04 -3.258494e-04
 7693.200000 8.356156e-01 1.144204e+00 2.991330e+00 1.155784e-01 -4.033789e-04 -3.177738e-04 -2.434727e-04 -3.167540e-04
 7693.400000 8.427383e-01 1.154527e+00 3.017024e+00 1.154945e-01 -3.982215e-04 -3.135833e-04 -2.461460e-04 -3.171758e-04
 7693.600000 8.371641e-01 1.147271e+00 2.996855e+00 1.142625e-01 -4.023861e-04 -3.221785e-04 -2.596978e-04 -3.217997e-04
 7693.800000 8.385662e-01 1.149328e+00 3.003633e+00 1.137447e-01 -3.994308e-04 -3.172901e-04 -2.625506e-04 -3.188840e-04
 7694.000000 8.390895e-01 1.149898e+00 3.004763e+00 1.099545e-01 -3.891877e-04 -3.118950e-04 -2.525765e-04 -3.130315e-04
 7694.200000 8.377826e-01 1.148236e+00 3.002081e+00 1.165327e-01 -3.849944e-04 -3.077728e-04 -2.484405e-04 -3.134278e-04
 7694.400000 8.349184e-01 1.144362e+00 2.988144e+00 1.163133e-01 -3.819524e-04 -3.103745e-04 -2.500372e-04 -3.139101e-04
 7694.600000 8.344364e-01 1.144100e+00 2.989556e+00 1.133101e-01 -3.746280e-04 -3.096078e-04 -2.577526e-04 -3.150836e-04
 7694.800000 8.427816e-01 1.156124e+00 3.021063e+00 1.154866e-01 -3.869717e-04 -3.093355e-04 -2.706515e-04 -3.249118e-04
 7695.000000 8.388808e-01 1.150416e+00 3.005686e+00 1.115735e-01 -3.889680e-04 -3.063123e-04 -2.641088e-04 -3.347977e-04
 7695.200000 8.351661e-01 1.145188e+00 2.990920e+00 1.120931e-01 -3.877654e-04 -3.107538e-04 -2.535179e-04 -3.349166e-04
 7695.400000 8.376812e-01 1.149140e+00 2.999238e+00 1.158140e-01 -3.910630e-04 -3.059296e-04 -2.497286e-04 -3.317964e-04
 7695.600000 8.337944e-01 1.144570e+00 2.988856e+00 1.144833e-01 -3.858052e-04 -2.986400e-04 -2.534761e-04 -3.163165e-04
 7695.800000 8.355917e-01 1.146762e+00 2.994160e+00 1.147171e-01 -3.831522e-04 -2.998931e-04 -2.649744e-04 -3.182590e-04
 7696.000000 8.423202e-01 1.156192e+00 3.019339e+00 1.135826e-01 -3.856918e-04 -3.101590e-04 -2.443440e-04 -2.984158e-04
 7696.200000 8.399305e-01 1.152469e+00 3.007501e+00 1.149092e-01 -3.847197e-04 -3.129742e-04 -2.476468e-04 -2.985646e-04
 7696.400000 8.345983e-01 1.145913e+00 2.990693e+00 1.154277e-01 -3.874293e-04 -3.031575e-04 -2.545613e-04 -3.071706e-04
 7696.600000 8.364219e-01 1.148446e+00 2.996306e+00 1.124180e-01 -3.887186e-04 -3.072359e-04 -2.386441e-04 -3.110142e-04
 7696.800000 8.410753e-01 1.154810e+00 3.014292e+00 1.140259e-01 -3.935462e-04 -3.128455e-04 -2.376758e-04 -3.106518e-04
 7697.000000 8.311029e-01 1.141062e+00 2.977966e+00 1.133127e-01 -3.881536e-04 -3.062175e-04 -2.286396e-04 -3.143293e-04
 7697.200000 8.464887e-01 1.163262e+00 3.034929e+00 1.170421e-01 -3.913648e-04 -3.039137e-04 -2.466075e-04 -3.218165e-04
 7697.400000 8.356272e-01 1.147421e+00 2.995442e+00 1.128231e-01 -3.864238e-04 -3.010272e-04 -2.429848e-04 -3.018991e-04
 7697.600000 8.354171e-01 1.147630e+00 2.993303e+00 1.134453e-01 -3.926604e-04 -3.025078e-04 -2.503917e-04 -2.991729e-04
 7697.800000 8.335565e-01 1.145188e+00 2.986183e+00 1.163763e-01 -3.881585e-04 -3.058366e-04 -2.542541e-04 -3.155738e-04
 7698.000000 8.393569e-01 1.153637e+00 3.009517e+00 1.148996e-01 -3.912578e-04 -3.087427e-04 -2.556937e-04 -3.242361e-04
 7698.200000 8.432315e-01 1.159352e+00 3.023323e+00 1.122288e-01 -3.916667e-04 -3.095346e-04 -2.543248e-04 -3.238856e-04
 7698.400000 8.386797e-01 1.153094e+00 3.007492e+00 1.169385e-01 -3.817779e-04 -3.041583e-04 -2.560899e-04 -3.273801e-04
 7698.600000 8.352449e-01 1.148353e+00 2.993077e+00 1.142715e-01 -3.911119e-04 -2.971580e-04 -2.500643e-04 -3.207288e-04
 7698.800000 8.383284e-01 1.153111e+00 3.004985e+00 1.164159e-01 -3.975327e-04 -2.932634e-04 -2.504599e-04 -3.083803e-04
 7699.000000 8.296381e-01 1.141094e+00 2.971369e+00 1.138765e-01 -4.048133e-04 -2.976689e-04 -2.388335e-04 -2.957047e-04
 7699.200000 8.367006e-01 1.151017e+00 2.998078e+00 1.106110e-01 -3.967476e-04 -3.019026e-04 -2.450598e-04 -2.938783e-04
 7699.400000 8.373985e-01 1.151912e+00 3.001378e+00 1.137343e-01 -4.036384e-04 -3.017713e-04 -2.463128e-04 -2.989081e-04
 7699.600000 8.335649e-01 1.147123e+00 2.986737e+00 1.153611e-01 -3.960571e-04 -3.049002e-04 -2.313472e-04 -2.929620e-04
 7699.800000 8.393435e-01 1.155267e+00 3.008615e+00 1.166303e-01 -3.961124e-04 -3.028975e-04 -2.472281e-04 -2.975331e-04
 7700.000000 8.399741e-01 1.156265e+00 3.008591e+00 1.140098e-01 -3.964793e-04 -2.992256e-04 -2.544524e-04 -3.065368e-04
 7700.200000 8.357850e-01 1.150341e+00 2.993080e+00 1.148081e-01 -3.940264e-04 -3.050394e-04 -2.478002e-04 -3.094026e-04
 7700.400000 8.358330e-01 1.150472e+00 2.992867e+00 1.135363e-01 -3.879264e-04 -3.112769e-04 -2.607299e-04 -3.000041e-04
 7700.600000 8.307322e-01 1.143713e+00 2.972908e+00 1.137781e-01 -3.820335e-04 -3.003122e-04 -2.639357e-04 -3.001438e-04
 7700.800000 8.391840e-01 1.155694e+00 3.004879e+00 1.147045e-01 -3.886445e-04 -3.151917e-04 -2.646612e-04 -2.990608e-04
 7701.000000 8.377428e-01 1.153964e+00 2.997675e+00 1.166093e-01 -3.897139e-04 -3.126397e-04 -2.600441e-04 -2.919857e-04
 7701.200000 8.361027e-01 1.152111e+00 2.992967e+00 1.114012e-01 -3.897831e-04 -3.034976e-04 -2.667312e-04 -3.053864e-04
 7701.400000 8.325167e-01 1.147379e+00 2.979826e+00 1.148720e-01 -3.918518e-04 -2.979667e-04 -2.610414e-04 -3.070388e-04
 7701.600000 8.363725e-01 1.153061e+00 2.993318e+00 1.157790e-01 -3.941998e-04 -2.939766e-04 -2.489200e-04 -3.025539e-04
 7701.800000 8.407685e-01 1.159328e+00 3.007437e+00 1.132338e-01 -3.923591e-04 -2.951581e-04 -2.565839e-04 -3.131974e-04
 7702.000000 8.349891e-01 1.151034e+00 2.983980e+00 1.138932e-01 -3.975035e-04 -2.969429e-04 -2.692185e-04 -3.105474e-04
 7702.200000 8.360871e-01 1.153016e+00 2.989235e+00 1.161895e-01 -4.009017e-04 -2.941798e-04 -2.594095e-04 -2.968457e-04
 7702.400000 8.327702e-01 1.148810e+00 2.976919e+00 1.119708e-01 -4.098371e-04 -2.926549e-04 -2.677715e-04 -3.062779e-04
 7702.600000 8.419191e-01 1.161641e+00 3.009204e+00 1.171669e-01 -4.044964e-04 -2.911084e-04 -2.735438e-04 -3.101974e-04
 7702.800000 8.343072e-01 1.150404e+00 2.977464e+00 1.136514e-01 -4.059194e-04 -2.856700e-04 -2.539791e-04 -3.092868e-04
 7703.000000 8.330859e-01 1.149157e+00 2.970405e+00 1.145218e-01 -3.987254e-04 -2.813006e-04 -2.413138e-04 -3.011081e-04
 7703.200000 8.367325e-01 1.154408e+00 2.982971e+00 1.154654e-01 -4.000505e-04 -2.761014e-04 -2.443031e-04 -2.983930e-04
 7703.400000 8.359688e-01 1.153840e+00 2.979211e+00 1.158770e-01 -4.029310e-04 -2.774613e-04 -2.603838e-04 -3.118236e-04
 7703.600000 8.358765e-01 1.153420e+00 2.977761e+00 1.140716e-01 -3.986959e-04 -2.753784e-04 -2.567338e-04 -3.237129e-04
 7703.800000 8.346751e-01 1.151925e+00 2.968644e+00 1.148691e-01 -3.968044e-04 -2.834059e-04 -2.577868e-04 -3.255666e-04
 7704.000000 8.363681e-01 1.154903e+00 2.973981e+00 1.149653e-01 -3.934452e-04 -3.020606e-04 -2.595215e-04 -3.120325e-04
 7704.200000 8.365056e-01 1.155055e+00 2.972031e+00 1.143254e-01 -3.961469e-04 -2.997683e-04 -2.581935e-04 -3.104511e-04
 7704.400000 8.363233e-01 1.154806e+00 2.967219e+00 1.134287e-01 -4.019230e-04 -2.917412e-04 -2.466777e-04 -3.041520e-04
 7704.600000 8.316059e-01 1.148679e+00 2.947183e+00 1.140543e-01 -4.054031e-04 -2.880012e-04 -2.502892e-04 -3.069824e-04
 7704.800000 8.370727e-01 1.156253e+00 2.963663e+00 1.154853e-01 -4.031235e-04 -2.948857e-04 -2.400354e-04 -3.047980e-04
 7705.000000 8.339830e-01 1.152000e+00 2.947746e+00 1.140163e-01 -4.029587e-04 -2.935050e-04 -2.458940e-04 -3.079031e-04
 7705.200000 8.349025e-01 1.153611e+00 2.946738e+00 1.150731e-01 -4.046421e-04 -2.927987e-04 -2.558001e-04 -3.086683e-04
 7705.400000 8.344160e-01 1.153003e+00 2.938590e+00 1.139409e-01 -3.967419e-04 -2.875051e-04 -2.572128e-04 -3.142020e-04
 7705.600000 8.367615e-01 1.156589e+00 2.941289e+00 1.143797e-01 -3.956987e-04 -2.867860e-04 -2.589735e-04 -3.076337e-04
 7705.800000 8.355152e-01 1.155063e+00 2.930786e+00 1.153860e-01 -3.987145e-04 -2.945539e-04 -2.520692e-04 -3.073500e-04
 7706.000000 8.341841e-01 1.153337e+00 2.916374e+00 1.159694e-01 -3.887868e-04 -2.920138e-04 -2.474190e-04 -3.065730e-04
 7706.200000 8.380755e-01 1.159315e+00 2.921970e+00 1.163141e-01 -3.884447e-04 -2.895738e-04 -2.569101e-04 -3.171497e-04
 7706.400000 8.325217e-01 1.151786e+00 2.889983e+00 1.140375e-01 -3.865342e-04 -2.882896e-04 -2.589322e-04 -3.318479e-04
 7706.600000 8.374349e-01 1.158511e+00 2.892781e+00 1.167278e-01 -3.853375e-04 -2.874113e-04 -2.611747e-04 -3.211421e-04
 7706.800000 8.367189e-01 1.157645e+00 2.871461e+00 1.151027e-01 -3.886275e-04 -2.981505e-04 -2.610302e-04 -3.118005e-04
 7707.000000 8.348606e-01 1.155213e+00 2.842216e+00 1.141948e-01 -3.901514e-04 -2.942993e-04 -2.533521e-04 -3.158517e-04
 7707.200000 8.361430e-01 1.157110e+00 2.819868e+00 1.161351e-01 -3.848894e-04 -2.943282e-04 -2.460527e-04 -3.200481e-04
 7707.400000 8.358933e-01 1.157125e+00 2.784588e+00 1.150569e-01 -3.912280e-04 -3.102386e-04 -2.420746e-04 -3.169284e-04
 7707.600000 8.328118e-01 1.152755e+00 2.727768e+00 1.156693e-01 -3.927872e-04 -3.079527e-04 -2.462973e-04 -3.140537e-04
 7707.800000 8.353695e-01 1.156299e+00 2.685055e+00 1.147012e-01 -3.959160e-04 -2.959013e-04 -2.516890e-04 -3.159794e-04
 7708.000000 8.346926e-01 1.155633e+00 2.622304e+00 1.156058e-01 -4.046559e-04 -3.030536e-04 -2.437337e-04 -3.137891e-04
 7708.200000 8.353952e-01 1.157006e+00 2.560920e+00 1.161948e-01 -4.010935e-04 -2.917091e-04 -2.330162e-04 -3.147818e-04
 7708.400000 8.347712e-01 1.156232e+00 2.490508e+00 1.157779e-01 -4.023492e-04 -2.885414e-04 -2.442187e-04 -3.169924e-04
 7708.600000 8.331769e-01 1.154015e+00 2.418595e+00 1.154768e-01 -4.031025e-04 -2.931178e-04 -2.517177e-04 -3.209414e-04
 7708.800000 8.344320e-01 1.155923e+00 2.359309e+00 1.156093e-01 -3.970956e-04 -3.003401e-04 -2.432862e-04 -3.098708e-04
 7709.000000 8.360226e-01 1.158724e+00 2.302132e+00 1.160628e-01 -4.026550e-04 -3.040428e-04 -2.487930e-04 -3.090084e-04
 7709.200000 8.345092e-01 1.156910e+00 2.238534e+00 1.158135e-01 -4.043250e-04 -2.913091e-04 -2.614449e-04 -3.109708e-04
 7709.400000 8.362885e-01 1.158975e+00 2.187653e+00 1.156186e-01 -4.025224e-04 -2.824729e-04 -2.526415e-04 -3.077906e-04
 7709.600000 8.350064e-01 1.157726e+00 2.132403e+00 1.155611e-01 -4.067438e-04 -2.892788e-04 -2.467427e-04 -3.113215e-04
 7709.800000 8.348360e-01 1.157765e+00 2.082160e+00 1.157267e-01 -4.079785e-04 -2.859106e-04 -2.456191e-04 -3.085680e-04
 7710.000000 8.342935e-01 1.157370e+00 2.033945e+00 1.149865e-01 -4.035563e-04 -2.823634e-04 -2.543589e-04 -3.024403e-04
 7710.200000 8.330022e-01 1.155419e+00 1.987092e+00 1.156726e-01 -4.052900e-04 -2.803210e-04 -2.479551e-04 -3.020363e-04
 7710.400000 8.347017e-01 1.158039e+00 1.953315e+00 1.155001e-01 -4.045353e-04 -2.804707e-04 -2.424584e-04 -3.105575e-04
 7710.600000 8.351188e-01 1.158615e+00 1.919467e+00 1.159423e-01 -4.100223e-04 -2.903022e-04 -2.447902e-04 -3.053376e-04
 7710.800000 8.343251e-01 1.157633e+00 1.886994e+00 1.157960e-01 -4.069872e-04 -2.874001e-04 -2.432856e-04 -2.996080e-04
 7711.000000 8.348137e-01 1.158712e+00 1.862116e+00 1.162142e-01 -3.968972e-04 -2.859244e-04 -2.417213e-04 -3.063708e-04
 7711.200000 8.357389e-01 1.159962e+00 1.842271e+00 1.166656e-01 -3.868053e-04 -2.890465e-04 -2.443769e-04 -3.060395e-04
 7711.400000 8.367109e-01 1.161471e+00 1.823677e+00 1.166348e-01 -3.988648e-04 -2.899230e-04 -2.458028e-04 -3.094275e-04
 7711.600000 8.354185e-01 1.159828e+00 1.804563e+00 1.163160e-01 -4.089739e-04 -2.824364e-04 -2.417839e-04 -3.124193e-04
 7711.800000 8.348750e-01 1.159260e+00 1.789890e+00 1.164659e-01 -4.055218e-04 -2.927652e-04 -2.367442e-04 -3.008122e-04
 7712.000000 8.352966e-01 1.159669e+00 1.780067e+00 1.167547e-01 -3.982911e-04 -3.012444e-04 -2.397675e-04 -2.923376e-04
 7712.200000 8.344653e-01 1.158414e+00 1.769943e+00 1.170194e-01 -3.998580e-04 -2.972517e-04 -2.428308e-04 -2.921272e-04
 7712.400000 8.357089e-01 1.160280e+00 1.765289e+00 1.179423e-01 -3.998991e-04 -2.913503e-04 -2.455422e-04 -2.986823e-04
 7712.600000 8.352157e-01 1.159641e+00 1.759494e+00 1.181022e-01 -4.030955e-04 -2.947550e-04 -2.443165e-04 -3.019313e-04
 7712.800000 8.347462e-01 1.159230e+00 1.754746e+00 1.186178e-01 -4.092219e-04 -2.950020e-04 -2.391971e-04 -2.955428e-04
 7713.000000 8.353715e-01 1.160226e+00 1.751576e+00 1.188327e-01 -4.150595e-04 -2.943358e-04 -2.479356e-04 -2.987267e-04
 7713.200000 8.345857e-01 1.159192e+00 1.744663e+00 1.187428e-01 -4.187303e-04 -2.990758e-04 -2.432768e-04 -2.943215e-04
 7713.400000 8.342392e-01 1.158704e+00 1.739468e+00 1.188248e-01 -4.125963e-04 -2.996781e-04 -2.381982e-04 -2.930982e-04
 7713.600000 8.329997e-01 1.156942e+00 1.729323e+00 1.192283e-01 -4.111400e-04 -3.091181e-04 -2.299431e-04 -2.864413e-04
 7713.800000 8.340783e-01 1.158033e+00 1.723261e+00 1.196702e-01 -4.059668e-04 -3.139702e-04 -2.298419e-04 -2.835683e-04
 7714.000000 8.343898e-01 1.158814e+00 1.714102e+00 1.207053e-01 -3.903698e-04 -3.011780e-04 -2.421279e-04 -2.986990e-04
 7714.200000 8.349281e-01 1.159665e+00 1.700441e+00 1.213614e-01 -3.966155e-04 -3.021865e-04 -2.475046e-04 -3.012546e-04
 7714.400000 8.349259e-01 1.159533e+00 1.684194e+00 1.218775e-01 -3.942601e-04 -2.987756e-04 -2.467328e-04 -2.993269e-04
 7714.600000 8.339202e-01 1.158148e+00 1.663855e+00 1.216039e-01 -4.000128e-04 -2.967829e-04 -2.471835e-04 -3.019714e-04
 7714.800000 8.345635e-01 1.159088e+00 1.645593e+00 1.214814e-01 -4.041875e-04 -3.032883e-04 -2.731108e-04 -3.015843e-04
 7715.000000 8.356447e-01 1.160709e+00 1.627624e+00 1.222974e-01 -3.977519e-04 -3.057932e-04 -2.794249e-04 -2.986618e-04
 7715.200000 8.367273e-01 1.162447e+00 1.607321e+00 1.233119e-01 -3.876378e-04 -3.073523e-04 -2.677974e-04 -2.866155e-04
 7715.400000 8.330145e-01 1.157476e+00 1.576142e+00 1.215491e-01 -3.822410e-04 -3.073978e-04 -2.631089e-04 -2.826373e-04
 7715.600000 8.338891e-01 1.159061e+00 1.555629e+00 1.224233e-01 -3.772767e-04 -3.012351e-04 -2.568194e-04 -2.793660e-04
 7715.800000 8.345562e-01 1.160086e+00 1.535119e+00 1.221154e-01 -3.838090e-04 -3.050975e-04 -2.639921e-04 -2.782723e-04
 7716.000000 8.303768e-01 1.154423e+00 1.504189e+00 1.209141e-01 -3.827213e-04 -3.075770e-04 -2.556963e-04 -2.914297e-04
 7716.200000 8.355476e-01 1.161644e+00 1.493144e+00 1.219911e-01 -3.961110e-04 -3.092699e-04 -2.629446e-04 -2.897657e-04
 7716.400000 8.304884e-01 1.155171e+00 1.463089e+00 1.222012e-01 -3.923726e-04 -3.004494e-04 -2.434817e-04 -2.780146e-04
 7716.600000 8.332857e-01 1.159203e+00 1.448895e+00 1.216811e-01 -3.951225e-04 -2.957531e-04 -2.488124e-04 -2.807374e-04
 7716.800000 8.343856e-01 1.160664e+00 1.429488e+00 1.221933e-01 -4.008758e-04 -2.882119e-04 -2.472393e-04 -2.853611e-04
 7717.000000 8.360825e-01 1.163269e+00 1.413815e+00 1.229903e-01 -3.984792e-04 -2.925045e-04 -2.393884e-04 -2.818136e-04
 7717.200000 8.358960e-01 1.163182e+00 1.393070e+00 1.224669e-01 -3.938550e-04 -2.966817e-04 -2.499063e-04 -2.809729e-04
 7717.400000 8.325739e-01 1.158222e+00 1.367930e+00 1.232128e-01 -3.921872e-04 -2.999639e-04 -2.447640e-04 -2.777159e-04
 7717.600000 8.351059e-01 1.161865e+00 1.352430e+00 1.236558e-01 -3.874324e-04 -2.983841e-04 -2.571428e-04 -2.837351e-04
 7717.800000 8.344578e-01 1.161439e+00 1.331248e+00 1.240431e-01 -3.928243e-04 -3.005155e-04 -2.551783e-04 -2.851027e-04
 7718.000000 8.322686e-01 1.158519e+00 1.307453e+00 1.232364e-01 -4.082130e-04 -3.075288e-04 -2.518486e-04 -2.849145e-04
 7718.200000 8.339283e-01 1.160611e+00 1.289738e+00 1.238421e-01 -4.091789e-04 -3.077937e-04 -2.527316e-04 -2.892104e-04
 7718.400000 8.334460e-01 1.160429e+00 1.269123e+00 1.240300e-01 -4.029938e-04 -3.014870e-04 -2.587141e-04 -2.938973e-04
 7718.600000 8.341072e-01 1.161270e+00 1.250851e+00 1.260957e-01 -4.090629e-04 -3.015973e-04 -2.682100e-04 -3.015113e-04
 7718.800000 8.316583e-01 1.157752e+00 1.227915e+00 1.248438e-01 -4.076590e-04 -3.017861e-04 -2.587976e-04 -2.866570e-04
 7719.000000 8.335049e-01 1.160569e+00 1.209848e+00 1.259412e-01 -3.980461e-04 -3.030671e-04 -2.659719e-04 -3.014565e-04
 7719.200000 8.321576e-01 1.158641e+00 1.187409e+00 1.255224e-01 -3.893991e-04 -3.027420e-04 -2.694353e-04 -3.048132e-04
 7719.400000 8.339895e-01 1.161136e+00 1.169865e+00 1.270570e-01 -3.857039e-04 -3.051036e-04 -2.732336e-04 -2.926446e-04
 7719.600000 8.330209e-01 1.160108e+00 1.149001e+00 1.268167e-01 -3.989327e-04 -3.063988e-04 -2.689739e-04 -2.875003e-04
 7719.800000 8.334455e-01 1.160553e+00 1.130236e+00 1.263399e-01 -4.027375e-04 -3.080733e-04 -2.548640e-04 -2.971247e-04
 7720.000000 8.346352e-01 1.162201e+00 1.110048e+00 1.275299e-01 -3.954874e-04 -3.052555e-04 -2.591702e-04 -2.858846e-04
 7720.200000 8.336043e-01 1.160908e+00 1.087464e+00 1.276524e-01 -3.955144e-04 -3.104654e-04 -2.680946e-04 -2.889076e-04
 7720.400000 8.297836e-01 1.155643e+00 1.061880e+00 1.272723e-01 -3.971815e-04 -3.131800e-04 -2.666099e-04 -2.965093e-04
 7720.600000 8.339312e-01 1.161514e+00 1.046821e+00 1.293797e-01 -3.982302e-04 -3.156097e-04 -2.649656e-04 -3.085607e-04
 7720.800000 8.333948e-01 1.160852e+00 1.026100e+00 1.289945e-01 -3.895983e-04 -3.239819e-04 -2.563750e-04 -3.094288e-04
 7721.000000 8.270341e-01 1.151493e+00 9.963772e-01 1.286247e-01 -3.792922e-04 -3.228588e-04 -2.698840e-04 -3.005137e-04
 7721.200000 8.350977e-01 1.162891e+00 9.878814e-01 1.296696e-01 -3.854676e-04 -3.167612e-04 -2.731464e-04 -3.020006e-04
 7721.400000 8.344405e-01 1.162001e+00 9.656953e-01 1.291017e-01 -3.949361e-04 -3.082465e-04 -2.803552e-04 -3.043550e-04
 7721.600000 8.298279e-01 1.155598e+00 9.401232e-01 1.304615e-01 -3.969216e-04 -3.090513e-04 -2.768047e-04 -3.039939e-04
 7721.800000 8.329614e-01 1.160138e+00 9.252565e-01 1.303356e-01 -3.932911e-04 -3.163477e-04 -2.788049e-04 -2.914825e-04
 7722.000000 8.319886e-01 1.159021e+00 9.064522e-01 1.311001e-01 -3.875084e-04 -3.177432e-04 -2.794615e-04 -2.883281e-04
 7722.200000 8.329172e-01 1.160353e+00 8.877134e-01 1.309814e-01 -3.900555e-04 -3.113594e-04 -2.884316e-04 -2.931419e-04
 7722.400000 8.321181e-01 1.159219e+00 8.711684e-01 1.317785e-01 -3.912296e-04 -3.178060e-04 -2.784509e-04 -2.916933e-04
 7722.600000 8.351176e-01 1.163836e+00 8.579913e-01 1.318507e-01 -3.895715e-04 -3.118055e-04 -2.719859e-04 -2.904547e-04
 7722.800000 8.327787e-01 1.160461e+00 8.384935e-01 1.321386e-01 -3.916901e-04 -3.075515e-04 -2.650017e-04 -2.894790e-04
 7723.000000 8.319682e-01 1.159050e+00 8.222495e-01 1.329109e-01 -3.900233e-04 -3.055559e-04 -2.606866e-04 -2.868870e-04
 7723.200000 8.338707e-01 1.162225e+00 8.115573e-01 1.323072e-01 -3.913086e-04 -3.065791e-04 -2.613582e-04 -2.915833e-04
 7723.400000 8.318268e-01 1.159290e+00 7.978134e-01 1.325972e-01 -3.800114e-04 -2.987135e-04 -2.625884e-04 -3.041656e-04
 7723.600000 8.340198e-01 1.162313e+00 7.894288e-01 1.335888e-01 -3.871753e-04 -2.989107e-04 -2.686313e-04 -3.057395e-04
 7723.800000 8.334989e-01 1.161554e+00 7.791854e-01 1.330727e-01 -3.951276e-04 -3.066746e-04 -2.742281e-04 -3.056080e-04
 7724.000000 8.286317e-01 1.154733e+00 7.645441e-01 1.346276e-01 -3.894181e-04 -3.065571e-04 -2.630152e-04 -2.931852e-04
 7724.200000 8.345456e-01 1.163041e+00 7.647518e-01 1.356118e-01 -3.905592e-04 -3.056289e-04 -2.390991e-04 -2.944634e-04
 7724.400000 8.344563e-01 1.162949e+00 7.586264e-01 1.348222e-01 -3.957847e-04 -3.059348e-04 -2.482129e-04 -3.005171e-04
 7724.600000 8.308987e-01 1.158399e+00 7.506253e-01 1.330543e-01 -4.017429e-04 -3.053441e-04 -2.669947e-04 -2.977441e-04
 7724.800000 8.300582e-01 1.157194e+00 7.454938e-01 1.344437e-01 -4.053025e-04 -3.034239e-04 -2.621660e-04 -2.920597e-04
 7725.000000 8.333208e-01 1.162041e+00 7.464256e-01 1.367112e-01 -4.024240e-04 -3.032235e-04 -2.765481e-04 -2.918441e-04
 7725.200000 8.336999e-01 1.162643e+00 7.441598e-01 1.351504e-01 -3.968741e-04 -2.951197e-04 -2.625883e-04 -2.869022e-04
 7725.400000 8.285857e-01 1.155556e+00 7.372174e-01 1.357667e-01 -3.994108e-04 -2.844466e-04 -2.676373e-04 -2.997569e-04
 7725.600000 8.334187e-01 1.162269e+00 7.402787e-01 1.372989e-01 -3.957465e-04 -2.844803e-04 -2.668329e-04 -3.031147e-04
 7725.800000 8.324657e-01 1.160759e+00 7.399112e-01 1.358145e-01 -4.012705e-04 -2.809702e-04 -2.618728e-04 -2.889631e-04
 7726.000000 8.327022e-01 1.160888e+00 7.389251e-01 1.381880e-01 -3.937519e-04 -2.824100e-04 -2.651531e-04 -2.909779e-04
 7726.200000 8.305684e-01 1.157944e+00 7.371804e-01 1.360779e-01 -3.967897e-04 -2.810064e-04 -2.537333e-04 -3.033328e-04
 7726.400000 8.334924e-01 1.162755e+00 7.415876e-01 1.354253e-01 -3.888553e-04 -2.788155e-04 -2.462839e-04 -3.050870e-04
 7726.600000 8.310506e-01 1.159018e+00 7.380773e-01 1.380099e-01 -3.914821e-04 -2.854733e-04 -2.511038e-04 -3.103879e-04
 7726.800000 8.362684e-01 1.166397e+00 7.446737e-01 1.370577e-01 -3.901995e-04 -2.828027e-04 -2.652541e-04 -3.036991e-04
 7727.000000 8.327846e-01 1.161972e+00 7.413494e-01 1.373087e-01 -3.909042e-04 -2.768540e-04 -2.763584e-04 -3.196832e-04
 7727.200000 8.274387e-01 1.154813e+00 7.386900e-01 1.371015e-01 -3.907257e-04 -2.827430e-04 -2.683789e-04 -3.195976e-04
 7727.400000 8.335518e-01 1.163307e+00 7.456761e-01 1.389630e-01 -3.974488e-04 -2.826816e-04 -2.580311e-04 -3.101986e-04
 7727.600000 8.354766e-01 1.166419e+00 7.490013e-01 1.389182e-01 -3.973337e-04 -2.852713e-04 -2.616163e-04 -3.023585e-04
 7727.800000 8.340312e-01 1.164469e+00 7.485999e-01 1.376265e-01 -4.014431e-04 -2.898098e-04 -2.688728e-04 -3.015665e-04
 7728.000000 8.309696e-01 1.160062e+00 7.456431e-01 1.376402e-01 -3.899770e-04 -2.925459e-04 -2.795534e-04 -3.068588e-04
 7728.200000 8.292749e-01 1.157658e+00 7.443635e-01 1.362999e-01 -3.970525e-04 -2.905418e-04 -2.785419e-04 -2.992330e-04
 7728.400000 8.293121e-01 1.158367e+00 7.479610e-01 1.384845e-01 -4.091947e-04 -2.883787e-04 -2.592796e-04 -2.966768e-04
 7728.600000 8.376075e-01 1.170342e+00 7.553213e-01 1.388592e-01 -4.061121e-04 -2.865551e-04 -2.595428e-04 -3.104567e-04
 7728.800000 8.309812e-01 1.160892e+00 7.488225e-01 1.388537e-01 -3.998800e-04 -2.821693e-04 -2.573836e-04 -3.033093e-04
 7729.000000 8.312249e-01 1.161547e+00 7.496933e-01 1.381103e-01 -4.017660e-04 -2.801596e-04 -2.588207e-04 -3.003657e-04
 7729.200000 8.308939e-01 1.161082e+00 7.486111e-01 1.373210e-01 -3.968545e-04 -2.770448e-04 -2.577866e-04 -2.949305e-04
 7729.400000 8.326329e-01 1.164283e+00 7.502301e-01 1.369984e-01 -4.015264e-04 -2.839002e-04 -2.639329e-04 -3.022842e-04
 7729.600000 8.311167e-01 1.161953e+00 7.463001e-01 1.390807e-01 -4.040991e-04 -2.906349e-04 -2.686323e-04 -3.025846e-04
 7729.800000 8.341686e-01 1.166102e+00 7.475729e-01 1.373025e-01 -4.058917e-04 -2.883441e-04 -2.658379e-04 -2.973607e-04
 7730.000000 8.324307e-01 1.163722e+00 7.437192e-01 1.367775e-01 -4.093241e-04 -2.925389e-04 -2.654601e-04 -2.887639e-04
 7730.200000 8.305467e-01 1.161352e+00 7.384882e-01 1.374106e-01 -4.117633e-04 -2.833240e-04 -2.659738e-04 -3.023826e-04
 7730.400000 8.305155e-01 1.161469e+00 7.360723e-01 1.386624e-01 -4.030107e-04 -2.833739e-04 -2.593386e-04 -2.966254e-04
 7730.600000 8.302330e-01 1.161266e+00 7.314445e-01 1.369254e-01 -4.046443e-04 -2.998897e-04 -2.661415e-04 -2.977851e-04
 7730.800000 8.342940e-01 1.167134e+00 7.309633e-01 1.386587e-01 -4.084571e-04 -2.955611e-04 -2.620083e-04 -3.068887e-04
 7731.000000 8.322777e-01 1.164471e+00 7.252261e-01 1.386696e-01 -4.110871e-04 -2.960707e-04 -2.491304e-04 -3.048388e-04
 7731.200000 8.299955e-01 1.161587e+00 7.202065e-01 1.380423e-01 -4.067184e-04 -2.981389e-04 -2.665439e-04 -3.035066e-04
 7731.400000 8.318480e-01 1.164555e+00 7.156729e-01 1.385226e-01 -4.002461e-04 -3.103538e-04 -2.753820e-04 -3.161162e-04
 7731.600000 8.367367e-01 1.171765e+00 7.165923e-01 1.390952e-01 -4.034844e-04 -3.106663e-04 -2.655515e-04 -3.059717e-04
 7731.800000 8.305520e-01 1.162539e+00 7.061458e-01 1.381751e-01 -4.024865e-04 -3.018668e-04 -2.646533e-04 -2.992513e-04
 7732.000000 8.295465e-01 1.161280e+00 7.018866e-01 1.394657e-01 -4.111956e-04 -3.104419e-04 -2.633737e-04 -3.060489e-04
 7732.200000 8.321890e-01 1.164745e+00 6.984439e-01 1.375228e-01 -4.048135e-04 -3.190064e-04 -2.585640e-04 -3.063351e-04
 7732.400000 8.272852e-01 1.158281e+00 6.922291e-01 1.379367e-01 -4.033570e-04 -3.242704e-04 -2.513128e-04 -3.037106e-04
 7732.600000 8.336322e-01 1.167034e+00 6.951562e-01 1.397095e-01 -3.905385e-04 -3.155175e-04 -2.636150e-04 -3.036765e-04
 7732.800000 8.321422e-01 1.165158e+00 6.918555e-01 1.380796e-01 -3.914595e-04 -3.068673e-04 -2.589783e-04 -3.050568e-04
 7733.000000 8.337147e-01 1.167938e+00 6.917340e-01 1.378206e-01 -3.927946e-04 -3.021927e-04 -2.502039e-04 -2.968020e-04
 7733.200000 8.276438e-01 1.159527e+00 6.859702e-01 1.383855e-01 -3.927565e-04 -3.008657e-04 -2.636042e-04 -2.997732e-04
 7733.400000 8.292524e-01 1.161619e+00 6.871424e-01 1.374518e-01 -3.955859e-04 -2.989572e-04 -2.567596e-04 -2.970874e-04
 7733.600000 8.332469e-01 1.167507e+00 6.898048e-01 1.405560e-01 -3.941978e-04 -3.086085e-04 -2.623414e-04 -3.055620e-04
 7733.800000 8.335523e-01 1.168410e+00 6.923042e-01 1.390817e-01 -3.971869e-04 -3.080272e-04 -2.670193e-04 -3.114411e-04
 7734.000000 8.322897e-01 1.166673e+00 6.938909e-01 1.391358e-01 -3.939901e-04 -3.002408e-04 -2.657921e-04 -3.073381e-04
 7734.200000 8.308723e-01 1.164329e+00 6.929717e-01 1.395376e-01 -3.845022e-04 -2.916285e-04 -2.546211e-04 -3.009480e-04
 7734.400000 8.262007e-01 1.157755e+00 6.916014e-01 1.402012e-01 -3.773420e-04 -2.937600e-04 -2.633274e-04 -3.039730e-04
 7734.600000 8.298579e-01 1.163318e+00 6.980553e-01 1.389601e-01 -3.766880e-04 -3.076784e-04 -2.737220e-04 -3.089181e-04
 7734.800000 8.306362e-01 1.164545e+00 7.018336e-01 1.401468e-01 -3.793760e-04 -3.072116e-04 -2.671456e-04 -3.018995e-04
 7735.000000 8.322887e-01 1.167470e+00 7.066746e-01 1.408632e-01 -3.750300e-04 -3.091903e-04 -2.492338e-04 -2.934163e-04
 7735.200000 8.348867e-01 1.171420e+00 7.123105e-01 1.398782e-01 -3.809326e-04 -3.035474e-04 -2.487043e-04 -3.062182e-04
 7735.400000 8.295417e-01 1.163782e+00 7.104145e-01 1.401406e-01 -3.789823e-04 -3.077266e-04 -2.488950e-04 -3.042608e-04
 7735.600000 8.309850e-01 1.165574e+00 7.151883e-01 1.391030e-01 -3.759965e-04 -3.075024e-04 -2.589317e-04 -3.148743e-04
 7735.800000 8.253703e-01 1.158187e+00 7.141597e-01 1.388149e-01 -3.825762e-04 -3.017464e-04 -2.633451e-04 -3.045052e-04
 7736.000000 8.315758e-01 1.167191e+00 7.226073e-01 1.397636e-01 -3.845473e-04 -3.039181e-04 -2.608247e-04 -3.007307e-04
 7736.200000 8.336860e-01 1.170552e+00 7.276639e-01 1.417531e-01 -3.952539e-04 -3.079554e-04 -2.681499e-04 -3.132416e-04
 7736.400000 8.315146e-01 1.167661e+00 7.274123e-01 1.374078e-01 -3.927602e-04 -3.026028e-04 -2.565043e-04 -3.060411e-04
 7736.600000 8.325183e-01 1.169053e+00 7.304402e-01 1.380033e-01 -3.916716e-04 -3.079548e-04 -2.504663e-04 -3.074867e-04
 7736.800000 8.278039e-01 1.162147e+00 7.279941e-01 1.390701e-01 -3.938323e-04 -3.102782e-04 -2.723571e-04 -3.204042e-04
 7737.000000 8.279291e-01 1.162227e+00 7.301375e-01 1.399855e-01 -3.861070e-04 -3.027969e-04 -2.661607e-04 -3.158313e-04
 7737.200000 8.304013e-01 1.166045e+00 7.351385e-01 1.368082e-01 -3.899080e-04 -2.987770e-04 -2.505724e-04 -3.016829e-04
 7737.400000 8.273551e-01 1.161994e+00 7.325907e-01 1.372753e-01 -3.863158e-04 -2.986565e-04 -2.553310e-04 -3.022691e-04
 7737.600000 8.335107e-01 1.171715e+00 7.414947e-01 1.394679e-01 -3.880559e-04 -3.005570e-04 -2.515464e-04 -3.003769e-04
 7737.800000 8.332705e-01 1.171742e+00 7.438974e-01 1.393553e-01 -3.964075e-04 -2.977552e-04 -2.629824e-04 -3.188890e-04
 7738.000000 8.298183e-01 1.166645e+00 7.397371e-01 1.380616e-01 -3.917483e-04 -3.044817e-04 -2.572894e-04 -3.100922e-04
 7738.200000 8.283096e-01 1.164410e+00 7.409655e-01 1.366723e-01 -3.939811e-04 -3.050377e-04 -2.614416e-04 -3.113052e-04
 7738.400000 8.299039e-01 1.167758e+00 7.438222e-01 1.372983e-01 -3.858646e-04 -3.073675e-04 -2.548763e-04 -3.058288e-04
 7738.600000 8.301953e-01 1.168263e+00 7.452094e-01 1.400046e-01 -3.868970e-04 -3.106232e-04 -2.518160e-04 -3.014850e-04
 7738.800000 8.305261e-01 1.168782e+00 7.476105e-01 1.374569e-01 -3.930677e-04 -3.110046e-04 -2.547023e-04 -2.935352e-04
 7739.000000 8.256652e-01 1.161786e+00 7.440368e-01 1.373744e-01 -3.980306e-04 -3.044563e-04 -2.529889e-04 -2.935340e-04
 7739.200000 8.365050e-01 1.177012e+00 7.578759e-01 1.381766e-01 -3.845061e-04 -3.047198e-04 -2.572339e-04 -2.917359e-04
 7739.400000 8.276666e-01 1.164889e+00 7.501789e-01 1.356247e-01 -3.822569e-04 -3.077639e-04 -2.484434e-04 -2.861629e-04
 7739.600000 8.287557e-01 1.167323e+00 7.526377e-01 1.380271e-01 -3.713765e-04 -3.088726e-04 -2.726113e-04 -2.903659e-04
 7739.800000 8.287010e-01 1.166730e+00 7.560267e-01 1.368135e-01 -3.710317e-04 -3.083479e-04 -2.653818e-04 -2.898838e-04
 7740.000000 8.283738e-01 1.166411e+00 7.568831e-01 1.354015e-01 -3.693225e-04 -2.933123e-04 -2.466729e-04 -2.734384e-04
 7740.200000 8.302484e-01 1.169867e+00 7.613624e-01 1.345218e-01 -3.729318e-04 -2.902529e-04 -2.373289e-04 -2.711049e-04
 7740.400000 8.205595e-01 1.156510e+00 7.536011e-01 1.348283e-01 -3.733201e-04 -2.925613e-04 -2.274596e-04 -2.728740e-04
 7740.600000 8.268371e-01 1.165066e+00 7.622459e-01 1.350858e-01 -3.763884e-04 -2.944214e-04 -2.407037e-04 -2.938968e-04
 7740.800000 8.320201e-01 1.173041e+00 7.686941e-01 1.360572e-01 -3.841617e-04 -2.874208e-04 -2.460891e-04 -3.009510e-04
 7741.000000 8.266008e-01 1.165483e+00 7.655732e-01 1.358400e-01 -3.837955e-04 -2.906129e-04 -2.623895e-04 -3.070766e-04
 7741.200000 8.189182e-01 1.154925e+00 7.604972e-01 1.344039e-01 -3.679298e-04 -2.869598e-04 -2.639286e-04 -3.000134e-04
 7741.400000 8.234836e-01 1.161580e+00 7.662390e-01 1.347298e-01 -3.708057e-04 -2.909411e-04 -2.677022e-04 -2.822580e-04
 7741.600000 8.183267e-01 1.154787e+00 7.642581e-01 1.320322e-01 -3.653381e-04 -2.880198e-04 -2.667611e-04 -2.776169e-04
 7741.800000 8.132518e-01 1.146785e+00 7.592110e-01 1.329274e-01 -3.720210e-04 -2.980966e-04 -2.763781e-04 -2.919289e-04
 7742.000000 8.097124e-01 1.142660e+00 7.579702e-01 1.318239e-01 -3.749830e-04 -2.969687e-04 -2.743336e-04 -2.912145e-04
 7742.700000 8.010978e-01 1.131393e+00 7.540588e-01 1.302907e-01 -3.721953e-04 -2.964315e-04 -2.583981e-04 -2.876777e-04
 7743.400000 8.231653e-01 1.163397e+00 7.759731e-01 1.337634e-01 -3.699844e-04 -2.897073e-04 -2.616362e-04 -2.907580e-04
 7744.100000 8.311579e-01 1.174930e+00 7.855941e-01 1.347834e-01 -3.674014e-04 -2.862098e-04 -2.677210e-04 -2.903594e-04
 7744.800000 8.317296e-01 1.176438e+00 7.871670e-01 1.353347e-01 -3.793496e-04 -2.810644e-04 -2.601530e-04 -3.007017e-04
 7745.500000 8.304637e-01 1.174939e+00 7.861424e-01 1.345992e-01 -3.833435e-04 -2.846963e-04 -2.520057e-04 -2.927238e-04
 7746.200000 8.310077e-01 1.176595e+00 7.856209e-01 1.346229e-01 -3.819300e-04 -2.811176e-04 -2.582993e-04 -2.973334e-04
 7746.900000 8.308471e-01 1.177115e+00 7.821658e-01 1.348324e-01 -3.865927e-04 -2.860056e-04 -2.672703e-04 -3.139057e-04
 7747.600000 8.294486e-01 1.175838e+00 7.766736e-01 1.346427e-01 -3.802270e-04 -2.815063e-04 -2.711286e-04 -3.430909e-04
 7748.300000 8.293287e-01 1.176258e+00 7.696828e-01 1.344779e-01 -3.779934e-04 -2.836721e-04 -2.697216e-04 -3.287634e-04
 7749.993695 8.293820e-01 1.177577e+00 7.489895e-01 1.342908e-01 -3.727478e-04 -2.872512e-04 -2.728679e-04 -3.030720e-04
 7750.999583 8.280626e-01 1.176468e+00 7.309115e-01 1.343399e-01 -3.762303e-04 -2.858376e-04 -2.781037e-04 -2.997143e-04
 7752.017662 8.284265e-01 1.177995e+00 7.150669e-01 1.335740e-01 -3.755879e-04 -2.878345e-04 -2.796449e-04 -3.008639e-04
 7753.047933 8.273630e-01 1.177008e+00 6.969428e-01 1.342025e-01 -3.746579e-04 -2.960882e-04 -2.813171e-04 -2.890791e-04
 7754.090396 8.266197e-01 1.176402e+00 6.789836e-01 1.336234e-01 -3.849541e-04 -2.930105e-04 -2.765899e-04 -2.967189e-04
 7755.145051 8.274365e-01 1.179463e+00 6.655722e-01 1.334978e-01 -3.966506e-04 -2.933010e-04 -2.617198e-04 -2.974238e-04
 7756.211898 8.267234e-01 1.179302e+00 6.546937e-01 1.336551e-01 -3.961387e-04 -2.948561e-04 -2.729289e-04 -3.021437e-04
 7757.290937 8.245650e-01 1.175515e+00 6.457432e-01 1.329434e-01 -3.913301e-04 -2.814646e-04 -2.756020e-04 -3.001684e-04
 7758.382167 8.262158e-01 1.180210e+00 6.488714e-01 1.338869e-01 -3.920857e-04 -2.720516e-04 -2.645327e-04 -2.972470e-04
 7759.485590 8.267408e-01 1.182110e+00 6.552560e-01 1.333318e-01 -3.920634e-04 -2.680561e-04 -2.706149e-04 -3.019088e-04
 7760.601204 8.252548e-01 1.180176e+00 6.634925e-01 1.333304e-01 -3.934890e-04 -2.776997e-04 -2.647746e-04 -3.071156e-04
 7761.729011 8.258564e-01 1.182078e+00 6.801541e-01 1.337281e-01 -3.901417e-04 -2.802516e-04 -2.593118e-04 -3.153245e-04
 7762.869009 8.264838e-01 1.183977e+00 7.010222e-01 1.345093e-01 -3.865262e-04 -2.975158e-04 -2.682894e-04 -3.029104e-04
 7764.021199 8.253476e-01 1.182929e+00 7.215953e-01 1.354834e-01 -3.881327e-04 -3.184929e-04 -2.805268e-04 -3.076068e-04
 7765.185582 8.256575e-01 1.184200e+00 7.421869e-01 1.354134e-01 -3.814771e-04 -3.139230e-04 -2.755307e-04 -3.192363e-04
 7766.362156 8.247090e-01 1.183947e+00 7.618807e-01 1.352129e-01 -3.847282e-04 -2.997138e-04 -2.818820e-04 -3.197215e-04
 7767.550922 8.252275e-01 1.185377e+00 7.815373e-01 1.362596e-01 -3.892909e-04 -2.919424e-04 -2.872369e-04 -3.084977e-04
 7768.751879 8.234387e-01 1.183676e+00 7.962373e-01 1.359639e-01 -3.834407e-04 -2.955004e-04 -2.814596e-04 -3.193692e-04
 7769.965029 8.253009e-01 1.187472e+00 8.112386e-01 1.359980e-01 -3.831715e-04 -2.988458e-04 -2.835884e-04 -3.229227e-04
 7771.190371 8.242704e-01 1.187061e+00 8.190939e-01 1.364888e-01 -3.870291e-04 -3.041344e-04 -2.728432e-04 -2.986905e-04
 7772.427904 8.245177e-01 1.188548e+00 8.247113e-01 1.363620e-01 -3.858515e-04 -3.004742e-04 -2.679976e-04 -2.992071e-04
 7773.677630 8.232717e-01 1.187656e+00 8.268348e-01 1.362464e-01 -3.888764e-04 -2.862625e-04 -2.671688e-04 -2.978299e-04
 7774.939547 8.231203e-01 1.188276e+00 8.304887e-01 1.362973e-01 -3.905129e-04 -2.898795e-04 -2.700073e-04 -3.071052e-04
 7776.213657 8.233222e-01 1.189743e+00 8.367681e-01 1.362506e-01 -3.911721e-04 -2.891206e-04 -2.736796e-04 -3.064172e-04
 7777.499958 8.237820e-01 1.192075e+00 8.437703e-01 1.361000e-01 -3.937006e-04 -2.831428e-04 -2.735099e-04 -3.041533e-04
 7778.798451 8.222256e-01 1.190666e+00 8.459580e-01 1.361968e-01 -3.958408e-04 -2.750975e-04 -2.700819e-04 -2.968435e-04
 7780.109136 8.217892e-01 1.190572e+00 8.451348e-01 1.368837e-01 -3.944509e-04 -2.843614e-04 -2.679017e-04 -2.985945e-04
 7781.432013 8.224918e-01 1.192800e+00 8.433865e-01 1.370070e-01 -3.911846e-04 -2.887175e-04 -2.730524e-04 -2.990983e-04
 7782.767082 8.219377e-01 1.193300e+00 8.381350e-01 1.368693e-01 -3.948436e-04 -2.851886e-04 -2.712695e-04 -3.066728e-04
 7784.114342 8.226084e-01 1.195274e+00 8.328560e-01 1.369477e-01 -4.005731e-04 -2.867296e-04 -2.689600e-04 -3.078380e-04
 7785.473795 8.196759e-01 1.191775e+00 8.228891e-01 1.364814e-01 -3.926068e-04 -2.986883e-04 -2.718379e-04 -3.301381e-04
 7786.845440 8.212348e-01 1.195262e+00 8.184420e-01 1.365590e-01 -4.004665e-04 -3.023234e-04 -2.801319e-04 -3.391473e-04
 7788.229276 8.208196e-01 1.196101e+00 8.119629e-01 1.373228e-01 -4.020598e-04 -2.984713e-04 -2.755901e-04 -3.494907e-04
 7789.625305 8.222425e-01 1.199883e+00 8.051667e-01 1.373660e-01 -4.032789e-04 -2.995402e-04 -2.699683e-04 -3.385021e-04
 7791.033525 8.180463e-01 1.193604e+00 7.905157e-01 1.371707e-01 -4.040403e-04 -2.956783e-04 -2.733329e-04 -3.317772e-04
 7792.453937 8.193342e-01 1.196932e+00 7.831475e-01 1.375623e-01 -4.080769e-04 -3.011739e-04 -2.680898e-04 -3.409294e-04
 7793.886541 8.193509e-01 1.198643e+00 7.758066e-01 1.377006e-01 -3.997979e-04 -3.093983e-04 -2.715260e-04 -3.431299e-04
 7795.331337 8.198263e-01 1.200006e+00 7.674460e-01 1.383847e-01 -4.070757e-04 -3.113952e-04 -2.675240e-04 -3.423878e-04
 7796.788325 8.185321e-01 1.199201e+00 7.567285e-01 1.374892e-01 -4.074869e-04 -3.073040e-04 -2.720671e-04 -3.482824e-04
 7798.257505 8.197215e-01 1.202184e+00 7.450495e-01 1.383319e-01 -4.057937e-04 -3.031118e-04 -2.802966e-04 -3.554019e-04
 7799.738877 8.176619e-01 1.200661e+00 7.278624e-01 1.371007e-01 -4.062262e-04 -3.043565e-04 -2.696204e-04 -3.422860e-04
 7801.232440 8.206021e-01 1.206829e+00 7.165813e-01 1.371125e-01 -3.962507e-04 -3.011969e-04 -2.631005e-04 -3.421786e-04
 7802.738196 8.147533e-01 1.197918e+00 6.955935e-01 1.377400e-01 -4.030310e-04 -3.004518e-04 -2.686483e-04 -3.329681e-04
 7804.256143 8.150447e-01 1.199614e+00 6.847217e-01 1.368575e-01 -4.133066e-04 -3.023164e-04 -2.605569e-04 -2.961524e-04
 7805.786283 8.187270e-01 1.207638e+00 6.842185e-01 1.377402e-01 -4.148866e-04 -3.117272e-04 -2.741127e-04 -2.931271e-04
 7807.328614 8.185804e-01 1.208620e+00 6.833872e-01 1.374961e-01 -4.070746e-04 -3.200733e-04 -2.596116e-04 -2.886876e-04
 7808.883137 8.179179e-01 1.208979e+00 6.879346e-01 1.381553e-01 -4.009545e-04 -3.193081e-04 -2.559347e-04 -2.838259e-04
 7810.449852 8.165879e-01 1.207547e+00 6.960515e-01 1.386283e-01 -3.972117e-04 -3.076903e-04 -2.585869e-04 -2.843179e-04
 7812.028759 8.166560e-01 1.208845e+00 7.087785e-01 1.384377e-01 -3.982686e-04 -3.049539e-04 -2.630264e-04 -2.893589e-04
 7813.619858 8.165477e-01 1.210275e+00 7.217113e-01 1.380250e-01 -3.999821e-04 -3.064107e-04 -2.620236e-04 -2.928144e-04
 7815.223149 8.178357e-01 1.214097e+00 7.399048e-01 1.382844e-01 -3.970961e-04 -3.010789e-04 -2.676534e-04 -3.021544e-04
 7816.838632 8.160281e-01 1.212318e+00 7.562010e-01 1.375307e-01 -3.954032e-04 -2.987376e-04 -2.699519e-04 -3.068121e-04
 7818.466307 8.165670e-01 1.214379e+00 7.736783e-01 1.377208e-01 -3.913174e-04 -2.943524e-04 -2.688147e-04 -2.979338e-04
 7820.106173 8.148224e-01 1.212686e+00 7.862225e-01 1.378219e-01 -3.917065e-04 -2.956594e-04 -2.618330e-04 -2.931045e-04
 7821.758232 8.155515e-01 1.215688e+00 8.047617e-01 1.383677e-01 -3.952673e-04 -2.890978e-04 -2.694547e-04 -2.924138e-04
 7823.422482 8.148869e-01 1.216291e+00 8.214021e-01 1.377847e-01 -3.945556e-04 -2.793336e-04 -2.777247e-04 -2.875256e-04
 7825.098924 8.153641e-01 1.217999e+00 8.423459e-01 1.385458e-01 -3.905743e-04 -2.739468e-04 -2.706957e-04 -2.841180e-04
 7826.787558 8.135302e-01 1.216914e+00 8.617069e-01 1.380637e-01 -3.987999e-04 -2.691443e-04 -2.665492e-04 -2.817645e-04
 7828.488385 8.094110e-01 1.212522e+00 8.804695e-01 1.368149e-01 -3.933419e-04 -2.699027e-04 -2.652273e-04 -2.783412e-04
 7830.201403 8.083618e-01 1.212107e+00 8.974755e-01 1.374540e-01 -3.964591e-04 -2.767968e-04 -2.721015e-04 -2.739653e-04
 7831.926613 8.116140e-01 1.218328e+00 9.146871e-01 1.367489e-01 -3.979043e-04 -2.759485e-04 -2.746806e-04 -2.907274e-04
 7833.664014 8.130430e-01 1.222307e+00 9.239708e-01 1.380864e-01 -3.886790e-04 -2.725404e-04 -2.753833e-04 -3.010535e-04
 7835.413608 8.129466e-01 1.223398e+00 9.248150e-01 1.382311e-01 -3.886577e-04 -2.736650e-04 -2.877807e-04 -2.904806e-04
 7837.175394 8.113390e-01 1.221950e+00 9.186618e-01 1.384216e-01 -3.850148e-04 -2.690388e-04 -2.873691e-04 -2.931343e-04
 7838.949371 8.122294e-01 1.225033e+00 9.132000e-01 1.387987e-01 -3.831158e-04 -2.705975e-04 -2.869227e-04 -2.971951e-04
 7840.735541 8.113096e-01 1.225485e+00 9.028981e-01 1.387806e-01 -3.962415e-04 -2.796328e-04 -2.893511e-04 -2.970631e-04
 7842.533902 8.118092e-01 1.227837e+00 8.943853e-01 1.385135e-01 -3.981627e-04 -2.825491e-04 -2.774884e-04 -2.983638e-04
 7844.344455 8.100904e-01 1.226301e+00 8.828175e-01 1.383450e-01 -4.012385e-04 -2.726095e-04 -2.749009e-04 -2.961893e-04
 7846.167201 8.118425e-01 1.231032e+00 8.769432e-01 1.387454e-01 -4.008267e-04 -2.744266e-04 -2.768007e-04 -2.931069e-04
 7848.002138 8.104170e-01 1.230176e+00 8.699110e-01 1.382621e-01 -4.051993e-04 -2.791548e-04 -2.815381e-04 -2.913140e-04
 7849.849267 8.103264e-01 1.231044e+00 8.676797e-01 1.386906e-01 -4.035196e-04 -2.818155e-04 -2.808239e-04 -2.914445e-04
 7851.708588 8.085984e-01 1.229901e+00 8.677654e-01 1.378320e-01 -4.067434e-04 -2.915461e-04 -2.753219e-04 -3.010461e-04
 7853.580100 8.081202e-01 1.231173e+00 8.719610e-01 1.388870e-01 -4.100328e-04 -2.800158e-04 -2.740146e-04 -3.112798e-04
 7855.463805 8.030124e-01 1.224762e+00 8.680840e-01 1.374841e-01 -4.035387e-04 -2.734830e-04 -2.695990e-04 -3.053734e-04
 7857.359702 8.088035e-01 1.234906e+00 8.705953e-01 1.395637e-01 -4.061674e-04 -2.767482e-04 -2.845928e-04 -3.010166e-04
 7859.267790 8.072351e-01 1.234087e+00 8.565892e-01 1.385880e-01 -3.974002e-04 -2.936832e-04 -2.823794e-04 -2.946909e-04
 7861.188071 8.090678e-01 1.239328e+00 8.408752e-01 1.390188e-01 -3.861850e-04 -2.870148e-04 -2.859719e-04 -2.990634e-04
 7863.120543 8.078140e-01 1.238664e+00 8.176728e-01 1.394395e-01 -3.902725e-04 -2.773515e-04 -2.786439e-04 -2.960485e-04
 7865.065207 8.078127e-01 1.239821e+00 7.963364e-01 1.398931e-01 -3.884596e-04 -2.889808e-04 -2.835767e-04 -2.994036e-04
 7867.022064 8.056343e-01 1.237520e+00 7.761459e-01 1.393166e-01 -3.835638e-04 -2.804928e-04 -2.731353e-04 -2.919370e-04
 7868.991112 8.083690e-01 1.243994e+00 7.672317e-01 1.403259e-01 -3.923802e-04 -2.878670e-04 -2.675546e-04 -2.826600e-04
 7870.972352 8.061246e-01 1.242384e+00 7.557685e-01 1.397276e-01 -3.971404e-04 -2.897703e-04 -2.646709e-04 -2.874027e-04
 7872.965784 8.067515e-01 1.245099e+00 7.513157e-01 1.395867e-01 -3.918846e-04 -2.906700e-04 -2.683442e-04 -2.868667e-04
 7874.971407 8.047649e-01 1.243560e+00 7.477525e-01 1.401312e-01 -3.861260e-04 -2.825482e-04 -2.759151e-04 -2.943792e-04
 7876.989223 8.057007e-01 1.246242e+00 7.509330e-01 1.401257e-01 -3.868536e-04 -2.833969e-04 -2.758468e-04 -2.914561e-04
 7879.019231 8.058886e-01 1.248883e+00 7.605283e-01 1.401652e-01 -3.905607e-04 -2.890882e-04 -2.685353e-04 -2.970921e-04
 7881.061430 8.059506e-01 1.250471e+00 7.754416e-01 1.405961e-01 -3.920137e-04 -2.956872e-04 -2.765221e-04 -2.998745e-04
 7883.115822 8.034269e-01 1.247922e+00 7.926280e-01 1.394856e-01 -3.968416e-04 -2.926299e-04 -2.835286e-04 -2.899534e-04
 7885.182405 8.058672e-01 1.254181e+00 8.221402e-01 1.402993e-01 -3.904026e-04 -3.003629e-04 -2.761124e-04 -2.910972e-04
 7887.261180 8.037945e-01 1.252126e+00 8.523198e-01 1.401680e-01 -3.863330e-04 -2.969786e-04 -2.804757e-04 -2.955134e-04
 7889.352148 8.025786e-01 1.250887e+00 8.876031e-01 1.405380e-01 -3.842696e-04 -2.986104e-04 -2.727972e-04 -2.904821e-04
 7891.455307 8.015633e-01 1.251256e+00 9.256525e-01 1.402428e-01 -3.889522e-04 -2.891489e-04 -2.812830e-04 -2.986620e-04
 7893.570658 7.979546e-01 1.248579e+00 9.596520e-01 1.406264e-01 -3.935251e-04 -2.884251e-04 -2.756433e-04 -3.059350e-04
 7895.698201 8.000739e-01 1.253451e+00 9.908969e-01 1.404458e-01 -3.921347e-04 -2.917170e-04 -2.782543e-04 -2.976991e-04
 7897.837935 8.021467e-01 1.258288e+00 1.010385e+00 1.407132e-01 -3.874460e-04 -2.862245e-04 -2.828669e-04 -2.930055e-04
 7899.989862 8.006874e-01 1.257766e+00 1.013950e+00 1.402337e-01 -3.887007e-04 -2.784483e-04 -2.826959e-04 -2.966644e-04
 7902.153981 8.013796e-01 1.260494e+00 1.008952e+00 1.407111e-01 -3.911309e-04 -2.832716e-04 -2.696436e-04 -2.913485e-04
 7904.330291 8.005422e-01 1.261369e+00 9.945905e-01 1.407071e-01 -3.894859e-04 -2.866352e-04 -2.803726e-04 -2.885071e-04
 7906.518794 8.015145e-01 1.264576e+00 9.810061e-01 1.406643e-01 -3.935291e-04 -2.896644e-04 -2.701678e-04 -2.878321e-04
 7908.719488 7.993636e-01 1.262674e+00 9.636919e-01 1.408361e-01 -3.892482e-04 -2.877163e-04 -2.759026e-04 -2.959410e-04
 7910.932374 8.000845e-01 1.265628e+00 9.520781e-01 1.406850e-01 -3.909092e-04 -2.763688e-04 -2.724091e-04 -3.057264e-04
 7913.157453 7.985658e-01 1.265446e+00 9.401782e-01 1.408232e-01 -3.953327e-04 -2.770350e-04 -2.705278e-04 -3.097460e-04
 7915.394723 7.994382e-01 1.268728e+00 9.363085e-01 1.406453e-01 -3.911925e-04 -2.830740e-04 -2.674613e-04 -3.049903e-04
 7917.644185 7.975787e-01 1.267478e+00 9.303634e-01 1.414166e-01 -3.850446e-04 -2.806731e-04 -2.534529e-04 -3.019275e-04
 7919.905838 7.984030e-01 1.270821e+00 9.324871e-01 1.411374e-01 -3.918585e-04 -2.857298e-04 -2.710867e-04 -3.013454e-04
 7922.179684 7.975644e-01 1.271463e+00 9.339262e-01 1.407718e-01 -3.923723e-04 -2.880346e-04 -2.657403e-04 -2.907015e-04
 7924.465722 7.976775e-01 1.273243e+00 9.385602e-01 1.414187e-01 -3.938162e-04 -2.924997e-04 -2.612366e-04 -2.940666e-04
 7926.763952 7.960422e-01 1.272745e+00 9.422466e-01 1.400328e-01 -3.898186e-04 -2.920381e-04 -2.593085e-04 -2.881280e-04
 7929.074373 7.969310e-01 1.276396e+00 9.505643e-01 1.410500e-01 -3.939078e-04 -2.884564e-04 -2.675408e-04 -2.881457e-04
 7931.396987 7.950657e-01 1.275124e+00 9.564964e-01 1.422128e-01 -4.031474e-04 -2.937218e-04 -2.688158e-04 -2.862517e-04
 7933.731792 7.951499e-01 1.277228e+00 9.650181e-01 1.410257e-01 -3.877405e-04 -2.940035e-04 -2.648461e-04 -2.934379e-04
 7936.078789 7.918086e-01 1.273693e+00 9.668738e-01 1.403317e-01 -3.875255e-04 -2.944265e-04 -2.579290e-04 -2.948277e-04
 7938.437978 7.818822e-01 1.259994e+00 9.549302e-01 1.397114e-01 -3.870568e-04 -2.879128e-04 -2.663169e-04 -2.907223e-04
 7940.809359 7.948912e-01 1.282709e+00 9.635510e-01 1.416759e-01 -3.893913e-04 -2.877066e-04 -2.569697e-04 -2.884611e-04
 7943.192932 7.954589e-01 1.285792e+00 9.520865e-01 1.421203e-01 -3.927457e-04 -2.919620e-04 -2.552674e-04 -2.898796e-04
 7945.588697 7.948864e-01 1.286559e+00 9.380647e-01 1.420467e-01 -3.921172e-04 -2.880367e-04 -2.521900e-04 -2.883889e-04
 7947.996654 7.933332e-01 1.285863e+00 9.247584e-01 1.419604e-01 -3.953955e-04 -2.930472e-04 -2.497381e-04 -2.954397e-04
 7950.416803 7.944139e-01 1.289788e+00 9.170808e-01 1.419053e-01 -3.964000e-04 -2.948352e-04 -2.556579e-04 -2.857952e-04
 7952.849143 7.924699e-01 1.288453e+00 9.079345e-01 1.423929e-01 -3.923118e-04 -2.897420e-04 -2.632548e-04 -2.852145e-04
 7955.293676 7.941661e-01 1.293492e+00 9.060787e-01 1.425801e-01 -3.817455e-04 -2.807478e-04 -2.553684e-04 -2.909089e-04
 7957.750400 7.915173e-01 1.290953e+00 9.029553e-01 1.427615e-01 -3.882082e-04 -2.782650e-04 -2.605138e-04 -2.955479e-04
 7960.219317 7.927103e-01 1.295277e+00 9.109669e-01 1.427131e-01 -3.881772e-04 -2.748764e-04 -2.491378e-04 -2.905494e-04
 7962.700425 7.912468e-01 1.294629e+00 9.207134e-01 1.432384e-01 -3.762484e-04 -2.805203e-04 -2.591291e-04 -2.872961e-04
 7965.193725 7.917007e-01 1.297696e+00 9.386159e-01 1.425857e-01 -3.716400e-04 -2.806903e-04 -2.664484e-04 -2.957087e-04
 7967.699217 7.913653e-01 1.299562e+00 9.594489e-01 1.423886e-01 -3.746121e-04 -2.857343e-04 -2.683162e-04 -3.061698e-04
 7970.216901 7.912789e-01 1.301455e+00 9.826002e-01 1.436094e-01 -3.694459e-04 -2.818067e-04 -2.589889e-04 -3.018410e-04
 7972.746777 7.902958e-01 1.301864e+00 1.003367e+00 1.430471e-01 -3.731130e-04 -2.857327e-04 -2.642627e-04 -3.091259e-04
 7975.288845 7.886503e-01 1.300566e+00 1.021386e+00 1.422809e-01 -3.794061e-04 -2.916432e-04 -2.630018e-04 -3.045970e-04
 7977.843105 7.901312e-01 1.306095e+00 1.041031e+00 1.429044e-01 -3.849044e-04 -2.826276e-04 -2.661828e-04 -2.962670e-04
 7980.409556 7.884638e-01 1.304826e+00 1.047765e+00 1.421927e-01 -3.810807e-04 -2.803798e-04 -2.536638e-04 -3.048733e-04
 7982.988200 7.862541e-01 1.303227e+00 1.053414e+00 1.424670e-01 -3.768413e-04 -2.802617e-04 -2.553559e-04 -3.159478e-04
 7985.579035 7.826485e-01 1.299372e+00 1.054748e+00 1.424838e-01 -3.913057e-04 -2.856152e-04 -2.666535e-04 -3.153221e-04
 7988.182062 7.871784e-01 1.309501e+00 1.067393e+00 1.432050e-01 -3.929493e-04 -2.774319e-04 -2.628069e-04 -3.166784e-04
 7990.797282 7.858958e-01 1.309484e+00 1.071941e+00 1.432893e-01 -3.852951e-04 -2.760120e-04 -2.644929e-04 -3.156620e-04
 7993.424693 7.862915e-01 1.312223e+00 1.078402e+00 1.431885e-01 -3.867856e-04 -2.794480e-04 -2.518727e-04 -3.159319e-04
 7996.064296 7.850772e-01 1.312359e+00 1.081628e+00 1.431845e-01 -3.786047e-04 -2.880395e-04 -2.409463e-04 -3.140033e-04
 7998.716091 7.859361e-01 1.316649e+00 1.088916e+00 1.432583e-01 -3.840573e-04 -2.917418e-04 -2.502480e-04 -3.104143e-04
 8001.380078 7.840801e-01 1.314850e+00 1.089039e+00 1.437000e-01 -3.875595e-04 -2.998540e-04 -2.588233e-04 -3.126450e-04
 8004.056256 7.839470e-01 1.316520e+00 1.090529e+00 1.441729e-01 -3.925735e-04 -2.979098e-04 -2.609682e-04 -3.085166e-04
 8006.744627 7.835798e-01 1.318258e+00 1.089312e+00 1.433021e-01 -4.033048e-04 -2.885584e-04 -2.602518e-04 -2.908575e-04
 8009.445190 7.840700e-01 1.322034e+00 1.089020e+00 1.438740e-01 -4.126014e-04 -2.847193e-04 -2.653739e-04 -2.934219e-04
 8012.157944 7.834950e-01 1.323121e+00 1.085308e+00 1.438923e-01 -4.119885e-04 -2.726241e-04 -2.534754e-04 -3.044522e-04
 8014.882891 7.817437e-01 1.322139e+00 1.080921e+00 1.438665e-01 -4.064825e-04 -2.774034e-04 -2.502394e-04 -3.125647e-04
 8017.620029 7.830176e-01 1.326939e+00 1.081992e+00 1.441386e-01 -4.008858e-04 -2.824545e-04 -2.547706e-04 -3.138028e-04
 8020.369359 7.818492e-01 1.326747e+00 1.080713e+00 1.442017e-01 -4.062028e-04 -2.863303e-04 -2.565264e-04 -3.089648e-04
 8023.130881 7.816779e-01 1.328966e+00 1.081207e+00 1.454252e-01 -4.039012e-04 -2.794441e-04 -2.417015e-04 -2.998733e-04
 8025.904595 7.808776e-01 1.329739e+00 1.081055e+00 1.435998e-01 -3.988286e-04 -2.831331e-04 -2.443606e-04 -2.977450e-04
 8028.690501 7.807568e-01 1.331519e+00 1.080904e+00 1.443718e-01 -4.064173e-04 -2.871854e-04 -2.520625e-04 -3.061724e-04
 8031.488599 7.803578e-01 1.333570e+00 1.079642e+00 1.443073e-01 -4.029759e-04 -2.875339e-04 -2.490455e-04 -3.104255e-04
 8034.298889 7.798005e-01 1.335380e+00 1.078320e+00 1.449658e-01 -4.008828e-04 -2.788408e-04 -2.510490e-04 -2.997900e-04
 8037.121371 7.792022e-01 1.336111e+00 1.074920e+00 1.450096e-01 -4.064883e-04 -2.793498e-04 -2.407992e-04 -2.912857e-04
 8039.956044 7.778227e-01 1.336001e+00 1.070881e+00 1.447323e-01 -4.028527e-04 -2.792784e-04 -2.358161e-04 -3.039882e-04
 8042.802910 7.788618e-01 1.340322e+00 1.073115e+00 1.456809e-01 -3.951693e-04 -2.762402e-04 -2.428401e-04 -3.069572e-04
 8045.661967 7.770410e-01 1.339724e+00 1.074461e+00 1.448526e-01 -3.952122e-04 -2.728781e-04 -2.442516e-04 -3.070899e-04
 8048.533217 7.761561e-01 1.340381e+00 1.079469e+00 1.446124e-01 -3.992477e-04 -2.762908e-04 -2.381726e-04 -3.127942e-04
 8051.416658 7.741803e-01 1.339417e+00 1.086507e+00 1.446198e-01 -4.067996e-04 -2.764892e-04 -2.292936e-04 -2.998891e-04
 8054.312291 7.545401e-01 1.308174e+00 1.070788e+00 1.420813e-01 -4.108132e-04 -2.765921e-04 -2.340563e-04 -2.921035e-04
 8057.220116 7.694015e-01 1.336132e+00 1.104716e+00 1.435717e-01 -4.156914e-04 -2.793296e-04 -2.407152e-04 -2.955218e-04
 8060.140133 7.768364e-01 1.351101e+00 1.127534e+00 1.452987e-01 -4.172361e-04 -2.787768e-04 -2.419530e-04 -2.979743e-04
 8063.072342 7.766441e-01 1.353313e+00 1.139497e+00 1.453282e-01 -4.004197e-04 -2.808106e-04 -2.447934e-04 -2.928522e-04
 8066.016743 7.755779e-01 1.354274e+00 1.148108e+00 1.456207e-01 -4.032360e-04 -2.914948e-04 -2.384506e-04 -2.908753e-04
 8068.973335 7.743493e-01 1.354302e+00 1.152526e+00 1.455564e-01 -4.088599e-04 -2.945235e-04 -2.414451e-04 -2.950894e-04
 8071.942120 7.742556e-01 1.356855e+00 1.157415e+00 1.458770e-01 -4.129822e-04 -2.832733e-04 -2.357692e-04 -3.035195e-04
 8074.923096 7.730488e-01 1.357234e+00 1.160003e+00 1.456031e-01 -4.086763e-04 -2.774328e-04 -2.342405e-04 -3.077077e-04
 8077.916265 7.730904e-01 1.359731e+00 1.167076e+00 1.454508e-01 -4.035815e-04 -2.779003e-04 -2.259773e-04 -3.140245e-04
 8080.921625 7.710178e-01 1.358400e+00 1.173819e+00 1.454511e-01 -4.121896e-04 -2.719623e-04 -2.244562e-04 -3.078148e-04
 8083.939177 7.699836e-01 1.358888e+00 1.185097e+00 1.454910e-01 -4.088646e-04 -2.625813e-04 -2.343266e-04 -3.107180e-04
 8086.968921 7.694449e-01 1.360755e+00 1.197330e+00 1.458421e-01 -4.056950e-04 -2.688563e-04 -2.353884e-04 -2.986114e-04
 8090.010858 7.597734e-01 1.346097e+00 1.192300e+00 1.438423e-01 -4.076902e-04 -2.641190e-04 -2.576922e-04 -2.970396e-04
 8093.064985 7.519346e-01 1.334655e+00 1.187845e+00 1.439976e-01 -4.153282e-04 -2.741252e-04 -2.509739e-04 -3.016341e-04
 8096.131305 7.705243e-01 1.370325e+00 1.222119e+00 1.472151e-01 -4.147052e-04 -2.808831e-04 -2.495462e-04 -3.059535e-04
 8099.209817 7.705748e-01 1.373177e+00 1.228864e+00 1.470111e-01 -4.176007e-04 -2.754837e-04 -2.339719e-04 -2.966429e-04
 8102.300521 7.693639e-01 1.373282e+00 1.231333e+00 1.461794e-01 -4.048959e-04 -2.757391e-04 -2.442662e-04 -2.943831e-04
 8105.403416 7.681215e-01 1.373198e+00 1.234297e+00 1.471397e-01 -4.035584e-04 -2.802204e-04 -2.422487e-04 -2.864937e-04
 8108.518504 7.682190e-01 1.375945e+00 1.239160e+00 1.468833e-01 -4.141660e-04 -2.803315e-04 -2.323201e-04 -2.888040e-04
 8111.645783 7.673031e-01 1.377195e+00 1.240848e+00 1.466968e-01 -4.117127e-04 -2.778222e-04 -2.359588e-04 -2.973420e-04
 8114.785255 7.665475e-01 1.378082e+00 1.242992e+00 1.465128e-01 -4.114285e-04 -2.776747e-04 -2.316997e-04 -3.008354e-04
 8117.936918 7.664114e-01 1.380422e+00 1.244449e+00 1.471271e-01 -4.040514e-04 -2.801364e-04 -2.291969e-04 -2.833580e-04
 8121.100773 7.662386e-01 1.383160e+00 1.245309e+00 1.472092e-01 -4.033539e-04 -2.838517e-04 -2.293437e-04 -2.832641e-04
 8124.276820 7.647585e-01 1.382355e+00 1.244324e+00 1.471108e-01 -4.042534e-04 -2.676916e-04 -2.219288e-04 -2.824114e-04
 8127.465059 7.645039e-01 1.384627e+00 1.246546e+00 1.476146e-01 -4.086193e-04 -2.638173e-04 -2.280504e-04 -2.942109e-04
 8130.665490 7.639308e-01 1.386476e+00 1.248044e+00 1.472554e-01 -4.074474e-04 -2.584794e-04 -2.343972e-04 -3.009854e-04
 8133.878112 7.631794e-01 1.387698e+00 1.249059e+00 1.474250e-01 -4.125906e-04 -2.621754e-04 -2.384459e-04 -2.990482e-04
 8137.102927 7.624414e-01 1.389245e+00 1.250271e+00 1.476900e-01 -4.259177e-04 -2.661934e-04 -2.484933e-04 -2.897039e-04
 8140.339934 7.616672e-01 1.390530e+00 1.252032e+00 1.469438e-01 -4.282973e-04 -2.679886e-04 -2.462176e-04 -2.904123e-04
 8143.589132 7.619078e-01 1.393628e+00 1.255275e+00 1.474322e-01 -4.286058e-04 -2.709112e-04 -2.482520e-04 -2.833793e-04
 8146.850523 7.602089e-01 1.392973e+00 1.256166e+00 1.478334e-01 -4.186094e-04 -2.797485e-04 -2.492120e-04 -2.894720e-04
 8150.124105 7.601246e-01 1.395166e+00 1.260504e+00 1.482458e-01 -4.176412e-04 -2.799006e-04 -2.378671e-04 -2.841746e-04
 8153.409879 7.604600e-01 1.398720e+00 1.268118e+00 1.476204e-01 -4.197298e-04 -2.805028e-04 -2.317298e-04 -2.933918e-04
 8156.707845 7.594758e-01 1.399836e+00 1.275022e+00 1.477049e-01 -4.243049e-04 -2.766124e-04 -2.423431e-04 -2.947114e-04
 8160.018003 7.587866e-01 1.400803e+00 1.283308e+00 1.486743e-01 -4.213768e-04 -2.792654e-04 -2.597856e-04 -2.977921e-04
 8163.340353 7.583136e-01 1.402717e+00 1.293517e+00 1.479164e-01 -4.191256e-04 -2.818464e-04 -2.589101e-04 -2.926915e-04
 8166.674895 7.577282e-01 1.404713e+00 1.303473e+00 1.487220e-01 -4.152417e-04 -2.961775e-04 -2.508861e-04 -2.820350e-04
 8170.021629 7.572221e-01 1.406595e+00 1.312314e+00 1.483831e-01 -4.208244e-04 -2.904000e-04 -2.563365e-04 -2.943941e-04
 8173.380554 7.569405e-01 1.408937e+00 1.320060e+00 1.484562e-01 -4.243870e-04 -2.868552e-04 -2.623744e-04 -3.153328e-04
 8176.751672 7.553346e-01 1.408594e+00 1.323650e+00 1.487065e-01 -4.303194e-04 -2.829512e-04 -2.538055e-04 -3.028827e-04
 8180.134982 7.549191e-01 1.410452e+00 1.329079e+00 1.485949e-01 -4.280596e-04 -2.904098e-04 -2.504929e-04 -2.976016e-04
 8183.530483 7.543410e-01 1.412261e+00 1.333997e+00 1.483816e-01 -4.228366e-04 -2.855672e-04 -2.478394e-04 -2.841798e-04
 8186.938176 7.533145e-01 1.413421e+00 1.339065e+00 1.488218e-01 -4.127935e-04 -2.832144e-04 -2.524902e-04 -2.948554e-04
 8190.358061 7.533804e-01 1.416661e+00 1.345454e+00 1.487342e-01 -4.048290e-04 -2.883001e-04 -2.396529e-04 -3.016853e-04
 8193.790139 7.520748e-01 1.416737e+00 1.350737e+00 1.489573e-01 -3.984345e-04 -2.897687e-04 -2.459248e-04 -2.984820e-04
 8197.234408 7.510000e-01 1.417147e+00 1.357182e+00 1.493725e-01 -3.925114e-04 -2.879341e-04 -2.575717e-04 -2.931820e-04
 8200.690868 7.515357e-01 1.421192e+00 1.367914e+00 1.498068e-01 -3.989124e-04 -2.813298e-04 -2.610246e-04 -2.949928e-04
 8204.159521 7.512099e-01 1.423180e+00 1.376541e+00 1.500322e-01 -4.004696e-04 -2.856296e-04 -2.522873e-04 -2.939436e-04
 8207.640366 7.499290e-01 1.424077e+00 1.383820e+00 1.486396e-01 -3.973890e-04 -2.967434e-04 -2.581905e-04 -3.103603e-04
 8211.133403 7.496164e-01 1.426246e+00 1.391822e+00 1.489175e-01 -3.999710e-04 -3.023676e-04 -2.605233e-04 -3.161065e-04
 8214.638631 7.488076e-01 1.427226e+00 1.398143e+00 1.500875e-01 -4.049710e-04 -2.949959e-04 -2.575316e-04 -3.213304e-04
 8218.156052 7.483266e-01 1.429368e+00 1.406368e+00 1.501643e-01 -4.001110e-04 -2.860352e-04 -2.545385e-04 -3.341381e-04
 8221.685664 7.478592e-01 1.431499e+00 1.413823e+00 1.500220e-01 -3.953951e-04 -2.794390e-04 -2.551972e-04 -3.215371e-04
 8225.227468 7.477220e-01 1.433948e+00 1.421632e+00 1.505525e-01 -3.928435e-04 -2.774462e-04 -2.605130e-04 -3.007888e-04
 8228.781465 7.464324e-01 1.434460e+00 1.426877e+00 1.506416e-01 -3.898047e-04 -2.816494e-04 -2.552500e-04 -2.998250e-04
 8232.347653 7.459368e-01 1.436779e+00 1.432433e+00 1.499861e-01 -3.962602e-04 -2.848225e-04 -2.571869e-04 -2.920310e-04
 8235.926033 7.456598e-01 1.438851e+00 1.437268e+00 1.502335e-01 -4.009728e-04 -2.916499e-04 -2.611503e-04 -2.887039e-04
 8239.516605 7.449840e-01 1.440286e+00 1.440969e+00 1.500466e-01 -4.002178e-04 -2.923581e-04 -2.542408e-04 -2.978137e-04
 8243.119369 7.439390e-01 1.441504e+00 1.443092e+00 1.503717e-01 -3.960837e-04 -2.810686e-04 -2.510438e-04 -2.980548e-04
 8246.734324 7.440001e-01 1.444374e+00 1.447224e+00 1.498965e-01 -3.915752e-04 -2.804304e-04 -2.487287e-04 -3.002324e-04
 8250.361472 7.431365e-01 1.445712e+00 1.448477e+00 1.503515e-01 -3.902802e-04 -2.816498e-04 -2.481116e-04 -2.988898e-04
 8254.000811 7.422415e-01 1.446889e+00 1.449737e+00 1.502758e-01 -4.012388e-04 -2.832682e-04 -2.348632e-04 -2.903203e-04
 8257.652343 7.416296e-01 1.449112e+00 1.452369e+00 1.501472e-01 -4.053894e-04 -2.851728e-04 -2.380173e-04 -3.036847e-04
 8261.316066 7.412756e-01 1.451007e+00 1.454950e+00 1.513954e-01 -4.032455e-04 -2.885651e-04 -2.358091e-04 -2.941609e-04
 8264.991982 7.408642e-01 1.453379e+00 1.458747e+00 1.509947e-01 -3.949808e-04 -2.947435e-04 -2.363984e-04 -3.284902e-04
 8268.680089 7.399995e-01 1.454763e+00 1.463206e+00 1.508948e-01 -4.020717e-04 -2.937059e-04 -2.328906e-04 -3.437755e-04
 8272.380388 7.384546e-01 1.454468e+00 1.468296e+00 1.511211e-01 -3.980979e-04 -2.978989e-04 -2.388325e-04 -3.511115e-04
 8276.092879 7.361972e-01 1.452954e+00 1.473461e+00 1.507310e-01 -3.998245e-04 -2.989834e-04 -2.441140e-04 -3.433416e-04
 8279.817562 7.362633e-01 1.456250e+00 1.483606e+00 1.505208e-01 -3.986103e-04 -3.012353e-04 -2.383464e-04 -3.411970e-04
 8283.554437 7.364807e-01 1.460072e+00 1.495538e+00 1.517109e-01 -4.020643e-04 -2.977989e-04 -2.251873e-04 -3.471836e-04
 8287.303503 7.363864e-01 1.462696e+00 1.505298e+00 1.510913e-01 -4.001336e-04 -3.031638e-04 -2.426743e-04 -3.443334e-04
 8291.064762 7.357228e-01 1.464331e+00 1.513037e+00 1.511043e-01 -4.085106e-04 -2.964739e-04 -2.203312e-04 -3.366405e-04
 8294.838213 7.347500e-01 1.465667e+00 1.520532e+00 1.510001e-01 -4.053871e-04 -2.896203e-04 -2.218048e-04 -3.327222e-04
 8298.623855 7.340138e-01 1.467261e+00 1.529099e+00 1.512830e-01 -4.053078e-04 -2.890606e-04 -2.253985e-04 -3.229568e-04
 8302.421689 7.333768e-01 1.469008e+00 1.536145e+00 1.516299e-01 -4.048139e-04 -2.915947e-04 -2.207422e-04 -3.155550e-04
 8306.231716 7.335361e-01 1.472664e+00 1.544782e+00 1.520567e-01 -4.124525e-04 -2.910800e-04 -2.195345e-04 -3.281011e-04
 8310.053934 7.317352e-01 1.471984e+00 1.548704e+00 1.522660e-01 -4.126350e-04 -2.849907e-04 -2.199006e-04 -3.285161e-04
 8313.888344 7.314520e-01 1.474414e+00 1.555786e+00 1.519391e-01 -4.087842e-04 -2.838446e-04 -2.191836e-04 -3.274431e-04
 8317.734946 7.313532e-01 1.477600e+00 1.564172e+00 1.526565e-01 -4.054736e-04 -2.816008e-04 -2.182017e-04 -3.364891e-04
 8321.593740 7.303859e-01 1.478403e+00 1.570214e+00 1.529514e-01 -4.014121e-04 -2.773838e-04 -2.115322e-04 -3.273541e-04
 8325.464726 7.299502e-01 1.480842e+00 1.578792e+00 1.522617e-01 -3.987561e-04 -2.727239e-04 -2.078180e-04 -3.010891e-04
 8329.347903 7.288166e-01 1.481502e+00 1.583615e+00 1.527703e-01 -3.986615e-04 -2.773825e-04 -2.017092e-04 -2.923838e-04
 8333.243273 7.277632e-01 1.482619e+00 1.590145e+00 1.525230e-01 -3.924212e-04 -2.900165e-04 -2.059335e-04 -2.923521e-04
 8337.150835 7.270078e-01 1.483996e+00 1.597108e+00 1.529696e-01 -3.973924e-04 -2.848696e-04 -2.131272e-04 -3.028159e-04
 8341.070588 7.264234e-01 1.486011e+00 1.604491e+00 1.523153e-01 -3.910225e-04 -2.880923e-04 -2.155307e-04 -2.971575e-04
 8345.002533 7.252851e-01 1.486929e+00 1.612027e+00 1.533381e-01 -3.875400e-04 -2.847086e-04 -2.157035e-04 -2.995894e-04
 8348.946671 7.233929e-01 1.485880e+00 1.615666e+00 1.523886e-01 -3.947914e-04 -2.859843e-04 -2.160092e-04 -2.998717e-04
 8352.903000 7.233290e-01 1.489195e+00 1.624010e+00 1.520278e-01 -3.936333e-04 -2.871358e-04 -2.211143e-04 -3.076818e-04
 8356.871521 7.222032e-01 1.489931e+00 1.630232e+00 1.532579e-01 -4.011648e-04 -2.879276e-04 -2.238647e-04 -3.032749e-04
 8360.852234 7.220255e-01 1.492481e+00 1.637709e+00 1.526752e-01 -4.071896e-04 -2.769344e-04 -2.255816e-04 -2.944806e-04
 8364.845139 7.210771e-01 1.494324e+00 1.643930e+00 1.534875e-01 -4.000818e-04 -2.716840e-04 -2.277519e-04 -2.961585e-04
 8368.850236 7.203942e-01 1.495794e+00 1.648972e+00 1.532639e-01 -4.028668e-04 -2.722961e-04 -2.269217e-04 -3.040009e-04
 8372.867524 7.196293e-01 1.497311e+00 1.654643e+00 1.530139e-01 -3.986677e-04 -2.817436e-04 -2.098756e-04 -3.002636e-04
 8376.897005 7.195107e-01 1.500723e+00 1.662225e+00 1.528549e-01 -4.013503e-04 -2.878887e-04 -2.190051e-04 -3.033782e-04
 8380.938678 7.185456e-01 1.501869e+00 1.666577e+00 1.531006e-01 -3.937880e-04 -2.929309e-04 -2.171253e-04 -2.976392e-04
 8384.992542 7.175518e-01 1.503029e+00 1.671355e+00 1.537799e-01 -3.857298e-04 -2.918884e-04 -2.217368e-04 -2.930161e-04
 8389.058598 7.167344e-01 1.504469e+00 1.677327e+00 1.541524e-01 -3.886969e-04 -2.968326e-04 -2.292304e-04 -2.915335e-04
 8393.136847 7.164062e-01 1.507219e+00 1.685471e+00 1.538700e-01 -3.905162e-04 -2.908316e-04 -2.264472e-04 -2.925206e-04
 8397.227287 7.149071e-01 1.506846e+00 1.688848e+00 1.543049e-01 -3.902716e-04 -3.062371e-04 -2.233971e-04 -2.952956e-04
 8401.329919 7.150144e-01 1.510752e+00 1.697483e+00 1.536506e-01 -4.028411e-04 -2.970764e-04 -2.185981e-04 -3.041324e-04
 8405.444743 7.129355e-01 1.508972e+00 1.700446e+00 1.542505e-01 -3.985606e-04 -2.948436e-04 -2.233033e-04 -3.081010e-04
 8409.571759 7.139577e-01 1.515339e+00 1.713231e+00 1.543312e-01 -3.907049e-04 -2.888463e-04 -2.311010e-04 -2.978297e-04
 8413.710967 7.129219e-01 1.516364e+00 1.719930e+00 1.539358e-01 -3.946478e-04 -2.795972e-04 -2.286704e-04 -2.826502e-04
 8417.862366 7.117651e-01 1.517089e+00 1.726604e+00 1.543257e-01 -3.973980e-04 -2.741792e-04 -2.255875e-04 -2.900312e-04
 8422.025958 7.112346e-01 1.519296e+00 1.734345e+00 1.546842e-01 -3.930461e-04 -2.817000e-04 -2.258827e-04 -2.989486e-04
 8426.201742 7.113658e-01 1.523235e+00 1.744907e+00 1.541740e-01 -4.060848e-04 -2.847060e-04 -2.264842e-04 -2.847972e-04
 8430.389717 7.101573e-01 1.523626e+00 1.751884e+00 1.550568e-01 -4.024211e-04 -2.792231e-04 -2.249126e-04 -2.842779e-04
 8434.589884 7.091655e-01 1.524664e+00 1.759072e+00 1.547237e-01 -4.028640e-04 -2.751062e-04 -2.214588e-04 -2.940135e-04
 8438.802244 7.088529e-01 1.527609e+00 1.767279e+00 1.551113e-01 -4.038189e-04 -2.809404e-04 -2.138797e-04 -2.838661e-04
 8443.026795 7.077392e-01 1.528259e+00 1.773637e+00 1.551397e-01 -4.065398e-04 -2.911942e-04 -2.222861e-04 -2.879179e-04
 8447.263538 7.069467e-01 1.530219e+00 1.782017e+00 1.552823e-01 -3.990295e-04 -2.916390e-04 -2.273658e-04 -2.839694e-04
 8451.512473 7.065316e-01 1.532620e+00 1.791790e+00 1.549947e-01 -3.929440e-04 -2.818649e-04 -2.320851e-04 -2.777775e-04
 8455.773600 7.050701e-01 1.532468e+00 1.797814e+00 1.550430e-01 -3.865516e-04 -2.822327e-04 -2.265007e-04 -2.753513e-04
 8460.046919 7.041691e-01 1.534020e+00 1.805237e+00 1.551510e-01 -3.785407e-04 -2.808775e-04 -2.122086e-04 -2.736019e-04
 8464.332429 7.032716e-01 1.535767e+00 1.813174e+00 1.547272e-01 -3.831183e-04 -2.790883e-04 -2.171313e-04 -2.725381e-04
 8468.630132 7.024078e-01 1.537104e+00 1.821164e+00 1.550874e-01 -3.883166e-04 -2.828859e-04 -2.231287e-04 -2.755634e-04
 8472.940026 7.019787e-01 1.539479e+00 1.830146e+00 1.555171e-01 -3.948067e-04 -2.866409e-04 -2.262093e-04 -2.842501e-04
 8477.262113 7.009750e-01 1.540593e+00 1.836673e+00 1.559435e-01 -4.051066e-04 -2.828710e-04 -2.321381e-04 -2.975615e-04
 8481.596391 7.006787e-01 1.543143e+00 1.845827e+00 1.557519e-01 -4.035159e-04 -2.755707e-04 -2.310261e-04 -3.051624e-04
 8485.942861 6.996295e-01 1.544378e+00 1.853637e+00 1.558638e-01 -4.105705e-04 -2.816628e-04 -2.303007e-04 -3.068897e-04
 8490.301524 6.988500e-01 1.546217e+00 1.862006e+00 1.557973e-01 -4.047271e-04 -2.923121e-04 -2.308306e-04 -3.042073e-04
 8494.672378 6.978390e-01 1.547327e+00 1.869384e+00 1.557259e-01 -3.950936e-04 -2.870534e-04 -2.230729e-04 -3.056597e-04
 8499.055424 6.970954e-01 1.548997e+00 1.877399e+00 1.556948e-01 -4.028042e-04 -2.965449e-04 -2.191309e-04 -2.938789e-04
 8503.450662 6.957594e-01 1.549511e+00 1.883944e+00 1.560594e-01 -4.000507e-04 -2.931697e-04 -2.279684e-04 -2.939039e-04
 8507.858091 6.944336e-01 1.550043e+00 1.889599e+00 1.568792e-01 -4.034767e-04 -2.872881e-04 -2.403129e-04 -2.930865e-04
 8512.277713 6.912731e-01 1.546868e+00 1.890667e+00 1.563060e-01 -3.950134e-04 -2.864392e-04 -2.394842e-04 -2.879984e-04
 8516.709527 6.586937e-01 1.477382e+00 1.811857e+00 1.515650e-01 -3.953575e-04 -2.774357e-04 -2.329990e-04 -2.911852e-04
 8521.153532 6.490786e-01 1.458834e+00 1.794431e+00 1.464120e-01 -3.965759e-04 -2.802931e-04 -2.270153e-04 -2.911702e-04
 8525.609730 6.918818e-01 1.558364e+00 1.920392e+00 1.557427e-01 -4.016561e-04 -2.872622e-04 -2.334381e-04 -3.009572e-04
 8530.078119 6.925614e-01 1.563159e+00 1.930990e+00 1.560841e-01 -3.998997e-04 -2.820515e-04 -2.398311e-04 -3.026013e-04
 8534.558700 6.913536e-01 1.563832e+00 1.937242e+00 1.562711e-01 -4.069380e-04 -2.881299e-04 -2.323966e-04 -2.975906e-04
 8539.051473 6.905412e-01 1.565685e+00 1.945660e+00 1.566500e-01 -4.072867e-04 -2.847540e-04 -2.334519e-04 -3.082094e-04
 8543.556438 6.899481e-01 1.567816e+00 1.953811e+00 1.566100e-01 -4.078911e-04 -2.821544e-04 -2.388097e-04 -3.005995e-04
 8548.073595 6.889384e-01 1.569267e+00 1.961552e+00 1.567170e-01 -4.016224e-04 -2.754837e-04 -2.354158e-04 -2.980138e-04
 8552.602944 6.879414e-01 1.570350e+00 1.969080e+00 1.566448e-01 -3.901386e-04 -2.708295e-04 -2.262346e-04 -2.870192e-04
 8557.144485 6.868879e-01 1.571297e+00 1.975306e+00 1.572263e-01 -3.952165e-04 -2.766493e-04 -2.294508e-04 -2.924103e-04
 8561.698218 6.862807e-01 1.573686e+00 1.984088e+00 1.569098e-01 -3.923575e-04 -2.844166e-04 -2.262771e-04 -2.961717e-04
 8566.264142 6.856819e-01 1.575713e+00 1.992462e+00 1.572524e-01 -3.898406e-04 -2.806447e-04 -2.290010e-04 -2.966374e-04
 8570.842259 6.847223e-01 1.576919e+00 2.000073e+00 1.571345e-01 -3.904450e-04 -2.741457e-04 -2.240088e-04 -2.847168e-04
 8575.432567 6.835904e-01 1.577498e+00 2.006218e+00 1.572072e-01 -4.152652e-04 -2.703692e-04 -2.255493e-04 -2.881103e-04
 8580.035068 6.828558e-01 1.579492e+00 2.014834e+00 1.571668e-01 -4.211422e-04 -2.785716e-04 -2.372589e-04 -2.911392e-04
 8584.649760 6.818910e-01 1.580572e+00 2.023350e+00 1.568524e-01 -4.130233e-04 -2.856153e-04 -2.446453e-04 -2.951952e-04
 8589.276644 6.807719e-01 1.581544e+00 2.031497e+00 1.568617e-01 -4.089592e-04 -2.756897e-04 -2.372502e-04 -3.004261e-04
 8593.915720 6.789300e-01 1.580653e+00 2.036230e+00 1.574580e-01 -4.081921e-04 -2.702327e-04 -2.300819e-04 -3.009715e-04
 8598.566988 6.770166e-01 1.579705e+00 2.041165e+00 1.571745e-01 -4.068803e-04 -2.806820e-04 -2.267438e-04 -2.988957e-04
 8603.230448 6.747092e-01 1.577791e+00 2.045255e+00 1.568706e-01 -4.123967e-04 -2.855842e-04 -2.201195e-04 -2.980055e-04
 8607.906100 6.708429e-01 1.572381e+00 2.044405e+00 1.563208e-01 -4.192268e-04 -2.924539e-04 -2.316824e-04 -3.078357e-04
 8612.593943 6.485421e-01 1.523836e+00 1.988902e+00 1.520931e-01 -4.162515e-04 -2.947521e-04 -2.424064e-04 -3.171739e-04
 8617.293979 6.089145e-01 1.434453e+00 1.880726e+00 1.432392e-01 -4.168104e-04 -2.967393e-04 -2.363707e-04 -3.040403e-04
 8622.006206 6.842476e-01 1.614806e+00 2.119667e+00 1.596899e-01 -4.117713e-04 -2.854525e-04 -2.294301e-04 -2.914235e-04
 8626.730626 6.827109e-01 1.614707e+00 2.125846e+00 1.599123e-01 -4.137871e-04 -2.906218e-04 -2.334263e-04 -2.984003e-04
 8631.467237 6.799538e-01 1.611938e+00 2.129598e+00 1.593542e-01 -4.119448e-04 -2.886515e-04 -2.281480e-04 -2.936078e-04
 8636.216040 6.781868e-01 1.611369e+00 2.135342e+00 1.591987e-01 -4.034379e-04 -2.862921e-04 -2.315156e-04 -3.072509e-04
 8640.977036 6.767717e-01 1.611486e+00 2.142191e+00 1.593765e-01 -4.038204e-04 -2.807958e-04 -2.272329e-04 -3.193279e-04
 8645.750223 6.754620e-01 1.611919e+00 2.149402e+00 1.592036e-01 -4.048443e-04 -2.887055e-04 -2.235926e-04 -3.109064e-04
 8650.535602 6.746068e-01 1.613525e+00 2.158023e+00 1.593524e-01 -4.019566e-04 -2.923641e-04 -2.253745e-04 -3.041640e-04
 8655.333172 6.736565e-01 1.615023e+00 2.165904e+00 1.593037e-01 -3.958977e-04 -2.935008e-04 -2.272027e-04 -3.014140e-04
 8660.142935 6.724052e-01 1.615956e+00 2.173646e+00 1.594250e-01 -3.906183e-04 -2.856160e-04 -2.370823e-04 -2.916728e-04
 8664.964890 6.714558e-01 1.617436e+00 2.181665e+00 1.594058e-01 -3.869888e-04 -2.894742e-04 -2.337943e-04 -2.965175e-04
 8669.799037 6.005564e-01 1.449630e+00 1.960693e+00 1.426982e-01 -3.542468e-04 -2.548554e-04 -2.031826e-04 -2.881810e-04
 8674.645375 9.059548e-02 2.188886e-01 2.963065e-01 2.153380e-02 -5.554594e-05 -3.791982e-05 -3.070651e-05 -4.486185e-05
