# Facility: NSLS-II
# Beamline: QAS
# Year: 2022
# Cycle: 2
# SAF: 309337
# PI: Li
# Proposal: 309890
# Scan ID: 26151
# UID: a0739ab6-cf42-410d-85bd-640f4190fc11
# Comment: 
# Start time: 06/10/2022  07:40:06
# Stop time: 06/10/2022  07:40:38
# Total time: 00:32
# Trajectory name: Co-30s-7709.txt
# Element: Cobalt ( 27)
# Edge: K
# E0: 7709
# Reference Foil Element: Co
# Keithley Gains I0: 1E7 V/A It: 1E7 V/A Iref: 1E8 V/A PIPS: 1E8 V/A 
# Ion Chamber Gas Flow Rates: I0: 29.80 sccm He + 69.70 sccm N2 + 0.00 sccm Ar 
# Ion Chamber Gas Flow Rates: It&Iref: 79.80 sccm N2 + 20.10 sccm Ar
# Incident Beam Path Vertical: -27.48 mm
# Incident Slits Positions B: TOP: 1.0 mm Bottom: -1.0 mm Inboard: -1.5 mm Outboard: 1.5 mm
# Sample Stage Positions: Rotation: 45.0 deg Horizontal: 25.26 mm Vertical: -26.52 mm Beam Direction: 0.00 mm
# PerkinElmer Vertical Position: 500.00 mm
# Front End Mirror Horizontal Positions: Up: 14.00 mm Down: 14.00 mm
#
# energy  i0  it  ir  iff  aux1  aux2  aux3  aux4
 7517.895413 4.322639e-01 5.196666e-01 1.254938e+00 5.330340e-02 -1.854577e-04 -1.386756e-04 -1.151169e-04 -1.223205e-04
 7522.895413 8.552010e-01 1.030546e+00 2.492256e+00 1.057148e-01 -3.646442e-04 -2.750677e-04 -2.301845e-04 -2.311017e-04
 7527.895413 8.624713e-01 1.043107e+00 2.528721e+00 1.069285e-01 -3.700418e-04 -2.876800e-04 -2.459368e-04 -2.245429e-04
 7532.895413 8.616939e-01 1.046057e+00 2.542225e+00 1.070699e-01 -3.791391e-04 -2.862146e-04 -2.448161e-04 -2.257257e-04
 7537.895413 8.607446e-01 1.048860e+00 2.554909e+00 1.071844e-01 -3.803999e-04 -2.839829e-04 -2.413932e-04 -2.243261e-04
 7542.895413 8.600797e-01 1.052155e+00 2.570022e+00 1.073882e-01 -3.771766e-04 -2.842431e-04 -2.371201e-04 -2.207773e-04
 7547.895413 8.595686e-01 1.055741e+00 2.586249e+00 1.077016e-01 -3.723182e-04 -2.832111e-04 -2.382093e-04 -2.318587e-04
 7552.895413 8.578781e-01 1.057578e+00 2.597200e+00 1.077512e-01 -3.720615e-04 -2.806460e-04 -2.492234e-04 -2.401386e-04
 7557.895413 8.560510e-01 1.059131e+00 2.607205e+00 1.078798e-01 -3.708664e-04 -2.789814e-04 -2.462338e-04 -2.416098e-04
 7562.895413 8.553574e-01 1.062251e+00 2.622360e+00 1.078701e-01 -3.753766e-04 -2.710433e-04 -2.436776e-04 -2.458490e-04
 7567.895413 8.536032e-01 1.064169e+00 2.634057e+00 1.080732e-01 -3.878970e-04 -2.844306e-04 -2.464048e-04 -2.474985e-04
 7572.895413 8.534442e-01 1.068179e+00 2.650614e+00 1.084948e-01 -3.845482e-04 -2.955751e-04 -2.486751e-04 -2.318846e-04
 7577.895413 8.532322e-01 1.072241e+00 2.668016e+00 1.087560e-01 -3.800077e-04 -2.881179e-04 -2.584595e-04 -2.320130e-04
 7582.895413 8.525092e-01 1.075178e+00 2.682951e+00 1.091284e-01 -3.738219e-04 -2.868691e-04 -2.622937e-04 -2.339378e-04
 7587.895413 8.514043e-01 1.077972e+00 2.696338e+00 1.092533e-01 -3.666727e-04 -2.847620e-04 -2.637045e-04 -2.350014e-04
 7592.895413 8.497039e-01 1.079891e+00 2.706974e+00 1.094174e-01 -3.607376e-04 -2.843670e-04 -2.613690e-04 -2.310824e-04
 7597.895413 8.476271e-01 1.081263e+00 2.717220e+00 1.091861e-01 -3.630166e-04 -2.875446e-04 -2.579987e-04 -2.229827e-04
 7602.895413 8.449741e-01 1.081921e+00 2.725446e+00 1.090439e-01 -3.634313e-04 -2.891430e-04 -2.567443e-04 -2.228473e-04
 7607.895413 8.469708e-01 1.088506e+00 2.749933e+00 1.096413e-01 -3.552597e-04 -2.915982e-04 -2.484195e-04 -2.298481e-04
 7612.895413 8.463459e-01 1.091918e+00 2.765079e+00 1.099350e-01 -3.605989e-04 -2.841582e-04 -2.468190e-04 -2.226550e-04
 7617.895413 8.459041e-01 1.095501e+00 2.780560e+00 1.100425e-01 -3.649950e-04 -2.779758e-04 -2.433918e-04 -2.289762e-04
 7622.895413 8.450551e-01 1.098440e+00 2.795420e+00 1.103559e-01 -3.630040e-04 -2.809319e-04 -2.374245e-04 -2.176245e-04
 7627.895413 8.438681e-01 1.100734e+00 2.807761e+00 1.105196e-01 -3.656845e-04 -2.841993e-04 -2.375294e-04 -2.120194e-04
 7632.895413 8.410181e-01 1.100645e+00 2.813293e+00 1.106370e-01 -3.676929e-04 -2.883154e-04 -2.415660e-04 -2.185074e-04
 7637.895413 8.406520e-01 1.104478e+00 2.829235e+00 1.109859e-01 -3.614354e-04 -2.854042e-04 -2.494804e-04 -2.243714e-04
 7642.895413 8.419743e-01 1.111061e+00 2.853091e+00 1.113543e-01 -3.597231e-04 -2.781338e-04 -2.455696e-04 -2.318977e-04
 7647.895413 8.395862e-01 1.111692e+00 2.861211e+00 1.110326e-01 -3.589689e-04 -2.766611e-04 -2.462436e-04 -2.398326e-04
 7652.895413 8.371532e-01 1.111902e+00 2.867640e+00 1.113177e-01 -3.565735e-04 -2.859054e-04 -2.543527e-04 -2.241901e-04
 7657.895413 8.385967e-01 1.118497e+00 2.891530e+00 1.114699e-01 -3.576404e-04 -2.879968e-04 -2.498982e-04 -2.122917e-04
 7662.895413 8.385980e-01 1.122739e+00 2.909361e+00 1.117593e-01 -3.477497e-04 -2.771104e-04 -2.461758e-04 -2.179770e-04
 7667.895413 8.372949e-01 1.125238e+00 2.921539e+00 1.119888e-01 -3.481921e-04 -2.781305e-04 -2.454775e-04 -2.193070e-04
 7672.895413 8.370201e-01 1.129251e+00 2.938325e+00 1.121761e-01 -3.412521e-04 -2.819343e-04 -2.451129e-04 -2.282467e-04
 7677.895413 8.366645e-01 1.133032e+00 2.954574e+00 1.123184e-01 -3.374750e-04 -2.876052e-04 -2.391064e-04 -2.260378e-04
 7679.000000 8.360076e-01 1.133297e+00 2.956577e+00 1.125135e-01 -3.300924e-04 -2.850264e-04 -2.432829e-04 -2.185960e-04
 7680.000000 8.358493e-01 1.133617e+00 2.958175e+00 1.117578e-01 -3.311924e-04 -2.862726e-04 -2.404608e-04 -2.208032e-04
 7681.000000 8.353123e-01 1.133873e+00 2.959898e+00 1.121578e-01 -3.369464e-04 -2.784639e-04 -2.415688e-04 -2.227555e-04
 7682.000000 8.324489e-01 1.130767e+00 2.951628e+00 1.131595e-01 -3.413407e-04 -2.730763e-04 -2.433314e-04 -2.271471e-04
 7683.000000 8.234062e-01 1.119341e+00 2.924013e+00 1.110357e-01 -3.405492e-04 -2.619614e-04 -2.334976e-04 -2.294853e-04
 7684.000000 8.077285e-01 1.099099e+00 2.871351e+00 1.087202e-01 -3.388190e-04 -2.701824e-04 -2.306122e-04 -2.250092e-04
 7685.000000 8.319324e-01 1.132338e+00 2.956897e+00 1.123221e-01 -3.465183e-04 -2.730114e-04 -2.412284e-04 -2.358638e-04
 7686.000000 8.405054e-01 1.145197e+00 2.991172e+00 1.127549e-01 -3.394545e-04 -2.797763e-04 -2.481086e-04 -2.399768e-04
 7686.200000 8.434363e-01 1.149186e+00 3.002614e+00 1.132468e-01 -3.474261e-04 -2.824569e-04 -2.507840e-04 -2.431659e-04
 7686.400000 8.403799e-01 1.145290e+00 2.995199e+00 1.106578e-01 -3.425596e-04 -2.776590e-04 -2.415167e-04 -2.406019e-04
 7686.600000 8.376291e-01 1.141437e+00 2.982714e+00 1.128797e-01 -3.402200e-04 -2.736848e-04 -2.466163e-04 -2.386988e-04
 7686.800000 8.412630e-01 1.147111e+00 2.998422e+00 1.113804e-01 -3.294220e-04 -2.763320e-04 -2.365939e-04 -2.377592e-04
 7687.000000 8.324033e-01 1.134102e+00 2.964470e+00 1.155458e-01 -3.453659e-04 -2.728777e-04 -2.293601e-04 -2.419003e-04
 7687.200000 8.396400e-01 1.144073e+00 2.990835e+00 1.121509e-01 -3.405301e-04 -2.761382e-04 -2.276961e-04 -2.327965e-04
 7687.400000 8.404908e-01 1.145765e+00 2.994064e+00 1.157765e-01 -3.438140e-04 -2.756741e-04 -2.476193e-04 -2.392676e-04
 7687.600000 8.363532e-01 1.140242e+00 2.978248e+00 1.130944e-01 -3.376135e-04 -2.750215e-04 -2.474567e-04 -2.334109e-04
 7687.800000 8.378224e-01 1.142623e+00 2.985847e+00 1.131232e-01 -3.533531e-04 -2.857162e-04 -2.643989e-04 -2.469924e-04
 7688.000000 8.395472e-01 1.145380e+00 2.993158e+00 1.134853e-01 -3.456582e-04 -2.873625e-04 -2.467638e-04 -2.533670e-04
 7688.200000 8.208397e-01 1.120597e+00 2.928008e+00 1.091270e-01 -3.356734e-04 -2.966022e-04 -2.360957e-04 -2.491462e-04
 7688.400000 8.434738e-01 1.152069e+00 3.009468e+00 1.144522e-01 -3.336718e-04 -2.979969e-04 -2.358745e-04 -2.354677e-04
 7688.600000 8.429310e-01 1.150522e+00 3.007283e+00 1.136591e-01 -3.338321e-04 -2.853998e-04 -2.294702e-04 -2.406130e-04
 7688.800000 8.395095e-01 1.146554e+00 2.995069e+00 1.139661e-01 -3.401954e-04 -2.911711e-04 -2.377524e-04 -2.333591e-04
 7689.000000 8.359961e-01 1.142160e+00 2.982296e+00 1.124950e-01 -3.424621e-04 -2.830850e-04 -2.414573e-04 -2.186365e-04
 7689.200000 8.360038e-01 1.141853e+00 2.984562e+00 1.132076e-01 -3.433968e-04 -2.804993e-04 -2.354966e-04 -2.100038e-04
 7689.400000 8.420027e-01 1.149910e+00 3.005262e+00 1.133208e-01 -3.445324e-04 -2.818511e-04 -2.489496e-04 -2.218458e-04
 7689.600000 8.262765e-01 1.128874e+00 2.949887e+00 1.110679e-01 -3.415257e-04 -2.698109e-04 -2.487192e-04 -2.241672e-04
 7689.800000 8.360752e-01 1.142305e+00 2.987193e+00 1.145498e-01 -3.469500e-04 -2.692601e-04 -2.415852e-04 -2.125244e-04
 7690.000000 8.417159e-01 1.149896e+00 3.005825e+00 1.101000e-01 -3.481149e-04 -2.670669e-04 -2.437152e-04 -2.141455e-04
 7690.200000 8.401952e-01 1.148191e+00 3.000770e+00 1.158233e-01 -3.461964e-04 -2.658526e-04 -2.285991e-04 -2.309185e-04
 7690.400000 8.304976e-01 1.134722e+00 2.965858e+00 1.132203e-01 -3.369266e-04 -2.668268e-04 -2.529196e-04 -2.437888e-04
 7690.600000 8.327366e-01 1.138065e+00 2.975574e+00 1.149344e-01 -3.304725e-04 -2.835723e-04 -2.659481e-04 -2.445100e-04
 7690.800000 8.359425e-01 1.142743e+00 2.988146e+00 1.121826e-01 -3.309468e-04 -2.804759e-04 -2.555273e-04 -2.392314e-04
 7691.000000 8.456966e-01 1.156035e+00 3.022668e+00 1.156744e-01 -3.338823e-04 -2.864267e-04 -2.555843e-04 -2.513959e-04
 7691.200000 8.379850e-01 1.146122e+00 2.996055e+00 1.151522e-01 -3.336920e-04 -2.911275e-04 -2.429776e-04 -2.324110e-04
 7691.400000 8.381919e-01 1.145863e+00 2.995681e+00 1.139212e-01 -3.374505e-04 -2.870968e-04 -2.509052e-04 -2.356742e-04
 7691.600000 8.327050e-01 1.139080e+00 2.975782e+00 1.115808e-01 -3.359136e-04 -2.895027e-04 -2.616841e-04 -2.216073e-04
 7691.800000 8.357890e-01 1.143278e+00 2.989036e+00 1.150290e-01 -3.347598e-04 -2.885640e-04 -2.553741e-04 -2.221815e-04
 7692.000000 8.388479e-01 1.147677e+00 3.000253e+00 1.125784e-01 -3.460116e-04 -2.813588e-04 -2.564065e-04 -2.218652e-04
 7692.200000 8.421798e-01 1.153241e+00 3.016667e+00 1.130469e-01 -3.414784e-04 -2.763593e-04 -2.627087e-04 -2.285124e-04
 7692.400000 8.383686e-01 1.147925e+00 3.001247e+00 1.160423e-01 -3.338345e-04 -2.857604e-04 -2.673811e-04 -2.261361e-04
 7692.600000 8.333329e-01 1.141018e+00 2.984447e+00 1.138338e-01 -3.364936e-04 -2.842198e-04 -2.346133e-04 -2.135364e-04
 7692.800000 8.386438e-01 1.148512e+00 3.000539e+00 1.149419e-01 -3.413103e-04 -2.854765e-04 -2.410534e-04 -2.095038e-04
 7693.000000 8.345496e-01 1.143155e+00 2.986319e+00 1.093162e-01 -3.497939e-04 -2.919538e-04 -2.287307e-04 -2.107678e-04
 7693.200000 8.339910e-01 1.142145e+00 2.981747e+00 1.126550e-01 -3.559097e-04 -2.951010e-04 -2.396304e-04 -2.203218e-04
 7693.400000 8.324015e-01 1.140358e+00 2.980863e+00 1.148790e-01 -3.523698e-04 -2.932857e-04 -2.593349e-04 -2.359838e-04
 7693.600000 8.410890e-01 1.152074e+00 3.011811e+00 1.148838e-01 -3.511493e-04 -2.927843e-04 -2.496041e-04 -2.217009e-04
 7693.800000 8.367228e-01 1.146715e+00 2.995291e+00 1.146545e-01 -3.486805e-04 -2.894822e-04 -2.460319e-04 -2.161392e-04
 7694.000000 8.339679e-01 1.142542e+00 2.985649e+00 1.127318e-01 -3.455522e-04 -2.932031e-04 -2.589238e-04 -2.235059e-04
 7694.200000 8.317028e-01 1.140005e+00 2.978234e+00 1.123387e-01 -3.472186e-04 -2.977401e-04 -2.640974e-04 -2.215782e-04
 7694.400000 8.366889e-01 1.147248e+00 2.995906e+00 1.119582e-01 -3.357998e-04 -2.968717e-04 -2.430019e-04 -2.204908e-04
 7694.600000 8.313969e-01 1.139758e+00 2.976424e+00 1.135445e-01 -3.309427e-04 -2.944875e-04 -2.600418e-04 -2.264646e-04
 7694.800000 8.398249e-01 1.151016e+00 3.007469e+00 1.129485e-01 -3.363093e-04 -2.976534e-04 -2.602987e-04 -2.251954e-04
 7695.000000 8.338679e-01 1.143412e+00 2.986352e+00 1.150417e-01 -3.317354e-04 -2.999500e-04 -2.639000e-04 -2.262228e-04
 7695.200000 8.359719e-01 1.146164e+00 2.993237e+00 1.150977e-01 -3.360957e-04 -2.918172e-04 -2.629932e-04 -2.354799e-04
 7695.400000 8.331836e-01 1.142310e+00 2.980490e+00 1.104125e-01 -3.380313e-04 -2.916469e-04 -2.621943e-04 -2.384624e-04
 7695.600000 8.369528e-01 1.148276e+00 2.998157e+00 1.137255e-01 -3.452537e-04 -2.979132e-04 -2.626081e-04 -2.451011e-04
 7695.800000 8.424488e-01 1.155745e+00 3.019210e+00 1.143823e-01 -3.358102e-04 -2.899838e-04 -2.510160e-04 -2.250308e-04
 7696.000000 8.199322e-01 1.125136e+00 2.939453e+00 1.114486e-01 -3.171002e-04 -2.906440e-04 -2.397792e-04 -2.197517e-04
 7696.200000 8.448623e-01 1.159651e+00 3.029283e+00 1.166570e-01 -3.337846e-04 -2.892442e-04 -2.462427e-04 -2.221321e-04
 7696.400000 8.344668e-01 1.145307e+00 2.989575e+00 1.105635e-01 -3.218015e-04 -2.752719e-04 -2.235905e-04 -2.231463e-04
 7696.600000 8.331027e-01 1.143572e+00 2.985401e+00 1.104927e-01 -3.299340e-04 -2.764532e-04 -2.397238e-04 -2.201124e-04
 7696.800000 8.334756e-01 1.143950e+00 2.987638e+00 1.162794e-01 -3.257448e-04 -2.773172e-04 -2.502007e-04 -2.400014e-04
 7697.000000 8.279666e-01 1.136784e+00 2.966490e+00 1.112404e-01 -3.195353e-04 -2.781109e-04 -2.356428e-04 -2.432697e-04
 7697.200000 8.433862e-01 1.158323e+00 3.023016e+00 1.153661e-01 -3.171952e-04 -2.895816e-04 -2.316342e-04 -2.424947e-04
 7697.400000 8.350193e-01 1.146721e+00 2.992727e+00 1.136667e-01 -3.196397e-04 -2.932718e-04 -2.442180e-04 -2.396059e-04
 7697.600000 8.326156e-01 1.143741e+00 2.983184e+00 1.135889e-01 -3.314739e-04 -2.890942e-04 -2.348915e-04 -2.300768e-04
 7697.800000 8.387868e-01 1.152750e+00 3.006493e+00 1.133708e-01 -3.332062e-04 -2.850246e-04 -2.319153e-04 -2.249756e-04
 7698.000000 8.329713e-01 1.144996e+00 2.984604e+00 1.125150e-01 -3.316711e-04 -2.822091e-04 -2.353612e-04 -2.257972e-04
 7698.200000 8.391467e-01 1.153674e+00 3.007247e+00 1.172945e-01 -3.387550e-04 -2.873399e-04 -2.502188e-04 -2.436165e-04
 7698.400000 8.375370e-01 1.151132e+00 3.001568e+00 1.124642e-01 -3.360539e-04 -2.843095e-04 -2.473382e-04 -2.445894e-04
 7698.600000 8.325597e-01 1.144554e+00 2.980923e+00 1.134888e-01 -3.343505e-04 -2.898842e-04 -2.355984e-04 -2.355798e-04
 7698.800000 8.262494e-01 1.135242e+00 2.957401e+00 1.118016e-01 -3.404652e-04 -2.773315e-04 -2.226142e-04 -2.368432e-04
 7699.000000 8.251368e-01 1.133994e+00 2.955042e+00 1.130085e-01 -3.326905e-04 -2.736141e-04 -2.308685e-04 -2.373484e-04
 7699.200000 8.360786e-01 1.149634e+00 2.995462e+00 1.132267e-01 -3.320270e-04 -2.889090e-04 -2.396268e-04 -2.285412e-04
 7699.400000 8.371309e-01 1.151858e+00 3.000849e+00 1.147891e-01 -3.370089e-04 -2.927177e-04 -2.609777e-04 -2.305682e-04
 7699.600000 8.328121e-01 1.145827e+00 2.984831e+00 1.141603e-01 -3.369986e-04 -2.950371e-04 -2.445021e-04 -2.416417e-04
 7699.800000 8.311065e-01 1.143629e+00 2.975326e+00 1.122547e-01 -3.296538e-04 -2.918760e-04 -2.362926e-04 -2.295115e-04
 7700.000000 8.343582e-01 1.148778e+00 2.990288e+00 1.134005e-01 -3.409338e-04 -2.939792e-04 -2.492974e-04 -2.401811e-04
 7700.200000 8.327354e-01 1.146067e+00 2.982934e+00 1.131012e-01 -3.389737e-04 -2.882985e-04 -2.414701e-04 -2.206226e-04
 7700.400000 8.350962e-01 1.149452e+00 2.989401e+00 1.165703e-01 -3.393754e-04 -2.932242e-04 -2.411318e-04 -2.126204e-04
 7700.600000 8.328402e-01 1.146260e+00 2.981300e+00 1.145135e-01 -3.402236e-04 -2.836890e-04 -2.423899e-04 -2.329101e-04
 7700.800000 8.323122e-01 1.145803e+00 2.980919e+00 1.124007e-01 -3.371586e-04 -2.833832e-04 -2.488256e-04 -2.445659e-04
 7701.000000 8.376599e-01 1.154023e+00 2.998711e+00 1.133442e-01 -3.395519e-04 -2.885711e-04 -2.469712e-04 -2.447111e-04
 7701.200000 8.390040e-01 1.156121e+00 3.001267e+00 1.137079e-01 -3.343576e-04 -2.910901e-04 -2.308885e-04 -2.446867e-04
 7701.400000 8.307165e-01 1.144688e+00 2.973325e+00 1.137916e-01 -3.320218e-04 -2.903358e-04 -2.379021e-04 -2.405992e-04
 7701.600000 8.336672e-01 1.148609e+00 2.982442e+00 1.139418e-01 -3.400179e-04 -2.834181e-04 -2.515922e-04 -2.355839e-04
 7701.800000 8.295550e-01 1.143085e+00 2.967220e+00 1.117924e-01 -3.345076e-04 -2.862168e-04 -2.480242e-04 -2.407605e-04
 7702.000000 8.385622e-01 1.155713e+00 2.996611e+00 1.138153e-01 -3.432110e-04 -2.946883e-04 -2.484232e-04 -2.315645e-04
 7702.200000 8.319433e-01 1.146516e+00 2.971248e+00 1.128797e-01 -3.426755e-04 -2.960119e-04 -2.441071e-04 -2.299837e-04
 7702.400000 8.314503e-01 1.146277e+00 2.970899e+00 1.143440e-01 -3.442166e-04 -2.913122e-04 -2.495672e-04 -2.263944e-04
 7702.600000 8.402274e-01 1.158849e+00 3.001337e+00 1.152549e-01 -3.417281e-04 -2.887581e-04 -2.522016e-04 -2.252314e-04
 7702.800000 8.340753e-01 1.150425e+00 2.976733e+00 1.133758e-01 -3.370335e-04 -2.841857e-04 -2.337172e-04 -2.151979e-04
 7703.000000 8.336922e-01 1.149998e+00 2.974222e+00 1.139803e-01 -3.439325e-04 -2.860882e-04 -2.393793e-04 -2.151879e-04
 7703.200000 8.371706e-01 1.154691e+00 2.985715e+00 1.125749e-01 -3.399232e-04 -2.840603e-04 -2.510916e-04 -2.322517e-04
 7703.400000 8.350245e-01 1.151995e+00 2.974512e+00 1.160914e-01 -3.394930e-04 -2.886962e-04 -2.403522e-04 -2.355046e-04
 7703.600000 8.341851e-01 1.151000e+00 2.970480e+00 1.145233e-01 -3.441969e-04 -2.892959e-04 -2.399255e-04 -2.359506e-04
 7703.800000 8.319056e-01 1.148302e+00 2.959941e+00 1.119088e-01 -3.386451e-04 -2.912105e-04 -2.529357e-04 -2.264357e-04
 7704.000000 8.344737e-01 1.151588e+00 2.967130e+00 1.145646e-01 -3.284844e-04 -2.898436e-04 -2.410229e-04 -2.245218e-04
 7704.200000 8.315574e-01 1.147880e+00 2.952382e+00 1.127186e-01 -3.292621e-04 -2.916094e-04 -2.406538e-04 -2.166341e-04
 7704.400000 8.344484e-01 1.152427e+00 2.960990e+00 1.142345e-01 -3.310090e-04 -2.876430e-04 -2.528109e-04 -2.241157e-04
 7704.600000 8.335979e-01 1.151221e+00 2.955575e+00 1.133588e-01 -3.238613e-04 -2.921952e-04 -2.545642e-04 -2.209222e-04
 7704.800000 8.366345e-01 1.155682e+00 2.963252e+00 1.158997e-01 -3.237128e-04 -3.044093e-04 -2.582042e-04 -2.202889e-04
 7705.000000 8.376438e-01 1.157236e+00 2.962167e+00 1.154603e-01 -3.223966e-04 -2.973180e-04 -2.550348e-04 -2.223783e-04
 7705.200000 8.332651e-01 1.151087e+00 2.939850e+00 1.120973e-01 -3.221171e-04 -2.926102e-04 -2.560826e-04 -2.302874e-04
 7705.400000 8.331316e-01 1.151038e+00 2.934129e+00 1.146607e-01 -3.156403e-04 -2.910681e-04 -2.472398e-04 -2.260425e-04
 7705.600000 8.356592e-01 1.154624e+00 2.936534e+00 1.134811e-01 -3.213021e-04 -3.036334e-04 -2.626104e-04 -2.272365e-04
 7705.800000 8.346026e-01 1.154064e+00 2.929512e+00 1.150322e-01 -3.205839e-04 -3.119723e-04 -2.558223e-04 -2.223418e-04
 7706.000000 8.335769e-01 1.152302e+00 2.914792e+00 1.149982e-01 -3.285144e-04 -3.097267e-04 -2.481144e-04 -2.242772e-04
 7706.200000 8.353994e-01 1.154840e+00 2.911467e+00 1.133706e-01 -3.356793e-04 -3.102554e-04 -2.529990e-04 -2.169359e-04
 7706.400000 8.332222e-01 1.152087e+00 2.892200e+00 1.156087e-01 -3.369297e-04 -3.052751e-04 -2.626790e-04 -2.251631e-04
 7706.600000 8.307525e-01 1.148882e+00 2.868073e+00 1.136337e-01 -3.462799e-04 -2.929499e-04 -2.565234e-04 -2.204008e-04
 7706.800000 8.346179e-01 1.154451e+00 2.866677e+00 1.159058e-01 -3.496029e-04 -2.917172e-04 -2.420973e-04 -2.122293e-04
 7707.000000 8.326483e-01 1.152093e+00 2.837954e+00 1.135393e-01 -3.491622e-04 -2.943266e-04 -2.353323e-04 -2.264353e-04
 7707.200000 8.341626e-01 1.154570e+00 2.815779e+00 1.146788e-01 -3.525266e-04 -2.896258e-04 -2.369954e-04 -2.250256e-04
 7707.400000 8.367975e-01 1.158262e+00 2.789629e+00 1.158518e-01 -3.454894e-04 -2.950469e-04 -2.438426e-04 -2.372560e-04
 7707.600000 8.311128e-01 1.150296e+00 2.725601e+00 1.133471e-01 -3.357319e-04 -2.899720e-04 -2.409778e-04 -2.395747e-04
 7707.800000 8.322605e-01 1.152094e+00 2.677053e+00 1.144973e-01 -3.385872e-04 -2.946117e-04 -2.470909e-04 -2.400822e-04
 7708.000000 8.316772e-01 1.151748e+00 2.616490e+00 1.133343e-01 -3.332846e-04 -2.980863e-04 -2.480014e-04 -2.365290e-04
 7708.200000 8.342831e-01 1.155088e+00 2.560573e+00 1.154607e-01 -3.349979e-04 -3.106338e-04 -2.510356e-04 -2.296583e-04
 7708.400000 8.325355e-01 1.153083e+00 2.486323e+00 1.140248e-01 -3.341539e-04 -3.064786e-04 -2.450681e-04 -2.212677e-04
 7708.600000 8.341112e-01 1.155511e+00 2.425927e+00 1.153233e-01 -3.320432e-04 -2.978623e-04 -2.472500e-04 -2.335274e-04
 7708.800000 8.344002e-01 1.155985e+00 2.359285e+00 1.142771e-01 -3.202656e-04 -3.034562e-04 -2.501083e-04 -2.403140e-04
 7709.000000 8.367263e-01 1.159413e+00 2.303613e+00 1.154753e-01 -3.213552e-04 -2.952424e-04 -2.442036e-04 -2.338061e-04
 7709.200000 8.331301e-01 1.154591e+00 2.233326e+00 1.153345e-01 -3.272192e-04 -2.932297e-04 -2.428861e-04 -2.269416e-04
 7709.400000 8.350059e-01 1.157255e+00 2.183135e+00 1.150454e-01 -3.274903e-04 -2.970809e-04 -2.545417e-04 -2.452982e-04
 7709.600000 8.327583e-01 1.154016e+00 2.124707e+00 1.145371e-01 -3.352757e-04 -2.975560e-04 -2.478464e-04 -2.413530e-04
 7709.800000 8.332470e-01 1.155277e+00 2.077157e+00 1.151463e-01 -3.311598e-04 -3.037772e-04 -2.470824e-04 -2.248705e-04
 7710.000000 8.325939e-01 1.154420e+00 2.027927e+00 1.147633e-01 -3.369912e-04 -3.020789e-04 -2.465897e-04 -2.264187e-04
 7710.200000 8.333046e-01 1.155597e+00 1.988500e+00 1.152762e-01 -3.324420e-04 -2.974253e-04 -2.570622e-04 -2.233507e-04
 7710.400000 8.338744e-01 1.156613e+00 1.952293e+00 1.154582e-01 -3.341933e-04 -2.944293e-04 -2.462295e-04 -2.268570e-04
 7710.600000 8.338649e-01 1.156832e+00 1.917161e+00 1.154760e-01 -3.487193e-04 -2.950963e-04 -2.408816e-04 -2.326725e-04
 7710.800000 8.345742e-01 1.157559e+00 1.887092e+00 1.155253e-01 -3.467866e-04 -2.985525e-04 -2.369028e-04 -2.225868e-04
 7711.000000 8.357641e-01 1.159487e+00 1.862717e+00 1.156975e-01 -3.342272e-04 -3.011817e-04 -2.491759e-04 -2.279082e-04
 7711.200000 8.352070e-01 1.158536e+00 1.838413e+00 1.156812e-01 -3.295436e-04 -2.883446e-04 -2.514727e-04 -2.282325e-04
 7711.400000 8.355510e-01 1.159255e+00 1.821082e+00 1.156917e-01 -3.275438e-04 -2.824523e-04 -2.502607e-04 -2.303160e-04
 7711.600000 8.335804e-01 1.156497e+00 1.799052e+00 1.157955e-01 -3.330548e-04 -2.868236e-04 -2.402705e-04 -2.311122e-04
 7711.800000 8.346317e-01 1.158069e+00 1.788544e+00 1.158207e-01 -3.324704e-04 -2.871876e-04 -2.351730e-04 -2.276995e-04
 7712.000000 8.345893e-01 1.158533e+00 1.778305e+00 1.162656e-01 -3.439140e-04 -2.781978e-04 -2.541686e-04 -2.320002e-04
 7712.200000 8.338654e-01 1.157810e+00 1.767634e+00 1.166481e-01 -3.495509e-04 -2.790860e-04 -2.549150e-04 -2.214842e-04
 7712.400000 8.349017e-01 1.159246e+00 1.763943e+00 1.170754e-01 -3.585655e-04 -2.759130e-04 -2.434642e-04 -2.265658e-04
 7712.600000 8.341140e-01 1.158014e+00 1.756958e+00 1.175162e-01 -3.556253e-04 -2.737324e-04 -2.475914e-04 -2.620047e-04
 7712.800000 8.340814e-01 1.158008e+00 1.752322e+00 1.173967e-01 -3.607648e-04 -2.648935e-04 -2.472212e-04 -2.581780e-04
 7713.000000 8.336994e-01 1.157304e+00 1.747647e+00 1.173430e-01 -3.628070e-04 -2.633720e-04 -2.477787e-04 -2.603361e-04
 7713.200000 8.348763e-01 1.159046e+00 1.746421e+00 1.185749e-01 -3.606399e-04 -2.583121e-04 -2.611385e-04 -2.678273e-04
 7713.400000 8.341140e-01 1.158032e+00 1.739609e+00 1.189984e-01 -3.546206e-04 -2.630369e-04 -2.609773e-04 -2.635988e-04
 7713.600000 8.331622e-01 1.156672e+00 1.730743e+00 1.189491e-01 -3.503174e-04 -2.712495e-04 -2.543329e-04 -2.576736e-04
 7713.800000 8.344868e-01 1.158723e+00 1.725242e+00 1.196132e-01 -3.499695e-04 -2.699714e-04 -2.471256e-04 -2.537694e-04
 7714.000000 8.326320e-01 1.155909e+00 1.709193e+00 1.197079e-01 -3.555611e-04 -2.702022e-04 -2.355831e-04 -2.508677e-04
 7714.200000 8.337668e-01 1.157528e+00 1.696985e+00 1.204579e-01 -3.499626e-04 -2.601455e-04 -2.454430e-04 -2.622570e-04
 7714.400000 8.330802e-01 1.156255e+00 1.680030e+00 1.205570e-01 -3.427212e-04 -2.583770e-04 -2.523431e-04 -2.700354e-04
 7714.600000 8.324831e-01 1.155615e+00 1.660613e+00 1.212774e-01 -3.429877e-04 -2.580565e-04 -2.411899e-04 -2.633590e-04
 7714.800000 8.343722e-01 1.158275e+00 1.645328e+00 1.214872e-01 -3.455419e-04 -2.550148e-04 -2.350738e-04 -2.676094e-04
 7715.000000 8.330339e-01 1.156325e+00 1.621287e+00 1.208415e-01 -3.458618e-04 -2.549170e-04 -2.392765e-04 -2.618896e-04
 7715.200000 8.323715e-01 1.155593e+00 1.597250e+00 1.221795e-01 -3.418042e-04 -2.630920e-04 -2.477381e-04 -2.696009e-04
 7715.400000 8.338078e-01 1.157686e+00 1.577288e+00 1.222703e-01 -3.429995e-04 -2.658203e-04 -2.427533e-04 -2.861893e-04
 7715.600000 8.327382e-01 1.156238e+00 1.552943e+00 1.213740e-01 -3.541298e-04 -2.493745e-04 -2.346746e-04 -2.754582e-04
 7715.800000 8.334188e-01 1.157734e+00 1.533446e+00 1.216085e-01 -3.619603e-04 -2.627385e-04 -2.557644e-04 -2.824742e-04
 7716.000000 8.329079e-01 1.157393e+00 1.509772e+00 1.216116e-01 -3.566802e-04 -2.634204e-04 -2.470479e-04 -2.838443e-04
 7716.200000 8.334247e-01 1.158004e+00 1.488957e+00 1.207751e-01 -3.620397e-04 -2.671259e-04 -2.471841e-04 -2.548706e-04
 7716.400000 8.325067e-01 1.157049e+00 1.466927e+00 1.208495e-01 -3.604626e-04 -2.687878e-04 -2.516917e-04 -2.353741e-04
 7716.600000 8.343773e-01 1.159730e+00 1.450654e+00 1.210960e-01 -3.567163e-04 -2.783229e-04 -2.563803e-04 -2.261200e-04
 7716.800000 8.300716e-01 1.153834e+00 1.421191e+00 1.209567e-01 -3.534455e-04 -2.730040e-04 -2.423272e-04 -2.219716e-04
 7717.000000 8.333239e-01 1.158817e+00 1.407761e+00 1.222218e-01 -3.470903e-04 -2.749440e-04 -2.416619e-04 -2.379888e-04
 7717.200000 8.321386e-01 1.157628e+00 1.387249e+00 1.216967e-01 -3.417656e-04 -2.803844e-04 -2.420440e-04 -2.409531e-04
 7717.400000 8.321882e-01 1.157666e+00 1.366519e+00 1.216001e-01 -3.517460e-04 -2.878322e-04 -2.417352e-04 -2.299940e-04
 7717.600000 8.296954e-01 1.154074e+00 1.341353e+00 1.222379e-01 -3.551308e-04 -2.802368e-04 -2.401305e-04 -2.115175e-04
 7717.800000 8.303909e-01 1.155026e+00 1.321672e+00 1.227149e-01 -3.555885e-04 -2.757388e-04 -2.447180e-04 -2.121789e-04
 7718.000000 8.317019e-01 1.157068e+00 1.305075e+00 1.223516e-01 -3.467686e-04 -2.740019e-04 -2.495752e-04 -2.274526e-04
 7718.200000 8.306224e-01 1.155814e+00 1.284626e+00 1.221754e-01 -3.564738e-04 -2.708755e-04 -2.508547e-04 -2.256715e-04
 7718.400000 8.327750e-01 1.158784e+00 1.267563e+00 1.244321e-01 -3.625353e-04 -2.742407e-04 -2.469828e-04 -2.265783e-04
 7718.600000 8.303038e-01 1.155648e+00 1.243893e+00 1.238614e-01 -3.638726e-04 -2.803801e-04 -2.227747e-04 -2.233095e-04
 7718.800000 8.342501e-01 1.160839e+00 1.230725e+00 1.252805e-01 -3.694298e-04 -2.777054e-04 -2.242136e-04 -2.240439e-04
 7719.000000 8.332011e-01 1.159644e+00 1.209370e+00 1.248746e-01 -3.621961e-04 -2.786993e-04 -2.401144e-04 -2.184960e-04
 7719.200000 8.314500e-01 1.157403e+00 1.187042e+00 1.246145e-01 -3.630775e-04 -2.701389e-04 -2.441926e-04 -2.233442e-04
 7719.400000 8.335073e-01 1.160179e+00 1.169313e+00 1.255943e-01 -3.563769e-04 -2.734239e-04 -2.507721e-04 -2.278127e-04
 7719.600000 8.313519e-01 1.156693e+00 1.144795e+00 1.255995e-01 -3.535499e-04 -2.724859e-04 -2.602579e-04 -2.270900e-04
 7719.800000 8.285844e-01 1.152933e+00 1.119827e+00 1.259418e-01 -3.560297e-04 -2.708031e-04 -2.591500e-04 -2.177064e-04
 7720.000000 8.323029e-01 1.158881e+00 1.106207e+00 1.270433e-01 -3.623075e-04 -2.708471e-04 -2.584969e-04 -2.095499e-04
 7720.200000 8.311940e-01 1.157085e+00 1.084493e+00 1.270608e-01 -3.574427e-04 -2.696034e-04 -2.574624e-04 -2.091912e-04
 7720.400000 8.316372e-01 1.157026e+00 1.065353e+00 1.276201e-01 -3.514675e-04 -2.685214e-04 -2.515282e-04 -2.091592e-04
 7720.600000 8.334259e-01 1.159718e+00 1.047053e+00 1.281359e-01 -3.504352e-04 -2.676067e-04 -2.534912e-04 -2.166386e-04
 7720.800000 8.270549e-01 1.150788e+00 1.017390e+00 1.284269e-01 -3.571349e-04 -2.607994e-04 -2.518439e-04 -2.191838e-04
 7721.000000 8.297299e-01 1.154961e+00 1.000686e+00 1.287749e-01 -3.577261e-04 -2.619255e-04 -2.465843e-04 -2.013506e-04
 7721.200000 8.314416e-01 1.157604e+00 9.845426e-01 1.293490e-01 -3.571835e-04 -2.652900e-04 -2.387518e-04 -1.932964e-04
 7721.400000 8.310853e-01 1.156700e+00 9.625227e-01 1.292672e-01 -3.494484e-04 -2.756037e-04 -2.482222e-04 -1.985976e-04
 7721.600000 8.334024e-01 1.160142e+00 9.463927e-01 1.293504e-01 -3.437347e-04 -2.715714e-04 -2.539641e-04 -1.990278e-04
 7721.800000 8.342515e-01 1.161214e+00 9.278392e-01 1.312315e-01 -3.495847e-04 -2.825271e-04 -2.637498e-04 -2.032962e-04
 7722.000000 8.301977e-01 1.155787e+00 9.039886e-01 1.313375e-01 -3.499854e-04 -2.821787e-04 -2.422125e-04 -1.992274e-04
 7722.200000 8.282862e-01 1.152475e+00 8.834533e-01 1.303400e-01 -3.427231e-04 -2.771709e-04 -2.604647e-04 -2.053747e-04
 7722.400000 8.362017e-01 1.163849e+00 8.766518e-01 1.310464e-01 -3.512235e-04 -2.660948e-04 -2.608312e-04 -2.232397e-04
 7722.600000 8.331777e-01 1.159709e+00 8.547437e-01 1.295353e-01 -3.551008e-04 -2.777341e-04 -2.593485e-04 -2.195698e-04
 7722.800000 8.306663e-01 1.156686e+00 8.369258e-01 1.323607e-01 -3.497258e-04 -2.832494e-04 -2.483422e-04 -2.010635e-04
 7723.000000 8.359045e-01 1.164034e+00 8.263555e-01 1.327478e-01 -3.514912e-04 -2.838639e-04 -2.595625e-04 -2.139188e-04
 7723.200000 8.324153e-01 1.158634e+00 8.094846e-01 1.320750e-01 -3.440569e-04 -2.889544e-04 -2.598331e-04 -2.180264e-04
 7723.400000 8.286717e-01 1.153029e+00 7.929578e-01 1.325585e-01 -3.452765e-04 -2.876418e-04 -2.532156e-04 -2.101724e-04
 7723.600000 8.321614e-01 1.157847e+00 7.859092e-01 1.317210e-01 -3.464584e-04 -2.903706e-04 -2.563935e-04 -2.091620e-04
 7723.800000 8.303795e-01 1.155253e+00 7.743989e-01 1.322421e-01 -3.411345e-04 -2.872262e-04 -2.600128e-04 -2.110112e-04
 7724.000000 8.301382e-01 1.155698e+00 7.669297e-01 1.335139e-01 -3.362733e-04 -2.918881e-04 -2.651239e-04 -2.207447e-04
 7724.200000 8.324216e-01 1.159012e+00 7.615532e-01 1.342285e-01 -3.361387e-04 -2.882391e-04 -2.641465e-04 -2.263476e-04
 7724.400000 8.265461e-01 1.150829e+00 7.505141e-01 1.335516e-01 -3.317077e-04 -2.773909e-04 -2.471140e-04 -2.152240e-04
 7724.600000 8.336391e-01 1.160651e+00 7.517913e-01 1.354941e-01 -3.410432e-04 -2.785192e-04 -2.598498e-04 -2.144725e-04
 7724.800000 8.316992e-01 1.157511e+00 7.470358e-01 1.348280e-01 -3.410427e-04 -2.726766e-04 -2.609772e-04 -2.171559e-04
 7725.000000 8.300398e-01 1.155669e+00 7.423668e-01 1.341195e-01 -3.433797e-04 -2.682283e-04 -2.651742e-04 -2.262220e-04
 7725.200000 8.306886e-01 1.156994e+00 7.403004e-01 1.368951e-01 -3.420504e-04 -2.792025e-04 -2.660996e-04 -2.297053e-04
 7725.400000 8.339166e-01 1.160876e+00 7.408639e-01 1.359290e-01 -3.413438e-04 -2.878814e-04 -2.735143e-04 -2.213703e-04
 7725.600000 8.328706e-01 1.159523e+00 7.386738e-01 1.359423e-01 -3.341930e-04 -2.855836e-04 -2.521205e-04 -2.183364e-04
 7725.800000 8.281197e-01 1.153030e+00 7.337847e-01 1.357190e-01 -3.414040e-04 -2.855401e-04 -2.507262e-04 -2.222619e-04
 7726.000000 8.274835e-01 1.152093e+00 7.340569e-01 1.346918e-01 -3.591163e-04 -2.902184e-04 -2.383040e-04 -2.236530e-04
 7726.200000 8.352355e-01 1.163190e+00 7.406796e-01 1.372992e-01 -3.565727e-04 -2.839835e-04 -2.358873e-04 -2.572370e-04
 7726.400000 8.322408e-01 1.159106e+00 7.388926e-01 1.358369e-01 -3.478708e-04 -2.712930e-04 -2.582440e-04 -2.520818e-04
 7726.600000 8.289645e-01 1.154937e+00 7.347801e-01 1.371892e-01 -3.432589e-04 -2.747755e-04 -2.474754e-04 -2.255466e-04
 7726.800000 8.285508e-01 1.153938e+00 7.358488e-01 1.372256e-01 -3.448938e-04 -2.850994e-04 -2.476367e-04 -2.310855e-04
 7727.000000 8.321700e-01 1.159823e+00 7.415989e-01 1.361900e-01 -3.385843e-04 -2.803761e-04 -2.362790e-04 -2.231593e-04
 7727.200000 8.319256e-01 1.159497e+00 7.416579e-01 1.379240e-01 -3.356099e-04 -2.780699e-04 -2.291624e-04 -2.272323e-04
 7727.400000 8.274120e-01 1.153205e+00 7.396395e-01 1.355767e-01 -3.331093e-04 -2.763937e-04 -2.375604e-04 -2.237416e-04
 7727.600000 8.294441e-01 1.156932e+00 7.415727e-01 1.375430e-01 -3.334975e-04 -2.775162e-04 -2.497219e-04 -2.240631e-04
 7727.800000 8.299646e-01 1.157540e+00 7.426496e-01 1.373507e-01 -3.364570e-04 -2.865093e-04 -2.523855e-04 -2.269384e-04
 7728.000000 8.276030e-01 1.154230e+00 7.438227e-01 1.370079e-01 -3.404862e-04 -2.832606e-04 -2.417383e-04 -2.208148e-04
 7728.200000 8.305888e-01 1.158662e+00 7.461813e-01 1.363679e-01 -3.442413e-04 -2.761213e-04 -2.632624e-04 -2.296543e-04
 7728.400000 8.314086e-01 1.159256e+00 7.465313e-01 1.367573e-01 -3.482837e-04 -2.666722e-04 -2.636229e-04 -2.322929e-04
 7728.600000 8.280204e-01 1.154704e+00 7.452155e-01 1.369439e-01 -3.451573e-04 -2.742912e-04 -2.561106e-04 -2.242045e-04
 7728.800000 8.307561e-01 1.159324e+00 7.473358e-01 1.377783e-01 -3.474546e-04 -2.772291e-04 -2.580085e-04 -2.159595e-04
 7729.000000 8.317043e-01 1.160856e+00 7.490778e-01 1.356941e-01 -3.435911e-04 -2.816770e-04 -2.583869e-04 -2.141957e-04
 7729.200000 8.295590e-01 1.158314e+00 7.467627e-01 1.368463e-01 -3.386634e-04 -2.780138e-04 -2.603195e-04 -2.294160e-04
 7729.400000 8.291337e-01 1.157600e+00 7.440889e-01 1.378618e-01 -3.377331e-04 -2.726539e-04 -2.626486e-04 -2.297088e-04
 7729.600000 8.319473e-01 1.161682e+00 7.467459e-01 1.392147e-01 -3.414341e-04 -2.714256e-04 -2.738915e-04 -2.359147e-04
 7729.800000 8.280300e-01 1.156382e+00 7.410279e-01 1.364813e-01 -3.438186e-04 -2.714182e-04 -2.606057e-04 -2.225817e-04
 7730.000000 8.313372e-01 1.161228e+00 7.433794e-01 1.374877e-01 -3.502466e-04 -2.657593e-04 -2.623325e-04 -2.151802e-04
 7730.200000 8.304888e-01 1.159904e+00 7.380309e-01 1.374307e-01 -3.482718e-04 -2.696421e-04 -2.822931e-04 -2.180595e-04
 7730.400000 8.252546e-01 1.152968e+00 7.292669e-01 1.353926e-01 -3.400413e-04 -2.678082e-04 -2.536021e-04 -2.145957e-04
 7730.600000 8.325792e-01 1.163219e+00 7.327573e-01 1.382828e-01 -3.419150e-04 -2.665414e-04 -2.548229e-04 -2.202789e-04
 7730.800000 8.303106e-01 1.160139e+00 7.246906e-01 1.377363e-01 -3.397208e-04 -2.669436e-04 -2.515642e-04 -2.269601e-04
 7731.000000 8.291449e-01 1.158864e+00 7.217073e-01 1.361345e-01 -3.400506e-04 -2.696141e-04 -2.342938e-04 -2.275822e-04
 7731.200000 8.317386e-01 1.162650e+00 7.190035e-01 1.371316e-01 -3.470604e-04 -2.773725e-04 -2.361109e-04 -2.224534e-04
 7731.400000 8.303872e-01 1.160729e+00 7.135770e-01 1.380253e-01 -3.523799e-04 -2.702393e-04 -2.485258e-04 -2.373264e-04
 7731.600000 8.284590e-01 1.158334e+00 7.067330e-01 1.362241e-01 -3.427875e-04 -2.732025e-04 -2.454974e-04 -2.377686e-04
 7731.800000 8.255034e-01 1.154547e+00 7.015214e-01 1.373015e-01 -3.333488e-04 -2.646265e-04 -2.396920e-04 -2.341308e-04
 7732.000000 8.332133e-01 1.165277e+00 7.028402e-01 1.379277e-01 -3.380342e-04 -2.658617e-04 -2.531704e-04 -2.283418e-04
 7732.200000 8.211160e-01 1.148264e+00 6.887377e-01 1.365112e-01 -3.387308e-04 -2.567904e-04 -2.512547e-04 -2.443988e-04
 7732.400000 8.396509e-01 1.174375e+00 7.006080e-01 1.402829e-01 -3.518256e-04 -2.663089e-04 -2.597249e-04 -2.516002e-04
 7732.600000 8.288242e-01 1.159953e+00 6.909612e-01 1.371372e-01 -3.470618e-04 -2.680294e-04 -2.378201e-04 -2.375652e-04
 7732.800000 8.293515e-01 1.160879e+00 6.881443e-01 1.381114e-01 -3.454722e-04 -2.683591e-04 -2.405479e-04 -2.300989e-04
 7733.000000 8.285374e-01 1.159695e+00 6.857993e-01 1.392888e-01 -3.377603e-04 -2.765598e-04 -2.463895e-04 -2.342368e-04
 7733.200000 8.306004e-01 1.162302e+00 6.856986e-01 1.381835e-01 -3.440553e-04 -2.705425e-04 -2.408673e-04 -2.284701e-04
 7733.400000 8.266486e-01 1.157277e+00 6.840545e-01 1.382705e-01 -3.404841e-04 -2.636218e-04 -2.516005e-04 -2.319099e-04
 7733.600000 8.282284e-01 1.159851e+00 6.861422e-01 1.380383e-01 -3.507013e-04 -2.730453e-04 -2.509396e-04 -2.450910e-04
 7733.800000 8.327910e-01 1.166586e+00 6.906953e-01 1.406637e-01 -3.563288e-04 -2.698049e-04 -2.548877e-04 -2.560940e-04
 7734.000000 8.274526e-01 1.158742e+00 6.878871e-01 1.377876e-01 -3.508230e-04 -2.689818e-04 -2.447658e-04 -2.560638e-04
 7734.200000 8.294295e-01 1.161488e+00 6.903110e-01 1.368595e-01 -3.556011e-04 -2.757957e-04 -2.586983e-04 -2.311394e-04
 7734.400000 8.262899e-01 1.156971e+00 6.917640e-01 1.386870e-01 -3.627830e-04 -2.764063e-04 -2.589730e-04 -2.298483e-04
 7734.600000 8.324237e-01 1.166558e+00 6.997557e-01 1.398410e-01 -3.616622e-04 -2.713804e-04 -2.525060e-04 -2.394111e-04
 7734.800000 8.309865e-01 1.164773e+00 7.020945e-01 1.403643e-01 -3.500848e-04 -2.631291e-04 -2.418939e-04 -2.505658e-04
 7735.000000 8.264796e-01 1.157948e+00 6.994207e-01 1.386429e-01 -3.561348e-04 -2.625004e-04 -2.447393e-04 -2.460078e-04
 7735.200000 8.283092e-01 1.160374e+00 7.049836e-01 1.373056e-01 -3.584567e-04 -2.749384e-04 -2.508099e-04 -2.344646e-04
 7735.400000 8.299496e-01 1.162651e+00 7.115649e-01 1.381240e-01 -3.646090e-04 -2.805598e-04 -2.679859e-04 -2.347295e-04
 7735.600000 8.292875e-01 1.162388e+00 7.137560e-01 1.391989e-01 -3.599345e-04 -2.844658e-04 -2.560185e-04 -2.307307e-04
 7735.800000 8.257699e-01 1.157598e+00 7.127201e-01 1.376503e-01 -3.527180e-04 -2.905526e-04 -2.565940e-04 -2.319143e-04
 7736.000000 8.317124e-01 1.166720e+00 7.219541e-01 1.397986e-01 -3.491113e-04 -2.769108e-04 -2.691195e-04 -2.344731e-04
 7736.200000 8.305863e-01 1.164291e+00 7.225395e-01 1.401281e-01 -3.534887e-04 -2.826173e-04 -2.627262e-04 -2.255622e-04
 7736.400000 8.277142e-01 1.160835e+00 7.252916e-01 1.384947e-01 -3.462104e-04 -2.750852e-04 -2.561079e-04 -2.202792e-04
 7736.600000 8.283936e-01 1.161856e+00 7.264512e-01 1.367528e-01 -3.418942e-04 -2.786008e-04 -2.526093e-04 -2.256583e-04
 7736.800000 8.355836e-01 1.172029e+00 7.359897e-01 1.396167e-01 -3.523584e-04 -2.800960e-04 -2.515662e-04 -2.296061e-04
 7737.000000 8.221079e-01 1.153052e+00 7.251226e-01 1.373011e-01 -3.463666e-04 -2.828323e-04 -2.310734e-04 -2.210570e-04
 7737.200000 8.334966e-01 1.169748e+00 7.381992e-01 1.374671e-01 -3.504188e-04 -2.823010e-04 -2.317163e-04 -2.170945e-04
 7737.400000 8.294942e-01 1.163976e+00 7.353443e-01 1.363532e-01 -3.552863e-04 -2.771067e-04 -2.463160e-04 -2.181645e-04
 7737.600000 8.253256e-01 1.158426e+00 7.326107e-01 1.363853e-01 -3.567754e-04 -2.755264e-04 -2.476798e-04 -2.287346e-04
 7737.800000 8.247918e-01 1.158131e+00 7.346697e-01 1.375662e-01 -3.561646e-04 -2.721997e-04 -2.495160e-04 -2.450357e-04
 7738.000000 8.270676e-01 1.161662e+00 7.373469e-01 1.370192e-01 -3.527657e-04 -2.835980e-04 -2.460437e-04 -2.397118e-04
 7738.200000 8.259291e-01 1.159586e+00 7.368529e-01 1.365227e-01 -3.533867e-04 -2.796226e-04 -2.397739e-04 -2.303995e-04
 7738.400000 8.266418e-01 1.161086e+00 7.395915e-01 1.370534e-01 -3.564044e-04 -2.777555e-04 -2.428714e-04 -2.317288e-04
 7738.600000 8.294227e-01 1.165338e+00 7.433511e-01 1.376950e-01 -3.428602e-04 -2.849396e-04 -2.331726e-04 -2.393751e-04
 7738.800000 8.281755e-01 1.163460e+00 7.428135e-01 1.361538e-01 -3.413513e-04 -2.773167e-04 -2.374820e-04 -2.260169e-04
 7739.000000 8.279672e-01 1.163963e+00 7.463550e-01 1.364605e-01 -3.403334e-04 -2.765502e-04 -2.304515e-04 -2.146538e-04
 7739.200000 8.288909e-01 1.165870e+00 7.486533e-01 1.378267e-01 -3.477362e-04 -2.852445e-04 -2.416444e-04 -2.318048e-04
 7739.400000 8.201964e-01 1.153434e+00 7.429337e-01 1.338498e-01 -3.453429e-04 -2.815153e-04 -2.427914e-04 -2.344143e-04
 7739.600000 8.274073e-01 1.164462e+00 7.501214e-01 1.363455e-01 -3.541497e-04 -2.840802e-04 -2.536414e-04 -2.335080e-04
 7739.800000 8.314725e-01 1.170131e+00 7.586339e-01 1.352205e-01 -3.539720e-04 -2.804543e-04 -2.454462e-04 -2.361650e-04
 7740.000000 8.288972e-01 1.166486e+00 7.564506e-01 1.353052e-01 -3.541849e-04 -2.803298e-04 -2.300765e-04 -2.418724e-04
 7740.200000 8.284695e-01 1.166392e+00 7.576584e-01 1.358644e-01 -3.476508e-04 -2.733409e-04 -2.363017e-04 -2.360664e-04
 7740.400000 8.231254e-01 1.159321e+00 7.553284e-01 1.355322e-01 -3.481077e-04 -2.716340e-04 -2.343516e-04 -2.313992e-04
 7740.600000 8.281169e-01 1.166247e+00 7.617944e-01 1.349243e-01 -3.419421e-04 -2.771926e-04 -2.397945e-04 -2.317286e-04
 7740.800000 8.105341e-01 1.142048e+00 7.466213e-01 1.324325e-01 -3.398247e-04 -2.660117e-04 -2.252563e-04 -2.256307e-04
 7741.000000 8.327492e-01 1.173494e+00 7.708125e-01 1.364241e-01 -3.447170e-04 -2.763909e-04 -2.478640e-04 -2.378113e-04
 7741.200000 8.233403e-01 1.160336e+00 7.633885e-01 1.334111e-01 -3.486431e-04 -2.795755e-04 -2.454838e-04 -2.309430e-04
 7741.400000 8.221631e-01 1.159308e+00 7.640695e-01 1.351263e-01 -3.463527e-04 -2.712200e-04 -2.242488e-04 -2.333378e-04
 7741.600000 8.233734e-01 1.160814e+00 7.676582e-01 1.343934e-01 -3.496361e-04 -2.651846e-04 -2.146053e-04 -2.089017e-04
 7741.800000 8.097457e-01 1.141597e+00 7.544053e-01 1.308748e-01 -3.494032e-04 -2.708413e-04 -2.372645e-04 -2.157153e-04
 7742.000000 8.064477e-01 1.136953e+00 7.540047e-01 1.308046e-01 -3.430956e-04 -2.714184e-04 -2.475128e-04 -2.184598e-04
 7742.700000 8.001491e-01 1.129098e+00 7.520270e-01 1.304640e-01 -3.437272e-04 -2.713946e-04 -2.458538e-04 -2.270885e-04
 7743.400000 8.199063e-01 1.157863e+00 7.720005e-01 1.328116e-01 -3.489303e-04 -2.710406e-04 -2.502911e-04 -2.248828e-04
 7744.100000 8.310211e-01 1.173699e+00 7.835693e-01 1.347031e-01 -3.434833e-04 -2.603879e-04 -2.551404e-04 -2.280338e-04
 7744.800000 8.299391e-01 1.173233e+00 7.852646e-01 1.349126e-01 -3.481467e-04 -2.587321e-04 -2.481303e-04 -2.289663e-04
 7745.500000 8.302202e-01 1.174345e+00 7.852433e-01 1.342666e-01 -3.505964e-04 -2.663893e-04 -2.534616e-04 -2.323071e-04
 7746.200000 8.289664e-01 1.173103e+00 7.828517e-01 1.342775e-01 -3.494788e-04 -2.622069e-04 -2.447223e-04 -2.239832e-04
 7746.900000 8.282007e-01 1.172353e+00 7.794083e-01 1.343765e-01 -3.540052e-04 -2.704039e-04 -2.515990e-04 -2.200671e-04
 7747.600000 8.292360e-01 1.174633e+00 7.760916e-01 1.336448e-01 -3.474797e-04 -2.722523e-04 -2.569506e-04 -2.138879e-04
 7748.300000 8.278318e-01 1.173080e+00 7.676566e-01 1.339574e-01 -3.471239e-04 -2.711313e-04 -2.517499e-04 -2.181323e-04
 7749.993695 8.274901e-01 1.173963e+00 7.455895e-01 1.333823e-01 -3.596779e-04 -2.774951e-04 -2.510713e-04 -2.309629e-04
 7750.999583 8.270786e-01 1.174231e+00 7.299073e-01 1.335356e-01 -3.576040e-04 -2.788537e-04 -2.512988e-04 -2.343210e-04
 7752.017662 8.269938e-01 1.175053e+00 7.130346e-01 1.333141e-01 -3.513799e-04 -2.726227e-04 -2.584524e-04 -2.395244e-04
 7753.047933 8.263139e-01 1.175029e+00 6.956851e-01 1.331771e-01 -3.512185e-04 -2.683133e-04 -2.593473e-04 -2.508764e-04
 7754.090396 8.236742e-01 1.171934e+00 6.764002e-01 1.325273e-01 -3.607315e-04 -2.670539e-04 -2.622151e-04 -2.409788e-04
 7755.145051 8.253452e-01 1.175639e+00 6.632606e-01 1.316777e-01 -3.533819e-04 -2.656897e-04 -2.517602e-04 -2.359800e-04
 7756.211898 8.247442e-01 1.175395e+00 6.518718e-01 1.322899e-01 -3.532900e-04 -2.690979e-04 -2.539946e-04 -2.330550e-04
 7757.290937 8.199290e-01 1.168016e+00 6.409593e-01 1.323251e-01 -3.476433e-04 -2.657273e-04 -2.445725e-04 -2.285073e-04
 7758.382167 8.252010e-01 1.177661e+00 6.466499e-01 1.329970e-01 -3.467272e-04 -2.705626e-04 -2.544792e-04 -2.327072e-04
 7759.485590 8.232170e-01 1.176018e+00 6.512096e-01 1.326744e-01 -3.509752e-04 -2.626685e-04 -2.538407e-04 -2.238145e-04
 7760.601204 8.244231e-01 1.178793e+00 6.626040e-01 1.334414e-01 -3.485532e-04 -2.633552e-04 -2.563907e-04 -2.264311e-04
 7761.729011 8.237984e-01 1.179152e+00 6.786189e-01 1.337891e-01 -3.496813e-04 -2.633258e-04 -2.531603e-04 -2.307993e-04
 7762.869009 8.244584e-01 1.180442e+00 6.987760e-01 1.333992e-01 -3.517959e-04 -2.604611e-04 -2.443919e-04 -2.307037e-04
 7764.021199 8.243801e-01 1.181494e+00 7.202254e-01 1.344659e-01 -3.592831e-04 -2.653385e-04 -2.466933e-04 -2.272948e-04
 7765.185582 8.231678e-01 1.180603e+00 7.400182e-01 1.342011e-01 -3.661199e-04 -2.622811e-04 -2.401639e-04 -2.208402e-04
 7766.362156 8.236976e-01 1.182122e+00 7.610438e-01 1.352493e-01 -3.648495e-04 -2.554365e-04 -2.470805e-04 -2.231807e-04
 7767.550922 8.229807e-01 1.182169e+00 7.794731e-01 1.346021e-01 -3.570936e-04 -2.643606e-04 -2.341110e-04 -2.097326e-04
 7768.751879 8.234429e-01 1.183522e+00 7.966712e-01 1.347966e-01 -3.558070e-04 -2.682816e-04 -2.288209e-04 -2.182191e-04
 7769.965029 8.225338e-01 1.183491e+00 8.082141e-01 1.349135e-01 -3.481109e-04 -2.641059e-04 -2.361091e-04 -2.212075e-04
 7771.190371 8.232164e-01 1.184968e+00 8.171016e-01 1.357376e-01 -3.566358e-04 -2.684328e-04 -2.335920e-04 -2.230292e-04
 7772.427904 8.213513e-01 1.183488e+00 8.204314e-01 1.355027e-01 -3.535578e-04 -2.681226e-04 -2.463498e-04 -2.193871e-04
 7773.677630 8.232207e-01 1.187724e+00 8.270296e-01 1.356963e-01 -3.652619e-04 -2.685995e-04 -2.504538e-04 -2.201327e-04
 7774.939547 8.220285e-01 1.186695e+00 8.303599e-01 1.352164e-01 -3.644484e-04 -2.736989e-04 -2.526940e-04 -2.102912e-04
 7776.213657 8.207450e-01 1.185562e+00 8.344965e-01 1.351423e-01 -3.642777e-04 -2.721736e-04 -2.427404e-04 -2.171197e-04
 7777.499958 8.222579e-01 1.189434e+00 8.415659e-01 1.356205e-01 -3.669904e-04 -2.625287e-04 -2.511656e-04 -2.346302e-04
 7778.798451 8.211651e-01 1.188755e+00 8.439608e-01 1.357563e-01 -3.740119e-04 -2.617773e-04 -2.539318e-04 -2.312516e-04
 7780.109136 8.209405e-01 1.189171e+00 8.448508e-01 1.356748e-01 -3.759391e-04 -2.557259e-04 -2.618975e-04 -2.298675e-04
 7781.432013 8.202125e-01 1.189492e+00 8.414466e-01 1.360358e-01 -3.742331e-04 -2.633692e-04 -2.519468e-04 -2.299469e-04
 7782.767082 8.214635e-01 1.192534e+00 8.378663e-01 1.360265e-01 -3.737634e-04 -2.672425e-04 -2.457540e-04 -2.251479e-04
 7784.114342 8.195090e-01 1.190407e+00 8.286064e-01 1.359432e-01 -3.682587e-04 -2.704129e-04 -2.452064e-04 -2.238089e-04
 7785.473795 8.197607e-01 1.191561e+00 8.227345e-01 1.356922e-01 -3.626312e-04 -2.723262e-04 -2.388087e-04 -2.196125e-04
 7786.845440 8.199659e-01 1.193408e+00 8.177484e-01 1.361682e-01 -3.599591e-04 -2.695569e-04 -2.479749e-04 -2.156087e-04
 7788.229276 8.206908e-01 1.195981e+00 8.116720e-01 1.370172e-01 -3.587383e-04 -2.617253e-04 -2.409212e-04 -2.224223e-04
 7789.625305 8.194597e-01 1.195453e+00 8.018374e-01 1.370255e-01 -3.624660e-04 -2.577537e-04 -2.440642e-04 -2.294065e-04
 7791.033525 8.194930e-01 1.195910e+00 7.935123e-01 1.368002e-01 -3.651763e-04 -2.688533e-04 -2.468873e-04 -2.249968e-04
 7792.453937 8.186319e-01 1.195916e+00 7.824215e-01 1.367698e-01 -3.629510e-04 -2.626151e-04 -2.459626e-04 -2.175488e-04
 7793.886541 8.192541e-01 1.198265e+00 7.758014e-01 1.369548e-01 -3.594057e-04 -2.642875e-04 -2.498167e-04 -2.154191e-04
 7795.331337 8.169925e-01 1.195573e+00 7.653971e-01 1.371904e-01 -3.561467e-04 -2.624417e-04 -2.499893e-04 -2.119399e-04
 7796.788325 8.178476e-01 1.198053e+00 7.562958e-01 1.370668e-01 -3.498029e-04 -2.615242e-04 -2.399577e-04 -2.172899e-04
 7798.257505 8.167654e-01 1.198038e+00 7.425571e-01 1.366070e-01 -3.529098e-04 -2.581549e-04 -2.412238e-04 -2.195600e-04
 7799.738877 8.183457e-01 1.202210e+00 7.294267e-01 1.380963e-01 -3.512049e-04 -2.657194e-04 -2.493292e-04 -2.190739e-04
 7801.232440 8.146662e-01 1.197337e+00 7.100448e-01 1.361928e-01 -3.517121e-04 -2.649124e-04 -2.509003e-04 -2.094735e-04
 7802.738196 8.170786e-01 1.201950e+00 6.989276e-01 1.363864e-01 -3.441216e-04 -2.655370e-04 -2.547959e-04 -2.084440e-04
 7804.256143 8.129619e-01 1.196282e+00 6.841108e-01 1.367012e-01 -3.439454e-04 -2.674505e-04 -2.602094e-04 -2.261232e-04
 7805.786283 8.151677e-01 1.201144e+00 6.802923e-01 1.367645e-01 -3.593710e-04 -2.645067e-04 -2.519333e-04 -2.273386e-04
 7807.328614 8.156969e-01 1.204369e+00 6.806138e-01 1.370526e-01 -3.636499e-04 -2.689953e-04 -2.492650e-04 -2.240855e-04
 7808.883137 8.161446e-01 1.206357e+00 6.867037e-01 1.369121e-01 -3.676130e-04 -2.636297e-04 -2.469487e-04 -2.151008e-04
 7810.449852 8.139621e-01 1.203805e+00 6.942646e-01 1.380784e-01 -3.642404e-04 -2.589486e-04 -2.601011e-04 -2.139544e-04
 7812.028759 8.151232e-01 1.207023e+00 7.072448e-01 1.374238e-01 -3.434661e-04 -2.618406e-04 -2.676770e-04 -2.134363e-04
 7813.619858 8.151602e-01 1.209032e+00 7.212620e-01 1.368886e-01 -3.433460e-04 -2.679081e-04 -2.670671e-04 -2.169210e-04
 7815.223149 8.151370e-01 1.210325e+00 7.376686e-01 1.375423e-01 -3.524232e-04 -2.679639e-04 -2.767506e-04 -2.163439e-04
 7816.838632 8.143342e-01 1.209817e+00 7.537296e-01 1.369745e-01 -3.562801e-04 -2.606810e-04 -2.595831e-04 -2.041327e-04
 7818.466307 8.135733e-01 1.209840e+00 7.705894e-01 1.369562e-01 -3.503855e-04 -2.600330e-04 -2.637669e-04 -2.036034e-04
 7820.106173 8.136690e-01 1.211561e+00 7.864068e-01 1.368851e-01 -3.559758e-04 -2.619435e-04 -2.722799e-04 -2.062464e-04
 7821.758232 8.134373e-01 1.213059e+00 8.044750e-01 1.373807e-01 -3.636415e-04 -2.649066e-04 -2.726924e-04 -2.085976e-04
 7823.422482 8.134192e-01 1.214317e+00 8.219103e-01 1.374439e-01 -3.641397e-04 -2.722397e-04 -2.658736e-04 -2.048461e-04
 7825.098924 8.110343e-01 1.211798e+00 8.375374e-01 1.361610e-01 -3.657062e-04 -2.742174e-04 -2.644687e-04 -1.989426e-04
 7826.787558 8.126847e-01 1.215876e+00 8.612965e-01 1.371962e-01 -3.628300e-04 -2.716915e-04 -2.563512e-04 -2.020931e-04
 7828.488385 8.078749e-01 1.210580e+00 8.790894e-01 1.365313e-01 -3.633349e-04 -2.710735e-04 -2.605358e-04 -2.108455e-04
 7830.201403 8.078983e-01 1.211384e+00 8.975854e-01 1.363417e-01 -3.601107e-04 -2.672479e-04 -2.566021e-04 -2.186085e-04
 7831.926613 8.090450e-01 1.214316e+00 9.117705e-01 1.372751e-01 -3.550402e-04 -2.654585e-04 -2.515667e-04 -2.480098e-04
 7833.664014 8.112987e-01 1.219088e+00 9.215861e-01 1.376275e-01 -3.624833e-04 -2.471799e-04 -2.555777e-04 -2.789442e-04
 7835.413608 8.103495e-01 1.219044e+00 9.216180e-01 1.369433e-01 -3.699681e-04 -2.497495e-04 -2.484399e-04 -2.613272e-04
 7837.175394 8.114561e-01 1.222408e+00 9.194357e-01 1.370858e-01 -3.659928e-04 -2.571494e-04 -2.442616e-04 -2.672404e-04
 7838.949371 8.092354e-01 1.220482e+00 9.098643e-01 1.372706e-01 -3.650589e-04 -2.529260e-04 -2.395659e-04 -2.702840e-04
 7840.735541 8.099505e-01 1.222795e+00 9.023611e-01 1.375215e-01 -3.610190e-04 -2.449476e-04 -2.439927e-04 -2.744778e-04
 7842.533902 8.082471e-01 1.221384e+00 8.903238e-01 1.372135e-01 -3.555449e-04 -2.392276e-04 -2.470227e-04 -2.777888e-04
 7844.344455 8.103193e-01 1.226173e+00 8.827893e-01 1.371598e-01 -3.582605e-04 -2.474855e-04 -2.508365e-04 -2.678460e-04
 7846.167201 8.086930e-01 1.224928e+00 8.724995e-01 1.372152e-01 -3.565010e-04 -2.606951e-04 -2.489189e-04 -2.631957e-04
 7848.002138 8.094919e-01 1.228071e+00 8.686899e-01 1.374920e-01 -3.523532e-04 -2.557390e-04 -2.396737e-04 -2.576840e-04
 7849.849267 8.073287e-01 1.226064e+00 8.645591e-01 1.370242e-01 -3.501383e-04 -2.507527e-04 -2.471616e-04 -2.575976e-04
 7851.708588 8.093051e-01 1.230895e+00 8.692106e-01 1.376251e-01 -3.533075e-04 -2.452771e-04 -2.535804e-04 -2.599644e-04
 7853.580100 8.051269e-01 1.226150e+00 8.682880e-01 1.372839e-01 -3.523428e-04 -2.526058e-04 -2.486033e-04 -2.672328e-04
 7855.463805 8.023890e-01 1.223343e+00 8.671771e-01 1.371430e-01 -3.505482e-04 -2.662713e-04 -2.495082e-04 -2.573164e-04
 7857.359702 8.052115e-01 1.228912e+00 8.662571e-01 1.379301e-01 -3.495308e-04 -2.675362e-04 -2.441713e-04 -2.512233e-04
 7859.267790 8.076052e-01 1.234203e+00 8.571526e-01 1.390715e-01 -3.562040e-04 -2.649223e-04 -2.524019e-04 -2.633780e-04
 7861.188071 8.053707e-01 1.232446e+00 8.367751e-01 1.387385e-01 -3.558944e-04 -2.670359e-04 -2.416744e-04 -2.663230e-04
 7863.120543 8.061349e-01 1.235430e+00 8.156920e-01 1.390620e-01 -3.540901e-04 -2.619399e-04 -2.418006e-04 -2.596485e-04
 7865.065207 8.048985e-01 1.234969e+00 7.924839e-01 1.386770e-01 -3.593030e-04 -2.622740e-04 -2.507292e-04 -2.622424e-04
 7867.022064 8.047975e-01 1.236351e+00 7.758660e-01 1.390517e-01 -3.652064e-04 -2.592664e-04 -2.376943e-04 -2.596182e-04
 7868.991112 8.036487e-01 1.236200e+00 7.618044e-01 1.385941e-01 -3.592349e-04 -2.521781e-04 -2.460704e-04 -2.652639e-04
 7870.972352 8.054991e-01 1.241293e+00 7.554788e-01 1.394734e-01 -3.590705e-04 -2.590615e-04 -2.507527e-04 -2.607037e-04
 7872.965784 8.028640e-01 1.238276e+00 7.475203e-01 1.390964e-01 -3.518237e-04 -2.503837e-04 -2.469181e-04 -2.597145e-04
 7874.971407 8.046033e-01 1.243201e+00 7.479266e-01 1.390335e-01 -3.480813e-04 -2.564344e-04 -2.491633e-04 -2.305067e-04
 7876.989223 8.026129e-01 1.241145e+00 7.481754e-01 1.396854e-01 -3.499542e-04 -2.666312e-04 -2.380859e-04 -2.155543e-04
 7879.019231 8.044594e-01 1.246482e+00 7.586580e-01 1.397029e-01 -3.509771e-04 -2.763972e-04 -2.323660e-04 -2.204788e-04
 7881.061430 8.027036e-01 1.245249e+00 7.714954e-01 1.395922e-01 -3.542361e-04 -2.861023e-04 -2.324919e-04 -2.242125e-04
 7883.115822 8.028264e-01 1.246423e+00 7.924285e-01 1.400609e-01 -3.584915e-04 -2.827456e-04 -2.362837e-04 -2.227773e-04
 7885.182405 8.027723e-01 1.248743e+00 8.188724e-01 1.387032e-01 -3.666377e-04 -2.774541e-04 -2.412355e-04 -2.224805e-04
 7887.261180 8.036510e-01 1.252179e+00 8.535594e-01 1.394319e-01 -3.644583e-04 -2.667810e-04 -2.398462e-04 -2.184540e-04
 7889.352148 7.983528e-01 1.244147e+00 8.832628e-01 1.392910e-01 -3.549004e-04 -2.677875e-04 -2.380172e-04 -2.231533e-04
 7891.455307 7.995248e-01 1.248314e+00 9.245898e-01 1.398566e-01 -3.636814e-04 -2.671783e-04 -2.292616e-04 -2.190260e-04
 7893.570658 7.945495e-01 1.243201e+00 9.556100e-01 1.389053e-01 -3.694622e-04 -2.652206e-04 -2.303251e-04 -2.106563e-04
 7895.698201 8.000548e-01 1.253180e+00 9.906980e-01 1.393113e-01 -3.762387e-04 -2.525198e-04 -2.497687e-04 -2.146149e-04
 7897.837935 7.986342e-01 1.252472e+00 1.006168e+00 1.396108e-01 -3.694567e-04 -2.524216e-04 -2.433540e-04 -2.137486e-04
 7899.989862 8.001534e-01 1.257165e+00 1.013662e+00 1.405571e-01 -3.686540e-04 -2.586716e-04 -2.352696e-04 -2.177512e-04
 7902.153981 7.991619e-01 1.257310e+00 1.006631e+00 1.400512e-01 -3.652898e-04 -2.660863e-04 -2.278539e-04 -2.250306e-04
 7904.330291 8.001066e-01 1.260597e+00 9.952378e-01 1.403148e-01 -3.692022e-04 -2.646781e-04 -2.256217e-04 -2.233225e-04
 7906.518794 7.985949e-01 1.260002e+00 9.779417e-01 1.406486e-01 -3.670606e-04 -2.631641e-04 -2.171791e-04 -2.158191e-04
 7908.719488 7.993997e-01 1.263294e+00 9.639261e-01 1.401501e-01 -3.706047e-04 -2.610650e-04 -2.231318e-04 -2.310091e-04
 7910.932374 7.980195e-01 1.262885e+00 9.503951e-01 1.388770e-01 -3.725134e-04 -2.637607e-04 -2.268862e-04 -2.314072e-04
 7913.157453 7.970968e-01 1.262735e+00 9.387000e-01 1.397432e-01 -3.634210e-04 -2.570367e-04 -2.254939e-04 -2.185141e-04
 7915.394723 7.971646e-01 1.264869e+00 9.326205e-01 1.396760e-01 -3.672084e-04 -2.559875e-04 -2.234035e-04 -2.189399e-04
 7917.644185 7.977405e-01 1.267662e+00 9.314830e-01 1.402556e-01 -3.695958e-04 -2.528775e-04 -2.142147e-04 -2.061834e-04
 7919.905838 7.974957e-01 1.269321e+00 9.313360e-01 1.400091e-01 -3.577729e-04 -2.586154e-04 -2.306527e-04 -2.155388e-04
 7922.179684 7.960059e-01 1.268869e+00 9.324172e-01 1.410200e-01 -3.577679e-04 -2.446590e-04 -2.282066e-04 -2.154517e-04
 7924.465722 7.969760e-01 1.272560e+00 9.378739e-01 1.402723e-01 -3.609198e-04 -2.504584e-04 -2.352650e-04 -2.177895e-04
 7926.763952 7.951456e-01 1.271019e+00 9.412658e-01 1.405957e-01 -3.546508e-04 -2.558342e-04 -2.521112e-04 -2.219090e-04
 7929.074373 7.948085e-01 1.272357e+00 9.477096e-01 1.405475e-01 -3.533520e-04 -2.557851e-04 -2.465982e-04 -2.225253e-04
 7931.396987 7.932398e-01 1.272123e+00 9.542179e-01 1.402922e-01 -3.648884e-04 -2.525873e-04 -2.430620e-04 -2.253907e-04
 7933.731792 7.953362e-01 1.277972e+00 9.658772e-01 1.405363e-01 -3.735861e-04 -2.502850e-04 -2.348700e-04 -2.262689e-04
 7936.078789 7.893704e-01 1.270147e+00 9.638114e-01 1.394814e-01 -3.686162e-04 -2.542847e-04 -2.324420e-04 -2.213320e-04
 7938.437978 7.807591e-01 1.257355e+00 9.537232e-01 1.385908e-01 -3.664920e-04 -2.534918e-04 -2.194414e-04 -2.204480e-04
 7940.809359 7.920548e-01 1.277509e+00 9.593371e-01 1.409811e-01 -3.594909e-04 -2.560479e-04 -2.334158e-04 -2.180363e-04
 7943.192932 7.944549e-01 1.283677e+00 9.510601e-01 1.411685e-01 -3.671773e-04 -2.560635e-04 -2.400494e-04 -2.189449e-04
 7945.588697 7.923193e-01 1.281445e+00 9.341295e-01 1.415037e-01 -3.677980e-04 -2.633519e-04 -2.458022e-04 -2.213357e-04
 7947.996654 7.925670e-01 1.284438e+00 9.233581e-01 1.411146e-01 -3.726221e-04 -2.516541e-04 -2.400427e-04 -2.210282e-04
 7950.416803 7.909077e-01 1.283797e+00 9.125553e-01 1.403938e-01 -3.734669e-04 -2.499609e-04 -2.316713e-04 -2.190904e-04
 7952.849143 7.917614e-01 1.286826e+00 9.068250e-01 1.410846e-01 -3.724927e-04 -2.490998e-04 -2.398850e-04 -2.320883e-04
 7955.293676 7.912956e-01 1.288593e+00 9.026828e-01 1.417168e-01 -3.733833e-04 -2.481129e-04 -2.436775e-04 -2.258879e-04
 7957.750400 7.912239e-01 1.290033e+00 9.033111e-01 1.409266e-01 -3.687286e-04 -2.506623e-04 -2.321729e-04 -2.219638e-04
 7960.219317 7.897874e-01 1.289727e+00 9.075894e-01 1.416699e-01 -3.647245e-04 -2.585533e-04 -2.275049e-04 -2.284695e-04
 7962.700425 7.901327e-01 1.292650e+00 9.199380e-01 1.413197e-01 -3.691615e-04 -2.624022e-04 -2.191104e-04 -2.368031e-04
 7965.193725 7.901442e-01 1.294540e+00 9.364748e-01 1.414584e-01 -3.688032e-04 -2.618202e-04 -2.355281e-04 -2.264669e-04
 7967.699217 7.899399e-01 1.296445e+00 9.577172e-01 1.416237e-01 -3.700700e-04 -2.616896e-04 -2.436177e-04 -2.284971e-04
 7970.216901 7.882420e-01 1.295228e+00 9.787929e-01 1.414422e-01 -3.718862e-04 -2.671496e-04 -2.424634e-04 -2.208191e-04
 7972.746777 7.880889e-01 1.297256e+00 1.001299e+00 1.413473e-01 -3.764406e-04 -2.567663e-04 -2.339227e-04 -2.146495e-04
 7975.288845 7.891380e-01 1.301114e+00 1.022446e+00 1.423057e-01 -3.738826e-04 -2.600922e-04 -2.334337e-04 -2.149189e-04
 7977.843105 7.869117e-01 1.299517e+00 1.035650e+00 1.415860e-01 -3.766404e-04 -2.719133e-04 -2.315677e-04 -2.072177e-04
 7980.409556 7.877733e-01 1.302918e+00 1.046942e+00 1.420492e-01 -3.798910e-04 -2.655593e-04 -2.338917e-04 -2.098062e-04
 7982.988200 7.822948e-01 1.296079e+00 1.047992e+00 1.411587e-01 -3.680932e-04 -2.714366e-04 -2.300847e-04 -2.091103e-04
 7985.579035 7.833283e-01 1.300212e+00 1.056206e+00 1.418027e-01 -3.559048e-04 -2.698853e-04 -2.378197e-04 -2.117531e-04
 7988.182062 7.850947e-01 1.305251e+00 1.064220e+00 1.417016e-01 -3.476732e-04 -2.713784e-04 -2.430792e-04 -2.259510e-04
 7990.797282 7.848441e-01 1.306634e+00 1.069842e+00 1.423511e-01 -3.556383e-04 -2.661700e-04 -2.494130e-04 -2.321974e-04
 7993.424693 7.841511e-01 1.307901e+00 1.075103e+00 1.427756e-01 -3.540790e-04 -2.657517e-04 -2.369602e-04 -2.320025e-04
 7996.064296 7.844937e-01 1.310858e+00 1.081602e+00 1.426492e-01 -3.545514e-04 -2.693066e-04 -2.345032e-04 -2.450005e-04
 7998.716091 7.844562e-01 1.313030e+00 1.086008e+00 1.426030e-01 -3.436836e-04 -2.664176e-04 -2.264235e-04 -2.442626e-04
 8001.380078 7.829905e-01 1.312314e+00 1.087271e+00 1.424179e-01 -3.439499e-04 -2.621851e-04 -2.131957e-04 -2.391692e-04
 8004.056256 7.838690e-01 1.316398e+00 1.090184e+00 1.427677e-01 -3.578046e-04 -2.587773e-04 -2.231257e-04 -2.418160e-04
 8006.744627 7.818240e-01 1.315292e+00 1.086833e+00 1.425119e-01 -3.553900e-04 -2.549547e-04 -2.273207e-04 -2.258314e-04
 8009.445190 7.829670e-01 1.319634e+00 1.087018e+00 1.432457e-01 -3.546998e-04 -2.637454e-04 -2.140267e-04 -2.210395e-04
 8012.157944 7.817891e-01 1.319921e+00 1.083522e+00 1.427936e-01 -3.542337e-04 -2.642152e-04 -2.227643e-04 -2.309521e-04
 8014.882891 7.813420e-01 1.321026e+00 1.080953e+00 1.431992e-01 -3.606708e-04 -2.572399e-04 -2.163174e-04 -2.257335e-04
 8017.620029 7.815127e-01 1.324058e+00 1.079989e+00 1.439055e-01 -3.675635e-04 -2.621626e-04 -2.239942e-04 -2.215132e-04
 8020.369359 7.806793e-01 1.324846e+00 1.079280e+00 1.437260e-01 -3.629453e-04 -2.639947e-04 -2.190614e-04 -2.198592e-04
 8023.130881 7.802914e-01 1.326479e+00 1.079234e+00 1.436224e-01 -3.566613e-04 -2.576827e-04 -2.203040e-04 -2.216246e-04
 8025.904595 7.789889e-01 1.326694e+00 1.078133e+00 1.443652e-01 -3.629120e-04 -2.566504e-04 -2.313997e-04 -2.215915e-04
 8028.690501 7.800216e-01 1.330794e+00 1.080471e+00 1.437189e-01 -3.716081e-04 -2.560119e-04 -2.195921e-04 -2.176704e-04
 8031.488599 7.778022e-01 1.329720e+00 1.076794e+00 1.438726e-01 -3.787714e-04 -2.536977e-04 -2.142055e-04 -2.223623e-04
 8034.298889 7.779864e-01 1.331897e+00 1.075267e+00 1.440071e-01 -3.765482e-04 -2.457675e-04 -2.227597e-04 -2.468640e-04
 8037.121371 7.764544e-01 1.331417e+00 1.070509e+00 1.434687e-01 -3.691343e-04 -2.499022e-04 -2.133849e-04 -2.337259e-04
 8039.956044 7.767719e-01 1.334372e+00 1.069881e+00 1.438420e-01 -3.659610e-04 -2.600971e-04 -2.106544e-04 -2.243828e-04
 8042.802910 7.761237e-01 1.335790e+00 1.069819e+00 1.439010e-01 -3.654627e-04 -2.635647e-04 -2.070196e-04 -2.211610e-04
 8045.661967 7.754488e-01 1.336690e+00 1.072747e+00 1.433668e-01 -3.621795e-04 -2.669086e-04 -2.238600e-04 -2.184437e-04
 8048.533217 7.746218e-01 1.337525e+00 1.077687e+00 1.444772e-01 -3.536569e-04 -2.705922e-04 -2.160207e-04 -2.311919e-04
 8051.416658 7.715679e-01 1.335011e+00 1.082986e+00 1.441255e-01 -3.447246e-04 -2.713629e-04 -2.257107e-04 -2.592354e-04
 8054.312291 7.532258e-01 1.305415e+00 1.068799e+00 1.417740e-01 -3.489495e-04 -2.729112e-04 -2.267990e-04 -2.637535e-04
 8057.220116 7.667455e-01 1.330719e+00 1.100183e+00 1.430600e-01 -3.526486e-04 -2.744453e-04 -2.242273e-04 -2.487644e-04
 8060.140133 7.755636e-01 1.348902e+00 1.126585e+00 1.440158e-01 -3.583387e-04 -2.684373e-04 -2.225830e-04 -2.182216e-04
 8063.072342 7.746001e-01 1.349723e+00 1.136805e+00 1.439002e-01 -3.617509e-04 -2.759831e-04 -2.175050e-04 -2.165189e-04
 8066.016743 7.729894e-01 1.349636e+00 1.143388e+00 1.445743e-01 -3.641449e-04 -2.748424e-04 -2.118488e-04 -2.165619e-04
 8068.973335 7.731380e-01 1.351971e+00 1.150376e+00 1.450386e-01 -3.623356e-04 -2.741907e-04 -2.069416e-04 -2.214753e-04
 8071.942120 7.716983e-01 1.351930e+00 1.153139e+00 1.447886e-01 -3.564055e-04 -2.799887e-04 -2.048650e-04 -2.207558e-04
 8074.923096 7.712317e-01 1.353843e+00 1.157091e+00 1.445777e-01 -3.538375e-04 -2.869014e-04 -1.958270e-04 -2.141153e-04
 8077.916265 7.709742e-01 1.355859e+00 1.164516e+00 1.452800e-01 -3.604135e-04 -2.833347e-04 -1.999878e-04 -2.173749e-04
 8080.921625 7.690136e-01 1.354454e+00 1.171016e+00 1.448130e-01 -3.612885e-04 -2.797162e-04 -2.109168e-04 -2.319274e-04
 8083.939177 7.695412e-01 1.357883e+00 1.184583e+00 1.449087e-01 -3.623868e-04 -2.748523e-04 -2.196952e-04 -2.364822e-04
 8086.968921 7.677584e-01 1.357395e+00 1.194547e+00 1.447302e-01 -3.544237e-04 -2.812107e-04 -2.107065e-04 -2.310057e-04
 8090.010858 7.584918e-01 1.342964e+00 1.190372e+00 1.430243e-01 -3.528177e-04 -2.801226e-04 -2.093541e-04 -2.348319e-04
 8093.064985 7.495440e-01 1.330044e+00 1.184262e+00 1.431606e-01 -3.551545e-04 -2.731081e-04 -2.135811e-04 -2.348607e-04
 8096.131305 7.689489e-01 1.366954e+00 1.219816e+00 1.457025e-01 -3.529673e-04 -2.678115e-04 -2.225892e-04 -2.235939e-04
 8099.209817 7.691138e-01 1.369396e+00 1.225959e+00 1.468307e-01 -3.530077e-04 -2.708241e-04 -2.227242e-04 -2.227277e-04
 8102.300521 7.673345e-01 1.369186e+00 1.228372e+00 1.454775e-01 -3.578449e-04 -2.716656e-04 -2.252151e-04 -2.177080e-04
 8105.403416 7.665284e-01 1.370236e+00 1.232320e+00 1.464306e-01 -3.522959e-04 -2.691974e-04 -2.241567e-04 -2.239007e-04
 8108.518504 7.668977e-01 1.373765e+00 1.236930e+00 1.458757e-01 -3.560817e-04 -2.670150e-04 -2.242071e-04 -2.323559e-04
 8111.645783 7.653582e-01 1.373455e+00 1.238291e+00 1.462934e-01 -3.503597e-04 -2.686618e-04 -2.262752e-04 -2.261541e-04
 8114.785255 7.647075e-01 1.374835e+00 1.239709e+00 1.457168e-01 -3.519500e-04 -2.656680e-04 -2.194267e-04 -2.168790e-04
 8117.936918 7.652504e-01 1.378618e+00 1.242521e+00 1.461894e-01 -3.493760e-04 -2.604738e-04 -2.187278e-04 -2.278289e-04
 8121.100773 7.633838e-01 1.377742e+00 1.241289e+00 1.465903e-01 -3.625153e-04 -2.667780e-04 -2.228397e-04 -2.216134e-04
 8124.276820 7.634824e-01 1.380127e+00 1.243052e+00 1.465321e-01 -3.768270e-04 -2.810341e-04 -2.116111e-04 -2.153222e-04
 8127.465059 7.619926e-01 1.380350e+00 1.241916e+00 1.463627e-01 -3.713741e-04 -2.814938e-04 -2.163149e-04 -2.133743e-04
 8130.665490 7.625187e-01 1.384344e+00 1.245525e+00 1.458581e-01 -3.635527e-04 -2.740481e-04 -2.230030e-04 -2.213047e-04
 8133.878112 7.610478e-01 1.383984e+00 1.245502e+00 1.462459e-01 -3.594162e-04 -2.730566e-04 -2.311279e-04 -2.337837e-04
 8137.102927 7.602763e-01 1.384945e+00 1.247159e+00 1.465067e-01 -3.649451e-04 -2.750888e-04 -2.269559e-04 -2.174416e-04
 8140.339934 7.605960e-01 1.388460e+00 1.250340e+00 1.464912e-01 -3.652853e-04 -2.835218e-04 -2.209243e-04 -2.206342e-04
 8143.589132 7.598337e-01 1.389825e+00 1.252660e+00 1.470690e-01 -3.757525e-04 -2.808029e-04 -2.234173e-04 -2.217912e-04
 8146.850523 7.584935e-01 1.389982e+00 1.253433e+00 1.461072e-01 -3.759770e-04 -2.898381e-04 -2.321458e-04 -2.241923e-04
 8150.124105 7.585601e-01 1.392767e+00 1.258198e+00 1.468073e-01 -3.718212e-04 -2.947539e-04 -2.241710e-04 -2.229850e-04
 8153.409879 7.583785e-01 1.395157e+00 1.264355e+00 1.469317e-01 -3.729047e-04 -2.938620e-04 -2.217845e-04 -2.251358e-04
 8156.707845 7.567369e-01 1.394653e+00 1.270230e+00 1.470846e-01 -3.764264e-04 -2.845498e-04 -2.197975e-04 -2.199136e-04
 8160.018003 7.572163e-01 1.398253e+00 1.281494e+00 1.472707e-01 -3.776597e-04 -2.902550e-04 -2.231056e-04 -2.189912e-04
 8163.340353 7.561419e-01 1.399258e+00 1.290058e+00 1.473564e-01 -3.799195e-04 -2.925192e-04 -2.196854e-04 -2.189090e-04
 8166.674895 7.550619e-01 1.399890e+00 1.297573e+00 1.476861e-01 -3.699818e-04 -2.930719e-04 -2.251038e-04 -2.181363e-04
 8170.021629 7.552247e-01 1.403050e+00 1.308486e+00 1.476520e-01 -3.698061e-04 -2.909946e-04 -2.145156e-04 -2.133549e-04
 8173.380554 7.544725e-01 1.404539e+00 1.315896e+00 1.471887e-01 -3.678736e-04 -2.933289e-04 -2.100127e-04 -2.127697e-04
 8176.751672 7.538346e-01 1.405743e+00 1.321632e+00 1.468899e-01 -3.585349e-04 -3.006667e-04 -2.209149e-04 -2.320722e-04
 8180.134982 7.537869e-01 1.408401e+00 1.327913e+00 1.476838e-01 -3.530793e-04 -2.968131e-04 -2.141797e-04 -2.259076e-04
 8183.530483 7.529226e-01 1.409563e+00 1.331905e+00 1.478382e-01 -3.491672e-04 -2.944609e-04 -2.176184e-04 -2.255467e-04
 8186.938176 7.516262e-01 1.409681e+00 1.335187e+00 1.477163e-01 -3.493236e-04 -2.927950e-04 -2.173499e-04 -2.271894e-04
 8190.358061 7.522583e-01 1.414150e+00 1.343333e+00 1.484282e-01 -3.516068e-04 -2.948040e-04 -2.209691e-04 -2.370248e-04
 8193.790139 7.508733e-01 1.414207e+00 1.348620e+00 1.476585e-01 -3.572135e-04 -3.024207e-04 -2.231256e-04 -2.327027e-04
 8197.234408 7.499466e-01 1.415302e+00 1.356114e+00 1.481311e-01 -3.564951e-04 -2.948410e-04 -2.195399e-04 -2.310991e-04
 8200.690868 7.498094e-01 1.417771e+00 1.365266e+00 1.482788e-01 -3.559991e-04 -2.892796e-04 -2.286201e-04 -2.319332e-04
 8204.159521 7.498523e-01 1.420886e+00 1.375038e+00 1.487131e-01 -3.541749e-04 -2.885960e-04 -2.392663e-04 -2.432361e-04
 8207.640366 7.483204e-01 1.420604e+00 1.381063e+00 1.482824e-01 -3.447366e-04 -2.809166e-04 -2.297487e-04 -2.345657e-04
 8211.133403 7.476904e-01 1.422577e+00 1.387319e+00 1.493552e-01 -3.411397e-04 -2.869238e-04 -2.159067e-04 -2.357811e-04
 8214.638631 7.482042e-01 1.426945e+00 1.397151e+00 1.496042e-01 -3.433143e-04 -2.927832e-04 -2.222125e-04 -2.306157e-04
 8218.156052 7.467414e-01 1.426710e+00 1.402971e+00 1.486106e-01 -3.434855e-04 -2.993437e-04 -2.284837e-04 -2.436164e-04
 8221.685664 7.457479e-01 1.427561e+00 1.409812e+00 1.497046e-01 -3.512339e-04 -2.948447e-04 -2.218775e-04 -2.351001e-04
 8225.227468 7.456578e-01 1.430441e+00 1.417386e+00 1.499510e-01 -3.587042e-04 -2.947622e-04 -2.375655e-04 -2.334941e-04
 8228.781465 7.445933e-01 1.431364e+00 1.423316e+00 1.488569e-01 -3.624797e-04 -2.980740e-04 -2.403317e-04 -2.430350e-04
 8232.347653 7.439234e-01 1.432741e+00 1.429328e+00 1.491955e-01 -3.650810e-04 -3.035819e-04 -2.368405e-04 -2.320593e-04
 8235.926033 7.435094e-01 1.434684e+00 1.434041e+00 1.498819e-01 -3.647113e-04 -3.009462e-04 -2.386661e-04 -2.290766e-04
 8239.516605 7.426281e-01 1.436236e+00 1.437114e+00 1.488286e-01 -3.669741e-04 -2.902822e-04 -2.333087e-04 -2.337127e-04
 8243.119369 7.417208e-01 1.437052e+00 1.439589e+00 1.498294e-01 -3.721967e-04 -2.879909e-04 -2.321720e-04 -2.364917e-04
 8246.734324 7.423130e-01 1.441367e+00 1.445690e+00 1.499655e-01 -3.693929e-04 -2.840505e-04 -2.270506e-04 -2.337098e-04
 8250.361472 7.411135e-01 1.442260e+00 1.446591e+00 1.495679e-01 -3.634318e-04 -2.838295e-04 -2.267284e-04 -2.379059e-04
 8254.000811 7.396150e-01 1.441904e+00 1.446237e+00 1.499180e-01 -3.695078e-04 -2.841040e-04 -2.365507e-04 -2.443266e-04
 8257.652343 7.399898e-01 1.445790e+00 1.449453e+00 1.495754e-01 -3.697523e-04 -2.878189e-04 -2.276359e-04 -2.467755e-04
 8261.316066 7.397707e-01 1.448092e+00 1.452453e+00 1.497295e-01 -3.663776e-04 -2.947877e-04 -2.314813e-04 -2.500356e-04
 8264.991982 7.386596e-01 1.448666e+00 1.455036e+00 1.499063e-01 -3.685490e-04 -2.872301e-04 -2.353006e-04 -2.470884e-04
 8268.680089 7.379089e-01 1.450394e+00 1.459240e+00 1.499100e-01 -3.695934e-04 -2.954606e-04 -2.391999e-04 -2.561041e-04
 8272.380388 7.379249e-01 1.453572e+00 1.467767e+00 1.507674e-01 -3.780776e-04 -2.964527e-04 -2.358849e-04 -2.738147e-04
 8276.092879 7.345629e-01 1.449725e+00 1.470661e+00 1.503241e-01 -3.768851e-04 -2.875605e-04 -2.277684e-04 -2.666237e-04
 8279.817562 7.346656e-01 1.453079e+00 1.480861e+00 1.498328e-01 -3.715979e-04 -2.820220e-04 -2.192445e-04 -2.505406e-04
 8283.554437 7.355125e-01 1.457853e+00 1.493637e+00 1.506315e-01 -3.772501e-04 -2.820756e-04 -2.218391e-04 -2.441754e-04
 8287.303503 7.346214e-01 1.458737e+00 1.501217e+00 1.510512e-01 -3.763961e-04 -2.899506e-04 -2.328191e-04 -2.447742e-04
 8291.064762 7.340536e-01 1.460875e+00 1.509549e+00 1.512634e-01 -3.807316e-04 -2.909865e-04 -2.282845e-04 -2.434336e-04
 8294.838213 7.339126e-01 1.464151e+00 1.518725e+00 1.508462e-01 -3.814692e-04 -2.910720e-04 -2.298641e-04 -2.530924e-04
 8298.623855 7.328855e-01 1.464971e+00 1.525359e+00 1.511589e-01 -3.868224e-04 -2.914687e-04 -2.271632e-04 -2.509420e-04
 8302.421689 7.317902e-01 1.465602e+00 1.531421e+00 1.508187e-01 -3.819774e-04 -2.839628e-04 -2.263028e-04 -2.428454e-04
 8306.231716 7.316134e-01 1.468583e+00 1.539617e+00 1.509103e-01 -3.714725e-04 -2.771152e-04 -2.235731e-04 -2.389439e-04
 8310.053934 7.311219e-01 1.470865e+00 1.547409e+00 1.506949e-01 -3.620387e-04 -2.686887e-04 -2.231196e-04 -2.360960e-04
 8313.888344 7.297104e-01 1.470712e+00 1.552002e+00 1.507485e-01 -3.605210e-04 -2.722541e-04 -2.236134e-04 -2.417750e-04
 8317.734946 7.291516e-01 1.473168e+00 1.559807e+00 1.508651e-01 -3.643105e-04 -2.695039e-04 -2.136519e-04 -2.406889e-04
 8321.593740 7.285044e-01 1.474884e+00 1.566907e+00 1.507381e-01 -3.674589e-04 -2.612795e-04 -2.269686e-04 -2.573222e-04
 8325.464726 7.277841e-01 1.476418e+00 1.573858e+00 1.509117e-01 -3.633934e-04 -2.692773e-04 -2.181511e-04 -2.501938e-04
 8329.347903 7.265404e-01 1.476749e+00 1.579187e+00 1.516956e-01 -3.722610e-04 -2.733602e-04 -2.245380e-04 -2.487866e-04
 8333.243273 7.259491e-01 1.479100e+00 1.586226e+00 1.520796e-01 -3.650011e-04 -2.712795e-04 -2.255131e-04 -2.430436e-04
 8337.150835 7.251864e-01 1.480520e+00 1.593522e+00 1.514263e-01 -3.705774e-04 -2.567100e-04 -2.299254e-04 -2.505307e-04
 8341.070588 7.240387e-01 1.481104e+00 1.599574e+00 1.515895e-01 -3.679047e-04 -2.662974e-04 -2.373765e-04 -2.493520e-04
 8345.002533 7.230064e-01 1.482118e+00 1.606242e+00 1.516818e-01 -3.694912e-04 -2.760702e-04 -2.532735e-04 -2.402868e-04
 8348.946671 7.217786e-01 1.482946e+00 1.612454e+00 1.516435e-01 -3.742086e-04 -2.712654e-04 -2.342732e-04 -2.381454e-04
 8352.903000 7.203926e-01 1.483448e+00 1.617541e+00 1.521322e-01 -3.707190e-04 -2.754950e-04 -2.400801e-04 -2.488408e-04
 8356.871521 7.201314e-01 1.485802e+00 1.625432e+00 1.517028e-01 -3.742394e-04 -2.757152e-04 -2.365593e-04 -2.621685e-04
 8360.852234 7.199333e-01 1.488747e+00 1.632842e+00 1.520601e-01 -3.716953e-04 -2.761423e-04 -2.306843e-04 -2.591767e-04
 8364.845139 7.193663e-01 1.490976e+00 1.639694e+00 1.524741e-01 -3.753878e-04 -2.793014e-04 -2.342814e-04 -2.490626e-04
 8368.850236 7.184686e-01 1.492175e+00 1.645135e+00 1.522873e-01 -3.669312e-04 -2.857133e-04 -2.420226e-04 -2.526660e-04
 8372.867524 7.184969e-01 1.495144e+00 1.652333e+00 1.518452e-01 -3.656975e-04 -2.832444e-04 -2.399305e-04 -2.513380e-04
 8376.897005 7.177647e-01 1.497160e+00 1.657873e+00 1.523077e-01 -3.699921e-04 -2.808475e-04 -2.351855e-04 -2.508256e-04
 8380.938678 7.173481e-01 1.499354e+00 1.663960e+00 1.528742e-01 -3.714522e-04 -2.717540e-04 -2.416556e-04 -2.522677e-04
 8384.992542 7.165411e-01 1.501137e+00 1.669530e+00 1.527256e-01 -3.706025e-04 -2.756825e-04 -2.385797e-04 -2.492879e-04
 8389.058598 7.154138e-01 1.501875e+00 1.674985e+00 1.530175e-01 -3.650201e-04 -2.715768e-04 -2.318340e-04 -2.594731e-04
 8393.136847 7.142659e-01 1.502670e+00 1.680138e+00 1.529984e-01 -3.603624e-04 -2.656762e-04 -2.221980e-04 -2.390386e-04
 8397.227287 7.135933e-01 1.504350e+00 1.686429e+00 1.524334e-01 -3.607620e-04 -2.722882e-04 -2.272652e-04 -2.371724e-04
 8401.329919 7.128598e-01 1.505841e+00 1.692527e+00 1.532033e-01 -3.741140e-04 -2.715732e-04 -2.318133e-04 -2.365155e-04
 8405.444743 7.124222e-01 1.508468e+00 1.700789e+00 1.527214e-01 -3.659227e-04 -2.752098e-04 -2.329961e-04 -2.383735e-04
 8409.571759 7.112711e-01 1.509173e+00 1.706075e+00 1.531611e-01 -3.621649e-04 -2.774396e-04 -2.343313e-04 -2.401087e-04
 8413.710967 7.110591e-01 1.512243e+00 1.714681e+00 1.535305e-01 -3.669426e-04 -2.727054e-04 -2.377530e-04 -2.394584e-04
 8417.862366 7.101313e-01 1.513465e+00 1.722565e+00 1.533620e-01 -3.601315e-04 -2.755901e-04 -2.366862e-04 -2.282879e-04
 8422.025958 7.087778e-01 1.513745e+00 1.728156e+00 1.528723e-01 -3.786635e-04 -2.836807e-04 -2.261065e-04 -2.343728e-04
 8426.201742 7.080427e-01 1.515218e+00 1.734967e+00 1.530504e-01 -3.758345e-04 -2.815878e-04 -2.279815e-04 -2.466579e-04
 8430.389717 7.080823e-01 1.518860e+00 1.745658e+00 1.536739e-01 -3.749166e-04 -2.758344e-04 -2.310461e-04 -2.890307e-04
 8434.589884 7.072555e-01 1.520591e+00 1.754379e+00 1.538454e-01 -3.761243e-04 -2.756811e-04 -2.321871e-04 -2.903074e-04
 8438.802244 7.069667e-01 1.523295e+00 1.763695e+00 1.532714e-01 -3.686804e-04 -2.707941e-04 -2.353696e-04 -2.974326e-04
 8443.026795 7.057778e-01 1.524106e+00 1.769620e+00 1.538649e-01 -3.616846e-04 -2.699494e-04 -2.374674e-04 -2.982846e-04
 8447.263538 7.050109e-01 1.526025e+00 1.777747e+00 1.537753e-01 -3.682169e-04 -2.727401e-04 -2.335810e-04 -2.890017e-04
 8451.512473 7.043423e-01 1.527646e+00 1.785922e+00 1.541369e-01 -3.655928e-04 -2.537055e-04 -2.344082e-04 -2.813526e-04
 8455.773600 7.036694e-01 1.529786e+00 1.794680e+00 1.540441e-01 -3.617959e-04 -2.555654e-04 -2.322380e-04 -2.531750e-04
 8460.046919 7.027191e-01 1.531529e+00 1.803007e+00 1.539479e-01 -3.681668e-04 -2.612654e-04 -2.363651e-04 -2.466950e-04
 8464.332429 7.021618e-01 1.533462e+00 1.810642e+00 1.544143e-01 -3.646730e-04 -2.710726e-04 -2.320304e-04 -2.474572e-04
 8468.630132 7.011330e-01 1.534466e+00 1.817311e+00 1.542677e-01 -3.602041e-04 -2.796639e-04 -2.385750e-04 -2.499049e-04
 8472.940026 7.008317e-01 1.537388e+00 1.826843e+00 1.542491e-01 -3.670333e-04 -2.782104e-04 -2.338267e-04 -2.386635e-04
 8477.262113 7.001102e-01 1.539122e+00 1.834934e+00 1.551549e-01 -3.763806e-04 -2.802403e-04 -2.283707e-04 -2.459144e-04
 8481.596391 6.988204e-01 1.539307e+00 1.841435e+00 1.550393e-01 -3.832964e-04 -2.814325e-04 -2.291535e-04 -2.502261e-04
 8485.942861 6.980197e-01 1.541104e+00 1.850013e+00 1.552536e-01 -3.752176e-04 -2.789919e-04 -2.427726e-04 -2.500926e-04
 8490.301524 6.973895e-01 1.543293e+00 1.858827e+00 1.550221e-01 -3.667603e-04 -2.822238e-04 -2.397660e-04 -2.495847e-04
 8494.672378 6.962724e-01 1.544371e+00 1.866018e+00 1.548308e-01 -3.640182e-04 -2.926526e-04 -2.368883e-04 -2.391040e-04
 8499.055424 6.949464e-01 1.544780e+00 1.871653e+00 1.551189e-01 -3.580381e-04 -2.865889e-04 -2.499415e-04 -2.317014e-04
 8503.450662 6.936979e-01 1.545305e+00 1.878285e+00 1.552735e-01 -3.607517e-04 -2.848279e-04 -2.582973e-04 -2.404668e-04
 8507.858091 6.925261e-01 1.546256e+00 1.884573e+00 1.553143e-01 -3.604984e-04 -2.822582e-04 -2.450795e-04 -2.419153e-04
 8512.277713 6.891389e-01 1.541986e+00 1.884892e+00 1.552919e-01 -3.718862e-04 -2.726034e-04 -2.425987e-04 -2.442520e-04
 8516.709527 6.563496e-01 1.472221e+00 1.805316e+00 1.502695e-01 -3.722147e-04 -2.638817e-04 -2.335535e-04 -2.426964e-04
 8521.153532 6.472188e-01 1.454961e+00 1.789844e+00 1.461491e-01 -3.630193e-04 -2.626861e-04 -2.213485e-04 -2.448451e-04
 8525.609730 6.907298e-01 1.555839e+00 1.917355e+00 1.541470e-01 -3.604829e-04 -2.759764e-04 -2.346591e-04 -2.477122e-04
 8530.078119 6.908788e-01 1.559341e+00 1.926247e+00 1.547554e-01 -3.657650e-04 -2.773670e-04 -2.293467e-04 -2.526409e-04
 8534.558700 6.903325e-01 1.561635e+00 1.934320e+00 1.553515e-01 -3.679926e-04 -2.821629e-04 -2.444706e-04 -2.526986e-04
 8539.051473 6.892227e-01 1.562760e+00 1.941983e+00 1.553848e-01 -3.731942e-04 -2.884129e-04 -2.585458e-04 -2.591445e-04
 8543.556438 6.884130e-01 1.564460e+00 1.949845e+00 1.555346e-01 -3.773182e-04 -2.811900e-04 -2.554340e-04 -2.562248e-04
 8548.073595 6.876231e-01 1.566152e+00 1.957921e+00 1.556007e-01 -3.778623e-04 -2.743107e-04 -2.480872e-04 -2.521461e-04
 8552.602944 6.865703e-01 1.567136e+00 1.964883e+00 1.561862e-01 -3.662733e-04 -2.833522e-04 -2.462622e-04 -2.458448e-04
 8557.144485 6.852243e-01 1.567646e+00 1.971431e+00 1.559759e-01 -3.661673e-04 -2.871177e-04 -2.474232e-04 -2.525948e-04
 8561.698218 6.845839e-01 1.569859e+00 1.980032e+00 1.557788e-01 -3.617994e-04 -2.965840e-04 -2.469503e-04 -2.461957e-04
 8566.264142 6.833720e-01 1.570327e+00 1.985557e+00 1.561574e-01 -3.681007e-04 -2.870989e-04 -2.447403e-04 -2.491135e-04
 8570.842259 6.825890e-01 1.571941e+00 1.993292e+00 1.560484e-01 -3.735985e-04 -2.787685e-04 -2.235824e-04 -2.545496e-04
 8575.432567 6.817768e-01 1.573516e+00 2.000931e+00 1.564834e-01 -3.711020e-04 -2.945652e-04 -2.247156e-04 -2.539829e-04
 8580.035068 6.807507e-01 1.574611e+00 2.008654e+00 1.561215e-01 -3.650740e-04 -2.996654e-04 -2.246919e-04 -2.503237e-04
 8584.649760 6.796916e-01 1.575687e+00 2.016410e+00 1.562336e-01 -3.621814e-04 -2.909426e-04 -2.352369e-04 -2.532284e-04
 8589.276644 6.786406e-01 1.576681e+00 2.024205e+00 1.563068e-01 -3.599477e-04 -2.852006e-04 -2.319022e-04 -2.512554e-04
 8593.915720 6.771487e-01 1.576756e+00 2.031335e+00 1.562805e-01 -3.579760e-04 -2.822006e-04 -2.303562e-04 -2.522825e-04
 8598.566988 6.757499e-01 1.577062e+00 2.037917e+00 1.566415e-01 -3.656398e-04 -2.845401e-04 -2.293419e-04 -2.467809e-04
 8603.230448 6.735214e-01 1.575638e+00 2.043558e+00 1.561787e-01 -3.680515e-04 -2.855913e-04 -2.212907e-04 -2.487811e-04
 8607.906100 6.691891e-01 1.568884e+00 2.041271e+00 1.551757e-01 -3.627855e-04 -2.850682e-04 -2.187952e-04 -2.509672e-04
 8612.593943 6.469339e-01 1.520073e+00 1.984265e+00 1.505036e-01 -3.616339e-04 -2.879572e-04 -2.266698e-04 -2.484487e-04
 8617.293979 6.076924e-01 1.431800e+00 1.877398e+00 1.425521e-01 -3.605952e-04 -2.899390e-04 -2.314819e-04 -2.468254e-04
 8622.006206 6.824717e-01 1.611064e+00 2.114558e+00 1.589067e-01 -3.660094e-04 -2.844748e-04 -2.371137e-04 -2.479713e-04
 8626.730626 6.807524e-01 1.610645e+00 2.120916e+00 1.589340e-01 -3.671700e-04 -2.933053e-04 -2.341857e-04 -2.437711e-04
 8631.467237 6.781153e-01 1.607874e+00 2.124220e+00 1.581222e-01 -3.645049e-04 -2.979954e-04 -2.331375e-04 -2.475553e-04
 8636.216040 6.763093e-01 1.607127e+00 2.129634e+00 1.585795e-01 -3.641258e-04 -2.953255e-04 -2.348351e-04 -2.441466e-04
 8640.977036 6.750973e-01 1.607960e+00 2.137092e+00 1.582407e-01 -3.636038e-04 -2.841366e-04 -2.309187e-04 -2.504066e-04
 8645.750223 6.739100e-01 1.608805e+00 2.144499e+00 1.582855e-01 -3.599988e-04 -2.809353e-04 -2.236564e-04 -2.766715e-04
 8650.535602 6.726801e-01 1.609231e+00 2.151294e+00 1.582661e-01 -3.570468e-04 -2.768082e-04 -2.305653e-04 -2.534264e-04
 8655.333172 6.718927e-01 1.610910e+00 2.159784e+00 1.583608e-01 -3.672294e-04 -2.744370e-04 -2.315192e-04 -2.472603e-04
 8660.142935 6.707853e-01 1.611939e+00 2.167614e+00 1.583932e-01 -3.632133e-04 -2.763182e-04 -2.200545e-04 -2.495975e-04
 8664.964890 6.694997e-01 1.612396e+00 2.173967e+00 1.583444e-01 -3.582353e-04 -2.845500e-04 -2.249059e-04 -2.474279e-04
 8669.799037 5.986729e-01 1.444858e+00 1.953251e+00 1.418544e-01 -3.234489e-04 -2.628700e-04 -2.033930e-04 -2.248433e-04
 8674.645375 9.031865e-02 2.182002e-01 2.953328e-01 2.140185e-02 -4.921399e-05 -4.000124e-05 -3.142184e-05 -3.385764e-05
