# Facility: NSLS-II
# Beamline: QAS
# Year: 2022
# Cycle: 2
# SAF: 309337
# PI: Li
# Proposal: 309890
# Scan ID: 26258
# UID: f5d6dbdf-58a4-4765-b517-95b44023099d
# Comment: 
# Start time: 06/10/2022  08:45:39
# Stop time: 06/10/2022  08:46:11
# Total time: 00:32
# Trajectory name: Co-30s-7709.txt
# Element: Cobalt ( 27)
# Edge: K
# E0: 7709
# Reference Foil Element: Co
# Keithley Gains I0: 1E7 V/A It: 1E7 V/A Iref: 1E8 V/A PIPS: 1E8 V/A 
# Ion Chamber Gas Flow Rates: I0: 29.80 sccm He + 69.70 sccm N2 + 0.00 sccm Ar 
# Ion Chamber Gas Flow Rates: It&Iref: 79.80 sccm N2 + 20.10 sccm Ar
# Incident Beam Path Vertical: -27.48 mm
# Incident Slits Positions B: TOP: 1.0 mm Bottom: -1.0 mm Inboard: -1.5 mm Outboard: 1.5 mm
# Sample Stage Positions: Rotation: 45.0 deg Horizontal: 25.26 mm Vertical: -26.52 mm Beam Direction: 0.00 mm
# PerkinElmer Vertical Position: 500.00 mm
# Front End Mirror Horizontal Positions: Up: 14.00 mm Down: 14.00 mm
#
# energy  i0  it  ir  iff  aux1  aux2  aux3  aux4
 7517.877125 4.307933e-01 5.175900e-01 1.249760e+00 5.339821e-02 -1.863384e-04 -1.454172e-04 -1.201292e-04 -1.382056e-04
 7522.877125 8.524843e-01 1.026813e+00 2.482807e+00 1.059685e-01 -3.698391e-04 -2.837015e-04 -2.445601e-04 -2.750979e-04
 7527.877125 8.600059e-01 1.039634e+00 2.520087e+00 1.071052e-01 -3.750669e-04 -2.825284e-04 -2.417800e-04 -2.814261e-04
 7532.877125 8.594354e-01 1.043007e+00 2.534983e+00 1.074293e-01 -3.818452e-04 -2.983341e-04 -2.418235e-04 -2.948090e-04
 7537.877125 8.585229e-01 1.045820e+00 2.548594e+00 1.075412e-01 -3.827224e-04 -3.034499e-04 -2.510358e-04 -2.886075e-04
 7542.877125 8.568085e-01 1.047910e+00 2.560236e+00 1.076131e-01 -3.788908e-04 -2.999950e-04 -2.491608e-04 -2.853967e-04
 7547.877125 8.558004e-01 1.050605e+00 2.573208e+00 1.081219e-01 -3.860031e-04 -3.036206e-04 -2.444975e-04 -2.927240e-04
 7552.877125 8.546794e-01 1.053170e+00 2.585850e+00 1.080172e-01 -3.869705e-04 -3.073852e-04 -2.332010e-04 -2.978191e-04
 7557.877125 8.537815e-01 1.056009e+00 2.598899e+00 1.080278e-01 -3.756398e-04 -3.088785e-04 -2.284832e-04 -2.962372e-04
 7562.877125 8.529163e-01 1.059101e+00 2.613173e+00 1.083402e-01 -3.778341e-04 -3.101591e-04 -2.220519e-04 -2.907876e-04
 7567.877125 8.510615e-01 1.060551e+00 2.623255e+00 1.084058e-01 -3.713672e-04 -2.968058e-04 -2.323236e-04 -2.939657e-04
 7572.877125 8.481622e-01 1.060615e+00 2.630434e+00 1.086194e-01 -3.767219e-04 -3.044924e-04 -2.298075e-04 -3.036547e-04
 7577.877125 8.483511e-01 1.065090e+00 2.649129e+00 1.085859e-01 -3.782380e-04 -3.063177e-04 -2.239423e-04 -2.944167e-04
 7582.877125 8.483679e-01 1.069240e+00 2.666580e+00 1.088880e-01 -3.833800e-04 -3.121459e-04 -2.261577e-04 -2.971887e-04
 7587.877125 8.484196e-01 1.073575e+00 2.684604e+00 1.090443e-01 -3.940343e-04 -3.099800e-04 -2.363215e-04 -2.927483e-04
 7592.877125 8.475368e-01 1.076617e+00 2.697496e+00 1.093486e-01 -4.015876e-04 -3.089553e-04 -2.405246e-04 -2.937463e-04
 7597.877125 8.458576e-01 1.078641e+00 2.709642e+00 1.097530e-01 -4.069069e-04 -3.099086e-04 -2.452051e-04 -2.939531e-04
 7602.877125 8.430994e-01 1.078459e+00 2.716964e+00 1.093841e-01 -3.991587e-04 -3.075124e-04 -2.375341e-04 -2.906618e-04
 7607.877125 8.445642e-01 1.083828e+00 2.736685e+00 1.100480e-01 -4.046980e-04 -3.071292e-04 -2.290217e-04 -2.911581e-04
 7612.877125 8.437414e-01 1.087540e+00 2.752912e+00 1.100870e-01 -4.026991e-04 -3.040893e-04 -2.267159e-04 -2.937269e-04
 7617.877125 8.430513e-01 1.090987e+00 2.768220e+00 1.102077e-01 -3.890759e-04 -3.000139e-04 -2.205938e-04 -2.934816e-04
 7622.877125 8.421017e-01 1.094018e+00 2.782493e+00 1.103967e-01 -3.928754e-04 -3.145728e-04 -2.215288e-04 -2.878527e-04
 7627.877125 8.416398e-01 1.097589e+00 2.798266e+00 1.107113e-01 -4.037486e-04 -3.187089e-04 -2.268214e-04 -2.805888e-04
 7632.877125 8.412277e-01 1.101359e+00 2.814894e+00 1.109485e-01 -3.938063e-04 -3.234377e-04 -2.344679e-04 -2.773177e-04
 7637.877125 8.405056e-01 1.104025e+00 2.828232e+00 1.111126e-01 -3.949592e-04 -3.122150e-04 -2.346312e-04 -2.747437e-04
 7642.877125 8.398791e-01 1.106988e+00 2.842270e+00 1.113070e-01 -4.023001e-04 -3.002314e-04 -2.326418e-04 -2.778908e-04
 7647.877125 8.385203e-01 1.109176e+00 2.854725e+00 1.115838e-01 -3.950747e-04 -3.056275e-04 -2.329460e-04 -2.836242e-04
 7652.877125 8.372860e-01 1.111292e+00 2.866648e+00 1.113278e-01 -3.939049e-04 -3.067788e-04 -2.334820e-04 -2.882066e-04
 7657.877125 8.366950e-01 1.114644e+00 2.881781e+00 1.117064e-01 -3.942340e-04 -3.102824e-04 -2.370705e-04 -2.902675e-04
 7662.877125 8.353672e-01 1.116893e+00 2.894650e+00 1.121004e-01 -3.948092e-04 -3.105136e-04 -2.356991e-04 -2.843573e-04
 7667.877125 8.348604e-01 1.120785e+00 2.910833e+00 1.122579e-01 -3.920577e-04 -3.110682e-04 -2.400168e-04 -2.926238e-04
 7672.877125 8.349937e-01 1.125636e+00 2.928969e+00 1.126192e-01 -4.000941e-04 -3.105600e-04 -2.401268e-04 -3.043030e-04
 7677.877125 8.341764e-01 1.129154e+00 2.942873e+00 1.124968e-01 -3.953090e-04 -3.057223e-04 -2.334889e-04 -2.962839e-04
 7679.000000 8.317172e-01 1.126392e+00 2.936592e+00 1.124345e-01 -3.955704e-04 -3.051320e-04 -2.344564e-04 -2.883990e-04
 7680.000000 8.334662e-01 1.129856e+00 2.947799e+00 1.126623e-01 -3.950063e-04 -3.059591e-04 -2.486254e-04 -2.836158e-04
 7681.000000 8.333158e-01 1.130661e+00 2.950658e+00 1.124810e-01 -4.052466e-04 -3.029819e-04 -2.459171e-04 -2.847377e-04
 7682.000000 8.297312e-01 1.126246e+00 2.937857e+00 1.126840e-01 -4.039667e-04 -3.037183e-04 -2.333914e-04 -2.818475e-04
 7683.000000 8.198034e-01 1.114123e+00 2.908470e+00 1.113827e-01 -4.079576e-04 -3.058676e-04 -2.306977e-04 -2.825463e-04
 7684.000000 8.044801e-01 1.094139e+00 2.857421e+00 1.088457e-01 -4.031474e-04 -3.040468e-04 -2.351841e-04 -2.833019e-04
 7685.000000 8.303324e-01 1.129732e+00 2.950252e+00 1.131403e-01 -4.034785e-04 -3.042543e-04 -2.373068e-04 -2.799757e-04
 7686.000000 8.358943e-01 1.138335e+00 2.973300e+00 1.130393e-01 -3.904693e-04 -3.068269e-04 -2.275391e-04 -2.852672e-04
 7686.200000 8.473776e-01 1.155022e+00 3.015518e+00 1.144402e-01 -3.924193e-04 -3.057773e-04 -2.275899e-04 -2.982232e-04
 7686.400000 8.338270e-01 1.136085e+00 2.965978e+00 1.134789e-01 -3.764695e-04 -3.020157e-04 -2.301424e-04 -2.860121e-04
 7686.600000 8.393871e-01 1.143879e+00 2.987916e+00 1.140166e-01 -3.895130e-04 -3.084600e-04 -2.456259e-04 -3.019078e-04
 7686.800000 8.333407e-01 1.134896e+00 2.966354e+00 1.168020e-01 -3.886689e-04 -3.031657e-04 -2.284627e-04 -2.906386e-04
 7687.000000 8.352320e-01 1.138527e+00 2.975959e+00 1.123824e-01 -3.910875e-04 -3.026840e-04 -2.219813e-04 -2.857417e-04
 7687.200000 8.339738e-01 1.136936e+00 2.969816e+00 1.095121e-01 -3.949916e-04 -2.987404e-04 -2.330469e-04 -2.963787e-04
 7687.400000 8.360175e-01 1.139366e+00 2.977486e+00 1.165098e-01 -4.018182e-04 -3.039140e-04 -2.217228e-04 -2.965707e-04
 7687.600000 8.355731e-01 1.139588e+00 2.976685e+00 1.142229e-01 -3.978849e-04 -3.001930e-04 -2.194822e-04 -2.986895e-04
 7687.800000 8.376065e-01 1.142611e+00 2.982899e+00 1.144814e-01 -3.928432e-04 -3.025832e-04 -2.096870e-04 -2.824149e-04
 7688.000000 8.342471e-01 1.137610e+00 2.971718e+00 1.126139e-01 -3.960080e-04 -3.072678e-04 -2.169929e-04 -2.837611e-04
 7688.200000 8.335842e-01 1.136513e+00 2.967904e+00 1.097270e-01 -3.888064e-04 -3.074645e-04 -2.240909e-04 -2.738785e-04
 7688.400000 8.399652e-01 1.145962e+00 2.997135e+00 1.128820e-01 -3.937868e-04 -3.097971e-04 -2.335796e-04 -2.749899e-04
 7688.600000 8.330733e-01 1.137499e+00 2.972800e+00 1.168410e-01 -3.956274e-04 -3.020975e-04 -2.232708e-04 -2.793386e-04
 7688.800000 8.276028e-01 1.129695e+00 2.950666e+00 1.147497e-01 -3.944515e-04 -3.036864e-04 -2.296324e-04 -2.834116e-04
 7689.000000 8.388265e-01 1.145053e+00 2.991163e+00 1.117212e-01 -3.902247e-04 -3.102299e-04 -2.085893e-04 -2.890633e-04
 7689.200000 8.320563e-01 1.135839e+00 2.968497e+00 1.129110e-01 -3.993669e-04 -3.056245e-04 -2.043999e-04 -2.903749e-04
 7689.400000 8.376852e-01 1.143500e+00 2.990753e+00 1.147015e-01 -4.048184e-04 -3.034686e-04 -2.125432e-04 -2.756733e-04
 7689.600000 8.293130e-01 1.132437e+00 2.957423e+00 1.113812e-01 -4.016746e-04 -2.904718e-04 -2.140100e-04 -2.790919e-04
 7689.800000 8.339842e-01 1.139445e+00 2.974851e+00 1.127560e-01 -3.957361e-04 -2.970121e-04 -2.212555e-04 -2.862726e-04
 7690.000000 8.345236e-01 1.140191e+00 2.980698e+00 1.141817e-01 -3.954935e-04 -2.950952e-04 -2.230740e-04 -2.853209e-04
 7690.200000 8.300407e-01 1.134356e+00 2.964809e+00 1.139075e-01 -3.959324e-04 -3.008817e-04 -2.302744e-04 -2.873187e-04
 7690.400000 8.363862e-01 1.142937e+00 2.987008e+00 1.143468e-01 -3.883488e-04 -3.056148e-04 -2.467961e-04 -2.961734e-04
 7690.600000 8.363297e-01 1.143518e+00 2.987191e+00 1.132352e-01 -3.880775e-04 -2.954741e-04 -2.428827e-04 -2.983171e-04
 7690.800000 8.345330e-01 1.140818e+00 2.982347e+00 1.127990e-01 -3.927616e-04 -3.048228e-04 -2.300442e-04 -2.888867e-04
 7691.000000 8.287909e-01 1.132662e+00 2.959680e+00 1.144369e-01 -4.022565e-04 -3.021245e-04 -2.311225e-04 -2.923132e-04
 7691.200000 8.380821e-01 1.145864e+00 2.993895e+00 1.144740e-01 -3.999151e-04 -2.994264e-04 -2.269197e-04 -3.037622e-04
 7691.400000 8.261098e-01 1.129219e+00 2.950518e+00 1.130159e-01 -3.843849e-04 -3.079664e-04 -2.363182e-04 -2.984896e-04
 7691.600000 8.318915e-01 1.138084e+00 2.974597e+00 1.152014e-01 -3.881361e-04 -3.052575e-04 -2.260831e-04 -3.011762e-04
 7691.800000 8.392184e-01 1.148480e+00 2.998939e+00 1.127710e-01 -3.853191e-04 -2.991667e-04 -2.293986e-04 -3.108395e-04
 7692.000000 8.334249e-01 1.139608e+00 2.978489e+00 1.138180e-01 -3.791933e-04 -2.985720e-04 -2.165833e-04 -3.026734e-04
 7692.200000 8.372702e-01 1.145300e+00 2.992294e+00 1.126801e-01 -3.823896e-04 -2.934872e-04 -2.211016e-04 -3.012805e-04
 7692.400000 8.319072e-01 1.138117e+00 2.974822e+00 1.147446e-01 -3.774987e-04 -2.851341e-04 -2.283381e-04 -2.882340e-04
 7692.600000 8.370950e-01 1.146386e+00 2.993699e+00 1.145179e-01 -3.830646e-04 -2.779985e-04 -2.350858e-04 -3.000523e-04
 7692.800000 8.318811e-01 1.138963e+00 2.976504e+00 1.152226e-01 -3.857422e-04 -2.737889e-04 -2.335452e-04 -2.999207e-04
 7693.000000 8.381585e-01 1.147644e+00 2.998669e+00 1.149438e-01 -3.963901e-04 -2.809567e-04 -2.368109e-04 -2.979886e-04
 7693.200000 8.342517e-01 1.142274e+00 2.981633e+00 1.161606e-01 -3.979991e-04 -2.701712e-04 -2.248269e-04 -2.927080e-04
 7693.400000 8.340740e-01 1.142909e+00 2.984849e+00 1.116634e-01 -3.989842e-04 -2.767703e-04 -2.144914e-04 -3.030527e-04
 7693.600000 8.335323e-01 1.141828e+00 2.983032e+00 1.135583e-01 -3.940813e-04 -2.732344e-04 -2.074387e-04 -2.896786e-04
 7693.800000 8.318936e-01 1.139467e+00 2.976734e+00 1.121432e-01 -3.929635e-04 -2.783391e-04 -2.048840e-04 -2.817895e-04
 7694.000000 8.304188e-01 1.137891e+00 2.970676e+00 1.127946e-01 -3.813934e-04 -2.790434e-04 -2.225698e-04 -2.927828e-04
 7694.200000 8.370319e-01 1.147359e+00 2.996865e+00 1.170270e-01 -3.923086e-04 -2.827281e-04 -2.224538e-04 -2.902267e-04
 7694.400000 8.340286e-01 1.143675e+00 2.984538e+00 1.130401e-01 -3.984484e-04 -2.872407e-04 -2.176395e-04 -2.958161e-04
 7694.600000 8.312621e-01 1.139387e+00 2.976291e+00 1.133951e-01 -4.058967e-04 -2.916027e-04 -2.110455e-04 -3.081705e-04
 7694.800000 8.319251e-01 1.140109e+00 2.976867e+00 1.120947e-01 -4.033512e-04 -2.910676e-04 -2.157854e-04 -3.003767e-04
 7695.000000 8.323038e-01 1.140939e+00 2.978930e+00 1.142121e-01 -3.955084e-04 -2.939299e-04 -2.171680e-04 -2.851481e-04
 7695.200000 8.289226e-01 1.136623e+00 2.969806e+00 1.136642e-01 -3.938839e-04 -2.920411e-04 -2.255049e-04 -2.864182e-04
 7695.400000 8.377800e-01 1.149302e+00 3.000230e+00 1.147206e-01 -3.932351e-04 -2.999699e-04 -2.303842e-04 -2.916923e-04
 7695.600000 8.337317e-01 1.143794e+00 2.986448e+00 1.145149e-01 -3.953311e-04 -3.034433e-04 -2.126219e-04 -2.928294e-04
 7695.800000 8.288398e-01 1.137042e+00 2.966387e+00 1.129133e-01 -3.961025e-04 -2.926577e-04 -2.213370e-04 -3.047686e-04
 7696.000000 8.237547e-01 1.130100e+00 2.949802e+00 1.071546e-01 -3.901232e-04 -2.992199e-04 -2.224704e-04 -3.006033e-04
 7696.200000 8.359194e-01 1.147295e+00 2.996321e+00 1.144873e-01 -3.916436e-04 -2.988299e-04 -2.139062e-04 -2.900258e-04
 7696.400000 8.372302e-01 1.149171e+00 2.998750e+00 1.128931e-01 -4.005621e-04 -2.945139e-04 -2.378578e-04 -2.971485e-04
 7696.600000 8.333743e-01 1.143830e+00 2.984070e+00 1.154688e-01 -3.974148e-04 -2.973998e-04 -2.350150e-04 -3.110897e-04
 7696.800000 8.322285e-01 1.142299e+00 2.981354e+00 1.139564e-01 -3.953335e-04 -2.963177e-04 -2.170898e-04 -2.954083e-04
 7697.000000 8.285052e-01 1.137581e+00 2.967361e+00 1.143675e-01 -3.842591e-04 -2.986327e-04 -2.119740e-04 -2.765870e-04
 7697.200000 8.328132e-01 1.144165e+00 2.982783e+00 1.123700e-01 -3.876775e-04 -2.966223e-04 -2.148912e-04 -2.938263e-04
 7697.400000 8.368426e-01 1.149789e+00 2.998531e+00 1.121456e-01 -3.934825e-04 -2.988100e-04 -2.086619e-04 -2.930715e-04
 7697.600000 8.332863e-01 1.144875e+00 2.985481e+00 1.148758e-01 -3.883639e-04 -2.997693e-04 -2.206002e-04 -2.929150e-04
 7697.800000 8.353867e-01 1.148108e+00 2.993447e+00 1.137348e-01 -3.950500e-04 -2.953177e-04 -2.209721e-04 -2.937057e-04
 7698.000000 8.309695e-01 1.142069e+00 2.977059e+00 1.111332e-01 -4.030029e-04 -2.986142e-04 -2.179659e-04 -2.927500e-04
 7698.200000 8.314627e-01 1.142341e+00 2.978799e+00 1.161212e-01 -4.070623e-04 -3.090056e-04 -2.169833e-04 -2.955774e-04
 7698.400000 8.288448e-01 1.139211e+00 2.969235e+00 1.139785e-01 -4.013250e-04 -3.060295e-04 -2.216308e-04 -3.018498e-04
 7698.600000 8.334494e-01 1.145813e+00 2.987925e+00 1.116018e-01 -4.023581e-04 -3.136092e-04 -2.373087e-04 -3.090782e-04
 7698.800000 8.334471e-01 1.145940e+00 2.984727e+00 1.158679e-01 -3.973258e-04 -3.086178e-04 -2.210921e-04 -3.041727e-04
 7699.000000 8.315646e-01 1.143908e+00 2.980623e+00 1.128546e-01 -4.011969e-04 -3.110195e-04 -2.274577e-04 -2.969582e-04
 7699.200000 8.259206e-01 1.136449e+00 2.959527e+00 1.127743e-01 -3.976061e-04 -3.062337e-04 -2.235481e-04 -2.875668e-04
 7699.400000 8.358492e-01 1.150012e+00 2.993504e+00 1.152731e-01 -3.939313e-04 -3.033089e-04 -2.330342e-04 -2.862145e-04
 7699.600000 8.355729e-01 1.149526e+00 2.994793e+00 1.132704e-01 -4.070701e-04 -3.041125e-04 -2.252628e-04 -2.855949e-04
 7699.800000 8.292889e-01 1.141226e+00 2.971304e+00 1.130463e-01 -3.980375e-04 -3.076358e-04 -2.333305e-04 -2.860683e-04
 7700.000000 8.304233e-01 1.143108e+00 2.974761e+00 1.131669e-01 -3.973880e-04 -3.107499e-04 -2.277015e-04 -2.874106e-04
 7700.200000 8.349941e-01 1.149469e+00 2.991966e+00 1.139382e-01 -4.010316e-04 -3.043836e-04 -2.262384e-04 -2.874990e-04
 7700.400000 8.332156e-01 1.146933e+00 2.983758e+00 1.157124e-01 -3.960366e-04 -3.013013e-04 -2.271099e-04 -2.840213e-04
 7700.600000 8.340881e-01 1.148255e+00 2.985685e+00 1.130518e-01 -4.013413e-04 -3.071041e-04 -2.159623e-04 -2.899825e-04
 7700.800000 8.288764e-01 1.141061e+00 2.967172e+00 1.117797e-01 -4.001769e-04 -3.000386e-04 -2.108821e-04 -2.938385e-04
 7701.000000 8.348909e-01 1.149311e+00 2.987939e+00 1.145555e-01 -4.013228e-04 -3.018878e-04 -2.284287e-04 -2.945567e-04
 7701.200000 8.343937e-01 1.149475e+00 2.986915e+00 1.155208e-01 -4.015863e-04 -3.061651e-04 -2.200848e-04 -2.942319e-04
 7701.400000 8.357100e-01 1.151332e+00 2.989528e+00 1.141591e-01 -4.119440e-04 -3.015053e-04 -2.341703e-04 -2.946936e-04
 7701.600000 8.260905e-01 1.138193e+00 2.952699e+00 1.119142e-01 -4.034128e-04 -2.926067e-04 -2.306037e-04 -2.980022e-04
 7701.800000 8.314457e-01 1.145744e+00 2.973276e+00 1.142277e-01 -4.087294e-04 -2.974331e-04 -2.270122e-04 -2.958997e-04
 7702.000000 8.317519e-01 1.146353e+00 2.974752e+00 1.154060e-01 -4.113136e-04 -3.016539e-04 -2.137605e-04 -2.954674e-04
 7702.200000 8.341935e-01 1.150410e+00 2.983264e+00 1.149852e-01 -4.156734e-04 -3.000876e-04 -2.228521e-04 -3.011977e-04
 7702.400000 8.293884e-01 1.143696e+00 2.961916e+00 1.117626e-01 -4.070482e-04 -2.996324e-04 -2.085546e-04 -2.853473e-04
 7702.600000 8.316031e-01 1.146428e+00 2.967140e+00 1.141172e-01 -4.011723e-04 -2.994924e-04 -2.137752e-04 -2.893189e-04
 7702.800000 8.307536e-01 1.146107e+00 2.964842e+00 1.152170e-01 -3.931876e-04 -3.006192e-04 -2.199342e-04 -2.962296e-04
 7703.000000 8.356519e-01 1.152844e+00 2.981306e+00 1.135180e-01 -4.016442e-04 -2.948760e-04 -2.174067e-04 -2.824710e-04
 7703.200000 8.324143e-01 1.148499e+00 2.967645e+00 1.136919e-01 -4.021201e-04 -2.997637e-04 -2.182794e-04 -2.791553e-04
 7703.400000 8.296257e-01 1.144511e+00 2.956574e+00 1.145687e-01 -4.044544e-04 -2.886448e-04 -2.183325e-04 -2.831569e-04
 7703.600000 8.336434e-01 1.150519e+00 2.968947e+00 1.152880e-01 -4.136175e-04 -2.818427e-04 -2.192227e-04 -2.744596e-04
 7703.800000 8.316523e-01 1.147645e+00 2.958655e+00 1.129983e-01 -4.083129e-04 -2.846266e-04 -2.205548e-04 -2.813262e-04
 7704.000000 8.297569e-01 1.145448e+00 2.948137e+00 1.146825e-01 -4.024051e-04 -2.874973e-04 -2.267549e-04 -2.925911e-04
 7704.200000 8.304655e-01 1.146256e+00 2.947913e+00 1.122199e-01 -4.078702e-04 -2.906207e-04 -2.305036e-04 -2.939267e-04
 7704.400000 8.312433e-01 1.147259e+00 2.948362e+00 1.134301e-01 -4.128746e-04 -2.935497e-04 -2.314792e-04 -2.976678e-04
 7704.600000 8.267947e-01 1.141493e+00 2.930201e+00 1.133000e-01 -4.090003e-04 -3.023292e-04 -2.216527e-04 -3.102856e-04
 7704.800000 8.325833e-01 1.149435e+00 2.945377e+00 1.143789e-01 -4.054614e-04 -3.091885e-04 -2.242298e-04 -3.031894e-04
 7705.000000 8.311447e-01 1.148069e+00 2.938378e+00 1.134491e-01 -4.016135e-04 -3.054821e-04 -2.374003e-04 -3.100027e-04
 7705.200000 8.303887e-01 1.147301e+00 2.931656e+00 1.154249e-01 -3.960725e-04 -2.994809e-04 -2.331902e-04 -3.101068e-04
 7705.400000 8.320841e-01 1.149440e+00 2.930341e+00 1.131313e-01 -4.002200e-04 -3.044201e-04 -2.178928e-04 -3.087787e-04
 7705.600000 8.274975e-01 1.142888e+00 2.905892e+00 1.146452e-01 -3.955994e-04 -3.014993e-04 -2.202778e-04 -2.968739e-04
 7705.800000 8.273390e-01 1.143240e+00 2.900157e+00 1.144739e-01 -3.986764e-04 -3.076265e-04 -2.176106e-04 -3.072709e-04
 7706.000000 8.317008e-01 1.149605e+00 2.907527e+00 1.132165e-01 -3.925402e-04 -3.009751e-04 -2.257025e-04 -3.169639e-04
 7706.200000 8.303852e-01 1.147527e+00 2.892760e+00 1.141546e-01 -3.928695e-04 -2.905097e-04 -2.181123e-04 -3.147914e-04
 7706.400000 8.251283e-01 1.140290e+00 2.862575e+00 1.144891e-01 -3.946729e-04 -2.968615e-04 -2.219745e-04 -3.048690e-04
 7706.600000 8.317606e-01 1.149953e+00 2.871838e+00 1.155303e-01 -3.985164e-04 -2.967890e-04 -2.225792e-04 -3.087834e-04
 7706.800000 8.284807e-01 1.145407e+00 2.839822e+00 1.129601e-01 -3.932390e-04 -3.029245e-04 -2.295826e-04 -3.178893e-04
 7707.000000 8.249106e-01 1.140886e+00 2.805214e+00 1.138789e-01 -4.040048e-04 -3.063360e-04 -2.339481e-04 -3.171787e-04
 7707.200000 8.315416e-01 1.150461e+00 2.803817e+00 1.144121e-01 -4.030622e-04 -2.941436e-04 -2.260824e-04 -3.209931e-04
 7707.400000 8.283705e-01 1.145873e+00 2.753824e+00 1.142996e-01 -3.986451e-04 -2.803466e-04 -2.277609e-04 -3.218453e-04
 7707.600000 8.300439e-01 1.148240e+00 2.717420e+00 1.135118e-01 -3.959914e-04 -2.852288e-04 -2.212147e-04 -3.184452e-04
 7707.800000 8.316122e-01 1.150849e+00 2.671830e+00 1.153372e-01 -3.959408e-04 -2.918030e-04 -2.184110e-04 -3.039698e-04
 7708.000000 8.303234e-01 1.149219e+00 2.608744e+00 1.153760e-01 -4.082957e-04 -2.893824e-04 -2.220264e-04 -3.008583e-04
 7708.200000 8.312419e-01 1.150673e+00 2.548280e+00 1.145446e-01 -4.027215e-04 -2.853448e-04 -2.353588e-04 -3.005208e-04
 7708.400000 8.298380e-01 1.148827e+00 2.474931e+00 1.144676e-01 -4.037921e-04 -2.876347e-04 -2.291368e-04 -2.986774e-04
 7708.600000 8.320438e-01 1.151921e+00 2.415571e+00 1.151712e-01 -3.979072e-04 -2.865620e-04 -2.338391e-04 -3.008630e-04
 7708.800000 8.279663e-01 1.146682e+00 2.336710e+00 1.139538e-01 -4.061837e-04 -2.917666e-04 -2.275420e-04 -2.911211e-04
 7709.000000 8.322358e-01 1.153020e+00 2.289509e+00 1.151359e-01 -4.090586e-04 -2.973657e-04 -2.299717e-04 -2.826696e-04
 7709.200000 8.283881e-01 1.147884e+00 2.219500e+00 1.144346e-01 -4.045358e-04 -2.928547e-04 -2.445471e-04 -2.872375e-04
 7709.400000 8.313121e-01 1.152228e+00 2.172912e+00 1.150671e-01 -4.063781e-04 -2.928318e-04 -2.410943e-04 -2.865674e-04
 7709.600000 8.323129e-01 1.153689e+00 2.123080e+00 1.150090e-01 -4.004131e-04 -2.922198e-04 -2.416551e-04 -2.908341e-04
 7709.800000 8.301094e-01 1.150604e+00 2.068565e+00 1.152179e-01 -4.007593e-04 -2.917136e-04 -2.408762e-04 -2.947843e-04
 7710.000000 8.295822e-01 1.149982e+00 2.018468e+00 1.151075e-01 -3.959671e-04 -2.955539e-04 -2.478252e-04 -2.902518e-04
 7710.200000 8.299290e-01 1.150949e+00 1.978558e+00 1.150076e-01 -3.955459e-04 -2.922215e-04 -2.484843e-04 -2.922280e-04
 7710.400000 8.308025e-01 1.152293e+00 1.941804e+00 1.148972e-01 -3.978638e-04 -2.919562e-04 -2.278299e-04 -2.885738e-04
 7710.600000 8.332202e-01 1.156035e+00 1.915748e+00 1.153494e-01 -3.977118e-04 -2.984672e-04 -2.275806e-04 -2.835225e-04
 7710.800000 8.324369e-01 1.155008e+00 1.883350e+00 1.152849e-01 -3.966065e-04 -2.984756e-04 -2.148237e-04 -2.783530e-04
 7711.000000 8.311694e-01 1.153375e+00 1.852360e+00 1.155116e-01 -3.954889e-04 -2.898755e-04 -2.106332e-04 -2.812055e-04
 7711.200000 8.297561e-01 1.151422e+00 1.825851e+00 1.151716e-01 -3.959256e-04 -2.870651e-04 -2.019114e-04 -2.823845e-04
 7711.400000 8.312679e-01 1.153605e+00 1.810315e+00 1.157810e-01 -3.897066e-04 -2.907229e-04 -2.077180e-04 -2.854452e-04
 7711.600000 8.310588e-01 1.153468e+00 1.793467e+00 1.165762e-01 -4.018559e-04 -2.949291e-04 -2.220447e-04 -2.944071e-04
 7711.800000 8.308060e-01 1.153248e+00 1.779790e+00 1.164786e-01 -4.021805e-04 -3.028282e-04 -2.110528e-04 -2.880904e-04
 7712.000000 8.313365e-01 1.154001e+00 1.770590e+00 1.166791e-01 -3.984966e-04 -3.040682e-04 -2.260346e-04 -2.826918e-04
 7712.200000 8.312849e-01 1.153956e+00 1.762365e+00 1.164957e-01 -3.949099e-04 -3.093933e-04 -2.251609e-04 -2.866444e-04
 7712.400000 8.317367e-01 1.154690e+00 1.756233e+00 1.168956e-01 -3.926397e-04 -3.070774e-04 -2.244356e-04 -2.831560e-04
 7712.600000 8.325942e-01 1.156168e+00 1.753997e+00 1.178866e-01 -3.954741e-04 -3.102403e-04 -2.339989e-04 -2.848406e-04
 7712.800000 8.317753e-01 1.155109e+00 1.747472e+00 1.180232e-01 -3.916064e-04 -3.066020e-04 -2.298022e-04 -2.823053e-04
 7713.000000 8.303966e-01 1.153076e+00 1.740893e+00 1.185578e-01 -4.025109e-04 -2.976967e-04 -2.225491e-04 -2.756123e-04
 7713.200000 8.297649e-01 1.151947e+00 1.735650e+00 1.175959e-01 -3.965962e-04 -3.045723e-04 -2.258605e-04 -2.792619e-04
 7713.400000 8.305010e-01 1.153199e+00 1.732082e+00 1.188342e-01 -3.933305e-04 -3.061974e-04 -2.247854e-04 -2.801845e-04
 7713.600000 8.290178e-01 1.150816e+00 1.721354e+00 1.187861e-01 -3.890490e-04 -3.169968e-04 -2.269603e-04 -2.852467e-04
 7713.800000 8.303416e-01 1.152813e+00 1.715115e+00 1.198574e-01 -3.975210e-04 -3.215172e-04 -2.272033e-04 -2.889490e-04
 7714.000000 8.307736e-01 1.153775e+00 1.705818e+00 1.201061e-01 -4.026242e-04 -3.136700e-04 -2.413413e-04 -2.902689e-04
 7714.200000 8.306761e-01 1.153433e+00 1.691616e+00 1.203877e-01 -4.022241e-04 -3.069825e-04 -2.416829e-04 -2.906921e-04
 7714.400000 8.303429e-01 1.153019e+00 1.674886e+00 1.214257e-01 -4.068378e-04 -3.045029e-04 -2.383811e-04 -2.932293e-04
 7714.600000 8.298218e-01 1.152226e+00 1.654589e+00 1.220691e-01 -4.203832e-04 -3.045873e-04 -2.272100e-04 -2.854820e-04
 7714.800000 8.298905e-01 1.152427e+00 1.635552e+00 1.217475e-01 -4.212463e-04 -3.025350e-04 -2.262354e-04 -2.826234e-04
 7715.000000 8.306262e-01 1.153368e+00 1.615744e+00 1.214729e-01 -4.207993e-04 -3.058531e-04 -2.195452e-04 -2.773679e-04
 7715.200000 8.303970e-01 1.153254e+00 1.594680e+00 1.229243e-01 -4.144507e-04 -3.062114e-04 -2.348110e-04 -2.777246e-04
 7715.400000 8.305864e-01 1.153924e+00 1.572083e+00 1.226580e-01 -3.990056e-04 -3.030678e-04 -2.408641e-04 -2.740964e-04
 7715.600000 8.296549e-01 1.152716e+00 1.548273e+00 1.219112e-01 -4.019994e-04 -2.941632e-04 -2.339771e-04 -2.778866e-04
 7715.800000 8.304257e-01 1.154138e+00 1.527027e+00 1.222451e-01 -3.975230e-04 -2.813202e-04 -2.281858e-04 -2.796757e-04
 7716.000000 8.299803e-01 1.153759e+00 1.504567e+00 1.211710e-01 -3.902510e-04 -2.869439e-04 -2.377566e-04 -2.840382e-04
 7716.200000 8.298499e-01 1.153620e+00 1.483739e+00 1.213343e-01 -3.914936e-04 -2.924638e-04 -2.345785e-04 -2.892208e-04
 7716.400000 8.291793e-01 1.152805e+00 1.460267e+00 1.211604e-01 -3.785850e-04 -3.054843e-04 -2.479912e-04 -3.128862e-04
 7716.600000 8.322531e-01 1.157504e+00 1.447093e+00 1.220575e-01 -3.735477e-04 -3.082290e-04 -2.422192e-04 -3.148795e-04
 7716.800000 8.279812e-01 1.151178e+00 1.419448e+00 1.208457e-01 -3.730274e-04 -3.024580e-04 -2.314547e-04 -2.784235e-04
 7717.000000 8.268734e-01 1.149736e+00 1.395926e+00 1.227395e-01 -3.784713e-04 -3.017384e-04 -2.352773e-04 -2.804274e-04
 7717.200000 8.282173e-01 1.152085e+00 1.378200e+00 1.213988e-01 -3.894032e-04 -3.078555e-04 -2.435260e-04 -2.894088e-04
 7717.400000 8.297631e-01 1.154452e+00 1.361861e+00 1.220631e-01 -3.843490e-04 -3.062407e-04 -2.459098e-04 -2.825851e-04
 7717.600000 8.294487e-01 1.153935e+00 1.342469e+00 1.226404e-01 -3.957470e-04 -3.007886e-04 -2.539242e-04 -2.807030e-04
 7717.800000 8.256208e-01 1.148716e+00 1.314719e+00 1.229064e-01 -3.898150e-04 -3.111045e-04 -2.328314e-04 -2.739900e-04
 7718.000000 8.283026e-01 1.152256e+00 1.299650e+00 1.225247e-01 -3.903568e-04 -3.072272e-04 -2.382489e-04 -2.828820e-04
 7718.200000 8.289144e-01 1.153504e+00 1.280350e+00 1.231082e-01 -3.902007e-04 -2.972350e-04 -2.588795e-04 -2.891993e-04
 7718.400000 8.282005e-01 1.152636e+00 1.259289e+00 1.239806e-01 -3.780293e-04 -2.920020e-04 -2.600729e-04 -2.812621e-04
 7718.600000 8.305967e-01 1.155967e+00 1.243914e+00 1.234837e-01 -3.814732e-04 -2.933697e-04 -2.561146e-04 -2.743846e-04
 7718.800000 8.275060e-01 1.151271e+00 1.220523e+00 1.241245e-01 -3.814204e-04 -2.961395e-04 -2.437319e-04 -2.769336e-04
 7719.000000 8.301062e-01 1.155137e+00 1.204415e+00 1.237482e-01 -3.738208e-04 -3.030346e-04 -2.420643e-04 -2.791301e-04
 7719.200000 8.284407e-01 1.153095e+00 1.182053e+00 1.261068e-01 -3.768785e-04 -3.060628e-04 -2.439024e-04 -2.835814e-04
 7719.400000 8.268246e-01 1.150790e+00 1.157721e+00 1.247018e-01 -3.804529e-04 -3.088623e-04 -2.605854e-04 -2.874235e-04
 7719.600000 8.314592e-01 1.157365e+00 1.145170e+00 1.273400e-01 -3.814375e-04 -3.207849e-04 -2.517692e-04 -2.840804e-04
 7719.800000 8.263849e-01 1.149875e+00 1.117210e+00 1.270506e-01 -3.797091e-04 -3.154597e-04 -2.401149e-04 -2.825283e-04
 7720.000000 8.249130e-01 1.148052e+00 1.094306e+00 1.264354e-01 -3.891912e-04 -3.145173e-04 -2.495020e-04 -2.883741e-04
 7720.200000 8.302116e-01 1.155645e+00 1.083201e+00 1.274870e-01 -3.869136e-04 -3.205518e-04 -2.538670e-04 -2.784132e-04
 7720.400000 8.279333e-01 1.152386e+00 1.059496e+00 1.259436e-01 -3.898521e-04 -3.187603e-04 -2.518026e-04 -2.759308e-04
 7720.600000 8.270924e-01 1.151088e+00 1.038649e+00 1.281569e-01 -3.989300e-04 -3.149568e-04 -2.494208e-04 -2.725824e-04
 7720.800000 8.284291e-01 1.153071e+00 1.019303e+00 1.282015e-01 -3.972161e-04 -3.116150e-04 -2.635367e-04 -2.744980e-04
 7721.000000 8.242342e-01 1.147230e+00 9.940121e-01 1.266231e-01 -3.817645e-04 -3.097032e-04 -2.700557e-04 -2.798665e-04
 7721.200000 8.253153e-01 1.148770e+00 9.750143e-01 1.291602e-01 -3.806503e-04 -3.068704e-04 -2.570007e-04 -2.768083e-04
 7721.400000 8.295884e-01 1.155088e+00 9.596425e-01 1.302274e-01 -3.827244e-04 -3.174266e-04 -2.628019e-04 -2.849103e-04
 7721.600000 8.275043e-01 1.152053e+00 9.382292e-01 1.294560e-01 -3.847905e-04 -3.142693e-04 -2.607755e-04 -2.824769e-04
 7721.800000 8.287966e-01 1.154060e+00 9.208488e-01 1.288470e-01 -3.737494e-04 -3.132623e-04 -2.576220e-04 -2.753120e-04
 7722.000000 8.242362e-01 1.147164e+00 8.953384e-01 1.309290e-01 -3.841632e-04 -3.067609e-04 -2.451247e-04 -2.697164e-04
 7722.200000 8.307177e-01 1.156507e+00 8.851209e-01 1.309262e-01 -3.907766e-04 -3.143829e-04 -2.675487e-04 -2.733873e-04
 7722.400000 8.276797e-01 1.152226e+00 8.640531e-01 1.306138e-01 -3.895740e-04 -3.179477e-04 -2.608577e-04 -2.702497e-04
 7722.600000 8.265070e-01 1.150671e+00 8.470517e-01 1.312426e-01 -3.993389e-04 -3.059073e-04 -2.492170e-04 -2.742144e-04
 7722.800000 8.316425e-01 1.157704e+00 8.367973e-01 1.305851e-01 -3.917153e-04 -3.035788e-04 -2.519024e-04 -2.775374e-04
 7723.000000 8.287414e-01 1.153341e+00 8.178609e-01 1.306310e-01 -3.970110e-04 -3.121822e-04 -2.545956e-04 -2.700344e-04
 7723.200000 8.244562e-01 1.147695e+00 8.006446e-01 1.320445e-01 -3.893169e-04 -3.054252e-04 -2.492420e-04 -2.703537e-04
 7723.400000 8.318708e-01 1.158160e+00 7.960482e-01 1.323340e-01 -3.935347e-04 -3.098322e-04 -2.532537e-04 -2.797176e-04
 7723.600000 8.279474e-01 1.153219e+00 7.816973e-01 1.325107e-01 -3.851121e-04 -3.089958e-04 -2.668898e-04 -2.795548e-04
 7723.800000 8.285483e-01 1.153764e+00 7.723049e-01 1.332071e-01 -3.850525e-04 -3.030200e-04 -2.576546e-04 -2.855191e-04
 7724.000000 8.264532e-01 1.150995e+00 7.635397e-01 1.346690e-01 -3.830421e-04 -3.040623e-04 -2.611083e-04 -2.851781e-04
 7724.200000 8.223805e-01 1.145156e+00 7.511470e-01 1.322000e-01 -3.832640e-04 -3.131401e-04 -2.617235e-04 -2.771044e-04
 7724.400000 8.299029e-01 1.155967e+00 7.528702e-01 1.334552e-01 -3.877640e-04 -3.135844e-04 -2.558784e-04 -2.692097e-04
 7724.600000 8.292631e-01 1.154686e+00 7.475429e-01 1.344734e-01 -3.863177e-04 -3.066321e-04 -2.562689e-04 -2.699755e-04
 7724.800000 8.237919e-01 1.147431e+00 7.394366e-01 1.331213e-01 -3.905557e-04 -2.932401e-04 -2.466415e-04 -2.703638e-04
 7725.000000 8.312112e-01 1.158328e+00 7.426552e-01 1.342178e-01 -4.037388e-04 -3.016910e-04 -2.539103e-04 -2.646746e-04
 7725.200000 8.279978e-01 1.153331e+00 7.367712e-01 1.369171e-01 -3.935716e-04 -2.966675e-04 -2.481892e-04 -2.652041e-04
 7725.400000 8.267352e-01 1.151397e+00 7.351177e-01 1.336957e-01 -3.878634e-04 -2.975425e-04 -2.388373e-04 -2.707057e-04
 7725.600000 8.272752e-01 1.152572e+00 7.342538e-01 1.364447e-01 -3.886167e-04 -2.970799e-04 -2.372922e-04 -2.746244e-04
 7725.800000 8.277793e-01 1.153343e+00 7.348892e-01 1.354936e-01 -3.919928e-04 -2.969508e-04 -2.562086e-04 -2.764283e-04
 7726.000000 8.236653e-01 1.147319e+00 7.313200e-01 1.356500e-01 -3.947084e-04 -2.964742e-04 -2.446800e-04 -2.627027e-04
 7726.200000 8.300236e-01 1.155984e+00 7.356960e-01 1.364461e-01 -4.008003e-04 -3.066359e-04 -2.396375e-04 -2.588347e-04
 7726.400000 8.247228e-01 1.148667e+00 7.305650e-01 1.357823e-01 -4.003510e-04 -3.037378e-04 -2.337925e-04 -2.407482e-04
 7726.600000 8.263557e-01 1.151407e+00 7.341613e-01 1.367650e-01 -3.912193e-04 -3.051965e-04 -2.363763e-04 -2.547328e-04
 7726.800000 8.331357e-01 1.161322e+00 7.412752e-01 1.352823e-01 -3.914833e-04 -3.096962e-04 -2.330953e-04 -2.613416e-04
 7727.000000 8.236290e-01 1.148481e+00 7.336921e-01 1.357319e-01 -3.828278e-04 -2.986381e-04 -2.467686e-04 -2.677740e-04
 7727.200000 8.313983e-01 1.159437e+00 7.413415e-01 1.400959e-01 -3.879438e-04 -3.000088e-04 -2.581189e-04 -2.974828e-04
 7727.400000 8.278058e-01 1.154489e+00 7.399820e-01 1.385254e-01 -3.887270e-04 -3.043859e-04 -2.658325e-04 -2.878572e-04
 7727.600000 8.282998e-01 1.155129e+00 7.403930e-01 1.347238e-01 -3.889137e-04 -3.027239e-04 -2.630014e-04 -2.723107e-04
 7727.800000 8.272795e-01 1.153778e+00 7.408899e-01 1.364935e-01 -3.914886e-04 -3.019593e-04 -2.452376e-04 -2.705593e-04
 7728.000000 8.288527e-01 1.156215e+00 7.448071e-01 1.385395e-01 -3.962944e-04 -3.046883e-04 -2.493341e-04 -2.612385e-04
 7728.200000 8.286874e-01 1.155728e+00 7.442874e-01 1.371682e-01 -3.939586e-04 -3.096773e-04 -2.440158e-04 -2.701316e-04
 7728.400000 8.247275e-01 1.150581e+00 7.409384e-01 1.358612e-01 -3.978668e-04 -3.040680e-04 -2.564432e-04 -2.833380e-04
 7728.600000 8.239725e-01 1.149992e+00 7.415858e-01 1.373267e-01 -4.020605e-04 -3.050273e-04 -2.507454e-04 -2.870436e-04
 7728.800000 8.298295e-01 1.158380e+00 7.478326e-01 1.384152e-01 -4.073008e-04 -3.110260e-04 -2.530751e-04 -2.708545e-04
 7729.000000 8.301277e-01 1.159393e+00 7.476517e-01 1.393351e-01 -3.994104e-04 -3.106901e-04 -2.622942e-04 -2.762013e-04
 7729.200000 8.267864e-01 1.154924e+00 7.434936e-01 1.372244e-01 -4.010949e-04 -3.109880e-04 -2.601675e-04 -2.792504e-04
 7729.400000 8.285858e-01 1.157588e+00 7.450871e-01 1.391434e-01 -3.999073e-04 -3.003602e-04 -2.447460e-04 -2.758964e-04
 7729.600000 8.285434e-01 1.157470e+00 7.439336e-01 1.364762e-01 -3.960879e-04 -3.039680e-04 -2.410568e-04 -2.789950e-04
 7729.800000 8.156782e-01 1.139191e+00 7.285363e-01 1.339012e-01 -3.894845e-04 -3.062698e-04 -2.553781e-04 -2.793544e-04
 7730.000000 8.293596e-01 1.158646e+00 7.406421e-01 1.382219e-01 -4.035559e-04 -3.046938e-04 -2.523123e-04 -2.770104e-04
 7730.200000 8.262790e-01 1.154764e+00 7.345086e-01 1.376689e-01 -3.989426e-04 -3.003707e-04 -2.422012e-04 -2.831882e-04
 7730.400000 8.269373e-01 1.156159e+00 7.311750e-01 1.375315e-01 -4.069314e-04 -2.975337e-04 -2.354249e-04 -2.897125e-04
 7730.600000 8.258200e-01 1.154710e+00 7.266120e-01 1.386412e-01 -3.952785e-04 -3.059864e-04 -2.293699e-04 -2.787623e-04
 7730.800000 8.266434e-01 1.156270e+00 7.248694e-01 1.376936e-01 -3.931758e-04 -2.978823e-04 -2.370907e-04 -2.755877e-04
 7731.000000 8.264154e-01 1.155436e+00 7.195498e-01 1.376094e-01 -3.978937e-04 -2.989962e-04 -2.372880e-04 -2.775919e-04
 7731.200000 8.270177e-01 1.156335e+00 7.158671e-01 1.354117e-01 -4.000408e-04 -3.035789e-04 -2.263816e-04 -2.805329e-04
 7731.400000 8.250030e-01 1.153444e+00 7.074991e-01 1.354604e-01 -4.103275e-04 -2.979983e-04 -2.383027e-04 -2.780251e-04
 7731.600000 8.270426e-01 1.156931e+00 7.060685e-01 1.379936e-01 -4.153049e-04 -2.984427e-04 -2.512124e-04 -2.718072e-04
 7731.800000 8.227379e-01 1.151060e+00 6.981732e-01 1.413447e-01 -4.059969e-04 -3.067197e-04 -2.556234e-04 -2.680059e-04
 7732.000000 8.313100e-01 1.162892e+00 7.024631e-01 1.386153e-01 -4.096438e-04 -3.113718e-04 -2.323654e-04 -2.650809e-04
 7732.200000 8.283321e-01 1.158644e+00 6.948220e-01 1.375232e-01 -4.038966e-04 -3.138966e-04 -2.425345e-04 -2.642710e-04
 7732.400000 8.202067e-01 1.147922e+00 6.854026e-01 1.373010e-01 -3.927336e-04 -3.098533e-04 -2.499181e-04 -2.638896e-04
 7732.600000 8.299341e-01 1.161798e+00 6.911436e-01 1.393990e-01 -3.899669e-04 -3.122282e-04 -2.466963e-04 -2.663588e-04
 7732.800000 8.177639e-01 1.144849e+00 6.783601e-01 1.343430e-01 -3.936352e-04 -3.135077e-04 -2.448623e-04 -2.581137e-04
 7733.000000 8.319929e-01 1.165138e+00 6.893355e-01 1.384043e-01 -4.020313e-04 -3.219448e-04 -2.539300e-04 -2.591394e-04
 7733.200000 8.295155e-01 1.161539e+00 6.861188e-01 1.387851e-01 -4.051306e-04 -3.226988e-04 -2.402281e-04 -2.570748e-04
 7733.400000 8.271698e-01 1.157416e+00 6.841711e-01 1.371722e-01 -3.910789e-04 -3.201691e-04 -2.381181e-04 -2.453160e-04
 7733.600000 8.239299e-01 1.153607e+00 6.821633e-01 1.395034e-01 -3.921713e-04 -3.213727e-04 -2.347271e-04 -2.417654e-04
 7733.800000 8.266856e-01 1.158228e+00 6.853461e-01 1.368641e-01 -4.074551e-04 -3.185943e-04 -2.286974e-04 -2.505816e-04
 7734.000000 8.172041e-01 1.144602e+00 6.782048e-01 1.357830e-01 -4.011544e-04 -3.148792e-04 -2.410626e-04 -2.480300e-04
 7734.200000 8.321116e-01 1.165242e+00 6.934567e-01 1.407349e-01 -4.125643e-04 -3.188648e-04 -2.407108e-04 -2.505194e-04
 7734.400000 8.285989e-01 1.160771e+00 6.926383e-01 1.403058e-01 -4.163240e-04 -3.220580e-04 -2.425423e-04 -2.443149e-04
 7734.600000 8.252949e-01 1.156614e+00 6.926942e-01 1.376599e-01 -3.996947e-04 -3.096433e-04 -2.350295e-04 -2.418661e-04
 7734.800000 8.267850e-01 1.158923e+00 6.976676e-01 1.381627e-01 -4.044680e-04 -3.121907e-04 -2.551967e-04 -2.615582e-04
 7735.000000 8.255447e-01 1.157278e+00 6.996461e-01 1.378118e-01 -4.000581e-04 -3.211768e-04 -2.551339e-04 -2.687030e-04
 7735.200000 8.258771e-01 1.157771e+00 7.027053e-01 1.390428e-01 -3.990562e-04 -3.173561e-04 -2.421956e-04 -2.596402e-04
 7735.400000 8.231082e-01 1.153473e+00 7.039936e-01 1.389707e-01 -3.936137e-04 -3.197711e-04 -2.551856e-04 -2.620117e-04
 7735.600000 8.326031e-01 1.167642e+00 7.172817e-01 1.391479e-01 -3.959930e-04 -3.207256e-04 -2.506881e-04 -2.669833e-04
 7735.800000 8.260063e-01 1.158253e+00 7.132707e-01 1.362142e-01 -4.009340e-04 -3.187590e-04 -2.414689e-04 -2.498627e-04
 7736.000000 8.245660e-01 1.156150e+00 7.127769e-01 1.396648e-01 -4.034272e-04 -3.193201e-04 -2.517219e-04 -2.594140e-04
 7736.200000 8.202415e-01 1.150350e+00 7.152913e-01 1.370045e-01 -3.982620e-04 -3.144663e-04 -2.438317e-04 -2.578047e-04
 7736.400000 8.242972e-01 1.156619e+00 7.221724e-01 1.390251e-01 -4.022276e-04 -3.157378e-04 -2.403281e-04 -2.646370e-04
 7736.600000 8.199761e-01 1.151065e+00 7.190919e-01 1.365952e-01 -3.979739e-04 -3.193115e-04 -2.392233e-04 -2.586002e-04
 7736.800000 8.280206e-01 1.161750e+00 7.282574e-01 1.402158e-01 -3.995261e-04 -3.126125e-04 -2.396716e-04 -2.618788e-04
 7737.000000 8.288809e-01 1.163680e+00 7.305939e-01 1.387779e-01 -4.071936e-04 -3.100107e-04 -2.386688e-04 -2.468480e-04
 7737.200000 8.265083e-01 1.160515e+00 7.315031e-01 1.390647e-01 -3.978844e-04 -3.105522e-04 -2.457490e-04 -2.531366e-04
 7737.400000 8.198619e-01 1.151562e+00 7.285115e-01 1.349872e-01 -3.943755e-04 -3.110051e-04 -2.373071e-04 -2.601514e-04
 7737.600000 8.286953e-01 1.164174e+00 7.384100e-01 1.344336e-01 -3.987599e-04 -3.192662e-04 -2.381725e-04 -2.684492e-04
 7737.800000 8.231016e-01 1.156508e+00 7.337436e-01 1.403978e-01 -3.941495e-04 -3.220210e-04 -2.473812e-04 -2.573510e-04
 7738.000000 8.229809e-01 1.156464e+00 7.348654e-01 1.364364e-01 -3.844833e-04 -3.061645e-04 -2.337351e-04 -2.636583e-04
 7738.200000 8.263028e-01 1.161396e+00 7.390474e-01 1.385883e-01 -3.895967e-04 -3.162037e-04 -2.591010e-04 -2.713529e-04
 7738.400000 8.229241e-01 1.156514e+00 7.361437e-01 1.370855e-01 -3.912222e-04 -3.240965e-04 -2.637427e-04 -2.735159e-04
 7738.600000 8.265964e-01 1.162261e+00 7.423426e-01 1.377153e-01 -4.045441e-04 -3.289508e-04 -2.558607e-04 -2.609856e-04
 7738.800000 8.223929e-01 1.156486e+00 7.398030e-01 1.374545e-01 -3.986251e-04 -3.199273e-04 -2.364512e-04 -2.559060e-04
 7739.000000 8.237889e-01 1.158953e+00 7.437314e-01 1.370649e-01 -3.927894e-04 -3.201084e-04 -2.484518e-04 -2.527140e-04
 7739.200000 8.237918e-01 1.158920e+00 7.438975e-01 1.342918e-01 -3.909048e-04 -3.231323e-04 -2.427561e-04 -2.489562e-04
 7739.400000 8.257832e-01 1.161630e+00 7.466537e-01 1.332010e-01 -3.918404e-04 -3.238888e-04 -2.480747e-04 -2.589001e-04
 7739.600000 8.205336e-01 1.154916e+00 7.463742e-01 1.353934e-01 -3.884110e-04 -3.238784e-04 -2.410908e-04 -2.659066e-04
 7739.800000 8.301966e-01 1.169138e+00 7.567666e-01 1.360288e-01 -3.917968e-04 -3.268688e-04 -2.410525e-04 -2.749842e-04
 7740.000000 8.234281e-01 1.159381e+00 7.523913e-01 1.360827e-01 -3.870358e-04 -3.214763e-04 -2.235488e-04 -2.616716e-04
 7740.200000 8.235268e-01 1.158965e+00 7.532330e-01 1.378836e-01 -3.863255e-04 -3.021310e-04 -2.288129e-04 -2.805217e-04
 7740.400000 8.221285e-01 1.157704e+00 7.540261e-01 1.346801e-01 -3.919798e-04 -3.048750e-04 -2.289565e-04 -2.717767e-04
 7740.600000 8.232387e-01 1.159646e+00 7.567307e-01 1.361617e-01 -3.854655e-04 -3.059071e-04 -2.317139e-04 -2.613083e-04
 7740.800000 8.206636e-01 1.156208e+00 7.586634e-01 1.330101e-01 -3.814613e-04 -2.993995e-04 -2.392575e-04 -2.617506e-04
 7741.000000 8.059846e-01 1.136003e+00 7.461421e-01 1.289251e-01 -3.765233e-04 -2.920318e-04 -2.284300e-04 -2.537365e-04
 7741.200000 8.324057e-01 1.172833e+00 7.717911e-01 1.393800e-01 -3.820079e-04 -3.046618e-04 -2.369779e-04 -3.070759e-04
 7741.400000 8.197679e-01 1.156006e+00 7.627408e-01 1.353941e-01 -3.847909e-04 -3.155133e-04 -2.293347e-04 -3.129033e-04
 7741.600000 8.171008e-01 1.152312e+00 7.600413e-01 1.343550e-01 -3.788414e-04 -3.148259e-04 -2.459122e-04 -3.104083e-04
 7741.800000 8.078099e-01 1.139107e+00 7.548006e-01 1.301116e-01 -3.792630e-04 -3.026839e-04 -2.424270e-04 -3.059629e-04
 7742.000000 8.031004e-01 1.132647e+00 7.506759e-01 1.298946e-01 -3.770580e-04 -2.957175e-04 -2.407761e-04 -3.068027e-04
 7742.700000 7.977003e-01 1.125954e+00 7.494360e-01 1.299175e-01 -3.802032e-04 -2.997030e-04 -2.517792e-04 -3.106438e-04
 7743.400000 8.171431e-01 1.153643e+00 7.695966e-01 1.321078e-01 -3.856095e-04 -3.054084e-04 -2.606418e-04 -3.171659e-04
 7744.100000 8.277249e-01 1.169408e+00 7.813404e-01 1.352854e-01 -3.953323e-04 -3.207073e-04 -2.501702e-04 -3.222713e-04
 7744.800000 8.262829e-01 1.167894e+00 7.818429e-01 1.333590e-01 -3.974239e-04 -3.175571e-04 -2.490855e-04 -3.223718e-04
 7745.500000 8.262174e-01 1.168198e+00 7.811903e-01 1.338543e-01 -4.014608e-04 -3.105345e-04 -2.364919e-04 -3.186371e-04
 7746.200000 8.258011e-01 1.168425e+00 7.799950e-01 1.344256e-01 -4.021275e-04 -3.074826e-04 -2.362543e-04 -3.193574e-04
 7746.900000 8.259889e-01 1.169446e+00 7.774484e-01 1.342476e-01 -4.004449e-04 -3.183825e-04 -2.426751e-04 -3.172041e-04
 7747.600000 8.263405e-01 1.170271e+00 7.730656e-01 1.348184e-01 -3.921225e-04 -3.168505e-04 -2.507882e-04 -3.185428e-04
 7748.300000 8.249848e-01 1.168877e+00 7.649217e-01 1.333641e-01 -3.885841e-04 -3.160399e-04 -2.474166e-04 -3.199906e-04
 7749.993695 8.245028e-01 1.169742e+00 7.428698e-01 1.338867e-01 -3.897962e-04 -3.173710e-04 -2.507652e-04 -3.179138e-04
 7750.999583 8.245723e-01 1.170834e+00 7.276515e-01 1.341122e-01 -3.889550e-04 -3.085329e-04 -2.488688e-04 -3.131894e-04
 7752.017662 8.231319e-01 1.169290e+00 7.093984e-01 1.331170e-01 -3.816130e-04 -3.212222e-04 -2.502696e-04 -3.050913e-04
 7753.047933 8.237427e-01 1.171152e+00 6.931466e-01 1.328622e-01 -3.879397e-04 -3.201812e-04 -2.460036e-04 -2.762064e-04
 7754.090396 8.243730e-01 1.173335e+00 6.770082e-01 1.345006e-01 -3.821002e-04 -3.120832e-04 -2.477340e-04 -2.630127e-04
 7755.145051 8.219616e-01 1.170674e+00 6.605160e-01 1.323821e-01 -3.802905e-04 -3.153786e-04 -2.468116e-04 -2.528862e-04
 7756.211898 8.243142e-01 1.175327e+00 6.524521e-01 1.329895e-01 -3.823139e-04 -3.066117e-04 -2.470634e-04 -2.707764e-04
 7757.290937 8.212687e-01 1.171337e+00 6.434627e-01 1.330157e-01 -3.913583e-04 -3.021398e-04 -2.463838e-04 -2.705166e-04
 7758.382167 8.233443e-01 1.175017e+00 6.461047e-01 1.336168e-01 -3.998374e-04 -3.035073e-04 -2.439562e-04 -2.664135e-04
 7759.485590 8.219928e-01 1.174884e+00 6.508082e-01 1.316937e-01 -3.969504e-04 -3.022653e-04 -2.527974e-04 -2.681818e-04
 7760.601204 8.217153e-01 1.175257e+00 6.608845e-01 1.329491e-01 -3.805031e-04 -3.060514e-04 -2.596655e-04 -2.702742e-04
 7761.729011 8.219837e-01 1.176066e+00 6.770275e-01 1.332798e-01 -3.779462e-04 -3.025713e-04 -2.509740e-04 -2.785534e-04
 7762.869009 8.216120e-01 1.176553e+00 6.963225e-01 1.340359e-01 -3.866509e-04 -3.076764e-04 -2.438080e-04 -2.675589e-04
 7764.021199 8.219460e-01 1.178063e+00 7.184150e-01 1.347883e-01 -3.869555e-04 -3.041619e-04 -2.627511e-04 -2.827279e-04
 7765.185582 8.207064e-01 1.176727e+00 7.374784e-01 1.349727e-01 -3.939502e-04 -3.032622e-04 -2.671062e-04 -3.081210e-04
 7766.362156 8.218653e-01 1.179597e+00 7.587920e-01 1.348805e-01 -3.901022e-04 -3.055666e-04 -2.616002e-04 -3.189305e-04
 7767.550922 8.207499e-01 1.178768e+00 7.769448e-01 1.358368e-01 -3.924672e-04 -3.116333e-04 -2.621023e-04 -3.163012e-04
 7768.751879 8.214364e-01 1.180615e+00 7.941561e-01 1.361129e-01 -3.946401e-04 -3.051746e-04 -2.546747e-04 -3.079630e-04
 7769.965029 8.193183e-01 1.178321e+00 8.042185e-01 1.352366e-01 -3.952255e-04 -3.074986e-04 -2.472638e-04 -3.049000e-04
 7771.190371 8.212840e-01 1.182478e+00 8.153920e-01 1.353707e-01 -3.916716e-04 -3.089447e-04 -2.455545e-04 -2.807640e-04
 7772.427904 8.191215e-01 1.180332e+00 8.187111e-01 1.356131e-01 -3.859425e-04 -3.154021e-04 -2.518082e-04 -2.775144e-04
 7773.677630 8.206464e-01 1.183835e+00 8.245330e-01 1.351841e-01 -3.889530e-04 -3.189584e-04 -2.560666e-04 -2.782042e-04
 7774.939547 8.195697e-01 1.183341e+00 8.279023e-01 1.357579e-01 -3.858172e-04 -3.071212e-04 -2.490067e-04 -2.745089e-04
 7776.213657 8.195514e-01 1.184091e+00 8.330739e-01 1.352209e-01 -3.851268e-04 -3.130587e-04 -2.343214e-04 -2.743328e-04
 7777.499958 8.183720e-01 1.183671e+00 8.378030e-01 1.358902e-01 -3.832456e-04 -3.148612e-04 -2.242533e-04 -2.677954e-04
 7778.798451 8.195387e-01 1.187164e+00 8.428091e-01 1.364508e-01 -3.706499e-04 -3.169386e-04 -2.296271e-04 -2.642007e-04
 7780.109136 8.184372e-01 1.186427e+00 8.424838e-01 1.355504e-01 -3.655463e-04 -3.193262e-04 -2.260587e-04 -2.565542e-04
 7781.432013 8.182540e-01 1.186507e+00 8.395797e-01 1.367594e-01 -3.817180e-04 -3.164167e-04 -2.450620e-04 -2.595683e-04
 7782.767082 8.182780e-01 1.187672e+00 8.343273e-01 1.352145e-01 -3.833402e-04 -3.159390e-04 -2.443316e-04 -2.644427e-04
 7784.114342 8.175334e-01 1.187606e+00 8.268420e-01 1.369379e-01 -3.817000e-04 -3.108119e-04 -2.542492e-04 -2.627367e-04
 7785.473795 8.162015e-01 1.186699e+00 8.201238e-01 1.362767e-01 -3.889259e-04 -3.054350e-04 -2.505966e-04 -2.681877e-04
 7786.845440 8.177878e-01 1.190170e+00 8.156455e-01 1.370439e-01 -3.902046e-04 -3.108334e-04 -2.334145e-04 -2.559993e-04
 7788.229276 8.157208e-01 1.188191e+00 8.059783e-01 1.368124e-01 -3.885587e-04 -3.079410e-04 -2.349763e-04 -2.465941e-04
 7789.625305 8.162923e-01 1.190304e+00 7.981439e-01 1.367210e-01 -3.877363e-04 -3.242304e-04 -2.572704e-04 -2.503948e-04
 7791.033525 8.166053e-01 1.191634e+00 7.897546e-01 1.361012e-01 -3.782749e-04 -3.234003e-04 -2.594875e-04 -2.561387e-04
 7792.453937 8.154955e-01 1.190960e+00 7.801028e-01 1.370878e-01 -3.815501e-04 -3.169713e-04 -2.485089e-04 -2.611069e-04
 7793.886541 8.160297e-01 1.192797e+00 7.729849e-01 1.365941e-01 -3.780533e-04 -3.168941e-04 -2.489246e-04 -2.673904e-04
 7795.331337 8.142946e-01 1.191218e+00 7.625474e-01 1.376281e-01 -3.748396e-04 -3.174132e-04 -2.500374e-04 -2.575099e-04
 7796.788325 8.139113e-01 1.191928e+00 7.517800e-01 1.368649e-01 -3.746161e-04 -3.143660e-04 -2.446368e-04 -2.596120e-04
 7798.257505 8.157068e-01 1.196708e+00 7.413748e-01 1.361103e-01 -3.794169e-04 -3.184351e-04 -2.357291e-04 -2.519938e-04
 7799.738877 8.147641e-01 1.196013e+00 7.259506e-01 1.364870e-01 -3.785535e-04 -3.149996e-04 -2.375021e-04 -2.622374e-04
 7801.232440 8.105829e-01 1.189384e+00 7.054045e-01 1.370015e-01 -3.754589e-04 -2.997345e-04 -2.254506e-04 -2.612525e-04
 7802.738196 8.133479e-01 1.195877e+00 6.946765e-01 1.372235e-01 -3.764112e-04 -3.035195e-04 -2.366442e-04 -2.678041e-04
 7804.256143 8.144218e-01 1.199570e+00 6.858840e-01 1.368642e-01 -3.734740e-04 -3.189056e-04 -2.378725e-04 -2.654835e-04
 7805.786283 8.128345e-01 1.198016e+00 6.782128e-01 1.371225e-01 -3.822564e-04 -3.183282e-04 -2.347530e-04 -2.560647e-04
 7807.328614 8.132517e-01 1.199877e+00 6.782671e-01 1.371050e-01 -3.865517e-04 -3.133679e-04 -2.395351e-04 -2.470097e-04
 7808.883137 8.137372e-01 1.202066e+00 6.836870e-01 1.376755e-01 -3.947402e-04 -3.076535e-04 -2.364737e-04 -2.441824e-04
 7810.449852 8.116679e-01 1.199882e+00 6.914524e-01 1.385220e-01 -3.973152e-04 -3.001851e-04 -2.351536e-04 -2.432722e-04
 7812.028759 8.131437e-01 1.203360e+00 7.050454e-01 1.372232e-01 -3.961835e-04 -3.055928e-04 -2.401822e-04 -2.438231e-04
 7813.619858 8.119398e-01 1.203115e+00 7.170714e-01 1.372572e-01 -4.070606e-04 -3.055601e-04 -2.283454e-04 -2.468307e-04
 7815.223149 8.129230e-01 1.205626e+00 7.336481e-01 1.378842e-01 -4.033389e-04 -3.063595e-04 -2.369409e-04 -2.400138e-04
 7816.838632 8.115083e-01 1.204898e+00 7.503181e-01 1.370906e-01 -3.990665e-04 -3.120438e-04 -2.351397e-04 -2.444967e-04
 7818.466307 8.134360e-01 1.209137e+00 7.700201e-01 1.375477e-01 -3.961014e-04 -3.132761e-04 -2.409209e-04 -2.398115e-04
 7820.106173 8.109078e-01 1.206799e+00 7.822898e-01 1.376157e-01 -3.902929e-04 -3.098637e-04 -2.406463e-04 -2.448770e-04
 7821.758232 8.117651e-01 1.209366e+00 8.016979e-01 1.376300e-01 -3.961433e-04 -3.156014e-04 -2.432460e-04 -2.526435e-04
 7823.422482 8.103187e-01 1.208506e+00 8.168145e-01 1.378366e-01 -3.920597e-04 -3.131038e-04 -2.376610e-04 -2.527566e-04
 7825.098924 8.121965e-01 1.213119e+00 8.390580e-01 1.375491e-01 -3.919058e-04 -3.155713e-04 -2.363518e-04 -2.605341e-04
 7826.787558 8.097116e-01 1.210651e+00 8.575766e-01 1.372461e-01 -3.820451e-04 -3.112730e-04 -2.384641e-04 -2.572455e-04
 7828.488385 8.059222e-01 1.206478e+00 8.755332e-01 1.363519e-01 -3.828692e-04 -3.064780e-04 -2.401507e-04 -2.527640e-04
 7830.201403 8.042560e-01 1.205218e+00 8.927742e-01 1.375163e-01 -3.910418e-04 -3.064370e-04 -2.363589e-04 -2.450499e-04
 7831.926613 8.079957e-01 1.212283e+00 9.104301e-01 1.371512e-01 -3.979213e-04 -2.926112e-04 -2.317597e-04 -2.534748e-04
 7833.664014 8.087666e-01 1.215122e+00 9.184489e-01 1.377258e-01 -3.873252e-04 -2.981429e-04 -2.163419e-04 -2.570944e-04
 7835.413608 8.075794e-01 1.214499e+00 9.180189e-01 1.370474e-01 -3.948106e-04 -3.038563e-04 -2.155006e-04 -2.468216e-04
 7837.175394 8.077958e-01 1.216110e+00 9.145152e-01 1.370212e-01 -3.934011e-04 -3.046389e-04 -2.226142e-04 -2.485393e-04
 7838.949371 8.074107e-01 1.217687e+00 9.079930e-01 1.377787e-01 -4.035204e-04 -3.026535e-04 -2.344278e-04 -2.618630e-04
 7840.735541 8.072574e-01 1.218252e+00 8.982174e-01 1.370553e-01 -4.060360e-04 -3.035294e-04 -2.293219e-04 -2.533138e-04
 7842.533902 8.061114e-01 1.217686e+00 8.872237e-01 1.370876e-01 -4.008984e-04 -3.142943e-04 -2.174803e-04 -2.543196e-04
 7844.344455 8.071805e-01 1.221414e+00 8.792545e-01 1.374060e-01 -4.058969e-04 -3.076375e-04 -2.062573e-04 -2.481680e-04
 7846.167201 8.055692e-01 1.220599e+00 8.689998e-01 1.373516e-01 -4.093215e-04 -3.066295e-04 -2.156772e-04 -2.395981e-04
 7848.002138 8.063670e-01 1.223095e+00 8.651081e-01 1.374489e-01 -4.048819e-04 -3.103473e-04 -2.158983e-04 -2.342786e-04
 7849.849267 8.061433e-01 1.224792e+00 8.631926e-01 1.373529e-01 -3.993058e-04 -3.058828e-04 -2.341043e-04 -2.430520e-04
 7851.708588 8.057168e-01 1.225444e+00 8.655379e-01 1.387451e-01 -3.955449e-04 -3.077343e-04 -2.324325e-04 -2.463205e-04
 7853.580100 8.031038e-01 1.222675e+00 8.658934e-01 1.366585e-01 -3.917935e-04 -3.024076e-04 -2.395631e-04 -2.504752e-04
 7855.463805 7.991756e-01 1.218380e+00 8.631381e-01 1.371110e-01 -3.873090e-04 -3.008567e-04 -2.382478e-04 -2.512672e-04
 7857.359702 8.035054e-01 1.226247e+00 8.633011e-01 1.375484e-01 -3.846454e-04 -2.905256e-04 -2.312715e-04 -2.431839e-04
 7859.267790 8.046853e-01 1.230205e+00 8.545890e-01 1.382635e-01 -3.876695e-04 -3.039236e-04 -2.366530e-04 -2.474009e-04
 7861.188071 8.039104e-01 1.230435e+00 8.360777e-01 1.380271e-01 -3.873483e-04 -3.166188e-04 -2.427274e-04 -2.507817e-04
 7863.120543 8.032996e-01 1.230360e+00 8.121199e-01 1.381980e-01 -3.850165e-04 -3.150983e-04 -2.352155e-04 -2.555044e-04
 7865.065207 8.039964e-01 1.233666e+00 7.923895e-01 1.386249e-01 -3.850829e-04 -3.199756e-04 -2.448043e-04 -2.626082e-04
 7867.022064 8.036322e-01 1.234692e+00 7.744458e-01 1.388301e-01 -3.857017e-04 -3.186176e-04 -2.466115e-04 -2.583265e-04
 7868.991112 8.026164e-01 1.234577e+00 7.613627e-01 1.389507e-01 -3.844933e-04 -3.163869e-04 -2.409647e-04 -2.590991e-04
 7870.972352 8.022206e-01 1.235949e+00 7.522018e-01 1.390279e-01 -3.769793e-04 -3.140962e-04 -2.302915e-04 -2.539819e-04
 7872.965784 8.017923e-01 1.236615e+00 7.467814e-01 1.389153e-01 -3.773304e-04 -3.178980e-04 -2.310554e-04 -2.545713e-04
 7874.971407 8.018756e-01 1.238371e+00 7.443187e-01 1.385705e-01 -3.915832e-04 -3.157418e-04 -2.339005e-04 -2.442124e-04
 7876.989223 8.027550e-01 1.241638e+00 7.483805e-01 1.399771e-01 -3.857258e-04 -3.167210e-04 -2.453750e-04 -2.398240e-04
 7879.019231 8.000035e-01 1.238564e+00 7.532941e-01 1.393913e-01 -3.900863e-04 -3.281232e-04 -2.452511e-04 -2.418894e-04
 7881.061430 8.017465e-01 1.243710e+00 7.707242e-01 1.394123e-01 -3.918439e-04 -3.291580e-04 -2.401386e-04 -2.512087e-04
 7883.115822 7.990353e-01 1.240881e+00 7.874131e-01 1.396202e-01 -3.944483e-04 -3.228410e-04 -2.479385e-04 -2.523981e-04
 7885.182405 8.007384e-01 1.244922e+00 8.162534e-01 1.408893e-01 -3.938041e-04 -3.168459e-04 -2.513320e-04 -2.444381e-04
 7887.261180 7.997225e-01 1.245664e+00 8.477168e-01 1.401247e-01 -4.001921e-04 -3.158260e-04 -2.458362e-04 -2.517305e-04
 7889.352148 8.009912e-01 1.249820e+00 8.879658e-01 1.395207e-01 -3.964882e-04 -3.164604e-04 -2.538184e-04 -2.483415e-04
 7891.455307 7.963869e-01 1.243147e+00 9.196674e-01 1.405747e-01 -3.934351e-04 -3.274978e-04 -2.445037e-04 -2.392451e-04
 7893.570658 7.914951e-01 1.237504e+00 9.506343e-01 1.383236e-01 -3.925578e-04 -3.241419e-04 -2.387898e-04 -2.410534e-04
 7895.698201 7.975086e-01 1.249190e+00 9.875044e-01 1.394173e-01 -4.019611e-04 -3.102899e-04 -2.381598e-04 -2.437145e-04
 7897.837935 7.976435e-01 1.250655e+00 1.004614e+00 1.401362e-01 -4.074686e-04 -3.169472e-04 -2.398304e-04 -2.443989e-04
 7899.989862 7.960267e-01 1.249352e+00 1.007830e+00 1.401033e-01 -4.016630e-04 -3.135886e-04 -2.359908e-04 -2.532747e-04
 7902.153981 7.972185e-01 1.253962e+00 1.003837e+00 1.396985e-01 -4.009512e-04 -3.147540e-04 -2.407802e-04 -2.479149e-04
 7904.330291 7.972433e-01 1.256039e+00 9.908426e-01 1.404382e-01 -4.023566e-04 -3.166477e-04 -2.328009e-04 -2.444169e-04
 7906.518794 7.945103e-01 1.252719e+00 9.718430e-01 1.402210e-01 -4.039539e-04 -3.166413e-04 -2.286730e-04 -2.499983e-04
 7908.719488 7.948739e-01 1.254941e+00 9.575952e-01 1.401915e-01 -3.998612e-04 -3.168931e-04 -2.357518e-04 -2.625527e-04
 7910.932374 7.963366e-01 1.260013e+00 9.472472e-01 1.398659e-01 -4.050298e-04 -3.071561e-04 -2.312636e-04 -2.497891e-04
 7913.157453 7.962161e-01 1.261846e+00 9.384256e-01 1.405051e-01 -4.069068e-04 -3.087729e-04 -2.355890e-04 -2.457545e-04
 7915.394723 7.937698e-01 1.259000e+00 9.282397e-01 1.409935e-01 -4.007314e-04 -3.091832e-04 -2.363628e-04 -2.511746e-04
 7917.644185 7.940241e-01 1.261119e+00 9.256760e-01 1.405727e-01 -3.903060e-04 -3.061399e-04 -2.282722e-04 -2.491534e-04
 7919.905838 7.945611e-01 1.264317e+00 9.277131e-01 1.415822e-01 -3.826138e-04 -3.093611e-04 -2.449045e-04 -2.529893e-04
 7922.179684 7.931027e-01 1.263596e+00 9.281039e-01 1.403306e-01 -3.812257e-04 -3.185280e-04 -2.389134e-04 -2.501601e-04
 7924.465722 7.934079e-01 1.266306e+00 9.331999e-01 1.416587e-01 -3.921656e-04 -3.177363e-04 -2.263353e-04 -2.504528e-04
 7926.763952 7.934942e-01 1.268210e+00 9.385276e-01 1.397887e-01 -3.980870e-04 -3.126049e-04 -2.219290e-04 -2.600013e-04
 7929.074373 7.926531e-01 1.268711e+00 9.444906e-01 1.403034e-01 -3.914444e-04 -3.061762e-04 -2.257616e-04 -2.643487e-04
 7931.396987 7.912474e-01 1.268078e+00 9.513394e-01 1.411966e-01 -3.864913e-04 -3.102140e-04 -2.299404e-04 -2.658361e-04
 7933.731792 7.915056e-01 1.270525e+00 9.598796e-01 1.401604e-01 -3.789964e-04 -3.119772e-04 -2.327455e-04 -2.676062e-04
 7936.078789 7.881535e-01 1.267563e+00 9.617108e-01 1.405518e-01 -3.782426e-04 -3.090374e-04 -2.396286e-04 -2.665686e-04
 7938.437978 7.784009e-01 1.253888e+00 9.507529e-01 1.382773e-01 -3.874980e-04 -3.108315e-04 -2.346589e-04 -2.654988e-04
 7940.809359 7.908129e-01 1.275652e+00 9.581172e-01 1.400541e-01 -3.903463e-04 -3.248307e-04 -2.162648e-04 -2.607644e-04
 7943.192932 7.921053e-01 1.279734e+00 9.481954e-01 1.413950e-01 -3.843825e-04 -3.326518e-04 -2.176161e-04 -2.589020e-04
 7945.588697 7.901592e-01 1.278519e+00 9.326166e-01 1.413613e-01 -3.802698e-04 -3.216235e-04 -2.274632e-04 -2.501785e-04
 7947.996654 7.913341e-01 1.282482e+00 9.229731e-01 1.402715e-01 -3.849884e-04 -3.212328e-04 -2.282206e-04 -2.570560e-04
 7950.416803 7.900278e-01 1.282401e+00 9.117318e-01 1.412909e-01 -3.943340e-04 -3.178405e-04 -2.250103e-04 -2.582725e-04
 7952.849143 7.895551e-01 1.283363e+00 9.045526e-01 1.420289e-01 -3.931705e-04 -3.245152e-04 -2.206017e-04 -2.622977e-04
 7955.293676 7.881902e-01 1.283312e+00 8.998772e-01 1.415796e-01 -3.911886e-04 -3.191436e-04 -2.352292e-04 -2.659072e-04
 7957.750400 7.893737e-01 1.287311e+00 9.019392e-01 1.415192e-01 -3.884450e-04 -3.128312e-04 -2.471154e-04 -2.730365e-04
 7960.219317 7.880975e-01 1.286927e+00 9.054734e-01 1.406121e-01 -3.883190e-04 -3.109522e-04 -2.412774e-04 -2.730432e-04
 7962.700425 7.879052e-01 1.289007e+00 9.166038e-01 1.431482e-01 -3.917967e-04 -3.018396e-04 -2.375873e-04 -2.767711e-04
 7965.193725 7.874925e-01 1.290312e+00 9.336041e-01 1.420458e-01 -3.969708e-04 -2.969897e-04 -2.419010e-04 -2.748615e-04
 7967.699217 7.879767e-01 1.293357e+00 9.557884e-01 1.419846e-01 -4.062713e-04 -2.966453e-04 -2.504288e-04 -2.624762e-04
 7970.216901 7.872246e-01 1.294064e+00 9.777645e-01 1.420905e-01 -4.043706e-04 -2.948769e-04 -2.371853e-04 -2.744310e-04
 7972.746777 7.860426e-01 1.294091e+00 9.988161e-01 1.413642e-01 -3.945593e-04 -3.070367e-04 -2.369993e-04 -2.686712e-04
 7975.288845 7.865985e-01 1.297387e+00 1.020225e+00 1.424493e-01 -4.083466e-04 -3.090909e-04 -2.392025e-04 -2.677616e-04
 7977.843105 7.854712e-01 1.297931e+00 1.034832e+00 1.418881e-01 -4.014892e-04 -3.108753e-04 -2.418172e-04 -2.611855e-04
 7980.409556 7.853025e-01 1.299021e+00 1.043308e+00 1.418952e-01 -3.934942e-04 -3.138027e-04 -2.451167e-04 -2.537005e-04
 7982.988200 7.807786e-01 1.293537e+00 1.046365e+00 1.419180e-01 -3.919135e-04 -3.120548e-04 -2.517988e-04 -2.566863e-04
 7985.579035 7.808317e-01 1.295935e+00 1.053070e+00 1.414535e-01 -3.858169e-04 -3.146115e-04 -2.565396e-04 -2.620615e-04
 7988.182062 7.821648e-01 1.300319e+00 1.059760e+00 1.430787e-01 -3.945888e-04 -3.134128e-04 -2.523765e-04 -2.652794e-04
 7990.797282 7.825387e-01 1.303355e+00 1.066706e+00 1.432657e-01 -4.006279e-04 -3.209591e-04 -2.633590e-04 -2.667550e-04
 7993.424693 7.816219e-01 1.303661e+00 1.071663e+00 1.421142e-01 -3.929165e-04 -3.091286e-04 -2.522522e-04 -2.542207e-04
 7996.064296 7.822747e-01 1.307325e+00 1.078211e+00 1.425229e-01 -3.898572e-04 -3.073649e-04 -2.449142e-04 -2.567911e-04
 7998.716091 7.813230e-01 1.307752e+00 1.081898e+00 1.428061e-01 -3.843161e-04 -3.070164e-04 -2.531619e-04 -2.567550e-04
 8001.380078 7.814293e-01 1.310735e+00 1.085471e+00 1.423666e-01 -3.956856e-04 -3.105326e-04 -2.454900e-04 -2.583136e-04
 8004.056256 7.796212e-01 1.309390e+00 1.084298e+00 1.429118e-01 -3.891307e-04 -3.143393e-04 -2.498345e-04 -2.580674e-04
 8006.744627 7.808245e-01 1.313873e+00 1.086227e+00 1.438742e-01 -3.885151e-04 -3.103005e-04 -2.389755e-04 -2.534969e-04
 8009.445190 7.804058e-01 1.315604e+00 1.084788e+00 1.428073e-01 -3.834711e-04 -3.153570e-04 -2.338962e-04 -2.472971e-04
 8012.157944 7.796413e-01 1.316356e+00 1.080608e+00 1.434663e-01 -3.786256e-04 -3.149799e-04 -2.384908e-04 -2.565955e-04
 8014.882891 7.785152e-01 1.316499e+00 1.077314e+00 1.433872e-01 -3.788920e-04 -3.158204e-04 -2.387318e-04 -2.593233e-04
 8017.620029 7.787114e-01 1.319158e+00 1.076255e+00 1.432156e-01 -3.757566e-04 -3.150725e-04 -2.358144e-04 -2.597922e-04
 8020.369359 7.789502e-01 1.321650e+00 1.075979e+00 1.438595e-01 -3.821613e-04 -3.071656e-04 -2.290874e-04 -2.603945e-04
 8023.130881 7.774846e-01 1.321363e+00 1.075376e+00 1.429773e-01 -3.817045e-04 -3.134343e-04 -2.213593e-04 -2.593493e-04
 8025.904595 7.774777e-01 1.323428e+00 1.076007e+00 1.439261e-01 -3.696702e-04 -3.106532e-04 -2.227413e-04 -2.596873e-04
 8028.690501 7.761607e-01 1.323821e+00 1.073783e+00 1.436379e-01 -3.655335e-04 -3.074941e-04 -2.256873e-04 -2.649604e-04
 8031.488599 7.766612e-01 1.327038e+00 1.074418e+00 1.433774e-01 -3.631219e-04 -3.089795e-04 -2.282325e-04 -2.686619e-04
 8034.298889 7.751816e-01 1.326753e+00 1.071007e+00 1.432179e-01 -3.700505e-04 -3.090171e-04 -2.237777e-04 -2.636885e-04
 8037.121371 7.751664e-01 1.329047e+00 1.068837e+00 1.443672e-01 -3.902421e-04 -3.062285e-04 -2.213432e-04 -2.584466e-04
 8039.956044 7.748776e-01 1.331063e+00 1.066866e+00 1.447788e-01 -3.934026e-04 -3.019790e-04 -2.247937e-04 -2.588783e-04
 8042.802910 7.735720e-01 1.330863e+00 1.065654e+00 1.440716e-01 -3.784815e-04 -3.034041e-04 -2.347539e-04 -2.528521e-04
 8045.661967 7.727654e-01 1.331825e+00 1.068983e+00 1.449350e-01 -3.897073e-04 -3.071588e-04 -2.394196e-04 -2.530346e-04
 8048.533217 7.718325e-01 1.332583e+00 1.073296e+00 1.440668e-01 -3.911584e-04 -2.997240e-04 -2.396667e-04 -2.572000e-04
 8051.416658 7.699977e-01 1.331820e+00 1.079963e+00 1.437537e-01 -3.847813e-04 -2.971293e-04 -2.307787e-04 -2.609404e-04
 8054.312291 7.496740e-01 1.298969e+00 1.063579e+00 1.412182e-01 -3.821105e-04 -2.945744e-04 -2.269067e-04 -2.641909e-04
 8057.220116 7.649311e-01 1.328131e+00 1.097107e+00 1.424128e-01 -3.880014e-04 -3.024427e-04 -2.322766e-04 -2.575555e-04
 8060.140133 7.734537e-01 1.345137e+00 1.122489e+00 1.444867e-01 -3.851412e-04 -3.039643e-04 -2.421781e-04 -2.544710e-04
 8063.072342 7.718735e-01 1.344518e+00 1.132011e+00 1.445159e-01 -3.781887e-04 -2.897644e-04 -2.420411e-04 -2.550330e-04
 8066.016743 7.720861e-01 1.347533e+00 1.142115e+00 1.457890e-01 -3.654453e-04 -2.903210e-04 -2.296252e-04 -2.482093e-04
 8068.973335 7.695681e-01 1.345088e+00 1.144677e+00 1.440249e-01 -3.702026e-04 -2.992922e-04 -2.293292e-04 -2.480916e-04
 8071.942120 7.696049e-01 1.347727e+00 1.149830e+00 1.448951e-01 -3.739520e-04 -2.979232e-04 -2.399535e-04 -2.487274e-04
 8074.923096 7.693290e-01 1.349899e+00 1.154246e+00 1.459404e-01 -3.697683e-04 -2.970072e-04 -2.482516e-04 -2.484428e-04
 8077.916265 7.684400e-01 1.350535e+00 1.159324e+00 1.444878e-01 -3.743542e-04 -3.002475e-04 -2.356458e-04 -2.533349e-04
 8080.921625 7.669718e-01 1.350663e+00 1.167238e+00 1.453261e-01 -3.798727e-04 -2.970217e-04 -2.241526e-04 -2.651014e-04
 8083.939177 7.659973e-01 1.351188e+00 1.178178e+00 1.447201e-01 -3.765333e-04 -3.022174e-04 -2.234596e-04 -2.745420e-04
 8086.968921 7.653204e-01 1.352688e+00 1.189866e+00 1.456288e-01 -3.757985e-04 -3.000037e-04 -2.212074e-04 -2.736158e-04
 8090.010858 7.550736e-01 1.337231e+00 1.184788e+00 1.422400e-01 -3.744287e-04 -2.972976e-04 -2.244114e-04 -2.719520e-04
 8093.064985 7.470123e-01 1.325469e+00 1.179851e+00 1.439427e-01 -3.704975e-04 -3.030934e-04 -2.263936e-04 -2.583164e-04
 8096.131305 7.659872e-01 1.361355e+00 1.214196e+00 1.464504e-01 -3.744676e-04 -3.064323e-04 -2.428526e-04 -2.549256e-04
 8099.209817 7.660939e-01 1.364257e+00 1.220516e+00 1.447819e-01 -3.782838e-04 -3.087277e-04 -2.389648e-04 -2.570989e-04
 8102.300521 7.652127e-01 1.364976e+00 1.223708e+00 1.462879e-01 -3.802012e-04 -3.104965e-04 -2.261190e-04 -2.612703e-04
 8105.403416 7.631024e-01 1.363610e+00 1.225862e+00 1.451537e-01 -3.749666e-04 -3.120538e-04 -2.306398e-04 -2.560177e-04
 8108.518504 7.644170e-01 1.368752e+00 1.232361e+00 1.466889e-01 -3.731920e-04 -3.039933e-04 -2.340120e-04 -2.663895e-04
 8111.645783 7.630974e-01 1.369001e+00 1.233543e+00 1.459011e-01 -3.802732e-04 -3.078012e-04 -2.303763e-04 -2.707791e-04
 8114.785255 7.616262e-01 1.368735e+00 1.233829e+00 1.460432e-01 -3.826387e-04 -3.103666e-04 -2.302492e-04 -2.678386e-04
 8117.936918 7.627731e-01 1.373724e+00 1.237255e+00 1.464267e-01 -3.818012e-04 -3.099171e-04 -2.196881e-04 -2.687810e-04
 8121.100773 7.610882e-01 1.373003e+00 1.236388e+00 1.468087e-01 -3.763470e-04 -3.099033e-04 -2.275923e-04 -2.757195e-04
 8124.276820 7.608489e-01 1.375144e+00 1.238356e+00 1.471816e-01 -3.831470e-04 -3.149083e-04 -2.294721e-04 -2.756009e-04
 8127.465059 7.605603e-01 1.377477e+00 1.239123e+00 1.462984e-01 -3.855216e-04 -3.079727e-04 -2.374696e-04 -2.790705e-04
 8130.665490 7.595474e-01 1.378335e+00 1.239008e+00 1.462927e-01 -3.873505e-04 -3.092360e-04 -2.346862e-04 -2.791362e-04
 8133.878112 7.595952e-01 1.380794e+00 1.242264e+00 1.471011e-01 -3.791970e-04 -3.113979e-04 -2.371425e-04 -2.808005e-04
 8137.102927 7.576021e-01 1.379970e+00 1.241342e+00 1.470489e-01 -3.794751e-04 -3.060498e-04 -2.324363e-04 -2.787170e-04
 8140.339934 7.577754e-01 1.383376e+00 1.244988e+00 1.465472e-01 -3.842808e-04 -3.038230e-04 -2.402987e-04 -2.803229e-04
 8143.589132 7.578371e-01 1.386396e+00 1.248310e+00 1.471713e-01 -3.748503e-04 -3.095841e-04 -2.423251e-04 -2.765637e-04
 8146.850523 7.558579e-01 1.384739e+00 1.248275e+00 1.472183e-01 -3.704123e-04 -3.107688e-04 -2.436915e-04 -2.667954e-04
 8150.124105 7.561538e-01 1.388035e+00 1.254080e+00 1.470434e-01 -3.793474e-04 -3.151597e-04 -2.442864e-04 -2.685196e-04
 8153.409879 7.563017e-01 1.391168e+00 1.261364e+00 1.472613e-01 -3.778077e-04 -3.220733e-04 -2.363275e-04 -2.621308e-04
 8156.707845 7.547070e-01 1.390788e+00 1.265819e+00 1.474816e-01 -3.780407e-04 -3.247398e-04 -2.365263e-04 -2.630889e-04
 8160.018003 7.546607e-01 1.393513e+00 1.275884e+00 1.479881e-01 -3.724035e-04 -3.357720e-04 -2.296092e-04 -2.724048e-04
 8163.340353 7.540140e-01 1.394869e+00 1.285349e+00 1.474906e-01 -3.791436e-04 -3.351798e-04 -2.282477e-04 -2.786219e-04
 8166.674895 7.535908e-01 1.396916e+00 1.295047e+00 1.472083e-01 -3.874565e-04 -3.234435e-04 -2.315199e-04 -2.975264e-04
 8170.021629 7.534540e-01 1.399583e+00 1.305212e+00 1.482818e-01 -3.842766e-04 -3.224552e-04 -2.339910e-04 -2.930736e-04
 8173.380554 7.526127e-01 1.400638e+00 1.312585e+00 1.478011e-01 -3.752057e-04 -3.202324e-04 -2.286304e-04 -2.752362e-04
 8176.751672 7.516197e-01 1.401471e+00 1.316672e+00 1.478498e-01 -3.667521e-04 -3.157018e-04 -2.284058e-04 -2.772630e-04
 8180.134982 7.510964e-01 1.403551e+00 1.323193e+00 1.473898e-01 -3.590002e-04 -3.136573e-04 -2.244512e-04 -2.799902e-04
 8183.530483 7.500496e-01 1.404168e+00 1.326509e+00 1.479208e-01 -3.673892e-04 -3.202088e-04 -2.291411e-04 -2.794547e-04
 8186.938176 7.496592e-01 1.405983e+00 1.331902e+00 1.484067e-01 -3.720084e-04 -3.230442e-04 -2.158429e-04 -2.831469e-04
 8190.358061 7.496930e-01 1.409182e+00 1.338535e+00 1.478635e-01 -3.774819e-04 -3.321685e-04 -2.103957e-04 -2.808174e-04
 8193.790139 7.481656e-01 1.408912e+00 1.342923e+00 1.484216e-01 -3.776277e-04 -3.210897e-04 -2.159934e-04 -2.770921e-04
 8197.234408 7.476749e-01 1.410716e+00 1.351146e+00 1.477574e-01 -3.701050e-04 -3.176497e-04 -2.173057e-04 -2.613587e-04
 8200.690868 7.478199e-01 1.414185e+00 1.361530e+00 1.484385e-01 -3.770655e-04 -3.180164e-04 -2.180537e-04 -2.685529e-04
 8204.159521 7.464593e-01 1.414120e+00 1.368647e+00 1.476849e-01 -3.757058e-04 -3.213166e-04 -2.126496e-04 -2.758868e-04
 8207.640366 7.461317e-01 1.416111e+00 1.376738e+00 1.483042e-01 -3.706318e-04 -3.352479e-04 -2.250405e-04 -2.715985e-04
 8211.133403 7.458553e-01 1.418598e+00 1.383903e+00 1.487193e-01 -3.739799e-04 -3.328577e-04 -2.201418e-04 -2.643186e-04
 8214.638631 7.451188e-01 1.419922e+00 1.390645e+00 1.492845e-01 -3.839581e-04 -3.251691e-04 -2.176135e-04 -2.862221e-04
 8218.156052 7.445233e-01 1.421804e+00 1.398147e+00 1.485917e-01 -3.782713e-04 -3.254360e-04 -2.257612e-04 -2.848486e-04
 8221.685664 7.441410e-01 1.424408e+00 1.406052e+00 1.494656e-01 -3.707274e-04 -3.247069e-04 -2.219339e-04 -2.795911e-04
 8225.227468 7.431463e-01 1.425277e+00 1.412555e+00 1.486917e-01 -3.742399e-04 -3.169400e-04 -2.242379e-04 -2.712134e-04
 8228.781465 7.427996e-01 1.427055e+00 1.419046e+00 1.487964e-01 -3.867984e-04 -3.130056e-04 -2.211652e-04 -2.707473e-04
 8232.347653 7.420696e-01 1.428186e+00 1.423736e+00 1.492375e-01 -3.978009e-04 -3.186579e-04 -2.207429e-04 -2.780342e-04
 8235.926033 7.417749e-01 1.430540e+00 1.428906e+00 1.491952e-01 -3.938584e-04 -3.105069e-04 -2.237345e-04 -2.661359e-04
 8239.516605 7.403801e-01 1.430862e+00 1.431215e+00 1.492488e-01 -3.882425e-04 -3.155186e-04 -2.147558e-04 -2.596855e-04
 8243.119369 7.403847e-01 1.434042e+00 1.436151e+00 1.493201e-01 -3.794291e-04 -3.140909e-04 -2.171337e-04 -2.624454e-04
 8246.734324 7.397362e-01 1.435274e+00 1.438249e+00 1.495803e-01 -3.733828e-04 -3.080417e-04 -2.250916e-04 -2.657502e-04
 8250.361472 7.390473e-01 1.436656e+00 1.439895e+00 1.499832e-01 -3.696439e-04 -3.071251e-04 -2.236469e-04 -2.718908e-04
 8254.000811 7.382006e-01 1.437890e+00 1.442272e+00 1.499648e-01 -3.773252e-04 -3.180447e-04 -2.314773e-04 -2.705226e-04
 8257.652343 7.382501e-01 1.441244e+00 1.444948e+00 1.496508e-01 -3.832694e-04 -3.255991e-04 -2.322723e-04 -2.670801e-04
 8261.316066 7.374114e-01 1.442977e+00 1.446984e+00 1.497837e-01 -3.851164e-04 -3.179151e-04 -2.205893e-04 -2.649388e-04
 8264.991982 7.362847e-01 1.444153e+00 1.449460e+00 1.499674e-01 -3.801739e-04 -3.071595e-04 -2.231568e-04 -2.532443e-04
 8268.680089 7.364574e-01 1.447425e+00 1.455713e+00 1.503612e-01 -3.819191e-04 -3.186413e-04 -2.246545e-04 -2.485321e-04
 8272.380388 7.348563e-01 1.447380e+00 1.460948e+00 1.499535e-01 -3.803165e-04 -3.134077e-04 -2.237492e-04 -2.597595e-04
 8276.092879 7.314448e-01 1.443535e+00 1.464328e+00 1.501590e-01 -3.852363e-04 -3.163809e-04 -2.249706e-04 -2.682253e-04
 8279.817562 7.318170e-01 1.447302e+00 1.475175e+00 1.495328e-01 -3.777748e-04 -3.204693e-04 -2.238739e-04 -2.640450e-04
 8283.554437 7.328932e-01 1.452585e+00 1.487704e+00 1.505504e-01 -3.766732e-04 -3.185821e-04 -2.261040e-04 -2.676597e-04
 8287.303503 7.315440e-01 1.452559e+00 1.493993e+00 1.507177e-01 -3.759228e-04 -3.252217e-04 -2.203983e-04 -2.651767e-04
 8291.064762 7.304949e-01 1.453395e+00 1.500693e+00 1.498455e-01 -3.800331e-04 -3.266446e-04 -2.198877e-04 -2.735408e-04
 8294.838213 7.303652e-01 1.456598e+00 1.510164e+00 1.502666e-01 -3.837792e-04 -3.225874e-04 -2.255128e-04 -2.785454e-04
 8298.623855 7.303108e-01 1.459471e+00 1.520021e+00 1.502002e-01 -3.840040e-04 -3.137871e-04 -2.172978e-04 -2.663932e-04
 8302.421689 7.291771e-01 1.460228e+00 1.526481e+00 1.509050e-01 -3.814251e-04 -3.134251e-04 -2.253663e-04 -2.665886e-04
 8306.231716 7.283934e-01 1.461620e+00 1.533420e+00 1.509059e-01 -3.867316e-04 -3.093842e-04 -2.224152e-04 -2.677472e-04
 8310.053934 7.285116e-01 1.465230e+00 1.541664e+00 1.514540e-01 -3.873875e-04 -3.101227e-04 -2.219053e-04 -2.933573e-04
 8313.888344 7.277915e-01 1.466564e+00 1.547592e+00 1.511838e-01 -3.829089e-04 -3.051786e-04 -2.272831e-04 -3.064027e-04
 8317.734946 7.269076e-01 1.467915e+00 1.553892e+00 1.508258e-01 -3.878258e-04 -3.088257e-04 -2.442609e-04 -3.001062e-04
 8321.593740 7.263308e-01 1.470092e+00 1.561520e+00 1.513567e-01 -3.828392e-04 -3.085868e-04 -2.309931e-04 -3.141533e-04
 8325.464726 7.258763e-01 1.472033e+00 1.568694e+00 1.518156e-01 -3.868765e-04 -3.100713e-04 -2.323423e-04 -3.092381e-04
 8329.347903 7.249420e-01 1.473260e+00 1.575660e+00 1.510719e-01 -3.900854e-04 -3.055830e-04 -2.278537e-04 -3.040676e-04
 8333.243273 7.242563e-01 1.475034e+00 1.582622e+00 1.513493e-01 -3.969617e-04 -3.031341e-04 -2.254701e-04 -2.974526e-04
 8337.150835 7.232899e-01 1.475954e+00 1.588459e+00 1.523932e-01 -3.932682e-04 -3.041069e-04 -2.243306e-04 -2.929616e-04
 8341.070588 7.219304e-01 1.476518e+00 1.593880e+00 1.514038e-01 -3.854554e-04 -3.058426e-04 -2.169945e-04 -2.933819e-04
 8345.002533 7.213949e-01 1.478789e+00 1.602777e+00 1.520517e-01 -3.928832e-04 -3.001556e-04 -2.191691e-04 -3.100158e-04
 8348.946671 7.202151e-01 1.479779e+00 1.608070e+00 1.520573e-01 -4.040308e-04 -2.987231e-04 -2.241104e-04 -3.061332e-04
 8352.903000 7.188540e-01 1.479770e+00 1.613282e+00 1.524155e-01 -3.952884e-04 -3.011673e-04 -2.212705e-04 -3.078274e-04
 8356.871521 7.181567e-01 1.481531e+00 1.619747e+00 1.510255e-01 -3.990364e-04 -3.121254e-04 -2.278673e-04 -3.103349e-04
 8360.852234 7.178564e-01 1.484133e+00 1.626948e+00 1.518272e-01 -3.931504e-04 -3.179934e-04 -2.363425e-04 -3.124870e-04
 8364.845139 7.174223e-01 1.486560e+00 1.634645e+00 1.524961e-01 -3.924794e-04 -3.231998e-04 -2.300624e-04 -3.038861e-04
 8368.850236 7.162606e-01 1.487274e+00 1.639447e+00 1.527500e-01 -3.958100e-04 -3.259403e-04 -2.295442e-04 -2.738015e-04
 8372.867524 7.156870e-01 1.489106e+00 1.646278e+00 1.529133e-01 -4.056719e-04 -3.258538e-04 -2.264861e-04 -2.750351e-04
 8376.897005 7.153176e-01 1.491393e+00 1.651729e+00 1.520392e-01 -4.077041e-04 -3.215128e-04 -2.269270e-04 -2.704166e-04
 8380.938678 7.148016e-01 1.493712e+00 1.657595e+00 1.525557e-01 -3.924551e-04 -3.156904e-04 -2.289761e-04 -2.725203e-04
 8384.992542 7.134883e-01 1.494016e+00 1.661513e+00 1.527317e-01 -3.894132e-04 -3.173808e-04 -2.255395e-04 -2.703643e-04
 8389.058598 7.133540e-01 1.497145e+00 1.669230e+00 1.525838e-01 -4.019798e-04 -3.232659e-04 -2.220271e-04 -2.733788e-04
 8393.136847 7.113982e-01 1.495673e+00 1.671448e+00 1.531294e-01 -4.030675e-04 -3.307138e-04 -2.285593e-04 -2.688209e-04
 8397.227287 7.113262e-01 1.498820e+00 1.679591e+00 1.533387e-01 -3.980055e-04 -3.337985e-04 -2.229979e-04 -2.669301e-04
 8401.329919 7.095895e-01 1.498059e+00 1.683075e+00 1.532179e-01 -3.992322e-04 -3.262505e-04 -2.132667e-04 -2.659109e-04
 8405.444743 7.107267e-01 1.504678e+00 1.695522e+00 1.527231e-01 -3.986732e-04 -3.236807e-04 -2.076662e-04 -2.745988e-04
 8409.571759 7.092354e-01 1.504183e+00 1.699887e+00 1.531150e-01 -3.931230e-04 -3.234801e-04 -2.212932e-04 -2.783433e-04
 8413.710967 7.090924e-01 1.507441e+00 1.708013e+00 1.537665e-01 -3.980481e-04 -3.160483e-04 -2.234663e-04 -2.728168e-04
 8417.862366 7.090567e-01 1.511130e+00 1.719084e+00 1.535208e-01 -3.995865e-04 -3.220031e-04 -2.204408e-04 -2.661424e-04
 8422.025958 7.077074e-01 1.511293e+00 1.725284e+00 1.536745e-01 -4.033464e-04 -3.153662e-04 -2.138685e-04 -2.642398e-04
 8426.201742 7.069659e-01 1.513123e+00 1.732888e+00 1.533615e-01 -4.047641e-04 -3.200928e-04 -2.098938e-04 -2.608495e-04
 8430.389717 7.067012e-01 1.515835e+00 1.741846e+00 1.540171e-01 -4.039066e-04 -3.206830e-04 -2.161451e-04 -2.708416e-04
 8434.589884 7.059092e-01 1.517399e+00 1.749574e+00 1.545342e-01 -3.982939e-04 -3.185651e-04 -2.245779e-04 -2.722270e-04
 8438.802244 7.052244e-01 1.519218e+00 1.757547e+00 1.538362e-01 -3.974050e-04 -3.273648e-04 -2.226010e-04 -2.706941e-04
 8443.026795 7.041974e-01 1.520188e+00 1.764168e+00 1.543278e-01 -3.937225e-04 -3.218870e-04 -2.267520e-04 -2.925072e-04
 8447.263538 7.033751e-01 1.522137e+00 1.772750e+00 1.540539e-01 -3.905503e-04 -3.204450e-04 -2.309638e-04 -3.104004e-04
 8451.512473 7.025633e-01 1.523856e+00 1.780672e+00 1.544626e-01 -3.987547e-04 -3.122392e-04 -2.319320e-04 -3.125171e-04
 8455.773600 7.014740e-01 1.524785e+00 1.788432e+00 1.544447e-01 -3.923098e-04 -3.103771e-04 -2.256485e-04 -3.133030e-04
 8460.046919 7.010283e-01 1.526629e+00 1.796392e+00 1.543747e-01 -3.962502e-04 -3.150205e-04 -2.207677e-04 -3.198338e-04
 8464.332429 7.000357e-01 1.528276e+00 1.804345e+00 1.544621e-01 -4.005732e-04 -3.235516e-04 -2.107060e-04 -3.218133e-04
 8468.630132 6.995167e-01 1.530518e+00 1.812211e+00 1.548182e-01 -3.955443e-04 -3.267462e-04 -2.100613e-04 -3.162939e-04
 8472.940026 6.985814e-01 1.531641e+00 1.819912e+00 1.542914e-01 -4.001534e-04 -3.202557e-04 -2.118143e-04 -3.203775e-04
 8477.262113 6.981027e-01 1.534156e+00 1.829096e+00 1.550525e-01 -4.004636e-04 -3.114298e-04 -2.181245e-04 -3.237289e-04
 8481.596391 6.972306e-01 1.535866e+00 1.837214e+00 1.550721e-01 -4.087389e-04 -3.115787e-04 -2.125377e-04 -3.255868e-04
 8485.942861 6.962885e-01 1.537471e+00 1.844921e+00 1.550413e-01 -3.992471e-04 -3.176407e-04 -2.186725e-04 -3.191927e-04
 8490.301524 6.955344e-01 1.538959e+00 1.852749e+00 1.546491e-01 -4.035656e-04 -3.098153e-04 -2.141395e-04 -3.139380e-04
 8494.672378 6.944991e-01 1.539695e+00 1.859207e+00 1.556070e-01 -3.908694e-04 -3.156611e-04 -2.108783e-04 -2.959177e-04
 8499.055424 6.935855e-01 1.540872e+00 1.866509e+00 1.558206e-01 -3.875429e-04 -3.307442e-04 -2.146925e-04 -2.837168e-04
 8503.450662 6.925236e-01 1.541960e+00 1.873126e+00 1.560038e-01 -3.882726e-04 -3.385684e-04 -2.229869e-04 -2.749155e-04
 8507.858091 6.909681e-01 1.541838e+00 1.878515e+00 1.549132e-01 -3.881281e-04 -3.212493e-04 -2.216723e-04 -2.766025e-04
 8512.277713 6.880670e-01 1.538757e+00 1.880049e+00 1.554279e-01 -3.843292e-04 -3.161109e-04 -2.250452e-04 -2.758570e-04
 8516.709527 6.552308e-01 1.468635e+00 1.800691e+00 1.504626e-01 -3.868618e-04 -3.073297e-04 -2.260546e-04 -2.804713e-04
 8521.153532 6.454825e-01 1.449626e+00 1.783897e+00 1.455865e-01 -3.891465e-04 -3.226749e-04 -2.122195e-04 -2.682413e-04
 8525.609730 6.884844e-01 1.549759e+00 1.909215e+00 1.544055e-01 -3.855072e-04 -3.190139e-04 -2.125654e-04 -2.713325e-04
 8530.078119 6.892229e-01 1.555104e+00 1.921233e+00 1.557265e-01 -3.911256e-04 -3.231045e-04 -2.223042e-04 -2.771449e-04
 8534.558700 6.881748e-01 1.556008e+00 1.927402e+00 1.555775e-01 -3.943257e-04 -3.241331e-04 -2.266466e-04 -2.750142e-04
 8539.051473 6.875904e-01 1.558441e+00 1.935935e+00 1.553317e-01 -3.914832e-04 -3.286055e-04 -2.258191e-04 -2.661971e-04
 8543.556438 6.865961e-01 1.559795e+00 1.943502e+00 1.557721e-01 -3.960528e-04 -3.249650e-04 -2.269240e-04 -2.712341e-04
 8548.073595 6.854578e-01 1.560786e+00 1.951189e+00 1.554897e-01 -4.054271e-04 -3.256385e-04 -2.230982e-04 -2.707713e-04
 8552.602944 6.843185e-01 1.561445e+00 1.958165e+00 1.552219e-01 -4.016183e-04 -3.284910e-04 -2.213314e-04 -2.724455e-04
 8557.144485 6.835339e-01 1.563191e+00 1.965411e+00 1.557161e-01 -3.928430e-04 -3.242326e-04 -2.229227e-04 -2.731084e-04
 8561.698218 6.824539e-01 1.564180e+00 1.972111e+00 1.559204e-01 -3.920009e-04 -3.177558e-04 -2.323702e-04 -2.764603e-04
 8566.264142 6.815757e-01 1.565871e+00 1.979962e+00 1.558636e-01 -3.940710e-04 -3.212706e-04 -2.286305e-04 -2.631944e-04
 8570.842259 6.807864e-01 1.567774e+00 1.987439e+00 1.562888e-01 -3.924166e-04 -3.193788e-04 -2.298768e-04 -2.636529e-04
 8575.432567 6.798801e-01 1.568881e+00 1.995137e+00 1.560016e-01 -3.939729e-04 -3.156649e-04 -2.222538e-04 -2.592271e-04
 8580.035068 6.788716e-01 1.570236e+00 2.002994e+00 1.560247e-01 -4.009681e-04 -3.090309e-04 -2.271634e-04 -2.672784e-04
 8584.649760 6.780552e-01 1.572021e+00 2.011760e+00 1.562426e-01 -3.958684e-04 -3.135479e-04 -2.244675e-04 -2.599237e-04
 8589.276644 6.767221e-01 1.572172e+00 2.018420e+00 1.564173e-01 -3.931088e-04 -3.118298e-04 -2.361560e-04 -2.633842e-04
 8593.915720 6.751560e-01 1.572279e+00 2.024813e+00 1.562650e-01 -3.939311e-04 -3.217419e-04 -2.230775e-04 -2.656368e-04
 8598.566988 6.737317e-01 1.572033e+00 2.031601e+00 1.560009e-01 -3.854732e-04 -3.195846e-04 -2.336236e-04 -2.690574e-04
 8603.230448 6.712352e-01 1.569722e+00 2.035010e+00 1.557475e-01 -3.818888e-04 -3.224976e-04 -2.394785e-04 -2.724087e-04
 8607.906100 6.674272e-01 1.564425e+00 2.034431e+00 1.552436e-01 -3.863732e-04 -3.202101e-04 -2.391596e-04 -2.708518e-04
 8612.593943 6.447828e-01 1.515136e+00 1.977312e+00 1.508342e-01 -4.019902e-04 -3.291643e-04 -2.350920e-04 -2.620181e-04
 8617.293979 6.054713e-01 1.426466e+00 1.869770e+00 1.422184e-01 -3.970492e-04 -3.250522e-04 -2.479564e-04 -2.708022e-04
 8622.006206 6.804682e-01 1.605817e+00 2.107545e+00 1.590497e-01 -3.955712e-04 -3.191373e-04 -2.427115e-04 -2.651127e-04
 8626.730626 6.788404e-01 1.605574e+00 2.113878e+00 1.587461e-01 -3.933598e-04 -3.196421e-04 -2.430926e-04 -2.656981e-04
 8631.467237 6.761782e-01 1.603219e+00 2.117278e+00 1.585412e-01 -3.842315e-04 -3.304761e-04 -2.472886e-04 -2.672796e-04
 8636.216040 6.742718e-01 1.602214e+00 2.122229e+00 1.583498e-01 -3.794200e-04 -3.322085e-04 -2.487077e-04 -2.661203e-04
 8640.977036 6.730467e-01 1.602930e+00 2.129713e+00 1.581472e-01 -3.759450e-04 -3.404855e-04 -2.356698e-04 -2.671925e-04
 8645.750223 6.719754e-01 1.603642e+00 2.137298e+00 1.585405e-01 -3.856002e-04 -3.314242e-04 -2.292614e-04 -2.668531e-04
 8650.535602 6.707779e-01 1.604489e+00 2.144523e+00 1.586362e-01 -3.961205e-04 -3.284919e-04 -2.283918e-04 -2.735539e-04
 8655.333172 6.696956e-01 1.605793e+00 2.152985e+00 1.585903e-01 -4.065547e-04 -3.210258e-04 -2.349069e-04 -2.650714e-04
 8660.142935 6.689858e-01 1.607679e+00 2.161533e+00 1.585423e-01 -3.996194e-04 -3.106375e-04 -2.410076e-04 -2.662042e-04
 8664.964890 6.677356e-01 1.608297e+00 2.168564e+00 1.585258e-01 -3.955138e-04 -3.140641e-04 -2.427495e-04 -2.648609e-04
 8669.799037 5.969653e-01 1.440723e+00 1.948031e+00 1.419994e-01 -3.579870e-04 -2.805111e-04 -2.138761e-04 -2.440332e-04
 8674.645375 9.008630e-02 2.175995e-01 2.945840e-01 2.148347e-02 -5.469743e-05 -4.268849e-05 -3.107629e-05 -3.768761e-05
