# Facility: NSLS-II
# Beamline: QAS
# Year: 2022
# Cycle: 2
# SAF: 309337
# PI: Li
# Proposal: 309890
# Scan ID: 26136
# UID: 089abe7d-62bd-4043-9ed1-020a40790e26
# Comment: 
# Start time: 06/10/2022  07:31:00
# Stop time: 06/10/2022  07:31:31
# Total time: 00:31
# Trajectory name: Co-30s-7709.txt
# Element: Cobalt ( 27)
# Edge: K
# E0: 7709
# Reference Foil Element: Co
# Keithley Gains I0: 1E7 V/A It: 1E7 V/A Iref: 1E8 V/A PIPS: 1E8 V/A 
# Ion Chamber Gas Flow Rates: I0: 29.80 sccm He + 69.70 sccm N2 + 0.00 sccm Ar 
# Ion Chamber Gas Flow Rates: It&Iref: 79.80 sccm N2 + 20.10 sccm Ar
# Incident Beam Path Vertical: -27.48 mm
# Incident Slits Positions B: TOP: 1.0 mm Bottom: -1.0 mm Inboard: -1.5 mm Outboard: 1.5 mm
# Sample Stage Positions: Rotation: 45.0 deg Horizontal: 25.26 mm Vertical: -26.52 mm Beam Direction: 0.00 mm
# PerkinElmer Vertical Position: 500.00 mm
# Front End Mirror Horizontal Positions: Up: 14.00 mm Down: 14.00 mm
#
# energy  i0  it  ir  iff  aux1  aux2  aux3  aux4
 7517.895413 4.322077e-01 5.194049e-01 1.254367e+00 5.331814e-02 -1.781530e-04 -1.275762e-04 -1.131725e-04 -1.255127e-04
 7522.895413 8.546250e-01 1.029450e+00 2.489687e+00 1.055152e-01 -3.501320e-04 -2.463159e-04 -2.236138e-04 -2.436017e-04
 7527.895413 8.611569e-01 1.041130e+00 2.524151e+00 1.067657e-01 -3.511683e-04 -2.526924e-04 -2.197074e-04 -2.471252e-04
 7532.895413 8.610121e-01 1.044862e+00 2.540636e+00 1.069777e-01 -3.510930e-04 -2.492932e-04 -2.164190e-04 -2.605775e-04
 7537.895413 8.602979e-01 1.047975e+00 2.554074e+00 1.072192e-01 -3.331205e-04 -2.501696e-04 -2.156773e-04 -2.715923e-04
 7542.895413 8.588835e-01 1.050262e+00 2.565904e+00 1.074029e-01 -3.317749e-04 -2.529581e-04 -2.140344e-04 -2.683701e-04
 7547.895413 8.580436e-01 1.052967e+00 2.580236e+00 1.074764e-01 -3.359722e-04 -2.556641e-04 -2.125319e-04 -2.719918e-04
 7552.895413 8.570303e-01 1.055558e+00 2.593837e+00 1.076055e-01 -3.335787e-04 -2.517741e-04 -2.046370e-04 -2.718733e-04
 7557.895413 8.561479e-01 1.058345e+00 2.606687e+00 1.080114e-01 -3.375964e-04 -2.476014e-04 -2.044951e-04 -2.701666e-04
 7562.895413 8.544586e-01 1.059844e+00 2.616473e+00 1.081247e-01 -3.379303e-04 -2.549494e-04 -2.043549e-04 -2.700387e-04
 7567.895413 8.535252e-01 1.062341e+00 2.630020e+00 1.084008e-01 -3.423853e-04 -2.559831e-04 -2.121364e-04 -2.678928e-04
 7572.895413 8.511117e-01 1.063711e+00 2.640297e+00 1.082090e-01 -3.468918e-04 -2.557308e-04 -2.147162e-04 -2.644166e-04
 7577.895413 8.510261e-01 1.068244e+00 2.658435e+00 1.084084e-01 -3.513675e-04 -2.557395e-04 -2.154633e-04 -2.977766e-04
 7582.895413 8.509006e-01 1.072175e+00 2.674618e+00 1.088132e-01 -3.434570e-04 -2.581850e-04 -2.186159e-04 -2.999844e-04
 7587.895413 8.501408e-01 1.075324e+00 2.689157e+00 1.086683e-01 -3.445050e-04 -2.549888e-04 -2.189112e-04 -3.059626e-04
 7592.895413 8.490804e-01 1.077847e+00 2.702521e+00 1.092430e-01 -3.428947e-04 -2.483170e-04 -2.289773e-04 -2.983207e-04
 7597.895413 8.479905e-01 1.080949e+00 2.717278e+00 1.093157e-01 -3.388724e-04 -2.514836e-04 -2.368090e-04 -2.953187e-04
 7602.895413 8.457334e-01 1.082453e+00 2.727484e+00 1.092621e-01 -3.411760e-04 -2.588004e-04 -2.405394e-04 -2.777242e-04
 7607.895413 8.463657e-01 1.087518e+00 2.747275e+00 1.098115e-01 -3.430630e-04 -2.576623e-04 -2.368081e-04 -2.797793e-04
 7612.895413 8.457067e-01 1.090869e+00 2.763091e+00 1.098501e-01 -3.515051e-04 -2.509801e-04 -2.363752e-04 -2.705631e-04
 7617.895413 8.453184e-01 1.094505e+00 2.778971e+00 1.098928e-01 -3.474512e-04 -2.534015e-04 -2.414059e-04 -2.713220e-04
 7622.895413 8.446574e-01 1.097735e+00 2.793660e+00 1.099922e-01 -3.454990e-04 -2.497969e-04 -2.387465e-04 -2.738437e-04
 7627.895413 8.439231e-01 1.101093e+00 2.809146e+00 1.104649e-01 -3.438418e-04 -2.505450e-04 -2.381995e-04 -2.834323e-04
 7632.895413 8.424899e-01 1.103079e+00 2.821962e+00 1.105731e-01 -3.470986e-04 -2.489650e-04 -2.407656e-04 -2.726260e-04
 7637.895413 8.417905e-01 1.106318e+00 2.836326e+00 1.108746e-01 -3.424626e-04 -2.492643e-04 -2.359180e-04 -2.864741e-04
 7642.895413 8.416416e-01 1.110588e+00 2.853117e+00 1.110593e-01 -3.510633e-04 -2.563187e-04 -2.392832e-04 -2.740822e-04
 7647.895413 8.404406e-01 1.113215e+00 2.866138e+00 1.112061e-01 -3.528762e-04 -2.588352e-04 -2.378589e-04 -2.597590e-04
 7652.895413 8.392752e-01 1.115617e+00 2.879841e+00 1.114804e-01 -3.460652e-04 -2.554117e-04 -2.333170e-04 -2.606403e-04
 7657.895413 8.388168e-01 1.119163e+00 2.896142e+00 1.115898e-01 -3.472874e-04 -2.500568e-04 -2.306296e-04 -2.891835e-04
 7662.895413 8.372891e-01 1.120997e+00 2.906314e+00 1.117944e-01 -3.564625e-04 -2.469983e-04 -2.302504e-04 -2.747739e-04
 7667.895413 8.374127e-01 1.125573e+00 2.924256e+00 1.119119e-01 -3.480646e-04 -2.286215e-04 -2.282878e-04 -2.635694e-04
 7672.895413 8.370268e-01 1.129526e+00 2.940730e+00 1.124320e-01 -3.485079e-04 -2.241277e-04 -2.348768e-04 -2.520046e-04
 7677.895413 8.363603e-01 1.133088e+00 2.954636e+00 1.123850e-01 -3.459974e-04 -2.232115e-04 -2.313434e-04 -2.559760e-04
 7679.000000 8.367768e-01 1.134574e+00 2.959752e+00 1.130035e-01 -3.467861e-04 -2.221557e-04 -2.214767e-04 -2.748646e-04
 7680.000000 8.346084e-01 1.132251e+00 2.954142e+00 1.122211e-01 -3.507792e-04 -2.185990e-04 -2.211281e-04 -2.440529e-04
 7681.000000 8.344407e-01 1.132955e+00 2.957418e+00 1.122370e-01 -3.491614e-04 -2.270556e-04 -2.134595e-04 -2.334110e-04
 7682.000000 8.320098e-01 1.130593e+00 2.952098e+00 1.117295e-01 -3.388652e-04 -2.231104e-04 -2.302774e-04 -2.356418e-04
 7683.000000 8.216607e-01 1.117376e+00 2.918544e+00 1.106132e-01 -3.395247e-04 -2.208439e-04 -2.216676e-04 -2.378211e-04
 7684.000000 8.073290e-01 1.098706e+00 2.871540e+00 1.092148e-01 -3.378139e-04 -2.238498e-04 -2.184589e-04 -2.464296e-04
 7685.000000 8.316266e-01 1.132142e+00 2.956782e+00 1.121110e-01 -3.342543e-04 -2.285403e-04 -2.276988e-04 -2.446893e-04
 7686.000000 8.383107e-01 1.142324e+00 2.982965e+00 1.128086e-01 -3.388039e-04 -2.270503e-04 -2.324978e-04 -2.403126e-04
 7686.200000 8.410582e-01 1.146137e+00 2.993720e+00 1.177202e-01 -3.458229e-04 -2.300947e-04 -2.392762e-04 -2.409159e-04
 7686.400000 8.287666e-01 1.129529e+00 2.949503e+00 1.121673e-01 -3.395938e-04 -2.412120e-04 -2.200620e-04 -2.272287e-04
 7686.600000 8.367835e-01 1.140580e+00 2.980264e+00 1.090379e-01 -3.448203e-04 -2.423742e-04 -2.075775e-04 -2.281089e-04
 7686.800000 8.371428e-01 1.141616e+00 2.979330e+00 1.123121e-01 -3.498909e-04 -2.393920e-04 -2.262222e-04 -2.514975e-04
 7687.000000 8.423602e-01 1.149480e+00 3.005646e+00 1.154787e-01 -3.533578e-04 -2.398886e-04 -2.292273e-04 -2.408298e-04
 7687.200000 8.447871e-01 1.152581e+00 3.012401e+00 1.149580e-01 -3.523072e-04 -2.420858e-04 -2.415551e-04 -2.505986e-04
 7687.400000 8.382934e-01 1.143024e+00 2.987463e+00 1.140333e-01 -3.451947e-04 -2.466019e-04 -2.376710e-04 -2.495646e-04
 7687.600000 8.359486e-01 1.140372e+00 2.980463e+00 1.096011e-01 -3.369232e-04 -2.465043e-04 -2.346988e-04 -2.352487e-04
 7687.800000 8.346410e-01 1.138572e+00 2.976692e+00 1.132542e-01 -3.426408e-04 -2.397810e-04 -2.286047e-04 -2.322200e-04
 7688.000000 8.300185e-01 1.132183e+00 2.957362e+00 1.116952e-01 -3.471841e-04 -2.474636e-04 -2.356151e-04 -2.242296e-04
 7688.200000 8.438047e-01 1.152111e+00 3.010955e+00 1.150137e-01 -3.494743e-04 -2.476574e-04 -2.408015e-04 -2.423323e-04
 7688.400000 8.438242e-01 1.152336e+00 3.013618e+00 1.147237e-01 -3.536920e-04 -2.366196e-04 -2.458368e-04 -2.488630e-04
 7688.600000 8.338894e-01 1.139104e+00 2.975704e+00 1.121816e-01 -3.507127e-04 -2.356501e-04 -2.413827e-04 -2.491413e-04
 7688.800000 8.417867e-01 1.149369e+00 3.003477e+00 1.164849e-01 -3.465212e-04 -2.384283e-04 -2.540767e-04 -2.581361e-04
 7689.000000 8.364923e-01 1.142490e+00 2.987960e+00 1.120526e-01 -3.487483e-04 -2.330650e-04 -2.514603e-04 -2.492444e-04
 7689.200000 8.316809e-01 1.135790e+00 2.968624e+00 1.093833e-01 -3.483697e-04 -2.407200e-04 -2.428636e-04 -2.376649e-04
 7689.400000 8.367781e-01 1.142508e+00 2.987595e+00 1.149926e-01 -3.419551e-04 -2.386495e-04 -2.469718e-04 -2.446321e-04
 7689.600000 8.359914e-01 1.141728e+00 2.984868e+00 1.133117e-01 -3.470945e-04 -2.305994e-04 -2.338232e-04 -2.433344e-04
 7689.800000 8.414838e-01 1.149487e+00 3.006424e+00 1.139351e-01 -3.630446e-04 -2.321760e-04 -2.424302e-04 -2.441856e-04
 7690.000000 8.392616e-01 1.146324e+00 2.997913e+00 1.117682e-01 -3.630005e-04 -2.304887e-04 -2.362920e-04 -2.342716e-04
 7690.200000 8.327671e-01 1.138359e+00 2.974698e+00 1.129130e-01 -3.555091e-04 -2.409634e-04 -2.248513e-04 -2.429977e-04
 7690.400000 8.431181e-01 1.152593e+00 3.013485e+00 1.169553e-01 -3.566430e-04 -2.382801e-04 -2.280451e-04 -2.399313e-04
 7690.600000 8.175493e-01 1.117570e+00 2.920488e+00 1.112493e-01 -3.493516e-04 -2.237320e-04 -2.323526e-04 -2.354581e-04
 7690.800000 8.406536e-01 1.149878e+00 3.005864e+00 1.120850e-01 -3.590341e-04 -2.258751e-04 -2.320145e-04 -2.311759e-04
 7691.000000 8.372800e-01 1.145052e+00 2.994824e+00 1.111845e-01 -3.520460e-04 -2.319024e-04 -2.354302e-04 -2.353447e-04
 7691.200000 8.392264e-01 1.148205e+00 3.001805e+00 1.159986e-01 -3.604506e-04 -2.328597e-04 -2.346887e-04 -2.395229e-04
 7691.400000 8.364892e-01 1.144836e+00 2.991980e+00 1.163160e-01 -3.659848e-04 -2.343841e-04 -2.425731e-04 -2.399036e-04
 7691.600000 8.330299e-01 1.140169e+00 2.980490e+00 1.087566e-01 -3.555952e-04 -2.363567e-04 -2.318132e-04 -2.217623e-04
 7691.800000 8.354216e-01 1.143228e+00 2.988914e+00 1.133106e-01 -3.448338e-04 -2.318636e-04 -2.408348e-04 -2.292309e-04
 7692.000000 8.308013e-01 1.137051e+00 2.970691e+00 1.135319e-01 -3.365223e-04 -2.312853e-04 -2.181602e-04 -2.260123e-04
 7692.200000 8.375020e-01 1.146709e+00 2.998267e+00 1.110417e-01 -3.446581e-04 -2.209356e-04 -2.383234e-04 -2.339429e-04
 7692.400000 8.390839e-01 1.148836e+00 3.001207e+00 1.140029e-01 -3.518410e-04 -2.386795e-04 -2.619516e-04 -2.515797e-04
 7692.600000 8.344393e-01 1.142557e+00 2.985702e+00 1.143149e-01 -3.534813e-04 -2.348265e-04 -2.489011e-04 -2.545295e-04
 7692.800000 8.373861e-01 1.146401e+00 2.995135e+00 1.145639e-01 -3.540389e-04 -2.428877e-04 -2.333986e-04 -2.548481e-04
 7693.000000 8.316849e-01 1.139078e+00 2.975999e+00 1.134937e-01 -3.555940e-04 -2.412589e-04 -2.369988e-04 -2.459345e-04
 7693.200000 8.338985e-01 1.142532e+00 2.988323e+00 1.134213e-01 -3.458827e-04 -2.370625e-04 -2.376026e-04 -2.448930e-04
 7693.400000 8.414118e-01 1.152747e+00 3.012482e+00 1.134476e-01 -3.401131e-04 -2.330757e-04 -2.445608e-04 -2.298743e-04
 7693.600000 8.361051e-01 1.145771e+00 2.993062e+00 1.138838e-01 -3.448206e-04 -2.380456e-04 -2.433990e-04 -2.439737e-04
 7693.800000 8.396973e-01 1.151414e+00 3.009406e+00 1.112305e-01 -3.525691e-04 -2.481117e-04 -2.311134e-04 -2.347659e-04
 7694.000000 8.332990e-01 1.142307e+00 2.985648e+00 1.119734e-01 -3.497870e-04 -2.553500e-04 -2.263975e-04 -2.292917e-04
 7694.200000 8.330471e-01 1.141584e+00 2.980473e+00 1.161605e-01 -3.466635e-04 -2.524362e-04 -2.063216e-04 -2.249337e-04
 7694.400000 8.369176e-01 1.147362e+00 2.998373e+00 1.158822e-01 -3.512976e-04 -2.509567e-04 -2.038257e-04 -2.267270e-04
 7694.600000 8.312100e-01 1.139763e+00 2.978006e+00 1.123008e-01 -3.487419e-04 -2.523728e-04 -1.995016e-04 -2.189492e-04
 7694.800000 8.428978e-01 1.156408e+00 3.021988e+00 1.113276e-01 -3.529740e-04 -2.549403e-04 -2.154373e-04 -2.233850e-04
 7695.000000 8.360208e-01 1.146837e+00 3.000546e+00 1.136633e-01 -3.599484e-04 -2.550982e-04 -2.294691e-04 -2.458273e-04
 7695.200000 8.315513e-01 1.140534e+00 2.980651e+00 1.154536e-01 -3.620053e-04 -2.595750e-04 -2.343329e-04 -2.393834e-04
 7695.400000 8.392783e-01 1.151503e+00 3.009215e+00 1.152225e-01 -3.620864e-04 -2.576830e-04 -2.230972e-04 -2.339915e-04
 7695.600000 8.319331e-01 1.141929e+00 2.982756e+00 1.134694e-01 -3.453972e-04 -2.503421e-04 -2.254221e-04 -2.318452e-04
 7695.800000 8.383766e-01 1.151189e+00 3.005295e+00 1.104922e-01 -3.470428e-04 -2.406454e-04 -2.164709e-04 -2.423005e-04
 7696.000000 8.344588e-01 1.145574e+00 2.993372e+00 1.138295e-01 -3.368764e-04 -2.472240e-04 -2.123691e-04 -2.356530e-04
 7696.200000 8.365784e-01 1.149022e+00 2.998549e+00 1.157713e-01 -3.466377e-04 -2.485142e-04 -2.343748e-04 -2.400537e-04
 7696.400000 8.323883e-01 1.142729e+00 2.981319e+00 1.125028e-01 -3.483733e-04 -2.420394e-04 -2.450712e-04 -2.516458e-04
 7696.600000 8.338015e-01 1.145234e+00 2.991733e+00 1.116121e-01 -3.505522e-04 -2.400081e-04 -2.259746e-04 -2.530458e-04
 7696.800000 8.413960e-01 1.155708e+00 3.019000e+00 1.148135e-01 -3.603484e-04 -2.444595e-04 -2.243465e-04 -2.607630e-04
 7697.000000 8.393729e-01 1.153040e+00 3.010668e+00 1.124510e-01 -3.459875e-04 -2.415351e-04 -2.237780e-04 -2.479501e-04
 7697.200000 8.341452e-01 1.145682e+00 2.988800e+00 1.132290e-01 -3.454814e-04 -2.414150e-04 -2.364100e-04 -2.451700e-04
 7697.400000 8.357744e-01 1.148502e+00 2.996421e+00 1.165321e-01 -3.504143e-04 -2.447269e-04 -2.299375e-04 -2.525833e-04
 7697.600000 8.341935e-01 1.146889e+00 2.991768e+00 1.128184e-01 -3.587833e-04 -2.454828e-04 -2.283651e-04 -2.399389e-04
 7697.800000 8.314852e-01 1.143145e+00 2.981832e+00 1.118452e-01 -3.702787e-04 -2.537160e-04 -2.156192e-04 -2.412964e-04
 7698.000000 8.381432e-01 1.152380e+00 3.005584e+00 1.161943e-01 -3.759693e-04 -2.430497e-04 -2.334625e-04 -2.433728e-04
 7698.200000 8.403872e-01 1.155790e+00 3.014822e+00 1.126213e-01 -3.625965e-04 -2.387315e-04 -2.407464e-04 -2.436238e-04
 7698.400000 8.334725e-01 1.146029e+00 2.988056e+00 1.135310e-01 -3.482204e-04 -2.414054e-04 -2.330362e-04 -2.383639e-04
 7698.600000 8.338632e-01 1.146804e+00 2.989439e+00 1.150314e-01 -3.617445e-04 -2.512529e-04 -2.439114e-04 -2.429814e-04
 7698.800000 8.324507e-01 1.145024e+00 2.984206e+00 1.111555e-01 -3.575813e-04 -2.462452e-04 -2.317212e-04 -2.375021e-04
 7699.000000 8.360640e-01 1.150918e+00 2.999226e+00 1.131269e-01 -3.517363e-04 -2.438519e-04 -2.430507e-04 -2.317213e-04
 7699.200000 8.368803e-01 1.152497e+00 3.000858e+00 1.154672e-01 -3.540281e-04 -2.343201e-04 -2.388102e-04 -2.272876e-04
 7699.400000 8.361377e-01 1.150937e+00 2.996833e+00 1.119536e-01 -3.510758e-04 -2.409038e-04 -2.399695e-04 -2.285393e-04
 7699.600000 8.310012e-01 1.143389e+00 2.978073e+00 1.131959e-01 -3.494817e-04 -2.437044e-04 -2.264424e-04 -2.309968e-04
 7699.800000 8.269065e-01 1.138159e+00 2.961815e+00 1.128128e-01 -3.478034e-04 -2.425460e-04 -2.408474e-04 -2.460035e-04
 7700.000000 8.394933e-01 1.155872e+00 3.009173e+00 1.157610e-01 -3.427130e-04 -2.515430e-04 -2.350330e-04 -2.341290e-04
 7700.200000 8.342236e-01 1.148733e+00 2.989798e+00 1.135534e-01 -3.443806e-04 -2.522291e-04 -2.367363e-04 -2.308143e-04
 7700.400000 8.327473e-01 1.146919e+00 2.984067e+00 1.119341e-01 -3.508855e-04 -2.504728e-04 -2.384908e-04 -2.381856e-04
 7700.600000 8.357069e-01 1.151254e+00 2.995775e+00 1.138832e-01 -3.498303e-04 -2.447151e-04 -2.405926e-04 -2.417801e-04
 7700.800000 8.368931e-01 1.153354e+00 3.000029e+00 1.145489e-01 -3.576978e-04 -2.418576e-04 -2.417782e-04 -2.456960e-04
 7701.000000 8.330711e-01 1.147870e+00 2.984295e+00 1.113820e-01 -3.587859e-04 -2.420735e-04 -2.169137e-04 -2.372989e-04
 7701.200000 8.346087e-01 1.149635e+00 2.988862e+00 1.128406e-01 -3.546753e-04 -2.419621e-04 -2.276921e-04 -2.455449e-04
 7701.400000 8.347808e-01 1.150253e+00 2.989116e+00 1.143011e-01 -3.527706e-04 -2.417233e-04 -2.140195e-04 -2.325057e-04
 7701.600000 8.349871e-01 1.151346e+00 2.989516e+00 1.160060e-01 -3.565216e-04 -2.365942e-04 -2.273456e-04 -2.314749e-04
 7701.800000 8.352560e-01 1.151976e+00 2.989220e+00 1.132631e-01 -3.458826e-04 -2.372635e-04 -2.343431e-04 -2.384238e-04
 7702.000000 8.322122e-01 1.147640e+00 2.979238e+00 1.140530e-01 -3.503776e-04 -2.400765e-04 -2.345742e-04 -2.317729e-04
 7702.200000 8.330812e-01 1.149118e+00 2.979412e+00 1.140744e-01 -3.454810e-04 -2.415249e-04 -2.160490e-04 -2.294966e-04
 7702.400000 8.355277e-01 1.152359e+00 2.989376e+00 1.141669e-01 -3.540229e-04 -2.454274e-04 -2.189656e-04 -2.373222e-04
 7702.600000 8.380520e-01 1.155978e+00 2.996672e+00 1.125945e-01 -3.546371e-04 -2.445611e-04 -2.242349e-04 -2.424351e-04
 7702.800000 8.276226e-01 1.141592e+00 2.955464e+00 1.121790e-01 -3.526229e-04 -2.383544e-04 -2.135834e-04 -2.379370e-04
 7703.000000 8.359121e-01 1.153384e+00 2.983948e+00 1.145657e-01 -3.497600e-04 -2.353825e-04 -2.216771e-04 -2.395566e-04
 7703.200000 8.320640e-01 1.148181e+00 2.967384e+00 1.111261e-01 -3.551480e-04 -2.450212e-04 -2.320616e-04 -2.481111e-04
 7703.400000 8.356059e-01 1.153276e+00 2.980037e+00 1.132546e-01 -3.508078e-04 -2.392824e-04 -2.238463e-04 -2.495092e-04
 7703.600000 8.355183e-01 1.153373e+00 2.975696e+00 1.149862e-01 -3.466358e-04 -2.396110e-04 -2.076446e-04 -2.423067e-04
 7703.800000 8.349846e-01 1.152753e+00 2.973487e+00 1.128054e-01 -3.487951e-04 -2.401062e-04 -2.131259e-04 -2.475959e-04
 7704.000000 8.305034e-01 1.146715e+00 2.954208e+00 1.142143e-01 -3.493537e-04 -2.291726e-04 -2.178076e-04 -2.359024e-04
 7704.200000 8.311586e-01 1.148235e+00 2.956276e+00 1.142176e-01 -3.416461e-04 -2.303362e-04 -2.191563e-04 -2.423285e-04
 7704.400000 8.376783e-01 1.157511e+00 2.975274e+00 1.147601e-01 -3.424471e-04 -2.367718e-04 -2.263186e-04 -2.424118e-04
 7704.600000 8.315209e-01 1.148841e+00 2.949108e+00 1.134554e-01 -3.505263e-04 -2.488222e-04 -2.204493e-04 -2.377362e-04
 7704.800000 8.321678e-01 1.150105e+00 2.947031e+00 1.122135e-01 -3.438163e-04 -2.476619e-04 -2.332730e-04 -2.471406e-04
 7705.000000 8.293921e-01 1.146402e+00 2.932807e+00 1.146830e-01 -3.441856e-04 -2.484054e-04 -2.348873e-04 -2.387088e-04
 7705.200000 8.341327e-01 1.153202e+00 2.946475e+00 1.138906e-01 -3.345178e-04 -2.355922e-04 -2.288471e-04 -2.279326e-04
 7705.400000 8.276952e-01 1.143850e+00 2.914807e+00 1.121253e-01 -3.399785e-04 -2.258503e-04 -2.201940e-04 -2.400478e-04
 7705.600000 8.341849e-01 1.153355e+00 2.934760e+00 1.143227e-01 -3.422641e-04 -2.213882e-04 -2.265856e-04 -2.505722e-04
 7705.800000 8.327985e-01 1.151784e+00 2.921786e+00 1.144153e-01 -3.441539e-04 -2.255423e-04 -2.283651e-04 -2.501131e-04
 7706.000000 8.305534e-01 1.148467e+00 2.904360e+00 1.143264e-01 -3.408411e-04 -2.289079e-04 -2.409004e-04 -2.490981e-04
 7706.200000 8.312849e-01 1.149834e+00 2.897103e+00 1.136968e-01 -3.300711e-04 -2.315574e-04 -2.448621e-04 -2.501141e-04
 7706.400000 8.344339e-01 1.154191e+00 2.897399e+00 1.127864e-01 -3.330807e-04 -2.358718e-04 -2.468912e-04 -2.445091e-04
 7706.600000 8.328638e-01 1.152349e+00 2.877758e+00 1.148773e-01 -3.395191e-04 -2.352050e-04 -2.398058e-04 -2.380946e-04
 7706.800000 8.363558e-01 1.157231e+00 2.871813e+00 1.151080e-01 -3.516716e-04 -2.377042e-04 -2.402097e-04 -2.297769e-04
 7707.000000 8.332588e-01 1.153231e+00 2.840301e+00 1.152684e-01 -3.512009e-04 -2.405196e-04 -2.306559e-04 -2.271538e-04
 7707.200000 8.289630e-01 1.147337e+00 2.795288e+00 1.122167e-01 -3.503428e-04 -2.406386e-04 -2.298946e-04 -2.291375e-04
 7707.400000 8.315045e-01 1.151009e+00 2.769779e+00 1.145720e-01 -3.581058e-04 -2.357604e-04 -2.402184e-04 -2.465159e-04
 7707.600000 8.316526e-01 1.151417e+00 2.727563e+00 1.139707e-01 -3.499296e-04 -2.324766e-04 -2.218578e-04 -2.447758e-04
 7707.800000 8.272008e-01 1.145333e+00 2.659190e+00 1.135415e-01 -3.379599e-04 -2.285160e-04 -2.221398e-04 -2.367521e-04
 7708.000000 8.334405e-01 1.154405e+00 2.622551e+00 1.127256e-01 -3.432574e-04 -2.357660e-04 -2.184537e-04 -2.358186e-04
 7708.200000 8.320100e-01 1.152505e+00 2.553886e+00 1.143062e-01 -3.555449e-04 -2.384367e-04 -2.229353e-04 -2.408375e-04
 7708.400000 8.339722e-01 1.155476e+00 2.491874e+00 1.147080e-01 -3.579983e-04 -2.418212e-04 -2.252020e-04 -2.375237e-04
 7708.600000 8.324496e-01 1.153387e+00 2.419191e+00 1.144414e-01 -3.585528e-04 -2.349251e-04 -2.207104e-04 -2.370239e-04
 7708.800000 8.332026e-01 1.154883e+00 2.358158e+00 1.150845e-01 -3.550108e-04 -2.424187e-04 -2.235356e-04 -2.332813e-04
 7709.000000 8.340458e-01 1.156152e+00 2.300132e+00 1.148469e-01 -3.603926e-04 -2.585578e-04 -2.204145e-04 -2.372535e-04
 7709.200000 8.339300e-01 1.156193e+00 2.239291e+00 1.149862e-01 -3.579018e-04 -2.582417e-04 -2.192861e-04 -2.314313e-04
 7709.400000 8.331511e-01 1.155153e+00 2.181053e+00 1.146539e-01 -3.600840e-04 -2.578734e-04 -2.254977e-04 -2.261132e-04
 7709.600000 8.332092e-01 1.155769e+00 2.128653e+00 1.155124e-01 -3.630303e-04 -2.457944e-04 -2.322234e-04 -2.249091e-04
 7709.800000 8.328986e-01 1.155385e+00 2.078410e+00 1.149217e-01 -3.669387e-04 -2.424697e-04 -2.322777e-04 -2.249826e-04
 7710.000000 8.318958e-01 1.153905e+00 2.028870e+00 1.150430e-01 -3.692238e-04 -2.384588e-04 -2.194609e-04 -2.292724e-04
 7710.200000 8.333156e-01 1.156066e+00 1.990058e+00 1.151287e-01 -3.665329e-04 -2.277641e-04 -2.327082e-04 -2.325451e-04
 7710.400000 8.330522e-01 1.155720e+00 1.950551e+00 1.143136e-01 -3.663336e-04 -2.373785e-04 -2.487472e-04 -2.376367e-04
 7710.600000 8.327060e-01 1.155585e+00 1.914119e+00 1.152293e-01 -3.550499e-04 -2.372071e-04 -2.338074e-04 -2.242961e-04
 7710.800000 8.342002e-01 1.157834e+00 1.888124e+00 1.151458e-01 -3.616264e-04 -2.341072e-04 -2.417878e-04 -2.257573e-04
 7711.000000 8.345036e-01 1.158108e+00 1.861482e+00 1.149674e-01 -3.573283e-04 -2.352921e-04 -2.410011e-04 -2.217399e-04
 7711.200000 8.334427e-01 1.156924e+00 1.834724e+00 1.149702e-01 -3.595422e-04 -2.333891e-04 -2.341851e-04 -2.221673e-04
 7711.400000 8.330216e-01 1.156403e+00 1.815453e+00 1.150632e-01 -3.573580e-04 -2.414151e-04 -2.337458e-04 -2.339144e-04
 7711.600000 8.332070e-01 1.156850e+00 1.798907e+00 1.150464e-01 -3.500950e-04 -2.413140e-04 -2.326504e-04 -2.416122e-04
 7711.800000 8.335757e-01 1.157564e+00 1.786497e+00 1.161211e-01 -3.540336e-04 -2.319737e-04 -2.389528e-04 -2.323459e-04
 7712.000000 8.330015e-01 1.156771e+00 1.775408e+00 1.158707e-01 -3.491969e-04 -2.454408e-04 -2.368504e-04 -2.440891e-04
 7712.200000 8.331371e-01 1.157019e+00 1.767449e+00 1.162802e-01 -3.390657e-04 -2.488436e-04 -2.330784e-04 -2.809974e-04
 7712.400000 8.332189e-01 1.157175e+00 1.760541e+00 1.169228e-01 -3.311586e-04 -2.415282e-04 -2.455341e-04 -2.720219e-04
 7712.600000 8.336618e-01 1.157699e+00 1.756650e+00 1.177237e-01 -3.320747e-04 -2.379863e-04 -2.389370e-04 -2.353132e-04
 7712.800000 8.326664e-01 1.156373e+00 1.750398e+00 1.175182e-01 -3.354006e-04 -2.516434e-04 -2.450024e-04 -2.249053e-04
 7713.000000 8.329789e-01 1.156945e+00 1.748000e+00 1.176811e-01 -3.414434e-04 -2.547226e-04 -2.450494e-04 -2.211881e-04
 7713.200000 8.327500e-01 1.156904e+00 1.742390e+00 1.181575e-01 -3.372553e-04 -2.535911e-04 -2.553559e-04 -2.275362e-04
 7713.400000 8.328534e-01 1.156746e+00 1.737163e+00 1.185734e-01 -3.434954e-04 -2.509532e-04 -2.504655e-04 -2.380926e-04
 7713.600000 8.309856e-01 1.154133e+00 1.727276e+00 1.187738e-01 -3.448085e-04 -2.547660e-04 -2.489716e-04 -2.469861e-04
 7713.800000 8.315586e-01 1.155014e+00 1.719337e+00 1.189365e-01 -3.464002e-04 -2.629697e-04 -2.493884e-04 -2.464784e-04
 7714.000000 8.322245e-01 1.156263e+00 1.708736e+00 1.196777e-01 -3.480866e-04 -2.693293e-04 -2.399759e-04 -2.454122e-04
 7714.200000 8.311786e-01 1.154657e+00 1.693535e+00 1.202393e-01 -3.512975e-04 -2.556459e-04 -2.384976e-04 -2.464710e-04
 7714.400000 8.319142e-01 1.155533e+00 1.678530e+00 1.213429e-01 -3.576387e-04 -2.551174e-04 -2.357853e-04 -2.445850e-04
 7714.600000 8.317528e-01 1.155426e+00 1.659690e+00 1.207638e-01 -3.484406e-04 -2.485071e-04 -2.263876e-04 -2.431537e-04
 7714.800000 8.327451e-01 1.156682e+00 1.641742e+00 1.220549e-01 -3.483483e-04 -2.546948e-04 -2.225330e-04 -2.497015e-04
 7715.000000 8.307477e-01 1.153907e+00 1.616155e+00 1.217000e-01 -3.588792e-04 -2.578588e-04 -2.297150e-04 -2.483602e-04
 7715.200000 8.324727e-01 1.156676e+00 1.598899e+00 1.220193e-01 -3.604909e-04 -2.496581e-04 -2.366799e-04 -2.472205e-04
 7715.400000 8.318199e-01 1.155846e+00 1.574761e+00 1.211964e-01 -3.577907e-04 -2.524441e-04 -2.426465e-04 -2.491721e-04
 7715.600000 8.319052e-01 1.156266e+00 1.553288e+00 1.213921e-01 -3.452182e-04 -2.583729e-04 -2.335148e-04 -2.412826e-04
 7715.800000 8.330713e-01 1.158558e+00 1.532778e+00 1.209423e-01 -3.442268e-04 -2.570344e-04 -2.239634e-04 -2.304042e-04
 7716.000000 8.318279e-01 1.156989e+00 1.508935e+00 1.219522e-01 -3.412251e-04 -2.504304e-04 -2.261644e-04 -2.356566e-04
 7716.200000 8.348985e-01 1.161259e+00 1.495116e+00 1.217618e-01 -3.515677e-04 -2.460542e-04 -2.305082e-04 -2.369981e-04
 7716.400000 8.323185e-01 1.158075e+00 1.468469e+00 1.206523e-01 -3.487941e-04 -2.505969e-04 -2.439839e-04 -2.460551e-04
 7716.600000 8.304334e-01 1.155234e+00 1.443869e+00 1.213395e-01 -3.479163e-04 -2.461325e-04 -2.457169e-04 -2.378613e-04
 7716.800000 8.330072e-01 1.158799e+00 1.428235e+00 1.217173e-01 -3.536084e-04 -2.415941e-04 -2.536789e-04 -2.510905e-04
 7717.000000 8.310794e-01 1.156469e+00 1.405930e+00 1.201223e-01 -3.492159e-04 -2.555055e-04 -2.386578e-04 -2.401826e-04
 7717.200000 8.335813e-01 1.160001e+00 1.389598e+00 1.221650e-01 -3.465744e-04 -2.618721e-04 -2.378444e-04 -2.425148e-04
 7717.400000 8.311128e-01 1.156970e+00 1.366220e+00 1.227058e-01 -3.527150e-04 -2.565087e-04 -2.401210e-04 -2.345139e-04
 7717.600000 8.341744e-01 1.160994e+00 1.351100e+00 1.228742e-01 -3.499556e-04 -2.559498e-04 -2.528820e-04 -2.372219e-04
 7717.800000 8.302251e-01 1.155247e+00 1.324172e+00 1.214296e-01 -3.475355e-04 -2.427334e-04 -2.489110e-04 -2.415696e-04
 7718.000000 8.309333e-01 1.156420e+00 1.304991e+00 1.230709e-01 -3.416091e-04 -2.410556e-04 -2.579430e-04 -2.343134e-04
 7718.200000 8.308570e-01 1.156561e+00 1.284992e+00 1.235024e-01 -3.432341e-04 -2.514953e-04 -2.596117e-04 -2.354843e-04
 7718.400000 8.283488e-01 1.152761e+00 1.260427e+00 1.218490e-01 -3.373188e-04 -2.532417e-04 -2.465946e-04 -2.322157e-04
 7718.600000 8.319295e-01 1.157920e+00 1.247089e+00 1.238280e-01 -3.457626e-04 -2.557246e-04 -2.593472e-04 -2.372945e-04
 7718.800000 8.319043e-01 1.157671e+00 1.226689e+00 1.250592e-01 -3.434955e-04 -2.587440e-04 -2.531257e-04 -2.327987e-04
 7719.000000 8.304252e-01 1.155930e+00 1.205093e+00 1.245537e-01 -3.432869e-04 -2.637015e-04 -2.532452e-04 -2.318720e-04
 7719.200000 8.319599e-01 1.158368e+00 1.187444e+00 1.247868e-01 -3.610686e-04 -2.639753e-04 -2.518542e-04 -2.430655e-04
 7719.400000 8.299482e-01 1.155333e+00 1.163471e+00 1.244334e-01 -3.452488e-04 -2.491837e-04 -2.507017e-04 -2.296555e-04
 7719.600000 8.285688e-01 1.153062e+00 1.141636e+00 1.266138e-01 -3.440604e-04 -2.472669e-04 -2.493925e-04 -2.499533e-04
 7719.800000 8.303257e-01 1.155650e+00 1.124001e+00 1.254183e-01 -3.425206e-04 -2.523448e-04 -2.395300e-04 -2.379797e-04
 7720.000000 8.295121e-01 1.154240e+00 1.102090e+00 1.269588e-01 -3.457352e-04 -2.618773e-04 -2.487683e-04 -2.354566e-04
 7720.200000 8.303677e-01 1.155632e+00 1.082468e+00 1.269991e-01 -3.480138e-04 -2.496689e-04 -2.520500e-04 -2.382094e-04
 7720.400000 8.301379e-01 1.155587e+00 1.062214e+00 1.274124e-01 -3.515199e-04 -2.462321e-04 -2.419929e-04 -2.381455e-04
 7720.600000 8.296313e-01 1.155245e+00 1.041114e+00 1.279644e-01 -3.587610e-04 -2.416999e-04 -2.399094e-04 -2.323838e-04
 7720.800000 8.293245e-01 1.154702e+00 1.020693e+00 1.291310e-01 -3.550794e-04 -2.451719e-04 -2.506952e-04 -2.255784e-04
 7721.000000 8.314255e-01 1.157356e+00 1.002769e+00 1.273459e-01 -3.481465e-04 -2.383685e-04 -2.438915e-04 -2.248921e-04
 7721.200000 8.267675e-01 1.150770e+00 9.765323e-01 1.298122e-01 -3.485586e-04 -2.360918e-04 -2.343276e-04 -2.284404e-04
 7721.400000 8.295780e-01 1.155019e+00 9.595353e-01 1.283284e-01 -3.535531e-04 -2.425883e-04 -2.415364e-04 -2.395120e-04
 7721.600000 8.309518e-01 1.156972e+00 9.418107e-01 1.287130e-01 -3.496670e-04 -2.387040e-04 -2.512437e-04 -2.418776e-04
 7721.800000 8.299930e-01 1.155698e+00 9.206252e-01 1.300065e-01 -3.429605e-04 -2.323478e-04 -2.467275e-04 -2.373517e-04
 7722.000000 8.238849e-01 1.146823e+00 8.941677e-01 1.299929e-01 -3.533762e-04 -2.266273e-04 -2.399590e-04 -2.423805e-04
 7722.200000 8.328865e-01 1.159735e+00 8.867313e-01 1.285794e-01 -3.473865e-04 -2.392572e-04 -2.335727e-04 -2.441756e-04
 7722.400000 8.303518e-01 1.156489e+00 8.667231e-01 1.322760e-01 -3.479229e-04 -2.441092e-04 -2.433683e-04 -2.542935e-04
 7722.600000 8.293184e-01 1.155105e+00 8.499297e-01 1.309090e-01 -3.514552e-04 -2.445587e-04 -2.550615e-04 -2.409381e-04
 7722.800000 8.313515e-01 1.157705e+00 8.358804e-01 1.304367e-01 -3.433727e-04 -2.456916e-04 -2.590308e-04 -2.480085e-04
 7723.000000 8.316173e-01 1.157597e+00 8.232607e-01 1.316554e-01 -3.414000e-04 -2.449916e-04 -2.474706e-04 -2.449303e-04
 7723.200000 8.301414e-01 1.155881e+00 8.069168e-01 1.325507e-01 -3.365460e-04 -2.420013e-04 -2.583354e-04 -2.510301e-04
 7723.400000 8.304068e-01 1.156896e+00 7.950396e-01 1.316409e-01 -3.391743e-04 -2.476758e-04 -2.659712e-04 -2.465807e-04
 7723.600000 8.314663e-01 1.158883e+00 7.862079e-01 1.331571e-01 -3.343155e-04 -2.604807e-04 -2.654368e-04 -2.398640e-04
 7723.800000 8.305825e-01 1.156959e+00 7.751337e-01 1.347706e-01 -3.347910e-04 -2.645598e-04 -2.753980e-04 -2.465587e-04
 7724.000000 8.305492e-01 1.157207e+00 7.677938e-01 1.312954e-01 -3.315673e-04 -2.684489e-04 -2.648436e-04 -2.490085e-04
 7724.200000 8.293657e-01 1.155417e+00 7.579000e-01 1.323709e-01 -3.251046e-04 -2.557082e-04 -2.598659e-04 -2.489360e-04
 7724.400000 8.282195e-01 1.154590e+00 7.522252e-01 1.331537e-01 -3.263555e-04 -2.543927e-04 -2.356021e-04 -2.443968e-04
 7724.600000 8.321187e-01 1.159752e+00 7.517441e-01 1.358479e-01 -3.194328e-04 -2.458855e-04 -2.469998e-04 -2.394537e-04
 7724.800000 8.293571e-01 1.155735e+00 7.454153e-01 1.345749e-01 -3.159838e-04 -2.472517e-04 -2.456098e-04 -2.345964e-04
 7725.000000 8.287089e-01 1.154983e+00 7.413075e-01 1.348755e-01 -3.140684e-04 -2.545228e-04 -2.362008e-04 -2.356808e-04
 7725.200000 8.309146e-01 1.158303e+00 7.410129e-01 1.359245e-01 -3.281765e-04 -2.613165e-04 -2.372693e-04 -2.350901e-04
 7725.400000 8.297448e-01 1.156455e+00 7.380354e-01 1.348027e-01 -3.145199e-04 -2.612776e-04 -2.381796e-04 -2.366150e-04
 7725.600000 8.309756e-01 1.157990e+00 7.382078e-01 1.351943e-01 -3.226867e-04 -2.632652e-04 -2.463502e-04 -2.440431e-04
 7725.800000 8.251049e-01 1.149771e+00 7.307596e-01 1.339561e-01 -3.310474e-04 -2.548798e-04 -2.380562e-04 -2.394557e-04
 7726.000000 8.295455e-01 1.156467e+00 7.352748e-01 1.363815e-01 -3.338803e-04 -2.443262e-04 -2.433521e-04 -2.533973e-04
 7726.200000 8.315719e-01 1.159343e+00 7.383129e-01 1.361438e-01 -3.369851e-04 -2.529579e-04 -2.266991e-04 -2.542364e-04
 7726.400000 8.295137e-01 1.156717e+00 7.351891e-01 1.354170e-01 -3.317041e-04 -2.569034e-04 -2.290732e-04 -2.465066e-04
 7726.600000 8.228304e-01 1.147628e+00 7.309075e-01 1.351411e-01 -3.286968e-04 -2.517939e-04 -2.433359e-04 -2.464427e-04
 7726.800000 8.319265e-01 1.160137e+00 7.395866e-01 1.377777e-01 -3.290431e-04 -2.524298e-04 -2.575822e-04 -2.539014e-04
 7727.000000 8.238792e-01 1.148905e+00 7.316910e-01 1.365502e-01 -3.220958e-04 -2.543663e-04 -2.533915e-04 -2.418208e-04
 7727.200000 8.340511e-01 1.163450e+00 7.441085e-01 1.369731e-01 -3.303576e-04 -2.450743e-04 -2.558678e-04 -2.446866e-04
 7727.400000 8.288836e-01 1.156056e+00 7.411459e-01 1.375484e-01 -3.235841e-04 -2.555370e-04 -2.431015e-04 -2.525431e-04
 7727.600000 8.309326e-01 1.159304e+00 7.420114e-01 1.372242e-01 -3.238785e-04 -2.485911e-04 -2.416728e-04 -2.459413e-04
 7727.800000 8.250804e-01 1.151127e+00 7.389828e-01 1.363497e-01 -3.315968e-04 -2.432356e-04 -2.284240e-04 -2.315839e-04
 7728.000000 8.273050e-01 1.154277e+00 7.424903e-01 1.363023e-01 -3.302086e-04 -2.538881e-04 -2.457370e-04 -2.385056e-04
 7728.200000 8.332564e-01 1.162827e+00 7.502748e-01 1.381226e-01 -3.375676e-04 -2.561393e-04 -2.404065e-04 -2.403429e-04
 7728.400000 8.287056e-01 1.156662e+00 7.471057e-01 1.372067e-01 -3.346550e-04 -2.511366e-04 -2.418216e-04 -2.410281e-04
 7728.600000 8.296274e-01 1.158231e+00 7.477077e-01 1.389884e-01 -3.427152e-04 -2.515738e-04 -2.476356e-04 -2.401358e-04
 7728.800000 8.268527e-01 1.154425e+00 7.453338e-01 1.367573e-01 -3.370750e-04 -2.501036e-04 -2.428094e-04 -2.392531e-04
 7729.000000 8.247055e-01 1.151498e+00 7.433990e-01 1.350225e-01 -3.343157e-04 -2.605632e-04 -2.290725e-04 -2.195588e-04
 7729.200000 8.318473e-01 1.161809e+00 7.494265e-01 1.379682e-01 -3.468772e-04 -2.602244e-04 -2.354540e-04 -2.249784e-04
 7729.400000 8.319898e-01 1.161978e+00 7.477539e-01 1.383074e-01 -3.389565e-04 -2.708992e-04 -2.384523e-04 -2.325565e-04
 7729.600000 8.233143e-01 1.150102e+00 7.389330e-01 1.362779e-01 -3.276833e-04 -2.668283e-04 -2.388010e-04 -2.363388e-04
 7729.800000 8.266019e-01 1.154793e+00 7.392399e-01 1.364656e-01 -3.200367e-04 -2.705628e-04 -2.393439e-04 -2.288742e-04
 7730.000000 8.324177e-01 1.163251e+00 7.429632e-01 1.390066e-01 -3.171899e-04 -2.649309e-04 -2.435498e-04 -2.383694e-04
 7730.200000 8.320421e-01 1.163084e+00 7.397863e-01 1.371701e-01 -3.329305e-04 -2.640245e-04 -2.404770e-04 -2.553980e-04
 7730.400000 8.315997e-01 1.162247e+00 7.354104e-01 1.366355e-01 -3.344907e-04 -2.607173e-04 -2.411623e-04 -2.404670e-04
 7730.600000 8.230400e-01 1.150328e+00 7.239517e-01 1.357030e-01 -3.243324e-04 -2.584040e-04 -2.380993e-04 -2.413168e-04
 7730.800000 8.308834e-01 1.161729e+00 7.271939e-01 1.396336e-01 -3.219840e-04 -2.661234e-04 -2.407813e-04 -2.467118e-04
 7731.000000 8.301485e-01 1.160391e+00 7.220217e-01 1.369308e-01 -3.235486e-04 -2.640670e-04 -2.424576e-04 -2.483674e-04
 7731.200000 8.293783e-01 1.160148e+00 7.172481e-01 1.371549e-01 -3.181574e-04 -2.615536e-04 -2.464760e-04 -2.418918e-04
 7731.400000 8.282189e-01 1.158359e+00 7.116607e-01 1.360301e-01 -3.237556e-04 -2.603955e-04 -2.438017e-04 -2.441304e-04
 7731.600000 8.220797e-01 1.150553e+00 7.022219e-01 1.360943e-01 -3.162765e-04 -2.634610e-04 -2.392739e-04 -2.492998e-04
 7731.800000 8.281856e-01 1.158930e+00 7.031450e-01 1.387069e-01 -3.174840e-04 -2.598244e-04 -2.477072e-04 -2.556181e-04
 7732.000000 8.327383e-01 1.165814e+00 7.029994e-01 1.386189e-01 -3.163106e-04 -2.579756e-04 -2.520403e-04 -2.526733e-04
 7732.200000 8.309519e-01 1.162956e+00 6.983458e-01 1.379702e-01 -3.089481e-04 -2.557396e-04 -2.365893e-04 -2.469472e-04
 7732.400000 8.282960e-01 1.158788e+00 6.914175e-01 1.370921e-01 -3.132130e-04 -2.585311e-04 -2.480067e-04 -2.498073e-04
 7732.600000 8.300469e-01 1.161745e+00 6.914870e-01 1.389054e-01 -3.235498e-04 -2.594720e-04 -2.544564e-04 -2.511392e-04
 7732.800000 8.247794e-01 1.153993e+00 6.842450e-01 1.364320e-01 -3.317575e-04 -2.552293e-04 -2.603697e-04 -2.441927e-04
 7733.000000 8.298523e-01 1.161466e+00 6.875276e-01 1.371560e-01 -3.297725e-04 -2.577125e-04 -2.614827e-04 -2.480280e-04
 7733.200000 8.260578e-01 1.155946e+00 6.824345e-01 1.375717e-01 -3.177645e-04 -2.592929e-04 -2.459157e-04 -2.413987e-04
 7733.400000 8.317272e-01 1.164506e+00 6.876132e-01 1.383587e-01 -3.177989e-04 -2.711288e-04 -2.606791e-04 -2.555225e-04
 7733.600000 8.294516e-01 1.161327e+00 6.869250e-01 1.381543e-01 -3.213186e-04 -2.766685e-04 -2.493097e-04 -2.539753e-04
 7733.800000 8.276230e-01 1.158655e+00 6.852521e-01 1.388232e-01 -3.394299e-04 -2.804869e-04 -2.472869e-04 -2.421729e-04
 7734.000000 8.258279e-01 1.156703e+00 6.864384e-01 1.378801e-01 -3.258184e-04 -2.659636e-04 -2.462184e-04 -2.347770e-04
 7734.200000 8.271244e-01 1.158944e+00 6.898763e-01 1.382581e-01 -3.283686e-04 -2.655767e-04 -2.525241e-04 -2.339165e-04
 7734.400000 8.252590e-01 1.156308e+00 6.902318e-01 1.385133e-01 -3.328984e-04 -2.660903e-04 -2.550398e-04 -2.381233e-04
 7734.600000 8.349797e-01 1.169505e+00 7.015538e-01 1.383556e-01 -3.340011e-04 -2.622290e-04 -2.376140e-04 -2.319698e-04
 7734.800000 8.281820e-01 1.160234e+00 6.979508e-01 1.389462e-01 -3.340957e-04 -2.628966e-04 -2.457068e-04 -2.337335e-04
 7735.000000 8.256502e-01 1.156939e+00 6.995927e-01 1.377547e-01 -3.299650e-04 -2.601197e-04 -2.308262e-04 -2.208332e-04
 7735.200000 8.248985e-01 1.155789e+00 7.022887e-01 1.381142e-01 -3.211021e-04 -2.534513e-04 -2.312959e-04 -2.217569e-04
 7735.400000 8.277119e-01 1.160089e+00 7.082529e-01 1.391665e-01 -3.247782e-04 -2.554652e-04 -2.488000e-04 -2.274391e-04
 7735.600000 8.251630e-01 1.156993e+00 7.092627e-01 1.378069e-01 -3.284428e-04 -2.493749e-04 -2.503352e-04 -2.435186e-04
 7735.800000 8.276903e-01 1.160406e+00 7.150477e-01 1.372465e-01 -3.306174e-04 -2.577974e-04 -2.597399e-04 -2.486731e-04
 7736.000000 8.329288e-01 1.168069e+00 7.227174e-01 1.397199e-01 -3.363109e-04 -2.581373e-04 -2.678742e-04 -2.459462e-04
 7736.200000 8.282768e-01 1.162169e+00 7.210952e-01 1.383703e-01 -3.281225e-04 -2.564089e-04 -2.637865e-04 -2.390998e-04
 7736.400000 8.275640e-01 1.161260e+00 7.242777e-01 1.378083e-01 -3.277953e-04 -2.549106e-04 -2.589214e-04 -2.326189e-04
 7736.600000 8.212163e-01 1.153167e+00 7.207208e-01 1.369070e-01 -3.124758e-04 -2.538238e-04 -2.443665e-04 -2.357860e-04
 7736.800000 8.186723e-01 1.149211e+00 7.208672e-01 1.384686e-01 -3.108579e-04 -2.646189e-04 -2.294090e-04 -2.368072e-04
 7737.000000 8.343410e-01 1.171304e+00 7.351820e-01 1.394765e-01 -3.138493e-04 -2.748057e-04 -2.450518e-04 -2.433963e-04
 7737.200000 8.062532e-01 1.132653e+00 7.131950e-01 1.342035e-01 -3.062842e-04 -2.546320e-04 -2.493027e-04 -2.402428e-04
 7737.400000 8.372832e-01 1.176746e+00 7.427614e-01 1.386101e-01 -3.226777e-04 -2.635072e-04 -2.629289e-04 -2.482237e-04
 7737.600000 8.277625e-01 1.163135e+00 7.357645e-01 1.397010e-01 -3.082615e-04 -2.541452e-04 -2.767041e-04 -2.613643e-04
 7737.800000 8.280406e-01 1.163286e+00 7.366157e-01 1.379452e-01 -3.122347e-04 -2.579755e-04 -2.713679e-04 -2.518412e-04
 7738.000000 8.275088e-01 1.162531e+00 7.387512e-01 1.352527e-01 -3.152368e-04 -2.570410e-04 -2.562126e-04 -2.510377e-04
 7738.200000 8.297508e-01 1.166103e+00 7.422528e-01 1.372738e-01 -3.169164e-04 -2.611407e-04 -2.635970e-04 -2.564937e-04
 7738.400000 8.221580e-01 1.155275e+00 7.348487e-01 1.366963e-01 -3.207056e-04 -2.530035e-04 -2.340506e-04 -2.465364e-04
 7738.600000 8.316782e-01 1.169278e+00 7.474626e-01 1.377612e-01 -3.307129e-04 -2.571264e-04 -2.462140e-04 -2.588962e-04
 7738.800000 8.291676e-01 1.165891e+00 7.456523e-01 1.385107e-01 -3.332684e-04 -2.719800e-04 -2.351835e-04 -2.494778e-04
 7739.000000 8.204601e-01 1.153906e+00 7.390504e-01 1.366359e-01 -3.379630e-04 -2.560014e-04 -2.536485e-04 -2.567490e-04
 7739.200000 8.278890e-01 1.164301e+00 7.485015e-01 1.341908e-01 -3.330029e-04 -2.480945e-04 -2.480819e-04 -2.410917e-04
 7739.400000 8.272975e-01 1.164110e+00 7.482702e-01 1.356665e-01 -3.260080e-04 -2.564668e-04 -2.374498e-04 -2.457179e-04
 7739.600000 8.175967e-01 1.150702e+00 7.428185e-01 1.335537e-01 -3.181786e-04 -2.513856e-04 -2.451782e-04 -2.532281e-04
 7739.800000 8.318676e-01 1.171424e+00 7.590648e-01 1.349960e-01 -3.209817e-04 -2.638029e-04 -2.610947e-04 -2.686094e-04
 7740.000000 8.224405e-01 1.158076e+00 7.494552e-01 1.345326e-01 -3.169781e-04 -2.638863e-04 -2.467546e-04 -2.558775e-04
 7740.200000 8.288680e-01 1.167265e+00 7.588044e-01 1.354593e-01 -3.260717e-04 -2.761271e-04 -2.495003e-04 -2.562122e-04
 7740.400000 8.245790e-01 1.161095e+00 7.557982e-01 1.353998e-01 -3.207967e-04 -2.620838e-04 -2.350480e-04 -2.454972e-04
 7740.600000 8.241080e-01 1.160818e+00 7.580289e-01 1.338113e-01 -3.213652e-04 -2.590747e-04 -2.250994e-04 -2.465106e-04
 7740.800000 8.245157e-01 1.161681e+00 7.605455e-01 1.352461e-01 -3.282676e-04 -2.610353e-04 -2.381143e-04 -2.437146e-04
 7741.000000 8.179497e-01 1.152151e+00 7.552427e-01 1.338053e-01 -3.194446e-04 -2.599976e-04 -2.462814e-04 -2.359152e-04
 7741.200000 8.200574e-01 1.155171e+00 7.579833e-01 1.323823e-01 -3.265329e-04 -2.615198e-04 -2.352033e-04 -2.429304e-04
 7741.400000 8.242930e-01 1.161707e+00 7.669498e-01 1.342651e-01 -3.233708e-04 -2.595946e-04 -2.382779e-04 -2.455410e-04
 7741.600000 8.157524e-01 1.150340e+00 7.596834e-01 1.336611e-01 -3.227494e-04 -2.665968e-04 -2.379215e-04 -2.469786e-04
 7741.800000 8.125298e-01 1.146105e+00 7.589316e-01 1.318599e-01 -3.249636e-04 -2.714677e-04 -2.325534e-04 -2.452801e-04
 7742.000000 8.064772e-01 1.137462e+00 7.537158e-01 1.322275e-01 -3.277786e-04 -2.786818e-04 -2.317711e-04 -2.427085e-04
 7742.700000 7.989340e-01 1.127531e+00 7.505833e-01 1.290238e-01 -3.257777e-04 -2.735215e-04 -2.556711e-04 -2.399831e-04
 7743.400000 8.193751e-01 1.156980e+00 7.713230e-01 1.327764e-01 -3.202966e-04 -2.648286e-04 -2.552375e-04 -2.285963e-04
 7744.100000 8.280312e-01 1.169865e+00 7.811619e-01 1.341225e-01 -3.146686e-04 -2.565984e-04 -2.665165e-04 -2.350909e-04
 7744.800000 8.301930e-01 1.173622e+00 7.849804e-01 1.336030e-01 -3.143225e-04 -2.527348e-04 -2.521681e-04 -2.334281e-04
 7745.500000 8.278999e-01 1.171025e+00 7.831924e-01 1.343735e-01 -3.139078e-04 -2.498906e-04 -2.473026e-04 -2.431084e-04
 7746.200000 8.288600e-01 1.173053e+00 7.834807e-01 1.331013e-01 -3.222695e-04 -2.505401e-04 -2.506554e-04 -2.464501e-04
 7746.900000 8.264707e-01 1.169983e+00 7.769798e-01 1.329084e-01 -3.372421e-04 -2.643075e-04 -2.547907e-04 -2.304351e-04
 7747.600000 8.273994e-01 1.172197e+00 7.739113e-01 1.334760e-01 -3.296382e-04 -2.588316e-04 -2.592317e-04 -2.350297e-04
 7748.300000 8.273332e-01 1.172782e+00 7.674113e-01 1.334858e-01 -3.361679e-04 -2.611209e-04 -2.458966e-04 -2.367117e-04
 7749.993695 8.262854e-01 1.172451e+00 7.449482e-01 1.336351e-01 -3.458559e-04 -2.639950e-04 -2.522095e-04 -2.294660e-04
 7750.999583 8.262838e-01 1.173428e+00 7.293280e-01 1.331539e-01 -3.507700e-04 -2.637252e-04 -2.559358e-04 -2.241137e-04
 7752.017662 8.252357e-01 1.173261e+00 7.118378e-01 1.336288e-01 -3.384547e-04 -2.724671e-04 -2.505733e-04 -2.265024e-04
 7753.047933 8.262278e-01 1.175320e+00 6.955657e-01 1.332360e-01 -3.309006e-04 -2.715028e-04 -2.532076e-04 -2.243159e-04
 7754.090396 8.230189e-01 1.170620e+00 6.750867e-01 1.332001e-01 -3.319308e-04 -2.695416e-04 -2.576956e-04 -2.211171e-04
 7755.145051 8.233318e-01 1.172381e+00 6.606025e-01 1.326200e-01 -3.340830e-04 -2.588342e-04 -2.608876e-04 -2.343754e-04
 7756.211898 8.244968e-01 1.175715e+00 6.523770e-01 1.323148e-01 -3.351953e-04 -2.533960e-04 -2.542537e-04 -2.398042e-04
 7757.290937 8.221235e-01 1.172016e+00 6.439335e-01 1.327107e-01 -3.306035e-04 -2.532613e-04 -2.356526e-04 -2.401892e-04
 7758.382167 8.218767e-01 1.172475e+00 6.432823e-01 1.316478e-01 -3.272358e-04 -2.591663e-04 -2.451677e-04 -2.557326e-04
 7759.485590 8.240714e-01 1.178199e+00 6.517901e-01 1.321084e-01 -3.268558e-04 -2.569873e-04 -2.483704e-04 -2.795560e-04
 7760.601204 8.235223e-01 1.177419e+00 6.619323e-01 1.330075e-01 -3.234211e-04 -2.570490e-04 -2.541922e-04 -2.728787e-04
 7761.729011 8.242313e-01 1.179605e+00 6.792802e-01 1.329377e-01 -3.125228e-04 -2.663783e-04 -2.570864e-04 -2.750544e-04
 7762.869009 8.237553e-01 1.179337e+00 6.978285e-01 1.341904e-01 -3.188578e-04 -2.643646e-04 -2.507156e-04 -2.508833e-04
 7764.021199 8.214334e-01 1.176444e+00 7.167088e-01 1.335861e-01 -3.302688e-04 -2.612759e-04 -2.561697e-04 -2.490931e-04
 7765.185582 8.237186e-01 1.181461e+00 7.399488e-01 1.347767e-01 -3.253999e-04 -2.605811e-04 -2.546359e-04 -2.582597e-04
 7766.362156 8.225537e-01 1.181070e+00 7.596395e-01 1.354438e-01 -3.222620e-04 -2.698571e-04 -2.541675e-04 -2.507822e-04
 7767.550922 8.227721e-01 1.181802e+00 7.788619e-01 1.353172e-01 -3.143005e-04 -2.662852e-04 -2.431425e-04 -2.541200e-04
 7768.751879 8.223435e-01 1.182167e+00 7.947806e-01 1.357299e-01 -3.163969e-04 -2.652698e-04 -2.408758e-04 -2.479401e-04
 7769.965029 8.218359e-01 1.181956e+00 8.068249e-01 1.349131e-01 -3.236499e-04 -2.650750e-04 -2.375945e-04 -2.413600e-04
 7771.190371 8.211686e-01 1.181898e+00 8.152210e-01 1.349032e-01 -3.213928e-04 -2.743727e-04 -2.449889e-04 -2.521485e-04
 7772.427904 8.222674e-01 1.184791e+00 8.211568e-01 1.355004e-01 -3.228336e-04 -2.779383e-04 -2.508335e-04 -2.646647e-04
 7773.677630 8.211536e-01 1.184198e+00 8.243486e-01 1.349135e-01 -3.244261e-04 -2.782038e-04 -2.470399e-04 -2.584828e-04
 7774.939547 8.206053e-01 1.184406e+00 8.284535e-01 1.353206e-01 -3.188646e-04 -2.814528e-04 -2.483962e-04 -2.489316e-04
 7776.213657 8.216055e-01 1.187356e+00 8.355465e-01 1.355617e-01 -3.125216e-04 -2.834915e-04 -2.513043e-04 -2.493833e-04
 7777.499958 8.203976e-01 1.186605e+00 8.393094e-01 1.354818e-01 -3.211696e-04 -2.718501e-04 -2.463039e-04 -2.727331e-04
 7778.798451 8.204159e-01 1.187175e+00 8.421820e-01 1.359220e-01 -3.225464e-04 -2.584049e-04 -2.442933e-04 -2.637273e-04
 7780.109136 8.200566e-01 1.187934e+00 8.431242e-01 1.359009e-01 -3.189968e-04 -2.600913e-04 -2.398089e-04 -2.424457e-04
 7781.432013 8.204881e-01 1.189662e+00 8.420675e-01 1.355663e-01 -3.258749e-04 -2.499925e-04 -2.353384e-04 -2.379144e-04
 7782.767082 8.194286e-01 1.189260e+00 8.353602e-01 1.357109e-01 -3.295032e-04 -2.537409e-04 -2.317048e-04 -2.548285e-04
 7784.114342 8.208741e-01 1.192705e+00 8.305700e-01 1.356400e-01 -3.335912e-04 -2.623855e-04 -2.339706e-04 -2.442272e-04
 7785.473795 8.180061e-01 1.188895e+00 8.205522e-01 1.355559e-01 -3.350913e-04 -2.599166e-04 -2.441201e-04 -2.389567e-04
 7786.845440 8.194295e-01 1.192693e+00 8.169610e-01 1.357150e-01 -3.296838e-04 -2.612332e-04 -2.423818e-04 -2.430242e-04
 7788.229276 8.184321e-01 1.192346e+00 8.091083e-01 1.360649e-01 -3.263729e-04 -2.598433e-04 -2.405660e-04 -2.377883e-04
 7789.625305 8.192641e-01 1.194655e+00 8.013822e-01 1.363722e-01 -3.250874e-04 -2.678385e-04 -2.493074e-04 -2.422962e-04
 7791.033525 8.168605e-01 1.191971e+00 7.891930e-01 1.368608e-01 -3.274467e-04 -2.525216e-04 -2.502715e-04 -2.480076e-04
 7792.453937 8.180362e-01 1.195018e+00 7.823289e-01 1.369660e-01 -3.196566e-04 -2.430741e-04 -2.530662e-04 -2.450763e-04
 7793.886541 8.170891e-01 1.195068e+00 7.737235e-01 1.361683e-01 -3.250051e-04 -2.397066e-04 -2.460225e-04 -2.435711e-04
 7795.331337 8.154539e-01 1.192972e+00 7.626508e-01 1.368066e-01 -3.224686e-04 -2.486047e-04 -2.406780e-04 -2.380083e-04
 7796.788325 8.157602e-01 1.195127e+00 7.530956e-01 1.364259e-01 -3.216298e-04 -2.441037e-04 -2.316279e-04 -2.306299e-04
 7798.257505 8.183966e-01 1.201143e+00 7.446056e-01 1.367007e-01 -3.334319e-04 -2.393050e-04 -2.464824e-04 -2.403266e-04
 7799.738877 8.140514e-01 1.194987e+00 7.247649e-01 1.366228e-01 -3.368053e-04 -2.426598e-04 -2.498311e-04 -2.436053e-04
 7801.232440 8.151991e-01 1.197700e+00 7.106146e-01 1.365059e-01 -3.323143e-04 -2.532409e-04 -2.495825e-04 -2.552452e-04
 7802.738196 8.156340e-01 1.200482e+00 6.976062e-01 1.366840e-01 -3.407188e-04 -2.538916e-04 -2.423019e-04 -2.521952e-04
 7804.256143 8.170115e-01 1.204167e+00 6.882666e-01 1.369598e-01 -3.374374e-04 -2.566883e-04 -2.373912e-04 -2.440559e-04
 7805.786283 8.150851e-01 1.201830e+00 6.793600e-01 1.368309e-01 -3.347308e-04 -2.517633e-04 -2.367452e-04 -2.346073e-04
 7807.328614 8.167157e-01 1.205859e+00 6.816341e-01 1.368321e-01 -3.313233e-04 -2.524984e-04 -2.349809e-04 -2.487146e-04
 7808.883137 8.142561e-01 1.203423e+00 6.846009e-01 1.367410e-01 -3.368041e-04 -2.627544e-04 -2.496747e-04 -2.366460e-04
 7810.449852 8.149020e-01 1.205567e+00 6.947479e-01 1.376792e-01 -3.387030e-04 -2.593181e-04 -2.613081e-04 -2.457228e-04
 7812.028759 8.142856e-01 1.205966e+00 7.067750e-01 1.369055e-01 -3.327910e-04 -2.568409e-04 -2.508412e-04 -2.379496e-04
 7813.619858 8.145766e-01 1.207363e+00 7.206498e-01 1.364866e-01 -3.349572e-04 -2.584764e-04 -2.557612e-04 -2.513004e-04
 7815.223149 8.133396e-01 1.207350e+00 7.353157e-01 1.368442e-01 -3.425667e-04 -2.467398e-04 -2.609542e-04 -2.450047e-04
 7816.838632 8.143570e-01 1.209984e+00 7.539074e-01 1.374596e-01 -3.490905e-04 -2.553684e-04 -2.656442e-04 -2.481385e-04
 7818.466307 8.141124e-01 1.211118e+00 7.714951e-01 1.375186e-01 -3.485281e-04 -2.477762e-04 -2.467762e-04 -2.578419e-04
 7820.106173 8.138981e-01 1.211515e+00 7.859307e-01 1.375992e-01 -3.421435e-04 -2.458847e-04 -2.474966e-04 -2.617653e-04
 7821.758232 8.120338e-01 1.210297e+00 8.022914e-01 1.367069e-01 -3.348667e-04 -2.449141e-04 -2.429261e-04 -2.528416e-04
 7823.422482 8.126420e-01 1.213094e+00 8.200207e-01 1.370356e-01 -3.272728e-04 -2.460052e-04 -2.558301e-04 -2.484505e-04
 7825.098924 8.113195e-01 1.212136e+00 8.380431e-01 1.366267e-01 -3.280618e-04 -2.449953e-04 -2.413243e-04 -2.517730e-04
 7826.787558 8.118761e-01 1.214485e+00 8.609609e-01 1.378121e-01 -3.359849e-04 -2.474011e-04 -2.440816e-04 -2.558494e-04
 7828.488385 8.054811e-01 1.206196e+00 8.753772e-01 1.357974e-01 -3.295920e-04 -2.458101e-04 -2.430925e-04 -2.547344e-04
 7830.201403 8.077773e-01 1.211332e+00 8.975870e-01 1.361843e-01 -3.462422e-04 -2.497639e-04 -2.447090e-04 -2.575477e-04
 7831.926613 8.096527e-01 1.215537e+00 9.130175e-01 1.373900e-01 -3.549492e-04 -2.424829e-04 -2.445002e-04 -2.534245e-04
 7833.664014 8.104039e-01 1.218102e+00 9.206369e-01 1.369683e-01 -3.342955e-04 -2.528479e-04 -2.298209e-04 -2.409543e-04
 7835.413608 8.088321e-01 1.217099e+00 9.190672e-01 1.368602e-01 -3.320702e-04 -2.458079e-04 -2.396286e-04 -2.457008e-04
 7837.175394 8.107416e-01 1.221850e+00 9.194585e-01 1.376211e-01 -3.459016e-04 -2.416461e-04 -2.414374e-04 -2.461760e-04
 7838.949371 8.091318e-01 1.220516e+00 9.094070e-01 1.374860e-01 -3.446563e-04 -2.450586e-04 -2.376770e-04 -2.409387e-04
 7840.735541 8.100322e-01 1.223506e+00 9.018003e-01 1.362960e-01 -3.415152e-04 -2.478842e-04 -2.332170e-04 -2.489733e-04
 7842.533902 8.087032e-01 1.223061e+00 8.910301e-01 1.370615e-01 -3.478768e-04 -2.487756e-04 -2.364839e-04 -2.564777e-04
 7844.344455 8.090986e-01 1.224817e+00 8.816133e-01 1.370051e-01 -3.455737e-04 -2.400206e-04 -2.373301e-04 -2.590548e-04
 7846.167201 8.080051e-01 1.225065e+00 8.721323e-01 1.370042e-01 -3.421000e-04 -2.412915e-04 -2.308781e-04 -2.515873e-04
 7848.002138 8.090878e-01 1.228056e+00 8.678111e-01 1.372286e-01 -3.378429e-04 -2.484290e-04 -2.391327e-04 -2.479959e-04
 7849.849267 8.067575e-01 1.225699e+00 8.633945e-01 1.369485e-01 -3.404580e-04 -2.508467e-04 -2.372171e-04 -2.515841e-04
 7851.708588 8.087007e-01 1.230354e+00 8.683662e-01 1.387389e-01 -3.493995e-04 -2.566596e-04 -2.444947e-04 -2.597210e-04
 7853.580100 8.044492e-01 1.225624e+00 8.674622e-01 1.368603e-01 -3.437894e-04 -2.545321e-04 -2.421752e-04 -2.501398e-04
 7855.463805 8.017437e-01 1.222768e+00 8.666853e-01 1.371783e-01 -3.467066e-04 -2.550102e-04 -2.446924e-04 -2.321499e-04
 7857.359702 8.050420e-01 1.229211e+00 8.656790e-01 1.373004e-01 -3.503767e-04 -2.495057e-04 -2.330331e-04 -2.381666e-04
 7859.267790 8.073407e-01 1.234794e+00 8.571079e-01 1.380035e-01 -3.477879e-04 -2.474706e-04 -2.343014e-04 -2.466719e-04
 7861.188071 8.046554e-01 1.232030e+00 8.365562e-01 1.374762e-01 -3.459549e-04 -2.572350e-04 -2.403839e-04 -2.549025e-04
 7863.120543 8.065449e-01 1.236315e+00 8.165166e-01 1.388172e-01 -3.476537e-04 -2.615150e-04 -2.342834e-04 -2.637193e-04
 7865.065207 8.042238e-01 1.234156e+00 7.922839e-01 1.387503e-01 -3.442472e-04 -2.520255e-04 -2.332164e-04 -2.569615e-04
 7867.022064 8.047033e-01 1.236051e+00 7.753812e-01 1.394081e-01 -3.401113e-04 -2.513958e-04 -2.405502e-04 -2.617569e-04
 7868.991112 8.043381e-01 1.237462e+00 7.628980e-01 1.390256e-01 -3.511841e-04 -2.470925e-04 -2.476516e-04 -2.549698e-04
 7870.972352 8.054885e-01 1.241182e+00 7.562630e-01 1.394183e-01 -3.498886e-04 -2.493556e-04 -2.394430e-04 -2.564576e-04
 7872.965784 8.025479e-01 1.237656e+00 7.473306e-01 1.390900e-01 -3.456827e-04 -2.458273e-04 -2.466910e-04 -2.544773e-04
 7874.971407 8.044300e-01 1.242493e+00 7.474778e-01 1.389512e-01 -3.483400e-04 -2.396673e-04 -2.565036e-04 -2.595986e-04
 7876.989223 8.025869e-01 1.241190e+00 7.472963e-01 1.387951e-01 -3.416608e-04 -2.387342e-04 -2.485363e-04 -2.537692e-04
 7879.019231 8.038613e-01 1.244959e+00 7.575344e-01 1.386856e-01 -3.342209e-04 -2.362244e-04 -2.293887e-04 -2.444682e-04
 7881.061430 8.017261e-01 1.243317e+00 7.701018e-01 1.399084e-01 -3.371709e-04 -2.318486e-04 -2.290670e-04 -2.366048e-04
 7883.115822 8.028114e-01 1.246777e+00 7.916402e-01 1.393908e-01 -3.431585e-04 -2.452801e-04 -2.374792e-04 -2.527045e-04
 7885.182405 8.003068e-01 1.244301e+00 8.152358e-01 1.400470e-01 -3.466701e-04 -2.486868e-04 -2.392448e-04 -2.595951e-04
 7887.261180 8.017361e-01 1.248285e+00 8.504193e-01 1.401241e-01 -3.387269e-04 -2.471645e-04 -2.272346e-04 -2.633490e-04
 7889.352148 8.007146e-01 1.248718e+00 8.867489e-01 1.398723e-01 -3.356178e-04 -2.484745e-04 -2.446508e-04 -2.642707e-04
 7891.455307 8.020282e-01 1.253437e+00 9.280455e-01 1.404325e-01 -3.319791e-04 -2.507780e-04 -2.427998e-04 -2.550133e-04
 7893.570658 7.922949e-01 1.238914e+00 9.522722e-01 1.385763e-01 -3.353345e-04 -2.509634e-04 -2.385956e-04 -2.502724e-04
 7895.698201 7.974076e-01 1.248348e+00 9.874130e-01 1.395846e-01 -3.392414e-04 -2.447504e-04 -2.432126e-04 -2.625129e-04
 7897.837935 7.994137e-01 1.253918e+00 1.007204e+00 1.396603e-01 -3.486480e-04 -2.402444e-04 -2.443188e-04 -2.653963e-04
 7899.989862 7.996188e-01 1.255950e+00 1.012906e+00 1.394796e-01 -3.440068e-04 -2.442046e-04 -2.518018e-04 -2.471514e-04
 7902.153981 7.984633e-01 1.255783e+00 1.005296e+00 1.402059e-01 -3.458129e-04 -2.580181e-04 -2.624588e-04 -2.397927e-04
 7904.330291 7.993340e-01 1.259043e+00 9.946781e-01 1.396416e-01 -3.480650e-04 -2.488001e-04 -2.474287e-04 -2.573112e-04
 7906.518794 7.976390e-01 1.258597e+00 9.766799e-01 1.394453e-01 -3.503717e-04 -2.470476e-04 -2.399123e-04 -2.450360e-04
 7908.719488 7.981896e-01 1.260796e+00 9.627924e-01 1.405266e-01 -3.502689e-04 -2.391472e-04 -2.377482e-04 -2.499924e-04
 7910.932374 7.963598e-01 1.259876e+00 9.476570e-01 1.396524e-01 -3.480113e-04 -2.491301e-04 -2.303787e-04 -2.510466e-04
 7913.157453 7.980183e-01 1.264374e+00 9.399343e-01 1.394566e-01 -3.342294e-04 -2.423974e-04 -2.312016e-04 -2.576514e-04
 7915.394723 7.959209e-01 1.262957e+00 9.318731e-01 1.405877e-01 -3.258801e-04 -2.431130e-04 -2.421825e-04 -2.674982e-04
 7917.644185 7.967746e-01 1.266106e+00 9.301097e-01 1.404791e-01 -3.396004e-04 -2.511528e-04 -2.392648e-04 -2.678707e-04
 7919.905838 7.941076e-01 1.263370e+00 9.269436e-01 1.386915e-01 -3.361220e-04 -2.514070e-04 -2.312890e-04 -2.618214e-04
 7922.179684 7.968511e-01 1.270144e+00 9.327860e-01 1.404620e-01 -3.280917e-04 -2.523747e-04 -2.315662e-04 -2.591824e-04
 7924.465722 7.951981e-01 1.269378e+00 9.353686e-01 1.400694e-01 -3.369669e-04 -2.451220e-04 -2.329481e-04 -2.602169e-04
 7926.763952 7.955963e-01 1.271708e+00 9.418389e-01 1.405403e-01 -3.399446e-04 -2.472291e-04 -2.383797e-04 -2.563288e-04
 7929.074373 7.936583e-01 1.270415e+00 9.457591e-01 1.399363e-01 -3.467976e-04 -2.534185e-04 -2.354900e-04 -2.523215e-04
 7931.396987 7.946534e-01 1.274243e+00 9.559242e-01 1.406961e-01 -3.409702e-04 -2.497772e-04 -2.348854e-04 -2.550903e-04
 7933.731792 7.919641e-01 1.271428e+00 9.605791e-01 1.398684e-01 -3.424972e-04 -2.473517e-04 -2.204540e-04 -2.484318e-04
 7936.078789 7.909567e-01 1.272057e+00 9.657413e-01 1.413206e-01 -3.369798e-04 -2.547238e-04 -2.121349e-04 -2.544454e-04
 7938.437978 7.792820e-01 1.255225e+00 9.526534e-01 1.384019e-01 -3.373071e-04 -2.557210e-04 -2.209044e-04 -2.589646e-04
 7940.809359 7.931668e-01 1.279768e+00 9.618990e-01 1.414638e-01 -3.417381e-04 -2.496741e-04 -2.142740e-04 -2.513076e-04
 7943.192932 7.930793e-01 1.281536e+00 9.495510e-01 1.408641e-01 -3.434824e-04 -2.474420e-04 -2.123724e-04 -2.572754e-04
 7945.588697 7.934775e-01 1.283833e+00 9.368735e-01 1.413246e-01 -3.398557e-04 -2.396570e-04 -2.211236e-04 -2.618951e-04
 7947.996654 7.918013e-01 1.282981e+00 9.234683e-01 1.408727e-01 -3.377097e-04 -2.357375e-04 -2.168315e-04 -2.502637e-04
 7950.416803 7.913255e-01 1.284239e+00 9.137115e-01 1.407690e-01 -3.386647e-04 -2.428807e-04 -2.069124e-04 -2.448282e-04
 7952.849143 7.916188e-01 1.286472e+00 9.070098e-01 1.415636e-01 -3.404669e-04 -2.375792e-04 -2.219136e-04 -2.475231e-04
 7955.293676 7.911773e-01 1.288226e+00 9.026973e-01 1.419126e-01 -3.511312e-04 -2.355642e-04 -2.223535e-04 -2.651589e-04
 7957.750400 7.904406e-01 1.289049e+00 9.025859e-01 1.414359e-01 -3.519931e-04 -2.424140e-04 -2.114819e-04 -2.554809e-04
 7960.219317 7.901826e-01 1.291069e+00 9.079465e-01 1.418005e-01 -3.464065e-04 -2.505898e-04 -2.062156e-04 -2.533241e-04
 7962.700425 7.902663e-01 1.293226e+00 9.198289e-01 1.413941e-01 -3.462385e-04 -2.487783e-04 -2.115631e-04 -2.529588e-04
 7965.193725 7.888661e-01 1.292171e+00 9.343399e-01 1.411815e-01 -3.520302e-04 -2.444886e-04 -2.278624e-04 -2.542962e-04
 7967.699217 7.892848e-01 1.295633e+00 9.572137e-01 1.410345e-01 -3.471960e-04 -2.519929e-04 -2.279303e-04 -2.605956e-04
 7970.216901 7.882632e-01 1.296080e+00 9.789223e-01 1.416443e-01 -3.448813e-04 -2.373001e-04 -2.188392e-04 -2.706174e-04
 7972.746777 7.887846e-01 1.298753e+00 1.002191e+00 1.427894e-01 -3.443920e-04 -2.340977e-04 -2.269331e-04 -2.669502e-04
 7975.288845 7.874459e-01 1.298992e+00 1.020873e+00 1.412862e-01 -3.346483e-04 -2.407123e-04 -2.410309e-04 -2.592340e-04
 7977.843105 7.877486e-01 1.301681e+00 1.037477e+00 1.416266e-01 -3.377079e-04 -2.462315e-04 -2.441517e-04 -2.540546e-04
 7980.409556 7.842035e-01 1.297326e+00 1.041637e+00 1.414069e-01 -3.429073e-04 -2.529467e-04 -2.350110e-04 -2.578333e-04
 7982.988200 7.825192e-01 1.296749e+00 1.049171e+00 1.409704e-01 -3.430505e-04 -2.524276e-04 -2.385435e-04 -2.568389e-04
 7985.579035 7.816952e-01 1.297699e+00 1.054192e+00 1.427667e-01 -3.331982e-04 -2.516371e-04 -2.368278e-04 -2.601733e-04
 7988.182062 7.855586e-01 1.306599e+00 1.065355e+00 1.415265e-01 -3.300288e-04 -2.476630e-04 -2.381753e-04 -2.668361e-04
 7990.797282 7.829983e-01 1.304356e+00 1.068411e+00 1.419348e-01 -3.338556e-04 -2.439706e-04 -2.395326e-04 -2.661999e-04
 7993.424693 7.842332e-01 1.307998e+00 1.074708e+00 1.423388e-01 -3.391941e-04 -2.501120e-04 -2.407620e-04 -2.579890e-04
 7996.064296 7.831325e-01 1.308473e+00 1.079146e+00 1.415112e-01 -3.382438e-04 -2.550332e-04 -2.353478e-04 -2.556331e-04
 7998.716091 7.845809e-01 1.313795e+00 1.086614e+00 1.438556e-01 -3.325307e-04 -2.540148e-04 -2.324034e-04 -2.592949e-04
 8001.380078 7.827053e-01 1.312424e+00 1.087347e+00 1.424570e-01 -3.273765e-04 -2.559295e-04 -2.273472e-04 -2.570250e-04
 8004.056256 7.824037e-01 1.313884e+00 1.088287e+00 1.427774e-01 -3.275069e-04 -2.677470e-04 -2.299168e-04 -2.520638e-04
 8006.744627 7.819462e-01 1.315582e+00 1.087329e+00 1.430446e-01 -3.326511e-04 -2.775080e-04 -2.248443e-04 -2.513204e-04
 8009.445190 7.814085e-01 1.317104e+00 1.084284e+00 1.423220e-01 -3.336928e-04 -2.669458e-04 -2.268451e-04 -2.403631e-04
 8012.157944 7.813500e-01 1.318849e+00 1.083265e+00 1.436010e-01 -3.269145e-04 -2.545501e-04 -2.141194e-04 -2.439039e-04
 8014.882891 7.799965e-01 1.318649e+00 1.079095e+00 1.433637e-01 -3.394874e-04 -2.581362e-04 -2.279975e-04 -2.607432e-04
 8017.620029 7.813477e-01 1.323518e+00 1.079306e+00 1.431925e-01 -3.528984e-04 -2.568454e-04 -2.242141e-04 -2.537314e-04
 8020.369359 7.791872e-01 1.322006e+00 1.076479e+00 1.426951e-01 -3.449058e-04 -2.545673e-04 -2.166743e-04 -2.495449e-04
 8023.130881 7.797971e-01 1.325079e+00 1.077911e+00 1.436221e-01 -3.395164e-04 -2.516970e-04 -2.282645e-04 -2.607470e-04
 8025.904595 7.787466e-01 1.325981e+00 1.078196e+00 1.440389e-01 -3.406350e-04 -2.582233e-04 -2.295208e-04 -2.490899e-04
 8028.690501 7.788690e-01 1.328735e+00 1.078569e+00 1.433817e-01 -3.420943e-04 -2.623408e-04 -2.332370e-04 -2.490262e-04
 8031.488599 7.780395e-01 1.329268e+00 1.076295e+00 1.444268e-01 -3.429386e-04 -2.562311e-04 -2.185822e-04 -2.413385e-04
 8034.298889 7.772103e-01 1.330074e+00 1.073520e+00 1.438372e-01 -3.408527e-04 -2.597812e-04 -2.203443e-04 -2.457166e-04
 8037.121371 7.776524e-01 1.333265e+00 1.072039e+00 1.437911e-01 -3.490333e-04 -2.612128e-04 -2.343948e-04 -2.505652e-04
 8039.956044 7.758668e-01 1.332681e+00 1.068308e+00 1.440201e-01 -3.506594e-04 -2.556221e-04 -2.260522e-04 -2.447576e-04
 8042.802910 7.763675e-01 1.335760e+00 1.069506e+00 1.439860e-01 -3.483187e-04 -2.549058e-04 -2.256543e-04 -2.545297e-04
 8045.661967 7.747869e-01 1.335400e+00 1.071191e+00 1.439015e-01 -3.450048e-04 -2.622189e-04 -2.337882e-04 -2.556908e-04
 8048.533217 7.742973e-01 1.336918e+00 1.077133e+00 1.435117e-01 -3.369793e-04 -2.704070e-04 -2.319318e-04 -2.567415e-04
 8051.416658 7.713994e-01 1.334330e+00 1.082194e+00 1.443030e-01 -3.379243e-04 -2.630625e-04 -2.220717e-04 -2.581372e-04
 8054.312291 7.526278e-01 1.304452e+00 1.067647e+00 1.416427e-01 -3.356883e-04 -2.672740e-04 -2.276320e-04 -2.547979e-04
 8057.220116 7.671514e-01 1.331875e+00 1.101432e+00 1.429696e-01 -3.336780e-04 -2.673535e-04 -2.222313e-04 -2.496413e-04
 8060.140133 7.749375e-01 1.347563e+00 1.124831e+00 1.438017e-01 -3.409560e-04 -2.649902e-04 -2.128331e-04 -2.532226e-04
 8063.072342 7.745016e-01 1.349224e+00 1.136822e+00 1.447727e-01 -3.419799e-04 -2.711274e-04 -2.159880e-04 -2.444309e-04
 8066.016743 7.729418e-01 1.349390e+00 1.143726e+00 1.443412e-01 -3.364900e-04 -2.658094e-04 -2.284233e-04 -2.384515e-04
 8068.973335 7.723649e-01 1.350562e+00 1.149003e+00 1.439658e-01 -3.364846e-04 -2.614063e-04 -2.319144e-04 -2.292062e-04
 8071.942120 7.706811e-01 1.349807e+00 1.151724e+00 1.444300e-01 -3.434658e-04 -2.677025e-04 -2.222037e-04 -2.268948e-04
 8074.923096 7.709620e-01 1.352841e+00 1.156391e+00 1.448573e-01 -3.440959e-04 -2.644538e-04 -2.275092e-04 -2.243011e-04
 8077.916265 7.697211e-01 1.353199e+00 1.161601e+00 1.444630e-01 -3.464802e-04 -2.578861e-04 -2.260218e-04 -2.427961e-04
 8080.921625 7.691104e-01 1.354882e+00 1.170255e+00 1.444527e-01 -3.372431e-04 -2.561335e-04 -2.155325e-04 -2.440508e-04
 8083.939177 7.690469e-01 1.357002e+00 1.183561e+00 1.454540e-01 -3.314426e-04 -2.576706e-04 -2.141330e-04 -2.390033e-04
 8086.968921 7.665477e-01 1.354989e+00 1.192939e+00 1.444124e-01 -3.370354e-04 -2.623634e-04 -2.102192e-04 -2.295601e-04
 8090.010858 7.577409e-01 1.341927e+00 1.189524e+00 1.434993e-01 -3.324036e-04 -2.662680e-04 -2.032111e-04 -2.347504e-04
 8093.064985 7.483166e-01 1.327562e+00 1.181948e+00 1.422067e-01 -3.300954e-04 -2.672581e-04 -2.075919e-04 -2.314725e-04
 8096.131305 7.683471e-01 1.366106e+00 1.219043e+00 1.457910e-01 -3.301180e-04 -2.745304e-04 -2.078617e-04 -2.410571e-04
 8099.209817 7.687779e-01 1.369198e+00 1.224901e+00 1.460262e-01 -3.276546e-04 -2.747214e-04 -2.209951e-04 -2.571510e-04
 8102.300521 7.664858e-01 1.367342e+00 1.226393e+00 1.457674e-01 -3.333302e-04 -2.641808e-04 -2.171167e-04 -2.519305e-04
 8105.403416 7.662608e-01 1.369415e+00 1.231430e+00 1.464014e-01 -3.406655e-04 -2.554875e-04 -2.055129e-04 -2.388060e-04
 8108.518504 7.659784e-01 1.372021e+00 1.235175e+00 1.459260e-01 -3.432409e-04 -2.463971e-04 -2.101516e-04 -2.329248e-04
 8111.645783 7.652292e-01 1.373107e+00 1.237478e+00 1.461134e-01 -3.398001e-04 -2.403272e-04 -2.072073e-04 -2.381791e-04
 8114.785255 7.646999e-01 1.374333e+00 1.239446e+00 1.458757e-01 -3.476594e-04 -2.366934e-04 -2.136145e-04 -2.458831e-04
 8117.936918 7.638523e-01 1.375712e+00 1.239876e+00 1.462373e-01 -3.521692e-04 -2.479858e-04 -2.100178e-04 -2.494933e-04
 8121.100773 7.642626e-01 1.379020e+00 1.242341e+00 1.459420e-01 -3.449405e-04 -2.637627e-04 -2.150604e-04 -2.498710e-04
 8124.276820 7.630051e-01 1.379427e+00 1.241845e+00 1.460605e-01 -3.489589e-04 -2.585306e-04 -2.105168e-04 -2.547962e-04
 8127.465059 7.620224e-01 1.380376e+00 1.241656e+00 1.460652e-01 -3.475359e-04 -2.615502e-04 -2.125559e-04 -2.607204e-04
 8130.665490 7.622925e-01 1.383623e+00 1.244578e+00 1.464123e-01 -3.455915e-04 -2.535752e-04 -2.139084e-04 -2.509556e-04
 8133.878112 7.611069e-01 1.383523e+00 1.244744e+00 1.468312e-01 -3.484959e-04 -2.569910e-04 -2.159632e-04 -2.452863e-04
 8137.102927 7.601286e-01 1.384662e+00 1.246374e+00 1.465078e-01 -3.516201e-04 -2.618400e-04 -2.132792e-04 -2.450742e-04
 8140.339934 7.602302e-01 1.387830e+00 1.249581e+00 1.466612e-01 -3.410035e-04 -2.659223e-04 -2.095181e-04 -2.491080e-04
 8143.589132 7.591198e-01 1.387922e+00 1.250580e+00 1.466435e-01 -3.415636e-04 -2.636608e-04 -2.103492e-04 -2.511302e-04
 8146.850523 7.589001e-01 1.390625e+00 1.253534e+00 1.468882e-01 -3.480506e-04 -2.590867e-04 -2.091061e-04 -2.629127e-04
 8150.124105 7.586283e-01 1.393235e+00 1.258407e+00 1.469969e-01 -3.487113e-04 -2.495973e-04 -2.212147e-04 -2.641889e-04
 8153.409879 7.577239e-01 1.393947e+00 1.263773e+00 1.466668e-01 -3.447872e-04 -2.485568e-04 -2.121833e-04 -2.542333e-04
 8156.707845 7.573390e-01 1.395438e+00 1.270516e+00 1.466640e-01 -3.465720e-04 -2.466701e-04 -2.078016e-04 -2.614468e-04
 8160.018003 7.570171e-01 1.398083e+00 1.279856e+00 1.475883e-01 -3.395209e-04 -2.466651e-04 -2.047491e-04 -2.782578e-04
 8163.340353 7.557269e-01 1.398207e+00 1.289188e+00 1.473951e-01 -3.435608e-04 -2.389269e-04 -1.961150e-04 -2.788029e-04
 8166.674895 7.560356e-01 1.401936e+00 1.299883e+00 1.478717e-01 -3.431725e-04 -2.398528e-04 -2.005749e-04 -2.647932e-04
 8170.021629 7.546269e-01 1.402049e+00 1.307458e+00 1.473094e-01 -3.441982e-04 -2.425901e-04 -2.045516e-04 -2.563516e-04
 8173.380554 7.537351e-01 1.402706e+00 1.313844e+00 1.471401e-01 -3.516169e-04 -2.416452e-04 -2.060899e-04 -2.552800e-04
 8176.751672 7.538586e-01 1.406017e+00 1.321266e+00 1.481280e-01 -3.514582e-04 -2.429447e-04 -2.004031e-04 -2.527430e-04
 8180.134982 7.526576e-01 1.406348e+00 1.326221e+00 1.476068e-01 -3.433386e-04 -2.380875e-04 -2.017472e-04 -2.422980e-04
 8183.530483 7.523523e-01 1.408451e+00 1.331092e+00 1.479955e-01 -3.408873e-04 -2.468093e-04 -2.079462e-04 -2.493793e-04
 8186.938176 7.517981e-01 1.410441e+00 1.335666e+00 1.478717e-01 -3.390456e-04 -2.489118e-04 -2.162818e-04 -2.587879e-04
 8190.358061 7.509161e-01 1.411721e+00 1.340392e+00 1.479191e-01 -3.332235e-04 -2.478925e-04 -2.065798e-04 -2.639727e-04
 8193.790139 7.502339e-01 1.412805e+00 1.346995e+00 1.483102e-01 -3.282538e-04 -2.453073e-04 -2.089588e-04 -2.596669e-04
 8197.234408 7.502451e-01 1.415858e+00 1.355743e+00 1.482127e-01 -3.293245e-04 -2.448735e-04 -2.101805e-04 -2.641126e-04
 8200.690868 7.492098e-01 1.416974e+00 1.363676e+00 1.483259e-01 -3.298648e-04 -2.407574e-04 -1.990218e-04 -2.744528e-04
 8204.159521 7.491014e-01 1.419597e+00 1.373443e+00 1.483828e-01 -3.377021e-04 -2.521803e-04 -2.004828e-04 -2.751544e-04
 8207.640366 7.483030e-01 1.420820e+00 1.381534e+00 1.479759e-01 -3.399953e-04 -2.496909e-04 -1.990359e-04 -2.723749e-04
 8211.133403 7.471707e-01 1.421236e+00 1.386470e+00 1.480762e-01 -3.363025e-04 -2.494675e-04 -1.992968e-04 -2.642926e-04
 8214.638631 7.470158e-01 1.424058e+00 1.394226e+00 1.480119e-01 -3.320768e-04 -2.414481e-04 -1.899277e-04 -2.592821e-04
 8218.156052 7.465753e-01 1.425976e+00 1.402840e+00 1.487179e-01 -3.325345e-04 -2.429472e-04 -1.885823e-04 -2.583841e-04
 8221.685664 7.457221e-01 1.427305e+00 1.409735e+00 1.492679e-01 -3.348152e-04 -2.463425e-04 -1.928673e-04 -2.708173e-04
 8225.227468 7.452164e-01 1.428965e+00 1.416531e+00 1.489588e-01 -3.320507e-04 -2.466832e-04 -1.934217e-04 -2.759652e-04
 8228.781465 7.449205e-01 1.431349e+00 1.423214e+00 1.493183e-01 -3.372665e-04 -2.409314e-04 -1.991689e-04 -2.707030e-04
 8232.347653 7.440429e-01 1.432495e+00 1.427284e+00 1.486037e-01 -3.436442e-04 -2.434560e-04 -1.945040e-04 -2.611261e-04
 8235.926033 7.432255e-01 1.434047e+00 1.432135e+00 1.487935e-01 -3.377756e-04 -2.365263e-04 -2.063094e-04 -2.628907e-04
 8239.516605 7.424683e-01 1.435435e+00 1.436129e+00 1.488603e-01 -3.460861e-04 -2.358659e-04 -2.012163e-04 -2.573651e-04
 8243.119369 7.421220e-01 1.437856e+00 1.439877e+00 1.486167e-01 -3.492762e-04 -2.495568e-04 -1.990454e-04 -2.636435e-04
 8246.734324 7.412512e-01 1.438852e+00 1.441227e+00 1.495000e-01 -3.491829e-04 -2.485637e-04 -2.104582e-04 -2.566961e-04
 8250.361472 7.407002e-01 1.440972e+00 1.444104e+00 1.488230e-01 -3.537323e-04 -2.544378e-04 -2.063956e-04 -2.582427e-04
 8254.000811 7.406112e-01 1.443998e+00 1.446980e+00 1.493983e-01 -3.596685e-04 -2.522926e-04 -2.091825e-04 -2.628460e-04
 8257.652343 7.394678e-01 1.444924e+00 1.447693e+00 1.503728e-01 -3.578301e-04 -2.458164e-04 -2.015490e-04 -2.560159e-04
 8261.316066 7.385166e-01 1.445295e+00 1.449159e+00 1.503368e-01 -3.589618e-04 -2.351568e-04 -2.021401e-04 -2.521364e-04
 8264.991982 7.381206e-01 1.447779e+00 1.452836e+00 1.495757e-01 -3.570570e-04 -2.389539e-04 -2.083198e-04 -2.595811e-04
 8268.680089 7.371008e-01 1.449247e+00 1.457732e+00 1.501632e-01 -3.559748e-04 -2.299904e-04 -2.088339e-04 -2.535251e-04
 8272.380388 7.362540e-01 1.450475e+00 1.464831e+00 1.499703e-01 -3.509960e-04 -2.340701e-04 -2.156529e-04 -2.579463e-04
 8276.092879 7.341067e-01 1.449477e+00 1.469725e+00 1.495467e-01 -3.500957e-04 -2.445497e-04 -2.148454e-04 -2.646780e-04
 8279.817562 7.341208e-01 1.452325e+00 1.479454e+00 1.502583e-01 -3.531371e-04 -2.492290e-04 -2.116236e-04 -2.630720e-04
 8283.554437 7.344305e-01 1.455583e+00 1.490258e+00 1.500036e-01 -3.518537e-04 -2.406342e-04 -2.170902e-04 -2.683629e-04
 8287.303503 7.340432e-01 1.458018e+00 1.499361e+00 1.508774e-01 -3.405109e-04 -2.412448e-04 -2.168685e-04 -2.722394e-04
 8291.064762 7.334795e-01 1.460038e+00 1.508033e+00 1.507743e-01 -3.414126e-04 -2.490061e-04 -2.131403e-04 -2.807190e-04
 8294.838213 7.329241e-01 1.461766e+00 1.516603e+00 1.497287e-01 -3.401352e-04 -2.423773e-04 -2.052976e-04 -2.826899e-04
 8298.623855 7.319656e-01 1.462820e+00 1.523117e+00 1.511993e-01 -3.422683e-04 -2.425460e-04 -2.070868e-04 -2.715734e-04
 8302.421689 7.312719e-01 1.464447e+00 1.530499e+00 1.512105e-01 -3.482206e-04 -2.551799e-04 -2.103017e-04 -2.604857e-04
 8306.231716 7.313222e-01 1.467841e+00 1.539586e+00 1.513866e-01 -3.469129e-04 -2.581514e-04 -2.166409e-04 -2.683047e-04
 8310.053934 7.297748e-01 1.467913e+00 1.544174e+00 1.508338e-01 -3.453284e-04 -2.562517e-04 -2.143338e-04 -2.732560e-04
 8313.888344 7.296264e-01 1.470857e+00 1.552530e+00 1.514463e-01 -3.413460e-04 -2.487332e-04 -2.140703e-04 -2.672906e-04
 8317.734946 7.293973e-01 1.473442e+00 1.559732e+00 1.508130e-01 -3.526274e-04 -2.483814e-04 -2.105943e-04 -2.693220e-04
 8321.593740 7.277010e-01 1.472530e+00 1.564281e+00 1.521770e-01 -3.593426e-04 -2.393606e-04 -2.171008e-04 -2.763181e-04
 8325.464726 7.274948e-01 1.475796e+00 1.573009e+00 1.516106e-01 -3.556521e-04 -2.401840e-04 -2.143746e-04 -2.778716e-04
 8329.347903 7.266575e-01 1.477020e+00 1.578821e+00 1.514881e-01 -3.514032e-04 -2.391106e-04 -2.145209e-04 -2.806257e-04
 8333.243273 7.259986e-01 1.478689e+00 1.585647e+00 1.523477e-01 -3.555446e-04 -2.378043e-04 -2.160919e-04 -2.846276e-04
 8337.150835 7.251525e-01 1.480148e+00 1.592620e+00 1.522567e-01 -3.491130e-04 -2.467999e-04 -2.166343e-04 -2.759191e-04
 8341.070588 7.236609e-01 1.480307e+00 1.597325e+00 1.516300e-01 -3.476601e-04 -2.505489e-04 -2.276077e-04 -2.673892e-04
 8345.002533 7.234289e-01 1.482696e+00 1.606371e+00 1.523136e-01 -3.474090e-04 -2.459737e-04 -2.188747e-04 -2.670097e-04
 8348.946671 7.217557e-01 1.482220e+00 1.610729e+00 1.513110e-01 -3.537275e-04 -2.438404e-04 -2.193219e-04 -2.586488e-04
 8352.903000 7.207035e-01 1.483563e+00 1.616888e+00 1.521402e-01 -3.618397e-04 -2.446876e-04 -2.184193e-04 -2.634710e-04
 8356.871521 7.198941e-01 1.485488e+00 1.623608e+00 1.519527e-01 -3.588729e-04 -2.528813e-04 -2.199780e-04 -2.705039e-04
 8360.852234 7.186880e-01 1.485868e+00 1.629027e+00 1.519773e-01 -3.540726e-04 -2.511672e-04 -2.141407e-04 -2.674547e-04
 8364.845139 7.185486e-01 1.489108e+00 1.636903e+00 1.516973e-01 -3.591323e-04 -2.532414e-04 -2.303456e-04 -2.709662e-04
 8368.850236 7.183540e-01 1.491684e+00 1.644259e+00 1.521109e-01 -3.624750e-04 -2.540733e-04 -2.161270e-04 -2.760776e-04
 8372.867524 7.173946e-01 1.492972e+00 1.650241e+00 1.521395e-01 -3.570311e-04 -2.560264e-04 -2.149333e-04 -2.766421e-04
 8376.897005 7.169462e-01 1.495384e+00 1.655633e+00 1.524953e-01 -3.530910e-04 -2.488102e-04 -2.023036e-04 -2.732186e-04
 8380.938678 7.163334e-01 1.497309e+00 1.661424e+00 1.524961e-01 -3.501794e-04 -2.428360e-04 -2.034054e-04 -2.654403e-04
 8384.992542 7.149914e-01 1.497433e+00 1.665870e+00 1.529863e-01 -3.393555e-04 -2.507686e-04 -2.168686e-04 -2.591654e-04
 8389.058598 7.150503e-01 1.501412e+00 1.674200e+00 1.529437e-01 -3.344089e-04 -2.509511e-04 -2.186109e-04 -2.625243e-04
 8393.136847 7.137889e-01 1.501625e+00 1.678959e+00 1.525578e-01 -3.256661e-04 -2.472723e-04 -2.245188e-04 -2.640689e-04
 8397.227287 7.131225e-01 1.503500e+00 1.685449e+00 1.526168e-01 -3.322697e-04 -2.548908e-04 -2.238199e-04 -2.690975e-04
 8401.329919 7.123008e-01 1.505219e+00 1.692064e+00 1.529669e-01 -3.395264e-04 -2.572864e-04 -2.151280e-04 -2.532876e-04
 8405.444743 7.117377e-01 1.507242e+00 1.699070e+00 1.529157e-01 -3.432382e-04 -2.631516e-04 -2.211165e-04 -2.613883e-04
 8409.571759 7.108081e-01 1.508100e+00 1.704495e+00 1.529504e-01 -3.427606e-04 -2.608673e-04 -2.264868e-04 -2.645732e-04
 8413.710967 7.103253e-01 1.510062e+00 1.711720e+00 1.529643e-01 -3.449377e-04 -2.618945e-04 -2.235977e-04 -2.678334e-04
 8417.862366 7.102911e-01 1.514195e+00 1.721935e+00 1.534398e-01 -3.493763e-04 -2.625254e-04 -2.231802e-04 -2.597022e-04
 8422.025958 7.096666e-01 1.515972e+00 1.730687e+00 1.535255e-01 -3.455134e-04 -2.567846e-04 -2.201699e-04 -2.672033e-04
 8426.201742 7.088295e-01 1.517290e+00 1.738336e+00 1.536515e-01 -3.408189e-04 -2.609394e-04 -2.226082e-04 -2.622149e-04
 8430.389717 7.079810e-01 1.518516e+00 1.745287e+00 1.537724e-01 -3.413251e-04 -2.578511e-04 -2.252169e-04 -2.649392e-04
 8434.589884 7.077372e-01 1.521547e+00 1.754578e+00 1.539010e-01 -3.419239e-04 -2.556879e-04 -2.230446e-04 -2.618952e-04
 8438.802244 7.067678e-01 1.522918e+00 1.761909e+00 1.538264e-01 -3.456553e-04 -2.568804e-04 -2.268897e-04 -2.682611e-04
 8443.026795 7.061106e-01 1.525406e+00 1.770102e+00 1.535971e-01 -3.424829e-04 -2.450702e-04 -2.200395e-04 -2.647021e-04
 8447.263538 7.047477e-01 1.525603e+00 1.776222e+00 1.535090e-01 -3.499157e-04 -2.526496e-04 -2.259254e-04 -2.954061e-04
 8451.512473 7.039792e-01 1.527409e+00 1.785978e+00 1.541988e-01 -3.502720e-04 -2.520800e-04 -2.236343e-04 -3.059935e-04
 8455.773600 7.031053e-01 1.528573e+00 1.792238e+00 1.542338e-01 -3.478188e-04 -2.406090e-04 -2.293701e-04 -3.125769e-04
 8460.046919 7.022333e-01 1.529940e+00 1.799342e+00 1.540609e-01 -3.399169e-04 -2.479801e-04 -2.220336e-04 -3.137662e-04
 8464.332429 7.015859e-01 1.532020e+00 1.808176e+00 1.541571e-01 -3.360648e-04 -2.585429e-04 -2.172805e-04 -2.940766e-04
 8468.630132 7.005514e-01 1.533089e+00 1.815305e+00 1.550952e-01 -3.428251e-04 -2.519100e-04 -2.135454e-04 -2.624247e-04
 8472.940026 7.002414e-01 1.536003e+00 1.824721e+00 1.544228e-01 -3.506971e-04 -2.473163e-04 -2.204798e-04 -2.557491e-04
 8477.262113 6.992061e-01 1.537004e+00 1.831660e+00 1.546533e-01 -3.419548e-04 -2.455302e-04 -2.219459e-04 -2.638226e-04
 8481.596391 6.988558e-01 1.539621e+00 1.841068e+00 1.549715e-01 -3.394368e-04 -2.477825e-04 -2.252729e-04 -3.000274e-04
 8485.942861 6.978174e-01 1.540961e+00 1.848855e+00 1.547706e-01 -3.402017e-04 -2.571459e-04 -2.179831e-04 -3.074202e-04
 8490.301524 6.968297e-01 1.542060e+00 1.856262e+00 1.546193e-01 -3.456367e-04 -2.608639e-04 -2.193223e-04 -3.113513e-04
 8494.672378 6.960341e-01 1.543567e+00 1.864357e+00 1.542552e-01 -3.405641e-04 -2.601773e-04 -2.225760e-04 -3.077916e-04
 8499.055424 6.953876e-01 1.545598e+00 1.872989e+00 1.548930e-01 -3.370320e-04 -2.604753e-04 -2.320110e-04 -3.010606e-04
 8503.450662 6.940705e-01 1.546165e+00 1.878632e+00 1.549702e-01 -3.375393e-04 -2.532235e-04 -2.345327e-04 -3.067581e-04
 8507.858091 6.924815e-01 1.545903e+00 1.883724e+00 1.548628e-01 -3.288926e-04 -2.513866e-04 -2.149399e-04 -2.954820e-04
 8512.277713 6.893364e-01 1.542367e+00 1.885263e+00 1.552840e-01 -3.262767e-04 -2.609257e-04 -2.272704e-04 -2.981659e-04
 8516.709527 6.572273e-01 1.473884e+00 1.807420e+00 1.507091e-01 -3.313923e-04 -2.644935e-04 -2.257112e-04 -3.046881e-04
 8521.153532 6.471256e-01 1.454573e+00 1.789641e+00 1.458652e-01 -3.384624e-04 -2.649008e-04 -2.275105e-04 -3.003346e-04
 8525.609730 6.899310e-01 1.553681e+00 1.914286e+00 1.544179e-01 -3.425091e-04 -2.675104e-04 -2.200710e-04 -2.739649e-04
 8530.078119 6.905362e-01 1.558559e+00 1.924711e+00 1.545260e-01 -3.353225e-04 -2.662698e-04 -2.257193e-04 -2.692145e-04
 8534.558700 6.900570e-01 1.560947e+00 1.933233e+00 1.552985e-01 -3.307378e-04 -2.612510e-04 -2.418248e-04 -2.592048e-04
 8539.051473 6.894663e-01 1.563118e+00 1.941852e+00 1.553235e-01 -3.318519e-04 -2.577212e-04 -2.415523e-04 -2.604815e-04
 8543.556438 6.881910e-01 1.563521e+00 1.948645e+00 1.557586e-01 -3.434510e-04 -2.631716e-04 -2.361992e-04 -2.624590e-04
 8548.073595 6.873120e-01 1.564914e+00 1.955965e+00 1.556468e-01 -3.429997e-04 -2.757658e-04 -2.283740e-04 -2.546197e-04
 8552.602944 6.860984e-01 1.565535e+00 1.963089e+00 1.557758e-01 -3.395145e-04 -2.735338e-04 -2.305774e-04 -2.586619e-04
 8557.144485 6.855011e-01 1.567843e+00 1.971127e+00 1.561660e-01 -3.416517e-04 -2.672710e-04 -2.355390e-04 -2.528566e-04
 8561.698218 6.846591e-01 1.569261e+00 1.978874e+00 1.561297e-01 -3.382165e-04 -2.646474e-04 -2.307332e-04 -2.492567e-04
 8566.264142 6.835547e-01 1.569890e+00 1.986063e+00 1.561806e-01 -3.446506e-04 -2.552254e-04 -2.277130e-04 -2.537486e-04
 8570.842259 6.827106e-01 1.571584e+00 1.993774e+00 1.561814e-01 -3.387223e-04 -2.574755e-04 -2.284806e-04 -2.578985e-04
 8575.432567 6.817724e-01 1.573380e+00 2.001346e+00 1.563160e-01 -3.448404e-04 -2.578574e-04 -2.276581e-04 -2.539419e-04
 8580.035068 6.808521e-01 1.574509e+00 2.008476e+00 1.568362e-01 -3.504323e-04 -2.539291e-04 -2.197862e-04 -2.609103e-04
 8584.649760 6.797015e-01 1.575512e+00 2.016408e+00 1.563796e-01 -3.550517e-04 -2.482112e-04 -2.151847e-04 -2.588117e-04
 8589.276644 6.783692e-01 1.576157e+00 2.023621e+00 1.562932e-01 -3.448549e-04 -2.489428e-04 -2.298499e-04 -2.482837e-04
 8593.915720 6.768684e-01 1.576350e+00 2.030243e+00 1.559956e-01 -3.456715e-04 -2.604243e-04 -2.321241e-04 -2.594249e-04
 8598.566988 6.752701e-01 1.575800e+00 2.036672e+00 1.560414e-01 -3.400297e-04 -2.612683e-04 -2.236468e-04 -2.606138e-04
 8603.230448 6.730895e-01 1.574406e+00 2.041250e+00 1.560927e-01 -3.371894e-04 -2.531171e-04 -2.278813e-04 -2.535819e-04
 8607.906100 6.689233e-01 1.568075e+00 2.039549e+00 1.553481e-01 -3.436494e-04 -2.561626e-04 -2.292003e-04 -2.567628e-04
 8612.593943 6.466037e-01 1.519219e+00 1.982663e+00 1.507546e-01 -3.498627e-04 -2.621908e-04 -2.236950e-04 -2.662349e-04
 8617.293979 6.076282e-01 1.430823e+00 1.875679e+00 1.426671e-01 -3.509144e-04 -2.556419e-04 -2.221385e-04 -2.563997e-04
 8622.006206 6.825502e-01 1.610120e+00 2.113265e+00 1.589175e-01 -3.479628e-04 -2.567151e-04 -2.251249e-04 -2.524415e-04
 8626.730626 6.806926e-01 1.609722e+00 2.119342e+00 1.588016e-01 -3.506447e-04 -2.565596e-04 -2.094975e-04 -2.368729e-04
 8631.467237 6.777819e-01 1.606549e+00 2.121862e+00 1.584916e-01 -3.548788e-04 -2.542047e-04 -2.115619e-04 -2.393811e-04
 8636.216040 6.759647e-01 1.605941e+00 2.127453e+00 1.582974e-01 -3.472984e-04 -2.518241e-04 -2.119393e-04 -2.469267e-04
 8640.977036 6.746381e-01 1.606409e+00 2.134580e+00 1.583839e-01 -3.457095e-04 -2.488247e-04 -2.046336e-04 -2.478412e-04
 8645.750223 6.733858e-01 1.607302e+00 2.141775e+00 1.584335e-01 -3.427682e-04 -2.524150e-04 -2.031349e-04 -2.798765e-04
 8650.535602 6.724528e-01 1.608868e+00 2.150321e+00 1.586507e-01 -3.425223e-04 -2.546706e-04 -2.056567e-04 -2.925256e-04
 8655.333172 6.715321e-01 1.610136e+00 2.158831e+00 1.586705e-01 -3.430280e-04 -2.462394e-04 -2.121502e-04 -2.694974e-04
 8660.142935 6.705916e-01 1.611563e+00 2.167651e+00 1.585232e-01 -3.473376e-04 -2.435539e-04 -2.127142e-04 -2.586183e-04
 8664.964890 6.692944e-01 1.612225e+00 2.174679e+00 1.585017e-01 -3.469866e-04 -2.400588e-04 -2.101675e-04 -2.535605e-04
 8669.799037 5.985369e-01 1.444793e+00 1.953736e+00 1.416908e-01 -3.081535e-04 -2.163042e-04 -1.932668e-04 -2.349394e-04
 8674.645375 9.027717e-02 2.181223e-01 2.952430e-01 2.134813e-02 -4.635769e-05 -3.369797e-05 -2.974926e-05 -3.581726e-05
