# Facility: NSLS-II
# Beamline: QAS
# Year: 2022
# Cycle: 2
# SAF: 309337
# PI: Li
# Proposal: 309890
# Scan ID: 26138
# UID: b9c79da2-5df3-49e7-82dc-dbffcaf95ed5
# Comment: 
# Start time: 06/10/2022  07:32:13
# Stop time: 06/10/2022  07:32:44
# Total time: 00:31
# Trajectory name: Co-30s-7709.txt
# Element: Cobalt ( 27)
# Edge: K
# E0: 7709
# Reference Foil Element: Co
# Keithley Gains I0: 1E7 V/A It: 1E7 V/A Iref: 1E8 V/A PIPS: 1E8 V/A 
# Ion Chamber Gas Flow Rates: I0: 29.80 sccm He + 69.70 sccm N2 + 0.00 sccm Ar 
# Ion Chamber Gas Flow Rates: It&Iref: 79.80 sccm N2 + 20.10 sccm Ar
# Incident Beam Path Vertical: -27.48 mm
# Incident Slits Positions B: TOP: 1.0 mm Bottom: -1.0 mm Inboard: -1.5 mm Outboard: 1.5 mm
# Sample Stage Positions: Rotation: 45.0 deg Horizontal: 25.26 mm Vertical: -26.52 mm Beam Direction: 0.00 mm
# PerkinElmer Vertical Position: 500.00 mm
# Front End Mirror Horizontal Positions: Up: 14.00 mm Down: 14.00 mm
#
# energy  i0  it  ir  iff  aux1  aux2  aux3  aux4
 7517.895413 4.327770e-01 5.202306e-01 1.256915e+00 5.340165e-02 -1.795943e-04 -1.405742e-04 -1.126041e-04 -1.345385e-04
 7522.895413 8.554070e-01 1.030689e+00 2.494231e+00 1.057013e-01 -3.565539e-04 -2.700897e-04 -2.320557e-04 -2.581575e-04
 7527.895413 8.623494e-01 1.042920e+00 2.529705e+00 1.067605e-01 -3.538116e-04 -2.646767e-04 -2.382688e-04 -2.587138e-04
 7532.895413 8.620505e-01 1.046596e+00 2.545254e+00 1.069967e-01 -3.488693e-04 -2.607168e-04 -2.312202e-04 -2.676234e-04
 7537.895413 8.613897e-01 1.049662e+00 2.559599e+00 1.072276e-01 -3.440174e-04 -2.591628e-04 -2.329217e-04 -2.670420e-04
 7542.895413 8.595478e-01 1.051334e+00 2.569719e+00 1.075104e-01 -3.444724e-04 -2.612657e-04 -2.344452e-04 -2.592740e-04
 7547.895413 8.591981e-01 1.054925e+00 2.586002e+00 1.078127e-01 -3.436354e-04 -2.535504e-04 -2.339664e-04 -2.512538e-04
 7552.895413 8.580439e-01 1.057463e+00 2.598945e+00 1.079330e-01 -3.441021e-04 -2.623165e-04 -2.257619e-04 -2.451251e-04
 7557.895413 8.570056e-01 1.060024e+00 2.611746e+00 1.080408e-01 -3.397177e-04 -2.676954e-04 -2.208348e-04 -2.489688e-04
 7562.895413 8.564000e-01 1.063223e+00 2.626325e+00 1.083541e-01 -3.369014e-04 -2.652940e-04 -2.223390e-04 -2.520594e-04
 7567.895413 8.540035e-01 1.064068e+00 2.635229e+00 1.083916e-01 -3.450192e-04 -2.661598e-04 -2.240877e-04 -2.557610e-04
 7572.895413 8.514739e-01 1.064946e+00 2.643531e+00 1.084616e-01 -3.535797e-04 -2.719586e-04 -2.320448e-04 -2.678251e-04
 7577.895413 8.518537e-01 1.069833e+00 2.662253e+00 1.085661e-01 -3.553109e-04 -2.666846e-04 -2.289441e-04 -2.687561e-04
 7582.895413 8.517677e-01 1.073767e+00 2.679236e+00 1.088272e-01 -3.464374e-04 -2.645225e-04 -2.258936e-04 -2.726831e-04
 7587.895413 8.511384e-01 1.077174e+00 2.694921e+00 1.090158e-01 -3.491498e-04 -2.611261e-04 -2.246425e-04 -2.712966e-04
 7592.895413 8.503316e-01 1.080283e+00 2.709025e+00 1.093324e-01 -3.446741e-04 -2.645782e-04 -2.145026e-04 -2.775556e-04
 7597.895413 8.484876e-01 1.082058e+00 2.720383e+00 1.093616e-01 -3.516226e-04 -2.696282e-04 -2.138583e-04 -2.810437e-04
 7602.895413 8.471966e-01 1.084541e+00 2.733850e+00 1.095316e-01 -3.515224e-04 -2.730851e-04 -2.245631e-04 -2.652042e-04
 7607.895413 8.477568e-01 1.089418e+00 2.752536e+00 1.099066e-01 -3.524489e-04 -2.679563e-04 -2.286521e-04 -2.653202e-04
 7612.895413 8.470723e-01 1.092686e+00 2.768182e+00 1.100836e-01 -3.503360e-04 -2.626972e-04 -2.286610e-04 -2.671208e-04
 7617.895413 8.464066e-01 1.095961e+00 2.783840e+00 1.102562e-01 -3.406180e-04 -2.754882e-04 -2.352220e-04 -2.628832e-04
 7622.895413 8.460665e-01 1.099607e+00 2.799524e+00 1.102939e-01 -3.432616e-04 -2.709465e-04 -2.214806e-04 -2.620502e-04
 7627.895413 8.447063e-01 1.101813e+00 2.811883e+00 1.107383e-01 -3.526966e-04 -2.727859e-04 -2.233075e-04 -2.616437e-04
 7632.895413 8.429717e-01 1.103316e+00 2.821980e+00 1.107754e-01 -3.507219e-04 -2.800905e-04 -2.220794e-04 -2.635097e-04
 7637.895413 8.426002e-01 1.107122e+00 2.838661e+00 1.107000e-01 -3.476075e-04 -2.734184e-04 -2.247654e-04 -2.693051e-04
 7642.895413 8.424486e-01 1.111442e+00 2.856639e+00 1.112594e-01 -3.492104e-04 -2.651697e-04 -2.287469e-04 -2.616882e-04
 7647.895413 8.404079e-01 1.112831e+00 2.866978e+00 1.112977e-01 -3.507940e-04 -2.766281e-04 -2.268590e-04 -2.617235e-04
 7652.895413 8.395726e-01 1.116002e+00 2.881690e+00 1.116421e-01 -3.522663e-04 -2.747797e-04 -2.277522e-04 -2.554270e-04
 7657.895413 8.391868e-01 1.119497e+00 2.896849e+00 1.116158e-01 -3.513772e-04 -2.668049e-04 -2.311069e-04 -2.563248e-04
 7662.895413 8.394494e-01 1.124160e+00 2.915152e+00 1.119258e-01 -3.509133e-04 -2.766933e-04 -2.302252e-04 -2.599522e-04
 7667.895413 8.388524e-01 1.127472e+00 2.929771e+00 1.119266e-01 -3.478777e-04 -2.753974e-04 -2.243979e-04 -2.583608e-04
 7672.895413 8.385177e-01 1.131395e+00 2.945660e+00 1.122923e-01 -3.476605e-04 -2.787253e-04 -2.323478e-04 -2.608754e-04
 7677.895413 8.374665e-01 1.134320e+00 2.958412e+00 1.125930e-01 -3.525728e-04 -2.820248e-04 -2.307041e-04 -2.607337e-04
 7679.000000 8.366769e-01 1.134147e+00 2.958316e+00 1.121592e-01 -3.527010e-04 -2.784119e-04 -2.289943e-04 -2.580491e-04
 7680.000000 8.371652e-01 1.135652e+00 2.963854e+00 1.124202e-01 -3.428903e-04 -2.807927e-04 -2.266322e-04 -2.592039e-04
 7681.000000 8.345342e-01 1.132850e+00 2.958018e+00 1.126863e-01 -3.396614e-04 -2.806315e-04 -2.459249e-04 -2.649440e-04
 7682.000000 8.335513e-01 1.132325e+00 2.957213e+00 1.119038e-01 -3.389780e-04 -2.820224e-04 -2.437234e-04 -2.513694e-04
 7683.000000 8.230781e-01 1.119278e+00 2.923690e+00 1.112719e-01 -3.403522e-04 -2.758102e-04 -2.413454e-04 -2.558079e-04
 7684.000000 8.075031e-01 1.098685e+00 2.870825e+00 1.088675e-01 -3.358582e-04 -2.800222e-04 -2.450020e-04 -2.560160e-04
 7685.000000 8.331815e-01 1.134120e+00 2.962777e+00 1.125135e-01 -3.281416e-04 -2.796950e-04 -2.315342e-04 -2.428902e-04
 7686.000000 8.413041e-01 1.145923e+00 2.996595e+00 1.142498e-01 -3.490194e-04 -2.822610e-04 -2.287866e-04 -2.470961e-04
 7686.200000 8.510566e-01 1.159027e+00 3.030803e+00 1.154047e-01 -3.564057e-04 -2.816081e-04 -2.277085e-04 -2.476359e-04
 7686.400000 8.401914e-01 1.144281e+00 2.993875e+00 1.093389e-01 -3.445963e-04 -2.870258e-04 -2.207060e-04 -2.452617e-04
 7686.600000 8.368544e-01 1.140440e+00 2.980001e+00 1.122033e-01 -3.479546e-04 -2.821159e-04 -2.151662e-04 -2.476906e-04
 7686.800000 8.289322e-01 1.129897e+00 2.954728e+00 1.121397e-01 -3.453330e-04 -2.718394e-04 -1.945329e-04 -2.588298e-04
 7687.000000 8.365781e-01 1.140733e+00 2.984284e+00 1.130984e-01 -3.434226e-04 -2.764049e-04 -2.198039e-04 -2.598996e-04
 7687.200000 8.429867e-01 1.149762e+00 3.010232e+00 1.142049e-01 -3.471765e-04 -2.792413e-04 -2.448067e-04 -2.716550e-04
 7687.400000 8.354505e-01 1.139262e+00 2.980914e+00 1.112304e-01 -3.562398e-04 -2.830014e-04 -2.211334e-04 -2.670689e-04
 7687.600000 8.397132e-01 1.145037e+00 2.995526e+00 1.147050e-01 -3.519135e-04 -2.839161e-04 -2.246898e-04 -2.631488e-04
 7687.800000 8.408964e-01 1.147023e+00 2.997785e+00 1.152612e-01 -3.482114e-04 -2.859442e-04 -2.315315e-04 -2.635728e-04
 7688.000000 8.349305e-01 1.138841e+00 2.978512e+00 1.129946e-01 -3.449950e-04 -2.808155e-04 -2.207953e-04 -2.564379e-04
 7688.200000 8.425279e-01 1.149587e+00 3.008942e+00 1.121099e-01 -3.553758e-04 -2.765369e-04 -2.224349e-04 -2.633747e-04
 7688.400000 8.366690e-01 1.142174e+00 2.987446e+00 1.163869e-01 -3.597042e-04 -2.762821e-04 -2.386163e-04 -2.708122e-04
 7688.600000 8.365342e-01 1.142431e+00 2.988962e+00 1.141456e-01 -3.495239e-04 -2.761101e-04 -2.406402e-04 -2.666422e-04
 7688.800000 8.371266e-01 1.143357e+00 2.990810e+00 1.111908e-01 -3.493955e-04 -2.752062e-04 -2.333933e-04 -2.600210e-04
 7689.000000 8.400920e-01 1.147360e+00 3.001112e+00 1.121287e-01 -3.427855e-04 -2.852224e-04 -2.343439e-04 -2.525007e-04
 7689.200000 8.416889e-01 1.149281e+00 3.003132e+00 1.118725e-01 -3.391603e-04 -2.685337e-04 -2.053084e-04 -2.412272e-04
 7689.400000 8.375988e-01 1.143406e+00 2.986353e+00 1.157010e-01 -3.394970e-04 -2.704644e-04 -1.992133e-04 -2.651101e-04
 7689.600000 8.337880e-01 1.138464e+00 2.976710e+00 1.147529e-01 -3.422816e-04 -2.775025e-04 -2.028895e-04 -2.727235e-04
 7689.800000 8.343091e-01 1.139800e+00 2.982395e+00 1.125460e-01 -3.494508e-04 -2.779931e-04 -2.161968e-04 -2.736985e-04
 7690.000000 8.373508e-01 1.144240e+00 2.989131e+00 1.132430e-01 -3.515909e-04 -2.758862e-04 -2.107407e-04 -2.632851e-04
 7690.200000 8.324873e-01 1.137868e+00 2.974891e+00 1.134863e-01 -3.451496e-04 -2.736105e-04 -2.369501e-04 -2.723733e-04
 7690.400000 8.458835e-01 1.157119e+00 3.025880e+00 1.123311e-01 -3.446691e-04 -2.743668e-04 -2.362863e-04 -2.619084e-04
 7690.600000 8.341441e-01 1.140628e+00 2.980583e+00 1.136102e-01 -3.411229e-04 -2.622035e-04 -2.337159e-04 -2.619997e-04
 7690.800000 8.294992e-01 1.134664e+00 2.964781e+00 1.130237e-01 -3.438688e-04 -2.709827e-04 -2.195650e-04 -2.631256e-04
 7691.000000 8.367670e-01 1.144845e+00 2.992526e+00 1.140262e-01 -3.446568e-04 -2.830006e-04 -2.226780e-04 -2.581337e-04
 7691.200000 8.442786e-01 1.155277e+00 3.021731e+00 1.146263e-01 -3.407856e-04 -2.772722e-04 -2.153000e-04 -2.464470e-04
 7691.400000 8.345216e-01 1.142016e+00 2.987506e+00 1.141249e-01 -3.392249e-04 -2.684033e-04 -2.164994e-04 -2.458030e-04
 7691.600000 8.412936e-01 1.151242e+00 3.008139e+00 1.157167e-01 -3.478543e-04 -2.652034e-04 -2.150002e-04 -2.476169e-04
 7691.800000 8.406088e-01 1.150301e+00 3.003901e+00 1.111115e-01 -3.478616e-04 -2.726573e-04 -2.160227e-04 -2.459533e-04
 7692.000000 8.294705e-01 1.134860e+00 2.964674e+00 1.132321e-01 -3.535393e-04 -2.698596e-04 -2.086054e-04 -2.519002e-04
 7692.200000 8.428889e-01 1.153926e+00 3.018561e+00 1.143656e-01 -3.614480e-04 -2.712238e-04 -2.057097e-04 -2.590192e-04
 7692.400000 8.317802e-01 1.138774e+00 2.975670e+00 1.115023e-01 -3.634171e-04 -2.778981e-04 -1.995125e-04 -2.549103e-04
 7692.600000 8.437071e-01 1.156015e+00 3.021379e+00 1.154232e-01 -3.656094e-04 -2.722104e-04 -2.196575e-04 -2.538985e-04
 7692.800000 8.370478e-01 1.146591e+00 2.997441e+00 1.162497e-01 -3.637846e-04 -2.765358e-04 -2.399559e-04 -2.626206e-04
 7693.000000 8.382149e-01 1.147981e+00 3.003595e+00 1.136423e-01 -3.588782e-04 -2.765034e-04 -2.371828e-04 -2.600218e-04
 7693.200000 8.391718e-01 1.150062e+00 3.006899e+00 1.116649e-01 -3.519198e-04 -2.730336e-04 -2.288792e-04 -2.473226e-04
 7693.400000 8.343574e-01 1.143151e+00 2.988917e+00 1.130503e-01 -3.529551e-04 -2.735892e-04 -2.333987e-04 -2.402637e-04
 7693.600000 8.352294e-01 1.144338e+00 2.990477e+00 1.119328e-01 -3.455622e-04 -2.858060e-04 -2.220775e-04 -2.282334e-04
 7693.800000 8.387049e-01 1.149481e+00 3.004846e+00 1.144585e-01 -3.382945e-04 -2.843719e-04 -2.263267e-04 -2.358564e-04
 7694.000000 8.412499e-01 1.152765e+00 3.013109e+00 1.155603e-01 -3.496581e-04 -2.906031e-04 -2.259168e-04 -2.535371e-04
 7694.200000 8.383657e-01 1.149206e+00 3.003260e+00 1.138207e-01 -3.433247e-04 -2.862786e-04 -2.313607e-04 -2.380354e-04
 7694.400000 8.362442e-01 1.146913e+00 2.999605e+00 1.123843e-01 -3.419356e-04 -2.845893e-04 -2.230054e-04 -2.330112e-04
 7694.600000 8.275480e-01 1.134474e+00 2.964311e+00 1.119592e-01 -3.364309e-04 -2.751958e-04 -2.334203e-04 -2.512620e-04
 7694.800000 8.398070e-01 1.151870e+00 3.011093e+00 1.120923e-01 -3.433635e-04 -2.764944e-04 -2.270727e-04 -2.560287e-04
 7695.000000 8.387335e-01 1.150470e+00 3.007479e+00 1.139082e-01 -3.430979e-04 -2.876101e-04 -2.252127e-04 -2.377359e-04
 7695.200000 8.368066e-01 1.147590e+00 3.000372e+00 1.143394e-01 -3.440330e-04 -2.799967e-04 -2.187125e-04 -2.357789e-04
 7695.400000 8.372729e-01 1.148483e+00 3.003974e+00 1.122838e-01 -3.457486e-04 -2.729097e-04 -2.251224e-04 -2.358543e-04
 7695.600000 8.247393e-01 1.132021e+00 2.956578e+00 1.132966e-01 -3.439123e-04 -2.699691e-04 -2.187778e-04 -2.348716e-04
 7695.800000 8.327488e-01 1.142695e+00 2.984090e+00 1.118012e-01 -3.418435e-04 -2.746149e-04 -2.117919e-04 -2.219951e-04
 7696.000000 8.473251e-01 1.163307e+00 3.040213e+00 1.145826e-01 -3.372649e-04 -2.777947e-04 -2.215800e-04 -2.341402e-04
 7696.200000 8.343460e-01 1.145529e+00 2.993001e+00 1.143885e-01 -3.487427e-04 -2.729924e-04 -2.365898e-04 -2.376287e-04
 7696.400000 8.370432e-01 1.149205e+00 3.001482e+00 1.106194e-01 -3.469999e-04 -2.749994e-04 -2.690177e-04 -2.534612e-04
 7696.600000 8.315294e-01 1.141855e+00 2.980976e+00 1.129799e-01 -3.472471e-04 -2.633584e-04 -2.791923e-04 -2.559564e-04
 7696.800000 8.324452e-01 1.143086e+00 2.983153e+00 1.133860e-01 -3.532241e-04 -2.746917e-04 -2.790067e-04 -2.597881e-04
 7697.000000 8.386269e-01 1.151867e+00 3.008218e+00 1.150779e-01 -3.553892e-04 -2.802532e-04 -2.539482e-04 -2.474297e-04
 7697.200000 8.386780e-01 1.151604e+00 3.007991e+00 1.141438e-01 -3.544943e-04 -2.890163e-04 -2.544841e-04 -2.475190e-04
 7697.400000 8.367865e-01 1.149361e+00 2.999879e+00 1.127000e-01 -3.501086e-04 -2.881360e-04 -2.444617e-04 -2.525883e-04
 7697.600000 8.336414e-01 1.145567e+00 2.991163e+00 1.144263e-01 -3.540800e-04 -2.787607e-04 -2.493458e-04 -2.543593e-04
 7697.800000 8.343939e-01 1.146510e+00 2.992993e+00 1.134940e-01 -3.484116e-04 -2.761179e-04 -2.329709e-04 -2.431769e-04
 7698.000000 8.349550e-01 1.147611e+00 2.993902e+00 1.128035e-01 -3.521231e-04 -2.739382e-04 -2.266577e-04 -2.417334e-04
 7698.200000 8.345553e-01 1.147271e+00 2.990620e+00 1.136057e-01 -3.620830e-04 -2.770448e-04 -2.288918e-04 -2.480416e-04
 7698.400000 8.393813e-01 1.153641e+00 3.008836e+00 1.149933e-01 -3.653180e-04 -2.759208e-04 -2.164753e-04 -2.476042e-04
 7698.600000 8.352423e-01 1.149023e+00 2.994392e+00 1.141280e-01 -3.679151e-04 -2.663668e-04 -2.326565e-04 -2.460318e-04
 7698.800000 8.368283e-01 1.150958e+00 2.999270e+00 1.119754e-01 -3.664010e-04 -2.700752e-04 -2.346226e-04 -2.615726e-04
 7699.000000 8.340476e-01 1.147206e+00 2.991050e+00 1.138474e-01 -3.656250e-04 -2.700402e-04 -2.349658e-04 -2.662343e-04
 7699.200000 8.375648e-01 1.152073e+00 3.004366e+00 1.128088e-01 -3.711207e-04 -2.771871e-04 -2.203116e-04 -2.635445e-04
 7699.400000 8.383388e-01 1.153760e+00 3.006437e+00 1.141583e-01 -3.622870e-04 -2.844595e-04 -2.484800e-04 -2.595033e-04
 7699.600000 8.375251e-01 1.152427e+00 3.001115e+00 1.135096e-01 -3.609261e-04 -2.829261e-04 -2.499349e-04 -2.643927e-04
 7699.800000 8.329612e-01 1.146794e+00 2.984683e+00 1.139083e-01 -3.676264e-04 -2.819272e-04 -2.271773e-04 -2.598369e-04
 7700.000000 8.360201e-01 1.150433e+00 2.995186e+00 1.134400e-01 -3.689602e-04 -2.844976e-04 -2.226581e-04 -2.594490e-04
 7700.200000 8.377933e-01 1.153403e+00 3.001472e+00 1.150846e-01 -3.699596e-04 -2.926007e-04 -2.451592e-04 -2.645985e-04
 7700.400000 8.358748e-01 1.150883e+00 2.995278e+00 1.157552e-01 -3.572858e-04 -2.963177e-04 -2.523350e-04 -2.686567e-04
 7700.600000 8.331761e-01 1.147249e+00 2.983720e+00 1.127633e-01 -3.626582e-04 -2.974483e-04 -2.350812e-04 -2.630686e-04
 7700.800000 8.316125e-01 1.145372e+00 2.978686e+00 1.132169e-01 -3.630989e-04 -2.929806e-04 -2.332269e-04 -2.553766e-04
 7701.000000 8.410590e-01 1.158338e+00 3.010969e+00 1.154606e-01 -3.577153e-04 -2.865680e-04 -2.132261e-04 -2.557895e-04
 7701.200000 8.355013e-01 1.151335e+00 2.990153e+00 1.142990e-01 -3.603093e-04 -2.746047e-04 -2.175363e-04 -2.499686e-04
 7701.400000 8.339439e-01 1.149291e+00 2.983663e+00 1.128424e-01 -3.609210e-04 -2.827275e-04 -2.405311e-04 -2.723931e-04
 7701.600000 8.295774e-01 1.143243e+00 2.966544e+00 1.107980e-01 -3.629315e-04 -2.820548e-04 -2.458631e-04 -2.631168e-04
 7701.800000 8.358319e-01 1.151732e+00 2.989740e+00 1.154678e-01 -3.489732e-04 -2.844181e-04 -2.597592e-04 -2.603550e-04
 7702.000000 8.399992e-01 1.158227e+00 3.005342e+00 1.164869e-01 -3.543090e-04 -2.859651e-04 -2.553005e-04 -2.708772e-04
 7702.200000 8.349310e-01 1.151051e+00 2.985801e+00 1.144108e-01 -3.584662e-04 -2.843096e-04 -2.425597e-04 -2.703909e-04
 7702.400000 8.314584e-01 1.146368e+00 2.972575e+00 1.116237e-01 -3.602559e-04 -2.863195e-04 -2.494615e-04 -2.786783e-04
 7702.600000 8.374274e-01 1.154913e+00 2.992972e+00 1.136981e-01 -3.589314e-04 -2.825347e-04 -2.430796e-04 -2.723383e-04
 7702.800000 8.298075e-01 1.144644e+00 2.962730e+00 1.145530e-01 -3.593987e-04 -2.872686e-04 -2.197621e-04 -2.564929e-04
 7703.000000 8.394677e-01 1.158010e+00 2.996657e+00 1.156584e-01 -3.681982e-04 -2.925061e-04 -2.249838e-04 -2.580971e-04
 7703.200000 8.301086e-01 1.145437e+00 2.960548e+00 1.120863e-01 -3.583983e-04 -2.896081e-04 -2.266330e-04 -2.527828e-04
 7703.400000 8.375883e-01 1.156218e+00 2.988089e+00 1.142023e-01 -3.577754e-04 -2.911427e-04 -2.320993e-04 -2.502514e-04
 7703.600000 8.369357e-01 1.155438e+00 2.983943e+00 1.136956e-01 -3.673089e-04 -2.918801e-04 -2.265773e-04 -2.520704e-04
 7703.800000 8.359039e-01 1.154084e+00 2.975222e+00 1.131672e-01 -3.561907e-04 -2.891612e-04 -2.203098e-04 -2.495766e-04
 7704.000000 8.300794e-01 1.145747e+00 2.951310e+00 1.142628e-01 -3.554912e-04 -2.898017e-04 -2.309779e-04 -2.478689e-04
 7704.200000 8.382904e-01 1.158086e+00 2.980762e+00 1.129474e-01 -3.504452e-04 -2.905484e-04 -2.468639e-04 -2.507140e-04
 7704.400000 8.365031e-01 1.155513e+00 2.969167e+00 1.142350e-01 -3.570078e-04 -2.945308e-04 -2.529204e-04 -2.524121e-04
 7704.600000 8.330070e-01 1.150914e+00 2.953304e+00 1.152463e-01 -3.495378e-04 -2.877083e-04 -2.365839e-04 -2.374645e-04
 7704.800000 8.356058e-01 1.154330e+00 2.959862e+00 1.140482e-01 -3.498345e-04 -2.848098e-04 -2.211108e-04 -2.424643e-04
 7705.000000 8.336791e-01 1.151630e+00 2.947923e+00 1.127679e-01 -3.517173e-04 -2.897927e-04 -2.220872e-04 -2.340969e-04
 7705.200000 8.338832e-01 1.152138e+00 2.943178e+00 1.134970e-01 -3.447446e-04 -2.992266e-04 -2.321871e-04 -2.426729e-04
 7705.400000 8.302335e-01 1.147241e+00 2.922802e+00 1.136163e-01 -3.472037e-04 -2.942447e-04 -2.263447e-04 -2.542377e-04
 7705.600000 8.359455e-01 1.155577e+00 2.939180e+00 1.148833e-01 -3.525586e-04 -2.897209e-04 -2.125664e-04 -2.424762e-04
 7705.800000 8.353711e-01 1.154452e+00 2.929420e+00 1.127322e-01 -3.601841e-04 -2.921451e-04 -2.217454e-04 -2.443526e-04
 7706.000000 8.356013e-01 1.155124e+00 2.921938e+00 1.144009e-01 -3.573610e-04 -2.892883e-04 -2.305619e-04 -2.514717e-04
 7706.200000 8.375599e-01 1.158300e+00 2.920545e+00 1.153592e-01 -3.659548e-04 -2.848614e-04 -2.214825e-04 -2.373307e-04
 7706.400000 8.347093e-01 1.154696e+00 2.898326e+00 1.130710e-01 -3.581683e-04 -2.774325e-04 -2.186306e-04 -2.456208e-04
 7706.600000 8.343900e-01 1.154362e+00 2.882961e+00 1.154149e-01 -3.519028e-04 -2.727150e-04 -2.305104e-04 -2.532366e-04
 7706.800000 8.335832e-01 1.153233e+00 2.861644e+00 1.151057e-01 -3.486319e-04 -2.768948e-04 -2.146440e-04 -2.473538e-04
 7707.000000 8.350603e-01 1.155195e+00 2.844843e+00 1.132133e-01 -3.586621e-04 -2.664763e-04 -2.220694e-04 -2.480862e-04
 7707.200000 8.321514e-01 1.151380e+00 2.808440e+00 1.132782e-01 -3.609512e-04 -2.676853e-04 -2.294583e-04 -2.580726e-04
 7707.400000 8.329257e-01 1.152913e+00 2.777094e+00 1.132209e-01 -3.523865e-04 -2.761951e-04 -2.160110e-04 -2.504069e-04
 7707.600000 8.354113e-01 1.156216e+00 2.741532e+00 1.152384e-01 -3.569915e-04 -2.873920e-04 -2.281679e-04 -2.481817e-04
 7707.800000 8.370606e-01 1.158728e+00 2.695945e+00 1.145856e-01 -3.459136e-04 -2.887136e-04 -2.527841e-04 -2.531941e-04
 7708.000000 8.354942e-01 1.156893e+00 2.629103e+00 1.150392e-01 -3.504513e-04 -2.951976e-04 -2.442730e-04 -2.551993e-04
 7708.200000 8.339595e-01 1.154422e+00 2.558387e+00 1.142991e-01 -3.614365e-04 -2.965708e-04 -2.454829e-04 -2.547606e-04
 7708.400000 8.350150e-01 1.156224e+00 2.495050e+00 1.144015e-01 -3.561661e-04 -2.934909e-04 -2.507244e-04 -2.518965e-04
 7708.600000 8.346866e-01 1.156131e+00 2.426475e+00 1.147146e-01 -3.560980e-04 -2.866331e-04 -2.457168e-04 -2.471075e-04
 7708.800000 8.343822e-01 1.155918e+00 2.360605e+00 1.143717e-01 -3.499007e-04 -2.774665e-04 -2.430068e-04 -2.540746e-04
 7709.000000 8.319830e-01 1.152713e+00 2.290314e+00 1.141612e-01 -3.490887e-04 -2.780612e-04 -2.530745e-04 -2.548533e-04
 7709.200000 8.340344e-01 1.155734e+00 2.239482e+00 1.143703e-01 -3.402517e-04 -2.793153e-04 -2.534057e-04 -2.474853e-04
 7709.400000 8.344241e-01 1.156514e+00 2.184571e+00 1.147975e-01 -3.365999e-04 -2.823060e-04 -2.587099e-04 -2.462806e-04
 7709.600000 8.336905e-01 1.155658e+00 2.129187e+00 1.141419e-01 -3.516878e-04 -2.790254e-04 -2.589913e-04 -2.442009e-04
 7709.800000 8.334390e-01 1.155618e+00 2.079477e+00 1.149177e-01 -3.582855e-04 -2.722312e-04 -2.591802e-04 -2.465436e-04
 7710.000000 8.325746e-01 1.154370e+00 2.030978e+00 1.144372e-01 -3.551269e-04 -2.773082e-04 -2.417187e-04 -2.515947e-04
 7710.200000 8.338141e-01 1.156154e+00 1.990893e+00 1.150512e-01 -3.522565e-04 -2.776141e-04 -2.438752e-04 -2.527261e-04
 7710.400000 8.348492e-01 1.158089e+00 1.954374e+00 1.150482e-01 -3.485144e-04 -2.728462e-04 -2.520562e-04 -2.511211e-04
 7710.600000 8.355633e-01 1.159154e+00 1.922871e+00 1.148209e-01 -3.463783e-04 -2.674361e-04 -2.534273e-04 -2.487410e-04
 7710.800000 8.338101e-01 1.156543e+00 1.886967e+00 1.149013e-01 -3.396612e-04 -2.770225e-04 -2.462396e-04 -2.387730e-04
 7711.000000 8.357118e-01 1.159617e+00 1.865996e+00 1.156851e-01 -3.451733e-04 -2.737392e-04 -2.411253e-04 -2.398231e-04
 7711.200000 8.353033e-01 1.159086e+00 1.840895e+00 1.160488e-01 -3.409249e-04 -2.810164e-04 -2.388648e-04 -2.312208e-04
 7711.400000 8.352650e-01 1.159419e+00 1.820789e+00 1.163797e-01 -3.407429e-04 -2.885780e-04 -2.340660e-04 -2.331822e-04
 7711.600000 8.342389e-01 1.158080e+00 1.801493e+00 1.154949e-01 -3.420997e-04 -2.926824e-04 -2.354823e-04 -2.391196e-04
 7711.800000 8.344068e-01 1.158586e+00 1.788821e+00 1.165743e-01 -3.383239e-04 -2.838391e-04 -2.405431e-04 -2.444757e-04
 7712.000000 8.345117e-01 1.158876e+00 1.779098e+00 1.167610e-01 -3.378467e-04 -2.758879e-04 -2.367290e-04 -2.445114e-04
 7712.200000 8.346516e-01 1.159414e+00 1.771344e+00 1.165281e-01 -3.378791e-04 -2.634197e-04 -2.355131e-04 -2.364410e-04
 7712.400000 8.340532e-01 1.158786e+00 1.764438e+00 1.162250e-01 -3.329491e-04 -2.618173e-04 -2.329325e-04 -2.329278e-04
 7712.600000 8.348076e-01 1.159825e+00 1.760266e+00 1.171363e-01 -3.326523e-04 -2.702258e-04 -2.463142e-04 -2.343135e-04
 7712.800000 8.348952e-01 1.159788e+00 1.757359e+00 1.175491e-01 -3.338565e-04 -2.786729e-04 -2.508953e-04 -2.416061e-04
 7713.000000 8.349455e-01 1.159779e+00 1.751956e+00 1.178893e-01 -3.365410e-04 -2.876929e-04 -2.519032e-04 -2.510847e-04
 7713.200000 8.337118e-01 1.157836e+00 1.745476e+00 1.182972e-01 -3.375778e-04 -2.838896e-04 -2.447492e-04 -2.459628e-04
 7713.400000 8.336205e-01 1.157667e+00 1.739862e+00 1.185322e-01 -3.427690e-04 -2.698609e-04 -2.322777e-04 -2.415711e-04
 7713.600000 8.335844e-01 1.157698e+00 1.733582e+00 1.189576e-01 -3.525468e-04 -2.688807e-04 -2.419273e-04 -2.342403e-04
 7713.800000 8.336784e-01 1.158117e+00 1.724125e+00 1.199657e-01 -3.474345e-04 -2.747111e-04 -2.389532e-04 -2.374164e-04
 7714.000000 8.325028e-01 1.156066e+00 1.710306e+00 1.197370e-01 -3.361502e-04 -2.757783e-04 -2.413748e-04 -2.384668e-04
 7714.200000 8.325795e-01 1.156197e+00 1.696497e+00 1.202265e-01 -3.268947e-04 -2.701406e-04 -2.454401e-04 -2.407295e-04
 7714.400000 8.333193e-01 1.157382e+00 1.682698e+00 1.214438e-01 -3.318514e-04 -2.583547e-04 -2.392811e-04 -2.530411e-04
 7714.600000 8.339491e-01 1.158299e+00 1.665646e+00 1.217928e-01 -3.443107e-04 -2.613710e-04 -2.377144e-04 -2.506520e-04
 7714.800000 8.336546e-01 1.157787e+00 1.644585e+00 1.216014e-01 -3.526684e-04 -2.626518e-04 -2.416664e-04 -2.511640e-04
 7715.000000 8.342494e-01 1.158777e+00 1.625900e+00 1.215088e-01 -3.480769e-04 -2.668741e-04 -2.506824e-04 -2.501621e-04
 7715.200000 8.340081e-01 1.158705e+00 1.601978e+00 1.220454e-01 -3.440132e-04 -2.676610e-04 -2.460656e-04 -2.447141e-04
 7715.400000 8.314066e-01 1.155340e+00 1.574393e+00 1.224080e-01 -3.509764e-04 -2.566513e-04 -2.444057e-04 -2.453700e-04
 7715.600000 8.315841e-01 1.155836e+00 1.552314e+00 1.216247e-01 -3.503230e-04 -2.617002e-04 -2.438745e-04 -2.452546e-04
 7715.800000 8.331463e-01 1.158274e+00 1.533762e+00 1.216871e-01 -3.521217e-04 -2.579445e-04 -2.433066e-04 -2.434885e-04
 7716.000000 8.300249e-01 1.153810e+00 1.504442e+00 1.207284e-01 -3.474495e-04 -2.660793e-04 -2.499310e-04 -2.425884e-04
 7716.200000 8.340658e-01 1.159514e+00 1.491855e+00 1.212312e-01 -3.506287e-04 -2.565738e-04 -2.493197e-04 -2.346413e-04
 7716.400000 8.320459e-01 1.157031e+00 1.466575e+00 1.219306e-01 -3.598813e-04 -2.543718e-04 -2.617167e-04 -2.365086e-04
 7716.600000 8.322965e-01 1.157415e+00 1.447827e+00 1.210705e-01 -3.601019e-04 -2.604162e-04 -2.543870e-04 -2.270096e-04
 7716.800000 8.334342e-01 1.159340e+00 1.429514e+00 1.209604e-01 -3.599048e-04 -2.695021e-04 -2.578543e-04 -2.242734e-04
 7717.000000 8.331116e-01 1.158923e+00 1.408574e+00 1.217343e-01 -3.598560e-04 -2.681175e-04 -2.582779e-04 -2.353474e-04
 7717.200000 8.329693e-01 1.158828e+00 1.388222e+00 1.225147e-01 -3.626108e-04 -2.568173e-04 -2.536215e-04 -2.309280e-04
 7717.400000 8.342210e-01 1.160750e+00 1.371926e+00 1.232870e-01 -3.559008e-04 -2.660960e-04 -2.436294e-04 -2.332643e-04
 7717.600000 8.331156e-01 1.158803e+00 1.349230e+00 1.225512e-01 -3.698719e-04 -2.742136e-04 -2.478017e-04 -2.366807e-04
 7717.800000 8.312257e-01 1.156514e+00 1.325663e+00 1.220331e-01 -3.662837e-04 -2.809900e-04 -2.492876e-04 -2.336164e-04
 7718.000000 8.338057e-01 1.160364e+00 1.310814e+00 1.247107e-01 -3.698080e-04 -2.793810e-04 -2.384216e-04 -2.250803e-04
 7718.200000 8.316715e-01 1.157380e+00 1.287253e+00 1.242591e-01 -3.633631e-04 -2.713057e-04 -2.372696e-04 -2.200643e-04
 7718.400000 8.318825e-01 1.157623e+00 1.267297e+00 1.230664e-01 -3.643783e-04 -2.549813e-04 -2.429258e-04 -2.267285e-04
 7718.600000 8.317686e-01 1.157448e+00 1.247047e+00 1.227886e-01 -3.622983e-04 -2.602587e-04 -2.392505e-04 -2.411810e-04
 7718.800000 8.277043e-01 1.151587e+00 1.219949e+00 1.252704e-01 -3.634086e-04 -2.582627e-04 -2.374096e-04 -2.460081e-04
 7719.000000 8.331610e-01 1.159735e+00 1.209637e+00 1.239260e-01 -3.560061e-04 -2.562019e-04 -2.385699e-04 -2.459461e-04
 7719.200000 8.289692e-01 1.153730e+00 1.182524e+00 1.245197e-01 -3.499309e-04 -2.577474e-04 -2.631603e-04 -2.476608e-04
 7719.400000 8.318653e-01 1.157873e+00 1.166629e+00 1.252597e-01 -3.536524e-04 -2.618579e-04 -2.503368e-04 -2.380054e-04
 7719.600000 8.337044e-01 1.160356e+00 1.148928e+00 1.265200e-01 -3.528741e-04 -2.638675e-04 -2.672738e-04 -2.312832e-04
 7719.800000 8.316223e-01 1.157687e+00 1.124698e+00 1.271821e-01 -3.540038e-04 -2.614307e-04 -2.691113e-04 -2.295969e-04
 7720.000000 8.319657e-01 1.158195e+00 1.105368e+00 1.266490e-01 -3.579187e-04 -2.618182e-04 -2.546751e-04 -2.348604e-04
 7720.200000 8.319739e-01 1.158021e+00 1.085589e+00 1.256692e-01 -3.567362e-04 -2.682412e-04 -2.550742e-04 -2.247849e-04
 7720.400000 8.326269e-01 1.159201e+00 1.066147e+00 1.291660e-01 -3.529593e-04 -2.624867e-04 -2.485158e-04 -2.271231e-04
 7720.600000 8.331606e-01 1.159586e+00 1.046916e+00 1.283175e-01 -3.549108e-04 -2.560864e-04 -2.523748e-04 -2.171091e-04
 7720.800000 8.313513e-01 1.156907e+00 1.023869e+00 1.281151e-01 -3.578054e-04 -2.643423e-04 -2.478659e-04 -2.155670e-04
 7721.000000 8.308834e-01 1.156589e+00 1.003422e+00 1.289457e-01 -3.521196e-04 -2.549519e-04 -2.455280e-04 -2.352434e-04
 7721.200000 8.345657e-01 1.161792e+00 9.870661e-01 1.308067e-01 -3.455126e-04 -2.537305e-04 -2.568226e-04 -2.454845e-04
 7721.400000 8.299193e-01 1.155046e+00 9.609664e-01 1.288627e-01 -3.476271e-04 -2.510112e-04 -2.497958e-04 -2.469533e-04
 7721.600000 8.321637e-01 1.158019e+00 9.444949e-01 1.288483e-01 -3.585465e-04 -2.530343e-04 -2.502546e-04 -2.411242e-04
 7721.800000 8.276930e-01 1.151848e+00 9.193502e-01 1.289390e-01 -3.375553e-04 -2.600734e-04 -2.631635e-04 -2.484690e-04
 7722.000000 8.331347e-01 1.160153e+00 9.081603e-01 1.316637e-01 -3.376159e-04 -2.547877e-04 -2.612641e-04 -2.449212e-04
 7722.200000 8.239715e-01 1.147444e+00 8.777695e-01 1.294789e-01 -3.463033e-04 -2.571665e-04 -2.550407e-04 -2.335922e-04
 7722.400000 8.232995e-01 1.146653e+00 8.593560e-01 1.310590e-01 -3.486018e-04 -2.658128e-04 -2.479504e-04 -2.318683e-04
 7722.600000 8.341510e-01 1.161782e+00 8.560929e-01 1.315074e-01 -3.404492e-04 -2.728790e-04 -2.393234e-04 -2.370445e-04
 7722.800000 8.288572e-01 1.154241e+00 8.339831e-01 1.304461e-01 -3.474640e-04 -2.741426e-04 -2.460586e-04 -2.494677e-04
 7723.000000 8.308641e-01 1.157305e+00 8.232053e-01 1.322728e-01 -3.455585e-04 -2.700217e-04 -2.575412e-04 -2.394943e-04
 7723.200000 8.339493e-01 1.161826e+00 8.120815e-01 1.331722e-01 -3.480717e-04 -2.627252e-04 -2.600683e-04 -2.423635e-04
 7723.400000 8.303262e-01 1.156508e+00 7.960346e-01 1.316077e-01 -3.412458e-04 -2.636228e-04 -2.493485e-04 -2.311477e-04
 7723.600000 8.306578e-01 1.157322e+00 7.857984e-01 1.342787e-01 -3.503733e-04 -2.653823e-04 -2.472634e-04 -2.216349e-04
 7723.800000 8.293914e-01 1.155590e+00 7.751027e-01 1.316840e-01 -3.456135e-04 -2.640508e-04 -2.454297e-04 -2.223054e-04
 7724.000000 8.349384e-01 1.163455e+00 7.729355e-01 1.339390e-01 -3.501383e-04 -2.637447e-04 -2.485817e-04 -2.225530e-04
 7724.200000 8.323982e-01 1.159565e+00 7.626068e-01 1.347924e-01 -3.478457e-04 -2.663084e-04 -2.649430e-04 -2.252821e-04
 7724.400000 8.314743e-01 1.158342e+00 7.556843e-01 1.358341e-01 -3.428195e-04 -2.706799e-04 -2.705439e-04 -2.302191e-04
 7724.600000 8.306917e-01 1.157145e+00 7.509711e-01 1.347072e-01 -3.502692e-04 -2.705146e-04 -2.555936e-04 -2.400408e-04
 7724.800000 8.251655e-01 1.150041e+00 7.409309e-01 1.322081e-01 -3.555596e-04 -2.654184e-04 -2.629394e-04 -2.253039e-04
 7725.000000 8.318909e-01 1.159100e+00 7.440583e-01 1.330573e-01 -3.549194e-04 -2.735332e-04 -2.618024e-04 -2.238524e-04
 7725.200000 8.296667e-01 1.155934e+00 7.396211e-01 1.351706e-01 -3.540108e-04 -2.736181e-04 -2.541587e-04 -2.355731e-04
 7725.400000 8.287758e-01 1.154525e+00 7.374016e-01 1.362805e-01 -3.518978e-04 -2.681870e-04 -2.503746e-04 -2.265773e-04
 7725.600000 8.278766e-01 1.153720e+00 7.349882e-01 1.356945e-01 -3.496254e-04 -2.667155e-04 -2.493652e-04 -2.361607e-04
 7725.800000 8.332561e-01 1.161721e+00 7.397267e-01 1.353889e-01 -3.443973e-04 -2.700403e-04 -2.449748e-04 -2.307981e-04
 7726.000000 8.303335e-01 1.157370e+00 7.373505e-01 1.364616e-01 -3.438241e-04 -2.735063e-04 -2.464989e-04 -2.320053e-04
 7726.200000 8.292413e-01 1.155472e+00 7.357096e-01 1.358901e-01 -3.350219e-04 -2.675456e-04 -2.511644e-04 -2.365104e-04
 7726.400000 8.300109e-01 1.156686e+00 7.369279e-01 1.339108e-01 -3.390714e-04 -2.666732e-04 -2.474826e-04 -2.281898e-04
 7726.600000 8.333739e-01 1.162021e+00 7.418449e-01 1.375590e-01 -3.398945e-04 -2.628542e-04 -2.416195e-04 -2.178089e-04
 7726.800000 8.303964e-01 1.157919e+00 7.392319e-01 1.357203e-01 -3.429353e-04 -2.618881e-04 -2.402106e-04 -2.213472e-04
 7727.000000 8.286316e-01 1.155745e+00 7.377024e-01 1.367083e-01 -3.406133e-04 -2.649145e-04 -2.567439e-04 -2.241398e-04
 7727.200000 8.314129e-01 1.159757e+00 7.439463e-01 1.385965e-01 -3.408000e-04 -2.706712e-04 -2.521990e-04 -2.200745e-04
 7727.400000 8.321031e-01 1.160415e+00 7.437777e-01 1.367244e-01 -3.410616e-04 -2.696420e-04 -2.378997e-04 -2.158365e-04
 7727.600000 8.312996e-01 1.159640e+00 7.445348e-01 1.389103e-01 -3.424371e-04 -2.756048e-04 -2.554878e-04 -2.259417e-04
 7727.800000 8.306178e-01 1.158847e+00 7.454747e-01 1.358256e-01 -3.389576e-04 -2.824601e-04 -2.570092e-04 -2.262342e-04
 7728.000000 8.307338e-01 1.159004e+00 7.466688e-01 1.367437e-01 -3.369581e-04 -2.689569e-04 -2.420815e-04 -2.233317e-04
 7728.200000 8.311184e-01 1.159570e+00 7.479988e-01 1.373232e-01 -3.322911e-04 -2.677295e-04 -2.459909e-04 -2.215439e-04
 7728.400000 8.316597e-01 1.160626e+00 7.478432e-01 1.370618e-01 -3.319671e-04 -2.763439e-04 -2.485841e-04 -2.156126e-04
 7728.600000 8.308529e-01 1.159592e+00 7.493362e-01 1.376891e-01 -3.364899e-04 -2.650682e-04 -2.432400e-04 -2.192571e-04
 7728.800000 8.305666e-01 1.159567e+00 7.493970e-01 1.372891e-01 -3.377626e-04 -2.606166e-04 -2.514948e-04 -2.359580e-04
 7729.000000 8.294448e-01 1.157790e+00 7.478470e-01 1.374089e-01 -3.370346e-04 -2.570276e-04 -2.394798e-04 -2.290155e-04
 7729.200000 8.290321e-01 1.157618e+00 7.469452e-01 1.344018e-01 -3.378373e-04 -2.483276e-04 -2.360678e-04 -2.332442e-04
 7729.400000 8.323662e-01 1.162654e+00 7.491326e-01 1.371974e-01 -3.446665e-04 -2.498820e-04 -2.370531e-04 -2.377534e-04
 7729.600000 8.319050e-01 1.162531e+00 7.473471e-01 1.363667e-01 -3.432154e-04 -2.639749e-04 -2.344549e-04 -2.448659e-04
 7729.800000 8.305108e-01 1.160353e+00 7.444322e-01 1.393459e-01 -3.476834e-04 -2.602374e-04 -2.361069e-04 -2.389122e-04
 7730.000000 8.231234e-01 1.150129e+00 7.362748e-01 1.380221e-01 -3.449778e-04 -2.566928e-04 -2.450596e-04 -2.475152e-04
 7730.200000 8.316324e-01 1.162202e+00 7.403401e-01 1.349634e-01 -3.481653e-04 -2.569328e-04 -2.438022e-04 -2.422464e-04
 7730.400000 8.308029e-01 1.160994e+00 7.362962e-01 1.391280e-01 -3.412904e-04 -2.523691e-04 -2.386628e-04 -2.393899e-04
 7730.600000 8.311741e-01 1.161968e+00 7.327984e-01 1.375334e-01 -3.396449e-04 -2.543352e-04 -2.436712e-04 -2.385047e-04
 7730.800000 8.287060e-01 1.158661e+00 7.271547e-01 1.371045e-01 -3.437932e-04 -2.575996e-04 -2.457773e-04 -2.449257e-04
 7731.000000 8.262747e-01 1.155316e+00 7.200554e-01 1.344927e-01 -3.449694e-04 -2.677907e-04 -2.470486e-04 -2.436974e-04
 7731.200000 8.328346e-01 1.164961e+00 7.205949e-01 1.389033e-01 -3.461646e-04 -2.645023e-04 -2.332715e-04 -2.402080e-04
 7731.400000 8.330125e-01 1.165364e+00 7.170960e-01 1.391378e-01 -3.390991e-04 -2.736462e-04 -2.362736e-04 -2.380895e-04
 7731.600000 8.294732e-01 1.160413e+00 7.092135e-01 1.378015e-01 -3.404368e-04 -2.703797e-04 -2.398471e-04 -2.452538e-04
 7731.800000 8.276905e-01 1.157661e+00 7.030757e-01 1.352797e-01 -3.435510e-04 -2.632260e-04 -2.400739e-04 -2.270117e-04
 7732.000000 8.249139e-01 1.154025e+00 6.963659e-01 1.385596e-01 -3.430965e-04 -2.694736e-04 -2.446922e-04 -2.285850e-04
 7732.200000 8.357908e-01 1.169737e+00 7.023179e-01 1.401504e-01 -3.475509e-04 -2.745873e-04 -2.590010e-04 -2.396297e-04
 7732.400000 8.284937e-01 1.159317e+00 6.935428e-01 1.382935e-01 -3.496939e-04 -2.699104e-04 -2.462219e-04 -2.307952e-04
 7732.600000 8.286899e-01 1.160337e+00 6.904099e-01 1.371042e-01 -3.455854e-04 -2.741080e-04 -2.265499e-04 -2.281174e-04
 7732.800000 8.332159e-01 1.167264e+00 6.933932e-01 1.385591e-01 -3.439205e-04 -2.733080e-04 -2.339857e-04 -2.318542e-04
 7733.000000 8.265819e-01 1.157820e+00 6.844324e-01 1.389892e-01 -3.426219e-04 -2.697653e-04 -2.175475e-04 -2.334985e-04
 7733.200000 8.320446e-01 1.165198e+00 6.888772e-01 1.388733e-01 -3.338895e-04 -2.677894e-04 -2.340563e-04 -2.541799e-04
 7733.400000 8.270288e-01 1.158168e+00 6.840618e-01 1.367797e-01 -3.439499e-04 -2.639648e-04 -2.453191e-04 -2.436991e-04
 7733.600000 8.329419e-01 1.167188e+00 6.907885e-01 1.380421e-01 -3.464377e-04 -2.583653e-04 -2.327901e-04 -2.399757e-04
 7733.800000 8.309189e-01 1.164040e+00 6.880994e-01 1.406365e-01 -3.489657e-04 -2.656921e-04 -2.310913e-04 -2.507067e-04
 7734.000000 8.284162e-01 1.160282e+00 6.894440e-01 1.404089e-01 -3.514716e-04 -2.740168e-04 -2.265583e-04 -2.475628e-04
 7734.200000 8.314957e-01 1.164842e+00 6.927527e-01 1.362747e-01 -3.458528e-04 -2.697414e-04 -2.425711e-04 -2.546119e-04
 7734.400000 8.252679e-01 1.156033e+00 6.900002e-01 1.351741e-01 -3.457392e-04 -2.620552e-04 -2.412788e-04 -2.398279e-04
 7734.600000 8.323462e-01 1.166478e+00 6.998194e-01 1.387843e-01 -3.435339e-04 -2.656074e-04 -2.508792e-04 -2.268563e-04
 7734.800000 8.288294e-01 1.162394e+00 7.002899e-01 1.389853e-01 -3.400229e-04 -2.604695e-04 -2.373805e-04 -2.234956e-04
 7735.000000 8.304265e-01 1.164297e+00 7.042050e-01 1.384361e-01 -3.355197e-04 -2.694333e-04 -2.416583e-04 -2.371226e-04
 7735.200000 8.297541e-01 1.163490e+00 7.091813e-01 1.396895e-01 -3.388890e-04 -2.699429e-04 -2.415021e-04 -2.361064e-04
 7735.400000 8.237103e-01 1.154989e+00 7.049436e-01 1.377423e-01 -3.417561e-04 -2.707573e-04 -2.405091e-04 -2.207588e-04
 7735.600000 8.297272e-01 1.163104e+00 7.149858e-01 1.355170e-01 -3.439527e-04 -2.650684e-04 -2.546986e-04 -2.315205e-04
 7735.800000 8.335729e-01 1.169340e+00 7.215326e-01 1.387177e-01 -3.483095e-04 -2.588546e-04 -2.717487e-04 -2.413776e-04
 7736.000000 8.349138e-01 1.171277e+00 7.256584e-01 1.412705e-01 -3.564355e-04 -2.607066e-04 -2.367100e-04 -2.283806e-04
 7736.200000 8.265292e-01 1.159684e+00 7.215994e-01 1.373101e-01 -3.473876e-04 -2.557850e-04 -2.496553e-04 -2.317722e-04
 7736.400000 8.270611e-01 1.160395e+00 7.226675e-01 1.393757e-01 -3.471549e-04 -2.581201e-04 -2.594544e-04 -2.188201e-04
 7736.600000 8.199689e-01 1.151312e+00 7.200373e-01 1.355724e-01 -3.461484e-04 -2.618583e-04 -2.464395e-04 -2.159160e-04
 7736.800000 8.230402e-01 1.155302e+00 7.243004e-01 1.358852e-01 -3.424613e-04 -2.573525e-04 -2.595272e-04 -2.216648e-04
 7737.000000 8.329987e-01 1.169891e+00 7.359748e-01 1.394602e-01 -3.437124e-04 -2.708002e-04 -2.795492e-04 -2.242341e-04
 7737.200000 8.238550e-01 1.156907e+00 7.279478e-01 1.362442e-01 -3.345205e-04 -2.611492e-04 -2.954965e-04 -2.285322e-04
 7737.400000 8.298401e-01 1.166058e+00 7.370058e-01 1.365701e-01 -3.329123e-04 -2.652881e-04 -2.641172e-04 -2.149555e-04
 7737.600000 8.328845e-01 1.170925e+00 7.411087e-01 1.367983e-01 -3.325289e-04 -2.580996e-04 -2.542000e-04 -2.227941e-04
 7737.800000 8.277654e-01 1.164018e+00 7.390025e-01 1.365924e-01 -3.292415e-04 -2.595163e-04 -2.331100e-04 -2.096230e-04
 7738.000000 8.289227e-01 1.165148e+00 7.408693e-01 1.378757e-01 -3.396658e-04 -2.641481e-04 -2.351334e-04 -2.124822e-04
 7738.200000 8.301776e-01 1.166772e+00 7.419863e-01 1.370678e-01 -3.330334e-04 -2.710368e-04 -2.401730e-04 -2.113230e-04
 7738.400000 8.257481e-01 1.161221e+00 7.391266e-01 1.365201e-01 -3.416268e-04 -2.773538e-04 -2.476215e-04 -2.148564e-04
 7738.600000 8.268729e-01 1.163316e+00 7.434302e-01 1.374063e-01 -3.372019e-04 -2.727833e-04 -2.581881e-04 -2.151047e-04
 7738.800000 8.267293e-01 1.163225e+00 7.436582e-01 1.340370e-01 -3.382748e-04 -2.595484e-04 -2.805206e-04 -2.281264e-04
 7739.000000 8.295601e-01 1.167481e+00 7.478162e-01 1.356935e-01 -3.308240e-04 -2.547414e-04 -2.736751e-04 -2.309498e-04
 7739.200000 8.298342e-01 1.168046e+00 7.508046e-01 1.398749e-01 -3.297245e-04 -2.568263e-04 -2.536397e-04 -2.207241e-04
 7739.400000 8.252643e-01 1.161872e+00 7.473658e-01 1.373809e-01 -3.320313e-04 -2.556712e-04 -2.566236e-04 -2.299417e-04
 7739.600000 8.265985e-01 1.163542e+00 7.508066e-01 1.332695e-01 -3.326312e-04 -2.506489e-04 -2.409072e-04 -2.158402e-04
 7739.800000 8.222227e-01 1.157189e+00 7.477062e-01 1.323220e-01 -3.303460e-04 -2.539835e-04 -2.506067e-04 -2.233360e-04
 7740.000000 8.310390e-01 1.170380e+00 7.603260e-01 1.371204e-01 -3.282357e-04 -2.677483e-04 -2.533584e-04 -2.211474e-04
 7740.200000 8.253751e-01 1.162052e+00 7.563488e-01 1.379669e-01 -3.290243e-04 -2.569004e-04 -2.453468e-04 -2.252415e-04
 7740.400000 8.263748e-01 1.164083e+00 7.603139e-01 1.330322e-01 -3.342870e-04 -2.657021e-04 -2.572197e-04 -2.214442e-04
 7740.600000 8.248420e-01 1.162132e+00 7.610109e-01 1.351153e-01 -3.286027e-04 -2.649887e-04 -2.637389e-04 -2.127415e-04
 7740.800000 8.245417e-01 1.161769e+00 7.609919e-01 1.352304e-01 -3.410301e-04 -2.700676e-04 -2.428314e-04 -2.247202e-04
 7741.000000 8.238428e-01 1.160877e+00 7.635396e-01 1.335828e-01 -3.434068e-04 -2.548738e-04 -2.340167e-04 -2.211653e-04
 7741.200000 8.207785e-01 1.156624e+00 7.615431e-01 1.339172e-01 -3.424234e-04 -2.547626e-04 -2.553333e-04 -2.343870e-04
 7741.400000 8.297696e-01 1.170270e+00 7.710580e-01 1.346509e-01 -3.264364e-04 -2.641690e-04 -2.540100e-04 -2.450003e-04
 7741.600000 8.164542e-01 1.152050e+00 7.600280e-01 1.319403e-01 -3.182700e-04 -2.541723e-04 -2.448789e-04 -2.578701e-04
 7741.800000 8.126024e-01 1.145324e+00 7.578585e-01 1.311058e-01 -3.281276e-04 -2.535041e-04 -2.626725e-04 -2.894961e-04
 7742.000000 8.075036e-01 1.139017e+00 7.549699e-01 1.327653e-01 -3.319504e-04 -2.517665e-04 -2.499632e-04 -2.818409e-04
 7742.700000 7.990842e-01 1.127881e+00 7.516665e-01 1.291525e-01 -3.413962e-04 -2.494957e-04 -2.413594e-04 -2.738130e-04
 7743.400000 8.217780e-01 1.160617e+00 7.749086e-01 1.336831e-01 -3.434264e-04 -2.542122e-04 -2.523695e-04 -2.783848e-04
 7744.100000 8.290176e-01 1.171384e+00 7.841469e-01 1.349423e-01 -3.383353e-04 -2.540278e-04 -2.506096e-04 -2.709557e-04
 7744.800000 8.307901e-01 1.174818e+00 7.868913e-01 1.343932e-01 -3.376288e-04 -2.542361e-04 -2.419722e-04 -2.706184e-04
 7745.500000 8.288615e-01 1.172477e+00 7.846544e-01 1.339821e-01 -3.370516e-04 -2.566156e-04 -2.379013e-04 -2.774789e-04
 7746.200000 8.295680e-01 1.174420e+00 7.846549e-01 1.346577e-01 -3.441518e-04 -2.643241e-04 -2.421076e-04 -2.847745e-04
 7746.900000 8.282216e-01 1.172994e+00 7.803886e-01 1.334780e-01 -3.382157e-04 -2.530146e-04 -2.532004e-04 -2.993679e-04
 7747.600000 8.280096e-01 1.172841e+00 7.755950e-01 1.345337e-01 -3.316300e-04 -2.440865e-04 -2.348247e-04 -3.021699e-04
 7748.300000 8.280797e-01 1.173802e+00 7.690460e-01 1.337722e-01 -3.336880e-04 -2.426930e-04 -2.206101e-04 -2.895626e-04
 7749.993695 8.278925e-01 1.175304e+00 7.468235e-01 1.338175e-01 -3.449977e-04 -2.398957e-04 -2.337713e-04 -2.911804e-04
 7750.999583 8.276023e-01 1.175532e+00 7.313497e-01 1.335180e-01 -3.428701e-04 -2.370972e-04 -2.306147e-04 -2.826140e-04
 7752.017662 8.265470e-01 1.175068e+00 7.132153e-01 1.329055e-01 -3.345876e-04 -2.291027e-04 -2.268028e-04 -2.837854e-04
 7753.047933 8.268330e-01 1.176379e+00 6.963268e-01 1.332899e-01 -3.406248e-04 -2.296607e-04 -2.277459e-04 -2.775509e-04
 7754.090396 8.255451e-01 1.175508e+00 6.787530e-01 1.320946e-01 -3.405677e-04 -2.374274e-04 -2.424955e-04 -2.395170e-04
 7755.145051 8.252617e-01 1.175053e+00 6.632029e-01 1.327730e-01 -3.410845e-04 -2.452463e-04 -2.351007e-04 -2.251605e-04
 7756.211898 8.254319e-01 1.176608e+00 6.530604e-01 1.323531e-01 -3.364858e-04 -2.486072e-04 -2.213807e-04 -2.181118e-04
 7757.290937 8.265563e-01 1.179975e+00 6.492054e-01 1.323217e-01 -3.322329e-04 -2.470970e-04 -2.212176e-04 -2.269881e-04
 7758.382167 8.235040e-01 1.175119e+00 6.458578e-01 1.325544e-01 -3.404636e-04 -2.457038e-04 -2.373491e-04 -2.319533e-04
 7759.485590 8.227602e-01 1.174897e+00 6.500918e-01 1.319563e-01 -3.380594e-04 -2.524630e-04 -2.298567e-04 -2.259534e-04
 7760.601204 8.265641e-01 1.182186e+00 6.653282e-01 1.339788e-01 -3.356838e-04 -2.527645e-04 -2.342181e-04 -2.271671e-04
 7761.729011 8.246882e-01 1.180366e+00 6.794919e-01 1.334838e-01 -3.372359e-04 -2.506785e-04 -2.418824e-04 -2.211487e-04
 7762.869009 8.248038e-01 1.181588e+00 6.995625e-01 1.336610e-01 -3.392671e-04 -2.485356e-04 -2.745732e-04 -2.266886e-04
 7764.021199 8.244151e-01 1.181975e+00 7.209377e-01 1.347865e-01 -3.375654e-04 -2.491039e-04 -2.382533e-04 -2.034397e-04
 7765.185582 8.238174e-01 1.181406e+00 7.401530e-01 1.348721e-01 -3.480394e-04 -2.514713e-04 -2.453657e-04 -2.149523e-04
 7766.362156 8.247732e-01 1.183607e+00 7.615976e-01 1.359954e-01 -3.569138e-04 -2.586508e-04 -2.475184e-04 -2.148101e-04
 7767.550922 8.237106e-01 1.183218e+00 7.796581e-01 1.352490e-01 -3.510974e-04 -2.540369e-04 -2.486145e-04 -2.289165e-04
 7768.751879 8.231835e-01 1.183248e+00 7.962719e-01 1.353032e-01 -3.479872e-04 -2.579200e-04 -2.536674e-04 -2.219218e-04
 7769.965029 8.217199e-01 1.181837e+00 8.074483e-01 1.358052e-01 -3.458918e-04 -2.542864e-04 -2.671853e-04 -2.212075e-04
 7771.190371 8.245818e-01 1.187683e+00 8.202196e-01 1.356518e-01 -3.442553e-04 -2.455231e-04 -2.551438e-04 -2.236483e-04
 7772.427904 8.227583e-01 1.185771e+00 8.224001e-01 1.353423e-01 -3.535474e-04 -2.466853e-04 -2.554594e-04 -2.186324e-04
 7773.677630 8.229473e-01 1.186980e+00 8.271344e-01 1.361854e-01 -3.602800e-04 -2.467349e-04 -2.520058e-04 -2.230842e-04
 7774.939547 8.213683e-01 1.185688e+00 8.297290e-01 1.352917e-01 -3.617561e-04 -2.537401e-04 -2.512293e-04 -2.282757e-04
 7776.213657 8.230568e-01 1.189524e+00 8.372252e-01 1.361127e-01 -3.535971e-04 -2.456715e-04 -2.556781e-04 -2.363665e-04
 7777.499958 8.218578e-01 1.188803e+00 8.417065e-01 1.348542e-01 -3.521048e-04 -2.408038e-04 -2.626900e-04 -2.408379e-04
 7778.798451 8.220402e-01 1.189753e+00 8.454842e-01 1.368048e-01 -3.529842e-04 -2.436269e-04 -2.634292e-04 -2.384564e-04
 7780.109136 8.206185e-01 1.188767e+00 8.447760e-01 1.352956e-01 -3.477829e-04 -2.509210e-04 -2.714118e-04 -2.466637e-04
 7781.432013 8.219638e-01 1.191922e+00 8.439734e-01 1.358036e-01 -3.495626e-04 -2.407154e-04 -2.551276e-04 -2.237862e-04
 7782.767082 8.200993e-01 1.190257e+00 8.367272e-01 1.352421e-01 -3.527062e-04 -2.362606e-04 -2.556977e-04 -2.243609e-04
 7784.114342 8.215001e-01 1.193596e+00 8.313813e-01 1.364835e-01 -3.625435e-04 -2.396146e-04 -2.638964e-04 -2.370372e-04
 7785.473795 8.209018e-01 1.193790e+00 8.252958e-01 1.360933e-01 -3.576603e-04 -2.449271e-04 -2.571545e-04 -2.321715e-04
 7786.845440 8.203230e-01 1.194144e+00 8.182961e-01 1.351685e-01 -3.603224e-04 -2.399039e-04 -2.461950e-04 -2.261914e-04
 7788.229276 8.184123e-01 1.191655e+00 8.098314e-01 1.373873e-01 -3.612903e-04 -2.419494e-04 -2.526716e-04 -2.349253e-04
 7789.625305 8.194839e-01 1.194437e+00 8.012541e-01 1.358837e-01 -3.624132e-04 -2.344332e-04 -2.452155e-04 -2.275078e-04
 7791.033525 8.200468e-01 1.197274e+00 7.940747e-01 1.362068e-01 -3.551302e-04 -2.358073e-04 -2.346714e-04 -2.195683e-04
 7792.453937 8.185206e-01 1.195411e+00 7.830027e-01 1.366829e-01 -3.502025e-04 -2.298814e-04 -2.587720e-04 -2.246007e-04
 7793.886541 8.181177e-01 1.195699e+00 7.749450e-01 1.371145e-01 -3.422821e-04 -2.352234e-04 -2.585825e-04 -2.165990e-04
 7795.331337 8.182092e-01 1.197724e+00 7.657853e-01 1.368254e-01 -3.291357e-04 -2.346292e-04 -2.504406e-04 -2.105104e-04
 7796.788325 8.189123e-01 1.199426e+00 7.566821e-01 1.368975e-01 -3.317176e-04 -2.335584e-04 -2.416138e-04 -2.188072e-04
 7798.257505 8.175643e-01 1.199186e+00 7.429316e-01 1.360947e-01 -3.327474e-04 -2.292747e-04 -2.539691e-04 -2.191435e-04
 7799.738877 8.184959e-01 1.202085e+00 7.292173e-01 1.362523e-01 -3.335700e-04 -2.259760e-04 -2.569671e-04 -2.145875e-04
 7801.232440 8.175163e-01 1.201886e+00 7.128636e-01 1.367194e-01 -3.313338e-04 -2.333182e-04 -2.694933e-04 -2.266774e-04
 7802.738196 8.189536e-01 1.205449e+00 7.018240e-01 1.364714e-01 -3.381161e-04 -2.480025e-04 -2.599991e-04 -2.278708e-04
 7804.256143 8.140953e-01 1.198426e+00 6.849841e-01 1.367404e-01 -3.423612e-04 -2.513532e-04 -2.575367e-04 -2.354691e-04
 7805.786283 8.167984e-01 1.203464e+00 6.809986e-01 1.373821e-01 -3.408108e-04 -2.537087e-04 -2.521303e-04 -2.354001e-04
 7807.328614 8.161113e-01 1.204555e+00 6.811774e-01 1.371553e-01 -3.425834e-04 -2.547039e-04 -2.399303e-04 -2.241674e-04
 7808.883137 8.182026e-01 1.209126e+00 6.890735e-01 1.379439e-01 -3.431815e-04 -2.556328e-04 -2.532759e-04 -2.305892e-04
 7810.449852 8.131779e-01 1.202195e+00 6.923084e-01 1.382091e-01 -3.454874e-04 -2.544031e-04 -2.642949e-04 -2.340170e-04
 7812.028759 8.170543e-01 1.209656e+00 7.087047e-01 1.380175e-01 -3.397924e-04 -2.654034e-04 -2.535029e-04 -2.276226e-04
 7813.619858 8.148888e-01 1.208085e+00 7.203875e-01 1.367710e-01 -3.318916e-04 -2.570122e-04 -2.421068e-04 -2.242744e-04
 7815.223149 8.157375e-01 1.210369e+00 7.363646e-01 1.370855e-01 -3.304969e-04 -2.479887e-04 -2.394323e-04 -2.237939e-04
 7816.838632 8.138599e-01 1.208762e+00 7.527571e-01 1.367077e-01 -3.369240e-04 -2.435001e-04 -2.548548e-04 -2.320003e-04
 7818.466307 8.156433e-01 1.213154e+00 7.723705e-01 1.381618e-01 -3.436297e-04 -2.464770e-04 -2.536919e-04 -2.378033e-04
 7820.106173 8.144409e-01 1.212623e+00 7.869323e-01 1.370735e-01 -3.466468e-04 -2.515204e-04 -2.555128e-04 -2.378285e-04
 7821.758232 8.146829e-01 1.214220e+00 8.050519e-01 1.370050e-01 -3.545197e-04 -2.551071e-04 -2.570402e-04 -2.345253e-04
 7823.422482 8.124990e-01 1.212360e+00 8.192951e-01 1.376247e-01 -3.461180e-04 -2.483886e-04 -2.601171e-04 -2.371890e-04
 7825.098924 8.141842e-01 1.216522e+00 8.419632e-01 1.366937e-01 -3.469428e-04 -2.436458e-04 -2.686856e-04 -2.376346e-04
 7826.787558 8.122439e-01 1.214925e+00 8.611807e-01 1.372137e-01 -3.425696e-04 -2.534202e-04 -2.665972e-04 -2.319734e-04
 7828.488385 8.093626e-01 1.212037e+00 8.803490e-01 1.373337e-01 -3.361474e-04 -2.500552e-04 -2.614700e-04 -2.273036e-04
 7830.201403 8.068807e-01 1.209442e+00 8.962962e-01 1.354985e-01 -3.291920e-04 -2.488813e-04 -2.585757e-04 -2.344302e-04
 7831.926613 8.117829e-01 1.218255e+00 9.144166e-01 1.377026e-01 -3.297275e-04 -2.497418e-04 -2.617911e-04 -2.413194e-04
 7833.664014 8.101455e-01 1.217106e+00 9.193519e-01 1.369158e-01 -3.288483e-04 -2.559146e-04 -2.599445e-04 -2.330486e-04
 7835.413608 8.120599e-01 1.221565e+00 9.240753e-01 1.374341e-01 -3.417146e-04 -2.548518e-04 -2.639538e-04 -2.290747e-04
 7837.175394 8.089851e-01 1.218170e+00 9.163305e-01 1.378218e-01 -3.484475e-04 -2.564152e-04 -2.660150e-04 -2.302299e-04
 7838.949371 8.111888e-01 1.223427e+00 9.126505e-01 1.374525e-01 -3.476760e-04 -2.548380e-04 -2.621284e-04 -2.316100e-04
 7840.735541 8.105289e-01 1.224377e+00 9.031949e-01 1.383251e-01 -3.540437e-04 -2.453305e-04 -2.555634e-04 -2.299613e-04
 7842.533902 8.100378e-01 1.224513e+00 8.918576e-01 1.375250e-01 -3.509185e-04 -2.499016e-04 -2.488715e-04 -2.310312e-04
 7844.344455 8.091489e-01 1.224668e+00 8.814606e-01 1.368716e-01 -3.526573e-04 -2.529790e-04 -2.554149e-04 -2.363390e-04
 7846.167201 8.107516e-01 1.229107e+00 8.757701e-01 1.371183e-01 -3.499404e-04 -2.656032e-04 -2.763260e-04 -2.374161e-04
 7848.002138 8.079835e-01 1.225797e+00 8.667242e-01 1.379983e-01 -3.482410e-04 -2.594658e-04 -2.607424e-04 -2.558712e-04
 7849.849267 8.098115e-01 1.230423e+00 8.672501e-01 1.380110e-01 -3.397754e-04 -2.601451e-04 -2.481550e-04 -2.834146e-04
 7851.708588 8.079133e-01 1.229295e+00 8.675146e-01 1.376721e-01 -3.395643e-04 -2.639584e-04 -2.574413e-04 -2.782714e-04
 7853.580100 8.064097e-01 1.228528e+00 8.697973e-01 1.379571e-01 -3.440361e-04 -2.634980e-04 -2.642600e-04 -2.742066e-04
 7855.463805 8.005892e-01 1.221122e+00 8.656172e-01 1.364409e-01 -3.455755e-04 -2.601722e-04 -2.562628e-04 -2.831864e-04
 7857.359702 8.072264e-01 1.232689e+00 8.684918e-01 1.380425e-01 -3.439436e-04 -2.560844e-04 -2.564150e-04 -2.975718e-04
 7859.267790 8.067124e-01 1.233919e+00 8.569074e-01 1.380561e-01 -3.454201e-04 -2.455161e-04 -2.501319e-04 -3.002665e-04
 7861.188071 8.080738e-01 1.237199e+00 8.400050e-01 1.389939e-01 -3.437990e-04 -2.451562e-04 -2.306671e-04 -2.994289e-04
 7863.120543 8.062098e-01 1.235804e+00 8.159646e-01 1.389104e-01 -3.446944e-04 -2.449586e-04 -2.423795e-04 -2.992441e-04
 7865.065207 8.059673e-01 1.236612e+00 7.945968e-01 1.382499e-01 -3.394443e-04 -2.422466e-04 -2.361362e-04 -2.810188e-04
 7867.022064 8.045451e-01 1.235966e+00 7.753107e-01 1.389042e-01 -3.386031e-04 -2.460103e-04 -2.453140e-04 -2.826770e-04
 7868.991112 8.065034e-01 1.241550e+00 7.658570e-01 1.386838e-01 -3.435643e-04 -2.560606e-04 -2.492736e-04 -2.483657e-04
 7870.972352 8.059723e-01 1.242161e+00 7.569921e-01 1.396067e-01 -3.462638e-04 -2.496370e-04 -2.517602e-04 -2.311889e-04
 7872.965784 8.048695e-01 1.241569e+00 7.502470e-01 1.391105e-01 -3.430475e-04 -2.656590e-04 -2.558221e-04 -2.276950e-04
 7874.971407 8.046612e-01 1.243070e+00 7.475379e-01 1.398856e-01 -3.478208e-04 -2.632275e-04 -2.522079e-04 -2.207596e-04
 7876.989223 8.027183e-01 1.241621e+00 7.476849e-01 1.387092e-01 -3.447115e-04 -2.594671e-04 -2.518867e-04 -2.227007e-04
 7879.019231 8.044442e-01 1.246103e+00 7.586758e-01 1.402436e-01 -3.425238e-04 -2.526163e-04 -2.582295e-04 -2.369054e-04
 7881.061430 8.037946e-01 1.246810e+00 7.720032e-01 1.396738e-01 -3.518758e-04 -2.431840e-04 -2.571716e-04 -2.416208e-04
 7883.115822 8.025233e-01 1.246513e+00 7.910994e-01 1.391089e-01 -3.536163e-04 -2.403868e-04 -2.501063e-04 -2.301702e-04
 7885.182405 8.028562e-01 1.248460e+00 8.188720e-01 1.396686e-01 -3.570406e-04 -2.414181e-04 -2.490119e-04 -2.335165e-04
 7887.261180 8.017203e-01 1.247952e+00 8.494397e-01 1.392802e-01 -3.644755e-04 -2.514655e-04 -2.409818e-04 -2.267780e-04
 7889.352148 7.999286e-01 1.247091e+00 8.840718e-01 1.398461e-01 -3.612107e-04 -2.509889e-04 -2.451501e-04 -2.122543e-04
 7891.455307 8.027360e-01 1.254598e+00 9.286812e-01 1.404139e-01 -3.561580e-04 -2.484133e-04 -2.532203e-04 -2.205578e-04
 7893.570658 7.944399e-01 1.242836e+00 9.550071e-01 1.388360e-01 -3.485742e-04 -2.520924e-04 -2.512581e-04 -2.204661e-04
 7895.698201 7.964326e-01 1.247029e+00 9.857676e-01 1.396190e-01 -3.585422e-04 -2.464241e-04 -2.400808e-04 -2.242050e-04
 7897.837935 8.001812e-01 1.255524e+00 1.008518e+00 1.403121e-01 -3.568146e-04 -2.463162e-04 -2.502746e-04 -2.317268e-04
 7899.989862 7.994989e-01 1.256078e+00 1.013146e+00 1.399861e-01 -3.482880e-04 -2.450064e-04 -2.422909e-04 -2.273366e-04
 7902.153981 8.000148e-01 1.258538e+00 1.007873e+00 1.401342e-01 -3.547625e-04 -2.455020e-04 -2.459390e-04 -2.118395e-04
 7904.330291 7.983616e-01 1.257546e+00 9.929277e-01 1.401894e-01 -3.577161e-04 -2.453513e-04 -2.467051e-04 -2.147525e-04
 7906.518794 7.987733e-01 1.259670e+00 9.771723e-01 1.394924e-01 -3.530595e-04 -2.524315e-04 -2.485562e-04 -2.073778e-04
 7908.719488 7.989251e-01 1.262067e+00 9.636979e-01 1.399847e-01 -3.572394e-04 -2.510600e-04 -2.514988e-04 -2.123504e-04
 7910.932374 7.980478e-01 1.262273e+00 9.494780e-01 1.398583e-01 -3.547817e-04 -2.425799e-04 -2.548898e-04 -2.142116e-04
 7913.157453 7.982513e-01 1.264637e+00 9.407422e-01 1.406067e-01 -3.461488e-04 -2.404425e-04 -2.535368e-04 -2.116627e-04
 7915.394723 7.972314e-01 1.264660e+00 9.329895e-01 1.411626e-01 -3.403690e-04 -2.415742e-04 -2.411844e-04 -2.065554e-04
 7917.644185 7.971338e-01 1.266299e+00 9.304253e-01 1.411382e-01 -3.442814e-04 -2.359621e-04 -2.331875e-04 -2.068886e-04
 7919.905838 7.968901e-01 1.268208e+00 9.311576e-01 1.400620e-01 -3.496916e-04 -2.335647e-04 -2.328879e-04 -2.040270e-04
 7922.179684 7.971727e-01 1.270289e+00 9.341776e-01 1.408948e-01 -3.440743e-04 -2.418782e-04 -2.415973e-04 -2.078457e-04
 7924.465722 7.954398e-01 1.269393e+00 9.356811e-01 1.397308e-01 -3.475088e-04 -2.398038e-04 -2.314749e-04 -2.032813e-04
 7926.763952 7.970996e-01 1.274432e+00 9.436038e-01 1.409156e-01 -3.468784e-04 -2.338245e-04 -2.344296e-04 -1.956293e-04
 7929.074373 7.942602e-01 1.271272e+00 9.461303e-01 1.403663e-01 -3.482177e-04 -2.357107e-04 -2.282966e-04 -1.965551e-04
 7931.396987 7.944035e-01 1.273148e+00 9.551121e-01 1.406599e-01 -3.464932e-04 -2.369180e-04 -2.283373e-04 -2.033888e-04
 7933.731792 7.936528e-01 1.274175e+00 9.631904e-01 1.389645e-01 -3.477507e-04 -2.381546e-04 -2.230476e-04 -2.036850e-04
 7936.078789 7.921271e-01 1.273631e+00 9.673726e-01 1.408197e-01 -3.587203e-04 -2.349791e-04 -2.324393e-04 -2.020064e-04
 7938.437978 7.805271e-01 1.257523e+00 9.544784e-01 1.381378e-01 -3.632182e-04 -2.379880e-04 -2.478270e-04 -2.128294e-04
 7940.809359 7.935129e-01 1.279566e+00 9.616866e-01 1.410681e-01 -3.571526e-04 -2.344489e-04 -2.514302e-04 -2.083358e-04
 7943.192932 7.928338e-01 1.280275e+00 9.484673e-01 1.409121e-01 -3.453249e-04 -2.409811e-04 -2.480783e-04 -2.085360e-04
 7945.588697 7.943212e-01 1.285381e+00 9.375296e-01 1.419986e-01 -3.539951e-04 -2.339890e-04 -2.331823e-04 -2.105192e-04
 7947.996654 7.930669e-01 1.285546e+00 9.248187e-01 1.411645e-01 -3.588863e-04 -2.327115e-04 -2.303423e-04 -2.056137e-04
 7950.416803 7.921339e-01 1.285631e+00 9.144845e-01 1.410008e-01 -3.578126e-04 -2.378327e-04 -2.371753e-04 -1.997386e-04
 7952.849143 7.918703e-01 1.287345e+00 9.066927e-01 1.417093e-01 -3.547881e-04 -2.416337e-04 -2.474740e-04 -2.027857e-04
 7955.293676 7.919012e-01 1.289579e+00 9.035569e-01 1.412438e-01 -3.506800e-04 -2.361364e-04 -2.454878e-04 -2.043610e-04
 7957.750400 7.916613e-01 1.291188e+00 9.038060e-01 1.416605e-01 -3.565140e-04 -2.402528e-04 -2.419269e-04 -2.023070e-04
 7960.219317 7.903551e-01 1.291021e+00 9.078765e-01 1.417781e-01 -3.581118e-04 -2.410853e-04 -2.551798e-04 -2.126922e-04
 7962.700425 7.913794e-01 1.294837e+00 9.211100e-01 1.415092e-01 -3.563930e-04 -2.373843e-04 -2.507870e-04 -2.148624e-04
 7965.193725 7.895598e-01 1.293351e+00 9.356935e-01 1.416174e-01 -3.593561e-04 -2.295675e-04 -2.517813e-04 -2.176818e-04
 7967.699217 7.911191e-01 1.298341e+00 9.599003e-01 1.418289e-01 -3.539073e-04 -2.274889e-04 -2.473649e-04 -2.229952e-04
 7970.216901 7.885325e-01 1.296084e+00 9.790429e-01 1.417856e-01 -3.538339e-04 -2.312981e-04 -2.598308e-04 -2.294019e-04
 7972.746777 7.896513e-01 1.300638e+00 1.003283e+00 1.416024e-01 -3.494832e-04 -2.364901e-04 -2.503113e-04 -2.204936e-04
 7975.288845 7.880550e-01 1.300025e+00 1.021525e+00 1.425922e-01 -3.462868e-04 -2.367404e-04 -2.443112e-04 -2.193226e-04
 7977.843105 7.885625e-01 1.302720e+00 1.038023e+00 1.418289e-01 -3.412158e-04 -2.404204e-04 -2.507088e-04 -2.031263e-04
 7980.409556 7.865218e-01 1.301262e+00 1.045192e+00 1.420977e-01 -3.420226e-04 -2.485472e-04 -2.550990e-04 -2.112058e-04
 7982.988200 7.845591e-01 1.300120e+00 1.052023e+00 1.415918e-01 -3.414252e-04 -2.547778e-04 -2.568036e-04 -2.160658e-04
 7985.579035 7.824969e-01 1.299000e+00 1.055468e+00 1.428857e-01 -3.331640e-04 -2.621497e-04 -2.501019e-04 -2.170066e-04
 7988.182062 7.864111e-01 1.308178e+00 1.067903e+00 1.425581e-01 -3.413995e-04 -2.641268e-04 -2.536354e-04 -2.035002e-04
 7990.797282 7.853869e-01 1.308046e+00 1.071613e+00 1.429831e-01 -3.509661e-04 -2.535431e-04 -2.496920e-04 -2.064365e-04
 7993.424693 7.850073e-01 1.309727e+00 1.076590e+00 1.421919e-01 -3.456305e-04 -2.463598e-04 -2.385053e-04 -2.219532e-04
 7996.064296 7.843487e-01 1.310749e+00 1.081637e+00 1.433370e-01 -3.559077e-04 -2.481441e-04 -2.363064e-04 -2.226550e-04
 7998.716091 7.836908e-01 1.311833e+00 1.086206e+00 1.428800e-01 -3.553343e-04 -2.495298e-04 -2.402712e-04 -2.224707e-04
 8001.380078 7.839390e-01 1.314801e+00 1.090374e+00 1.428449e-01 -3.563043e-04 -2.444140e-04 -2.401049e-04 -2.302868e-04
 8004.056256 7.825902e-01 1.314300e+00 1.089233e+00 1.432552e-01 -3.599322e-04 -2.512889e-04 -2.370775e-04 -2.265158e-04
 8006.744627 7.832316e-01 1.317775e+00 1.089500e+00 1.425921e-01 -3.507410e-04 -2.497348e-04 -2.323630e-04 -2.242812e-04
 8009.445190 7.826497e-01 1.319568e+00 1.087510e+00 1.431329e-01 -3.547469e-04 -2.565020e-04 -2.419848e-04 -2.202994e-04
 8012.157944 7.829992e-01 1.322299e+00 1.086306e+00 1.433194e-01 -3.579780e-04 -2.534207e-04 -2.401726e-04 -2.227732e-04
 8014.882891 7.812357e-01 1.321020e+00 1.080874e+00 1.436695e-01 -3.615335e-04 -2.531351e-04 -2.390716e-04 -2.322617e-04
 8017.620029 7.817329e-01 1.324719e+00 1.080760e+00 1.432325e-01 -3.500535e-04 -2.565077e-04 -2.359399e-04 -2.147898e-04
 8020.369359 7.811419e-01 1.325686e+00 1.080135e+00 1.434820e-01 -3.459362e-04 -2.510704e-04 -2.355721e-04 -2.187492e-04
 8023.130881 7.791261e-01 1.324446e+00 1.078265e+00 1.439262e-01 -3.411569e-04 -2.449630e-04 -2.368320e-04 -2.252000e-04
 8025.904595 7.802802e-01 1.328809e+00 1.080807e+00 1.436880e-01 -3.450860e-04 -2.515306e-04 -2.394022e-04 -2.256032e-04
 8028.690501 7.787033e-01 1.328430e+00 1.078696e+00 1.443957e-01 -3.444508e-04 -2.503441e-04 -2.455141e-04 -2.187457e-04
 8031.488599 7.793497e-01 1.331774e+00 1.079323e+00 1.438080e-01 -3.472700e-04 -2.612039e-04 -2.550662e-04 -2.232544e-04
 8034.298889 7.783807e-01 1.332626e+00 1.076195e+00 1.446166e-01 -3.450518e-04 -2.629834e-04 -2.449276e-04 -2.136715e-04
 8037.121371 7.781423e-01 1.334936e+00 1.074424e+00 1.442005e-01 -3.399328e-04 -2.617723e-04 -2.444793e-04 -2.164301e-04
 8039.956044 7.774569e-01 1.335818e+00 1.071645e+00 1.441666e-01 -3.403467e-04 -2.698605e-04 -2.510893e-04 -2.166065e-04
 8042.802910 7.766730e-01 1.336872e+00 1.071551e+00 1.445334e-01 -3.409384e-04 -2.677661e-04 -2.558241e-04 -2.182085e-04
 8045.661967 7.766186e-01 1.339626e+00 1.074738e+00 1.444322e-01 -3.528019e-04 -2.624262e-04 -2.573050e-04 -2.218484e-04
 8048.533217 7.740079e-01 1.337099e+00 1.077312e+00 1.435971e-01 -3.487957e-04 -2.569249e-04 -2.494647e-04 -2.219339e-04
 8051.416658 7.720973e-01 1.336096e+00 1.083647e+00 1.435277e-01 -3.466061e-04 -2.487774e-04 -2.353590e-04 -2.255395e-04
 8054.312291 7.534051e-01 1.306495e+00 1.069442e+00 1.419281e-01 -3.558659e-04 -2.397389e-04 -2.427841e-04 -2.257411e-04
 8057.220116 7.671702e-01 1.332789e+00 1.101300e+00 1.431198e-01 -3.493613e-04 -2.391540e-04 -2.409010e-04 -2.212803e-04
 8060.140133 7.761387e-01 1.350537e+00 1.127329e+00 1.440969e-01 -3.368757e-04 -2.476697e-04 -2.330304e-04 -2.132965e-04
 8063.072342 7.741330e-01 1.349019e+00 1.136299e+00 1.443499e-01 -3.350215e-04 -2.510134e-04 -2.355538e-04 -2.271444e-04
 8066.016743 7.745477e-01 1.352296e+00 1.147100e+00 1.447168e-01 -3.321311e-04 -2.464681e-04 -2.462669e-04 -2.253670e-04
 8068.973335 7.730374e-01 1.352514e+00 1.151197e+00 1.447997e-01 -3.323873e-04 -2.456361e-04 -2.462071e-04 -2.198284e-04
 8071.942120 7.724943e-01 1.353470e+00 1.155008e+00 1.453393e-01 -3.363369e-04 -2.504319e-04 -2.432700e-04 -2.198017e-04
 8074.923096 7.713648e-01 1.353980e+00 1.157653e+00 1.446302e-01 -3.325130e-04 -2.582082e-04 -2.386894e-04 -2.275111e-04
 8077.916265 7.710439e-01 1.356309e+00 1.164983e+00 1.452499e-01 -3.367937e-04 -2.626240e-04 -2.448453e-04 -2.435028e-04
 8080.921625 7.699721e-01 1.356277e+00 1.172346e+00 1.445970e-01 -3.361166e-04 -2.621089e-04 -2.383767e-04 -2.399156e-04
 8083.939177 7.687280e-01 1.356361e+00 1.183021e+00 1.457329e-01 -3.391397e-04 -2.600931e-04 -2.341334e-04 -2.466298e-04
 8086.968921 7.682580e-01 1.358553e+00 1.195843e+00 1.440925e-01 -3.294913e-04 -2.611791e-04 -2.353508e-04 -2.370503e-04
 8090.010858 7.579008e-01 1.342740e+00 1.190164e+00 1.439303e-01 -3.257986e-04 -2.595248e-04 -2.329206e-04 -2.300312e-04
 8093.064985 7.494996e-01 1.330412e+00 1.184632e+00 1.423365e-01 -3.234663e-04 -2.596761e-04 -2.409043e-04 -2.365470e-04
 8096.131305 7.699849e-01 1.369280e+00 1.222347e+00 1.468437e-01 -3.292820e-04 -2.618508e-04 -2.374978e-04 -2.257262e-04
 8099.209817 7.685313e-01 1.369214e+00 1.225892e+00 1.460308e-01 -3.259207e-04 -2.694194e-04 -2.395836e-04 -2.200551e-04
 8102.300521 7.682248e-01 1.370924e+00 1.229652e+00 1.456979e-01 -3.370004e-04 -2.572110e-04 -2.405309e-04 -2.269246e-04
 8105.403416 7.666763e-01 1.370810e+00 1.232873e+00 1.457166e-01 -3.356575e-04 -2.612384e-04 -2.462169e-04 -2.255638e-04
 8108.518504 7.669618e-01 1.374024e+00 1.236925e+00 1.460790e-01 -3.258685e-04 -2.608843e-04 -2.476085e-04 -2.239879e-04
 8111.645783 7.671237e-01 1.377107e+00 1.241155e+00 1.468423e-01 -3.278366e-04 -2.602484e-04 -2.369840e-04 -2.209034e-04
 8114.785255 7.646347e-01 1.374597e+00 1.239719e+00 1.463910e-01 -3.285338e-04 -2.611334e-04 -2.318377e-04 -2.221626e-04
 8117.936918 7.649958e-01 1.377900e+00 1.242228e+00 1.466242e-01 -3.341846e-04 -2.558738e-04 -2.358066e-04 -2.264685e-04
 8121.100773 7.650171e-01 1.381106e+00 1.244175e+00 1.468305e-01 -3.388595e-04 -2.609055e-04 -2.331356e-04 -2.337737e-04
 8124.276820 7.633010e-01 1.380336e+00 1.242728e+00 1.456202e-01 -3.344088e-04 -2.572182e-04 -2.289410e-04 -2.317163e-04
 8127.465059 7.636981e-01 1.383877e+00 1.244942e+00 1.469993e-01 -3.360576e-04 -2.597009e-04 -2.226789e-04 -2.209431e-04
 8130.665490 7.626600e-01 1.384675e+00 1.245888e+00 1.469647e-01 -3.330268e-04 -2.645078e-04 -2.185930e-04 -2.186977e-04
 8133.878112 7.620264e-01 1.385877e+00 1.246823e+00 1.467009e-01 -3.399887e-04 -2.557863e-04 -2.217213e-04 -2.200804e-04
 8137.102927 7.618952e-01 1.388075e+00 1.248928e+00 1.468935e-01 -3.413982e-04 -2.429661e-04 -2.286931e-04 -2.208151e-04
 8140.339934 7.607971e-01 1.389125e+00 1.249985e+00 1.465306e-01 -3.359393e-04 -2.385746e-04 -2.248268e-04 -2.299688e-04
 8143.589132 7.601034e-01 1.390473e+00 1.252877e+00 1.461689e-01 -3.351199e-04 -2.414110e-04 -2.293613e-04 -2.318950e-04
 8146.850523 7.599957e-01 1.392785e+00 1.256922e+00 1.467790e-01 -3.424689e-04 -2.444945e-04 -2.310850e-04 -2.227325e-04
 8150.124105 7.586644e-01 1.393058e+00 1.258559e+00 1.470297e-01 -3.386691e-04 -2.407884e-04 -2.309940e-04 -2.282681e-04
 8153.409879 7.583409e-01 1.395259e+00 1.264066e+00 1.470412e-01 -3.468572e-04 -2.451786e-04 -2.246637e-04 -2.240175e-04
 8156.707845 7.581986e-01 1.397990e+00 1.272416e+00 1.473477e-01 -3.516419e-04 -2.439164e-04 -2.251369e-04 -2.327489e-04
 8160.018003 7.568195e-01 1.397723e+00 1.279603e+00 1.474586e-01 -3.440694e-04 -2.427933e-04 -2.307897e-04 -2.300328e-04
 8163.340353 7.564968e-01 1.400027e+00 1.290946e+00 1.466205e-01 -3.400470e-04 -2.460012e-04 -2.212428e-04 -2.244464e-04
 8166.674895 7.557787e-01 1.401423e+00 1.299461e+00 1.469113e-01 -3.439918e-04 -2.489411e-04 -2.208771e-04 -2.388176e-04
 8170.021629 7.551971e-01 1.403113e+00 1.308476e+00 1.477800e-01 -3.448824e-04 -2.537875e-04 -2.295060e-04 -2.432601e-04
 8173.380554 7.547668e-01 1.404714e+00 1.316090e+00 1.479233e-01 -3.385730e-04 -2.554543e-04 -2.342027e-04 -2.341931e-04
 8176.751672 7.536541e-01 1.405809e+00 1.321477e+00 1.475287e-01 -3.295538e-04 -2.409770e-04 -2.396078e-04 -2.368122e-04
 8180.134982 7.535085e-01 1.408137e+00 1.327590e+00 1.480337e-01 -3.261284e-04 -2.423527e-04 -2.375639e-04 -2.330936e-04
 8183.530483 7.531835e-01 1.410433e+00 1.333130e+00 1.478223e-01 -3.303585e-04 -2.426306e-04 -2.358284e-04 -2.294321e-04
 8186.938176 7.519533e-01 1.410987e+00 1.337009e+00 1.482411e-01 -3.214758e-04 -2.409795e-04 -2.319462e-04 -2.203567e-04
 8190.358061 7.513850e-01 1.412618e+00 1.342287e+00 1.480522e-01 -3.159677e-04 -2.448769e-04 -2.371075e-04 -2.193712e-04
 8193.790139 7.511359e-01 1.415097e+00 1.349322e+00 1.479090e-01 -3.150040e-04 -2.392548e-04 -2.505153e-04 -2.138277e-04
 8197.234408 7.498871e-01 1.415512e+00 1.355193e+00 1.485424e-01 -3.190177e-04 -2.421851e-04 -2.398852e-04 -2.074427e-04
 8200.690868 7.497557e-01 1.418173e+00 1.364748e+00 1.488416e-01 -3.218818e-04 -2.446910e-04 -2.319386e-04 -2.125150e-04
 8204.159521 7.498947e-01 1.421340e+00 1.375381e+00 1.484660e-01 -3.280911e-04 -2.370123e-04 -2.369376e-04 -2.212132e-04
 8207.640366 7.488812e-01 1.422103e+00 1.381903e+00 1.489103e-01 -3.322609e-04 -2.304294e-04 -2.354546e-04 -2.285492e-04
 8211.133403 7.485406e-01 1.424460e+00 1.389673e+00 1.488549e-01 -3.420391e-04 -2.372831e-04 -2.408591e-04 -2.274153e-04
 8214.638631 7.479725e-01 1.425823e+00 1.396774e+00 1.492344e-01 -3.379698e-04 -2.415838e-04 -2.365587e-04 -2.157163e-04
 8218.156052 7.470521e-01 1.426853e+00 1.403690e+00 1.498081e-01 -3.485286e-04 -2.423562e-04 -2.354281e-04 -2.109765e-04
 8221.685664 7.466472e-01 1.429351e+00 1.412028e+00 1.491658e-01 -3.472662e-04 -2.460509e-04 -2.401407e-04 -2.055329e-04
 8225.227468 7.462964e-01 1.431326e+00 1.419527e+00 1.493929e-01 -3.389992e-04 -2.392656e-04 -2.344867e-04 -2.157274e-04
 8228.781465 7.454911e-01 1.432769e+00 1.424879e+00 1.491585e-01 -3.320099e-04 -2.324476e-04 -2.326503e-04 -2.135832e-04
 8232.347653 7.449944e-01 1.434944e+00 1.430719e+00 1.494153e-01 -3.449555e-04 -2.353475e-04 -2.409256e-04 -2.133251e-04
 8235.926033 7.442982e-01 1.436475e+00 1.434421e+00 1.494789e-01 -3.474432e-04 -2.395481e-04 -2.492765e-04 -2.247672e-04
 8239.516605 7.440200e-01 1.438793e+00 1.439283e+00 1.497713e-01 -3.350491e-04 -2.383303e-04 -2.391796e-04 -2.205692e-04
 8243.119369 7.431439e-01 1.439859e+00 1.442049e+00 1.499630e-01 -3.296421e-04 -2.376551e-04 -2.377420e-04 -2.174823e-04
 8246.734324 7.427476e-01 1.442548e+00 1.445716e+00 1.496446e-01 -3.338893e-04 -2.384878e-04 -2.502029e-04 -2.295774e-04
 8250.361472 7.416700e-01 1.443242e+00 1.446460e+00 1.497743e-01 -3.430664e-04 -2.427431e-04 -2.390835e-04 -2.232505e-04
 8254.000811 7.416664e-01 1.446332e+00 1.449648e+00 1.503806e-01 -3.361395e-04 -2.451321e-04 -2.320802e-04 -2.280186e-04
 8257.652343 7.405224e-01 1.447197e+00 1.451202e+00 1.492920e-01 -3.398807e-04 -2.502241e-04 -2.292284e-04 -2.277054e-04
 8261.316066 7.391196e-01 1.446957e+00 1.450778e+00 1.498025e-01 -3.409892e-04 -2.406205e-04 -2.365419e-04 -2.343278e-04
 8264.991982 7.392812e-01 1.450784e+00 1.456450e+00 1.499073e-01 -3.319719e-04 -2.402686e-04 -2.388798e-04 -2.323627e-04
 8268.680089 7.380651e-01 1.451138e+00 1.460105e+00 1.503474e-01 -3.289809e-04 -2.476552e-04 -2.355228e-04 -2.277061e-04
 8272.380388 7.370877e-01 1.451867e+00 1.465426e+00 1.499398e-01 -3.261219e-04 -2.457654e-04 -2.281155e-04 -2.207810e-04
 8276.092879 7.348715e-01 1.450270e+00 1.471403e+00 1.500419e-01 -3.258590e-04 -2.482866e-04 -2.221557e-04 -2.241917e-04
 8279.817562 7.350749e-01 1.454086e+00 1.482504e+00 1.508305e-01 -3.327132e-04 -2.510907e-04 -2.350855e-04 -2.283379e-04
 8283.554437 7.354890e-01 1.457827e+00 1.493275e+00 1.508566e-01 -3.261415e-04 -2.493057e-04 -2.373555e-04 -2.311797e-04
 8287.303503 7.345005e-01 1.459114e+00 1.501654e+00 1.507644e-01 -3.222553e-04 -2.564189e-04 -2.360015e-04 -2.215585e-04
 8291.064762 7.341849e-01 1.461405e+00 1.510450e+00 1.508664e-01 -3.229133e-04 -2.547923e-04 -2.315307e-04 -2.243224e-04
 8294.838213 7.341170e-01 1.464579e+00 1.519753e+00 1.508810e-01 -3.205549e-04 -2.461353e-04 -2.254807e-04 -2.265860e-04
 8298.623855 7.322246e-01 1.463594e+00 1.524502e+00 1.510503e-01 -3.287390e-04 -2.476169e-04 -2.130000e-04 -2.086963e-04
 8302.421689 7.321326e-01 1.466472e+00 1.532575e+00 1.504329e-01 -3.320068e-04 -2.537245e-04 -2.354451e-04 -2.186319e-04
 8306.231716 7.316921e-01 1.468817e+00 1.540152e+00 1.504694e-01 -3.323391e-04 -2.494333e-04 -2.375758e-04 -2.274836e-04
 8310.053934 7.312628e-01 1.470723e+00 1.546855e+00 1.514778e-01 -3.343574e-04 -2.420718e-04 -2.349746e-04 -2.422792e-04
 8313.888344 7.302783e-01 1.471747e+00 1.553712e+00 1.510059e-01 -3.311621e-04 -2.404779e-04 -2.387123e-04 -2.606112e-04
 8317.734946 7.299261e-01 1.474621e+00 1.561337e+00 1.513460e-01 -3.373136e-04 -2.480475e-04 -2.284098e-04 -2.420631e-04
 8321.593740 7.290244e-01 1.475968e+00 1.568315e+00 1.517708e-01 -3.349981e-04 -2.526041e-04 -2.243028e-04 -2.200288e-04
 8325.464726 7.288291e-01 1.478455e+00 1.576175e+00 1.515675e-01 -3.243903e-04 -2.505186e-04 -2.286867e-04 -2.251378e-04
 8329.347903 7.281716e-01 1.480324e+00 1.582807e+00 1.521850e-01 -3.180002e-04 -2.551715e-04 -2.354889e-04 -2.220801e-04
 8333.243273 7.268622e-01 1.480724e+00 1.588304e+00 1.519153e-01 -3.217266e-04 -2.578904e-04 -2.327725e-04 -2.107374e-04
 8337.150835 7.256916e-01 1.481306e+00 1.594635e+00 1.524647e-01 -3.249687e-04 -2.572645e-04 -2.314628e-04 -2.162826e-04
 8341.070588 7.254874e-01 1.484232e+00 1.602440e+00 1.519817e-01 -3.266786e-04 -2.604965e-04 -2.257136e-04 -2.259333e-04
 8345.002533 7.245610e-01 1.485223e+00 1.609971e+00 1.522740e-01 -3.233715e-04 -2.600938e-04 -2.334640e-04 -2.207996e-04
 8348.946671 7.232012e-01 1.485787e+00 1.615449e+00 1.525494e-01 -3.332285e-04 -2.593312e-04 -2.413708e-04 -2.098183e-04
 8352.903000 7.217453e-01 1.485824e+00 1.620325e+00 1.521596e-01 -3.347907e-04 -2.651910e-04 -2.411123e-04 -2.119761e-04
 8356.871521 7.212989e-01 1.488403e+00 1.627634e+00 1.522163e-01 -3.273258e-04 -2.549510e-04 -2.276133e-04 -2.193371e-04
 8360.852234 7.204926e-01 1.489933e+00 1.634567e+00 1.523232e-01 -3.273441e-04 -2.501826e-04 -2.337632e-04 -2.198712e-04
 8364.845139 7.200050e-01 1.492137e+00 1.641018e+00 1.524850e-01 -3.307529e-04 -2.552976e-04 -2.374418e-04 -2.181274e-04
 8368.850236 7.189694e-01 1.493077e+00 1.646580e+00 1.520981e-01 -3.317014e-04 -2.570818e-04 -2.317304e-04 -2.225567e-04
 8372.867524 7.186615e-01 1.495493e+00 1.653232e+00 1.527646e-01 -3.264742e-04 -2.582237e-04 -2.361488e-04 -2.209088e-04
 8376.897005 7.180617e-01 1.497571e+00 1.659854e+00 1.526379e-01 -3.223592e-04 -2.534735e-04 -2.374853e-04 -2.135899e-04
 8380.938678 7.176049e-01 1.500471e+00 1.666131e+00 1.529995e-01 -3.263287e-04 -2.502900e-04 -2.457894e-04 -2.151994e-04
 8384.992542 7.164169e-01 1.500999e+00 1.670128e+00 1.525539e-01 -3.209939e-04 -2.557044e-04 -2.298086e-04 -2.593820e-04
 8389.058598 7.159882e-01 1.502873e+00 1.676463e+00 1.528058e-01 -3.233956e-04 -2.495342e-04 -2.279249e-04 -2.644845e-04
 8393.136847 7.149850e-01 1.504192e+00 1.681677e+00 1.526438e-01 -3.307394e-04 -2.492419e-04 -2.325931e-04 -2.574595e-04
 8397.227287 7.142587e-01 1.506200e+00 1.688630e+00 1.527205e-01 -3.305266e-04 -2.507855e-04 -2.348648e-04 -2.532913e-04
 8401.329919 7.127959e-01 1.506292e+00 1.693300e+00 1.529754e-01 -3.319977e-04 -2.490805e-04 -2.264301e-04 -2.224562e-04
 8405.444743 7.130425e-01 1.510001e+00 1.702468e+00 1.531497e-01 -3.198513e-04 -2.442452e-04 -2.291826e-04 -2.240810e-04
 8409.571759 7.122917e-01 1.511573e+00 1.709078e+00 1.531951e-01 -3.236151e-04 -2.473486e-04 -2.251631e-04 -2.230476e-04
 8413.710967 7.119014e-01 1.514053e+00 1.717225e+00 1.533995e-01 -3.235165e-04 -2.440571e-04 -2.171469e-04 -2.197695e-04
 8417.862366 7.111494e-01 1.516016e+00 1.725291e+00 1.538157e-01 -3.212532e-04 -2.480744e-04 -2.093409e-04 -2.178720e-04
 8422.025958 7.107407e-01 1.518574e+00 1.733710e+00 1.546145e-01 -3.285029e-04 -2.471778e-04 -2.094425e-04 -2.315505e-04
 8426.201742 7.101456e-01 1.520603e+00 1.742044e+00 1.539242e-01 -3.301282e-04 -2.547793e-04 -2.304412e-04 -2.225917e-04
 8430.389717 7.089724e-01 1.521324e+00 1.749129e+00 1.541081e-01 -3.240164e-04 -2.558750e-04 -2.286378e-04 -2.244469e-04
 8434.589884 7.081320e-01 1.522718e+00 1.756687e+00 1.543227e-01 -3.199747e-04 -2.516340e-04 -2.350653e-04 -2.273833e-04
 8438.802244 7.073582e-01 1.524441e+00 1.764356e+00 1.541253e-01 -3.285772e-04 -2.524919e-04 -2.356835e-04 -2.361887e-04
 8443.026795 7.064039e-01 1.525532e+00 1.770592e+00 1.535894e-01 -3.265186e-04 -2.622178e-04 -2.409245e-04 -2.312201e-04
 8447.263538 7.057963e-01 1.527833e+00 1.778924e+00 1.541256e-01 -3.275561e-04 -2.573652e-04 -2.392419e-04 -2.313655e-04
 8451.512473 7.047570e-01 1.528800e+00 1.787257e+00 1.545970e-01 -3.253382e-04 -2.541735e-04 -2.506058e-04 -2.229030e-04
 8455.773600 7.037448e-01 1.529911e+00 1.794699e+00 1.546132e-01 -3.172293e-04 -2.579984e-04 -2.505645e-04 -2.259218e-04
 8460.046919 7.033791e-01 1.532284e+00 1.803292e+00 1.541363e-01 -3.272672e-04 -2.463361e-04 -2.496415e-04 -2.352139e-04
 8464.332429 7.027199e-01 1.534296e+00 1.811763e+00 1.543962e-01 -3.301820e-04 -2.471421e-04 -2.556244e-04 -2.337789e-04
 8468.630132 7.017035e-01 1.535349e+00 1.818772e+00 1.548264e-01 -3.259301e-04 -2.456755e-04 -2.493526e-04 -2.317012e-04
 8472.940026 7.009680e-01 1.536929e+00 1.826315e+00 1.543913e-01 -3.263562e-04 -2.490077e-04 -2.426402e-04 -2.352007e-04
 8477.262113 7.003144e-01 1.539076e+00 1.835365e+00 1.543070e-01 -3.289678e-04 -2.485589e-04 -2.426374e-04 -2.352898e-04
 8481.596391 6.997451e-01 1.541288e+00 1.843818e+00 1.550647e-01 -3.323191e-04 -2.463629e-04 -2.407592e-04 -2.308042e-04
 8485.942861 6.987456e-01 1.542557e+00 1.851199e+00 1.553189e-01 -3.441853e-04 -2.482512e-04 -2.456595e-04 -2.228910e-04
 8490.301524 6.979044e-01 1.543814e+00 1.859164e+00 1.553625e-01 -3.407133e-04 -2.394812e-04 -2.466594e-04 -2.292826e-04
 8494.672378 6.973851e-01 1.545957e+00 1.867766e+00 1.552536e-01 -3.344552e-04 -2.547042e-04 -2.454820e-04 -2.344357e-04
 8499.055424 6.964771e-01 1.547482e+00 1.875847e+00 1.553472e-01 -3.340434e-04 -2.601649e-04 -2.407464e-04 -2.405659e-04
 8503.450662 6.951819e-01 1.548149e+00 1.881818e+00 1.556150e-01 -3.328208e-04 -2.598391e-04 -2.428464e-04 -2.435707e-04
 8507.858091 6.935181e-01 1.547992e+00 1.886681e+00 1.554837e-01 -3.335871e-04 -2.595089e-04 -2.358830e-04 -2.314148e-04
 8512.277713 6.907202e-01 1.545103e+00 1.888442e+00 1.556004e-01 -3.419905e-04 -2.599067e-04 -2.358393e-04 -2.306505e-04
 8516.709527 6.582385e-01 1.476533e+00 1.810420e+00 1.508968e-01 -3.475902e-04 -2.635566e-04 -2.397093e-04 -2.282799e-04
 8521.153532 6.478115e-01 1.456125e+00 1.791250e+00 1.459429e-01 -3.533985e-04 -2.624582e-04 -2.370704e-04 -2.514628e-04
 8525.609730 6.910877e-01 1.556600e+00 1.917751e+00 1.546071e-01 -3.504417e-04 -2.638787e-04 -2.272143e-04 -2.568173e-04
 8530.078119 6.916976e-01 1.561476e+00 1.929039e+00 1.553205e-01 -3.579832e-04 -2.632290e-04 -2.287510e-04 -2.795296e-04
 8534.558700 6.909439e-01 1.563302e+00 1.936624e+00 1.558371e-01 -3.566389e-04 -2.540628e-04 -2.333828e-04 -2.819034e-04
 8539.051473 6.900024e-01 1.564625e+00 1.943699e+00 1.558671e-01 -3.500194e-04 -2.507707e-04 -2.403028e-04 -2.767527e-04
 8543.556438 6.889735e-01 1.565384e+00 1.951135e+00 1.557478e-01 -3.487825e-04 -2.551930e-04 -2.319416e-04 -2.475605e-04
 8548.073595 6.882440e-01 1.567511e+00 1.959895e+00 1.562280e-01 -3.423418e-04 -2.653739e-04 -2.356126e-04 -2.423528e-04
 8552.602944 6.868355e-01 1.567264e+00 1.965455e+00 1.561203e-01 -3.456788e-04 -2.677163e-04 -2.381564e-04 -2.338864e-04
 8557.144485 6.861346e-01 1.569300e+00 1.973681e+00 1.562259e-01 -3.393061e-04 -2.669706e-04 -2.311613e-04 -2.298943e-04
 8561.698218 6.853072e-01 1.570900e+00 1.981287e+00 1.559633e-01 -3.363158e-04 -2.551049e-04 -2.225899e-04 -2.300784e-04
 8566.264142 6.843191e-01 1.572272e+00 1.988649e+00 1.562196e-01 -3.451238e-04 -2.562149e-04 -2.228833e-04 -2.437655e-04
 8570.842259 6.835504e-01 1.574009e+00 1.996768e+00 1.562397e-01 -3.440044e-04 -2.577107e-04 -2.301523e-04 -2.481800e-04
 8575.432567 6.827309e-01 1.575824e+00 2.004987e+00 1.566820e-01 -3.247114e-04 -2.582031e-04 -2.350290e-04 -2.424449e-04
 8580.035068 6.818191e-01 1.577285e+00 2.013059e+00 1.565165e-01 -3.297933e-04 -2.602936e-04 -2.423407e-04 -2.435261e-04
 8584.649760 6.807340e-01 1.578383e+00 2.020548e+00 1.565131e-01 -3.323339e-04 -2.664619e-04 -2.377884e-04 -2.529121e-04
 8589.276644 6.792789e-01 1.578539e+00 2.026421e+00 1.564230e-01 -3.229624e-04 -2.694456e-04 -2.262757e-04 -2.402326e-04
 8593.915720 6.778409e-01 1.578763e+00 2.033798e+00 1.568881e-01 -3.254831e-04 -2.639299e-04 -2.209620e-04 -2.576996e-04
 8598.566988 6.762707e-01 1.578863e+00 2.040897e+00 1.565784e-01 -3.209267e-04 -2.631715e-04 -2.287095e-04 -2.590316e-04
 8603.230448 6.738543e-01 1.576725e+00 2.044003e+00 1.562912e-01 -3.146019e-04 -2.616866e-04 -2.275111e-04 -2.493481e-04
 8607.906100 6.699801e-01 1.571142e+00 2.043970e+00 1.556729e-01 -3.300300e-04 -2.678315e-04 -2.221787e-04 -2.460768e-04
 8612.593943 6.476553e-01 1.522498e+00 1.987027e+00 1.512715e-01 -3.300279e-04 -2.677107e-04 -2.298923e-04 -2.430313e-04
 8617.293979 6.077904e-01 1.432435e+00 1.877675e+00 1.421888e-01 -3.344976e-04 -2.635290e-04 -2.327063e-04 -2.399648e-04
 8622.006206 6.829601e-01 1.612597e+00 2.116838e+00 1.588672e-01 -3.439057e-04 -2.707588e-04 -2.314450e-04 -2.386940e-04
 8626.730626 6.814880e-01 1.612614e+00 2.123540e+00 1.586821e-01 -3.362336e-04 -2.632158e-04 -2.331352e-04 -2.344921e-04
 8631.467237 6.784843e-01 1.609232e+00 2.125557e+00 1.585144e-01 -3.380370e-04 -2.596410e-04 -2.367960e-04 -2.448308e-04
 8636.216040 6.769161e-01 1.609102e+00 2.131965e+00 1.583008e-01 -3.397425e-04 -2.658495e-04 -2.403820e-04 -2.263119e-04
 8640.977036 6.756037e-01 1.609732e+00 2.139490e+00 1.583513e-01 -3.428941e-04 -2.678337e-04 -2.445586e-04 -2.186752e-04
 8645.750223 6.744129e-01 1.610352e+00 2.147211e+00 1.584625e-01 -3.385670e-04 -2.739384e-04 -2.403238e-04 -2.318096e-04
 8650.535602 6.732582e-01 1.611130e+00 2.154631e+00 1.585361e-01 -3.346542e-04 -2.689163e-04 -2.360388e-04 -2.285314e-04
 8655.333172 6.719745e-01 1.611753e+00 2.161835e+00 1.585799e-01 -3.417413e-04 -2.649590e-04 -2.406975e-04 -2.329789e-04
 8660.142935 6.710016e-01 1.613288e+00 2.170293e+00 1.584332e-01 -3.420934e-04 -2.645531e-04 -2.437601e-04 -2.364466e-04
 8664.964890 6.702004e-01 1.614705e+00 2.178652e+00 1.585688e-01 -3.404414e-04 -2.626171e-04 -2.450980e-04 -2.456437e-04
 8669.799037 5.978618e-01 1.443471e+00 1.952246e+00 1.417119e-01 -3.027619e-04 -2.358704e-04 -2.077720e-04 -2.290995e-04
 8674.645375 8.866513e-02 2.142489e-01 2.901215e-01 2.098444e-02 -4.414443e-05 -3.531124e-05 -2.943287e-05 -3.451948e-05
