# Facility: NSLS-II
# Beamline: QAS
# Year: 2022
# Cycle: 2
# SAF: 309337
# PI: Li
# Proposal: 309890
# Scan ID: 26260
# UID: adea5c34-6cfe-4bbc-9b29-c3fa22de75b9
# Comment: 
# Start time: 06/10/2022  08:46:53
# Stop time: 06/10/2022  08:47:25
# Total time: 00:32
# Trajectory name: Co-30s-7709.txt
# Element: Cobalt ( 27)
# Edge: K
# E0: 7709
# Reference Foil Element: Co
# Keithley Gains I0: 1E7 V/A It: 1E7 V/A Iref: 1E8 V/A PIPS: 1E8 V/A 
# Ion Chamber Gas Flow Rates: I0: 29.70 sccm He + 69.70 sccm N2 + 0.00 sccm Ar 
# Ion Chamber Gas Flow Rates: It&Iref: 79.80 sccm N2 + 20.10 sccm Ar
# Incident Beam Path Vertical: -27.48 mm
# Incident Slits Positions B: TOP: 1.0 mm Bottom: -1.0 mm Inboard: -1.5 mm Outboard: 1.5 mm
# Sample Stage Positions: Rotation: 45.0 deg Horizontal: 25.26 mm Vertical: -26.52 mm Beam Direction: 0.00 mm
# PerkinElmer Vertical Position: 500.00 mm
# Front End Mirror Horizontal Positions: Up: 14.00 mm Down: 14.00 mm
#
# energy  i0  it  ir  iff  aux1  aux2  aux3  aux4
 7517.877118 4.327701e-01 5.201206e-01 1.256086e+00 5.364678e-02 -1.951708e-04 -1.490546e-04 -1.193508e-04 -1.421861e-04
 7522.877118 8.561509e-01 1.031439e+00 2.495316e+00 1.062794e-01 -3.827953e-04 -2.914026e-04 -2.408259e-04 -2.810499e-04
 7527.877118 8.633685e-01 1.044119e+00 2.532127e+00 1.074056e-01 -3.925286e-04 -3.005065e-04 -2.495364e-04 -2.871421e-04
 7532.877118 8.626853e-01 1.047362e+00 2.546265e+00 1.075748e-01 -3.867411e-04 -2.985216e-04 -2.404699e-04 -2.821176e-04
 7537.877118 8.621995e-01 1.050709e+00 2.560377e+00 1.079114e-01 -3.840579e-04 -3.020149e-04 -2.440099e-04 -2.804004e-04
 7542.877118 8.610210e-01 1.053307e+00 2.573472e+00 1.081203e-01 -3.812665e-04 -3.022129e-04 -2.486821e-04 -2.829215e-04
 7547.877118 8.600404e-01 1.056242e+00 2.587462e+00 1.081224e-01 -3.930596e-04 -2.976251e-04 -2.482568e-04 -2.907030e-04
 7552.877118 8.590282e-01 1.058974e+00 2.601044e+00 1.086134e-01 -3.901287e-04 -3.014729e-04 -2.399554e-04 -2.879078e-04
 7557.877118 8.575520e-01 1.060976e+00 2.612506e+00 1.088771e-01 -3.888806e-04 -2.943093e-04 -2.355235e-04 -2.927831e-04
 7562.877118 8.558965e-01 1.062605e+00 2.622655e+00 1.086699e-01 -3.895633e-04 -2.922540e-04 -2.472186e-04 -2.847942e-04
 7567.877118 8.551028e-01 1.065499e+00 2.636811e+00 1.089937e-01 -3.863477e-04 -2.873832e-04 -2.525059e-04 -3.140921e-04
 7572.877118 8.530257e-01 1.066483e+00 2.646403e+00 1.092490e-01 -3.913282e-04 -2.927812e-04 -2.465754e-04 -3.057323e-04
 7577.877118 8.527261e-01 1.070475e+00 2.663360e+00 1.092231e-01 -3.922269e-04 -2.874924e-04 -2.489708e-04 -2.968658e-04
 7582.877118 8.521342e-01 1.073873e+00 2.677857e+00 1.093563e-01 -3.920621e-04 -2.936719e-04 -2.511879e-04 -2.901551e-04
 7587.877118 8.518426e-01 1.077683e+00 2.694515e+00 1.096383e-01 -3.887224e-04 -2.972412e-04 -2.567347e-04 -2.863612e-04
 7592.877118 8.510121e-01 1.080455e+00 2.709057e+00 1.096094e-01 -3.852476e-04 -2.952682e-04 -2.578968e-04 -2.828740e-04
 7597.877118 8.495419e-01 1.082570e+00 2.720839e+00 1.098520e-01 -3.844633e-04 -2.913326e-04 -2.492871e-04 -2.864310e-04
 7602.877118 8.475787e-01 1.084321e+00 2.731818e+00 1.099235e-01 -3.918125e-04 -3.024175e-04 -2.390918e-04 -2.877347e-04
 7607.877118 8.485377e-01 1.089658e+00 2.752497e+00 1.104101e-01 -3.910154e-04 -2.939324e-04 -2.403652e-04 -2.855042e-04
 7612.877118 8.472628e-01 1.091964e+00 2.765426e+00 1.104603e-01 -3.875911e-04 -2.849654e-04 -2.449687e-04 -2.825206e-04
 7617.877118 8.472158e-01 1.096067e+00 2.781896e+00 1.109272e-01 -3.912381e-04 -2.835770e-04 -2.419056e-04 -2.830350e-04
 7622.877118 8.465077e-01 1.099393e+00 2.797409e+00 1.110447e-01 -3.887666e-04 -2.848473e-04 -2.452741e-04 -2.863583e-04
 7627.877118 8.452625e-01 1.101765e+00 2.810262e+00 1.113205e-01 -3.868705e-04 -2.859358e-04 -2.443237e-04 -2.890559e-04
 7632.877118 8.444404e-01 1.104863e+00 2.824602e+00 1.114005e-01 -3.909173e-04 -2.776195e-04 -2.448556e-04 -2.822525e-04
 7637.877118 8.437668e-01 1.108394e+00 2.841061e+00 1.116978e-01 -3.724275e-04 -2.721034e-04 -2.422723e-04 -2.792783e-04
 7642.877118 8.433115e-01 1.111975e+00 2.857387e+00 1.121578e-01 -3.737998e-04 -2.797120e-04 -2.406528e-04 -2.841711e-04
 7647.877118 8.418127e-01 1.114082e+00 2.869369e+00 1.116033e-01 -3.840959e-04 -2.904052e-04 -2.372082e-04 -2.855675e-04
 7652.877118 8.392256e-01 1.114498e+00 2.876245e+00 1.116206e-01 -3.810147e-04 -2.987736e-04 -2.440018e-04 -2.887921e-04
 7657.877118 8.397610e-01 1.119739e+00 2.896380e+00 1.122817e-01 -3.802783e-04 -3.069609e-04 -2.615858e-04 -2.931678e-04
 7662.877118 8.397306e-01 1.123731e+00 2.913195e+00 1.126682e-01 -3.802706e-04 -3.134028e-04 -2.593208e-04 -2.930032e-04
 7667.877118 8.391205e-01 1.127114e+00 2.928411e+00 1.127230e-01 -3.901435e-04 -3.143168e-04 -2.515915e-04 -2.911537e-04
 7672.877118 8.386248e-01 1.131112e+00 2.944916e+00 1.131397e-01 -3.849469e-04 -3.100026e-04 -2.502866e-04 -2.796052e-04
 7677.877118 8.382461e-01 1.134675e+00 2.958878e+00 1.133083e-01 -3.842734e-04 -3.102046e-04 -2.497184e-04 -2.817757e-04
 7679.000000 8.384779e-01 1.135976e+00 2.963981e+00 1.138817e-01 -3.762005e-04 -3.097403e-04 -2.528237e-04 -2.864511e-04
 7680.000000 8.368938e-01 1.134622e+00 2.960721e+00 1.126187e-01 -3.798792e-04 -3.053124e-04 -2.501168e-04 -2.861513e-04
 7681.000000 8.366491e-01 1.135209e+00 2.961803e+00 1.131543e-01 -3.831655e-04 -3.167944e-04 -2.490364e-04 -2.897696e-04
 7682.000000 8.349473e-01 1.133955e+00 2.960937e+00 1.132475e-01 -3.793622e-04 -3.158516e-04 -2.508970e-04 -2.834723e-04
 7683.000000 8.230694e-01 1.118623e+00 2.922246e+00 1.114263e-01 -3.764186e-04 -3.134396e-04 -2.564508e-04 -2.707042e-04
 7684.000000 8.094077e-01 1.101154e+00 2.877687e+00 1.096592e-01 -3.739378e-04 -3.132290e-04 -2.612376e-04 -2.781831e-04
 7685.000000 8.323617e-01 1.132502e+00 2.958042e+00 1.126543e-01 -3.758438e-04 -3.066259e-04 -2.627960e-04 -2.877291e-04
 7686.000000 8.402043e-01 1.143720e+00 2.987506e+00 1.147581e-01 -3.660653e-04 -3.027773e-04 -2.541282e-04 -2.850540e-04
 7686.200000 8.380280e-01 1.141403e+00 2.981779e+00 1.186954e-01 -3.648066e-04 -3.081373e-04 -2.565516e-04 -2.836246e-04
 7686.400000 8.371818e-01 1.140233e+00 2.980896e+00 1.128042e-01 -3.666028e-04 -3.019567e-04 -2.624699e-04 -2.933071e-04
 7686.600000 8.448524e-01 1.151427e+00 3.011123e+00 1.147608e-01 -3.680795e-04 -3.023210e-04 -2.526976e-04 -2.942244e-04
 7686.800000 8.384680e-01 1.142461e+00 2.985429e+00 1.091456e-01 -3.664798e-04 -2.924773e-04 -2.337174e-04 -2.900857e-04
 7687.000000 8.263538e-01 1.126116e+00 2.944483e+00 1.092862e-01 -3.690852e-04 -3.016565e-04 -2.278410e-04 -2.913357e-04
 7687.200000 8.448497e-01 1.151263e+00 3.010099e+00 1.172916e-01 -3.836637e-04 -2.990074e-04 -2.369012e-04 -2.848250e-04
 7687.400000 8.447765e-01 1.152128e+00 3.013956e+00 1.174568e-01 -3.872321e-04 -2.916800e-04 -2.307559e-04 -2.959333e-04
 7687.600000 8.340913e-01 1.137510e+00 2.972059e+00 1.119659e-01 -3.838497e-04 -2.945745e-04 -2.334809e-04 -2.879547e-04
 7687.800000 8.416382e-01 1.147713e+00 2.999153e+00 1.141314e-01 -3.826339e-04 -2.972086e-04 -2.271780e-04 -2.861881e-04
 7688.000000 8.367577e-01 1.141005e+00 2.984298e+00 1.144696e-01 -3.708030e-04 -3.084187e-04 -2.305334e-04 -2.756358e-04
 7688.200000 8.363572e-01 1.140285e+00 2.981559e+00 1.164309e-01 -3.844282e-04 -3.115163e-04 -2.401255e-04 -2.888034e-04
 7688.400000 8.397800e-01 1.145060e+00 2.993100e+00 1.128715e-01 -3.823797e-04 -3.076522e-04 -2.509286e-04 -2.875464e-04
 7688.600000 8.422667e-01 1.148904e+00 3.004805e+00 1.104718e-01 -3.833141e-04 -3.009481e-04 -2.429638e-04 -2.889759e-04
 7688.800000 8.380278e-01 1.143720e+00 2.986854e+00 1.141608e-01 -3.736002e-04 -3.069225e-04 -2.411762e-04 -2.924956e-04
 7689.000000 8.368899e-01 1.142325e+00 2.984595e+00 1.152614e-01 -3.809928e-04 -3.014918e-04 -2.433438e-04 -3.032087e-04
 7689.200000 8.364228e-01 1.142009e+00 2.986238e+00 1.139148e-01 -3.891185e-04 -3.023220e-04 -2.491699e-04 -3.032876e-04
 7689.400000 8.439319e-01 1.152091e+00 3.015043e+00 1.126385e-01 -3.850082e-04 -3.000531e-04 -2.504562e-04 -2.929605e-04
 7689.600000 8.294448e-01 1.132638e+00 2.960490e+00 1.152225e-01 -3.701815e-04 -3.020021e-04 -2.533769e-04 -2.898019e-04
 7689.800000 8.451632e-01 1.155018e+00 3.019070e+00 1.152054e-01 -3.827267e-04 -3.054288e-04 -2.550069e-04 -2.843874e-04
 7690.000000 8.418476e-01 1.150331e+00 3.009475e+00 1.143380e-01 -3.843304e-04 -3.088158e-04 -2.596094e-04 -2.827686e-04
 7690.200000 8.390361e-01 1.146624e+00 2.998311e+00 1.145974e-01 -3.928966e-04 -3.065355e-04 -2.648530e-04 -2.890104e-04
 7690.400000 8.336972e-01 1.138734e+00 2.978762e+00 1.158656e-01 -3.884737e-04 -3.053599e-04 -2.619263e-04 -2.818467e-04
 7690.600000 8.402776e-01 1.147819e+00 3.003563e+00 1.139953e-01 -3.888436e-04 -3.011440e-04 -2.717078e-04 -2.829242e-04
 7690.800000 8.383130e-01 1.146013e+00 2.995739e+00 1.138681e-01 -3.821069e-04 -3.028752e-04 -2.472259e-04 -2.822842e-04
 7691.000000 8.385885e-01 1.146065e+00 2.997943e+00 1.142445e-01 -3.815073e-04 -3.035187e-04 -2.480534e-04 -2.827929e-04
 7691.200000 8.378324e-01 1.145359e+00 2.993801e+00 1.141199e-01 -3.759096e-04 -3.094098e-04 -2.558412e-04 -2.891731e-04
 7691.400000 8.385820e-01 1.146341e+00 2.998094e+00 1.130007e-01 -3.686437e-04 -3.178556e-04 -2.661338e-04 -2.921805e-04
 7691.600000 8.351456e-01 1.142030e+00 2.984894e+00 1.125775e-01 -3.753217e-04 -3.232068e-04 -2.573730e-04 -2.937760e-04
 7691.800000 8.345246e-01 1.141418e+00 2.986767e+00 1.141609e-01 -3.773853e-04 -3.159021e-04 -2.518960e-04 -2.945394e-04
 7692.000000 8.412862e-01 1.150527e+00 3.010420e+00 1.125731e-01 -3.800883e-04 -2.991453e-04 -2.596215e-04 -2.917244e-04
 7692.200000 8.348364e-01 1.142075e+00 2.985290e+00 1.144505e-01 -3.700621e-04 -2.954446e-04 -2.561869e-04 -3.029632e-04
 7692.400000 8.423283e-01 1.152417e+00 3.013405e+00 1.169421e-01 -3.735012e-04 -2.988720e-04 -2.570508e-04 -3.038646e-04
 7692.600000 8.370929e-01 1.145594e+00 2.997027e+00 1.146768e-01 -3.772524e-04 -3.042771e-04 -2.562983e-04 -2.857513e-04
 7692.800000 8.383171e-01 1.147454e+00 2.997681e+00 1.117895e-01 -3.865450e-04 -3.116552e-04 -2.529338e-04 -2.776194e-04
 7693.000000 8.389640e-01 1.148541e+00 3.002963e+00 1.135114e-01 -3.884352e-04 -3.108933e-04 -2.608999e-04 -2.664129e-04
 7693.200000 8.337655e-01 1.141471e+00 2.984823e+00 1.144035e-01 -3.871109e-04 -3.017587e-04 -2.515916e-04 -2.659725e-04
 7693.400000 8.341654e-01 1.142212e+00 2.986301e+00 1.135750e-01 -3.877281e-04 -3.029294e-04 -2.577004e-04 -2.756333e-04
 7693.600000 8.380311e-01 1.148216e+00 3.001537e+00 1.137167e-01 -3.824572e-04 -3.043273e-04 -2.708240e-04 -2.917417e-04
 7693.800000 8.407486e-01 1.151831e+00 3.010568e+00 1.148647e-01 -3.844726e-04 -3.033880e-04 -2.722643e-04 -2.852374e-04
 7694.000000 8.381528e-01 1.148385e+00 3.000940e+00 1.138495e-01 -3.841935e-04 -3.159643e-04 -2.716795e-04 -2.916573e-04
 7694.200000 8.330985e-01 1.141480e+00 2.981995e+00 1.145704e-01 -3.862731e-04 -3.123418e-04 -2.535366e-04 -2.919247e-04
 7694.400000 8.357954e-01 1.145516e+00 2.994651e+00 1.146787e-01 -3.916155e-04 -3.006151e-04 -2.528203e-04 -2.828845e-04
 7694.600000 8.352124e-01 1.145100e+00 2.993474e+00 1.143990e-01 -3.896656e-04 -2.921440e-04 -2.531934e-04 -2.904916e-04
 7694.800000 8.461980e-01 1.160317e+00 3.031308e+00 1.135247e-01 -3.943554e-04 -2.937388e-04 -2.566993e-04 -2.900608e-04
 7695.000000 8.355992e-01 1.145639e+00 2.992371e+00 1.136135e-01 -3.919744e-04 -3.019226e-04 -2.489365e-04 -2.799977e-04
 7695.200000 8.370936e-01 1.147493e+00 3.000562e+00 1.133005e-01 -3.887150e-04 -3.043076e-04 -2.479769e-04 -2.814198e-04
 7695.400000 8.308890e-01 1.138849e+00 2.978426e+00 1.117346e-01 -3.946850e-04 -3.044868e-04 -2.373358e-04 -2.935605e-04
 7695.600000 8.418430e-01 1.154699e+00 3.016888e+00 1.152716e-01 -3.959945e-04 -3.102406e-04 -2.435238e-04 -2.950210e-04
 7695.800000 8.316988e-01 1.141298e+00 2.980397e+00 1.151232e-01 -3.808589e-04 -3.162822e-04 -2.492117e-04 -2.845588e-04
 7696.000000 8.390019e-01 1.150877e+00 3.005738e+00 1.144054e-01 -3.880166e-04 -3.210408e-04 -2.550986e-04 -2.884907e-04
 7696.200000 8.358666e-01 1.146571e+00 2.993123e+00 1.130853e-01 -3.876425e-04 -3.094374e-04 -2.511944e-04 -2.860987e-04
 7696.400000 8.310707e-01 1.140403e+00 2.975443e+00 1.136360e-01 -3.900709e-04 -3.058813e-04 -2.542219e-04 -2.825495e-04
 7696.600000 8.368914e-01 1.148471e+00 2.997918e+00 1.152506e-01 -3.871807e-04 -3.144446e-04 -2.433850e-04 -2.909140e-04
 7696.800000 8.416825e-01 1.156009e+00 3.019433e+00 1.170557e-01 -3.856524e-04 -3.182378e-04 -2.397293e-04 -2.878489e-04
 7697.000000 8.402785e-01 1.154413e+00 3.012095e+00 1.133690e-01 -3.862538e-04 -3.112110e-04 -2.538697e-04 -2.787086e-04
 7697.200000 8.384814e-01 1.151975e+00 3.005477e+00 1.126196e-01 -3.783321e-04 -3.123469e-04 -2.607893e-04 -2.731258e-04
 7697.400000 8.330055e-01 1.143782e+00 2.986366e+00 1.154445e-01 -3.779049e-04 -3.158450e-04 -2.611994e-04 -2.858013e-04
 7697.600000 8.382902e-01 1.151201e+00 3.003361e+00 1.132938e-01 -3.797269e-04 -3.169178e-04 -2.554024e-04 -2.892976e-04
 7697.800000 8.345888e-01 1.146227e+00 2.989596e+00 1.148493e-01 -3.810069e-04 -3.118726e-04 -2.662978e-04 -2.794917e-04
 7698.000000 8.450233e-01 1.160996e+00 3.029473e+00 1.150878e-01 -3.837366e-04 -3.200132e-04 -2.494095e-04 -2.763067e-04
 7698.200000 8.339507e-01 1.146000e+00 2.988954e+00 1.120380e-01 -3.871938e-04 -3.124522e-04 -2.596246e-04 -2.844169e-04
 7698.400000 8.357287e-01 1.148338e+00 2.991967e+00 1.142741e-01 -3.871719e-04 -3.069171e-04 -2.570214e-04 -2.802739e-04
 7698.600000 8.381330e-01 1.151832e+00 3.002165e+00 1.154739e-01 -3.954271e-04 -3.142167e-04 -2.444766e-04 -2.792828e-04
 7698.800000 8.346268e-01 1.147390e+00 2.991958e+00 1.145243e-01 -3.952563e-04 -3.058822e-04 -2.551304e-04 -2.866662e-04
 7699.000000 8.330485e-01 1.145526e+00 2.985666e+00 1.124482e-01 -3.902480e-04 -3.077038e-04 -2.569223e-04 -2.882670e-04
 7699.200000 8.426825e-01 1.159156e+00 3.019614e+00 1.158695e-01 -3.979453e-04 -3.095682e-04 -2.675645e-04 -2.919852e-04
 7699.400000 8.338620e-01 1.146581e+00 2.985092e+00 1.141578e-01 -3.921572e-04 -3.080825e-04 -2.584246e-04 -2.781648e-04
 7699.600000 8.321165e-01 1.144338e+00 2.979545e+00 1.122515e-01 -4.043414e-04 -3.060048e-04 -2.635496e-04 -2.911027e-04
 7699.800000 8.367498e-01 1.151093e+00 2.997770e+00 1.148466e-01 -3.969792e-04 -2.983526e-04 -2.740373e-04 -2.949423e-04
 7700.000000 8.471557e-01 1.166105e+00 3.036439e+00 1.162649e-01 -3.975869e-04 -2.921362e-04 -2.720227e-04 -3.064904e-04
 7700.200000 8.362373e-01 1.150309e+00 2.993621e+00 1.133776e-01 -3.956966e-04 -2.890801e-04 -2.730372e-04 -2.977457e-04
 7700.400000 8.353059e-01 1.149250e+00 2.990302e+00 1.146198e-01 -4.042298e-04 -2.971309e-04 -2.710370e-04 -3.009969e-04
 7700.600000 8.344327e-01 1.147965e+00 2.987511e+00 1.159888e-01 -3.946624e-04 -2.883624e-04 -2.685743e-04 -3.044446e-04
 7700.800000 8.390248e-01 1.154937e+00 3.003557e+00 1.166929e-01 -3.927709e-04 -2.937203e-04 -2.525702e-04 -2.998614e-04
 7701.000000 8.370937e-01 1.152500e+00 2.995438e+00 1.143814e-01 -3.874319e-04 -2.802763e-04 -2.535999e-04 -2.958846e-04
 7701.200000 8.342547e-01 1.148362e+00 2.984524e+00 1.116463e-01 -3.879586e-04 -2.791996e-04 -2.510980e-04 -3.000467e-04
 7701.400000 8.355483e-01 1.149928e+00 2.988933e+00 1.141909e-01 -3.858987e-04 -2.879640e-04 -2.519240e-04 -3.025220e-04
 7701.600000 8.367237e-01 1.151968e+00 2.993477e+00 1.160780e-01 -3.901004e-04 -2.851068e-04 -2.521692e-04 -2.959913e-04
 7701.800000 8.394726e-01 1.156743e+00 3.001288e+00 1.140313e-01 -3.898851e-04 -2.816142e-04 -2.757663e-04 -3.013154e-04
 7702.000000 8.322335e-01 1.146678e+00 2.972848e+00 1.138769e-01 -3.943377e-04 -2.901513e-04 -2.615045e-04 -2.934119e-04
 7702.200000 8.346009e-01 1.149257e+00 2.976713e+00 1.142914e-01 -3.968258e-04 -3.028840e-04 -2.633811e-04 -2.969014e-04
 7702.400000 8.414579e-01 1.159100e+00 3.003441e+00 1.142883e-01 -3.948957e-04 -2.987767e-04 -2.606006e-04 -3.017930e-04
 7702.600000 8.363147e-01 1.152237e+00 2.985022e+00 1.154454e-01 -3.962008e-04 -3.023185e-04 -2.588859e-04 -2.998227e-04
 7702.800000 8.341888e-01 1.149728e+00 2.975179e+00 1.141806e-01 -3.952136e-04 -3.100667e-04 -2.517896e-04 -2.958703e-04
 7703.000000 8.367236e-01 1.153269e+00 2.981916e+00 1.141892e-01 -4.036556e-04 -3.199980e-04 -2.298572e-04 -2.955794e-04
 7703.200000 8.324219e-01 1.147659e+00 2.965469e+00 1.124133e-01 -3.998832e-04 -3.058891e-04 -2.337915e-04 -2.978065e-04
 7703.400000 8.353891e-01 1.151871e+00 2.974047e+00 1.129490e-01 -3.917683e-04 -3.014128e-04 -2.380807e-04 -2.917359e-04
 7703.600000 8.353806e-01 1.152197e+00 2.973447e+00 1.142169e-01 -3.913675e-04 -2.939646e-04 -2.376819e-04 -2.782033e-04
 7703.800000 8.362376e-01 1.153600e+00 2.974427e+00 1.161355e-01 -3.881532e-04 -2.969425e-04 -2.588302e-04 -2.871685e-04
 7704.000000 8.355036e-01 1.152701e+00 2.969686e+00 1.153992e-01 -3.967390e-04 -3.019682e-04 -2.533759e-04 -2.919584e-04
 7704.200000 8.354774e-01 1.152683e+00 2.967357e+00 1.144765e-01 -3.879791e-04 -3.047728e-04 -2.532803e-04 -2.888847e-04
 7704.400000 8.348439e-01 1.151750e+00 2.958754e+00 1.135108e-01 -3.916076e-04 -3.071036e-04 -2.454296e-04 -2.838117e-04
 7704.600000 8.326473e-01 1.149301e+00 2.947806e+00 1.143560e-01 -3.999758e-04 -2.988882e-04 -2.537859e-04 -2.760286e-04
 7704.800000 8.367853e-01 1.155196e+00 2.960547e+00 1.157739e-01 -3.948883e-04 -3.064944e-04 -2.560608e-04 -2.698757e-04
 7705.000000 8.348951e-01 1.152754e+00 2.948501e+00 1.133378e-01 -3.931555e-04 -3.061923e-04 -2.526044e-04 -2.805037e-04
 7705.200000 8.340927e-01 1.152002e+00 2.942495e+00 1.150273e-01 -3.951145e-04 -3.109734e-04 -2.421257e-04 -2.904787e-04
 7705.400000 8.354976e-01 1.153547e+00 2.940972e+00 1.149612e-01 -3.965382e-04 -3.101536e-04 -2.505934e-04 -2.886625e-04
 7705.600000 8.343398e-01 1.152829e+00 2.933240e+00 1.142990e-01 -3.878887e-04 -3.064679e-04 -2.407323e-04 -2.691835e-04
 7705.800000 8.340361e-01 1.152358e+00 2.922123e+00 1.146824e-01 -3.899612e-04 -3.111284e-04 -2.408894e-04 -2.749866e-04
 7706.000000 8.360546e-01 1.155513e+00 2.921896e+00 1.153408e-01 -3.974873e-04 -3.101350e-04 -2.505511e-04 -2.767140e-04
 7706.200000 8.360095e-01 1.155646e+00 2.912789e+00 1.153423e-01 -3.958650e-04 -3.093413e-04 -2.536548e-04 -2.767075e-04
 7706.400000 8.344765e-01 1.153854e+00 2.894418e+00 1.144247e-01 -3.933401e-04 -3.148659e-04 -2.449889e-04 -2.830414e-04
 7706.600000 8.332292e-01 1.152500e+00 2.876908e+00 1.152945e-01 -3.891914e-04 -3.192056e-04 -2.562016e-04 -2.925504e-04
 7706.800000 8.347101e-01 1.154508e+00 2.864931e+00 1.146831e-01 -3.904273e-04 -3.209120e-04 -2.534906e-04 -2.929545e-04
 7707.000000 8.348217e-01 1.154592e+00 2.842505e+00 1.154541e-01 -4.009688e-04 -3.188786e-04 -2.470882e-04 -2.930152e-04
 7707.200000 8.335243e-01 1.153111e+00 2.809599e+00 1.152122e-01 -3.944679e-04 -3.201750e-04 -2.561943e-04 -2.851825e-04
 7707.400000 8.342606e-01 1.154367e+00 2.777602e+00 1.137170e-01 -3.888159e-04 -3.237461e-04 -2.603528e-04 -2.903413e-04
 7707.600000 8.326523e-01 1.152690e+00 2.728468e+00 1.153121e-01 -3.814525e-04 -3.231611e-04 -2.524695e-04 -2.914257e-04
 7707.800000 8.312474e-01 1.150832e+00 2.671289e+00 1.145795e-01 -3.902840e-04 -3.189182e-04 -2.656969e-04 -3.006836e-04
 7708.000000 8.339154e-01 1.154447e+00 2.621295e+00 1.150258e-01 -3.986269e-04 -3.248613e-04 -2.519792e-04 -2.988361e-04
 7708.200000 8.331389e-01 1.153623e+00 2.553403e+00 1.151104e-01 -4.056245e-04 -3.182101e-04 -2.515488e-04 -2.975283e-04
 7708.400000 8.344183e-01 1.155374e+00 2.489590e+00 1.151795e-01 -4.096373e-04 -3.180784e-04 -2.562435e-04 -3.074824e-04
 7708.600000 8.316060e-01 1.151580e+00 2.413902e+00 1.145937e-01 -4.007601e-04 -3.246253e-04 -2.384646e-04 -3.002268e-04
 7708.800000 8.351971e-01 1.156667e+00 2.360795e+00 1.153341e-01 -3.992597e-04 -3.212599e-04 -2.475912e-04 -2.939193e-04
 7709.000000 8.362518e-01 1.158726e+00 2.303534e+00 1.161661e-01 -4.036635e-04 -3.120237e-04 -2.460972e-04 -2.947805e-04
 7709.200000 8.354596e-01 1.157430e+00 2.240473e+00 1.161392e-01 -4.009848e-04 -3.094616e-04 -2.571797e-04 -3.039652e-04
 7709.400000 8.348579e-01 1.157095e+00 2.183763e+00 1.148488e-01 -3.935271e-04 -3.100816e-04 -2.434866e-04 -2.948269e-04
 7709.600000 8.344462e-01 1.156696e+00 2.129827e+00 1.148299e-01 -3.955674e-04 -3.124474e-04 -2.290198e-04 -2.868351e-04
 7709.800000 8.353786e-01 1.158080e+00 2.082587e+00 1.154197e-01 -4.016135e-04 -3.189502e-04 -2.428713e-04 -2.902391e-04
 7710.000000 8.373149e-01 1.161003e+00 2.041719e+00 1.162492e-01 -3.967098e-04 -3.118033e-04 -2.399463e-04 -2.913373e-04
 7710.200000 8.341619e-01 1.156680e+00 1.990500e+00 1.160969e-01 -3.950725e-04 -3.141588e-04 -2.468706e-04 -2.947779e-04
 7710.400000 8.337333e-01 1.155946e+00 1.950406e+00 1.155644e-01 -3.918625e-04 -3.143531e-04 -2.505262e-04 -2.800626e-04
 7710.600000 8.349020e-01 1.157842e+00 1.918639e+00 1.148783e-01 -3.985659e-04 -3.144516e-04 -2.485137e-04 -2.775430e-04
 7710.800000 8.358689e-01 1.159350e+00 1.890600e+00 1.158853e-01 -4.016679e-04 -3.122584e-04 -2.454826e-04 -2.809656e-04
 7711.000000 8.349638e-01 1.158365e+00 1.861498e+00 1.159522e-01 -3.920051e-04 -3.039490e-04 -2.504264e-04 -2.875513e-04
 7711.200000 8.335300e-01 1.156337e+00 1.834913e+00 1.158568e-01 -3.954939e-04 -3.060845e-04 -2.402269e-04 -2.851140e-04
 7711.400000 8.347585e-01 1.158192e+00 1.818546e+00 1.160781e-01 -3.903100e-04 -3.157178e-04 -2.288845e-04 -2.860855e-04
 7711.600000 8.319632e-01 1.154478e+00 1.794436e+00 1.158975e-01 -3.898706e-04 -3.167749e-04 -2.259958e-04 -2.833663e-04
 7711.800000 8.339784e-01 1.157469e+00 1.786097e+00 1.157888e-01 -3.945047e-04 -3.144946e-04 -2.258479e-04 -2.846041e-04
 7712.000000 8.350204e-01 1.159031e+00 1.779083e+00 1.165507e-01 -3.908856e-04 -3.094906e-04 -2.388677e-04 -2.755887e-04
 7712.200000 8.355226e-01 1.159547e+00 1.770884e+00 1.171784e-01 -3.878237e-04 -3.136234e-04 -2.583972e-04 -2.736647e-04
 7712.400000 8.340757e-01 1.157519e+00 1.761378e+00 1.171953e-01 -3.821013e-04 -3.204533e-04 -2.587453e-04 -2.783126e-04
 7712.600000 8.345100e-01 1.158398e+00 1.757760e+00 1.175386e-01 -3.753264e-04 -3.254095e-04 -2.544372e-04 -2.752569e-04
 7712.800000 8.362480e-01 1.160876e+00 1.756512e+00 1.187598e-01 -3.664478e-04 -3.173002e-04 -2.521652e-04 -2.796237e-04
 7713.000000 8.339430e-01 1.157673e+00 1.747295e+00 1.183359e-01 -3.688702e-04 -3.146383e-04 -2.546856e-04 -2.855166e-04
 7713.200000 8.358312e-01 1.160442e+00 1.748033e+00 1.189188e-01 -3.649985e-04 -3.122066e-04 -2.541261e-04 -2.938315e-04
 7713.400000 8.350133e-01 1.159272e+00 1.740555e+00 1.193916e-01 -3.669385e-04 -3.117958e-04 -2.512076e-04 -2.872306e-04
 7713.600000 8.341539e-01 1.158008e+00 1.731724e+00 1.197394e-01 -3.685291e-04 -3.112125e-04 -2.517367e-04 -2.967478e-04
 7713.800000 8.325460e-01 1.155934e+00 1.718825e+00 1.199210e-01 -3.680837e-04 -3.117762e-04 -2.491353e-04 -2.878582e-04
 7714.000000 8.329625e-01 1.156318e+00 1.708363e+00 1.201427e-01 -3.714259e-04 -3.043705e-04 -2.491230e-04 -2.762202e-04
 7714.200000 8.333041e-01 1.156713e+00 1.695442e+00 1.209843e-01 -3.755050e-04 -3.014471e-04 -2.404330e-04 -2.783096e-04
 7714.400000 8.343327e-01 1.158157e+00 1.681648e+00 1.214462e-01 -3.760422e-04 -3.037143e-04 -2.382800e-04 -2.801938e-04
 7714.600000 8.338765e-01 1.157534e+00 1.662035e+00 1.220254e-01 -3.812472e-04 -3.090345e-04 -2.499006e-04 -2.845966e-04
 7714.800000 8.341715e-01 1.158106e+00 1.643733e+00 1.226139e-01 -3.741768e-04 -3.103571e-04 -2.387707e-04 -2.821311e-04
 7715.000000 8.314973e-01 1.154433e+00 1.616661e+00 1.221318e-01 -3.806102e-04 -3.092576e-04 -2.475326e-04 -2.807537e-04
 7715.200000 8.301489e-01 1.152614e+00 1.590754e+00 1.218902e-01 -3.853138e-04 -3.100296e-04 -2.531137e-04 -2.681915e-04
 7715.400000 8.347353e-01 1.159646e+00 1.580135e+00 1.232787e-01 -3.837168e-04 -3.053360e-04 -2.434026e-04 -2.827262e-04
 7715.600000 8.341332e-01 1.158575e+00 1.556857e+00 1.222201e-01 -3.723508e-04 -3.079959e-04 -2.384934e-04 -2.801852e-04
 7715.800000 8.338309e-01 1.158069e+00 1.532909e+00 1.216380e-01 -3.640125e-04 -3.056429e-04 -2.556994e-04 -2.781396e-04
 7716.000000 8.329186e-01 1.157457e+00 1.509670e+00 1.225959e-01 -3.605589e-04 -3.110800e-04 -2.524925e-04 -2.645503e-04
 7716.200000 8.280160e-01 1.150740e+00 1.478795e+00 1.206680e-01 -3.626761e-04 -3.089577e-04 -2.486085e-04 -2.567095e-04
 7716.400000 8.339354e-01 1.159294e+00 1.470190e+00 1.231304e-01 -3.731427e-04 -3.114747e-04 -2.505671e-04 -2.692740e-04
 7716.600000 8.305707e-01 1.154275e+00 1.442217e+00 1.206274e-01 -3.806817e-04 -3.104274e-04 -2.557309e-04 -2.674746e-04
 7716.800000 8.339755e-01 1.159556e+00 1.428915e+00 1.221267e-01 -3.760896e-04 -3.054880e-04 -2.610809e-04 -2.702343e-04
 7717.000000 8.327465e-01 1.158007e+00 1.406413e+00 1.223499e-01 -3.759037e-04 -3.116941e-04 -2.584061e-04 -2.750886e-04
 7717.200000 8.332823e-01 1.158646e+00 1.387801e+00 1.211834e-01 -3.819617e-04 -3.087173e-04 -2.572901e-04 -2.723269e-04
 7717.400000 8.303627e-01 1.154697e+00 1.363113e+00 1.222789e-01 -3.823860e-04 -3.036904e-04 -2.648269e-04 -2.788485e-04
 7717.600000 8.328934e-01 1.158216e+00 1.346931e+00 1.233402e-01 -3.853661e-04 -3.006057e-04 -2.606092e-04 -2.775567e-04
 7717.800000 8.327277e-01 1.158100e+00 1.326800e+00 1.239403e-01 -3.956675e-04 -3.075291e-04 -2.631785e-04 -2.785177e-04
 7718.000000 8.318414e-01 1.156900e+00 1.306348e+00 1.227679e-01 -3.894972e-04 -3.078746e-04 -2.512873e-04 -2.727226e-04
 7718.200000 8.316521e-01 1.156490e+00 1.286219e+00 1.237644e-01 -3.816166e-04 -2.995027e-04 -2.490670e-04 -2.805995e-04
 7718.400000 8.324260e-01 1.157754e+00 1.266768e+00 1.252187e-01 -3.759818e-04 -3.009418e-04 -2.631654e-04 -2.846239e-04
 7718.600000 8.324941e-01 1.158063e+00 1.247184e+00 1.245238e-01 -3.728990e-04 -3.005751e-04 -2.689674e-04 -2.645634e-04
 7718.800000 8.324037e-01 1.157831e+00 1.226992e+00 1.232753e-01 -3.823963e-04 -3.024945e-04 -2.714372e-04 -2.649843e-04
 7719.000000 8.311240e-01 1.155720e+00 1.204203e+00 1.257516e-01 -3.710592e-04 -2.964092e-04 -2.693057e-04 -2.744747e-04
 7719.200000 8.342327e-01 1.160862e+00 1.190461e+00 1.250324e-01 -3.735585e-04 -2.963012e-04 -2.640577e-04 -2.678264e-04
 7719.400000 8.314452e-01 1.156716e+00 1.164975e+00 1.278480e-01 -3.761183e-04 -3.068912e-04 -2.663330e-04 -2.713898e-04
 7719.600000 8.318159e-01 1.157079e+00 1.145999e+00 1.276308e-01 -3.758269e-04 -3.002259e-04 -2.599568e-04 -2.765143e-04
 7719.800000 8.327975e-01 1.158753e+00 1.125415e+00 1.268419e-01 -3.694852e-04 -2.988485e-04 -2.603592e-04 -2.745526e-04
 7720.000000 8.325662e-01 1.158238e+00 1.105342e+00 1.274329e-01 -3.638363e-04 -2.968737e-04 -2.550070e-04 -2.795887e-04
 7720.200000 8.334530e-01 1.159411e+00 1.086980e+00 1.277639e-01 -3.561375e-04 -3.028604e-04 -2.629205e-04 -2.794795e-04
 7720.400000 8.317626e-01 1.157296e+00 1.063555e+00 1.279374e-01 -3.635747e-04 -3.053711e-04 -2.614312e-04 -2.811874e-04
 7720.600000 8.311981e-01 1.156407e+00 1.043794e+00 1.278939e-01 -3.604426e-04 -3.048215e-04 -2.614977e-04 -2.670340e-04
 7720.800000 8.325002e-01 1.158036e+00 1.023009e+00 1.291117e-01 -3.672455e-04 -3.008023e-04 -2.788308e-04 -2.669487e-04
 7721.000000 8.314115e-01 1.156481e+00 1.001738e+00 1.286488e-01 -3.774892e-04 -2.964189e-04 -2.766572e-04 -2.671058e-04
 7721.200000 8.345992e-01 1.161062e+00 9.859749e-01 1.298138e-01 -3.770549e-04 -2.943115e-04 -2.730566e-04 -2.622451e-04
 7721.400000 8.299681e-01 1.155218e+00 9.609235e-01 1.285828e-01 -3.833376e-04 -2.909624e-04 -2.770439e-04 -2.767292e-04
 7721.600000 8.339342e-01 1.160658e+00 9.451262e-01 1.311073e-01 -3.731354e-04 -2.918623e-04 -2.610197e-04 -2.775922e-04
 7721.800000 8.299249e-01 1.154603e+00 9.194582e-01 1.297574e-01 -3.676984e-04 -2.940143e-04 -2.621027e-04 -2.788207e-04
 7722.000000 8.351249e-01 1.162240e+00 9.089101e-01 1.300806e-01 -3.640634e-04 -2.884401e-04 -2.710775e-04 -2.822231e-04
 7722.200000 8.325809e-01 1.158883e+00 8.878715e-01 1.312596e-01 -3.738246e-04 -2.942562e-04 -2.669204e-04 -2.794550e-04
 7722.400000 8.315174e-01 1.157414e+00 8.693731e-01 1.318607e-01 -3.753162e-04 -3.078149e-04 -2.650949e-04 -2.813817e-04
 7722.600000 8.320331e-01 1.158373e+00 8.539010e-01 1.306333e-01 -3.770926e-04 -2.996516e-04 -2.671525e-04 -2.850518e-04
 7722.800000 8.319747e-01 1.157935e+00 8.367114e-01 1.316146e-01 -3.797836e-04 -2.876112e-04 -2.737412e-04 -2.861622e-04
 7723.000000 8.328828e-01 1.159450e+00 8.234584e-01 1.333757e-01 -3.754438e-04 -2.905110e-04 -2.711513e-04 -2.748065e-04
 7723.200000 8.277953e-01 1.152260e+00 8.034334e-01 1.318505e-01 -3.721238e-04 -2.972336e-04 -2.672638e-04 -2.768912e-04
 7723.400000 8.327473e-01 1.159013e+00 7.977714e-01 1.312005e-01 -3.787727e-04 -2.970489e-04 -2.606929e-04 -2.795419e-04
 7723.600000 8.332271e-01 1.160203e+00 7.885854e-01 1.355448e-01 -3.876836e-04 -2.976625e-04 -2.695628e-04 -2.842887e-04
 7723.800000 8.319863e-01 1.158498e+00 7.769697e-01 1.334695e-01 -3.823419e-04 -3.009030e-04 -2.666454e-04 -2.725767e-04
 7724.000000 8.287868e-01 1.153882e+00 7.655131e-01 1.328355e-01 -3.819436e-04 -3.019075e-04 -2.681143e-04 -2.705198e-04
 7724.200000 8.320684e-01 1.158893e+00 7.613382e-01 1.330366e-01 -3.732484e-04 -3.034689e-04 -2.686407e-04 -2.717257e-04
 7724.400000 8.351257e-01 1.163003e+00 7.591516e-01 1.363969e-01 -3.723487e-04 -2.971905e-04 -2.633411e-04 -2.771603e-04
 7724.600000 8.315798e-01 1.157787e+00 7.505718e-01 1.345608e-01 -3.757286e-04 -2.943906e-04 -2.652135e-04 -2.792363e-04
 7724.800000 8.294079e-01 1.155169e+00 7.438461e-01 1.347762e-01 -3.768684e-04 -2.964344e-04 -2.666636e-04 -2.827980e-04
 7725.000000 8.291218e-01 1.154177e+00 7.413539e-01 1.350396e-01 -3.746566e-04 -3.047050e-04 -2.602906e-04 -2.885428e-04
 7725.200000 8.266961e-01 1.150857e+00 7.360807e-01 1.354632e-01 -3.811335e-04 -3.078850e-04 -2.659775e-04 -2.979369e-04
 7725.400000 8.331447e-01 1.160279e+00 7.402559e-01 1.364960e-01 -3.826961e-04 -3.002880e-04 -2.680937e-04 -2.928975e-04
 7725.600000 8.265560e-01 1.151604e+00 7.337661e-01 1.326134e-01 -3.877419e-04 -3.018733e-04 -2.710470e-04 -2.930913e-04
 7725.800000 8.308985e-01 1.157524e+00 7.376017e-01 1.373017e-01 -3.863200e-04 -3.057523e-04 -2.592115e-04 -3.004520e-04
 7726.000000 8.327126e-01 1.160338e+00 7.385675e-01 1.380050e-01 -3.787977e-04 -2.996533e-04 -2.574257e-04 -2.958995e-04
 7726.200000 8.312940e-01 1.158149e+00 7.371555e-01 1.357450e-01 -3.881331e-04 -2.997988e-04 -2.719889e-04 -2.968335e-04
 7726.400000 8.291575e-01 1.155229e+00 7.368171e-01 1.369398e-01 -3.932724e-04 -3.080405e-04 -2.588804e-04 -2.838421e-04
 7726.600000 8.329704e-01 1.160764e+00 7.398079e-01 1.381342e-01 -3.958760e-04 -3.080770e-04 -2.495942e-04 -2.840160e-04
 7726.800000 8.296088e-01 1.155988e+00 7.377050e-01 1.370279e-01 -3.896828e-04 -3.098318e-04 -2.552077e-04 -2.907321e-04
 7727.000000 8.347914e-01 1.163485e+00 7.425330e-01 1.367072e-01 -3.959726e-04 -3.124095e-04 -2.666111e-04 -2.873355e-04
 7727.200000 8.304542e-01 1.157461e+00 7.392587e-01 1.359752e-01 -3.946027e-04 -3.040359e-04 -2.521190e-04 -2.908323e-04
 7727.400000 8.315437e-01 1.159321e+00 7.424282e-01 1.364590e-01 -3.964621e-04 -3.096988e-04 -2.467881e-04 -2.959537e-04
 7727.600000 8.297855e-01 1.157305e+00 7.426774e-01 1.394302e-01 -3.965011e-04 -3.096679e-04 -2.510837e-04 -2.965008e-04
 7727.800000 8.341690e-01 1.163234e+00 7.475673e-01 1.385115e-01 -3.869329e-04 -3.104887e-04 -2.514663e-04 -2.927432e-04
 7728.000000 8.332590e-01 1.162054e+00 7.482287e-01 1.381498e-01 -3.932589e-04 -3.087574e-04 -2.524083e-04 -3.003475e-04
 7728.200000 8.308721e-01 1.159160e+00 7.467036e-01 1.379897e-01 -3.920993e-04 -3.067051e-04 -2.509466e-04 -2.941953e-04
 7728.400000 8.300178e-01 1.158259e+00 7.475590e-01 1.369848e-01 -3.890682e-04 -3.079388e-04 -2.581398e-04 -2.958977e-04
 7728.600000 8.254099e-01 1.151648e+00 7.426832e-01 1.373478e-01 -3.912044e-04 -3.144137e-04 -2.652952e-04 -2.941286e-04
 7728.800000 8.237151e-01 1.149458e+00 7.407919e-01 1.375836e-01 -3.875195e-04 -3.186062e-04 -2.672856e-04 -2.958069e-04
 7729.000000 8.336364e-01 1.163456e+00 7.510113e-01 1.363457e-01 -3.936221e-04 -3.123561e-04 -2.680503e-04 -2.917065e-04
 7729.200000 8.309569e-01 1.160091e+00 7.475926e-01 1.372905e-01 -3.989096e-04 -2.992419e-04 -2.561300e-04 -2.851150e-04
 7729.400000 8.280456e-01 1.155983e+00 7.444695e-01 1.379348e-01 -3.956800e-04 -3.030815e-04 -2.711667e-04 -2.971066e-04
 7729.600000 8.323049e-01 1.162299e+00 7.476264e-01 1.364304e-01 -3.902871e-04 -3.154387e-04 -2.625735e-04 -3.047093e-04
 7729.800000 8.312677e-01 1.161316e+00 7.442901e-01 1.398545e-01 -3.899368e-04 -3.131965e-04 -2.530210e-04 -3.159724e-04
 7730.000000 8.355877e-01 1.167423e+00 7.466920e-01 1.398565e-01 -3.863944e-04 -3.122319e-04 -2.556661e-04 -3.328363e-04
 7730.200000 8.297388e-01 1.158962e+00 7.372894e-01 1.363197e-01 -3.807466e-04 -3.101508e-04 -2.553029e-04 -3.243931e-04
 7730.400000 8.316262e-01 1.161719e+00 7.354680e-01 1.388661e-01 -3.903393e-04 -3.167243e-04 -2.644348e-04 -3.281081e-04
 7730.600000 8.278843e-01 1.157075e+00 7.295458e-01 1.390398e-01 -3.786296e-04 -3.057861e-04 -2.529035e-04 -3.272488e-04
 7730.800000 8.304117e-01 1.160934e+00 7.272309e-01 1.377486e-01 -3.765108e-04 -3.031393e-04 -2.694187e-04 -3.382312e-04
 7731.000000 8.305520e-01 1.161074e+00 7.230394e-01 1.354276e-01 -3.733042e-04 -2.964866e-04 -2.694465e-04 -3.337960e-04
 7731.200000 8.248086e-01 1.152976e+00 7.125640e-01 1.391865e-01 -3.630397e-04 -2.963641e-04 -2.609620e-04 -3.336314e-04
 7731.400000 8.319856e-01 1.162603e+00 7.144947e-01 1.385309e-01 -3.804098e-04 -3.087426e-04 -2.748595e-04 -3.415863e-04
 7731.600000 8.308965e-01 1.161784e+00 7.098024e-01 1.371341e-01 -3.883102e-04 -3.024959e-04 -2.630935e-04 -3.269692e-04
 7731.800000 8.266656e-01 1.155943e+00 6.996112e-01 1.350808e-01 -3.890330e-04 -2.916378e-04 -2.571823e-04 -3.285394e-04
 7732.000000 8.324929e-01 1.164457e+00 7.030189e-01 1.384970e-01 -3.933235e-04 -3.032221e-04 -2.615979e-04 -3.335562e-04
 7732.200000 8.312844e-01 1.162685e+00 6.975203e-01 1.408577e-01 -3.850049e-04 -3.116507e-04 -2.483291e-04 -3.334046e-04
 7732.400000 8.239122e-01 1.152563e+00 6.866302e-01 1.353340e-01 -3.815365e-04 -3.086163e-04 -2.466126e-04 -3.366637e-04
 7732.600000 8.336663e-01 1.166712e+00 6.941256e-01 1.397449e-01 -3.877245e-04 -3.102029e-04 -2.401453e-04 -3.427903e-04
 7732.800000 8.285848e-01 1.159258e+00 6.875236e-01 1.389040e-01 -3.877626e-04 -3.165896e-04 -2.434168e-04 -3.358246e-04
 7733.000000 8.328491e-01 1.165079e+00 6.900379e-01 1.399218e-01 -4.009156e-04 -3.150067e-04 -2.485467e-04 -3.415219e-04
 7733.200000 8.326154e-01 1.165359e+00 6.886638e-01 1.416014e-01 -4.076632e-04 -3.131629e-04 -2.327245e-04 -3.315825e-04
 7733.400000 8.301191e-01 1.162259e+00 6.862660e-01 1.385490e-01 -4.085497e-04 -3.058755e-04 -2.302145e-04 -3.313004e-04
 7733.600000 8.282959e-01 1.159538e+00 6.852941e-01 1.384946e-01 -3.991526e-04 -3.096623e-04 -2.458399e-04 -3.322731e-04
 7733.800000 8.258795e-01 1.156092e+00 6.849302e-01 1.372106e-01 -3.934867e-04 -3.221497e-04 -2.223358e-04 -3.153698e-04
 7734.000000 8.319077e-01 1.164666e+00 6.922543e-01 1.409244e-01 -3.905521e-04 -3.141459e-04 -2.371428e-04 -3.177454e-04
 7734.200000 8.276972e-01 1.159455e+00 6.888564e-01 1.388331e-01 -3.794617e-04 -3.086112e-04 -2.379002e-04 -3.293781e-04
 7734.400000 8.311023e-01 1.164178e+00 6.946148e-01 1.405156e-01 -3.851577e-04 -3.061093e-04 -2.336614e-04 -3.288196e-04
 7734.600000 8.253051e-01 1.156261e+00 6.916873e-01 1.386096e-01 -3.851808e-04 -3.028284e-04 -2.365952e-04 -3.294670e-04
 7734.800000 8.293022e-01 1.161931e+00 6.990770e-01 1.402110e-01 -3.926207e-04 -3.102294e-04 -2.517346e-04 -3.410267e-04
 7735.000000 8.315168e-01 1.165395e+00 7.048724e-01 1.396219e-01 -3.890168e-04 -3.177901e-04 -2.469375e-04 -3.399815e-04
 7735.200000 8.300595e-01 1.163811e+00 7.072350e-01 1.384853e-01 -3.814115e-04 -3.092937e-04 -2.583194e-04 -3.453128e-04
 7735.400000 8.282690e-01 1.160940e+00 7.094921e-01 1.367762e-01 -3.827833e-04 -3.056503e-04 -2.405333e-04 -3.415869e-04
 7735.600000 8.358184e-01 1.172304e+00 7.185058e-01 1.402850e-01 -3.977306e-04 -2.988059e-04 -2.357481e-04 -3.419196e-04
 7735.800000 8.290269e-01 1.162544e+00 7.160904e-01 1.385759e-01 -3.902819e-04 -2.996764e-04 -2.466553e-04 -3.449643e-04
 7736.000000 8.270387e-01 1.159734e+00 7.170287e-01 1.393742e-01 -3.852981e-04 -2.926531e-04 -2.385116e-04 -3.430321e-04
 7736.200000 8.259865e-01 1.158888e+00 7.184838e-01 1.381212e-01 -3.879821e-04 -2.944744e-04 -2.498468e-04 -3.440532e-04
 7736.400000 8.287603e-01 1.162569e+00 7.257331e-01 1.387994e-01 -3.864445e-04 -2.949025e-04 -2.687330e-04 -3.492306e-04
 7736.600000 8.339072e-01 1.170148e+00 7.330447e-01 1.418667e-01 -3.870022e-04 -3.001115e-04 -2.483094e-04 -3.387221e-04
 7736.800000 8.290970e-01 1.163456e+00 7.291014e-01 1.391783e-01 -3.880033e-04 -3.019642e-04 -2.626939e-04 -3.400034e-04
 7737.000000 8.249614e-01 1.157885e+00 7.276722e-01 1.397116e-01 -3.882135e-04 -3.009996e-04 -2.670519e-04 -3.432247e-04
 7737.200000 8.257029e-01 1.158479e+00 7.309956e-01 1.371787e-01 -3.887577e-04 -3.055719e-04 -2.596955e-04 -3.458537e-04
 7737.400000 8.292296e-01 1.163749e+00 7.336893e-01 1.348405e-01 -3.981761e-04 -3.108505e-04 -2.542628e-04 -3.486995e-04
 7737.600000 8.255846e-01 1.159024e+00 7.335732e-01 1.382529e-01 -3.941565e-04 -3.069993e-04 -2.591116e-04 -3.467610e-04
 7737.800000 8.234217e-01 1.156902e+00 7.337115e-01 1.392708e-01 -3.905786e-04 -3.105503e-04 -2.481606e-04 -3.381971e-04
 7738.000000 8.294793e-01 1.165665e+00 7.409942e-01 1.370665e-01 -3.959007e-04 -3.124668e-04 -2.569772e-04 -3.464215e-04
 7738.200000 8.314298e-01 1.168212e+00 7.440492e-01 1.385250e-01 -3.947401e-04 -3.042820e-04 -2.502279e-04 -3.372967e-04
 7738.400000 8.247457e-01 1.159922e+00 7.385884e-01 1.376916e-01 -3.866400e-04 -3.076195e-04 -2.509012e-04 -3.223310e-04
 7738.600000 8.308880e-01 1.168884e+00 7.455281e-01 1.349715e-01 -3.928155e-04 -3.140093e-04 -2.415636e-04 -3.243903e-04
 7738.800000 8.287186e-01 1.165327e+00 7.450662e-01 1.351436e-01 -3.980306e-04 -3.094718e-04 -2.394262e-04 -3.430076e-04
 7739.000000 8.248427e-01 1.160121e+00 7.432233e-01 1.354739e-01 -3.923450e-04 -3.135035e-04 -2.577149e-04 -3.460941e-04
 7739.200000 8.305566e-01 1.167672e+00 7.494112e-01 1.383644e-01 -3.942930e-04 -3.235172e-04 -2.504653e-04 -3.536606e-04
 7739.400000 8.287208e-01 1.165495e+00 7.514500e-01 1.359364e-01 -3.970644e-04 -3.140029e-04 -2.461529e-04 -3.525897e-04
 7739.600000 8.284667e-01 1.165595e+00 7.513212e-01 1.352607e-01 -3.960173e-04 -3.135738e-04 -2.568222e-04 -3.203956e-04
 7739.800000 8.254063e-01 1.161608e+00 7.492828e-01 1.365755e-01 -3.996237e-04 -3.190300e-04 -2.457125e-04 -2.841906e-04
 7740.000000 8.252805e-01 1.162489e+00 7.538473e-01 1.347885e-01 -3.957554e-04 -3.147951e-04 -2.355015e-04 -2.860953e-04
 7740.200000 8.241197e-01 1.160235e+00 7.552244e-01 1.353645e-01 -3.934271e-04 -3.118420e-04 -2.539485e-04 -2.864871e-04
 7740.400000 8.217626e-01 1.156893e+00 7.539661e-01 1.369816e-01 -3.911923e-04 -3.164478e-04 -2.684996e-04 -2.937761e-04
 7740.600000 8.326419e-01 1.172543e+00 7.664868e-01 1.377681e-01 -3.899030e-04 -3.072363e-04 -2.510783e-04 -2.996132e-04
 7740.800000 8.209400e-01 1.157021e+00 7.575672e-01 1.345280e-01 -3.847469e-04 -3.012902e-04 -2.503188e-04 -3.004098e-04
 7741.000000 8.274993e-01 1.166384e+00 7.659707e-01 1.331220e-01 -3.804611e-04 -3.006986e-04 -2.653505e-04 -3.037388e-04
 7741.200000 8.209770e-01 1.157198e+00 7.619490e-01 1.324404e-01 -3.795486e-04 -3.016356e-04 -2.544206e-04 -2.999160e-04
 7741.400000 8.208850e-01 1.157178e+00 7.643761e-01 1.328873e-01 -3.885649e-04 -3.028230e-04 -2.578203e-04 -2.921444e-04
 7741.600000 8.204575e-01 1.156344e+00 7.643408e-01 1.351112e-01 -3.881362e-04 -3.085671e-04 -2.804459e-04 -2.909916e-04
 7741.800000 8.101066e-01 1.141439e+00 7.552929e-01 1.362458e-01 -3.858557e-04 -3.110790e-04 -2.682367e-04 -2.848661e-04
 7742.000000 8.064027e-01 1.137367e+00 7.534753e-01 1.329654e-01 -3.871575e-04 -3.110585e-04 -2.742995e-04 -2.936384e-04
 7742.700000 8.008229e-01 1.130157e+00 7.531734e-01 1.306315e-01 -4.001831e-04 -3.135422e-04 -2.672652e-04 -2.899948e-04
 7743.400000 8.200327e-01 1.157662e+00 7.723735e-01 1.337434e-01 -3.943728e-04 -3.046766e-04 -2.720972e-04 -2.915141e-04
 7744.100000 8.302067e-01 1.172677e+00 7.830399e-01 1.354759e-01 -3.911495e-04 -3.046314e-04 -2.658820e-04 -2.853922e-04
 7744.800000 8.288844e-01 1.171164e+00 7.833303e-01 1.350677e-01 -3.916110e-04 -3.091737e-04 -2.650261e-04 -2.802700e-04
 7745.500000 8.298461e-01 1.173376e+00 7.850534e-01 1.349808e-01 -3.806536e-04 -3.098038e-04 -2.478733e-04 -2.812790e-04
 7746.200000 8.291048e-01 1.173444e+00 7.831741e-01 1.348806e-01 -3.830767e-04 -3.090844e-04 -2.464421e-04 -2.823547e-04
 7746.900000 8.292195e-01 1.174150e+00 7.810731e-01 1.340822e-01 -3.822641e-04 -3.084540e-04 -2.510132e-04 -2.797952e-04
 7747.600000 8.283442e-01 1.173095e+00 7.752544e-01 1.345137e-01 -3.779544e-04 -3.185450e-04 -2.626218e-04 -2.756853e-04
 7748.300000 8.287803e-01 1.174434e+00 7.691267e-01 1.338814e-01 -3.798845e-04 -3.178452e-04 -2.589154e-04 -2.794073e-04
 7749.993695 8.280318e-01 1.174763e+00 7.465637e-01 1.345412e-01 -3.784236e-04 -3.088224e-04 -2.497014e-04 -2.891704e-04
 7750.999583 8.272143e-01 1.174500e+00 7.299785e-01 1.342200e-01 -3.737052e-04 -3.129320e-04 -2.470522e-04 -2.908101e-04
 7752.017662 8.277066e-01 1.175993e+00 7.141487e-01 1.340542e-01 -3.711409e-04 -3.199662e-04 -2.485348e-04 -2.893986e-04
 7753.047933 8.254462e-01 1.173553e+00 6.943377e-01 1.337594e-01 -3.683421e-04 -3.193550e-04 -2.519319e-04 -2.897572e-04
 7754.090396 8.263851e-01 1.175889e+00 6.781187e-01 1.338883e-01 -3.616373e-04 -3.065567e-04 -2.538657e-04 -2.947319e-04
 7755.145051 8.263828e-01 1.177456e+00 6.644758e-01 1.327042e-01 -3.720470e-04 -3.079497e-04 -2.449566e-04 -2.910086e-04
 7756.211898 8.246597e-01 1.174563e+00 6.519061e-01 1.327258e-01 -3.664028e-04 -3.096481e-04 -2.442390e-04 -2.864914e-04
 7757.290937 8.228258e-01 1.171968e+00 6.437556e-01 1.326744e-01 -3.647649e-04 -3.025631e-04 -2.342345e-04 -2.860100e-04
 7758.382167 8.256541e-01 1.178504e+00 6.477601e-01 1.321086e-01 -3.629918e-04 -3.025362e-04 -2.400279e-04 -2.909255e-04
 7759.485590 8.240405e-01 1.176098e+00 6.511964e-01 1.334247e-01 -3.737909e-04 -3.021773e-04 -2.484267e-04 -2.883732e-04
 7760.601204 8.218883e-01 1.173589e+00 6.591112e-01 1.324284e-01 -3.837327e-04 -3.029525e-04 -2.601735e-04 -2.843828e-04
 7761.729011 8.266807e-01 1.182575e+00 6.812882e-01 1.346823e-01 -3.790017e-04 -3.101873e-04 -2.657251e-04 -2.800345e-04
 7762.869009 8.249436e-01 1.181022e+00 6.991635e-01 1.331339e-01 -3.669878e-04 -3.232909e-04 -2.601758e-04 -2.748496e-04
 7764.021199 8.253070e-01 1.182288e+00 7.206545e-01 1.349785e-01 -3.623997e-04 -3.216509e-04 -2.609329e-04 -2.784135e-04
 7765.185582 8.245838e-01 1.181806e+00 7.406940e-01 1.352286e-01 -3.676677e-04 -3.172122e-04 -2.653756e-04 -2.782670e-04
 7766.362156 8.245724e-01 1.182798e+00 7.606660e-01 1.349729e-01 -3.663501e-04 -3.204638e-04 -2.618326e-04 -2.802844e-04
 7767.550922 8.247735e-01 1.184355e+00 7.806001e-01 1.355400e-01 -3.763196e-04 -3.240050e-04 -2.633106e-04 -2.892426e-04
 7768.751879 8.242972e-01 1.184086e+00 7.972341e-01 1.365138e-01 -3.722823e-04 -3.182489e-04 -2.675713e-04 -2.818541e-04
 7769.965029 8.235333e-01 1.183384e+00 8.088307e-01 1.364853e-01 -3.677447e-04 -3.138044e-04 -2.737678e-04 -2.728778e-04
 7771.190371 8.236859e-01 1.185481e+00 8.178497e-01 1.353977e-01 -3.702680e-04 -3.191733e-04 -2.730603e-04 -2.919249e-04
 7772.427904 8.243665e-01 1.187456e+00 8.241730e-01 1.366074e-01 -3.768832e-04 -3.247965e-04 -2.615158e-04 -2.898479e-04
 7773.677630 8.230077e-01 1.186171e+00 8.257192e-01 1.359249e-01 -3.808199e-04 -3.195220e-04 -2.660704e-04 -2.937689e-04
 7774.939547 8.239886e-01 1.189106e+00 8.323108e-01 1.362679e-01 -3.797064e-04 -3.201666e-04 -2.595536e-04 -2.874436e-04
 7776.213657 8.219701e-01 1.187095e+00 8.353378e-01 1.360248e-01 -3.758758e-04 -3.062633e-04 -2.534784e-04 -2.790606e-04
 7777.499958 8.226092e-01 1.189103e+00 8.413602e-01 1.364435e-01 -3.907166e-04 -3.102106e-04 -2.535827e-04 -2.770174e-04
 7778.798451 8.214785e-01 1.188442e+00 8.441142e-01 1.364227e-01 -3.907098e-04 -3.082442e-04 -2.541135e-04 -2.790650e-04
 7780.109136 8.225932e-01 1.191192e+00 8.468359e-01 1.361737e-01 -3.915847e-04 -3.045456e-04 -2.574750e-04 -2.852380e-04
 7781.432013 8.199595e-01 1.187950e+00 8.397762e-01 1.366242e-01 -3.873296e-04 -2.940368e-04 -2.564715e-04 -2.788260e-04
 7782.767082 8.221337e-01 1.192945e+00 8.372954e-01 1.368403e-01 -3.818366e-04 -2.950962e-04 -2.703718e-04 -2.761918e-04
 7784.114342 8.206657e-01 1.192165e+00 8.299611e-01 1.362670e-01 -3.767518e-04 -3.020849e-04 -2.798232e-04 -2.778955e-04
 7785.473795 8.202486e-01 1.192151e+00 8.228655e-01 1.364326e-01 -3.828431e-04 -3.047785e-04 -2.786959e-04 -2.809688e-04
 7786.845440 8.196437e-01 1.192398e+00 8.163947e-01 1.365274e-01 -3.876967e-04 -2.991187e-04 -2.811045e-04 -2.837135e-04
 7788.229276 8.213673e-01 1.196167e+00 8.114086e-01 1.371596e-01 -3.852735e-04 -3.001588e-04 -2.653253e-04 -2.840717e-04
 7789.625305 8.196218e-01 1.194567e+00 8.011715e-01 1.375158e-01 -3.840141e-04 -3.084137e-04 -2.579853e-04 -2.882989e-04
 7791.033525 8.187670e-01 1.193914e+00 7.901983e-01 1.375192e-01 -3.766633e-04 -3.032924e-04 -2.620212e-04 -2.963228e-04
 7792.453937 8.186239e-01 1.195403e+00 7.817496e-01 1.366873e-01 -3.751982e-04 -2.978459e-04 -2.566722e-04 -2.968752e-04
 7793.886541 8.192996e-01 1.197742e+00 7.747545e-01 1.377493e-01 -3.759410e-04 -2.965096e-04 -2.673566e-04 -2.776257e-04
 7795.331337 8.186069e-01 1.197791e+00 7.662160e-01 1.370094e-01 -3.773822e-04 -2.935722e-04 -2.637446e-04 -2.702854e-04
 7796.788325 8.178053e-01 1.197187e+00 7.550161e-01 1.371655e-01 -3.736974e-04 -3.014205e-04 -2.618593e-04 -2.748697e-04
 7798.257505 8.174120e-01 1.197994e+00 7.419942e-01 1.377294e-01 -3.839628e-04 -3.112572e-04 -2.557955e-04 -2.728766e-04
 7799.738877 8.183759e-01 1.200933e+00 7.282126e-01 1.385043e-01 -3.755218e-04 -3.119272e-04 -2.470321e-04 -2.698013e-04
 7801.232440 8.173202e-01 1.200177e+00 7.124691e-01 1.373795e-01 -3.746222e-04 -3.070801e-04 -2.461199e-04 -2.770795e-04
 7802.738196 8.148109e-01 1.197487e+00 6.955395e-01 1.378092e-01 -3.740597e-04 -2.973722e-04 -2.383577e-04 -2.689819e-04
 7804.256143 8.167790e-01 1.201718e+00 6.870621e-01 1.384538e-01 -3.797645e-04 -3.038775e-04 -2.324952e-04 -2.704674e-04
 7805.786283 8.177318e-01 1.205027e+00 6.821478e-01 1.378140e-01 -3.758902e-04 -3.104183e-04 -2.460681e-04 -2.870028e-04
 7807.328614 8.179939e-01 1.207185e+00 6.826681e-01 1.379208e-01 -3.820735e-04 -3.082943e-04 -2.531305e-04 -2.770952e-04
 7808.883137 8.153072e-01 1.203816e+00 6.840823e-01 1.376542e-01 -3.796237e-04 -3.062098e-04 -2.541658e-04 -2.679496e-04
 7810.449852 8.169698e-01 1.207558e+00 6.963549e-01 1.366100e-01 -3.854734e-04 -3.014735e-04 -2.497302e-04 -2.739994e-04
 7812.028759 8.153996e-01 1.206655e+00 7.064558e-01 1.376833e-01 -3.882372e-04 -2.996593e-04 -2.537017e-04 -2.845947e-04
 7813.619858 8.171948e-01 1.210709e+00 7.228407e-01 1.382555e-01 -3.736800e-04 -2.994847e-04 -2.613236e-04 -2.780499e-04
 7815.223149 8.147885e-01 1.208457e+00 7.356207e-01 1.376578e-01 -3.695687e-04 -3.053795e-04 -2.620212e-04 -2.773427e-04
 7816.838632 8.162461e-01 1.212011e+00 7.547969e-01 1.383621e-01 -3.673433e-04 -2.969525e-04 -2.486078e-04 -2.652880e-04
 7818.466307 8.138153e-01 1.209477e+00 7.693287e-01 1.369841e-01 -3.660612e-04 -3.002647e-04 -2.480892e-04 -2.662881e-04
 7820.106173 8.165841e-01 1.215412e+00 7.883790e-01 1.375721e-01 -3.711015e-04 -3.053972e-04 -2.481243e-04 -2.648573e-04
 7821.758232 8.135883e-01 1.212297e+00 8.036671e-01 1.377352e-01 -3.691242e-04 -3.125451e-04 -2.608989e-04 -2.645257e-04
 7823.422482 8.136578e-01 1.213242e+00 8.199284e-01 1.378711e-01 -3.712954e-04 -3.193037e-04 -2.570966e-04 -2.562959e-04
 7825.098924 8.131481e-01 1.214480e+00 8.397413e-01 1.371553e-01 -3.741130e-04 -3.153823e-04 -2.572767e-04 -2.609969e-04
 7826.787558 8.143520e-01 1.218130e+00 8.629530e-01 1.379743e-01 -3.654529e-04 -3.141725e-04 -2.583631e-04 -2.650660e-04
 7828.488385 8.079279e-01 1.209774e+00 8.783436e-01 1.370833e-01 -3.739787e-04 -3.026661e-04 -2.526801e-04 -2.635790e-04
 7830.201403 8.061495e-01 1.207961e+00 8.945573e-01 1.367004e-01 -3.752773e-04 -3.058470e-04 -2.546502e-04 -2.692408e-04
 7831.926613 8.103722e-01 1.215707e+00 9.127446e-01 1.364886e-01 -3.717453e-04 -3.039702e-04 -2.674010e-04 -2.758001e-04
 7833.664014 8.124437e-01 1.220912e+00 9.232141e-01 1.383867e-01 -3.627114e-04 -3.088093e-04 -2.668249e-04 -2.738404e-04
 7835.413608 8.102720e-01 1.218801e+00 9.216951e-01 1.381806e-01 -3.679381e-04 -3.109503e-04 -2.622805e-04 -2.696552e-04
 7837.175394 8.106162e-01 1.220855e+00 9.180995e-01 1.382370e-01 -3.575423e-04 -3.060254e-04 -2.497452e-04 -2.710150e-04
 7838.949371 8.102901e-01 1.221832e+00 9.102581e-01 1.379406e-01 -3.558198e-04 -3.054105e-04 -2.585953e-04 -2.725586e-04
 7840.735541 8.112954e-01 1.224844e+00 9.040678e-01 1.383264e-01 -3.595547e-04 -3.045229e-04 -2.719982e-04 -2.757930e-04
 7842.533902 8.088385e-01 1.222361e+00 8.902889e-01 1.379652e-01 -3.635334e-04 -3.114642e-04 -2.759807e-04 -2.706213e-04
 7844.344455 8.111697e-01 1.227577e+00 8.834665e-01 1.383344e-01 -3.752712e-04 -3.084602e-04 -2.653468e-04 -2.762069e-04
 7846.167201 8.094493e-01 1.226505e+00 8.739598e-01 1.375714e-01 -3.740106e-04 -3.121244e-04 -2.680980e-04 -2.707274e-04
 7848.002138 8.090766e-01 1.226915e+00 8.676826e-01 1.384403e-01 -3.727412e-04 -3.079169e-04 -2.690947e-04 -2.745283e-04
 7849.849267 8.077009e-01 1.226795e+00 8.644576e-01 1.381220e-01 -3.811363e-04 -3.050552e-04 -2.710617e-04 -2.730998e-04
 7851.708588 8.101596e-01 1.232604e+00 8.702110e-01 1.386541e-01 -3.824685e-04 -3.020955e-04 -2.788948e-04 -2.678755e-04
 7853.580100 8.048657e-01 1.225433e+00 8.672463e-01 1.381048e-01 -3.758405e-04 -3.058950e-04 -2.697673e-04 -2.715584e-04
 7855.463805 8.028974e-01 1.223961e+00 8.666626e-01 1.369772e-01 -3.832217e-04 -3.147113e-04 -2.621410e-04 -2.641605e-04
 7857.359702 8.067227e-01 1.231505e+00 8.674938e-01 1.374166e-01 -3.771265e-04 -3.108512e-04 -2.518506e-04 -2.571190e-04
 7859.267790 8.086965e-01 1.236168e+00 8.585567e-01 1.387844e-01 -3.714712e-04 -3.093998e-04 -2.449073e-04 -2.622223e-04
 7861.188071 8.053226e-01 1.232391e+00 8.362603e-01 1.392745e-01 -3.818840e-04 -3.067077e-04 -2.517154e-04 -2.707418e-04
 7863.120543 8.083392e-01 1.238596e+00 8.180064e-01 1.396748e-01 -3.820656e-04 -3.079892e-04 -2.430920e-04 -2.754297e-04
 7865.065207 8.060220e-01 1.236347e+00 7.943164e-01 1.394678e-01 -3.777411e-04 -3.100015e-04 -2.546443e-04 -2.739867e-04
 7867.022064 8.067617e-01 1.238896e+00 7.771348e-01 1.389598e-01 -3.742786e-04 -3.137903e-04 -2.560268e-04 -2.675809e-04
 7868.991112 8.050010e-01 1.237904e+00 7.623984e-01 1.391742e-01 -3.692524e-04 -3.193248e-04 -2.569008e-04 -2.710936e-04
 7870.972352 8.069423e-01 1.243235e+00 7.572480e-01 1.397159e-01 -3.726601e-04 -3.079099e-04 -2.561976e-04 -2.750659e-04
 7872.965784 8.040301e-01 1.239971e+00 7.489568e-01 1.398054e-01 -3.726425e-04 -3.036638e-04 -2.386322e-04 -2.644149e-04
 7874.971407 8.056438e-01 1.244043e+00 7.480082e-01 1.401764e-01 -3.808574e-04 -3.006208e-04 -2.470344e-04 -2.781136e-04
 7876.989223 8.048471e-01 1.245123e+00 7.498875e-01 1.394602e-01 -3.872911e-04 -3.015776e-04 -2.518581e-04 -2.818288e-04
 7879.019231 8.049497e-01 1.246387e+00 7.582237e-01 1.402887e-01 -3.826297e-04 -3.084433e-04 -2.550298e-04 -2.723796e-04
 7881.061430 8.019088e-01 1.242861e+00 7.689822e-01 1.399860e-01 -3.744842e-04 -3.093299e-04 -2.507874e-04 -2.821990e-04
 7883.115822 8.051060e-01 1.250777e+00 7.939424e-01 1.403468e-01 -3.712920e-04 -3.133330e-04 -2.568710e-04 -2.793572e-04
 7885.182405 8.033223e-01 1.249326e+00 8.192633e-01 1.403351e-01 -3.782567e-04 -3.059778e-04 -2.691233e-04 -2.834159e-04
 7887.261180 8.014015e-01 1.246969e+00 8.484902e-01 1.403474e-01 -3.766651e-04 -3.034401e-04 -2.597493e-04 -2.789468e-04
 7889.352148 8.010990e-01 1.248422e+00 8.859226e-01 1.401142e-01 -3.829710e-04 -3.023245e-04 -2.499811e-04 -2.811191e-04
 7891.455307 8.026383e-01 1.253603e+00 9.280644e-01 1.401723e-01 -3.805093e-04 -3.103929e-04 -2.628985e-04 -2.767668e-04
 7893.570658 7.950569e-01 1.243805e+00 9.554380e-01 1.402121e-01 -3.876551e-04 -3.045109e-04 -2.589600e-04 -2.711614e-04
 7895.698201 7.991636e-01 1.251164e+00 9.885683e-01 1.394011e-01 -3.884854e-04 -2.985388e-04 -2.470503e-04 -2.657042e-04
 7897.837935 8.006356e-01 1.255469e+00 1.008134e+00 1.402086e-01 -3.855058e-04 -2.992341e-04 -2.530525e-04 -2.620080e-04
 7899.989862 8.002471e-01 1.256641e+00 1.013182e+00 1.395346e-01 -3.855823e-04 -3.001913e-04 -2.518960e-04 -2.644685e-04
 7902.153981 7.988511e-01 1.256070e+00 1.005225e+00 1.397965e-01 -3.703088e-04 -2.956073e-04 -2.482448e-04 -2.682993e-04
 7904.330291 8.008056e-01 1.261511e+00 9.946506e-01 1.403712e-01 -3.758404e-04 -3.039638e-04 -2.509528e-04 -2.663803e-04
 7906.518794 7.975642e-01 1.257343e+00 9.749333e-01 1.409122e-01 -3.742629e-04 -3.039029e-04 -2.562919e-04 -2.638706e-04
 7908.719488 7.989489e-01 1.261763e+00 9.631795e-01 1.399201e-01 -3.798460e-04 -2.938244e-04 -2.447037e-04 -2.729900e-04
 7910.932374 7.974743e-01 1.261586e+00 9.491853e-01 1.405561e-01 -3.864735e-04 -2.939226e-04 -2.567826e-04 -2.811062e-04
 7913.157453 7.986761e-01 1.264889e+00 9.400315e-01 1.400462e-01 -3.849946e-04 -2.966938e-04 -2.433669e-04 -2.692354e-04
 7915.394723 7.963284e-01 1.262913e+00 9.312938e-01 1.402314e-01 -3.839352e-04 -2.925876e-04 -2.341009e-04 -2.675411e-04
 7917.644185 7.978057e-01 1.267574e+00 9.307778e-01 1.409569e-01 -3.894626e-04 -2.893694e-04 -2.491555e-04 -2.600335e-04
 7919.905838 7.969092e-01 1.268084e+00 9.305601e-01 1.407027e-01 -3.732608e-04 -2.848049e-04 -2.548343e-04 -2.653757e-04
 7922.179684 7.970838e-01 1.269996e+00 9.327470e-01 1.412099e-01 -3.726940e-04 -2.971086e-04 -2.541499e-04 -2.682605e-04
 7924.465722 7.958222e-01 1.269879e+00 9.356508e-01 1.421194e-01 -3.781518e-04 -3.029212e-04 -2.676822e-04 -2.570589e-04
 7926.763952 7.964374e-01 1.272684e+00 9.418790e-01 1.408512e-01 -3.810786e-04 -3.026541e-04 -2.591222e-04 -2.533705e-04
 7929.074373 7.951093e-01 1.272703e+00 9.470462e-01 1.407263e-01 -3.893326e-04 -3.026648e-04 -2.475311e-04 -2.598301e-04
 7931.396987 7.944056e-01 1.273455e+00 9.548407e-01 1.411956e-01 -3.916626e-04 -3.048489e-04 -2.477434e-04 -2.612686e-04
 7933.731792 7.942657e-01 1.275308e+00 9.641087e-01 1.414728e-01 -3.860293e-04 -3.017850e-04 -2.383346e-04 -2.696221e-04
 7936.078789 7.907952e-01 1.271541e+00 9.653282e-01 1.402423e-01 -3.834147e-04 -3.140905e-04 -2.482245e-04 -2.776906e-04
 7938.437978 7.814528e-01 1.258732e+00 9.540777e-01 1.390676e-01 -3.844140e-04 -3.138374e-04 -2.523255e-04 -2.708376e-04
 7940.809359 7.929898e-01 1.278975e+00 9.599512e-01 1.419806e-01 -3.892162e-04 -3.112077e-04 -2.498706e-04 -2.795545e-04
 7943.192932 7.950440e-01 1.284447e+00 9.510373e-01 1.413850e-01 -3.902198e-04 -3.128117e-04 -2.471951e-04 -2.824688e-04
 7945.588697 7.934498e-01 1.283587e+00 9.359334e-01 1.413148e-01 -3.918606e-04 -3.043392e-04 -2.617778e-04 -2.871428e-04
 7947.996654 7.944734e-01 1.287545e+00 9.258393e-01 1.420891e-01 -3.862397e-04 -3.042429e-04 -2.594126e-04 -3.056305e-04
 7950.416803 7.926012e-01 1.286746e+00 9.146268e-01 1.415273e-01 -3.820585e-04 -3.058540e-04 -2.625554e-04 -3.323416e-04
 7952.849143 7.932584e-01 1.289622e+00 9.091097e-01 1.427130e-01 -3.845359e-04 -3.026911e-04 -2.555866e-04 -3.242224e-04
 7955.293676 7.919710e-01 1.289421e+00 9.040134e-01 1.421514e-01 -3.864072e-04 -3.077499e-04 -2.519596e-04 -3.178726e-04
 7957.750400 7.919810e-01 1.291299e+00 9.036514e-01 1.416747e-01 -3.862041e-04 -3.165157e-04 -2.473562e-04 -3.130863e-04
 7960.219317 7.905090e-01 1.290724e+00 9.082036e-01 1.417659e-01 -3.769679e-04 -3.187688e-04 -2.548046e-04 -3.222200e-04
 7962.700425 7.919175e-01 1.295298e+00 9.216170e-01 1.423495e-01 -3.743599e-04 -3.104012e-04 -2.467847e-04 -3.265178e-04
 7965.193725 7.900206e-01 1.294129e+00 9.368712e-01 1.424448e-01 -3.839311e-04 -3.112536e-04 -2.519839e-04 -3.316104e-04
 7967.699217 7.902245e-01 1.296403e+00 9.581023e-01 1.421986e-01 -3.886844e-04 -3.192320e-04 -2.501755e-04 -3.302371e-04
 7970.216901 7.896304e-01 1.298055e+00 9.805395e-01 1.425858e-01 -3.867032e-04 -3.086447e-04 -2.472238e-04 -3.028032e-04
 7972.746777 7.884599e-01 1.298366e+00 1.001782e+00 1.432928e-01 -3.879880e-04 -2.969185e-04 -2.350476e-04 -2.849724e-04
 7975.288845 7.886453e-01 1.300390e+00 1.021363e+00 1.414587e-01 -3.944542e-04 -3.127040e-04 -2.566355e-04 -2.905238e-04
 7977.843105 7.883818e-01 1.302461e+00 1.037620e+00 1.427325e-01 -3.898780e-04 -3.206273e-04 -2.470784e-04 -2.773590e-04
 7980.409556 7.882644e-01 1.303960e+00 1.047354e+00 1.426880e-01 -3.822291e-04 -3.136219e-04 -2.540497e-04 -2.659561e-04
 7982.988200 7.839321e-01 1.299071e+00 1.050429e+00 1.423619e-01 -3.845812e-04 -3.092215e-04 -2.580766e-04 -2.573512e-04
 7985.579035 7.839407e-01 1.301461e+00 1.057893e+00 1.420975e-01 -3.757863e-04 -3.080730e-04 -2.383759e-04 -2.650959e-04
 7988.182062 7.851303e-01 1.305363e+00 1.064159e+00 1.432363e-01 -3.760271e-04 -3.119040e-04 -2.332020e-04 -2.693459e-04
 7990.797282 7.854299e-01 1.307996e+00 1.071188e+00 1.431682e-01 -3.839126e-04 -3.168935e-04 -2.409010e-04 -2.760679e-04
 7993.424693 7.849973e-01 1.310178e+00 1.076736e+00 1.436674e-01 -3.887048e-04 -3.112760e-04 -2.386964e-04 -2.705649e-04
 7996.064296 7.840916e-01 1.309805e+00 1.081571e+00 1.430835e-01 -3.927553e-04 -3.140621e-04 -2.496563e-04 -2.735077e-04
 7998.716091 7.833508e-01 1.310720e+00 1.084016e+00 1.432306e-01 -3.931936e-04 -3.194347e-04 -2.534205e-04 -2.670392e-04
 8001.380078 7.851233e-01 1.316450e+00 1.090993e+00 1.439438e-01 -3.911133e-04 -3.077941e-04 -2.453706e-04 -2.765831e-04
 8004.056256 7.824099e-01 1.313927e+00 1.088916e+00 1.431923e-01 -3.964908e-04 -2.978557e-04 -2.479664e-04 -2.783308e-04
 8006.744627 7.828620e-01 1.317054e+00 1.088729e+00 1.432128e-01 -3.876898e-04 -3.010029e-04 -2.475281e-04 -2.732989e-04
 8009.445190 7.832308e-01 1.319813e+00 1.087889e+00 1.433721e-01 -3.857684e-04 -3.031491e-04 -2.508110e-04 -2.697254e-04
 8012.157944 7.829198e-01 1.321790e+00 1.085278e+00 1.443359e-01 -3.914753e-04 -3.017297e-04 -2.595568e-04 -2.730205e-04
 8014.882891 7.820460e-01 1.322403e+00 1.082292e+00 1.437191e-01 -3.923473e-04 -3.088126e-04 -2.509219e-04 -2.757526e-04
 8017.620029 7.810679e-01 1.323010e+00 1.079220e+00 1.431755e-01 -3.909814e-04 -3.121721e-04 -2.363452e-04 -2.821300e-04
 8020.369359 7.817675e-01 1.326916e+00 1.080893e+00 1.445790e-01 -3.893502e-04 -3.072469e-04 -2.426978e-04 -2.856525e-04
 8023.130881 7.797234e-01 1.325288e+00 1.078554e+00 1.431996e-01 -3.796016e-04 -3.075954e-04 -2.560487e-04 -2.852179e-04
 8025.904595 7.801076e-01 1.328182e+00 1.079614e+00 1.445570e-01 -3.836089e-04 -3.104907e-04 -2.470060e-04 -2.805299e-04
 8028.690501 7.792164e-01 1.329258e+00 1.078656e+00 1.451043e-01 -3.939339e-04 -3.120375e-04 -2.399435e-04 -2.712735e-04
 8031.488599 7.794102e-01 1.331751e+00 1.078851e+00 1.451658e-01 -3.929848e-04 -3.081901e-04 -2.404785e-04 -2.753363e-04
 8034.298889 7.785545e-01 1.332864e+00 1.076188e+00 1.441421e-01 -3.843540e-04 -3.021603e-04 -2.411931e-04 -2.822321e-04
 8037.121371 7.775357e-01 1.333119e+00 1.071809e+00 1.443532e-01 -3.823618e-04 -3.002909e-04 -2.502860e-04 -2.822395e-04
 8039.956044 7.783709e-01 1.336922e+00 1.072198e+00 1.448490e-01 -3.863490e-04 -3.013234e-04 -2.520229e-04 -2.743381e-04
 8042.802910 7.771327e-01 1.337218e+00 1.071622e+00 1.443225e-01 -3.867083e-04 -2.963852e-04 -2.501475e-04 -2.763472e-04
 8045.661967 7.770052e-01 1.339399e+00 1.074321e+00 1.446844e-01 -3.867572e-04 -2.983895e-04 -2.544384e-04 -2.838338e-04
 8048.533217 7.744956e-01 1.337091e+00 1.077553e+00 1.442062e-01 -3.870937e-04 -3.036217e-04 -2.451447e-04 -2.801407e-04
 8051.416658 7.724285e-01 1.336114e+00 1.083442e+00 1.450321e-01 -3.916277e-04 -2.944595e-04 -2.379409e-04 -2.806958e-04
 8054.312291 7.546182e-01 1.308109e+00 1.071068e+00 1.420461e-01 -3.843710e-04 -2.947761e-04 -2.338493e-04 -2.765239e-04
 8057.220116 7.673681e-01 1.332494e+00 1.101311e+00 1.425048e-01 -3.832212e-04 -2.893157e-04 -2.277935e-04 -2.781696e-04
 8060.140133 7.767830e-01 1.351003e+00 1.127409e+00 1.445821e-01 -3.886031e-04 -2.920857e-04 -2.401730e-04 -2.760849e-04
 8063.072342 7.745469e-01 1.349320e+00 1.136755e+00 1.454556e-01 -3.917149e-04 -2.991783e-04 -2.397061e-04 -2.700174e-04
 8066.016743 7.747951e-01 1.352794e+00 1.147092e+00 1.448408e-01 -3.898122e-04 -2.923471e-04 -2.443096e-04 -2.802809e-04
 8068.973335 7.742681e-01 1.354432e+00 1.152494e+00 1.463758e-01 -3.895838e-04 -2.971894e-04 -2.420646e-04 -2.708977e-04
 8071.942120 7.723798e-01 1.353133e+00 1.154375e+00 1.451506e-01 -3.782877e-04 -2.866345e-04 -2.372110e-04 -2.816758e-04
 8074.923096 7.729782e-01 1.356951e+00 1.160211e+00 1.458415e-01 -3.701569e-04 -2.940050e-04 -2.261172e-04 -2.781260e-04
 8077.916265 7.714891e-01 1.356866e+00 1.164847e+00 1.452930e-01 -3.711277e-04 -3.059319e-04 -2.236899e-04 -2.805491e-04
 8080.921625 7.706713e-01 1.357317e+00 1.173393e+00 1.446413e-01 -3.783283e-04 -3.020220e-04 -2.275943e-04 -2.836610e-04
 8083.939177 7.686017e-01 1.356196e+00 1.182864e+00 1.459338e-01 -3.801909e-04 -2.947151e-04 -2.342754e-04 -2.912235e-04
 8086.968921 7.684763e-01 1.358277e+00 1.194874e+00 1.452653e-01 -3.819458e-04 -2.953826e-04 -2.444239e-04 -2.805172e-04
 8090.010858 7.585648e-01 1.343679e+00 1.190647e+00 1.443436e-01 -3.853734e-04 -2.910022e-04 -2.468152e-04 -2.811110e-04
 8093.064985 7.492998e-01 1.329418e+00 1.183016e+00 1.443731e-01 -3.800821e-04 -2.885227e-04 -2.425369e-04 -2.851004e-04
 8096.131305 7.696636e-01 1.367865e+00 1.220640e+00 1.464574e-01 -3.790952e-04 -2.854682e-04 -2.458654e-04 -2.773633e-04
 8099.209817 7.691313e-01 1.369713e+00 1.225504e+00 1.459833e-01 -3.653959e-04 -2.899540e-04 -2.468858e-04 -2.829984e-04
 8102.300521 7.685258e-01 1.371117e+00 1.229957e+00 1.472910e-01 -3.659556e-04 -2.952073e-04 -2.369553e-04 -2.743597e-04
 8105.403416 7.675881e-01 1.371937e+00 1.233255e+00 1.467368e-01 -3.708562e-04 -2.946944e-04 -2.379296e-04 -2.973000e-04
 8108.518504 7.662659e-01 1.372181e+00 1.235782e+00 1.465983e-01 -3.778286e-04 -2.852411e-04 -2.389077e-04 -3.189176e-04
 8111.645783 7.669351e-01 1.376058e+00 1.240451e+00 1.461573e-01 -3.708131e-04 -2.880271e-04 -2.463159e-04 -3.175824e-04
 8114.785255 7.657665e-01 1.376376e+00 1.241040e+00 1.470829e-01 -3.749903e-04 -2.917920e-04 -2.518466e-04 -2.961171e-04
 8117.936918 7.643921e-01 1.376509e+00 1.240324e+00 1.464625e-01 -3.672813e-04 -2.964350e-04 -2.440910e-04 -2.741772e-04
 8121.100773 7.650423e-01 1.380626e+00 1.243610e+00 1.474324e-01 -3.680046e-04 -2.894781e-04 -2.427147e-04 -2.782972e-04
 8124.276820 7.636274e-01 1.380377e+00 1.243088e+00 1.469002e-01 -3.677683e-04 -2.854855e-04 -2.465515e-04 -2.754677e-04
 8127.465059 7.633187e-01 1.382500e+00 1.244067e+00 1.480496e-01 -3.781996e-04 -2.857132e-04 -2.493342e-04 -2.729957e-04
 8130.665490 7.629595e-01 1.384685e+00 1.245164e+00 1.474407e-01 -3.757545e-04 -2.842347e-04 -2.474770e-04 -2.701799e-04
 8133.878112 7.617347e-01 1.384568e+00 1.245404e+00 1.464222e-01 -3.774579e-04 -2.830128e-04 -2.455955e-04 -2.697679e-04
 8137.102927 7.611210e-01 1.386474e+00 1.247248e+00 1.473531e-01 -3.817787e-04 -2.809708e-04 -2.385550e-04 -2.708176e-04
 8140.339934 7.611584e-01 1.389153e+00 1.249933e+00 1.465529e-01 -3.758529e-04 -2.888404e-04 -2.317753e-04 -2.780589e-04
 8143.589132 7.600624e-01 1.389880e+00 1.251662e+00 1.468965e-01 -3.664672e-04 -2.928525e-04 -2.267727e-04 -2.896851e-04
 8146.850523 7.595679e-01 1.391096e+00 1.254280e+00 1.476133e-01 -3.733033e-04 -2.910391e-04 -2.359294e-04 -2.855077e-04
 8150.124105 7.595657e-01 1.394174e+00 1.259557e+00 1.470274e-01 -3.738184e-04 -2.909066e-04 -2.362371e-04 -2.821417e-04
 8153.409879 7.581916e-01 1.394513e+00 1.264124e+00 1.470024e-01 -3.773743e-04 -2.983160e-04 -2.359483e-04 -2.856174e-04
 8156.707845 7.578087e-01 1.396169e+00 1.270768e+00 1.471640e-01 -3.771120e-04 -2.927817e-04 -2.286588e-04 -2.759742e-04
 8160.018003 7.577257e-01 1.398862e+00 1.280894e+00 1.477553e-01 -3.711366e-04 -2.972671e-04 -2.196585e-04 -2.775812e-04
 8163.340353 7.564886e-01 1.399066e+00 1.290119e+00 1.481767e-01 -3.774521e-04 -3.022051e-04 -2.259469e-04 -2.747872e-04
 8166.674895 7.564943e-01 1.401986e+00 1.300621e+00 1.474613e-01 -3.757199e-04 -2.914185e-04 -2.311325e-04 -2.757555e-04
 8170.021629 7.563277e-01 1.404735e+00 1.309834e+00 1.486983e-01 -3.678190e-04 -2.894276e-04 -2.330480e-04 -2.816141e-04
 8173.380554 7.551553e-01 1.404480e+00 1.315622e+00 1.476803e-01 -3.675887e-04 -2.911932e-04 -2.272145e-04 -2.677022e-04
 8176.751672 7.542458e-01 1.405922e+00 1.321850e+00 1.481976e-01 -3.732295e-04 -2.864621e-04 -2.220770e-04 -2.666107e-04
 8180.134982 7.531541e-01 1.407573e+00 1.326322e+00 1.491095e-01 -3.728509e-04 -2.871186e-04 -2.175732e-04 -2.692799e-04
 8183.530483 7.529876e-01 1.409397e+00 1.331792e+00 1.489798e-01 -3.743860e-04 -2.872400e-04 -2.156447e-04 -2.744276e-04
 8186.938176 7.518408e-01 1.409897e+00 1.335705e+00 1.486305e-01 -3.705459e-04 -2.825904e-04 -2.309630e-04 -2.834335e-04
 8190.358061 7.513794e-01 1.412125e+00 1.340805e+00 1.479369e-01 -3.752792e-04 -2.848461e-04 -2.400325e-04 -2.939669e-04
 8193.790139 7.511626e-01 1.414546e+00 1.348871e+00 1.489694e-01 -3.770786e-04 -2.890592e-04 -2.332264e-04 -2.844808e-04
 8197.234408 7.506454e-01 1.416178e+00 1.356087e+00 1.491909e-01 -3.750915e-04 -2.876496e-04 -2.277290e-04 -2.885610e-04
 8200.690868 7.499304e-01 1.417984e+00 1.364225e+00 1.494359e-01 -3.744841e-04 -2.870643e-04 -2.364789e-04 -2.898853e-04
 8204.159521 7.497669e-01 1.420242e+00 1.374827e+00 1.490820e-01 -3.745047e-04 -2.854995e-04 -2.418379e-04 -2.746210e-04
 8207.640366 7.490541e-01 1.421753e+00 1.381493e+00 1.487717e-01 -3.709740e-04 -2.976230e-04 -2.463077e-04 -2.770428e-04
 8211.133403 7.480287e-01 1.422756e+00 1.388132e+00 1.490799e-01 -3.716655e-04 -2.977202e-04 -2.398501e-04 -2.838894e-04
 8214.638631 7.476773e-01 1.424953e+00 1.395737e+00 1.491449e-01 -3.689558e-04 -2.914587e-04 -2.327913e-04 -2.772981e-04
 8218.156052 7.471941e-01 1.426922e+00 1.403709e+00 1.490628e-01 -3.705068e-04 -3.011936e-04 -2.350988e-04 -2.794104e-04
 8221.685664 7.466204e-01 1.428713e+00 1.410949e+00 1.490416e-01 -3.777190e-04 -3.060513e-04 -2.420439e-04 -2.795954e-04
 8225.227468 7.456702e-01 1.429463e+00 1.416766e+00 1.488668e-01 -3.685228e-04 -3.091588e-04 -2.439549e-04 -2.841435e-04
 8228.781465 7.453664e-01 1.431759e+00 1.423976e+00 1.500923e-01 -3.680640e-04 -3.129180e-04 -2.419334e-04 -2.842294e-04
 8232.347653 7.443500e-01 1.433147e+00 1.428799e+00 1.495729e-01 -3.707526e-04 -3.044889e-04 -2.469428e-04 -2.787134e-04
 8235.926033 7.435414e-01 1.434360e+00 1.433406e+00 1.501101e-01 -3.736173e-04 -3.047573e-04 -2.519392e-04 -2.885957e-04
 8239.516605 7.435054e-01 1.437082e+00 1.438022e+00 1.503606e-01 -3.722117e-04 -3.166869e-04 -2.542866e-04 -2.939221e-04
 8243.119369 7.432794e-01 1.439280e+00 1.441753e+00 1.500967e-01 -3.748485e-04 -3.101560e-04 -2.539978e-04 -2.933181e-04
 8246.734324 7.424723e-01 1.440860e+00 1.444136e+00 1.500450e-01 -3.778466e-04 -3.051676e-04 -2.550589e-04 -2.948088e-04
 8250.361472 7.415978e-01 1.442161e+00 1.445200e+00 1.496748e-01 -3.827276e-04 -3.046137e-04 -2.587271e-04 -2.935138e-04
 8254.000811 7.410183e-01 1.443830e+00 1.447666e+00 1.497920e-01 -3.781414e-04 -3.037340e-04 -2.540344e-04 -3.038760e-04
 8257.652343 7.404567e-01 1.446493e+00 1.450143e+00 1.500125e-01 -3.797061e-04 -2.966610e-04 -2.634435e-04 -3.136575e-04
 8261.316066 7.394787e-01 1.447073e+00 1.451630e+00 1.503269e-01 -3.746505e-04 -2.906517e-04 -2.653253e-04 -3.133439e-04
 8264.991982 7.388098e-01 1.448181e+00 1.453792e+00 1.505370e-01 -3.791608e-04 -2.890361e-04 -2.545992e-04 -3.040311e-04
 8268.680089 7.390726e-01 1.452196e+00 1.460835e+00 1.510873e-01 -3.683101e-04 -2.971375e-04 -2.533299e-04 -2.955614e-04
 8272.380388 7.374025e-01 1.451448e+00 1.465341e+00 1.500246e-01 -3.633437e-04 -3.106711e-04 -2.536863e-04 -2.990206e-04
 8276.092879 7.341584e-01 1.448531e+00 1.468704e+00 1.504536e-01 -3.736156e-04 -3.116989e-04 -2.299362e-04 -3.060456e-04
 8279.817562 7.346831e-01 1.452897e+00 1.480660e+00 1.509355e-01 -3.700897e-04 -3.100998e-04 -2.483508e-04 -3.103299e-04
 8283.554437 7.348749e-01 1.456040e+00 1.491162e+00 1.514293e-01 -3.710214e-04 -3.088448e-04 -2.485448e-04 -3.053660e-04
 8287.303503 7.339824e-01 1.457379e+00 1.499036e+00 1.503901e-01 -3.750139e-04 -3.080868e-04 -2.522946e-04 -3.018326e-04
 8291.064762 7.338309e-01 1.460067e+00 1.508107e+00 1.511614e-01 -3.702739e-04 -3.064840e-04 -2.424570e-04 -2.924437e-04
 8294.838213 7.336963e-01 1.463044e+00 1.517606e+00 1.513544e-01 -3.802054e-04 -3.027823e-04 -2.540379e-04 -2.942607e-04
 8298.623855 7.327029e-01 1.463896e+00 1.525003e+00 1.512682e-01 -3.907603e-04 -2.991310e-04 -2.650532e-04 -2.960380e-04
 8302.421689 7.322581e-01 1.466178e+00 1.532173e+00 1.514558e-01 -3.929888e-04 -2.950668e-04 -2.634834e-04 -2.958092e-04
 8306.231716 7.319109e-01 1.468831e+00 1.540869e+00 1.518897e-01 -3.838068e-04 -2.963697e-04 -2.618374e-04 -3.036809e-04
 8310.053934 7.309975e-01 1.469956e+00 1.547234e+00 1.521597e-01 -3.845488e-04 -2.983912e-04 -2.615969e-04 -3.008306e-04
 8313.888344 7.302487e-01 1.471392e+00 1.552856e+00 1.520469e-01 -3.946475e-04 -3.058485e-04 -2.672591e-04 -3.027265e-04
 8317.734946 7.298319e-01 1.473759e+00 1.560656e+00 1.519178e-01 -3.937850e-04 -3.171220e-04 -2.575796e-04 -3.070886e-04
 8321.593740 7.291530e-01 1.475131e+00 1.567731e+00 1.517310e-01 -3.891917e-04 -3.081872e-04 -2.584159e-04 -3.106502e-04
 8325.464726 7.278747e-01 1.475544e+00 1.573022e+00 1.523506e-01 -3.878325e-04 -3.007860e-04 -2.604827e-04 -2.962764e-04
 8329.347903 7.280656e-01 1.479592e+00 1.582984e+00 1.521608e-01 -3.838184e-04 -2.996786e-04 -2.528189e-04 -3.026741e-04
 8333.243273 7.260218e-01 1.478622e+00 1.586539e+00 1.520709e-01 -3.872543e-04 -2.963185e-04 -2.497663e-04 -2.952165e-04
 8337.150835 7.254153e-01 1.480618e+00 1.593897e+00 1.518543e-01 -3.892721e-04 -3.068552e-04 -2.566567e-04 -2.959495e-04
 8341.070588 7.248019e-01 1.482307e+00 1.600433e+00 1.525099e-01 -3.912823e-04 -3.214093e-04 -2.520329e-04 -2.932070e-04
 8345.002533 7.239715e-01 1.483641e+00 1.608181e+00 1.527983e-01 -3.864324e-04 -3.204700e-04 -2.469637e-04 -3.008337e-04
 8348.946671 7.228184e-01 1.484501e+00 1.614117e+00 1.524511e-01 -3.872718e-04 -3.251415e-04 -2.382852e-04 -3.013966e-04
 8352.903000 7.213784e-01 1.484762e+00 1.619209e+00 1.528942e-01 -3.891616e-04 -3.260000e-04 -2.335455e-04 -2.990462e-04
 8356.871521 7.207607e-01 1.486726e+00 1.626491e+00 1.524141e-01 -3.952064e-04 -3.282317e-04 -2.500820e-04 -2.918865e-04
 8360.852234 7.197904e-01 1.487823e+00 1.632619e+00 1.524242e-01 -4.004665e-04 -3.241701e-04 -2.388780e-04 -2.933192e-04
 8364.845139 7.203680e-01 1.492734e+00 1.642363e+00 1.523890e-01 -4.044752e-04 -3.150506e-04 -2.322755e-04 -2.904483e-04
 8368.850236 7.188218e-01 1.492414e+00 1.646517e+00 1.533031e-01 -3.837259e-04 -3.196334e-04 -2.423404e-04 -2.976789e-04
 8372.867524 7.184834e-01 1.495003e+00 1.652878e+00 1.527818e-01 -3.773730e-04 -3.242889e-04 -2.442542e-04 -2.968565e-04
 8376.897005 7.180398e-01 1.496952e+00 1.659134e+00 1.531747e-01 -3.950907e-04 -3.290406e-04 -2.425269e-04 -3.008223e-04
 8380.938678 7.171423e-01 1.498776e+00 1.664814e+00 1.526937e-01 -3.940694e-04 -3.270469e-04 -2.325120e-04 -2.943815e-04
 8384.992542 7.161069e-01 1.499633e+00 1.668660e+00 1.532688e-01 -3.868884e-04 -3.249753e-04 -2.449056e-04 -2.934841e-04
 8389.058598 7.156610e-01 1.501908e+00 1.674548e+00 1.535466e-01 -3.907343e-04 -3.201481e-04 -2.447422e-04 -2.897929e-04
 8393.136847 7.146928e-01 1.503227e+00 1.680563e+00 1.535521e-01 -3.966619e-04 -3.227905e-04 -2.511975e-04 -2.984074e-04
 8397.227287 7.139884e-01 1.505118e+00 1.686596e+00 1.540679e-01 -3.940692e-04 -3.175602e-04 -2.564144e-04 -3.049211e-04
 8401.329919 7.129143e-01 1.505713e+00 1.692222e+00 1.535268e-01 -3.861483e-04 -3.111321e-04 -2.554108e-04 -3.059405e-04
 8405.444743 7.124650e-01 1.508202e+00 1.700285e+00 1.536169e-01 -3.905652e-04 -3.083115e-04 -2.605570e-04 -3.006175e-04
 8409.571759 7.124917e-01 1.512111e+00 1.709520e+00 1.540525e-01 -3.869423e-04 -3.100784e-04 -2.538777e-04 -2.938004e-04
 8413.710967 7.109241e-01 1.511910e+00 1.714334e+00 1.542491e-01 -3.798164e-04 -3.143392e-04 -2.545636e-04 -2.981842e-04
 8417.862366 7.110373e-01 1.515341e+00 1.723693e+00 1.540852e-01 -3.820740e-04 -3.183062e-04 -2.502808e-04 -3.084251e-04
 8422.025958 7.103952e-01 1.517219e+00 1.732311e+00 1.541509e-01 -3.920059e-04 -3.168057e-04 -2.525267e-04 -3.018024e-04
 8426.201742 7.098897e-01 1.519865e+00 1.741146e+00 1.543355e-01 -3.842570e-04 -3.176348e-04 -2.404445e-04 -3.059876e-04
 8430.389717 7.092372e-01 1.521706e+00 1.749190e+00 1.541862e-01 -3.781335e-04 -3.249505e-04 -2.536284e-04 -3.066173e-04
 8434.589884 7.084290e-01 1.523426e+00 1.757349e+00 1.544317e-01 -3.854684e-04 -3.208123e-04 -2.595497e-04 -3.033072e-04
 8438.802244 7.071953e-01 1.523614e+00 1.763202e+00 1.544524e-01 -3.890372e-04 -3.204923e-04 -2.577465e-04 -2.986544e-04
 8443.026795 7.067622e-01 1.526167e+00 1.771467e+00 1.547396e-01 -3.779379e-04 -3.278975e-04 -2.501676e-04 -2.881861e-04
 8447.263538 7.055221e-01 1.526757e+00 1.777954e+00 1.547734e-01 -3.760370e-04 -3.248816e-04 -2.420588e-04 -2.816462e-04
 8451.512473 7.049736e-01 1.529342e+00 1.787549e+00 1.543790e-01 -3.899420e-04 -3.252036e-04 -2.544533e-04 -2.815830e-04
 8455.773600 7.040804e-01 1.530369e+00 1.794895e+00 1.545157e-01 -3.883585e-04 -3.200024e-04 -2.532089e-04 -2.948646e-04
 8460.046919 7.032707e-01 1.532124e+00 1.802872e+00 1.549472e-01 -3.868439e-04 -3.104216e-04 -2.510067e-04 -2.985827e-04
 8464.332429 7.022678e-01 1.533295e+00 1.810118e+00 1.546908e-01 -3.931176e-04 -3.168017e-04 -2.455272e-04 -2.872820e-04
 8468.630132 7.015342e-01 1.535009e+00 1.817743e+00 1.547580e-01 -3.893823e-04 -3.164707e-04 -2.536327e-04 -2.892024e-04
 8472.940026 7.005183e-01 1.536365e+00 1.826071e+00 1.552257e-01 -3.738761e-04 -3.207140e-04 -2.507291e-04 -2.909063e-04
 8477.262113 6.998324e-01 1.538076e+00 1.833794e+00 1.553761e-01 -3.783030e-04 -3.145395e-04 -2.530999e-04 -2.996884e-04
 8481.596391 6.996788e-01 1.541476e+00 1.843823e+00 1.549889e-01 -3.800927e-04 -3.151294e-04 -2.509175e-04 -2.978277e-04
 8485.942861 6.983988e-01 1.541653e+00 1.850558e+00 1.552002e-01 -3.791492e-04 -3.154132e-04 -2.540397e-04 -2.994191e-04
 8490.301524 6.978930e-01 1.544007e+00 1.859159e+00 1.560733e-01 -3.808355e-04 -3.067253e-04 -2.514787e-04 -2.986923e-04
 8494.672378 6.963411e-01 1.544284e+00 1.865741e+00 1.554595e-01 -3.874950e-04 -3.107347e-04 -2.495764e-04 -2.963829e-04
 8499.055424 6.958641e-01 1.546672e+00 1.874898e+00 1.554894e-01 -3.860345e-04 -3.101308e-04 -2.420549e-04 -2.845548e-04
 8503.450662 6.943283e-01 1.546446e+00 1.879617e+00 1.557203e-01 -3.804206e-04 -3.081067e-04 -2.447270e-04 -2.910742e-04
 8507.858091 6.934755e-01 1.548364e+00 1.887232e+00 1.557069e-01 -3.784972e-04 -3.074102e-04 -2.565049e-04 -2.931375e-04
 8512.277713 6.900375e-01 1.543868e+00 1.886077e+00 1.558533e-01 -3.866954e-04 -3.055828e-04 -2.503517e-04 -2.992659e-04
 8516.709527 6.578301e-01 1.475682e+00 1.808864e+00 1.510366e-01 -3.865822e-04 -3.116109e-04 -2.535894e-04 -2.949164e-04
 8521.153532 6.477749e-01 1.456037e+00 1.790547e+00 1.461027e-01 -3.780201e-04 -3.104414e-04 -2.495390e-04 -2.948000e-04
 8525.609730 6.910930e-01 1.556593e+00 1.917287e+00 1.548019e-01 -3.838499e-04 -3.093710e-04 -2.460269e-04 -2.871537e-04
 8530.078119 6.918474e-01 1.561914e+00 1.928037e+00 1.553544e-01 -3.932980e-04 -3.143310e-04 -2.527591e-04 -2.919557e-04
 8534.558700 6.905112e-01 1.562331e+00 1.934453e+00 1.559879e-01 -3.933267e-04 -3.086667e-04 -2.564938e-04 -2.906924e-04
 8539.051473 6.892957e-01 1.563333e+00 1.941458e+00 1.559398e-01 -3.902985e-04 -3.043182e-04 -2.586397e-04 -2.876969e-04
 8543.556438 6.887204e-01 1.565183e+00 1.949550e+00 1.561719e-01 -3.944882e-04 -3.014096e-04 -2.445886e-04 -2.909539e-04
 8548.073595 6.876822e-01 1.565958e+00 1.956538e+00 1.564102e-01 -3.962884e-04 -3.103072e-04 -2.447613e-04 -2.866104e-04
 8552.602944 6.868363e-01 1.567445e+00 1.964294e+00 1.559952e-01 -4.044276e-04 -3.164994e-04 -2.424850e-04 -2.864655e-04
 8557.144485 6.856981e-01 1.568568e+00 1.971576e+00 1.564030e-01 -4.086319e-04 -3.123572e-04 -2.308720e-04 -2.923496e-04
 8561.698218 6.848250e-01 1.570091e+00 1.979351e+00 1.567808e-01 -4.092243e-04 -3.048509e-04 -2.398022e-04 -2.958217e-04
 8566.264142 6.839301e-01 1.571696e+00 1.986433e+00 1.568509e-01 -3.999484e-04 -3.063187e-04 -2.342570e-04 -3.027149e-04
 8570.842259 6.830535e-01 1.572897e+00 1.993696e+00 1.568363e-01 -3.969327e-04 -3.030712e-04 -2.322432e-04 -3.005550e-04
 8575.432567 6.824975e-01 1.575257e+00 2.002500e+00 1.566012e-01 -3.996315e-04 -3.069168e-04 -2.302815e-04 -2.993009e-04
 8580.035068 6.815582e-01 1.576414e+00 2.010533e+00 1.566229e-01 -4.032143e-04 -3.136634e-04 -2.368852e-04 -3.043033e-04
 8584.649760 6.806178e-01 1.577785e+00 2.019172e+00 1.573861e-01 -3.988454e-04 -3.129643e-04 -2.341129e-04 -3.034719e-04
 8589.276644 6.793971e-01 1.578701e+00 2.027065e+00 1.571136e-01 -3.913466e-04 -3.052595e-04 -2.373377e-04 -3.091458e-04
 8593.915720 6.776739e-01 1.577995e+00 2.032409e+00 1.568137e-01 -3.827956e-04 -3.020619e-04 -2.464403e-04 -2.988626e-04
 8598.566988 6.759306e-01 1.577363e+00 2.038062e+00 1.565770e-01 -3.820698e-04 -3.054483e-04 -2.462138e-04 -2.941666e-04
 8603.230448 6.737706e-01 1.575562e+00 2.042276e+00 1.565232e-01 -3.859756e-04 -3.038035e-04 -2.447680e-04 -2.888580e-04
 8607.906100 6.696859e-01 1.570032e+00 2.041773e+00 1.558914e-01 -3.884496e-04 -3.067341e-04 -2.357537e-04 -2.892512e-04
 8612.593943 6.471348e-01 1.520604e+00 1.984586e+00 1.514233e-01 -3.930938e-04 -3.078466e-04 -2.320356e-04 -2.906041e-04
 8617.293979 6.077944e-01 1.432091e+00 1.877512e+00 1.432098e-01 -4.021630e-04 -3.077348e-04 -2.488959e-04 -2.887244e-04
 8622.006206 6.829532e-01 1.611924e+00 2.115287e+00 1.593876e-01 -4.033855e-04 -2.998124e-04 -2.502392e-04 -2.906086e-04
 8626.730626 6.814009e-01 1.612028e+00 2.122062e+00 1.596374e-01 -4.002090e-04 -2.864862e-04 -2.500561e-04 -2.930269e-04
 8631.467237 6.787967e-01 1.609669e+00 2.125845e+00 1.589986e-01 -4.012162e-04 -2.930659e-04 -2.465736e-04 -3.021122e-04
 8636.216040 6.766456e-01 1.608521e+00 2.131180e+00 1.589804e-01 -3.977295e-04 -3.028740e-04 -2.467728e-04 -3.134627e-04
 8640.977036 6.754223e-01 1.608999e+00 2.138302e+00 1.588076e-01 -3.913199e-04 -3.092866e-04 -2.459501e-04 -3.169483e-04
 8645.750223 6.740182e-01 1.609125e+00 2.144736e+00 1.589182e-01 -3.817508e-04 -3.120331e-04 -2.529318e-04 -2.992512e-04
 8650.535602 6.729936e-01 1.610439e+00 2.152589e+00 1.589610e-01 -3.795634e-04 -3.176073e-04 -2.562418e-04 -2.953329e-04
 8655.333172 6.721048e-01 1.611803e+00 2.161089e+00 1.588643e-01 -3.856230e-04 -3.080553e-04 -2.541518e-04 -2.910473e-04
 8660.142935 6.709512e-01 1.612708e+00 2.168524e+00 1.590882e-01 -3.850450e-04 -3.081456e-04 -2.511905e-04 -2.924642e-04
 8664.964890 6.698138e-01 1.613616e+00 2.175977e+00 1.590737e-01 -3.857608e-04 -3.074291e-04 -2.408963e-04 -2.944495e-04
 8669.799037 5.989835e-01 1.445733e+00 1.954856e+00 1.423387e-01 -3.442925e-04 -2.790925e-04 -2.177227e-04 -2.641572e-04
 8674.645375 9.036201e-02 2.182650e-01 2.954294e-01 2.152435e-02 -5.183700e-05 -4.206722e-05 -3.304177e-05 -4.018236e-05
