# Facility: NSLS-II
# Beamline: QAS
# Year: 2022
# Cycle: 2
# SAF: 309337
# PI: Li
# Proposal: 309890
# Scan ID: 26173
# UID: 741f9783-688a-4ee8-bf97-83ed88ed896f
# Comment: 
# Start time: 06/10/2022  07:53:29
# Stop time: 06/10/2022  07:54:01
# Total time: 00:32
# Trajectory name: Co-30s-7709.txt
# Element: Cobalt ( 27)
# Edge: K
# E0: 7709
# Reference Foil Element: Co
# Keithley Gains I0: 1E7 V/A It: 1E7 V/A Iref: 1E8 V/A PIPS: 1E8 V/A 
# Ion Chamber Gas Flow Rates: I0: 29.80 sccm He + 69.70 sccm N2 + 0.00 sccm Ar 
# Ion Chamber Gas Flow Rates: It&Iref: 79.80 sccm N2 + 20.10 sccm Ar
# Incident Beam Path Vertical: -27.48 mm
# Incident Slits Positions B: TOP: 1.0 mm Bottom: -1.0 mm Inboard: -1.5 mm Outboard: 1.5 mm
# Sample Stage Positions: Rotation: 45.0 deg Horizontal: 25.26 mm Vertical: -26.52 mm Beam Direction: 0.00 mm
# PerkinElmer Vertical Position: 500.00 mm
# Front End Mirror Horizontal Positions: Up: 14.00 mm Down: 14.00 mm
#
# energy  i0  it  ir  iff  aux1  aux2  aux3  aux4
 7517.877096 4.337373e-01 5.214497e-01 1.259637e+00 5.380147e-02 -1.910761e-04 -1.465883e-04 -1.194702e-04 -1.462505e-04
 7522.877096 8.577399e-01 1.033729e+00 2.500896e+00 1.065402e-01 -3.789972e-04 -2.922122e-04 -2.374770e-04 -2.820777e-04
 7527.877096 8.648505e-01 1.046266e+00 2.537655e+00 1.077392e-01 -3.783228e-04 -2.975959e-04 -2.358993e-04 -2.800008e-04
 7532.877096 8.650657e-01 1.050606e+00 2.554601e+00 1.080062e-01 -3.752096e-04 -3.022395e-04 -2.389785e-04 -2.362557e-04
 7537.877096 8.639449e-01 1.053144e+00 2.567233e+00 1.081382e-01 -3.807480e-04 -2.931184e-04 -2.313570e-04 -2.249731e-04
 7542.877096 8.621369e-01 1.054904e+00 2.577695e+00 1.081432e-01 -3.858093e-04 -2.825255e-04 -2.249892e-04 -2.323063e-04
 7547.877096 8.610524e-01 1.057603e+00 2.590896e+00 1.082814e-01 -3.931110e-04 -2.869112e-04 -2.303024e-04 -2.364683e-04
 7552.877096 8.606011e-01 1.060869e+00 2.605644e+00 1.085265e-01 -3.925033e-04 -2.878844e-04 -2.299964e-04 -2.499283e-04
 7557.877096 8.596499e-01 1.063711e+00 2.619804e+00 1.089893e-01 -3.908451e-04 -3.057244e-04 -2.260472e-04 -2.555577e-04
 7562.877096 8.577375e-01 1.064993e+00 2.629615e+00 1.093213e-01 -3.818333e-04 -3.048201e-04 -2.278365e-04 -2.501204e-04
 7567.877096 8.564880e-01 1.067314e+00 2.642164e+00 1.092041e-01 -3.927016e-04 -3.095746e-04 -2.368448e-04 -2.521606e-04
 7572.877096 8.568836e-01 1.072456e+00 2.662057e+00 1.094542e-01 -3.846662e-04 -3.028640e-04 -2.343557e-04 -2.589766e-04
 7577.877096 8.549133e-01 1.073831e+00 2.671501e+00 1.096937e-01 -3.650749e-04 -2.956331e-04 -2.237617e-04 -2.728336e-04
 7582.877096 8.536142e-01 1.075958e+00 2.683755e+00 1.095755e-01 -3.604265e-04 -2.919117e-04 -2.180000e-04 -2.548278e-04
 7587.877096 8.541379e-01 1.080970e+00 2.703173e+00 1.100843e-01 -3.562245e-04 -2.856574e-04 -2.177356e-04 -2.524619e-04
 7592.877096 8.535428e-01 1.084339e+00 2.719151e+00 1.103744e-01 -3.695771e-04 -2.814496e-04 -2.139770e-04 -2.573119e-04
 7597.877096 8.512237e-01 1.085429e+00 2.728601e+00 1.101832e-01 -3.751710e-04 -2.789835e-04 -2.227071e-04 -2.623867e-04
 7602.877096 8.491223e-01 1.086814e+00 2.739477e+00 1.099140e-01 -3.691717e-04 -2.809851e-04 -2.268597e-04 -2.544983e-04
 7607.877096 8.508115e-01 1.093243e+00 2.762761e+00 1.106115e-01 -3.568226e-04 -2.796971e-04 -2.109978e-04 -2.540321e-04
 7612.877096 8.499395e-01 1.096432e+00 2.777152e+00 1.106823e-01 -3.625814e-04 -2.764112e-04 -2.206433e-04 -2.618380e-04
 7617.877096 8.486686e-01 1.098692e+00 2.789557e+00 1.112816e-01 -3.735637e-04 -2.905271e-04 -2.339865e-04 -2.645174e-04
 7622.877096 8.485083e-01 1.102565e+00 2.806550e+00 1.112453e-01 -3.783352e-04 -2.852519e-04 -2.280453e-04 -2.633978e-04
 7627.877096 8.470433e-01 1.104636e+00 2.818080e+00 1.114427e-01 -3.862203e-04 -2.885082e-04 -2.253279e-04 -2.608725e-04
 7632.877096 8.474669e-01 1.109630e+00 2.837508e+00 1.116133e-01 -3.881801e-04 -2.876441e-04 -2.258695e-04 -2.563906e-04
 7637.877096 8.456464e-01 1.111125e+00 2.847553e+00 1.118949e-01 -3.850383e-04 -2.876474e-04 -2.301712e-04 -2.622192e-04
 7642.877096 8.455770e-01 1.115276e+00 2.864986e+00 1.120558e-01 -3.780258e-04 -2.878929e-04 -2.372214e-04 -2.597611e-04
 7647.877096 8.425377e-01 1.114772e+00 2.869690e+00 1.119852e-01 -3.699257e-04 -2.856917e-04 -2.273947e-04 -2.511463e-04
 7652.877096 8.421657e-01 1.118818e+00 2.886556e+00 1.120811e-01 -3.712773e-04 -2.745095e-04 -2.202738e-04 -2.508889e-04
 7657.877096 8.413809e-01 1.121822e+00 2.900696e+00 1.125317e-01 -3.733291e-04 -2.784835e-04 -2.242903e-04 -2.564067e-04
 7662.877096 8.414719e-01 1.126605e+00 2.919877e+00 1.129635e-01 -3.632702e-04 -2.741934e-04 -2.292937e-04 -2.543672e-04
 7667.877096 8.415759e-01 1.131207e+00 2.938549e+00 1.133084e-01 -3.764987e-04 -2.590165e-04 -2.278815e-04 -2.468076e-04
 7672.877096 8.414727e-01 1.135444e+00 2.955057e+00 1.133977e-01 -3.932824e-04 -2.702928e-04 -2.277350e-04 -2.451428e-04
 7677.877096 8.407100e-01 1.138747e+00 2.969352e+00 1.132817e-01 -3.907951e-04 -2.691308e-04 -2.261860e-04 -2.412665e-04
 7679.000000 8.406719e-01 1.139803e+00 2.972751e+00 1.127970e-01 -3.937531e-04 -2.665821e-04 -2.338617e-04 -2.464185e-04
 7680.000000 8.395486e-01 1.138932e+00 2.971986e+00 1.140333e-01 -3.998578e-04 -2.700259e-04 -2.371876e-04 -2.504495e-04
 7681.000000 8.386388e-01 1.138758e+00 2.972143e+00 1.128408e-01 -4.057263e-04 -2.681988e-04 -2.272065e-04 -2.486767e-04
 7682.000000 8.376460e-01 1.138117e+00 2.972419e+00 1.130451e-01 -4.005328e-04 -2.729878e-04 -2.161205e-04 -2.397325e-04
 7683.000000 8.249566e-01 1.121433e+00 2.929177e+00 1.120988e-01 -3.956059e-04 -2.717148e-04 -2.154182e-04 -2.375574e-04
 7684.000000 8.115549e-01 1.104538e+00 2.885357e+00 1.103822e-01 -3.924242e-04 -2.696427e-04 -2.305826e-04 -2.465682e-04
 7685.000000 8.360407e-01 1.138188e+00 2.972554e+00 1.140101e-01 -3.896547e-04 -2.717001e-04 -2.429935e-04 -2.371256e-04
 7686.000000 8.406669e-01 1.145583e+00 2.991427e+00 1.144029e-01 -3.858687e-04 -2.910654e-04 -2.374737e-04 -2.480557e-04
 7686.200000 8.352072e-01 1.138472e+00 2.973347e+00 1.098602e-01 -3.817452e-04 -2.956377e-04 -2.377613e-04 -2.437083e-04
 7686.400000 8.468288e-01 1.154826e+00 3.017595e+00 1.165266e-01 -3.807487e-04 -2.948620e-04 -2.391039e-04 -2.385970e-04
 7686.600000 8.435921e-01 1.149771e+00 3.005981e+00 1.145324e-01 -3.792829e-04 -2.896464e-04 -2.389844e-04 -2.418515e-04
 7686.800000 8.463685e-01 1.153929e+00 3.015916e+00 1.152093e-01 -3.889102e-04 -2.908523e-04 -2.419923e-04 -2.530044e-04
 7687.000000 8.440383e-01 1.150956e+00 3.007490e+00 1.197519e-01 -3.974042e-04 -2.750980e-04 -2.442389e-04 -2.585519e-04
 7687.200000 8.444723e-01 1.151747e+00 3.008979e+00 1.140519e-01 -3.929085e-04 -2.836689e-04 -2.219056e-04 -2.517840e-04
 7687.400000 8.367401e-01 1.141193e+00 2.982149e+00 1.166257e-01 -3.898551e-04 -2.711797e-04 -2.145074e-04 -2.570761e-04
 7687.600000 8.370509e-01 1.141667e+00 2.983246e+00 1.133071e-01 -3.861898e-04 -2.679691e-04 -2.052356e-04 -2.515865e-04
 7687.800000 8.341045e-01 1.138449e+00 2.975029e+00 1.110226e-01 -3.809006e-04 -2.676779e-04 -2.166387e-04 -2.488732e-04
 7688.000000 8.492176e-01 1.158805e+00 3.030980e+00 1.167416e-01 -3.862720e-04 -2.692273e-04 -2.238247e-04 -2.535160e-04
 7688.200000 8.426037e-01 1.149971e+00 3.006565e+00 1.163968e-01 -3.839825e-04 -2.663612e-04 -2.350562e-04 -2.504475e-04
 7688.400000 8.445232e-01 1.152552e+00 3.011644e+00 1.135439e-01 -3.746680e-04 -2.669982e-04 -2.092214e-04 -2.413699e-04
 7688.600000 8.385519e-01 1.144408e+00 2.991218e+00 1.136070e-01 -3.793786e-04 -2.587189e-04 -2.192051e-04 -2.478276e-04
 7688.800000 8.437877e-01 1.152361e+00 3.014035e+00 1.148830e-01 -3.728292e-04 -2.696680e-04 -2.328268e-04 -2.494294e-04
 7689.000000 8.393251e-01 1.146829e+00 2.995927e+00 1.142833e-01 -3.660426e-04 -2.813714e-04 -2.345550e-04 -2.442112e-04
 7689.200000 8.393817e-01 1.146922e+00 2.997650e+00 1.119945e-01 -3.681552e-04 -2.875069e-04 -2.577606e-04 -2.523383e-04
 7689.400000 8.474786e-01 1.158088e+00 3.028021e+00 1.159315e-01 -3.758094e-04 -2.845414e-04 -2.365168e-04 -2.483901e-04
 7689.600000 8.382755e-01 1.145059e+00 2.994901e+00 1.130096e-01 -3.716442e-04 -2.770131e-04 -2.193782e-04 -2.427458e-04
 7689.800000 8.428635e-01 1.151889e+00 3.011960e+00 1.152063e-01 -3.731455e-04 -2.704385e-04 -2.385704e-04 -2.552811e-04
 7690.000000 8.402328e-01 1.147858e+00 3.001920e+00 1.144650e-01 -3.795305e-04 -2.731135e-04 -2.327777e-04 -2.428878e-04
 7690.200000 8.337271e-01 1.139166e+00 2.978273e+00 1.135384e-01 -3.769971e-04 -2.623037e-04 -2.228902e-04 -2.326130e-04
 7690.400000 8.373921e-01 1.144946e+00 2.995736e+00 1.138937e-01 -3.768637e-04 -2.686078e-04 -2.415984e-04 -2.424479e-04
 7690.600000 8.506738e-01 1.163315e+00 3.042948e+00 1.148860e-01 -3.683189e-04 -2.819465e-04 -2.407877e-04 -2.319380e-04
 7690.800000 8.308826e-01 1.135629e+00 2.970187e+00 1.142952e-01 -3.637176e-04 -2.872630e-04 -2.296960e-04 -2.313417e-04
 7691.000000 8.445218e-01 1.155244e+00 3.020634e+00 1.151136e-01 -3.952314e-04 -2.933939e-04 -2.484708e-04 -2.364631e-04
 7691.200000 8.385387e-01 1.146725e+00 2.998919e+00 1.166671e-01 -3.890869e-04 -2.857877e-04 -2.524423e-04 -2.307714e-04
 7691.400000 8.396017e-01 1.148374e+00 3.003150e+00 1.125125e-01 -3.820461e-04 -2.881369e-04 -2.381655e-04 -2.412480e-04
 7691.600000 8.431302e-01 1.153706e+00 3.019455e+00 1.113844e-01 -3.772467e-04 -2.833737e-04 -2.397247e-04 -2.472946e-04
 7691.800000 8.327620e-01 1.139484e+00 2.981005e+00 1.159491e-01 -3.857123e-04 -2.802187e-04 -2.268667e-04 -2.279392e-04
 7692.000000 8.424243e-01 1.152575e+00 3.013910e+00 1.136397e-01 -4.003590e-04 -2.798646e-04 -2.457953e-04 -2.396213e-04
 7692.200000 8.442021e-01 1.155910e+00 3.021415e+00 1.135802e-01 -3.928322e-04 -2.804322e-04 -2.430592e-04 -2.434738e-04
 7692.400000 8.406424e-01 1.150794e+00 3.007006e+00 1.132946e-01 -3.881753e-04 -2.775899e-04 -2.455760e-04 -2.383902e-04
 7692.600000 8.321624e-01 1.139601e+00 2.978458e+00 1.113876e-01 -3.708648e-04 -2.764050e-04 -2.393329e-04 -2.360075e-04
 7692.800000 8.449531e-01 1.157278e+00 3.025156e+00 1.152536e-01 -3.834790e-04 -2.878272e-04 -2.339474e-04 -2.297413e-04
 7693.000000 8.451309e-01 1.157921e+00 3.027678e+00 1.177565e-01 -3.840455e-04 -2.941469e-04 -2.266368e-04 -2.358853e-04
 7693.200000 8.389964e-01 1.149741e+00 3.004995e+00 1.152992e-01 -3.769196e-04 -2.905985e-04 -2.268090e-04 -2.435945e-04
 7693.400000 8.412039e-01 1.152951e+00 3.013204e+00 1.148252e-01 -3.854308e-04 -2.841034e-04 -2.249479e-04 -2.421385e-04
 7693.600000 8.434462e-01 1.156130e+00 3.021671e+00 1.133627e-01 -3.742688e-04 -2.785748e-04 -2.123513e-04 -2.448171e-04
 7693.800000 8.404639e-01 1.151378e+00 3.009051e+00 1.132172e-01 -3.819725e-04 -2.931107e-04 -2.334259e-04 -2.517562e-04
 7694.000000 8.312959e-01 1.139287e+00 2.975631e+00 1.125783e-01 -3.699082e-04 -2.901266e-04 -2.318191e-04 -2.429723e-04
 7694.200000 8.436602e-01 1.156841e+00 3.025644e+00 1.159248e-01 -3.753005e-04 -2.874113e-04 -2.289925e-04 -2.442535e-04
 7694.400000 8.348414e-01 1.144636e+00 2.991834e+00 1.150107e-01 -3.711486e-04 -2.887188e-04 -2.321350e-04 -2.423873e-04
 7694.600000 8.469949e-01 1.162026e+00 3.035988e+00 1.140535e-01 -3.829304e-04 -2.970496e-04 -2.470621e-04 -2.633787e-04
 7694.800000 8.421460e-01 1.154606e+00 3.017162e+00 1.161230e-01 -3.758164e-04 -2.965720e-04 -2.412679e-04 -2.564582e-04
 7695.000000 8.366805e-01 1.147633e+00 2.997591e+00 1.150497e-01 -3.816879e-04 -2.924850e-04 -2.312679e-04 -2.395207e-04
 7695.200000 8.424231e-01 1.156058e+00 3.022663e+00 1.146216e-01 -3.796641e-04 -2.913465e-04 -2.183793e-04 -2.435309e-04
 7695.400000 8.382871e-01 1.150125e+00 3.008240e+00 1.130052e-01 -3.859931e-04 -2.847353e-04 -2.278657e-04 -2.494607e-04
 7695.600000 8.467117e-01 1.161780e+00 3.037646e+00 1.134850e-01 -3.821995e-04 -2.803378e-04 -2.358078e-04 -2.495707e-04
 7695.800000 8.379901e-01 1.150280e+00 3.004821e+00 1.135285e-01 -3.868794e-04 -2.870859e-04 -2.273222e-04 -2.521725e-04
 7696.000000 8.383310e-01 1.150841e+00 3.004704e+00 1.158744e-01 -3.960211e-04 -2.892253e-04 -2.324053e-04 -2.552186e-04
 7696.200000 8.380133e-01 1.150389e+00 3.004008e+00 1.165773e-01 -3.808682e-04 -2.918728e-04 -2.102047e-04 -2.478795e-04
 7696.400000 8.361354e-01 1.147471e+00 2.998825e+00 1.106891e-01 -3.812811e-04 -2.819129e-04 -2.031026e-04 -2.562345e-04
 7696.600000 8.442799e-01 1.158901e+00 3.028806e+00 1.136824e-01 -3.791946e-04 -2.842708e-04 -2.200143e-04 -2.589006e-04
 7696.800000 8.406420e-01 1.154051e+00 3.013649e+00 1.171230e-01 -3.799913e-04 -2.786897e-04 -2.088750e-04 -2.575058e-04
 7697.000000 8.400473e-01 1.153385e+00 3.010961e+00 1.152821e-01 -3.709937e-04 -2.790817e-04 -2.180521e-04 -2.536411e-04
 7697.200000 8.346753e-01 1.146976e+00 2.994319e+00 1.126001e-01 -3.749711e-04 -2.926905e-04 -2.171453e-04 -2.532663e-04
 7697.400000 8.410060e-01 1.156020e+00 3.018554e+00 1.143673e-01 -3.867320e-04 -2.921666e-04 -2.181272e-04 -2.552030e-04
 7697.600000 8.433420e-01 1.159242e+00 3.025818e+00 1.166185e-01 -3.944307e-04 -2.910151e-04 -2.154448e-04 -2.460694e-04
 7697.800000 8.440973e-01 1.160801e+00 3.029437e+00 1.156539e-01 -3.947573e-04 -2.959854e-04 -2.210580e-04 -2.476062e-04
 7698.000000 8.410978e-01 1.156320e+00 3.016004e+00 1.167499e-01 -3.802367e-04 -2.867188e-04 -2.290202e-04 -2.525941e-04
 7698.200000 8.401342e-01 1.155290e+00 3.012786e+00 1.150628e-01 -3.925916e-04 -2.854966e-04 -2.284826e-04 -2.543887e-04
 7698.400000 8.332104e-01 1.145423e+00 2.987727e+00 1.127665e-01 -3.899916e-04 -2.940981e-04 -2.312708e-04 -2.763218e-04
 7698.600000 8.379803e-01 1.152224e+00 3.004366e+00 1.168492e-01 -3.800791e-04 -2.999973e-04 -2.235914e-04 -2.823029e-04
 7698.800000 8.365732e-01 1.150693e+00 3.001474e+00 1.159640e-01 -3.762536e-04 -2.962931e-04 -2.240653e-04 -2.679404e-04
 7699.000000 8.419946e-01 1.158804e+00 3.021928e+00 1.162769e-01 -3.853881e-04 -3.003248e-04 -2.164465e-04 -2.541493e-04
 7699.200000 8.426851e-01 1.159560e+00 3.021907e+00 1.137017e-01 -3.908002e-04 -3.082831e-04 -2.227110e-04 -2.404437e-04
 7699.400000 8.350481e-01 1.149913e+00 2.995666e+00 1.123713e-01 -3.852123e-04 -2.992942e-04 -2.254489e-04 -2.541035e-04
 7699.600000 8.404392e-01 1.156520e+00 3.013002e+00 1.146893e-01 -3.806585e-04 -3.076292e-04 -2.275380e-04 -2.528199e-04
 7699.800000 8.385239e-01 1.154235e+00 3.005577e+00 1.158361e-01 -3.799535e-04 -3.017095e-04 -2.213827e-04 -2.484380e-04
 7700.000000 8.401922e-01 1.156595e+00 3.010301e+00 1.142504e-01 -3.788615e-04 -2.957200e-04 -2.385071e-04 -2.711940e-04
 7700.200000 8.381362e-01 1.153737e+00 3.001194e+00 1.141688e-01 -3.880978e-04 -2.978253e-04 -2.394240e-04 -2.608649e-04
 7700.400000 8.373688e-01 1.153287e+00 3.000612e+00 1.151504e-01 -3.781210e-04 -3.033319e-04 -2.363523e-04 -2.498572e-04
 7700.600000 8.424957e-01 1.160216e+00 3.017473e+00 1.158339e-01 -3.813016e-04 -3.095192e-04 -2.400504e-04 -2.492605e-04
 7700.800000 8.372833e-01 1.153715e+00 2.998813e+00 1.142474e-01 -3.862098e-04 -3.002626e-04 -2.286288e-04 -2.560212e-04
 7701.000000 8.408470e-01 1.158847e+00 3.010443e+00 1.138021e-01 -3.861006e-04 -3.038758e-04 -2.180286e-04 -2.501354e-04
 7701.200000 8.351043e-01 1.151027e+00 2.989536e+00 1.133305e-01 -3.909082e-04 -2.980644e-04 -2.252086e-04 -2.629058e-04
 7701.400000 8.410705e-01 1.159417e+00 3.010088e+00 1.158715e-01 -3.873399e-04 -3.020986e-04 -2.274621e-04 -2.541286e-04
 7701.600000 8.368549e-01 1.153437e+00 2.995001e+00 1.163617e-01 -3.776053e-04 -2.950821e-04 -2.243572e-04 -2.555149e-04
 7701.800000 8.376106e-01 1.154617e+00 2.998896e+00 1.127761e-01 -3.692139e-04 -2.919104e-04 -2.133344e-04 -2.448578e-04
 7702.000000 8.403521e-01 1.158088e+00 3.003714e+00 1.134704e-01 -3.789268e-04 -2.936662e-04 -2.178613e-04 -2.532106e-04
 7702.200000 8.392573e-01 1.157445e+00 2.999196e+00 1.161500e-01 -3.726468e-04 -2.928596e-04 -2.369276e-04 -2.606366e-04
 7702.400000 8.412800e-01 1.160317e+00 3.006738e+00 1.165410e-01 -3.686677e-04 -2.826550e-04 -2.194985e-04 -2.374619e-04
 7702.600000 8.388007e-01 1.157144e+00 2.996428e+00 1.142178e-01 -3.652583e-04 -2.820734e-04 -2.268495e-04 -2.396659e-04
 7702.800000 8.351671e-01 1.152405e+00 2.982961e+00 1.145276e-01 -3.771026e-04 -2.852499e-04 -2.104418e-04 -2.331253e-04
 7703.000000 8.345786e-01 1.151046e+00 2.976243e+00 1.152051e-01 -3.817761e-04 -2.866106e-04 -2.262757e-04 -2.447532e-04
 7703.200000 8.393136e-01 1.158551e+00 2.995522e+00 1.143797e-01 -3.776682e-04 -2.968345e-04 -2.325091e-04 -2.378044e-04
 7703.400000 8.432827e-01 1.164309e+00 3.008267e+00 1.154624e-01 -3.808583e-04 -2.741129e-04 -2.322897e-04 -2.458382e-04
 7703.600000 8.343660e-01 1.151801e+00 2.971239e+00 1.139376e-01 -3.836027e-04 -2.823696e-04 -2.246146e-04 -2.271995e-04
 7703.800000 8.341115e-01 1.151406e+00 2.965980e+00 1.144911e-01 -3.896273e-04 -2.817800e-04 -2.243871e-04 -2.422311e-04
 7704.000000 8.427606e-01 1.163901e+00 2.998593e+00 1.151325e-01 -3.836353e-04 -2.811386e-04 -2.374244e-04 -2.602367e-04
 7704.200000 8.340764e-01 1.151790e+00 2.963539e+00 1.150227e-01 -3.755795e-04 -2.784854e-04 -2.301551e-04 -2.493730e-04
 7704.400000 8.371199e-01 1.156371e+00 2.972337e+00 1.161469e-01 -3.672467e-04 -2.780022e-04 -2.279052e-04 -2.477268e-04
 7704.600000 8.361228e-01 1.154834e+00 2.964341e+00 1.149177e-01 -3.772959e-04 -2.887449e-04 -2.310824e-04 -2.368262e-04
 7704.800000 8.342284e-01 1.152697e+00 2.953838e+00 1.154598e-01 -3.761425e-04 -2.851431e-04 -2.197107e-04 -2.363018e-04
 7705.000000 8.372579e-01 1.157016e+00 2.961383e+00 1.148712e-01 -3.784704e-04 -2.836735e-04 -2.315769e-04 -2.385369e-04
 7705.200000 8.375034e-01 1.157533e+00 2.958137e+00 1.144615e-01 -3.776390e-04 -2.915133e-04 -2.463631e-04 -2.495235e-04
 7705.400000 8.383028e-01 1.158791e+00 2.953907e+00 1.146332e-01 -3.693334e-04 -2.934383e-04 -2.425900e-04 -2.481349e-04
 7705.600000 8.372125e-01 1.157666e+00 2.943526e+00 1.163398e-01 -3.723272e-04 -2.883146e-04 -2.324010e-04 -2.397349e-04
 7705.800000 8.360890e-01 1.156151e+00 2.931909e+00 1.144873e-01 -3.819956e-04 -2.936277e-04 -2.460897e-04 -2.434589e-04
 7706.000000 8.349190e-01 1.154526e+00 2.919558e+00 1.141565e-01 -3.768668e-04 -2.903076e-04 -2.565523e-04 -2.515441e-04
 7706.200000 8.378865e-01 1.158786e+00 2.922175e+00 1.161029e-01 -3.820171e-04 -2.768781e-04 -2.569897e-04 -2.499739e-04
 7706.400000 8.357817e-01 1.156069e+00 2.900197e+00 1.151764e-01 -3.780568e-04 -2.732683e-04 -2.310685e-04 -2.485861e-04
 7706.600000 8.318612e-01 1.150440e+00 2.870425e+00 1.148534e-01 -3.830087e-04 -2.699415e-04 -2.284349e-04 -2.564958e-04
 7706.800000 8.381505e-01 1.159290e+00 2.876813e+00 1.147609e-01 -3.911601e-04 -2.729339e-04 -2.264882e-04 -2.545549e-04
 7707.000000 8.354005e-01 1.155873e+00 2.846400e+00 1.140813e-01 -3.811443e-04 -2.773939e-04 -2.273530e-04 -2.445884e-04
 7707.200000 8.335520e-01 1.153199e+00 2.809377e+00 1.158285e-01 -3.805548e-04 -2.840577e-04 -2.304281e-04 -2.547946e-04
 7707.400000 8.357592e-01 1.157063e+00 2.783455e+00 1.147758e-01 -3.789302e-04 -2.823723e-04 -2.335214e-04 -2.448188e-04
 7707.600000 8.380405e-01 1.160124e+00 2.747065e+00 1.165125e-01 -3.694907e-04 -2.919259e-04 -2.390668e-04 -2.409539e-04
 7707.800000 8.375254e-01 1.159346e+00 2.692459e+00 1.153993e-01 -3.692718e-04 -2.878234e-04 -2.290095e-04 -2.446352e-04
 7708.000000 8.384420e-01 1.161533e+00 2.636039e+00 1.158900e-01 -3.687675e-04 -2.880172e-04 -2.259473e-04 -2.424886e-04
 7708.200000 8.349165e-01 1.156545e+00 2.558718e+00 1.157934e-01 -3.560402e-04 -2.961450e-04 -2.334134e-04 -2.517187e-04
 7708.400000 8.349931e-01 1.156751e+00 2.492580e+00 1.165930e-01 -3.585697e-04 -2.944333e-04 -2.414744e-04 -2.587739e-04
 7708.600000 8.383707e-01 1.161701e+00 2.435897e+00 1.151777e-01 -3.743181e-04 -2.874009e-04 -2.339544e-04 -2.477900e-04
 7708.800000 8.369873e-01 1.159736e+00 2.368598e+00 1.162193e-01 -3.777338e-04 -2.870049e-04 -2.296863e-04 -2.377237e-04
 7709.000000 8.366536e-01 1.159296e+00 2.302808e+00 1.158957e-01 -3.816020e-04 -2.975010e-04 -2.295501e-04 -2.370345e-04
 7709.200000 8.374716e-01 1.160857e+00 2.245185e+00 1.154933e-01 -3.808397e-04 -2.972761e-04 -2.384178e-04 -2.388444e-04
 7709.400000 8.381469e-01 1.161872e+00 2.192042e+00 1.164529e-01 -3.798134e-04 -2.992148e-04 -2.324453e-04 -2.494434e-04
 7709.600000 8.390194e-01 1.163145e+00 2.141362e+00 1.154509e-01 -3.820837e-04 -2.960417e-04 -2.450664e-04 -2.716697e-04
 7709.800000 8.393161e-01 1.164270e+00 2.093169e+00 1.154561e-01 -3.830032e-04 -2.976282e-04 -2.388750e-04 -2.460421e-04
 7710.000000 8.387230e-01 1.163418e+00 2.047132e+00 1.168649e-01 -3.752461e-04 -2.955190e-04 -2.381585e-04 -2.369102e-04
 7710.200000 8.368079e-01 1.160704e+00 1.997649e+00 1.162825e-01 -3.728075e-04 -3.039295e-04 -2.295527e-04 -2.323645e-04
 7710.400000 8.382870e-01 1.163231e+00 1.965031e+00 1.156356e-01 -3.803044e-04 -2.887714e-04 -2.305439e-04 -2.374142e-04
 7710.600000 8.383672e-01 1.163398e+00 1.929541e+00 1.169140e-01 -3.730235e-04 -2.862755e-04 -2.393791e-04 -2.442746e-04
 7710.800000 8.381381e-01 1.163322e+00 1.898181e+00 1.168754e-01 -3.700344e-04 -2.843872e-04 -2.358007e-04 -2.508103e-04
 7711.000000 8.363690e-01 1.160916e+00 1.866975e+00 1.164732e-01 -3.709160e-04 -2.836145e-04 -2.447262e-04 -2.544405e-04
 7711.200000 8.378877e-01 1.163133e+00 1.847001e+00 1.163618e-01 -3.701498e-04 -2.838803e-04 -2.489518e-04 -2.520984e-04
 7711.400000 8.367313e-01 1.161639e+00 1.824640e+00 1.164564e-01 -3.624651e-04 -2.742336e-04 -2.522059e-04 -2.546544e-04
 7711.600000 8.360379e-01 1.160698e+00 1.806120e+00 1.170447e-01 -3.639012e-04 -2.850027e-04 -2.482277e-04 -2.734079e-04
 7711.800000 8.369802e-01 1.162136e+00 1.794587e+00 1.165455e-01 -3.711841e-04 -2.815806e-04 -2.436272e-04 -2.605486e-04
 7712.000000 8.376717e-01 1.163325e+00 1.786190e+00 1.173763e-01 -3.653383e-04 -2.861298e-04 -2.359634e-04 -2.532406e-04
 7712.200000 8.379941e-01 1.163801e+00 1.778956e+00 1.172224e-01 -3.727135e-04 -2.835103e-04 -2.374798e-04 -2.473599e-04
 7712.400000 8.392518e-01 1.165786e+00 1.775409e+00 1.180347e-01 -3.781990e-04 -2.784519e-04 -2.396242e-04 -2.472761e-04
 7712.600000 8.390294e-01 1.165315e+00 1.769404e+00 1.181094e-01 -3.747024e-04 -2.771680e-04 -2.412238e-04 -2.535579e-04
 7712.800000 8.371133e-01 1.162649e+00 1.760053e+00 1.181225e-01 -3.711927e-04 -2.740625e-04 -2.465629e-04 -2.627501e-04
 7713.000000 8.382030e-01 1.164128e+00 1.759770e+00 1.196208e-01 -3.746371e-04 -2.712275e-04 -2.395561e-04 -2.598457e-04
 7713.200000 8.378414e-01 1.163509e+00 1.753805e+00 1.194299e-01 -3.756343e-04 -2.739062e-04 -2.519602e-04 -2.708258e-04
 7713.400000 8.356685e-01 1.160777e+00 1.744985e+00 1.191795e-01 -3.721239e-04 -2.742499e-04 -2.473670e-04 -2.582173e-04
 7713.600000 8.373641e-01 1.163013e+00 1.741535e+00 1.200770e-01 -3.824623e-04 -2.866576e-04 -2.460735e-04 -2.518349e-04
 7713.800000 8.381639e-01 1.163867e+00 1.733484e+00 1.205003e-01 -3.878420e-04 -2.799057e-04 -2.445095e-04 -2.488396e-04
 7714.000000 8.374294e-01 1.162878e+00 1.720000e+00 1.207361e-01 -3.836528e-04 -2.840856e-04 -2.476857e-04 -2.507851e-04
 7714.200000 8.379847e-01 1.163842e+00 1.707566e+00 1.213809e-01 -3.860444e-04 -2.808314e-04 -2.404476e-04 -2.532847e-04
 7714.400000 8.374414e-01 1.162735e+00 1.689646e+00 1.216661e-01 -3.877093e-04 -2.852865e-04 -2.473083e-04 -2.451274e-04
 7714.600000 8.377868e-01 1.163493e+00 1.672411e+00 1.227139e-01 -3.925335e-04 -2.833504e-04 -2.532853e-04 -2.622711e-04
 7714.800000 8.380171e-01 1.164080e+00 1.652604e+00 1.225568e-01 -3.863925e-04 -2.831880e-04 -2.522420e-04 -2.574618e-04
 7715.000000 8.350495e-01 1.159893e+00 1.624500e+00 1.226370e-01 -3.889601e-04 -2.880317e-04 -2.482904e-04 -2.497965e-04
 7715.200000 8.384725e-01 1.164957e+00 1.611112e+00 1.234571e-01 -3.901854e-04 -2.948951e-04 -2.443426e-04 -2.519637e-04
 7715.400000 8.381323e-01 1.164609e+00 1.587212e+00 1.233033e-01 -3.921017e-04 -2.948871e-04 -2.317816e-04 -2.508005e-04
 7715.600000 8.373578e-01 1.163755e+00 1.562280e+00 1.235230e-01 -3.860279e-04 -2.894579e-04 -2.328124e-04 -2.609038e-04
 7715.800000 8.356088e-01 1.161508e+00 1.537597e+00 1.230166e-01 -3.760721e-04 -2.790053e-04 -2.417620e-04 -2.612242e-04
 7716.000000 8.361352e-01 1.162795e+00 1.515252e+00 1.228356e-01 -3.730250e-04 -2.835969e-04 -2.402464e-04 -2.687175e-04
 7716.200000 8.352287e-01 1.161452e+00 1.492323e+00 1.229209e-01 -3.724255e-04 -2.901941e-04 -2.420951e-04 -2.549604e-04
 7716.400000 8.374513e-01 1.164748e+00 1.477424e+00 1.228658e-01 -3.772448e-04 -2.999992e-04 -2.458041e-04 -2.597817e-04
 7716.600000 8.361101e-01 1.162903e+00 1.453865e+00 1.221340e-01 -3.808635e-04 -2.876929e-04 -2.391200e-04 -2.680896e-04
 7716.800000 8.365642e-01 1.164128e+00 1.435064e+00 1.221079e-01 -3.747372e-04 -2.870004e-04 -2.454386e-04 -2.674567e-04
 7717.000000 8.362261e-01 1.163281e+00 1.413061e+00 1.214500e-01 -3.658880e-04 -2.917361e-04 -2.463608e-04 -2.749084e-04
 7717.200000 8.320833e-01 1.157566e+00 1.385555e+00 1.219139e-01 -3.654203e-04 -2.877227e-04 -2.485000e-04 -2.846805e-04
 7717.400000 8.361861e-01 1.163481e+00 1.374193e+00 1.224115e-01 -3.653309e-04 -2.954711e-04 -2.539968e-04 -2.759989e-04
 7717.600000 8.317500e-01 1.157342e+00 1.345044e+00 1.225175e-01 -3.743498e-04 -3.001646e-04 -2.394006e-04 -2.607567e-04
 7717.800000 8.375005e-01 1.165686e+00 1.336172e+00 1.246640e-01 -3.820337e-04 -2.989887e-04 -2.311663e-04 -2.559231e-04
 7718.000000 8.364493e-01 1.163843e+00 1.315276e+00 1.230522e-01 -3.841524e-04 -2.880196e-04 -2.440204e-04 -2.539554e-04
 7718.200000 8.373889e-01 1.165134e+00 1.296669e+00 1.256936e-01 -3.760856e-04 -2.749909e-04 -2.382759e-04 -2.476068e-04
 7718.400000 8.375204e-01 1.165185e+00 1.277635e+00 1.247570e-01 -3.705841e-04 -2.823112e-04 -2.395712e-04 -2.552440e-04
 7718.600000 8.366072e-01 1.164008e+00 1.255778e+00 1.243780e-01 -3.729777e-04 -2.843922e-04 -2.436654e-04 -2.685102e-04
 7718.800000 8.373666e-01 1.165279e+00 1.236821e+00 1.265682e-01 -3.767829e-04 -2.871320e-04 -2.526991e-04 -2.679471e-04
 7719.000000 8.345431e-01 1.161307e+00 1.211801e+00 1.257521e-01 -3.887788e-04 -2.807322e-04 -2.546675e-04 -2.696616e-04
 7719.200000 8.324450e-01 1.157740e+00 1.188365e+00 1.255681e-01 -3.768694e-04 -2.783985e-04 -2.567876e-04 -2.618340e-04
 7719.400000 8.353177e-01 1.162107e+00 1.173169e+00 1.253264e-01 -3.814278e-04 -2.903310e-04 -2.619655e-04 -2.577385e-04
 7719.600000 8.326555e-01 1.158733e+00 1.148089e+00 1.267649e-01 -3.847574e-04 -2.901842e-04 -2.599882e-04 -2.624765e-04
 7719.800000 8.355452e-01 1.162886e+00 1.132951e+00 1.268087e-01 -3.846580e-04 -2.913774e-04 -2.590111e-04 -2.667519e-04
 7720.000000 8.367004e-01 1.164429e+00 1.114572e+00 1.267294e-01 -3.791589e-04 -2.848162e-04 -2.640963e-04 -2.764003e-04
 7720.200000 8.333859e-01 1.159757e+00 1.089320e+00 1.288092e-01 -3.768367e-04 -2.843610e-04 -2.680528e-04 -2.779470e-04
 7720.400000 8.353832e-01 1.162378e+00 1.071696e+00 1.281075e-01 -3.819576e-04 -2.882341e-04 -2.599813e-04 -2.720593e-04
 7720.600000 8.339887e-01 1.160447e+00 1.048206e+00 1.283472e-01 -3.939612e-04 -2.947080e-04 -2.642478e-04 -2.763808e-04
 7720.800000 8.314754e-01 1.156884e+00 1.023692e+00 1.274209e-01 -3.875010e-04 -2.869414e-04 -2.769611e-04 -2.707547e-04
 7721.000000 8.354999e-01 1.162537e+00 1.008157e+00 1.298979e-01 -3.798999e-04 -2.770578e-04 -2.614350e-04 -2.578365e-04
 7721.200000 8.369163e-01 1.164795e+00 9.911597e-01 1.295627e-01 -3.776872e-04 -2.750906e-04 -2.584688e-04 -2.573464e-04
 7721.400000 8.353473e-01 1.162568e+00 9.672729e-01 1.299059e-01 -3.799523e-04 -2.727403e-04 -2.520319e-04 -2.660074e-04
 7721.600000 8.333787e-01 1.159971e+00 9.467187e-01 1.296551e-01 -3.870945e-04 -2.642633e-04 -2.646491e-04 -2.680997e-04
 7721.800000 8.390117e-01 1.167865e+00 9.332099e-01 1.311918e-01 -3.894453e-04 -2.717097e-04 -2.690003e-04 -2.848877e-04
 7722.000000 8.335075e-01 1.160185e+00 9.073133e-01 1.325228e-01 -3.864358e-04 -2.801962e-04 -2.608896e-04 -2.684612e-04
 7722.200000 8.363610e-01 1.164046e+00 8.925364e-01 1.311041e-01 -3.810881e-04 -2.735405e-04 -2.591230e-04 -2.654115e-04
 7722.400000 8.381453e-01 1.166733e+00 8.773648e-01 1.310127e-01 -3.847444e-04 -2.644858e-04 -2.471825e-04 -2.673666e-04
 7722.600000 8.373386e-01 1.165585e+00 8.603102e-01 1.339677e-01 -3.789161e-04 -2.574310e-04 -2.474599e-04 -2.696160e-04
 7722.800000 8.351623e-01 1.162321e+00 8.415497e-01 1.319965e-01 -3.798695e-04 -2.630429e-04 -2.542804e-04 -2.790609e-04
 7723.000000 8.348053e-01 1.162068e+00 8.253301e-01 1.307052e-01 -3.732664e-04 -2.693710e-04 -2.649724e-04 -2.864822e-04
 7723.200000 8.364625e-01 1.164334e+00 8.126339e-01 1.348963e-01 -3.734595e-04 -2.767890e-04 -2.694084e-04 -2.912635e-04
 7723.400000 8.370691e-01 1.165673e+00 8.014499e-01 1.328094e-01 -3.835054e-04 -2.765207e-04 -2.368063e-04 -2.860658e-04
 7723.600000 8.338242e-01 1.161241e+00 7.889626e-01 1.325543e-01 -3.811948e-04 -2.845091e-04 -2.444904e-04 -2.847858e-04
 7723.800000 8.382163e-01 1.167389e+00 7.840616e-01 1.350555e-01 -3.774644e-04 -2.848989e-04 -2.500574e-04 -2.848991e-04
 7724.000000 8.365696e-01 1.165053e+00 7.744004e-01 1.351713e-01 -3.695360e-04 -2.830300e-04 -2.504848e-04 -2.739001e-04
 7724.200000 8.369464e-01 1.165687e+00 7.665807e-01 1.346901e-01 -3.623452e-04 -2.852271e-04 -2.566615e-04 -2.748622e-04
 7724.400000 8.285945e-01 1.153951e+00 7.539392e-01 1.355887e-01 -3.601989e-04 -2.841653e-04 -2.486894e-04 -2.683463e-04
 7724.600000 8.385506e-01 1.167841e+00 7.584952e-01 1.344563e-01 -3.726368e-04 -2.777178e-04 -2.576773e-04 -2.826335e-04
 7724.800000 8.351951e-01 1.163315e+00 7.519036e-01 1.380865e-01 -3.716386e-04 -2.817267e-04 -2.538580e-04 -2.776836e-04
 7725.000000 8.334948e-01 1.161020e+00 7.452687e-01 1.345560e-01 -3.840653e-04 -2.828670e-04 -2.544605e-04 -2.879450e-04
 7725.200000 8.337626e-01 1.161975e+00 7.433488e-01 1.365047e-01 -3.864717e-04 -2.717081e-04 -2.388137e-04 -2.712875e-04
 7725.400000 8.310159e-01 1.157974e+00 7.404184e-01 1.368007e-01 -3.873810e-04 -2.678930e-04 -2.307132e-04 -2.688782e-04
 7725.600000 8.402556e-01 1.170602e+00 7.486480e-01 1.396450e-01 -3.803955e-04 -2.821559e-04 -2.365081e-04 -2.761400e-04
 7725.800000 8.364211e-01 1.165789e+00 7.437981e-01 1.370075e-01 -3.823873e-04 -2.760994e-04 -2.407262e-04 -2.843114e-04
 7726.000000 8.344365e-01 1.162546e+00 7.410172e-01 1.354711e-01 -3.858515e-04 -2.781336e-04 -2.431895e-04 -2.805046e-04
 7726.200000 8.319896e-01 1.159617e+00 7.390212e-01 1.382762e-01 -3.855399e-04 -2.841639e-04 -2.485522e-04 -2.790003e-04
 7726.400000 8.417053e-01 1.173539e+00 7.497063e-01 1.409087e-01 -3.719527e-04 -2.877055e-04 -2.540576e-04 -2.811135e-04
 7726.600000 8.406894e-01 1.171999e+00 7.489896e-01 1.407280e-01 -3.762355e-04 -2.850763e-04 -2.497396e-04 -2.844093e-04
 7726.800000 8.349513e-01 1.163824e+00 7.441012e-01 1.367305e-01 -3.624530e-04 -2.865138e-04 -2.499619e-04 -2.762458e-04
 7727.000000 8.351297e-01 1.164115e+00 7.430685e-01 1.369628e-01 -3.733003e-04 -2.951308e-04 -2.560418e-04 -2.840060e-04
 7727.200000 8.341650e-01 1.162886e+00 7.438465e-01 1.390276e-01 -3.682897e-04 -2.950541e-04 -2.672264e-04 -2.792945e-04
 7727.400000 8.350701e-01 1.164287e+00 7.474213e-01 1.373916e-01 -3.628321e-04 -2.972008e-04 -2.645197e-04 -2.767388e-04
 7727.600000 8.375671e-01 1.168246e+00 7.498280e-01 1.372505e-01 -3.708983e-04 -2.934266e-04 -2.575947e-04 -2.790329e-04
 7727.800000 8.337586e-01 1.162728e+00 7.480302e-01 1.380534e-01 -3.713714e-04 -2.954759e-04 -2.638889e-04 -2.786898e-04
 7728.000000 8.346186e-01 1.164145e+00 7.488795e-01 1.390717e-01 -3.685720e-04 -2.965745e-04 -2.612223e-04 -2.835585e-04
 7728.200000 8.364041e-01 1.166805e+00 7.524582e-01 1.367609e-01 -3.645901e-04 -2.864993e-04 -2.506497e-04 -2.781666e-04
 7728.400000 8.356033e-01 1.165744e+00 7.528381e-01 1.367276e-01 -3.694068e-04 -2.791910e-04 -2.460785e-04 -2.708798e-04
 7728.600000 8.394959e-01 1.171195e+00 7.578182e-01 1.404668e-01 -3.708371e-04 -2.814682e-04 -2.565025e-04 -2.698370e-04
 7728.800000 8.355935e-01 1.166025e+00 7.523608e-01 1.394109e-01 -3.784901e-04 -2.807453e-04 -2.495419e-04 -2.661139e-04
 7729.000000 8.333878e-01 1.163158e+00 7.514067e-01 1.376955e-01 -3.901055e-04 -2.864634e-04 -2.395002e-04 -2.658882e-04
 7729.200000 8.330557e-01 1.162799e+00 7.486720e-01 1.367420e-01 -3.784705e-04 -2.880748e-04 -2.489889e-04 -2.718705e-04
 7729.400000 8.391704e-01 1.171936e+00 7.556488e-01 1.400784e-01 -3.822900e-04 -2.898069e-04 -2.423243e-04 -2.633310e-04
 7729.600000 8.339648e-01 1.164591e+00 7.492595e-01 1.393363e-01 -3.811460e-04 -2.778974e-04 -2.442902e-04 -2.666796e-04
 7729.800000 8.350396e-01 1.166402e+00 7.485188e-01 1.388215e-01 -3.764644e-04 -2.833679e-04 -2.536686e-04 -2.703972e-04
 7730.000000 8.322229e-01 1.162278e+00 7.426287e-01 1.379846e-01 -3.759524e-04 -2.755516e-04 -2.488233e-04 -2.871835e-04
 7730.200000 8.325834e-01 1.162750e+00 7.396413e-01 1.366074e-01 -3.829113e-04 -2.717113e-04 -2.488047e-04 -2.885336e-04
 7730.400000 8.356358e-01 1.167623e+00 7.397928e-01 1.377047e-01 -3.867645e-04 -2.714621e-04 -2.426454e-04 -2.798907e-04
 7730.600000 8.378840e-01 1.171099e+00 7.386191e-01 1.416876e-01 -3.923078e-04 -2.883205e-04 -2.540942e-04 -2.820211e-04
 7730.800000 8.342750e-01 1.166179e+00 7.299057e-01 1.370125e-01 -3.768750e-04 -2.933592e-04 -2.575350e-04 -2.774795e-04
 7731.000000 8.337942e-01 1.165049e+00 7.260764e-01 1.390836e-01 -3.752658e-04 -2.871204e-04 -2.529951e-04 -2.811773e-04
 7731.200000 8.321555e-01 1.163499e+00 7.203825e-01 1.408142e-01 -3.773633e-04 -2.805701e-04 -2.550860e-04 -2.904195e-04
 7731.400000 8.327335e-01 1.164540e+00 7.166361e-01 1.346154e-01 -3.794120e-04 -2.792728e-04 -2.638914e-04 -2.784676e-04
 7731.600000 8.361395e-01 1.169213e+00 7.154274e-01 1.412519e-01 -3.784094e-04 -2.728416e-04 -2.560893e-04 -2.760061e-04
 7731.800000 8.316328e-01 1.163275e+00 7.070580e-01 1.381457e-01 -3.673047e-04 -2.853157e-04 -2.287336e-04 -2.687189e-04
 7732.000000 8.345647e-01 1.168077e+00 7.051897e-01 1.391409e-01 -3.764227e-04 -2.801114e-04 -2.365315e-04 -2.645197e-04
 7732.200000 8.330019e-01 1.166185e+00 7.006910e-01 1.419115e-01 -3.706872e-04 -2.806623e-04 -2.331106e-04 -2.619047e-04
 7732.400000 8.345263e-01 1.168338e+00 6.975537e-01 1.398513e-01 -3.819466e-04 -2.846781e-04 -2.361643e-04 -2.648700e-04
 7732.600000 8.319555e-01 1.164309e+00 6.925090e-01 1.366502e-01 -3.837646e-04 -2.854007e-04 -2.392722e-04 -2.695917e-04
 7732.800000 8.351851e-01 1.169187e+00 6.938882e-01 1.399864e-01 -3.874708e-04 -2.908519e-04 -2.325815e-04 -2.538357e-04
 7733.000000 8.320552e-01 1.164387e+00 6.899200e-01 1.418472e-01 -3.884669e-04 -2.865370e-04 -2.322246e-04 -2.566073e-04
 7733.200000 8.362434e-01 1.170648e+00 6.930928e-01 1.412453e-01 -3.860006e-04 -2.925943e-04 -2.525855e-04 -2.794369e-04
 7733.400000 8.284315e-01 1.159896e+00 6.861848e-01 1.400921e-01 -3.867129e-04 -2.918350e-04 -2.588750e-04 -2.753687e-04
 7733.600000 8.306778e-01 1.163036e+00 6.882542e-01 1.388570e-01 -3.796805e-04 -2.855005e-04 -2.510337e-04 -2.620680e-04
 7733.800000 8.363036e-01 1.170926e+00 6.938540e-01 1.374900e-01 -3.906876e-04 -2.851926e-04 -2.620051e-04 -2.865770e-04
 7734.000000 8.383447e-01 1.174125e+00 6.979049e-01 1.427789e-01 -3.927288e-04 -2.875337e-04 -2.466284e-04 -2.853755e-04
 7734.200000 8.313101e-01 1.164201e+00 6.916801e-01 1.412376e-01 -3.875460e-04 -2.898211e-04 -2.416843e-04 -2.774971e-04
 7734.400000 8.325655e-01 1.167078e+00 6.977967e-01 1.395013e-01 -3.907847e-04 -2.889584e-04 -2.520526e-04 -2.797314e-04
 7734.600000 8.343494e-01 1.168968e+00 7.026253e-01 1.363122e-01 -3.855387e-04 -2.803827e-04 -2.529812e-04 -2.731134e-04
 7734.800000 8.310696e-01 1.164766e+00 7.021599e-01 1.389077e-01 -3.791089e-04 -2.782712e-04 -2.535632e-04 -2.864993e-04
 7735.000000 8.369537e-01 1.173224e+00 7.108910e-01 1.442095e-01 -3.835704e-04 -2.828864e-04 -2.555034e-04 -2.809991e-04
 7735.200000 8.341774e-01 1.169575e+00 7.111122e-01 1.398193e-01 -3.896219e-04 -2.721779e-04 -2.626846e-04 -2.790150e-04
 7735.400000 8.322788e-01 1.166661e+00 7.132513e-01 1.353765e-01 -3.765481e-04 -2.753171e-04 -2.484114e-04 -2.679122e-04
 7735.600000 8.298302e-01 1.163851e+00 7.139617e-01 1.407444e-01 -3.687725e-04 -2.704213e-04 -2.395152e-04 -2.764029e-04
 7735.800000 8.332083e-01 1.168809e+00 7.200304e-01 1.404126e-01 -3.778674e-04 -2.795226e-04 -2.301574e-04 -2.805040e-04
 7736.000000 8.292483e-01 1.163478e+00 7.211337e-01 1.369017e-01 -3.722831e-04 -2.718770e-04 -2.475499e-04 -2.735555e-04
 7736.200000 8.358897e-01 1.172988e+00 7.297542e-01 1.425986e-01 -3.651168e-04 -2.805215e-04 -2.532181e-04 -2.807813e-04
 7736.400000 8.368972e-01 1.174720e+00 7.326317e-01 1.396722e-01 -3.741561e-04 -2.724013e-04 -2.646161e-04 -2.669376e-04
 7736.600000 8.281720e-01 1.161744e+00 7.266397e-01 1.369705e-01 -3.745508e-04 -2.743046e-04 -2.513290e-04 -2.603635e-04
 7736.800000 8.323911e-01 1.167909e+00 7.343904e-01 1.393577e-01 -3.788493e-04 -2.747328e-04 -2.369518e-04 -2.679339e-04
 7737.000000 8.339894e-01 1.170960e+00 7.383457e-01 1.380447e-01 -3.804711e-04 -2.714812e-04 -2.493404e-04 -2.813643e-04
 7737.200000 8.307840e-01 1.166900e+00 7.361082e-01 1.383221e-01 -3.700766e-04 -2.772577e-04 -2.501280e-04 -2.790843e-04
 7737.400000 8.336933e-01 1.170920e+00 7.403776e-01 1.390758e-01 -3.667674e-04 -2.659774e-04 -2.378354e-04 -2.787351e-04
 7737.600000 8.331287e-01 1.170378e+00 7.411714e-01 1.393725e-01 -3.625547e-04 -2.700259e-04 -2.401318e-04 -2.765366e-04
 7737.800000 8.313103e-01 1.168164e+00 7.414884e-01 1.407377e-01 -3.723953e-04 -2.696404e-04 -2.432400e-04 -2.813538e-04
 7738.000000 8.344290e-01 1.172415e+00 7.436528e-01 1.363007e-01 -3.725361e-04 -2.713236e-04 -2.290483e-04 -2.713151e-04
 7738.200000 8.287608e-01 1.164551e+00 7.406767e-01 1.377397e-01 -3.745246e-04 -2.784608e-04 -2.420710e-04 -2.765191e-04
 7738.400000 8.359820e-01 1.175817e+00 7.515557e-01 1.412667e-01 -3.856774e-04 -2.780959e-04 -2.481455e-04 -2.899705e-04
 7738.600000 8.281431e-01 1.164069e+00 7.430953e-01 1.359102e-01 -3.734537e-04 -2.804491e-04 -2.392099e-04 -2.724601e-04
 7738.800000 8.322092e-01 1.170217e+00 7.472091e-01 1.384778e-01 -3.727388e-04 -2.876380e-04 -2.594326e-04 -2.874211e-04
 7739.000000 8.321499e-01 1.171261e+00 7.527826e-01 1.410738e-01 -3.624531e-04 -2.837664e-04 -2.495431e-04 -2.719794e-04
 7739.200000 8.376405e-01 1.179288e+00 7.581820e-01 1.375752e-01 -3.632199e-04 -2.775724e-04 -2.610306e-04 -2.844484e-04
 7739.400000 8.265104e-01 1.163081e+00 7.501120e-01 1.330856e-01 -3.659824e-04 -2.676368e-04 -2.358918e-04 -2.608306e-04
 7739.600000 8.347642e-01 1.174797e+00 7.597809e-01 1.357293e-01 -3.722024e-04 -2.790436e-04 -2.426206e-04 -2.698478e-04
 7739.800000 8.298987e-01 1.167896e+00 7.548672e-01 1.342175e-01 -3.758577e-04 -2.805888e-04 -2.390621e-04 -2.760560e-04
 7740.000000 8.246202e-01 1.160824e+00 7.532164e-01 1.381908e-01 -3.751207e-04 -2.824824e-04 -2.335175e-04 -2.755433e-04
 7740.200000 8.312715e-01 1.171211e+00 7.631696e-01 1.366520e-01 -3.696911e-04 -2.915459e-04 -2.444454e-04 -2.812880e-04
 7740.400000 8.250765e-01 1.162271e+00 7.578571e-01 1.343953e-01 -3.582110e-04 -2.976782e-04 -2.377487e-04 -2.595619e-04
 7740.600000 8.381768e-01 1.181005e+00 7.734030e-01 1.378912e-01 -3.665960e-04 -2.896447e-04 -2.592637e-04 -2.757365e-04
 7740.800000 8.296662e-01 1.169946e+00 7.673088e-01 1.356292e-01 -3.559485e-04 -2.923142e-04 -2.382744e-04 -2.682669e-04
 7741.000000 8.285509e-01 1.167987e+00 7.675787e-01 1.335114e-01 -3.544681e-04 -3.088507e-04 -2.441364e-04 -2.757823e-04
 7741.200000 8.271794e-01 1.165905e+00 7.682567e-01 1.344285e-01 -3.619469e-04 -3.025996e-04 -2.410293e-04 -2.770552e-04
 7741.400000 8.285239e-01 1.168022e+00 7.710029e-01 1.340037e-01 -3.696237e-04 -2.971514e-04 -2.412217e-04 -2.790084e-04
 7741.600000 8.186271e-01 1.153556e+00 7.612377e-01 1.349778e-01 -3.639997e-04 -2.960549e-04 -2.554145e-04 -2.870915e-04
 7741.800000 8.206781e-01 1.156740e+00 7.668123e-01 1.363566e-01 -3.639355e-04 -2.970162e-04 -2.579105e-04 -2.934876e-04
 7742.000000 8.128652e-01 1.145924e+00 7.602546e-01 1.333460e-01 -3.639811e-04 -3.028405e-04 -2.534344e-04 -2.809849e-04
 7742.700000 8.032307e-01 1.133546e+00 7.556681e-01 1.312117e-01 -3.724670e-04 -2.978495e-04 -2.515680e-04 -2.738864e-04
 7743.400000 8.251955e-01 1.165257e+00 7.787231e-01 1.334306e-01 -3.687638e-04 -3.046964e-04 -2.483312e-04 -2.733067e-04
 7744.100000 8.340758e-01 1.178682e+00 7.888219e-01 1.358753e-01 -3.608589e-04 -3.043561e-04 -2.487202e-04 -2.811432e-04
 7744.800000 8.336271e-01 1.178006e+00 7.892170e-01 1.358598e-01 -3.676448e-04 -2.994302e-04 -2.612031e-04 -2.846149e-04
 7745.500000 8.342753e-01 1.179482e+00 7.907559e-01 1.343263e-01 -3.733807e-04 -3.025235e-04 -2.556019e-04 -2.716705e-04
 7746.200000 8.333570e-01 1.179096e+00 7.886033e-01 1.348107e-01 -3.667642e-04 -2.956041e-04 -2.381038e-04 -2.506249e-04
 7746.900000 8.335503e-01 1.180078e+00 7.861177e-01 1.342940e-01 -3.634346e-04 -2.780840e-04 -2.332842e-04 -2.637325e-04
 7747.600000 8.321613e-01 1.178225e+00 7.789797e-01 1.350252e-01 -3.596403e-04 -2.796016e-04 -2.401428e-04 -2.626883e-04
 7748.300000 8.322375e-01 1.179076e+00 7.732243e-01 1.357491e-01 -3.580383e-04 -2.880353e-04 -2.456713e-04 -2.509803e-04
 7749.993695 8.323348e-01 1.180948e+00 7.514210e-01 1.351503e-01 -3.631718e-04 -2.902758e-04 -2.542172e-04 -2.496030e-04
 7750.999583 8.316852e-01 1.180394e+00 7.352203e-01 1.349905e-01 -3.647939e-04 -2.927484e-04 -2.619004e-04 -2.536521e-04
 7752.017662 8.307340e-01 1.179493e+00 7.165322e-01 1.341906e-01 -3.701857e-04 -2.927261e-04 -2.595562e-04 -2.468646e-04
 7753.047933 8.286853e-01 1.177438e+00 6.971925e-01 1.342636e-01 -3.655653e-04 -2.983935e-04 -2.682630e-04 -2.444881e-04
 7754.090396 8.320882e-01 1.183814e+00 6.844016e-01 1.341907e-01 -3.565432e-04 -2.987480e-04 -2.547384e-04 -2.532837e-04
 7755.145051 8.280145e-01 1.177483e+00 6.646772e-01 1.340868e-01 -3.635947e-04 -2.937322e-04 -2.446556e-04 -2.471157e-04
 7756.211898 8.294795e-01 1.180721e+00 6.550307e-01 1.343505e-01 -3.559440e-04 -3.001725e-04 -2.465454e-04 -2.423073e-04
 7757.290937 8.293933e-01 1.182284e+00 6.506149e-01 1.330922e-01 -3.577678e-04 -2.952465e-04 -2.424706e-04 -2.550933e-04
 7758.382167 8.270407e-01 1.179246e+00 6.482940e-01 1.335467e-01 -3.563515e-04 -2.920607e-04 -2.387277e-04 -2.445206e-04
 7759.485590 8.257125e-01 1.177123e+00 6.515714e-01 1.333844e-01 -3.540784e-04 -2.917619e-04 -2.415956e-04 -2.426846e-04
 7760.601204 8.289706e-01 1.184415e+00 6.670228e-01 1.338621e-01 -3.580669e-04 -2.919910e-04 -2.453707e-04 -2.340794e-04
 7761.729011 8.297909e-01 1.186573e+00 6.841531e-01 1.350241e-01 -3.542920e-04 -2.887241e-04 -2.446687e-04 -2.398450e-04
 7762.869009 8.278050e-01 1.183507e+00 7.009690e-01 1.352917e-01 -3.519081e-04 -2.877376e-04 -2.479014e-04 -2.507935e-04
 7764.021199 8.290423e-01 1.186892e+00 7.238646e-01 1.356273e-01 -3.484222e-04 -2.908421e-04 -2.409533e-04 -2.420422e-04
 7765.185582 8.287216e-01 1.187454e+00 7.445512e-01 1.365828e-01 -3.598455e-04 -2.870310e-04 -2.391385e-04 -2.455517e-04
 7766.362156 8.275452e-01 1.186026e+00 7.633419e-01 1.359841e-01 -3.636108e-04 -2.753401e-04 -2.296886e-04 -2.431646e-04
 7767.550922 8.284240e-01 1.188314e+00 7.846829e-01 1.365679e-01 -3.661823e-04 -2.701364e-04 -2.302561e-04 -2.527251e-04
 7768.751879 8.274462e-01 1.187771e+00 8.002766e-01 1.358640e-01 -3.657791e-04 -2.754961e-04 -2.397323e-04 -2.713869e-04
 7769.965029 8.288034e-01 1.190763e+00 8.146648e-01 1.367041e-01 -3.630317e-04 -2.796157e-04 -2.346205e-04 -2.677683e-04
 7771.190371 8.268600e-01 1.188780e+00 8.211507e-01 1.365610e-01 -3.507028e-04 -2.726689e-04 -2.358279e-04 -2.678395e-04
 7772.427904 8.276888e-01 1.190449e+00 8.266204e-01 1.373290e-01 -3.525205e-04 -2.688226e-04 -2.284045e-04 -2.557606e-04
 7773.677630 8.269996e-01 1.191198e+00 8.302349e-01 1.361980e-01 -3.669734e-04 -2.724891e-04 -2.284444e-04 -2.585270e-04
 7774.939547 8.267352e-01 1.191522e+00 8.345010e-01 1.364970e-01 -3.558960e-04 -2.845119e-04 -2.383529e-04 -2.628869e-04
 7776.213657 8.238677e-01 1.187075e+00 8.351699e-01 1.365185e-01 -3.655692e-04 -2.834278e-04 -2.300573e-04 -2.552466e-04
 7777.499958 8.272888e-01 1.194484e+00 8.462638e-01 1.364682e-01 -3.660792e-04 -2.797430e-04 -2.309691e-04 -2.618391e-04
 7778.798451 8.259650e-01 1.193433e+00 8.487300e-01 1.369108e-01 -3.680675e-04 -2.704616e-04 -2.232713e-04 -2.642683e-04
 7780.109136 8.259578e-01 1.194096e+00 8.488872e-01 1.371033e-01 -3.713417e-04 -2.750712e-04 -2.257541e-04 -2.689884e-04
 7781.432013 8.243448e-01 1.192775e+00 8.443273e-01 1.374324e-01 -3.681236e-04 -2.732760e-04 -2.310516e-04 -2.565006e-04
 7782.767082 8.255711e-01 1.195770e+00 8.406099e-01 1.374053e-01 -3.663142e-04 -2.740593e-04 -2.380811e-04 -2.500626e-04
 7784.114342 8.237203e-01 1.194336e+00 8.321796e-01 1.371504e-01 -3.723561e-04 -2.738387e-04 -2.345928e-04 -2.513469e-04
 7785.473795 8.260634e-01 1.198712e+00 8.299581e-01 1.383091e-01 -3.761613e-04 -2.655123e-04 -2.335887e-04 -2.556810e-04
 7786.845440 8.223206e-01 1.193844e+00 8.189428e-01 1.373798e-01 -3.702481e-04 -2.645862e-04 -2.381624e-04 -2.597705e-04
 7788.229276 8.244626e-01 1.198317e+00 8.144605e-01 1.370576e-01 -3.772452e-04 -2.622544e-04 -2.318055e-04 -2.550516e-04
 7789.625305 8.237344e-01 1.199111e+00 8.052322e-01 1.386058e-01 -3.745695e-04 -2.692447e-04 -2.343680e-04 -2.647384e-04
 7791.033525 8.239337e-01 1.199971e+00 7.959659e-01 1.390665e-01 -3.610619e-04 -2.728741e-04 -2.349989e-04 -2.521842e-04
 7792.453937 8.221613e-01 1.197664e+00 7.843715e-01 1.371428e-01 -3.627311e-04 -2.795910e-04 -2.429604e-04 -2.556696e-04
 7793.886541 8.237699e-01 1.202365e+00 7.794448e-01 1.382110e-01 -3.627686e-04 -2.768557e-04 -2.507777e-04 -2.710032e-04
 7795.331337 8.223087e-01 1.201054e+00 7.691769e-01 1.375783e-01 -3.605271e-04 -2.742033e-04 -2.429759e-04 -2.620273e-04
 7796.788325 8.215549e-01 1.200691e+00 7.578778e-01 1.375992e-01 -3.614347e-04 -2.711014e-04 -2.410787e-04 -2.601428e-04
 7798.257505 8.219321e-01 1.203141e+00 7.474426e-01 1.381476e-01 -3.523257e-04 -2.737866e-04 -2.495698e-04 -2.590648e-04
 7799.738877 8.215824e-01 1.203353e+00 7.308512e-01 1.380319e-01 -3.508495e-04 -2.735443e-04 -2.485595e-04 -2.630231e-04
 7801.232440 8.193270e-01 1.201163e+00 7.131824e-01 1.378193e-01 -3.529612e-04 -2.736404e-04 -2.407794e-04 -2.653056e-04
 7802.738196 8.233539e-01 1.209063e+00 7.037811e-01 1.384100e-01 -3.602872e-04 -2.811157e-04 -2.464407e-04 -2.527516e-04
 7804.256143 8.200450e-01 1.204943e+00 6.905810e-01 1.393845e-01 -3.715354e-04 -2.822224e-04 -2.412902e-04 -2.643527e-04
 7805.786283 8.208560e-01 1.206995e+00 6.832060e-01 1.383255e-01 -3.751543e-04 -2.897283e-04 -2.386649e-04 -2.649419e-04
 7807.328614 8.219857e-01 1.210829e+00 6.852345e-01 1.380924e-01 -3.690185e-04 -2.860258e-04 -2.462604e-04 -2.609831e-04
 7808.883137 8.217905e-01 1.212105e+00 6.906271e-01 1.400476e-01 -3.581684e-04 -2.902307e-04 -2.476865e-04 -2.624367e-04
 7810.449852 8.207518e-01 1.211409e+00 6.984681e-01 1.385486e-01 -3.636283e-04 -2.887288e-04 -2.474141e-04 -2.654927e-04
 7812.028759 8.209042e-01 1.212850e+00 7.109366e-01 1.383567e-01 -3.671849e-04 -2.869674e-04 -2.506873e-04 -2.627757e-04
 7813.619858 8.205688e-01 1.213477e+00 7.248914e-01 1.388065e-01 -3.630694e-04 -2.914341e-04 -2.472573e-04 -2.606807e-04
 7815.223149 8.193326e-01 1.213262e+00 7.391655e-01 1.384116e-01 -3.605925e-04 -2.762026e-04 -2.405778e-04 -2.634902e-04
 7816.838632 8.208254e-01 1.217636e+00 7.599216e-01 1.393407e-01 -3.602748e-04 -2.718254e-04 -2.478391e-04 -2.500427e-04
 7818.466307 8.198989e-01 1.217220e+00 7.757003e-01 1.379359e-01 -3.547466e-04 -2.802443e-04 -2.411232e-04 -2.495900e-04
 7820.106173 8.186469e-01 1.216351e+00 7.901959e-01 1.386894e-01 -3.525537e-04 -2.913278e-04 -2.296855e-04 -2.483697e-04
 7821.758232 8.196505e-01 1.219543e+00 8.087013e-01 1.389118e-01 -3.690359e-04 -2.904672e-04 -2.311812e-04 -2.458299e-04
 7823.422482 8.187169e-01 1.219391e+00 8.251512e-01 1.395440e-01 -3.727719e-04 -2.821545e-04 -2.355785e-04 -2.436480e-04
 7825.098924 8.179585e-01 1.219630e+00 8.442122e-01 1.382053e-01 -3.729532e-04 -2.804666e-04 -2.336563e-04 -2.334536e-04
 7826.787558 8.184189e-01 1.222301e+00 8.669107e-01 1.392485e-01 -3.696067e-04 -2.708636e-04 -2.479567e-04 -2.398226e-04
 7828.488385 8.114606e-01 1.213027e+00 8.812757e-01 1.373778e-01 -3.699796e-04 -2.659070e-04 -2.590729e-04 -2.437364e-04
 7830.201403 8.099583e-01 1.211948e+00 8.984124e-01 1.366607e-01 -3.735824e-04 -2.731149e-04 -2.612586e-04 -2.486140e-04
 7831.926613 8.161495e-01 1.222862e+00 9.191992e-01 1.387541e-01 -3.784604e-04 -2.791757e-04 -2.688910e-04 -2.498586e-04
 7833.664014 8.152771e-01 1.223467e+00 9.262528e-01 1.381818e-01 -3.698622e-04 -2.789250e-04 -2.579778e-04 -2.566607e-04
 7835.413608 8.151685e-01 1.224481e+00 9.262995e-01 1.382403e-01 -3.665021e-04 -2.693356e-04 -2.494790e-04 -2.560338e-04
 7837.175394 8.146249e-01 1.225326e+00 9.227154e-01 1.396087e-01 -3.626609e-04 -2.675380e-04 -2.409760e-04 -2.542229e-04
 7838.949371 8.164291e-01 1.229912e+00 9.190728e-01 1.391582e-01 -3.655649e-04 -2.730306e-04 -2.455515e-04 -2.612983e-04
 7840.735541 8.136827e-01 1.226727e+00 9.060662e-01 1.386033e-01 -3.685762e-04 -2.767178e-04 -2.486675e-04 -2.638320e-04
 7842.533902 8.140113e-01 1.228200e+00 8.960543e-01 1.397301e-01 -3.719019e-04 -2.730933e-04 -2.483998e-04 -2.580845e-04
 7844.344455 8.134751e-01 1.229509e+00 8.858094e-01 1.383783e-01 -3.728966e-04 -2.736175e-04 -2.543038e-04 -2.599375e-04
 7846.167201 8.151695e-01 1.234260e+00 8.794410e-01 1.394024e-01 -3.644721e-04 -2.856694e-04 -2.492940e-04 -2.574668e-04
 7848.002138 8.129757e-01 1.232014e+00 8.721007e-01 1.404684e-01 -3.674940e-04 -2.784585e-04 -2.631425e-04 -2.550136e-04
 7849.849267 8.133239e-01 1.233485e+00 8.713909e-01 1.387391e-01 -3.639433e-04 -2.800378e-04 -2.660551e-04 -2.524400e-04
 7851.708588 8.124085e-01 1.234050e+00 8.718891e-01 1.395916e-01 -3.626735e-04 -2.900653e-04 -2.506306e-04 -2.461785e-04
 7853.580100 8.117290e-01 1.234699e+00 8.750169e-01 1.386142e-01 -3.714923e-04 -2.793696e-04 -2.480707e-04 -2.538501e-04
 7855.463805 8.056520e-01 1.226651e+00 8.699679e-01 1.384365e-01 -3.684775e-04 -2.762002e-04 -2.482312e-04 -2.642267e-04
 7857.359702 8.117792e-01 1.237487e+00 8.723895e-01 1.393213e-01 -3.637395e-04 -2.854025e-04 -2.432500e-04 -2.575448e-04
 7859.267790 8.110725e-01 1.238457e+00 8.604457e-01 1.391354e-01 -3.568723e-04 -2.838725e-04 -2.434302e-04 -2.626721e-04
 7861.188071 8.116913e-01 1.240584e+00 8.431058e-01 1.402053e-01 -3.564623e-04 -2.681618e-04 -2.559692e-04 -2.608281e-04
 7863.120543 8.110194e-01 1.241492e+00 8.208630e-01 1.398620e-01 -3.598937e-04 -2.612030e-04 -2.425715e-04 -2.583641e-04
 7865.065207 8.118279e-01 1.244394e+00 8.001605e-01 1.410391e-01 -3.705108e-04 -2.648348e-04 -2.318477e-04 -2.639901e-04
 7867.022064 8.083541e-01 1.239789e+00 7.782661e-01 1.398895e-01 -3.654174e-04 -2.808320e-04 -2.435792e-04 -2.686107e-04
 7868.991112 8.108824e-01 1.245726e+00 7.688983e-01 1.393426e-01 -3.568068e-04 -2.757916e-04 -2.402602e-04 -2.698022e-04
 7870.972352 8.097033e-01 1.245882e+00 7.596785e-01 1.410772e-01 -3.614043e-04 -2.694002e-04 -2.371686e-04 -2.717099e-04
 7872.965784 8.102976e-01 1.248283e+00 7.542909e-01 1.402304e-01 -3.600888e-04 -2.731555e-04 -2.373310e-04 -2.540766e-04
 7874.971407 8.080156e-01 1.246302e+00 7.499292e-01 1.412697e-01 -3.639121e-04 -2.634633e-04 -2.494186e-04 -2.528506e-04
 7876.989223 8.095471e-01 1.250314e+00 7.536809e-01 1.404890e-01 -3.642299e-04 -2.581959e-04 -2.388925e-04 -2.527542e-04
 7879.019231 8.087876e-01 1.251084e+00 7.614540e-01 1.406702e-01 -3.630552e-04 -2.712183e-04 -2.404056e-04 -2.570736e-04
 7881.061430 8.094003e-01 1.253921e+00 7.777597e-01 1.413368e-01 -3.617692e-04 -2.696149e-04 -2.479489e-04 -2.567906e-04
 7883.115822 8.068519e-01 1.251448e+00 7.955501e-01 1.409135e-01 -3.640816e-04 -2.607038e-04 -2.483792e-04 -2.618493e-04
 7885.182405 8.089876e-01 1.256825e+00 8.248823e-01 1.405669e-01 -3.639436e-04 -2.565884e-04 -2.424349e-04 -2.528727e-04
 7887.261180 8.063146e-01 1.254262e+00 8.547326e-01 1.409677e-01 -3.690639e-04 -2.610831e-04 -2.454056e-04 -2.621110e-04
 7889.352148 8.067110e-01 1.256396e+00 8.926990e-01 1.406530e-01 -3.662819e-04 -2.695958e-04 -2.406682e-04 -2.646515e-04
 7891.455307 8.057021e-01 1.257070e+00 9.307340e-01 1.411759e-01 -3.651680e-04 -2.774607e-04 -2.487631e-04 -2.675016e-04
 7893.570658 8.005625e-01 1.251140e+00 9.621305e-01 1.409598e-01 -3.691611e-04 -2.679471e-04 -2.516645e-04 -2.665034e-04
 7895.698201 8.030241e-01 1.255900e+00 9.935023e-01 1.406239e-01 -3.647507e-04 -2.730166e-04 -2.423206e-04 -2.649622e-04
 7897.837935 8.041322e-01 1.258905e+00 1.012108e+00 1.413399e-01 -3.656487e-04 -2.752774e-04 -2.446097e-04 -2.700391e-04
 7899.989862 8.044368e-01 1.262391e+00 1.018769e+00 1.406961e-01 -3.618978e-04 -2.746128e-04 -2.469950e-04 -2.605861e-04
 7902.153981 8.048960e-01 1.264992e+00 1.013494e+00 1.411261e-01 -3.645106e-04 -2.697289e-04 -2.472915e-04 -2.665141e-04
 7904.330291 8.037565e-01 1.265094e+00 9.989781e-01 1.413934e-01 -3.545102e-04 -2.781246e-04 -2.553307e-04 -2.647277e-04
 7906.518794 8.041370e-01 1.267335e+00 9.835966e-01 1.421434e-01 -3.638525e-04 -2.763938e-04 -2.524969e-04 -2.628685e-04
 7908.719488 8.032238e-01 1.268002e+00 9.695874e-01 1.416370e-01 -3.670102e-04 -2.829264e-04 -2.422424e-04 -2.585259e-04
 7910.932374 8.038254e-01 1.270397e+00 9.575475e-01 1.417428e-01 -3.645232e-04 -2.760821e-04 -2.394930e-04 -2.712454e-04
 7913.157453 8.012829e-01 1.268166e+00 9.440068e-01 1.409529e-01 -3.637750e-04 -2.730642e-04 -2.404851e-04 -2.673926e-04
 7915.394723 8.027071e-01 1.272478e+00 9.390793e-01 1.411081e-01 -3.676873e-04 -2.755551e-04 -2.609563e-04 -2.618860e-04
 7917.644185 8.019405e-01 1.273690e+00 9.367462e-01 1.417029e-01 -3.670466e-04 -2.842551e-04 -2.508628e-04 -2.615783e-04
 7919.905838 8.015522e-01 1.274769e+00 9.360301e-01 1.412649e-01 -3.624514e-04 -2.760924e-04 -2.295091e-04 -2.581424e-04
 7922.179684 7.996963e-01 1.273420e+00 9.365429e-01 1.410246e-01 -3.640828e-04 -2.659467e-04 -2.282268e-04 -2.586117e-04
 7924.465722 8.016561e-01 1.278722e+00 9.433539e-01 1.420511e-01 -3.655626e-04 -2.513111e-04 -2.379732e-04 -2.657176e-04
 7926.763952 8.000936e-01 1.278309e+00 9.471236e-01 1.413843e-01 -3.678064e-04 -2.612176e-04 -2.380910e-04 -2.543545e-04
 7929.074373 8.000610e-01 1.279627e+00 9.531554e-01 1.418242e-01 -3.694066e-04 -2.750883e-04 -2.448365e-04 -2.610044e-04
 7931.396987 7.980151e-01 1.278528e+00 9.596060e-01 1.416034e-01 -3.576080e-04 -2.783659e-04 -2.454255e-04 -2.556028e-04
 7933.731792 7.992554e-01 1.282593e+00 9.709530e-01 1.423742e-01 -3.627757e-04 -2.913252e-04 -2.430691e-04 -2.609893e-04
 7936.078789 7.952487e-01 1.278323e+00 9.723667e-01 1.415455e-01 -3.597672e-04 -2.937051e-04 -2.139167e-04 -2.654738e-04
 7938.437978 7.852335e-01 1.263999e+00 9.601590e-01 1.402708e-01 -3.587167e-04 -2.879904e-04 -2.136572e-04 -2.637634e-04
 7940.809359 7.978404e-01 1.286159e+00 9.679753e-01 1.423410e-01 -3.529934e-04 -2.801356e-04 -2.198993e-04 -2.585704e-04
 7943.192932 7.999209e-01 1.291979e+00 9.585227e-01 1.432501e-01 -3.523901e-04 -2.702459e-04 -2.254575e-04 -2.692477e-04
 7945.588697 7.978586e-01 1.290652e+00 9.422346e-01 1.417110e-01 -3.519158e-04 -2.738013e-04 -2.280044e-04 -2.679100e-04
 7947.996654 7.981313e-01 1.293216e+00 9.310365e-01 1.436078e-01 -3.660291e-04 -2.709375e-04 -2.302614e-04 -2.633540e-04
 7950.416803 7.973636e-01 1.293607e+00 9.211539e-01 1.422971e-01 -3.717090e-04 -2.731932e-04 -2.065362e-04 -2.561579e-04
 7952.849143 7.966551e-01 1.294726e+00 9.127079e-01 1.436166e-01 -3.750643e-04 -2.726089e-04 -2.194828e-04 -2.699625e-04
 7955.293676 7.976587e-01 1.298350e+00 9.104896e-01 1.421577e-01 -3.712190e-04 -2.794305e-04 -2.282715e-04 -2.573775e-04
 7957.750400 7.955436e-01 1.296619e+00 9.085173e-01 1.424948e-01 -3.706657e-04 -2.932543e-04 -2.329839e-04 -2.515121e-04
 7960.219317 7.965212e-01 1.300194e+00 9.156881e-01 1.433159e-01 -3.736467e-04 -2.880892e-04 -2.339853e-04 -2.508695e-04
 7962.700425 7.953062e-01 1.300630e+00 9.262867e-01 1.427568e-01 -3.756386e-04 -2.768273e-04 -2.386347e-04 -2.573262e-04
 7965.193725 7.957942e-01 1.303380e+00 9.436854e-01 1.433642e-01 -3.767478e-04 -2.833119e-04 -2.343702e-04 -2.662335e-04
 7967.699217 7.935859e-01 1.302260e+00 9.627042e-01 1.444531e-01 -3.664349e-04 -2.908782e-04 -2.226454e-04 -2.678346e-04
 7970.216901 7.956689e-01 1.308161e+00 9.893448e-01 1.438689e-01 -3.630520e-04 -2.928879e-04 -2.310567e-04 -2.610246e-04
 7972.746777 7.928982e-01 1.305340e+00 1.007373e+00 1.436466e-01 -3.576460e-04 -2.880617e-04 -2.352546e-04 -2.624389e-04
 7975.288845 7.931970e-01 1.307763e+00 1.028337e+00 1.434000e-01 -3.619268e-04 -2.905807e-04 -2.265867e-04 -2.681224e-04
 7977.843105 7.931988e-01 1.310064e+00 1.045440e+00 1.438157e-01 -3.626299e-04 -2.911414e-04 -2.285637e-04 -2.577466e-04
 7980.409556 7.928394e-01 1.311115e+00 1.053805e+00 1.435316e-01 -3.614784e-04 -2.876688e-04 -2.160983e-04 -2.613393e-04
 7982.988200 7.888324e-01 1.306795e+00 1.057202e+00 1.434668e-01 -3.741674e-04 -2.898934e-04 -2.164775e-04 -2.574338e-04
 7985.579035 7.882329e-01 1.308350e+00 1.063966e+00 1.440983e-01 -3.794951e-04 -2.918427e-04 -2.276270e-04 -2.556464e-04
 7988.182062 7.898155e-01 1.312884e+00 1.071186e+00 1.434262e-01 -3.776228e-04 -2.903855e-04 -2.333641e-04 -2.600739e-04
 7990.797282 7.908627e-01 1.316940e+00 1.079043e+00 1.449724e-01 -3.841258e-04 -2.924610e-04 -2.300704e-04 -2.542335e-04
 7993.424693 7.896974e-01 1.317456e+00 1.083738e+00 1.438741e-01 -3.835471e-04 -2.892344e-04 -2.335320e-04 -2.499306e-04
 7996.064296 7.891893e-01 1.318128e+00 1.088843e+00 1.446524e-01 -3.813121e-04 -2.905953e-04 -2.445264e-04 -2.567247e-04
 7998.716091 7.892196e-01 1.320867e+00 1.093975e+00 1.450013e-01 -3.731099e-04 -2.931965e-04 -2.490422e-04 -2.482730e-04
 8001.380078 7.891011e-01 1.323119e+00 1.096669e+00 1.436409e-01 -3.741341e-04 -2.895255e-04 -2.445326e-04 -2.493861e-04
 8004.056256 7.887865e-01 1.324826e+00 1.098580e+00 1.445181e-01 -3.741269e-04 -2.807808e-04 -2.423921e-04 -2.520473e-04
 8006.744627 7.871303e-01 1.323998e+00 1.095458e+00 1.453632e-01 -3.726098e-04 -2.799252e-04 -2.425736e-04 -2.575939e-04
 8009.445190 7.884583e-01 1.329244e+00 1.096473e+00 1.444835e-01 -3.675220e-04 -2.846365e-04 -2.349187e-04 -2.427912e-04
 8012.157944 7.863330e-01 1.327198e+00 1.090471e+00 1.447298e-01 -3.615825e-04 -2.887943e-04 -2.402078e-04 -2.461216e-04
 8014.882891 7.866491e-01 1.329629e+00 1.088804e+00 1.452849e-01 -3.671368e-04 -2.860838e-04 -2.322601e-04 -2.453013e-04
 8017.620029 7.858182e-01 1.331091e+00 1.086764e+00 1.456365e-01 -3.652055e-04 -2.944280e-04 -2.397178e-04 -2.368520e-04
 8020.369359 7.868553e-01 1.335301e+00 1.088132e+00 1.457043e-01 -3.680078e-04 -3.034764e-04 -2.524952e-04 -2.346489e-04
 8023.130881 7.846398e-01 1.333399e+00 1.085891e+00 1.450971e-01 -3.676029e-04 -3.019835e-04 -2.551686e-04 -2.279234e-04
 8025.904595 7.848597e-01 1.336073e+00 1.086984e+00 1.449659e-01 -3.694988e-04 -2.935670e-04 -2.503102e-04 -2.401287e-04
 8028.690501 7.844089e-01 1.338236e+00 1.087206e+00 1.443916e-01 -3.698976e-04 -2.937457e-04 -2.587848e-04 -2.489220e-04
 8031.488599 7.834605e-01 1.338761e+00 1.084402e+00 1.461724e-01 -3.656741e-04 -2.914011e-04 -2.533253e-04 -2.408090e-04
 8034.298889 7.837726e-01 1.341643e+00 1.083828e+00 1.449562e-01 -3.778632e-04 -2.871468e-04 -2.444955e-04 -2.413872e-04
 8037.121371 7.823962e-01 1.341439e+00 1.079694e+00 1.443627e-01 -3.756778e-04 -2.867444e-04 -2.381958e-04 -2.377833e-04
 8039.956044 7.826282e-01 1.344306e+00 1.078813e+00 1.460693e-01 -3.699938e-04 -2.884285e-04 -2.399790e-04 -2.388207e-04
 8042.802910 7.816167e-01 1.345376e+00 1.077662e+00 1.454859e-01 -3.722316e-04 -2.722810e-04 -2.455751e-04 -2.482426e-04
 8045.661967 7.813463e-01 1.346901e+00 1.081640e+00 1.458627e-01 -3.736158e-04 -2.728398e-04 -2.493638e-04 -2.459261e-04
 8048.533217 7.797327e-01 1.346637e+00 1.085665e+00 1.452612e-01 -3.790421e-04 -2.640840e-04 -2.484096e-04 -2.481041e-04
 8051.416658 7.767807e-01 1.343681e+00 1.089820e+00 1.451250e-01 -3.772460e-04 -2.657531e-04 -2.485974e-04 -2.446988e-04
 8054.312291 7.591228e-01 1.316115e+00 1.077650e+00 1.436792e-01 -3.755765e-04 -2.687381e-04 -2.403503e-04 -2.422199e-04
 8057.220116 7.719667e-01 1.340793e+00 1.108841e+00 1.447723e-01 -3.693585e-04 -2.640523e-04 -2.329676e-04 -2.460473e-04
 8060.140133 7.814908e-01 1.359427e+00 1.135187e+00 1.454248e-01 -3.667711e-04 -2.546191e-04 -2.449178e-04 -2.571379e-04
 8063.072342 7.797543e-01 1.358846e+00 1.145305e+00 1.467985e-01 -3.730493e-04 -2.603147e-04 -2.463579e-04 -2.487710e-04
 8066.016743 7.792913e-01 1.360687e+00 1.153585e+00 1.465252e-01 -3.646668e-04 -2.595351e-04 -2.471202e-04 -2.411508e-04
 8068.973335 7.785618e-01 1.361530e+00 1.159075e+00 1.457623e-01 -3.615597e-04 -2.748385e-04 -2.526678e-04 -2.452211e-04
 8071.942120 7.770899e-01 1.361098e+00 1.161468e+00 1.458003e-01 -3.707859e-04 -2.740751e-04 -2.530400e-04 -2.464216e-04
 8074.923096 7.774594e-01 1.364606e+00 1.167100e+00 1.469102e-01 -3.657357e-04 -2.706390e-04 -2.512266e-04 -2.430254e-04
 8077.916265 7.755160e-01 1.363528e+00 1.171002e+00 1.465816e-01 -3.531382e-04 -2.721758e-04 -2.520134e-04 -2.483740e-04
 8080.921625 7.748305e-01 1.364592e+00 1.180680e+00 1.472046e-01 -3.599777e-04 -2.729095e-04 -2.437997e-04 -2.493309e-04
 8083.939177 7.738188e-01 1.365438e+00 1.191452e+00 1.471198e-01 -3.659322e-04 -2.779947e-04 -2.350433e-04 -2.499761e-04
 8086.968921 7.732591e-01 1.367122e+00 1.203624e+00 1.460487e-01 -3.677559e-04 -2.753848e-04 -2.294825e-04 -2.458688e-04
 8090.010858 7.626919e-01 1.350693e+00 1.198185e+00 1.457840e-01 -3.502126e-04 -2.747394e-04 -2.261288e-04 -2.466431e-04
 8093.064985 7.548841e-01 1.339600e+00 1.192534e+00 1.448396e-01 -3.409550e-04 -2.710238e-04 -2.209044e-04 -2.582585e-04
 8096.131305 7.753564e-01 1.378529e+00 1.231070e+00 1.482172e-01 -3.500039e-04 -2.766023e-04 -2.191341e-04 -2.559704e-04
 8099.209817 7.729407e-01 1.376437e+00 1.232846e+00 1.479125e-01 -3.605096e-04 -2.769863e-04 -2.260161e-04 -2.598064e-04
 8102.300521 7.727277e-01 1.378502e+00 1.236998e+00 1.480767e-01 -3.666133e-04 -2.706433e-04 -2.219356e-04 -2.609551e-04
 8105.403416 7.725055e-01 1.380992e+00 1.241889e+00 1.478562e-01 -3.618583e-04 -2.644594e-04 -2.181662e-04 -2.575581e-04
 8108.518504 7.719485e-01 1.382825e+00 1.245465e+00 1.479350e-01 -3.555960e-04 -2.631975e-04 -2.024691e-04 -2.449151e-04
 8111.645783 7.710957e-01 1.383425e+00 1.247922e+00 1.479887e-01 -3.544572e-04 -2.707918e-04 -2.156759e-04 -2.543917e-04
 8114.785255 7.697708e-01 1.383641e+00 1.247409e+00 1.478664e-01 -3.644668e-04 -2.727937e-04 -2.245606e-04 -2.541281e-04
 8117.936918 7.702407e-01 1.387640e+00 1.251505e+00 1.474652e-01 -3.737685e-04 -2.689623e-04 -2.228358e-04 -2.493315e-04
 8121.100773 7.696213e-01 1.389322e+00 1.252652e+00 1.483221e-01 -3.792465e-04 -2.699362e-04 -2.195522e-04 -2.600330e-04
 8124.276820 7.683911e-01 1.389133e+00 1.251154e+00 1.482531e-01 -3.812992e-04 -2.759689e-04 -2.277110e-04 -2.545013e-04
 8127.465059 7.680719e-01 1.391076e+00 1.252472e+00 1.479310e-01 -3.746186e-04 -2.719172e-04 -2.223036e-04 -2.552463e-04
 8130.665490 7.681534e-01 1.394036e+00 1.255102e+00 1.485094e-01 -3.887964e-04 -2.711560e-04 -2.266570e-04 -2.653331e-04
 8133.878112 7.668218e-01 1.394227e+00 1.254165e+00 1.477146e-01 -3.688280e-04 -2.859708e-04 -2.293744e-04 -2.592264e-04
 8137.102927 7.666021e-01 1.396421e+00 1.256890e+00 1.481627e-01 -3.687170e-04 -2.886890e-04 -2.386926e-04 -2.603151e-04
 8140.339934 7.657215e-01 1.397809e+00 1.258853e+00 1.490356e-01 -3.733542e-04 -2.945512e-04 -2.406234e-04 -2.671175e-04
 8143.589132 7.654043e-01 1.399829e+00 1.261293e+00 1.488943e-01 -3.759453e-04 -2.906659e-04 -2.353114e-04 -2.655690e-04
 8146.850523 7.648254e-01 1.401354e+00 1.264372e+00 1.480501e-01 -3.672073e-04 -2.835753e-04 -2.344299e-04 -2.623979e-04
 8150.124105 7.636915e-01 1.401817e+00 1.266744e+00 1.487303e-01 -3.677694e-04 -2.835069e-04 -2.272533e-04 -2.632855e-04
 8153.409879 7.640939e-01 1.405680e+00 1.274623e+00 1.482746e-01 -3.694180e-04 -2.828591e-04 -2.213757e-04 -2.607227e-04
 8156.707845 7.632281e-01 1.406574e+00 1.281239e+00 1.490567e-01 -3.772377e-04 -2.869323e-04 -2.121256e-04 -2.505407e-04
 8160.018003 7.615593e-01 1.405894e+00 1.288264e+00 1.491331e-01 -3.775983e-04 -2.882881e-04 -2.137507e-04 -2.534117e-04
 8163.340353 7.623091e-01 1.410424e+00 1.301185e+00 1.493626e-01 -3.740080e-04 -2.789665e-04 -2.142908e-04 -2.591146e-04
 8166.674895 7.617632e-01 1.412142e+00 1.310393e+00 1.490704e-01 -3.770432e-04 -2.785031e-04 -2.108527e-04 -2.941473e-04
 8170.021629 7.603916e-01 1.412221e+00 1.317909e+00 1.494128e-01 -3.654185e-04 -2.785978e-04 -2.173655e-04 -2.989349e-04
 8173.380554 7.600229e-01 1.414596e+00 1.326313e+00 1.498893e-01 -3.646755e-04 -2.824913e-04 -2.057296e-04 -3.017832e-04
 8176.751672 7.587378e-01 1.414842e+00 1.331009e+00 1.492699e-01 -3.597555e-04 -2.851600e-04 -2.185293e-04 -3.108021e-04
 8180.134982 7.585187e-01 1.417176e+00 1.336619e+00 1.493809e-01 -3.583439e-04 -2.853686e-04 -2.175346e-04 -3.088570e-04
 8183.530483 7.582953e-01 1.420080e+00 1.343033e+00 1.499671e-01 -3.680106e-04 -2.807485e-04 -2.130298e-04 -3.098770e-04
 8186.938176 7.567487e-01 1.419528e+00 1.345326e+00 1.494223e-01 -3.733543e-04 -2.905450e-04 -2.163913e-04 -3.136493e-04
 8190.358061 7.568354e-01 1.422548e+00 1.352455e+00 1.501151e-01 -3.718999e-04 -2.903409e-04 -2.276741e-04 -3.193828e-04
 8193.790139 7.566269e-01 1.425403e+00 1.359585e+00 1.500438e-01 -3.736104e-04 -2.862682e-04 -2.107472e-04 -3.100351e-04
 8197.234408 7.550388e-01 1.424868e+00 1.365554e+00 1.492707e-01 -3.755520e-04 -2.794365e-04 -2.100342e-04 -3.023738e-04
 8200.690868 7.549240e-01 1.427346e+00 1.375053e+00 1.489681e-01 -3.898870e-04 -2.828004e-04 -2.189367e-04 -2.990121e-04
 8204.159521 7.551221e-01 1.431134e+00 1.386080e+00 1.501810e-01 -3.926944e-04 -2.875901e-04 -2.136479e-04 -3.054646e-04
 8207.640366 7.533002e-01 1.430107e+00 1.390999e+00 1.499406e-01 -3.852786e-04 -2.889660e-04 -2.160760e-04 -3.109511e-04
 8211.133403 7.534006e-01 1.432979e+00 1.398643e+00 1.500857e-01 -3.828902e-04 -2.997844e-04 -2.043447e-04 -3.075734e-04
 8214.638631 7.535113e-01 1.436273e+00 1.407593e+00 1.506992e-01 -3.795253e-04 -3.101678e-04 -2.099980e-04 -3.063192e-04
 8218.156052 7.516428e-01 1.435376e+00 1.412822e+00 1.500287e-01 -3.746488e-04 -3.081948e-04 -2.163343e-04 -2.733471e-04
 8221.685664 7.516095e-01 1.438374e+00 1.421484e+00 1.504790e-01 -3.723951e-04 -3.071386e-04 -2.079052e-04 -2.560260e-04
 8225.227468 7.514736e-01 1.441218e+00 1.430165e+00 1.509817e-01 -3.685916e-04 -2.980092e-04 -2.065830e-04 -2.562901e-04
 8228.781465 7.502604e-01 1.441746e+00 1.435377e+00 1.504931e-01 -3.608087e-04 -2.946054e-04 -2.046918e-04 -2.553079e-04
 8232.347653 7.491451e-01 1.442264e+00 1.439084e+00 1.509212e-01 -3.574635e-04 -2.962670e-04 -2.070352e-04 -2.493552e-04
 8235.926033 7.491448e-01 1.445469e+00 1.444960e+00 1.509402e-01 -3.494794e-04 -3.028623e-04 -2.104211e-04 -2.472773e-04
 8239.516605 7.483711e-01 1.446984e+00 1.448331e+00 1.505772e-01 -3.554023e-04 -3.053316e-04 -2.111525e-04 -2.477866e-04
 8243.119369 7.478065e-01 1.448702e+00 1.451639e+00 1.506736e-01 -3.551616e-04 -3.017929e-04 -2.061987e-04 -2.480760e-04
 8246.734324 7.477221e-01 1.451500e+00 1.455808e+00 1.510360e-01 -3.408153e-04 -3.111769e-04 -2.077304e-04 -2.587676e-04
 8250.361472 7.468048e-01 1.452752e+00 1.457148e+00 1.514765e-01 -3.421595e-04 -3.105415e-04 -2.128073e-04 -2.581721e-04
 8254.000811 7.456412e-01 1.453532e+00 1.458361e+00 1.512361e-01 -3.443450e-04 -3.051105e-04 -2.231909e-04 -2.660567e-04
 8257.652343 7.448161e-01 1.455102e+00 1.458915e+00 1.512432e-01 -3.503086e-04 -3.112487e-04 -2.250890e-04 -2.638530e-04
 8261.316066 7.451554e-01 1.458988e+00 1.462936e+00 1.513953e-01 -3.581251e-04 -3.137053e-04 -2.294470e-04 -2.640750e-04
 8264.991982 7.436296e-01 1.458798e+00 1.464621e+00 1.512814e-01 -3.565329e-04 -3.107134e-04 -2.360866e-04 -2.613510e-04
 8268.680089 7.431218e-01 1.460820e+00 1.470582e+00 1.517644e-01 -3.579981e-04 -3.053444e-04 -2.324538e-04 -2.582467e-04
 8272.380388 7.424580e-01 1.462520e+00 1.477142e+00 1.516643e-01 -3.593536e-04 -3.057460e-04 -2.186323e-04 -2.572783e-04
 8276.092879 7.396342e-01 1.459756e+00 1.481001e+00 1.516253e-01 -3.521853e-04 -3.052874e-04 -2.226943e-04 -2.623496e-04
 8279.817562 7.393766e-01 1.462353e+00 1.490481e+00 1.519103e-01 -3.525149e-04 -2.968926e-04 -2.177185e-04 -2.608507e-04
 8283.554437 7.405601e-01 1.467519e+00 1.503770e+00 1.518329e-01 -3.462267e-04 -2.925642e-04 -2.397355e-04 -2.598976e-04
 8287.303503 7.395970e-01 1.468643e+00 1.512102e+00 1.524330e-01 -3.444365e-04 -2.971196e-04 -2.401525e-04 -2.656933e-04
 8291.064762 7.392559e-01 1.471463e+00 1.521380e+00 1.525010e-01 -3.582199e-04 -3.072188e-04 -2.372613e-04 -2.703095e-04
 8294.838213 7.381095e-01 1.471728e+00 1.527996e+00 1.519776e-01 -3.583396e-04 -3.080467e-04 -2.318474e-04 -2.732959e-04
 8298.623855 7.379025e-01 1.474433e+00 1.535319e+00 1.523792e-01 -3.602221e-04 -3.096919e-04 -2.227140e-04 -2.721704e-04
 8302.421689 7.372785e-01 1.476262e+00 1.543766e+00 1.527588e-01 -3.605413e-04 -3.136068e-04 -2.247001e-04 -2.657716e-04
 8306.231716 7.366050e-01 1.478805e+00 1.551363e+00 1.526327e-01 -3.535726e-04 -3.101986e-04 -2.200317e-04 -2.617998e-04
 8310.053934 7.358615e-01 1.480228e+00 1.558051e+00 1.528678e-01 -3.630869e-04 -3.004482e-04 -2.154495e-04 -2.626035e-04
 8313.888344 7.356044e-01 1.482672e+00 1.565298e+00 1.526326e-01 -3.641261e-04 -2.952647e-04 -2.099632e-04 -2.666382e-04
 8317.734946 7.352926e-01 1.485547e+00 1.573596e+00 1.530873e-01 -3.533803e-04 -2.990404e-04 -2.146440e-04 -2.595461e-04
 8321.593740 7.341846e-01 1.486161e+00 1.579113e+00 1.531974e-01 -3.501292e-04 -3.044081e-04 -2.195760e-04 -2.571769e-04
 8325.464726 7.330803e-01 1.486888e+00 1.585109e+00 1.527420e-01 -3.454390e-04 -3.064523e-04 -2.072844e-04 -2.621995e-04
 8329.347903 7.330525e-01 1.490281e+00 1.593967e+00 1.526591e-01 -3.540754e-04 -3.026117e-04 -2.057391e-04 -2.555249e-04
 8333.243273 7.317403e-01 1.490469e+00 1.599175e+00 1.534550e-01 -3.503755e-04 -2.952599e-04 -2.124482e-04 -2.621930e-04
 8337.150835 7.311211e-01 1.492537e+00 1.606721e+00 1.538835e-01 -3.492192e-04 -2.960311e-04 -2.099629e-04 -2.624507e-04
 8341.070588 7.297003e-01 1.492531e+00 1.611615e+00 1.535375e-01 -3.477226e-04 -3.021387e-04 -2.099610e-04 -2.628274e-04
 8345.002533 7.293176e-01 1.494652e+00 1.620437e+00 1.535968e-01 -3.349813e-04 -2.988544e-04 -2.105777e-04 -2.568899e-04
 8348.946671 7.276880e-01 1.494497e+00 1.625206e+00 1.534209e-01 -3.327610e-04 -3.003187e-04 -2.160943e-04 -2.593517e-04
 8352.903000 7.270987e-01 1.496658e+00 1.632328e+00 1.534404e-01 -3.393735e-04 -3.031641e-04 -2.182612e-04 -2.443291e-04
 8356.871521 7.258720e-01 1.497276e+00 1.638429e+00 1.540230e-01 -3.482079e-04 -3.134531e-04 -2.203127e-04 -2.377563e-04
 8360.852234 7.253701e-01 1.499467e+00 1.644511e+00 1.536029e-01 -3.513433e-04 -3.108382e-04 -2.166457e-04 -2.492852e-04
 8364.845139 7.248980e-01 1.502176e+00 1.652171e+00 1.543339e-01 -3.536766e-04 -2.975668e-04 -2.094467e-04 -2.493010e-04
 8368.850236 7.241250e-01 1.503926e+00 1.658096e+00 1.537573e-01 -3.408474e-04 -2.911926e-04 -2.081308e-04 -2.527948e-04
 8372.867524 7.232918e-01 1.505220e+00 1.663818e+00 1.539625e-01 -3.420934e-04 -2.834546e-04 -2.144221e-04 -2.584483e-04
 8376.897005 7.227360e-01 1.507096e+00 1.670109e+00 1.540892e-01 -3.429012e-04 -2.808024e-04 -2.142173e-04 -2.561962e-04
 8380.938678 7.223026e-01 1.509399e+00 1.676319e+00 1.540969e-01 -3.419314e-04 -2.778207e-04 -2.166133e-04 -2.563628e-04
 8384.992542 7.215216e-01 1.511107e+00 1.681441e+00 1.544440e-01 -3.464512e-04 -2.784604e-04 -2.077516e-04 -2.577801e-04
 8389.058598 7.207733e-01 1.513098e+00 1.688007e+00 1.545396e-01 -3.414085e-04 -2.867308e-04 -2.132072e-04 -2.528202e-04
 8393.136847 7.193951e-01 1.513225e+00 1.691631e+00 1.540448e-01 -3.380394e-04 -2.808259e-04 -2.164254e-04 -2.548137e-04
 8397.227287 7.182680e-01 1.513903e+00 1.697610e+00 1.544075e-01 -3.311193e-04 -2.831373e-04 -2.211138e-04 -2.499920e-04
 8401.329919 7.183012e-01 1.517792e+00 1.706946e+00 1.542788e-01 -3.331359e-04 -2.773377e-04 -2.165146e-04 -2.423302e-04
 8405.444743 7.164417e-01 1.516485e+00 1.709812e+00 1.549174e-01 -3.339829e-04 -2.796918e-04 -2.193789e-04 -2.407389e-04
 8409.571759 7.165343e-01 1.520509e+00 1.719465e+00 1.542942e-01 -3.422696e-04 -2.752291e-04 -2.168621e-04 -2.437253e-04
 8413.710967 7.166119e-01 1.523906e+00 1.729288e+00 1.548284e-01 -3.417029e-04 -2.888340e-04 -2.187040e-04 -2.446787e-04
 8417.862366 7.153616e-01 1.524377e+00 1.735285e+00 1.548680e-01 -3.409737e-04 -2.931806e-04 -2.234639e-04 -2.423910e-04
 8422.025958 7.148585e-01 1.526694e+00 1.743555e+00 1.547886e-01 -3.319727e-04 -2.980910e-04 -2.238182e-04 -2.452107e-04
 8426.201742 7.143221e-01 1.528862e+00 1.752480e+00 1.554112e-01 -3.378775e-04 -2.986308e-04 -2.260312e-04 -2.449919e-04
 8430.389717 7.133929e-01 1.529862e+00 1.759507e+00 1.553818e-01 -3.456915e-04 -2.888834e-04 -2.199323e-04 -2.470914e-04
 8434.589884 7.127108e-01 1.531989e+00 1.768421e+00 1.552221e-01 -3.493742e-04 -2.843111e-04 -2.260385e-04 -2.451061e-04
 8438.802244 7.123594e-01 1.535047e+00 1.777985e+00 1.557361e-01 -3.525720e-04 -2.880492e-04 -2.311243e-04 -2.462582e-04
 8443.026795 7.112749e-01 1.535885e+00 1.784043e+00 1.554857e-01 -3.536334e-04 -2.863574e-04 -2.296672e-04 -2.450467e-04
 8447.263538 7.105040e-01 1.537756e+00 1.791709e+00 1.555337e-01 -3.505734e-04 -2.804036e-04 -2.335057e-04 -2.472937e-04
 8451.512473 7.102025e-01 1.540308e+00 1.801625e+00 1.563069e-01 -3.516815e-04 -2.879155e-04 -2.375028e-04 -2.590209e-04
 8455.773600 7.086749e-01 1.540449e+00 1.807876e+00 1.559249e-01 -3.512484e-04 -2.859013e-04 -2.313632e-04 -2.657873e-04
 8460.046919 7.082518e-01 1.542759e+00 1.816462e+00 1.561852e-01 -3.507766e-04 -2.979672e-04 -2.294388e-04 -2.720567e-04
 8464.332429 7.074488e-01 1.544270e+00 1.824464e+00 1.563062e-01 -3.569601e-04 -3.022684e-04 -2.258927e-04 -2.715374e-04
 8468.630132 7.067120e-01 1.546460e+00 1.832554e+00 1.564165e-01 -3.715300e-04 -2.990507e-04 -2.190023e-04 -2.726022e-04
 8472.940026 7.058997e-01 1.547933e+00 1.840837e+00 1.560977e-01 -3.662649e-04 -2.914468e-04 -2.209590e-04 -2.707694e-04
 8477.262113 7.045468e-01 1.548256e+00 1.846551e+00 1.568668e-01 -3.565146e-04 -2.950062e-04 -2.148441e-04 -2.671414e-04
 8481.596391 7.043909e-01 1.551655e+00 1.857423e+00 1.560447e-01 -3.634418e-04 -2.985852e-04 -2.134535e-04 -2.627462e-04
 8485.942861 7.031027e-01 1.551877e+00 1.863043e+00 1.567564e-01 -3.685729e-04 -3.035005e-04 -2.115305e-04 -2.639474e-04
 8490.301524 7.030069e-01 1.555554e+00 1.874144e+00 1.566714e-01 -3.773163e-04 -3.119473e-04 -2.255145e-04 -2.509564e-04
 8494.672378 7.019122e-01 1.556509e+00 1.881091e+00 1.566089e-01 -3.786705e-04 -3.242945e-04 -2.194270e-04 -2.490851e-04
 8499.055424 7.011140e-01 1.558457e+00 1.889423e+00 1.565906e-01 -3.759171e-04 -3.212512e-04 -2.127152e-04 -2.486550e-04
 8503.450662 6.999700e-01 1.559037e+00 1.895708e+00 1.572715e-01 -3.666769e-04 -3.154852e-04 -2.106177e-04 -2.603748e-04
 8507.858091 6.983876e-01 1.558518e+00 1.900495e+00 1.576191e-01 -3.646554e-04 -3.095195e-04 -2.140756e-04 -2.547366e-04
 8512.277713 6.952368e-01 1.555176e+00 1.902412e+00 1.569262e-01 -3.583213e-04 -3.080598e-04 -2.142330e-04 -2.591154e-04
 8516.709527 6.624320e-01 1.485564e+00 1.822601e+00 1.521978e-01 -3.540264e-04 -3.027025e-04 -2.137377e-04 -2.909482e-04
 8521.153532 6.524575e-01 1.466421e+00 1.805182e+00 1.476224e-01 -3.519354e-04 -3.002719e-04 -2.093676e-04 -2.564459e-04
 8525.609730 6.958692e-01 1.566809e+00 1.931389e+00 1.567021e-01 -3.467773e-04 -2.965732e-04 -2.076432e-04 -2.568752e-04
 8530.078119 6.965734e-01 1.571956e+00 1.942223e+00 1.574417e-01 -3.540517e-04 -3.022294e-04 -2.073604e-04 -2.416961e-04
 8534.558700 6.954371e-01 1.573504e+00 1.949753e+00 1.569934e-01 -3.465207e-04 -3.043595e-04 -2.054888e-04 -2.436166e-04
 8539.051473 6.944793e-01 1.574330e+00 1.956826e+00 1.575658e-01 -3.502238e-04 -3.002338e-04 -2.152534e-04 -2.507995e-04
 8543.556438 6.937844e-01 1.576108e+00 1.964037e+00 1.576885e-01 -3.511417e-04 -2.946726e-04 -2.131776e-04 -2.480892e-04
 8548.073595 6.928272e-01 1.577524e+00 1.972013e+00 1.574617e-01 -3.457293e-04 -2.903702e-04 -2.243295e-04 -2.562246e-04
 8552.602944 6.917532e-01 1.578870e+00 1.979827e+00 1.580198e-01 -3.468330e-04 -2.991111e-04 -2.252834e-04 -2.571931e-04
 8557.144485 6.904518e-01 1.579016e+00 1.985981e+00 1.577280e-01 -3.472509e-04 -2.954352e-04 -2.210267e-04 -2.578335e-04
 8561.698218 6.899013e-01 1.581778e+00 1.995057e+00 1.574675e-01 -3.413435e-04 -2.977064e-04 -2.245174e-04 -2.569273e-04
 8566.264142 6.891466e-01 1.583373e+00 2.002550e+00 1.578628e-01 -3.411220e-04 -3.091629e-04 -2.193473e-04 -2.555020e-04
 8570.842259 6.884190e-01 1.585063e+00 2.010509e+00 1.582174e-01 -3.398937e-04 -3.113878e-04 -2.211404e-04 -2.533621e-04
 8575.432567 6.875336e-01 1.586542e+00 2.018316e+00 1.583033e-01 -3.480988e-04 -3.129029e-04 -2.242634e-04 -2.618625e-04
 8580.035068 6.862510e-01 1.587188e+00 2.025461e+00 1.578918e-01 -3.483351e-04 -3.177791e-04 -2.199688e-04 -2.536914e-04
 8584.649760 6.851685e-01 1.588294e+00 2.033054e+00 1.579827e-01 -3.419741e-04 -3.190467e-04 -2.178155e-04 -2.420886e-04
 8589.276644 6.840793e-01 1.589333e+00 2.041336e+00 1.580150e-01 -3.494561e-04 -3.146830e-04 -2.134220e-04 -2.530070e-04
 8593.915720 6.824711e-01 1.589304e+00 2.047740e+00 1.580658e-01 -3.499456e-04 -3.054526e-04 -2.153537e-04 -2.600175e-04
 8598.566988 6.813198e-01 1.590068e+00 2.055703e+00 1.582064e-01 -3.460122e-04 -3.041551e-04 -2.180897e-04 -2.675059e-04
 8603.230448 6.786183e-01 1.587348e+00 2.058359e+00 1.579141e-01 -3.410486e-04 -3.014360e-04 -2.321689e-04 -2.600360e-04
 8607.906100 6.743298e-01 1.580749e+00 2.056933e+00 1.569456e-01 -3.495621e-04 -3.045751e-04 -2.232381e-04 -2.768983e-04
 8612.593943 6.521323e-01 1.532136e+00 2.000622e+00 1.525441e-01 -3.506661e-04 -2.974041e-04 -2.133012e-04 -3.028715e-04
 8617.293979 6.120573e-01 1.442015e+00 1.891365e+00 1.440451e-01 -3.425550e-04 -2.924295e-04 -2.132368e-04 -3.007693e-04
 8622.006206 6.879630e-01 1.624091e+00 2.132849e+00 1.607043e-01 -3.443156e-04 -2.896030e-04 -2.096129e-04 -2.674595e-04
 8626.730626 6.864055e-01 1.623861e+00 2.138912e+00 1.605229e-01 -3.455314e-04 -2.956083e-04 -2.131859e-04 -2.626366e-04
 8631.467237 6.836957e-01 1.621152e+00 2.142078e+00 1.603094e-01 -3.496556e-04 -2.951109e-04 -2.194639e-04 -2.561038e-04
 8636.216040 6.820947e-01 1.620812e+00 2.148447e+00 1.603756e-01 -3.562757e-04 -2.889959e-04 -2.205435e-04 -2.425208e-04
 8640.977036 6.805744e-01 1.620881e+00 2.155371e+00 1.603257e-01 -3.583235e-04 -2.955196e-04 -2.202580e-04 -2.475741e-04
 8645.750223 6.792429e-01 1.621316e+00 2.162577e+00 1.600157e-01 -3.553788e-04 -2.919884e-04 -2.209262e-04 -2.587239e-04
 8650.535602 6.783471e-01 1.623059e+00 2.171110e+00 1.601617e-01 -3.545799e-04 -2.848303e-04 -2.184147e-04 -2.639732e-04
 8655.333172 6.772965e-01 1.624301e+00 2.179140e+00 1.602094e-01 -3.507953e-04 -2.899274e-04 -2.183214e-04 -2.762522e-04
 8660.142935 6.764257e-01 1.626120e+00 2.188013e+00 1.602665e-01 -3.421084e-04 -2.970062e-04 -2.300871e-04 -2.563830e-04
 8664.964890 6.753978e-01 1.627478e+00 2.196467e+00 1.605124e-01 -3.396357e-04 -2.911872e-04 -2.278444e-04 -2.556648e-04
 8669.799037 6.038528e-01 1.458095e+00 1.972569e+00 1.436065e-01 -3.092573e-04 -2.615414e-04 -2.004880e-04 -2.290912e-04
 8674.645375 9.111510e-02 2.202100e-01 2.981980e-01 2.168022e-02 -4.729969e-05 -4.022314e-05 -3.129893e-05 -3.502966e-05
