# Facility: NSLS-II
# Beamline: QAS
# Year: 2022
# Cycle: 2
# SAF: 309337
# PI: Li
# Proposal: 309890
# Scan ID: 26256
# UID: 99434c3f-c3b2-46b7-874d-b208e837f9dc
# Comment: 
# Start time: 06/10/2022  08:44:25
# Stop time: 06/10/2022  08:44:57
# Total time: 00:32
# Trajectory name: Co-30s-7709.txt
# Element: Cobalt ( 27)
# Edge: K
# E0: 7709
# Reference Foil Element: Co
# Keithley Gains I0: 1E7 V/A It: 1E7 V/A Iref: 1E8 V/A PIPS: 1E8 V/A 
# Ion Chamber Gas Flow Rates: I0: 29.80 sccm He + 69.70 sccm N2 + 0.00 sccm Ar 
# Ion Chamber Gas Flow Rates: It&Iref: 79.80 sccm N2 + 20.10 sccm Ar
# Incident Beam Path Vertical: -27.48 mm
# Incident Slits Positions B: TOP: 1.0 mm Bottom: -1.0 mm Inboard: -1.5 mm Outboard: 1.5 mm
# Sample Stage Positions: Rotation: 45.0 deg Horizontal: 25.26 mm Vertical: -26.52 mm Beam Direction: 0.00 mm
# PerkinElmer Vertical Position: 500.00 mm
# Front End Mirror Horizontal Positions: Up: 14.00 mm Down: 14.00 mm
#
# energy  i0  it  ir  iff  aux1  aux2  aux3  aux4
 7517.895413 4.299666e-01 5.165481e-01 1.246985e+00 5.330203e-02 -1.905271e-04 -1.480213e-04 -1.153477e-04 -1.386357e-04
 7522.895413 8.506917e-01 1.024561e+00 2.476917e+00 1.057440e-01 -3.807643e-04 -2.960402e-04 -2.336364e-04 -2.733135e-04
 7527.895413 8.573718e-01 1.036545e+00 2.512296e+00 1.068021e-01 -3.774240e-04 -3.112770e-04 -2.536031e-04 -2.779193e-04
 7532.895413 8.570339e-01 1.040222e+00 2.527468e+00 1.069981e-01 -3.839859e-04 -3.076263e-04 -2.487044e-04 -2.733473e-04
 7537.895413 8.562407e-01 1.043051e+00 2.541404e+00 1.070997e-01 -3.876102e-04 -2.978386e-04 -2.478544e-04 -2.745885e-04
 7542.895413 8.550979e-01 1.045396e+00 2.554038e+00 1.073908e-01 -3.839911e-04 -2.949812e-04 -2.533505e-04 -2.688216e-04
 7547.895413 8.541220e-01 1.048226e+00 2.567699e+00 1.074007e-01 -3.818318e-04 -2.983809e-04 -2.524491e-04 -2.738751e-04
 7552.895413 8.532125e-01 1.051179e+00 2.581774e+00 1.077720e-01 -3.815607e-04 -2.956669e-04 -2.457285e-04 -2.955064e-04
 7557.895413 8.520650e-01 1.053456e+00 2.593638e+00 1.081500e-01 -3.903307e-04 -2.977730e-04 -2.437552e-04 -3.081282e-04
 7562.895413 8.501889e-01 1.054900e+00 2.603716e+00 1.081424e-01 -3.956768e-04 -2.986286e-04 -2.438514e-04 -2.810958e-04
 7567.895413 8.489036e-01 1.057261e+00 2.616124e+00 1.081776e-01 -3.954204e-04 -3.020261e-04 -2.437453e-04 -2.721351e-04
 7572.895413 8.494086e-01 1.062422e+00 2.636568e+00 1.086517e-01 -3.927609e-04 -2.905092e-04 -2.480195e-04 -2.681342e-04
 7577.895413 8.474741e-01 1.064197e+00 2.646426e+00 1.086565e-01 -3.911184e-04 -2.861151e-04 -2.430238e-04 -2.679986e-04
 7582.895413 8.471657e-01 1.067973e+00 2.662490e+00 1.089048e-01 -3.918476e-04 -2.860850e-04 -2.438626e-04 -2.739595e-04
 7587.895413 8.458842e-01 1.070279e+00 2.675591e+00 1.089025e-01 -4.005862e-04 -3.008474e-04 -2.483166e-04 -3.045697e-04
 7592.895413 8.451136e-01 1.073203e+00 2.689926e+00 1.091541e-01 -3.995609e-04 -2.952327e-04 -2.460064e-04 -3.127019e-04
 7597.895413 8.433485e-01 1.074980e+00 2.701355e+00 1.092025e-01 -3.965926e-04 -2.939610e-04 -2.469735e-04 -3.157813e-04
 7602.895413 8.415575e-01 1.076997e+00 2.713450e+00 1.093750e-01 -3.944019e-04 -2.947716e-04 -2.481860e-04 -2.752141e-04
 7607.895413 8.428595e-01 1.082885e+00 2.735204e+00 1.097701e-01 -3.927356e-04 -2.941679e-04 -2.518340e-04 -2.701307e-04
 7612.895413 8.412223e-01 1.084687e+00 2.746541e+00 1.097286e-01 -3.963179e-04 -2.979973e-04 -2.501770e-04 -2.681580e-04
 7617.895413 8.407436e-01 1.088263e+00 2.761857e+00 1.100060e-01 -3.942626e-04 -2.921109e-04 -2.627334e-04 -2.673737e-04
 7622.895413 8.397140e-01 1.091004e+00 2.775065e+00 1.100868e-01 -3.892615e-04 -2.807641e-04 -2.662946e-04 -2.741189e-04
 7627.895413 8.392866e-01 1.094583e+00 2.791240e+00 1.103328e-01 -3.875475e-04 -2.736344e-04 -2.612178e-04 -2.696483e-04
 7632.895413 8.388492e-01 1.098168e+00 2.807476e+00 1.105928e-01 -3.810114e-04 -2.728304e-04 -2.566873e-04 -2.696164e-04
 7637.895413 8.379224e-01 1.101215e+00 2.821681e+00 1.107419e-01 -3.726034e-04 -2.753353e-04 -2.573383e-04 -2.714352e-04
 7642.895413 8.370863e-01 1.104212e+00 2.835976e+00 1.110253e-01 -3.788571e-04 -2.808847e-04 -2.629092e-04 -2.651330e-04
 7647.895413 8.365582e-01 1.107631e+00 2.851967e+00 1.112154e-01 -3.965756e-04 -2.746733e-04 -2.557228e-04 -2.658724e-04
 7652.895413 8.346126e-01 1.109112e+00 2.862080e+00 1.113119e-01 -3.991511e-04 -2.677507e-04 -2.506609e-04 -2.705119e-04
 7657.895413 8.332116e-01 1.111038e+00 2.873280e+00 1.112563e-01 -4.003863e-04 -2.764235e-04 -2.437036e-04 -2.698278e-04
 7662.895413 8.332194e-01 1.115433e+00 2.890595e+00 1.116778e-01 -3.965449e-04 -2.850565e-04 -2.493803e-04 -2.715316e-04
 7667.895413 8.331603e-01 1.119713e+00 2.907921e+00 1.119557e-01 -3.950036e-04 -2.836355e-04 -2.639733e-04 -2.789586e-04
 7672.895413 8.330296e-01 1.123925e+00 2.924484e+00 1.122407e-01 -3.894713e-04 -2.843336e-04 -2.599190e-04 -2.778134e-04
 7677.895413 8.323799e-01 1.127380e+00 2.938885e+00 1.122489e-01 -3.938848e-04 -3.033476e-04 -2.605442e-04 -2.848851e-04
 7679.000000 8.319737e-01 1.127873e+00 2.941175e+00 1.123568e-01 -3.993233e-04 -3.041253e-04 -2.564165e-04 -2.838578e-04
 7680.000000 8.310633e-01 1.127338e+00 2.939954e+00 1.122007e-01 -3.936739e-04 -3.010822e-04 -2.569509e-04 -2.825703e-04
 7681.000000 8.310529e-01 1.128053e+00 2.942908e+00 1.124454e-01 -4.001890e-04 -3.009669e-04 -2.568007e-04 -2.873952e-04
 7682.000000 8.286503e-01 1.125754e+00 2.939451e+00 1.121362e-01 -4.021433e-04 -3.067225e-04 -2.525678e-04 -2.821199e-04
 7683.000000 8.178545e-01 1.111548e+00 2.902948e+00 1.112218e-01 -4.014135e-04 -2.950836e-04 -2.533050e-04 -2.728405e-04
 7684.000000 8.032955e-01 1.092748e+00 2.854273e+00 1.087672e-01 -3.991676e-04 -3.016290e-04 -2.581414e-04 -2.709063e-04
 7685.000000 8.275075e-01 1.126358e+00 2.940337e+00 1.126951e-01 -3.975617e-04 -2.956387e-04 -2.658153e-04 -2.807726e-04
 7686.000000 8.352256e-01 1.137926e+00 2.970362e+00 1.132957e-01 -3.909978e-04 -2.936460e-04 -2.637296e-04 -2.763640e-04
 7686.200000 8.360060e-01 1.139365e+00 2.973696e+00 1.168860e-01 -3.815083e-04 -2.939758e-04 -2.700630e-04 -2.831905e-04
 7686.400000 8.363756e-01 1.139820e+00 2.978360e+00 1.129967e-01 -3.964512e-04 -2.994441e-04 -2.618341e-04 -2.792488e-04
 7686.600000 8.189810e-01 1.116017e+00 2.912638e+00 1.095220e-01 -3.947072e-04 -3.034788e-04 -2.534618e-04 -2.805919e-04
 7686.800000 8.321458e-01 1.134582e+00 2.965710e+00 1.130527e-01 -3.996513e-04 -3.054193e-04 -2.650459e-04 -2.781988e-04
 7687.000000 8.423834e-01 1.148622e+00 3.001431e+00 1.158635e-01 -4.057458e-04 -3.035140e-04 -2.331988e-04 -2.651817e-04
 7687.200000 8.281199e-01 1.128500e+00 2.948997e+00 1.120049e-01 -4.007052e-04 -2.975638e-04 -2.366580e-04 -2.660570e-04
 7687.400000 8.365311e-01 1.140585e+00 2.978685e+00 1.133863e-01 -3.990864e-04 -2.896570e-04 -2.388853e-04 -2.722224e-04
 7687.600000 8.323298e-01 1.135263e+00 2.965651e+00 1.129381e-01 -3.932172e-04 -2.899339e-04 -2.583442e-04 -2.822239e-04
 7687.800000 8.255717e-01 1.125986e+00 2.941137e+00 1.084854e-01 -3.837377e-04 -2.898854e-04 -2.586900e-04 -2.675022e-04
 7688.000000 8.312669e-01 1.134221e+00 2.963236e+00 1.123314e-01 -3.968242e-04 -2.988506e-04 -2.490771e-04 -2.634459e-04
 7688.200000 8.305178e-01 1.133143e+00 2.960537e+00 1.166886e-01 -3.949824e-04 -2.921015e-04 -2.498022e-04 -2.634313e-04
 7688.400000 8.283845e-01 1.130081e+00 2.953371e+00 1.140352e-01 -3.804339e-04 -2.917492e-04 -2.496889e-04 -2.742476e-04
 7688.600000 8.396050e-01 1.145724e+00 2.995428e+00 1.137427e-01 -3.849522e-04 -3.024833e-04 -2.557227e-04 -2.686013e-04
 7688.800000 8.278186e-01 1.130134e+00 2.953453e+00 1.122235e-01 -3.839012e-04 -2.955949e-04 -2.555735e-04 -2.770970e-04
 7689.000000 8.351673e-01 1.140263e+00 2.981096e+00 1.145621e-01 -3.922113e-04 -3.024137e-04 -2.657559e-04 -2.833496e-04
 7689.200000 8.354481e-01 1.140575e+00 2.978391e+00 1.133505e-01 -3.968190e-04 -2.970003e-04 -2.691228e-04 -2.806789e-04
 7689.400000 8.263994e-01 1.128506e+00 2.949491e+00 1.109215e-01 -3.868792e-04 -2.930996e-04 -2.541821e-04 -2.682621e-04
 7689.600000 8.309243e-01 1.134726e+00 2.964692e+00 1.118418e-01 -3.927646e-04 -2.936810e-04 -2.645905e-04 -2.798713e-04
 7689.800000 8.286517e-01 1.131389e+00 2.957388e+00 1.150048e-01 -3.965655e-04 -2.952727e-04 -2.565963e-04 -2.726982e-04
 7690.000000 8.342831e-01 1.139405e+00 2.978764e+00 1.127009e-01 -4.072105e-04 -2.997081e-04 -2.494480e-04 -2.692961e-04
 7690.200000 8.320728e-01 1.136830e+00 2.970595e+00 1.110482e-01 -3.998042e-04 -2.978074e-04 -2.478605e-04 -2.623896e-04
 7690.400000 8.300361e-01 1.134153e+00 2.963894e+00 1.117401e-01 -3.988105e-04 -2.852517e-04 -2.500943e-04 -2.544111e-04
 7690.600000 8.315413e-01 1.136684e+00 2.969907e+00 1.137607e-01 -4.014052e-04 -2.845330e-04 -2.670237e-04 -2.626585e-04
 7690.800000 8.344274e-01 1.140602e+00 2.982651e+00 1.135896e-01 -4.053336e-04 -2.918654e-04 -2.577216e-04 -2.557126e-04
 7691.000000 8.327956e-01 1.138671e+00 2.975514e+00 1.141122e-01 -3.893715e-04 -2.917611e-04 -2.662446e-04 -2.746886e-04
 7691.200000 8.339229e-01 1.141004e+00 2.980517e+00 1.125024e-01 -3.789643e-04 -2.874971e-04 -2.646734e-04 -2.693001e-04
 7691.400000 8.318673e-01 1.137493e+00 2.971957e+00 1.110949e-01 -3.808683e-04 -2.936906e-04 -2.684479e-04 -2.764338e-04
 7691.600000 8.328139e-01 1.139474e+00 2.975243e+00 1.148243e-01 -3.771370e-04 -2.915098e-04 -2.723611e-04 -2.807951e-04
 7691.800000 8.302295e-01 1.134857e+00 2.964681e+00 1.126257e-01 -3.915522e-04 -2.797961e-04 -2.564591e-04 -2.717553e-04
 7692.000000 8.344831e-01 1.141410e+00 2.984431e+00 1.146163e-01 -3.946547e-04 -2.912448e-04 -2.609954e-04 -2.629514e-04
 7692.200000 8.311468e-01 1.137049e+00 2.970743e+00 1.144190e-01 -3.934979e-04 -2.924536e-04 -2.654020e-04 -2.650988e-04
 7692.400000 8.308358e-01 1.136935e+00 2.969898e+00 1.141585e-01 -3.966542e-04 -2.840595e-04 -2.732425e-04 -2.798194e-04
 7692.600000 8.335757e-01 1.141379e+00 2.982294e+00 1.151017e-01 -4.016578e-04 -2.873619e-04 -2.639408e-04 -2.788450e-04
 7692.800000 8.338229e-01 1.141364e+00 2.982687e+00 1.122938e-01 -3.981256e-04 -2.916690e-04 -2.617250e-04 -2.720655e-04
 7693.000000 8.278332e-01 1.133753e+00 2.961650e+00 1.118016e-01 -4.008701e-04 -2.910748e-04 -2.651698e-04 -2.678141e-04
 7693.200000 8.302371e-01 1.136881e+00 2.972208e+00 1.115143e-01 -3.983534e-04 -2.854196e-04 -2.587235e-04 -2.593813e-04
 7693.400000 8.355352e-01 1.144238e+00 2.990082e+00 1.149025e-01 -3.944588e-04 -2.928223e-04 -2.621515e-04 -2.528380e-04
 7693.600000 8.268492e-01 1.132736e+00 2.958922e+00 1.120439e-01 -3.846117e-04 -2.898253e-04 -2.703392e-04 -2.574094e-04
 7693.800000 8.370853e-01 1.146977e+00 2.997933e+00 1.143335e-01 -3.854223e-04 -2.896997e-04 -2.719165e-04 -2.608452e-04
 7694.000000 8.291549e-01 1.136769e+00 2.969115e+00 1.093756e-01 -3.984393e-04 -2.904098e-04 -2.760813e-04 -2.677420e-04
 7694.200000 8.289194e-01 1.135965e+00 2.964943e+00 1.144645e-01 -3.976602e-04 -2.877393e-04 -2.677687e-04 -2.629326e-04
 7694.400000 8.246241e-01 1.129693e+00 2.950988e+00 1.122263e-01 -3.860154e-04 -2.922900e-04 -2.767006e-04 -2.590960e-04
 7694.600000 8.365510e-01 1.146617e+00 2.995961e+00 1.150165e-01 -3.937834e-04 -2.982811e-04 -2.745237e-04 -2.559689e-04
 7694.800000 8.286339e-01 1.136489e+00 2.966727e+00 1.151779e-01 -3.943808e-04 -3.000276e-04 -2.639940e-04 -2.689826e-04
 7695.000000 8.345582e-01 1.145026e+00 2.991889e+00 1.134502e-01 -3.982750e-04 -3.001408e-04 -2.486200e-04 -2.608503e-04
 7695.200000 8.280914e-01 1.135817e+00 2.964785e+00 1.096032e-01 -3.880451e-04 -2.895790e-04 -2.551442e-04 -2.745575e-04
 7695.400000 8.277207e-01 1.135394e+00 2.965354e+00 1.141257e-01 -3.828275e-04 -2.897562e-04 -2.403364e-04 -2.754259e-04
 7695.600000 8.268399e-01 1.134051e+00 2.961414e+00 1.155342e-01 -3.817170e-04 -2.946386e-04 -2.424304e-04 -2.632451e-04
 7695.800000 8.370060e-01 1.148348e+00 3.000106e+00 1.146378e-01 -3.821022e-04 -3.100970e-04 -2.387600e-04 -2.583843e-04
 7696.000000 8.327310e-01 1.142571e+00 2.980974e+00 1.142477e-01 -3.875768e-04 -2.905194e-04 -2.502982e-04 -2.599192e-04
 7696.200000 8.328679e-01 1.142516e+00 2.982636e+00 1.108046e-01 -3.974405e-04 -2.866820e-04 -2.586686e-04 -2.753904e-04
 7696.400000 8.250777e-01 1.131875e+00 2.954110e+00 1.148404e-01 -3.954508e-04 -2.845288e-04 -2.598161e-04 -2.708628e-04
 7696.600000 8.378795e-01 1.149717e+00 3.000085e+00 1.115610e-01 -4.010582e-04 -2.952038e-04 -2.569274e-04 -2.668729e-04
 7696.800000 8.289350e-01 1.138406e+00 2.970537e+00 1.136569e-01 -3.856968e-04 -2.976361e-04 -2.452304e-04 -2.620651e-04
 7697.000000 8.321673e-01 1.143456e+00 2.981299e+00 1.174605e-01 -3.840853e-04 -2.973617e-04 -2.602884e-04 -2.662708e-04
 7697.200000 8.310755e-01 1.141813e+00 2.978981e+00 1.127279e-01 -3.774757e-04 -2.981965e-04 -2.511793e-04 -2.709372e-04
 7697.400000 8.315311e-01 1.142671e+00 2.980106e+00 1.134866e-01 -3.785951e-04 -3.060756e-04 -2.460518e-04 -2.680923e-04
 7697.600000 8.331015e-01 1.144530e+00 2.985502e+00 1.110450e-01 -3.731784e-04 -2.960236e-04 -2.599140e-04 -2.721285e-04
 7697.800000 8.290732e-01 1.138936e+00 2.969592e+00 1.130023e-01 -3.725323e-04 -2.954535e-04 -2.572252e-04 -2.693953e-04
 7698.000000 8.326005e-01 1.144123e+00 2.982149e+00 1.153118e-01 -3.824104e-04 -2.935163e-04 -2.517895e-04 -2.653990e-04
 7698.200000 8.347188e-01 1.147157e+00 2.989384e+00 1.135671e-01 -3.887568e-04 -2.965193e-04 -2.487081e-04 -2.691026e-04
 7698.400000 8.328200e-01 1.144578e+00 2.982820e+00 1.155616e-01 -3.933002e-04 -3.053879e-04 -2.422147e-04 -2.779404e-04
 7698.600000 8.235485e-01 1.132174e+00 2.948528e+00 1.110458e-01 -3.887567e-04 -2.988093e-04 -2.448315e-04 -2.649862e-04
 7698.800000 8.358064e-01 1.149754e+00 2.995322e+00 1.126266e-01 -4.006843e-04 -3.084135e-04 -2.550517e-04 -2.631215e-04
 7699.000000 8.273059e-01 1.137762e+00 2.964105e+00 1.133778e-01 -3.910697e-04 -3.059040e-04 -2.406531e-04 -2.705853e-04
 7699.200000 8.318413e-01 1.144517e+00 2.979763e+00 1.138756e-01 -3.902622e-04 -3.031653e-04 -2.394096e-04 -2.651704e-04
 7699.400000 8.318737e-01 1.144765e+00 2.978647e+00 1.152601e-01 -3.922573e-04 -2.984316e-04 -2.374009e-04 -2.681399e-04
 7699.600000 8.311357e-01 1.143613e+00 2.975163e+00 1.134873e-01 -3.902277e-04 -3.112390e-04 -2.422739e-04 -2.753267e-04
 7699.800000 8.327399e-01 1.145744e+00 2.982431e+00 1.138826e-01 -3.935010e-04 -3.095217e-04 -2.445012e-04 -2.805392e-04
 7700.000000 8.298416e-01 1.142159e+00 2.971383e+00 1.130019e-01 -3.926859e-04 -3.029253e-04 -2.479136e-04 -2.787467e-04
 7700.200000 8.344780e-01 1.148891e+00 2.986657e+00 1.128132e-01 -3.963516e-04 -3.076882e-04 -2.549962e-04 -2.785636e-04
 7700.400000 8.291313e-01 1.141196e+00 2.965894e+00 1.137084e-01 -4.021552e-04 -3.048641e-04 -2.576789e-04 -2.784356e-04
 7700.600000 8.312005e-01 1.144800e+00 2.975231e+00 1.134413e-01 -4.044006e-04 -3.030284e-04 -2.423497e-04 -2.747977e-04
 7700.800000 8.308495e-01 1.144231e+00 2.973529e+00 1.146649e-01 -3.990365e-04 -3.057787e-04 -2.622108e-04 -2.887574e-04
 7701.000000 8.305819e-01 1.144286e+00 2.971134e+00 1.133133e-01 -3.914114e-04 -3.099432e-04 -2.616361e-04 -2.961948e-04
 7701.200000 8.328684e-01 1.147070e+00 2.977795e+00 1.120857e-01 -3.862816e-04 -3.018576e-04 -2.568502e-04 -2.866867e-04
 7701.400000 8.248179e-01 1.136477e+00 2.950379e+00 1.134669e-01 -3.761763e-04 -2.965302e-04 -2.655494e-04 -2.736274e-04
 7701.600000 8.330996e-01 1.147708e+00 2.980841e+00 1.141875e-01 -3.841025e-04 -3.010489e-04 -2.694806e-04 -2.652602e-04
 7701.800000 8.348383e-01 1.150446e+00 2.984228e+00 1.148129e-01 -3.940367e-04 -3.048704e-04 -2.759415e-04 -2.669235e-04
 7702.000000 8.300377e-01 1.143971e+00 2.966293e+00 1.142967e-01 -3.975755e-04 -3.025911e-04 -2.732336e-04 -2.823720e-04
 7702.200000 8.306259e-01 1.145077e+00 2.967321e+00 1.138409e-01 -3.951583e-04 -2.934408e-04 -2.603742e-04 -2.853461e-04
 7702.400000 8.263129e-01 1.139444e+00 2.951229e+00 1.103375e-01 -3.928003e-04 -2.957288e-04 -2.549936e-04 -2.916549e-04
 7702.600000 8.300618e-01 1.144973e+00 2.963312e+00 1.126231e-01 -3.946860e-04 -2.973032e-04 -2.626427e-04 -2.856155e-04
 7702.800000 8.333610e-01 1.149774e+00 2.973206e+00 1.148634e-01 -3.924758e-04 -3.076022e-04 -2.557406e-04 -2.795021e-04
 7703.000000 8.272896e-01 1.141398e+00 2.947410e+00 1.131336e-01 -3.811219e-04 -3.107424e-04 -2.526046e-04 -2.776159e-04
 7703.200000 8.285031e-01 1.143578e+00 2.953590e+00 1.134665e-01 -3.811972e-04 -3.107715e-04 -2.471245e-04 -2.774414e-04
 7703.400000 8.361205e-01 1.153728e+00 2.980340e+00 1.139681e-01 -3.907310e-04 -3.091238e-04 -2.579522e-04 -2.701421e-04
 7703.600000 8.276917e-01 1.142267e+00 2.947383e+00 1.130265e-01 -3.933794e-04 -3.031485e-04 -2.582999e-04 -2.740415e-04
 7703.800000 8.298948e-01 1.145602e+00 2.950926e+00 1.146154e-01 -3.870855e-04 -3.021553e-04 -2.579093e-04 -2.680374e-04
 7704.000000 8.360083e-01 1.154055e+00 2.972255e+00 1.150076e-01 -3.919910e-04 -2.955460e-04 -2.574718e-04 -2.729951e-04
 7704.200000 8.289960e-01 1.144232e+00 2.941826e+00 1.134767e-01 -3.866106e-04 -3.010950e-04 -2.589042e-04 -2.697375e-04
 7704.400000 8.276215e-01 1.143113e+00 2.936192e+00 1.131135e-01 -3.760130e-04 -2.964729e-04 -2.589047e-04 -2.753118e-04
 7704.600000 8.266062e-01 1.141540e+00 2.927202e+00 1.131221e-01 -3.855725e-04 -2.967911e-04 -2.517697e-04 -2.692251e-04
 7704.800000 8.290333e-01 1.145204e+00 2.933087e+00 1.147285e-01 -3.931240e-04 -3.012917e-04 -2.438660e-04 -2.644204e-04
 7705.000000 8.297096e-01 1.145988e+00 2.930151e+00 1.138238e-01 -3.863248e-04 -3.039449e-04 -2.551890e-04 -2.910843e-04
 7705.200000 8.268543e-01 1.142207e+00 2.915907e+00 1.130161e-01 -3.814881e-04 -3.026243e-04 -2.649657e-04 -3.107815e-04
 7705.400000 8.304824e-01 1.147837e+00 2.922619e+00 1.146653e-01 -3.930300e-04 -2.976423e-04 -2.580944e-04 -3.131227e-04
 7705.600000 8.275074e-01 1.143810e+00 2.906047e+00 1.139500e-01 -3.816956e-04 -2.902178e-04 -2.551201e-04 -3.167626e-04
 7705.800000 8.282551e-01 1.144753e+00 2.901231e+00 1.136868e-01 -3.873850e-04 -2.900260e-04 -2.532155e-04 -3.127398e-04
 7706.000000 8.280513e-01 1.144370e+00 2.894030e+00 1.143738e-01 -3.861972e-04 -2.971783e-04 -2.441340e-04 -2.741566e-04
 7706.200000 8.292771e-01 1.146537e+00 2.888638e+00 1.139268e-01 -3.876899e-04 -3.036849e-04 -2.505366e-04 -2.593918e-04
 7706.400000 8.300927e-01 1.148032e+00 2.880217e+00 1.140450e-01 -3.944101e-04 -3.056664e-04 -2.611074e-04 -2.625001e-04
 7706.600000 8.270153e-01 1.143716e+00 2.853033e+00 1.157587e-01 -3.888920e-04 -3.102752e-04 -2.493917e-04 -2.568553e-04
 7706.800000 8.303301e-01 1.148430e+00 2.847946e+00 1.136056e-01 -3.782138e-04 -3.064499e-04 -2.515865e-04 -2.590183e-04
 7707.000000 8.288891e-01 1.146494e+00 2.819941e+00 1.130765e-01 -3.801383e-04 -3.096600e-04 -2.504045e-04 -2.604656e-04
 7707.200000 8.296961e-01 1.148203e+00 2.795817e+00 1.136419e-01 -3.806413e-04 -3.038562e-04 -2.508980e-04 -2.739721e-04
 7707.400000 8.271629e-01 1.144653e+00 2.751840e+00 1.140887e-01 -3.734035e-04 -2.866084e-04 -2.488698e-04 -2.763761e-04
 7707.600000 8.282916e-01 1.146366e+00 2.712005e+00 1.146831e-01 -3.712358e-04 -2.793559e-04 -2.576030e-04 -2.711549e-04
 7707.800000 8.283193e-01 1.146248e+00 2.661232e+00 1.129325e-01 -3.773464e-04 -2.790835e-04 -2.594965e-04 -2.762036e-04
 7708.000000 8.295631e-01 1.148395e+00 2.604790e+00 1.153542e-01 -3.715065e-04 -2.795458e-04 -2.563147e-04 -2.683715e-04
 7708.200000 8.280179e-01 1.146167e+00 2.534059e+00 1.146942e-01 -3.756764e-04 -2.807836e-04 -2.540240e-04 -2.755146e-04
 7708.400000 8.297323e-01 1.148930e+00 2.474836e+00 1.156037e-01 -3.770944e-04 -2.755662e-04 -2.554061e-04 -2.746414e-04
 7708.600000 8.285699e-01 1.147348e+00 2.405478e+00 1.138503e-01 -3.858495e-04 -2.786637e-04 -2.594310e-04 -2.657279e-04
 7708.800000 8.309177e-01 1.151329e+00 2.350403e+00 1.152521e-01 -3.907760e-04 -2.756001e-04 -2.642228e-04 -2.620209e-04
 7709.000000 8.290777e-01 1.148641e+00 2.279676e+00 1.144556e-01 -3.892038e-04 -2.734496e-04 -2.638686e-04 -2.587781e-04
 7709.200000 8.298959e-01 1.149766e+00 2.222817e+00 1.149623e-01 -3.890265e-04 -2.744553e-04 -2.477002e-04 -2.563737e-04
 7709.400000 8.296741e-01 1.149939e+00 2.167955e+00 1.150671e-01 -4.050423e-04 -2.840556e-04 -2.606176e-04 -2.593239e-04
 7709.600000 8.297287e-01 1.150208e+00 2.115220e+00 1.154614e-01 -3.972043e-04 -2.911301e-04 -2.725946e-04 -2.566851e-04
 7709.800000 8.297458e-01 1.150382e+00 2.066033e+00 1.158339e-01 -3.952006e-04 -2.889752e-04 -2.639902e-04 -2.598788e-04
 7710.000000 8.294280e-01 1.149995e+00 2.019049e+00 1.148728e-01 -3.894587e-04 -2.975377e-04 -2.538698e-04 -2.565295e-04
 7710.200000 8.307662e-01 1.151977e+00 1.980352e+00 1.149936e-01 -3.861104e-04 -3.022830e-04 -2.608358e-04 -2.637930e-04
 7710.400000 8.286250e-01 1.149310e+00 1.936809e+00 1.145179e-01 -3.950346e-04 -2.910073e-04 -2.602190e-04 -2.556002e-04
 7710.600000 8.298842e-01 1.151557e+00 1.905159e+00 1.149298e-01 -4.016977e-04 -2.801231e-04 -2.475574e-04 -2.559031e-04
 7710.800000 8.301672e-01 1.151913e+00 1.876004e+00 1.150117e-01 -4.025205e-04 -2.793833e-04 -2.431328e-04 -2.567701e-04
 7711.000000 8.293334e-01 1.150925e+00 1.848180e+00 1.149004e-01 -3.918780e-04 -2.873113e-04 -2.526472e-04 -2.644923e-04
 7711.200000 8.296952e-01 1.151420e+00 1.825904e+00 1.151257e-01 -3.869415e-04 -2.868898e-04 -2.467743e-04 -2.746042e-04
 7711.400000 8.301553e-01 1.152082e+00 1.807065e+00 1.160168e-01 -3.835602e-04 -2.865904e-04 -2.501374e-04 -2.706080e-04
 7711.600000 8.274117e-01 1.148274e+00 1.784306e+00 1.159227e-01 -3.738329e-04 -2.871673e-04 -2.591832e-04 -2.585275e-04
 7711.800000 8.288485e-01 1.150414e+00 1.775092e+00 1.161234e-01 -3.675177e-04 -2.868972e-04 -2.544166e-04 -2.532151e-04
 7712.000000 8.292654e-01 1.151064e+00 1.765470e+00 1.158824e-01 -3.738188e-04 -2.892215e-04 -2.547617e-04 -2.859684e-04
 7712.200000 8.297659e-01 1.151804e+00 1.758195e+00 1.162494e-01 -3.858753e-04 -2.839839e-04 -2.552816e-04 -3.161984e-04
 7712.400000 8.298225e-01 1.151734e+00 1.751459e+00 1.169993e-01 -3.942868e-04 -2.826305e-04 -2.428486e-04 -3.145745e-04
 7712.600000 8.304404e-01 1.152734e+00 1.747967e+00 1.171909e-01 -3.927289e-04 -2.896293e-04 -2.475059e-04 -3.155416e-04
 7712.800000 8.297101e-01 1.151811e+00 1.742485e+00 1.176705e-01 -3.857306e-04 -2.935261e-04 -2.595065e-04 -3.177512e-04
 7713.000000 8.289246e-01 1.150784e+00 1.737536e+00 1.175184e-01 -3.900566e-04 -2.972886e-04 -2.632271e-04 -3.170039e-04
 7713.200000 8.309940e-01 1.153673e+00 1.736582e+00 1.182133e-01 -3.806109e-04 -3.061924e-04 -2.634122e-04 -2.908769e-04
 7713.400000 8.289795e-01 1.151071e+00 1.728339e+00 1.178525e-01 -3.786365e-04 -3.062990e-04 -2.568513e-04 -2.777672e-04
 7713.600000 8.288150e-01 1.150791e+00 1.720808e+00 1.186881e-01 -3.846427e-04 -3.031209e-04 -2.657722e-04 -2.764966e-04
 7713.800000 8.277427e-01 1.148960e+00 1.709659e+00 1.196645e-01 -3.837779e-04 -3.024317e-04 -2.629677e-04 -2.829870e-04
 7714.000000 8.287166e-01 1.150425e+00 1.699318e+00 1.199822e-01 -3.735323e-04 -3.079730e-04 -2.616312e-04 -2.873785e-04
 7714.200000 8.289378e-01 1.150870e+00 1.685432e+00 1.203655e-01 -3.809868e-04 -3.150673e-04 -2.638059e-04 -2.874116e-04
 7714.400000 8.273408e-01 1.148491e+00 1.666226e+00 1.212108e-01 -3.793558e-04 -3.165367e-04 -2.571073e-04 -2.758465e-04
 7714.600000 8.282737e-01 1.149819e+00 1.650864e+00 1.216357e-01 -3.786348e-04 -3.130091e-04 -2.661750e-04 -2.791798e-04
 7714.800000 8.282887e-01 1.149680e+00 1.630719e+00 1.208676e-01 -3.819237e-04 -2.941763e-04 -2.582375e-04 -2.787942e-04
 7715.000000 8.273514e-01 1.148595e+00 1.607686e+00 1.220686e-01 -3.837574e-04 -2.929276e-04 -2.556052e-04 -2.928313e-04
 7715.200000 8.271143e-01 1.148351e+00 1.585273e+00 1.222897e-01 -3.812821e-04 -3.056295e-04 -2.551388e-04 -2.908406e-04
 7715.400000 8.270827e-01 1.148507e+00 1.562793e+00 1.218959e-01 -3.866597e-04 -3.002392e-04 -2.617193e-04 -2.821020e-04
 7715.600000 8.279990e-01 1.150173e+00 1.541844e+00 1.220278e-01 -3.863811e-04 -2.966037e-04 -2.485068e-04 -2.788477e-04
 7715.800000 8.279257e-01 1.150275e+00 1.520108e+00 1.201429e-01 -3.800170e-04 -2.976398e-04 -2.556267e-04 -2.854496e-04
 7716.000000 8.273981e-01 1.149639e+00 1.497060e+00 1.207520e-01 -3.791073e-04 -3.099666e-04 -2.546021e-04 -2.854428e-04
 7716.200000 8.271915e-01 1.149472e+00 1.475643e+00 1.212792e-01 -3.766426e-04 -3.087608e-04 -2.482196e-04 -2.794331e-04
 7716.400000 8.284131e-01 1.151566e+00 1.457508e+00 1.210716e-01 -3.705877e-04 -3.121574e-04 -2.568630e-04 -2.735591e-04
 7716.600000 8.258685e-01 1.148073e+00 1.431834e+00 1.210684e-01 -3.719532e-04 -3.068159e-04 -2.664136e-04 -2.904035e-04
 7716.800000 8.292432e-01 1.152836e+00 1.418984e+00 1.209690e-01 -3.739382e-04 -3.123743e-04 -2.610554e-04 -2.865500e-04
 7717.000000 8.291797e-01 1.152739e+00 1.398798e+00 1.229822e-01 -3.854798e-04 -3.148520e-04 -2.756687e-04 -2.779450e-04
 7717.200000 8.306590e-01 1.155203e+00 1.381521e+00 1.217942e-01 -3.933533e-04 -3.129136e-04 -2.587257e-04 -2.815790e-04
 7717.400000 8.268316e-01 1.149655e+00 1.355850e+00 1.223903e-01 -3.844320e-04 -3.008678e-04 -2.481524e-04 -2.897207e-04
 7717.600000 8.272605e-01 1.150505e+00 1.337178e+00 1.219716e-01 -3.814950e-04 -3.083975e-04 -2.570383e-04 -2.864211e-04
 7717.800000 8.283015e-01 1.152016e+00 1.318781e+00 1.215400e-01 -3.804764e-04 -3.043747e-04 -2.526857e-04 -2.960878e-04
 7718.000000 8.274710e-01 1.150732e+00 1.296826e+00 1.238409e-01 -3.777229e-04 -3.034086e-04 -2.529382e-04 -2.988642e-04
 7718.200000 8.276517e-01 1.151424e+00 1.277553e+00 1.223166e-01 -3.720221e-04 -3.040885e-04 -2.480650e-04 -2.962197e-04
 7718.400000 8.264421e-01 1.149675e+00 1.256044e+00 1.235019e-01 -3.760317e-04 -2.985230e-04 -2.552574e-04 -2.904668e-04
 7718.600000 8.291225e-01 1.153758e+00 1.240882e+00 1.229783e-01 -3.848499e-04 -3.006851e-04 -2.739106e-04 -3.172631e-04
 7718.800000 8.267153e-01 1.150138e+00 1.217844e+00 1.240885e-01 -3.804376e-04 -3.021961e-04 -2.694781e-04 -3.077098e-04
 7719.000000 8.267423e-01 1.150397e+00 1.198484e+00 1.231206e-01 -3.914715e-04 -3.045487e-04 -2.718292e-04 -3.017760e-04
 7719.200000 8.277782e-01 1.151507e+00 1.179488e+00 1.255828e-01 -4.023479e-04 -3.018199e-04 -2.730646e-04 -3.009515e-04
 7719.400000 8.264072e-01 1.149271e+00 1.156712e+00 1.259568e-01 -3.884192e-04 -2.982282e-04 -2.782360e-04 -3.037756e-04
 7719.600000 8.291244e-01 1.153329e+00 1.141125e+00 1.245729e-01 -3.859409e-04 -3.049365e-04 -2.661829e-04 -2.980620e-04
 7719.800000 8.269588e-01 1.150607e+00 1.117902e+00 1.264891e-01 -3.878400e-04 -2.988577e-04 -2.586002e-04 -2.989763e-04
 7720.000000 8.278878e-01 1.151732e+00 1.099837e+00 1.268326e-01 -3.867960e-04 -3.061230e-04 -2.676638e-04 -3.007018e-04
 7720.200000 8.296475e-01 1.154361e+00 1.081953e+00 1.276594e-01 -3.806584e-04 -3.082747e-04 -2.789325e-04 -3.051587e-04
 7720.400000 8.253057e-01 1.148153e+00 1.054451e+00 1.268369e-01 -3.793032e-04 -2.923113e-04 -2.825532e-04 -3.062063e-04
 7720.600000 8.260012e-01 1.149450e+00 1.034922e+00 1.282219e-01 -3.850141e-04 -2.832264e-04 -2.850759e-04 -3.019553e-04
 7720.800000 8.293400e-01 1.153594e+00 1.020727e+00 1.269345e-01 -3.808960e-04 -2.879643e-04 -2.628174e-04 -2.911196e-04
 7721.000000 8.256386e-01 1.148596e+00 9.936191e-01 1.281088e-01 -3.867838e-04 -2.974047e-04 -2.671326e-04 -2.879568e-04
 7721.200000 8.234308e-01 1.145626e+00 9.705108e-01 1.301764e-01 -3.856106e-04 -2.913432e-04 -2.748757e-04 -2.884308e-04
 7721.400000 8.250808e-01 1.148247e+00 9.531883e-01 1.285432e-01 -3.833804e-04 -2.975890e-04 -2.733383e-04 -2.964601e-04
 7721.600000 8.269582e-01 1.150661e+00 9.363397e-01 1.293708e-01 -3.799612e-04 -2.989785e-04 -2.766717e-04 -3.058456e-04
 7721.800000 8.248999e-01 1.148031e+00 9.143298e-01 1.274221e-01 -3.712321e-04 -2.951727e-04 -2.710415e-04 -3.005215e-04
 7722.000000 8.283272e-01 1.152781e+00 8.993647e-01 1.309497e-01 -3.710536e-04 -3.013014e-04 -2.675184e-04 -2.939825e-04
 7722.200000 8.251886e-01 1.148683e+00 8.785981e-01 1.303240e-01 -3.772062e-04 -2.941826e-04 -2.640583e-04 -2.896760e-04
 7722.400000 8.260457e-01 1.149618e+00 8.624016e-01 1.311061e-01 -3.872772e-04 -2.970486e-04 -2.634702e-04 -2.917631e-04
 7722.600000 8.260376e-01 1.149445e+00 8.466334e-01 1.287008e-01 -3.879924e-04 -2.991071e-04 -2.606307e-04 -2.970125e-04
 7722.800000 8.211585e-01 1.142927e+00 8.246813e-01 1.312122e-01 -3.991201e-04 -2.979859e-04 -2.542150e-04 -2.985595e-04
 7723.000000 8.272383e-01 1.151359e+00 8.169552e-01 1.316783e-01 -3.824309e-04 -2.980982e-04 -2.620668e-04 -2.953351e-04
 7723.200000 8.254137e-01 1.148996e+00 8.011332e-01 1.318957e-01 -3.867811e-04 -2.905833e-04 -2.721194e-04 -2.860646e-04
 7723.400000 8.245551e-01 1.148205e+00 7.894937e-01 1.332216e-01 -3.906107e-04 -2.993955e-04 -2.928635e-04 -2.960170e-04
 7723.600000 8.286021e-01 1.154167e+00 7.821494e-01 1.314860e-01 -3.901334e-04 -3.082023e-04 -2.856598e-04 -2.904636e-04
 7723.800000 8.287695e-01 1.154099e+00 7.728446e-01 1.347863e-01 -3.836473e-04 -3.080598e-04 -2.685247e-04 -2.845195e-04
 7724.000000 8.244729e-01 1.147465e+00 7.601281e-01 1.323024e-01 -3.788004e-04 -3.030269e-04 -2.595888e-04 -2.847771e-04
 7724.200000 8.275048e-01 1.151747e+00 7.552210e-01 1.336283e-01 -3.840024e-04 -2.992439e-04 -2.480216e-04 -2.801399e-04
 7724.400000 8.284140e-01 1.153517e+00 7.520373e-01 1.343061e-01 -3.772650e-04 -3.038050e-04 -2.618684e-04 -2.800988e-04
 7724.600000 8.259243e-01 1.150382e+00 7.449003e-01 1.337601e-01 -3.775351e-04 -2.951924e-04 -2.746926e-04 -2.788790e-04
 7724.800000 8.249930e-01 1.148843e+00 7.395219e-01 1.353431e-01 -3.757613e-04 -2.878067e-04 -2.770352e-04 -2.804992e-04
 7725.000000 8.283033e-01 1.153767e+00 7.406547e-01 1.324135e-01 -3.742591e-04 -2.889427e-04 -2.726827e-04 -2.826079e-04
 7725.200000 8.245614e-01 1.148567e+00 7.345987e-01 1.355344e-01 -3.724377e-04 -2.857888e-04 -2.750036e-04 -2.794310e-04
 7725.400000 8.271954e-01 1.152539e+00 7.352858e-01 1.350119e-01 -3.808889e-04 -2.882499e-04 -2.848069e-04 -2.764630e-04
 7725.600000 8.241015e-01 1.147874e+00 7.299496e-01 1.347392e-01 -3.843692e-04 -2.920788e-04 -2.636215e-04 -2.727616e-04
 7725.800000 8.209823e-01 1.143275e+00 7.264162e-01 1.362991e-01 -3.834763e-04 -3.056991e-04 -2.634594e-04 -2.800987e-04
 7726.000000 8.270970e-01 1.152272e+00 7.312444e-01 1.352534e-01 -3.738046e-04 -3.063602e-04 -2.686912e-04 -2.705012e-04
 7726.200000 8.257369e-01 1.150490e+00 7.308322e-01 1.343398e-01 -3.790022e-04 -3.024781e-04 -2.772590e-04 -2.806662e-04
 7726.400000 8.242184e-01 1.148667e+00 7.296080e-01 1.372404e-01 -3.831418e-04 -3.054858e-04 -3.004522e-04 -2.845536e-04
 7726.600000 8.204902e-01 1.143798e+00 7.272354e-01 1.360296e-01 -3.840917e-04 -3.031312e-04 -2.657515e-04 -2.732553e-04
 7726.800000 8.304273e-01 1.157806e+00 7.385673e-01 1.369776e-01 -3.930634e-04 -3.011841e-04 -2.682921e-04 -2.807162e-04
 7727.000000 8.267949e-01 1.152560e+00 7.355923e-01 1.386653e-01 -3.949709e-04 -3.042802e-04 -2.682662e-04 -2.762215e-04
 7727.200000 8.255293e-01 1.150473e+00 7.353079e-01 1.340027e-01 -4.020044e-04 -3.034102e-04 -2.959807e-04 -2.790384e-04
 7727.400000 8.251761e-01 1.150445e+00 7.354768e-01 1.386367e-01 -3.990445e-04 -2.958650e-04 -2.732314e-04 -2.759525e-04
 7727.600000 8.273482e-01 1.154011e+00 7.398030e-01 1.368011e-01 -3.926179e-04 -2.938352e-04 -2.701264e-04 -2.738944e-04
 7727.800000 8.262913e-01 1.152594e+00 7.401046e-01 1.362376e-01 -3.815873e-04 -2.835468e-04 -2.767866e-04 -2.772003e-04
 7728.000000 8.276140e-01 1.154721e+00 7.426819e-01 1.357257e-01 -3.797274e-04 -2.799562e-04 -2.863331e-04 -2.865049e-04
 7728.200000 8.243113e-01 1.150022e+00 7.402981e-01 1.387854e-01 -3.861202e-04 -2.813311e-04 -2.756875e-04 -2.754883e-04
 7728.400000 8.251566e-01 1.151765e+00 7.420907e-01 1.391645e-01 -3.859155e-04 -2.901232e-04 -2.762652e-04 -2.803297e-04
 7728.600000 8.248107e-01 1.151411e+00 7.431215e-01 1.352957e-01 -3.912120e-04 -2.942281e-04 -3.058511e-04 -2.880343e-04
 7728.800000 8.246454e-01 1.151090e+00 7.422769e-01 1.358834e-01 -3.960623e-04 -2.925893e-04 -2.855670e-04 -2.750377e-04
 7729.000000 8.287268e-01 1.157035e+00 7.459671e-01 1.358688e-01 -3.908797e-04 -2.982120e-04 -2.683076e-04 -2.682622e-04
 7729.200000 8.271496e-01 1.155207e+00 7.449968e-01 1.374923e-01 -3.937665e-04 -3.021781e-04 -2.725472e-04 -2.616288e-04
 7729.400000 8.231636e-01 1.149511e+00 7.380101e-01 1.373725e-01 -4.000944e-04 -3.009860e-04 -2.836685e-04 -2.593147e-04
 7729.600000 8.194217e-01 1.144366e+00 7.341216e-01 1.360387e-01 -3.926114e-04 -2.958094e-04 -2.609348e-04 -2.591392e-04
 7729.800000 8.301954e-01 1.159379e+00 7.423600e-01 1.370623e-01 -4.017912e-04 -3.031745e-04 -2.941441e-04 -2.719317e-04
 7730.000000 8.282211e-01 1.156721e+00 7.388801e-01 1.380415e-01 -4.026810e-04 -3.006891e-04 -2.953009e-04 -2.791898e-04
 7730.200000 8.247783e-01 1.152037e+00 7.333174e-01 1.366841e-01 -4.027385e-04 -2.952744e-04 -2.792357e-04 -2.744060e-04
 7730.400000 8.247838e-01 1.152163e+00 7.285202e-01 1.372391e-01 -4.004541e-04 -2.982468e-04 -2.834228e-04 -2.725765e-04
 7730.600000 8.177562e-01 1.143021e+00 7.192775e-01 1.356432e-01 -3.819807e-04 -2.917900e-04 -2.847999e-04 -2.759922e-04
 7730.800000 8.311629e-01 1.162326e+00 7.276145e-01 1.374428e-01 -3.876698e-04 -2.930551e-04 -2.842003e-04 -2.790306e-04
 7731.000000 8.272157e-01 1.156794e+00 7.188201e-01 1.380089e-01 -3.856675e-04 -3.029415e-04 -2.852086e-04 -2.808370e-04
 7731.200000 8.276998e-01 1.156906e+00 7.144128e-01 1.374636e-01 -3.924122e-04 -3.091888e-04 -2.882604e-04 -2.799489e-04
 7731.400000 8.229677e-01 1.150437e+00 7.062053e-01 1.333024e-01 -4.035529e-04 -3.115600e-04 -2.877243e-04 -2.768291e-04
 7731.600000 8.128895e-01 1.136658e+00 6.909429e-01 1.373163e-01 -3.898440e-04 -3.067878e-04 -2.782816e-04 -2.785268e-04
 7731.800000 8.272270e-01 1.157061e+00 7.020105e-01 1.375295e-01 -3.955984e-04 -3.112475e-04 -2.867101e-04 -2.812713e-04
 7732.000000 8.243762e-01 1.153418e+00 6.943341e-01 1.383506e-01 -3.888358e-04 -2.976866e-04 -2.611280e-04 -2.790272e-04
 7732.200000 8.263898e-01 1.156180e+00 6.936874e-01 1.364318e-01 -3.877940e-04 -2.915394e-04 -2.774581e-04 -2.764801e-04
 7732.400000 8.268049e-01 1.156859e+00 6.899521e-01 1.381851e-01 -3.985620e-04 -2.884040e-04 -2.802363e-04 -2.734486e-04
 7732.600000 8.160485e-01 1.141639e+00 6.770768e-01 1.367787e-01 -3.963379e-04 -2.945345e-04 -2.854908e-04 -2.760263e-04
 7732.800000 8.317047e-01 1.164259e+00 6.903384e-01 1.398325e-01 -3.916355e-04 -3.007001e-04 -2.894115e-04 -2.808034e-04
 7733.000000 8.225891e-01 1.151099e+00 6.802713e-01 1.376413e-01 -3.936078e-04 -3.038784e-04 -2.743946e-04 -2.657330e-04
 7733.200000 8.295000e-01 1.160568e+00 6.847255e-01 1.383408e-01 -4.013647e-04 -3.055737e-04 -2.598210e-04 -2.538370e-04
 7733.400000 8.244023e-01 1.153882e+00 6.798591e-01 1.351735e-01 -4.019644e-04 -2.906662e-04 -2.801768e-04 -2.755369e-04
 7733.600000 8.231374e-01 1.152013e+00 6.808857e-01 1.411939e-01 -4.017083e-04 -2.851549e-04 -2.671206e-04 -2.851011e-04
 7733.800000 8.237567e-01 1.153236e+00 6.820854e-01 1.370170e-01 -3.904156e-04 -2.896117e-04 -2.662196e-04 -2.823005e-04
 7734.000000 8.247964e-01 1.154726e+00 6.850372e-01 1.383830e-01 -3.758123e-04 -2.883428e-04 -2.677857e-04 -2.880517e-04
 7734.200000 8.259737e-01 1.156913e+00 6.882934e-01 1.383561e-01 -3.729477e-04 -2.884176e-04 -2.654912e-04 -2.762588e-04
 7734.400000 8.235970e-01 1.153562e+00 6.887334e-01 1.379597e-01 -3.826616e-04 -2.895896e-04 -2.751445e-04 -2.779781e-04
 7734.600000 8.226978e-01 1.152665e+00 6.912775e-01 1.399678e-01 -3.764820e-04 -2.851041e-04 -2.869609e-04 -2.783692e-04
 7734.800000 8.263058e-01 1.158073e+00 6.979548e-01 1.400033e-01 -3.799633e-04 -2.914038e-04 -2.789679e-04 -2.783571e-04
 7735.000000 8.188219e-01 1.147488e+00 6.941005e-01 1.379378e-01 -3.754776e-04 -2.913375e-04 -2.703474e-04 -2.737561e-04
 7735.200000 8.265562e-01 1.158976e+00 7.038705e-01 1.387359e-01 -3.790362e-04 -2.945150e-04 -2.648288e-04 -2.655019e-04
 7735.400000 8.260712e-01 1.157759e+00 7.074292e-01 1.404077e-01 -3.813007e-04 -2.974022e-04 -2.668727e-04 -2.607158e-04
 7735.600000 8.251040e-01 1.156569e+00 7.092716e-01 1.384216e-01 -3.796720e-04 -2.978237e-04 -2.804337e-04 -2.772283e-04
 7735.800000 8.241720e-01 1.155743e+00 7.107795e-01 1.373060e-01 -3.837937e-04 -2.866652e-04 -2.635719e-04 -2.791985e-04
 7736.000000 8.254011e-01 1.157587e+00 7.156212e-01 1.377563e-01 -3.869250e-04 -2.808284e-04 -2.656797e-04 -2.787628e-04
 7736.200000 8.247042e-01 1.156705e+00 7.192275e-01 1.360347e-01 -3.811105e-04 -2.778736e-04 -2.607346e-04 -2.521007e-04
 7736.400000 8.230263e-01 1.154280e+00 7.182550e-01 1.368519e-01 -3.766355e-04 -2.861198e-04 -2.705805e-04 -2.583426e-04
 7736.600000 8.190249e-01 1.148801e+00 7.180114e-01 1.343129e-01 -3.731152e-04 -2.777054e-04 -2.547878e-04 -2.506601e-04
 7736.800000 8.246531e-01 1.156766e+00 7.245342e-01 1.356502e-01 -3.776468e-04 -2.789446e-04 -2.471684e-04 -2.530839e-04
 7737.000000 8.207283e-01 1.151549e+00 7.229255e-01 1.398916e-01 -3.822887e-04 -2.788891e-04 -2.703929e-04 -2.606216e-04
 7737.200000 8.201552e-01 1.151248e+00 7.256873e-01 1.387671e-01 -3.856072e-04 -2.832646e-04 -2.665193e-04 -2.714374e-04
 7737.400000 8.286197e-01 1.163425e+00 7.350761e-01 1.389788e-01 -3.913628e-04 -2.878507e-04 -2.681572e-04 -2.716872e-04
 7737.600000 8.161765e-01 1.146719e+00 7.247655e-01 1.391568e-01 -3.871945e-04 -2.810275e-04 -2.821762e-04 -2.582701e-04
 7737.800000 8.254481e-01 1.159795e+00 7.337329e-01 1.366325e-01 -3.937185e-04 -2.823445e-04 -2.657741e-04 -2.707643e-04
 7738.000000 8.239808e-01 1.158288e+00 7.346053e-01 1.357421e-01 -3.932486e-04 -2.947709e-04 -2.283642e-04 -2.497737e-04
 7738.200000 8.254641e-01 1.160417e+00 7.382408e-01 1.388312e-01 -3.951949e-04 -2.928954e-04 -2.473120e-04 -2.637301e-04
 7738.400000 8.243666e-01 1.158643e+00 7.369860e-01 1.370286e-01 -4.027441e-04 -2.814830e-04 -2.516369e-04 -2.594033e-04
 7738.600000 8.262716e-01 1.161220e+00 7.402059e-01 1.363748e-01 -3.941150e-04 -2.949396e-04 -2.490686e-04 -2.644712e-04
 7738.800000 8.172273e-01 1.148755e+00 7.332486e-01 1.349337e-01 -3.806434e-04 -2.949954e-04 -2.498217e-04 -2.494024e-04
 7739.000000 8.206298e-01 1.153753e+00 7.377739e-01 1.349489e-01 -3.870898e-04 -2.929143e-04 -2.559415e-04 -2.575097e-04
 7739.200000 8.283635e-01 1.165254e+00 7.488065e-01 1.360967e-01 -3.878344e-04 -2.965891e-04 -2.665271e-04 -2.484996e-04
 7739.400000 8.161917e-01 1.148430e+00 7.370331e-01 1.376215e-01 -3.824003e-04 -2.923650e-04 -2.711849e-04 -2.643245e-04
 7739.600000 8.300027e-01 1.168278e+00 7.548963e-01 1.352317e-01 -3.822227e-04 -2.917899e-04 -2.525261e-04 -2.510470e-04
 7739.800000 8.161893e-01 1.148410e+00 7.423349e-01 1.334029e-01 -3.773533e-04 -2.917277e-04 -2.578173e-04 -2.551958e-04
 7740.000000 8.208652e-01 1.155913e+00 7.504001e-01 1.377671e-01 -3.817394e-04 -2.910145e-04 -2.633097e-04 -2.669674e-04
 7740.200000 8.195558e-01 1.153712e+00 7.479352e-01 1.324065e-01 -3.740337e-04 -2.955254e-04 -2.670216e-04 -2.510907e-04
 7740.400000 8.207893e-01 1.155906e+00 7.537185e-01 1.318575e-01 -3.641788e-04 -2.999316e-04 -2.808610e-04 -2.721036e-04
 7740.600000 8.105751e-01 1.141696e+00 7.454899e-01 1.347752e-01 -3.704234e-04 -2.925694e-04 -2.657688e-04 -2.755893e-04
 7740.800000 8.230566e-01 1.159715e+00 7.570486e-01 1.363847e-01 -3.811520e-04 -2.986329e-04 -2.550548e-04 -2.586151e-04
 7741.000000 8.268171e-01 1.165619e+00 7.653297e-01 1.356264e-01 -3.847209e-04 -3.006824e-04 -2.573654e-04 -2.549229e-04
 7741.200000 8.135538e-01 1.146345e+00 7.531365e-01 1.324127e-01 -3.940473e-04 -2.913546e-04 -2.530006e-04 -2.614735e-04
 7741.400000 8.210719e-01 1.157432e+00 7.625635e-01 1.352373e-01 -3.980321e-04 -2.960791e-04 -2.701782e-04 -2.699926e-04
 7741.600000 8.146301e-01 1.147942e+00 7.568846e-01 1.321247e-01 -3.894819e-04 -2.997093e-04 -2.828509e-04 -2.673571e-04
 7741.800000 8.098059e-01 1.142149e+00 7.549784e-01 1.312377e-01 -3.870375e-04 -2.940496e-04 -2.643427e-04 -2.601361e-04
 7742.000000 8.015234e-01 1.130297e+00 7.483985e-01 1.313681e-01 -3.942536e-04 -2.916602e-04 -2.543811e-04 -2.521418e-04
 7742.700000 7.957867e-01 1.122677e+00 7.465718e-01 1.298002e-01 -3.870971e-04 -2.956486e-04 -2.695200e-04 -2.559111e-04
 7743.400000 8.161615e-01 1.152667e+00 7.681443e-01 1.330959e-01 -3.887574e-04 -3.000514e-04 -2.583548e-04 -2.568414e-04
 7744.100000 8.257952e-01 1.166761e+00 7.786790e-01 1.347885e-01 -3.852135e-04 -2.970056e-04 -2.563010e-04 -2.621286e-04
 7744.800000 8.249590e-01 1.166228e+00 7.799098e-01 1.338767e-01 -3.785030e-04 -2.967562e-04 -2.457624e-04 -2.605993e-04
 7745.500000 8.248630e-01 1.166403e+00 7.799114e-01 1.346464e-01 -3.801809e-04 -2.997591e-04 -2.549360e-04 -2.589983e-04
 7746.200000 8.233767e-01 1.164776e+00 7.764088e-01 1.334933e-01 -3.833250e-04 -3.018082e-04 -2.726138e-04 -2.687999e-04
 7746.900000 8.245014e-01 1.167373e+00 7.757739e-01 1.339403e-01 -3.862414e-04 -2.962991e-04 -2.692099e-04 -2.646157e-04
 7747.600000 8.235386e-01 1.166648e+00 7.704626e-01 1.344396e-01 -3.880525e-04 -2.886615e-04 -2.686739e-04 -2.598937e-04
 7748.300000 8.232586e-01 1.166588e+00 7.622708e-01 1.331030e-01 -3.925355e-04 -2.897578e-04 -2.673126e-04 -2.646151e-04
 7749.993695 8.232940e-01 1.168059e+00 7.411291e-01 1.335318e-01 -3.891328e-04 -2.985587e-04 -2.745264e-04 -2.609758e-04
 7750.999583 8.223476e-01 1.167681e+00 7.253331e-01 1.328137e-01 -3.867852e-04 -2.937677e-04 -2.614755e-04 -2.460102e-04
 7752.017662 8.221692e-01 1.168036e+00 7.081040e-01 1.332496e-01 -3.956947e-04 -2.891873e-04 -2.637023e-04 -2.539031e-04
 7753.047933 8.220268e-01 1.169039e+00 6.909051e-01 1.320702e-01 -3.893087e-04 -2.857993e-04 -2.641711e-04 -2.636028e-04
 7754.090396 8.208570e-01 1.167504e+00 6.729372e-01 1.328870e-01 -4.004454e-04 -2.933685e-04 -2.544645e-04 -2.572665e-04
 7755.145051 8.202125e-01 1.167778e+00 6.575967e-01 1.328577e-01 -3.972362e-04 -2.820030e-04 -2.601601e-04 -2.630978e-04
 7756.211898 8.219621e-01 1.171848e+00 6.492235e-01 1.324397e-01 -3.886858e-04 -2.886694e-04 -2.570743e-04 -2.689906e-04
 7757.290937 8.185468e-01 1.166583e+00 6.408123e-01 1.314723e-01 -3.777282e-04 -2.942991e-04 -2.510121e-04 -2.605801e-04
 7758.382167 8.189488e-01 1.167993e+00 6.412687e-01 1.324370e-01 -3.855102e-04 -2.952370e-04 -2.574020e-04 -2.544402e-04
 7759.485590 8.208880e-01 1.173149e+00 6.494107e-01 1.328530e-01 -3.926243e-04 -2.953425e-04 -2.606646e-04 -2.583646e-04
 7760.601204 8.189232e-01 1.169958e+00 6.577646e-01 1.320392e-01 -4.003941e-04 -2.932733e-04 -2.537652e-04 -2.439400e-04
 7761.729011 8.207276e-01 1.174196e+00 6.753538e-01 1.323753e-01 -3.893082e-04 -2.864160e-04 -2.611317e-04 -2.504164e-04
 7762.869009 8.195210e-01 1.173199e+00 6.938478e-01 1.337473e-01 -3.905101e-04 -2.874990e-04 -2.715227e-04 -2.564494e-04
 7764.021199 8.202790e-01 1.174866e+00 7.151231e-01 1.345858e-01 -3.873149e-04 -2.954347e-04 -2.559277e-04 -2.494354e-04
 7765.185582 8.188416e-01 1.173534e+00 7.345018e-01 1.343230e-01 -3.922706e-04 -2.952312e-04 -2.643120e-04 -2.548748e-04
 7766.362156 8.201287e-01 1.175958e+00 7.558321e-01 1.350526e-01 -3.986168e-04 -2.961874e-04 -2.655751e-04 -2.593730e-04
 7767.550922 8.193190e-01 1.175951e+00 7.745761e-01 1.349038e-01 -4.127941e-04 -2.912844e-04 -2.654966e-04 -2.590231e-04
 7768.751879 8.192544e-01 1.177275e+00 7.918658e-01 1.352546e-01 -4.064413e-04 -2.922608e-04 -2.614908e-04 -2.599013e-04
 7769.965029 8.182958e-01 1.176638e+00 8.022399e-01 1.350713e-01 -4.018565e-04 -2.965551e-04 -2.582925e-04 -2.576680e-04
 7771.190371 8.182583e-01 1.177174e+00 8.108690e-01 1.352198e-01 -3.937185e-04 -2.950954e-04 -2.727611e-04 -2.597428e-04
 7772.427904 8.197370e-01 1.180585e+00 8.187132e-01 1.357482e-01 -3.866730e-04 -2.954826e-04 -2.758640e-04 -2.579963e-04
 7773.677630 8.175488e-01 1.178491e+00 8.202144e-01 1.350108e-01 -3.783430e-04 -3.033105e-04 -2.624284e-04 -2.449640e-04
 7774.939547 8.190967e-01 1.181858e+00 8.262262e-01 1.356875e-01 -3.739553e-04 -3.030002e-04 -2.752072e-04 -2.536515e-04
 7776.213657 8.164269e-01 1.178739e+00 8.280626e-01 1.355099e-01 -3.784417e-04 -2.952776e-04 -2.737574e-04 -2.423301e-04
 7777.499958 8.174077e-01 1.181372e+00 8.352190e-01 1.354320e-01 -3.970725e-04 -2.952192e-04 -2.851909e-04 -2.483867e-04
 7778.798451 8.170448e-01 1.182236e+00 8.387437e-01 1.349640e-01 -3.952620e-04 -3.046066e-04 -2.722744e-04 -2.424943e-04
 7780.109136 8.173334e-01 1.183513e+00 8.406255e-01 1.357957e-01 -3.977871e-04 -2.971328e-04 -2.568435e-04 -2.490146e-04
 7781.432013 8.145727e-01 1.180002e+00 8.340036e-01 1.360086e-01 -4.027069e-04 -2.871109e-04 -2.783763e-04 -2.484942e-04
 7782.767082 8.169472e-01 1.185088e+00 8.316278e-01 1.355132e-01 -3.919712e-04 -2.995390e-04 -2.666572e-04 -2.374035e-04
 7784.114342 8.151118e-01 1.183749e+00 8.234862e-01 1.353505e-01 -3.921199e-04 -2.916448e-04 -2.789423e-04 -2.437855e-04
 7785.473795 8.157395e-01 1.185348e+00 8.184050e-01 1.369592e-01 -4.034738e-04 -2.878756e-04 -2.790519e-04 -2.526003e-04
 7786.845440 8.141158e-01 1.184267e+00 8.108811e-01 1.362585e-01 -4.073553e-04 -2.832921e-04 -2.694913e-04 -2.415456e-04
 7788.229276 8.154420e-01 1.187720e+00 8.053301e-01 1.363719e-01 -4.010264e-04 -2.829078e-04 -2.700555e-04 -2.381429e-04
 7789.625305 8.139637e-01 1.186371e+00 7.951303e-01 1.359512e-01 -3.999591e-04 -2.881951e-04 -2.638353e-04 -2.356754e-04
 7791.033525 8.148361e-01 1.188324e+00 7.869164e-01 1.370213e-01 -3.932741e-04 -2.816937e-04 -2.704793e-04 -2.513221e-04
 7792.453937 8.128529e-01 1.186532e+00 7.755117e-01 1.365653e-01 -3.895918e-04 -2.901347e-04 -2.735012e-04 -2.498924e-04
 7793.886541 8.144448e-01 1.190467e+00 7.696804e-01 1.371410e-01 -3.876831e-04 -2.766105e-04 -2.632317e-04 -2.541682e-04
 7795.331337 8.135252e-01 1.189796e+00 7.603459e-01 1.369483e-01 -3.939117e-04 -2.764696e-04 -2.783421e-04 -2.496717e-04
 7796.788325 8.134389e-01 1.190698e+00 7.503345e-01 1.367784e-01 -3.942467e-04 -2.904425e-04 -2.767412e-04 -2.455584e-04
 7798.257505 8.127286e-01 1.191234e+00 7.374707e-01 1.372095e-01 -4.002621e-04 -2.937279e-04 -2.777365e-04 -2.512902e-04
 7799.738877 8.127084e-01 1.192428e+00 7.226199e-01 1.366204e-01 -4.029406e-04 -3.013288e-04 -2.664928e-04 -2.533734e-04
 7801.232440 8.112603e-01 1.191503e+00 7.060319e-01 1.366723e-01 -3.939628e-04 -3.043671e-04 -2.632902e-04 -2.429928e-04
 7802.738196 8.114265e-01 1.192297e+00 6.931521e-01 1.369424e-01 -3.979678e-04 -3.027473e-04 -2.622876e-04 -2.482072e-04
 7804.256143 8.102538e-01 1.191849e+00 6.814503e-01 1.371487e-01 -4.013466e-04 -2.948481e-04 -2.630983e-04 -2.567137e-04
 7805.786283 8.094392e-01 1.191802e+00 6.735535e-01 1.365169e-01 -4.000991e-04 -2.967428e-04 -2.669924e-04 -2.457839e-04
 7807.328614 8.128478e-01 1.199168e+00 6.770670e-01 1.361245e-01 -4.017333e-04 -2.951395e-04 -2.640563e-04 -2.447203e-04
 7808.883137 8.114352e-01 1.198828e+00 6.815614e-01 1.362280e-01 -4.063585e-04 -2.933752e-04 -2.764843e-04 -2.515184e-04
 7810.449852 8.114588e-01 1.199730e+00 6.919064e-01 1.368603e-01 -4.099622e-04 -3.024218e-04 -2.664545e-04 -2.453667e-04
 7812.028759 8.095254e-01 1.197641e+00 7.007396e-01 1.364470e-01 -4.043362e-04 -2.974868e-04 -2.686358e-04 -2.474882e-04
 7813.619858 8.120576e-01 1.203079e+00 7.175100e-01 1.375914e-01 -3.972908e-04 -2.962773e-04 -2.619023e-04 -2.563922e-04
 7815.223149 8.097116e-01 1.200978e+00 7.307741e-01 1.373476e-01 -3.986803e-04 -2.979928e-04 -2.652881e-04 -2.585407e-04
 7816.838632 8.109440e-01 1.204398e+00 7.499131e-01 1.379211e-01 -3.925433e-04 -2.962377e-04 -2.599703e-04 -2.537469e-04
 7818.466307 8.095055e-01 1.203910e+00 7.662183e-01 1.369438e-01 -3.844345e-04 -2.944624e-04 -2.540175e-04 -2.588328e-04
 7820.106173 8.102240e-01 1.205530e+00 7.816274e-01 1.374892e-01 -3.931996e-04 -2.942550e-04 -2.771696e-04 -2.622516e-04
 7821.758232 8.082676e-01 1.203847e+00 7.970444e-01 1.352591e-01 -3.931428e-04 -2.968020e-04 -2.767409e-04 -2.597265e-04
 7823.422482 8.096834e-01 1.207890e+00 8.166910e-01 1.368180e-01 -3.810190e-04 -2.936593e-04 -2.671105e-04 -2.532235e-04
 7825.098924 8.083969e-01 1.207459e+00 8.344578e-01 1.368331e-01 -3.830748e-04 -2.789227e-04 -2.509635e-04 -2.568471e-04
 7826.787558 8.097786e-01 1.211003e+00 8.575915e-01 1.370948e-01 -3.852388e-04 -2.875703e-04 -2.516605e-04 -2.501853e-04
 7828.488385 8.033052e-01 1.202942e+00 8.725792e-01 1.372585e-01 -3.898698e-04 -3.007000e-04 -2.585781e-04 -2.614332e-04
 7830.201403 8.030824e-01 1.203472e+00 8.908653e-01 1.370680e-01 -3.911909e-04 -3.001804e-04 -2.418403e-04 -2.635952e-04
 7831.926613 8.057785e-01 1.209077e+00 9.068737e-01 1.370214e-01 -3.905976e-04 -2.949577e-04 -2.490208e-04 -2.572019e-04
 7833.664014 8.067729e-01 1.212125e+00 9.157139e-01 1.373984e-01 -3.826266e-04 -2.911251e-04 -2.484348e-04 -2.518079e-04
 7835.413608 8.064886e-01 1.213087e+00 9.159828e-01 1.370669e-01 -3.880521e-04 -2.947718e-04 -2.413929e-04 -2.535259e-04
 7837.175394 8.070143e-01 1.215077e+00 9.135272e-01 1.367813e-01 -3.808880e-04 -2.965730e-04 -2.418079e-04 -2.583946e-04
 7838.949371 8.054108e-01 1.214135e+00 9.045587e-01 1.377087e-01 -3.866792e-04 -2.932037e-04 -2.651814e-04 -2.862826e-04
 7840.735541 8.064446e-01 1.217236e+00 8.972148e-01 1.373643e-01 -3.910724e-04 -2.899120e-04 -2.526609e-04 -3.081685e-04
 7842.533902 8.045023e-01 1.215959e+00 8.853929e-01 1.361933e-01 -3.940556e-04 -2.932416e-04 -2.471749e-04 -3.044965e-04
 7844.344455 8.055023e-01 1.218954e+00 8.769304e-01 1.372796e-01 -3.863232e-04 -2.878200e-04 -2.413536e-04 -2.724923e-04
 7846.167201 8.039968e-01 1.218182e+00 8.662721e-01 1.374170e-01 -3.927634e-04 -2.928682e-04 -2.402795e-04 -2.645299e-04
 7848.002138 8.059215e-01 1.222572e+00 8.641413e-01 1.375610e-01 -3.931249e-04 -2.971846e-04 -2.578798e-04 -2.666361e-04
 7849.849267 8.042605e-01 1.221648e+00 8.604840e-01 1.367558e-01 -3.891083e-04 -2.950262e-04 -2.713201e-04 -2.652556e-04
 7851.708588 8.046442e-01 1.223602e+00 8.632389e-01 1.380555e-01 -3.966907e-04 -2.937916e-04 -2.665777e-04 -2.614442e-04
 7853.580100 8.000922e-01 1.218004e+00 8.614730e-01 1.367750e-01 -3.996564e-04 -2.825913e-04 -2.658973e-04 -2.541224e-04
 7855.463805 7.986592e-01 1.217647e+00 8.623683e-01 1.361863e-01 -3.868352e-04 -2.718495e-04 -2.659886e-04 -2.561146e-04
 7857.359702 8.025900e-01 1.225419e+00 8.632739e-01 1.381212e-01 -3.842167e-04 -2.724459e-04 -2.739084e-04 -2.621111e-04
 7859.267790 8.032391e-01 1.227888e+00 8.521580e-01 1.393001e-01 -3.843519e-04 -2.792645e-04 -2.807285e-04 -2.599962e-04
 7861.188071 8.005876e-01 1.224563e+00 8.306925e-01 1.385269e-01 -3.757136e-04 -2.725779e-04 -2.809560e-04 -2.701946e-04
 7863.120543 8.023480e-01 1.229306e+00 8.109868e-01 1.390886e-01 -3.751661e-04 -2.824598e-04 -2.933723e-04 -2.789949e-04
 7865.065207 8.002942e-01 1.227635e+00 7.878680e-01 1.372690e-01 -3.785085e-04 -2.861146e-04 -2.813392e-04 -2.741671e-04
 7867.022064 8.014674e-01 1.231478e+00 7.719553e-01 1.389110e-01 -3.941728e-04 -2.875942e-04 -2.742957e-04 -2.703969e-04
 7868.991112 8.010644e-01 1.232234e+00 7.586561e-01 1.387593e-01 -3.930878e-04 -2.844890e-04 -2.671714e-04 -2.643926e-04
 7870.972352 8.013947e-01 1.234328e+00 7.514103e-01 1.379528e-01 -3.887821e-04 -2.811870e-04 -2.581913e-04 -2.784999e-04
 7872.965784 7.990605e-01 1.232122e+00 7.431628e-01 1.385724e-01 -3.930038e-04 -2.882953e-04 -2.610351e-04 -2.713401e-04
 7874.971407 8.012567e-01 1.237442e+00 7.436326e-01 1.395939e-01 -3.841787e-04 -2.826520e-04 -2.742669e-04 -2.644202e-04
 7876.989223 7.985078e-01 1.234223e+00 7.428540e-01 1.386532e-01 -3.869434e-04 -2.790013e-04 -2.729740e-04 -2.778794e-04
 7879.019231 8.010259e-01 1.240448e+00 7.545896e-01 1.388775e-01 -3.974685e-04 -2.827153e-04 -2.626609e-04 -2.715766e-04
 7881.061430 7.985662e-01 1.238627e+00 7.664644e-01 1.403856e-01 -3.958173e-04 -2.783508e-04 -2.587913e-04 -2.641646e-04
 7883.115822 7.989625e-01 1.240629e+00 7.879822e-01 1.391905e-01 -3.931116e-04 -2.765641e-04 -2.541051e-04 -2.580878e-04
 7885.182405 7.985829e-01 1.242023e+00 8.138822e-01 1.388365e-01 -3.868011e-04 -2.821276e-04 -2.604343e-04 -2.543790e-04
 7887.261180 7.990299e-01 1.244262e+00 8.465886e-01 1.397832e-01 -3.878885e-04 -2.790995e-04 -2.554254e-04 -2.569165e-04
 7889.352148 7.947907e-01 1.238120e+00 8.783240e-01 1.392558e-01 -3.865763e-04 -2.801611e-04 -2.627016e-04 -2.659467e-04
 7891.455307 7.976880e-01 1.245283e+00 9.212220e-01 1.397018e-01 -3.884717e-04 -2.833000e-04 -2.570023e-04 -2.713056e-04
 7893.570658 7.901706e-01 1.235670e+00 9.494419e-01 1.380616e-01 -3.926554e-04 -2.900024e-04 -2.521307e-04 -2.725762e-04
 7895.698201 7.955242e-01 1.245557e+00 9.837865e-01 1.397582e-01 -3.957615e-04 -2.898937e-04 -2.420575e-04 -2.704936e-04
 7897.837935 7.947204e-01 1.245736e+00 1.000132e+00 1.390385e-01 -4.017489e-04 -2.866087e-04 -2.483085e-04 -2.690522e-04
 7899.989862 7.970871e-01 1.251517e+00 1.008922e+00 1.397454e-01 -4.034508e-04 -2.929915e-04 -2.614364e-04 -2.620159e-04
 7902.153981 7.945643e-01 1.249058e+00 9.997447e-01 1.390178e-01 -4.035963e-04 -2.972096e-04 -2.557667e-04 -2.666209e-04
 7904.330291 7.952499e-01 1.252029e+00 9.876242e-01 1.388015e-01 -3.966336e-04 -2.990752e-04 -2.522723e-04 -2.655299e-04
 7906.518794 7.937328e-01 1.251441e+00 9.706967e-01 1.400956e-01 -3.859335e-04 -2.952511e-04 -2.468854e-04 -2.718734e-04
 7908.719488 7.953968e-01 1.255846e+00 9.580886e-01 1.401793e-01 -3.787412e-04 -2.990561e-04 -2.508569e-04 -2.699829e-04
 7910.932374 7.933434e-01 1.254343e+00 9.430424e-01 1.406068e-01 -3.860369e-04 -2.944575e-04 -2.627561e-04 -2.743006e-04
 7913.157453 7.939586e-01 1.256929e+00 9.340911e-01 1.401449e-01 -3.908227e-04 -2.980368e-04 -2.685202e-04 -2.768262e-04
 7915.394723 7.919256e-01 1.255530e+00 9.256993e-01 1.395347e-01 -3.879323e-04 -3.025556e-04 -2.672617e-04 -2.701646e-04
 7917.644185 7.937018e-01 1.260589e+00 9.252623e-01 1.394570e-01 -3.791439e-04 -3.051941e-04 -2.585259e-04 -2.620567e-04
 7919.905838 7.916594e-01 1.259087e+00 9.232067e-01 1.398009e-01 -3.814587e-04 -2.990836e-04 -2.471314e-04 -2.607445e-04
 7922.179684 7.929473e-01 1.263084e+00 9.277431e-01 1.403592e-01 -3.857321e-04 -2.992868e-04 -2.453055e-04 -2.724535e-04
 7924.465722 7.914424e-01 1.262581e+00 9.297718e-01 1.396643e-01 -3.906969e-04 -2.973979e-04 -2.502210e-04 -2.597311e-04
 7926.763952 7.913935e-01 1.263941e+00 9.350235e-01 1.407500e-01 -3.856984e-04 -2.935252e-04 -2.569115e-04 -2.621287e-04
 7929.074373 7.905033e-01 1.264799e+00 9.414237e-01 1.404939e-01 -3.765207e-04 -2.923315e-04 -2.669451e-04 -2.639577e-04
 7931.396987 7.911013e-01 1.267836e+00 9.502227e-01 1.402583e-01 -3.869073e-04 -2.936441e-04 -2.709088e-04 -2.766879e-04
 7933.731792 7.892628e-01 1.266683e+00 9.573483e-01 1.402962e-01 -3.873965e-04 -2.921375e-04 -2.642640e-04 -2.775071e-04
 7936.078789 7.866664e-01 1.264548e+00 9.602945e-01 1.401063e-01 -3.909729e-04 -2.866997e-04 -2.584084e-04 -2.708467e-04
 7938.437978 7.761389e-01 1.249300e+00 9.471179e-01 1.377663e-01 -3.875928e-04 -2.878036e-04 -2.551235e-04 -2.762055e-04
 7940.809359 7.894399e-01 1.272664e+00 9.560119e-01 1.413987e-01 -3.856329e-04 -2.908641e-04 -2.516053e-04 -2.734251e-04
 7943.192932 7.902753e-01 1.275244e+00 9.446117e-01 1.403346e-01 -3.907403e-04 -2.915476e-04 -2.539729e-04 -2.668327e-04
 7945.588697 7.894504e-01 1.276526e+00 9.308384e-01 1.419773e-01 -3.879581e-04 -2.893422e-04 -2.696747e-04 -2.629400e-04
 7947.996654 7.898708e-01 1.278813e+00 9.202076e-01 1.413427e-01 -3.876477e-04 -2.968954e-04 -2.709673e-04 -2.695977e-04
 7950.416803 7.873002e-01 1.276014e+00 9.074137e-01 1.407651e-01 -3.903933e-04 -2.943589e-04 -2.732935e-04 -2.730437e-04
 7952.849143 7.874996e-01 1.277686e+00 8.999752e-01 1.415488e-01 -3.882817e-04 -3.017733e-04 -2.653084e-04 -2.605730e-04
 7955.293676 7.878262e-01 1.280505e+00 8.970836e-01 1.413434e-01 -3.751350e-04 -2.956874e-04 -2.706795e-04 -2.586191e-04
 7957.750400 7.882328e-01 1.283438e+00 8.977760e-01 1.415476e-01 -3.751705e-04 -3.016222e-04 -2.747019e-04 -2.664567e-04
 7960.219317 7.846926e-01 1.278633e+00 8.989121e-01 1.413128e-01 -3.743870e-04 -3.025171e-04 -2.684651e-04 -2.698714e-04
 7962.700425 7.857771e-01 1.282913e+00 9.121619e-01 1.411573e-01 -3.793159e-04 -2.921103e-04 -2.719741e-04 -2.639602e-04
 7965.193725 7.860113e-01 1.286697e+00 9.305061e-01 1.409912e-01 -3.819997e-04 -2.978569e-04 -2.745176e-04 -2.804061e-04
 7967.699217 7.867006e-01 1.290267e+00 9.526672e-01 1.420024e-01 -3.788191e-04 -3.042466e-04 -2.631751e-04 -2.711647e-04
 7970.216901 7.846297e-01 1.288731e+00 9.730423e-01 1.417404e-01 -3.758058e-04 -3.021266e-04 -2.704597e-04 -2.705509e-04
 7972.746777 7.844065e-01 1.290603e+00 9.952768e-01 1.423476e-01 -3.714371e-04 -2.954017e-04 -2.881117e-04 -2.877585e-04
 7975.288845 7.841431e-01 1.292346e+00 1.015413e+00 1.428820e-01 -3.699556e-04 -2.934761e-04 -2.647985e-04 -2.727718e-04
 7977.843105 7.840121e-01 1.294487e+00 1.031261e+00 1.412336e-01 -3.657432e-04 -2.932330e-04 -2.702318e-04 -2.725178e-04
 7980.409556 7.841373e-01 1.296441e+00 1.041171e+00 1.422824e-01 -3.672186e-04 -3.035676e-04 -2.673573e-04 -2.734827e-04
 7982.988200 7.795879e-01 1.290868e+00 1.043681e+00 1.410445e-01 -3.702192e-04 -3.076729e-04 -2.676432e-04 -2.765812e-04
 7985.579035 7.797907e-01 1.293916e+00 1.050875e+00 1.421372e-01 -3.736776e-04 -3.062740e-04 -2.596888e-04 -2.693004e-04
 7988.182062 7.807651e-01 1.297896e+00 1.058482e+00 1.427642e-01 -3.778179e-04 -3.054477e-04 -2.724745e-04 -2.668102e-04
 7990.797282 7.820181e-01 1.302629e+00 1.067021e+00 1.429069e-01 -3.842193e-04 -3.051183e-04 -2.644791e-04 -2.728233e-04
 7993.424693 7.801486e-01 1.300899e+00 1.069547e+00 1.428419e-01 -3.845989e-04 -3.065846e-04 -2.551900e-04 -2.677728e-04
 7996.064296 7.804087e-01 1.303571e+00 1.075654e+00 1.429614e-01 -3.827276e-04 -3.058015e-04 -2.557694e-04 -2.662515e-04
 7998.716091 7.799142e-01 1.305090e+00 1.079446e+00 1.428478e-01 -3.790210e-04 -3.071712e-04 -2.661615e-04 -2.727792e-04
 8001.380078 7.801719e-01 1.307329e+00 1.083547e+00 1.421737e-01 -3.852534e-04 -3.065722e-04 -2.721599e-04 -2.739690e-04
 8004.056256 7.781748e-01 1.306226e+00 1.081599e+00 1.428735e-01 -3.859323e-04 -3.040751e-04 -2.664478e-04 -2.754151e-04
 8006.744627 7.793629e-01 1.310645e+00 1.083156e+00 1.430148e-01 -3.811549e-04 -2.945425e-04 -2.612392e-04 -2.694442e-04
 8009.445190 7.785841e-01 1.311622e+00 1.080600e+00 1.434206e-01 -3.793468e-04 -2.955168e-04 -2.603290e-04 -2.628322e-04
 8012.157944 7.781730e-01 1.313268e+00 1.078028e+00 1.435689e-01 -3.764133e-04 -3.024635e-04 -2.542768e-04 -2.546971e-04
 8014.882891 7.773726e-01 1.314015e+00 1.074023e+00 1.438449e-01 -3.823772e-04 -3.096846e-04 -2.607297e-04 -2.570669e-04
 8017.620029 7.763715e-01 1.314462e+00 1.071996e+00 1.429972e-01 -3.777803e-04 -3.040241e-04 -2.850021e-04 -2.740175e-04
 8020.369359 7.776410e-01 1.318919e+00 1.074188e+00 1.439943e-01 -3.713169e-04 -2.951468e-04 -2.746391e-04 -2.663862e-04
 8023.130881 7.755295e-01 1.317753e+00 1.072300e+00 1.429749e-01 -3.721056e-04 -2.987045e-04 -2.633836e-04 -2.682211e-04
 8025.904595 7.752425e-01 1.319284e+00 1.072273e+00 1.434189e-01 -3.825354e-04 -3.029046e-04 -2.641392e-04 -2.820417e-04
 8028.690501 7.740995e-01 1.319595e+00 1.071316e+00 1.434415e-01 -3.782705e-04 -2.980361e-04 -2.679000e-04 -2.639605e-04
 8031.488599 7.751649e-01 1.324119e+00 1.071863e+00 1.442156e-01 -3.813206e-04 -3.014666e-04 -2.740142e-04 -2.676017e-04
 8034.298889 7.741877e-01 1.325058e+00 1.069217e+00 1.435808e-01 -3.787475e-04 -2.985914e-04 -2.610826e-04 -2.670284e-04
 8037.121371 7.729228e-01 1.324627e+00 1.065381e+00 1.439591e-01 -3.799479e-04 -2.927432e-04 -2.555667e-04 -2.700423e-04
 8039.956044 7.734723e-01 1.328170e+00 1.064857e+00 1.441856e-01 -3.679903e-04 -2.951444e-04 -2.469819e-04 -2.711514e-04
 8042.802910 7.721667e-01 1.327996e+00 1.063364e+00 1.446358e-01 -3.668560e-04 -2.910707e-04 -2.445213e-04 -2.784064e-04
 8045.661967 7.721336e-01 1.330544e+00 1.067419e+00 1.442516e-01 -3.810592e-04 -2.939436e-04 -2.360840e-04 -2.717387e-04
 8048.533217 7.701517e-01 1.329727e+00 1.071306e+00 1.438231e-01 -3.796014e-04 -2.994197e-04 -2.489099e-04 -2.805652e-04
 8051.416658 7.680794e-01 1.328535e+00 1.076805e+00 1.433852e-01 -3.901216e-04 -2.964230e-04 -2.684551e-04 -2.955774e-04
 8054.312291 7.491456e-01 1.297839e+00 1.062468e+00 1.407742e-01 -3.863334e-04 -2.940580e-04 -2.592344e-04 -2.904496e-04
 8057.220116 7.625097e-01 1.323075e+00 1.093208e+00 1.423127e-01 -3.880142e-04 -2.908488e-04 -2.484937e-04 -2.750811e-04
 8060.140133 7.722511e-01 1.342417e+00 1.119899e+00 1.438793e-01 -3.886434e-04 -2.927077e-04 -2.450465e-04 -2.755584e-04
 8063.072342 7.706068e-01 1.342338e+00 1.130086e+00 1.439615e-01 -3.818593e-04 -2.844277e-04 -2.522871e-04 -2.743867e-04
 8066.016743 7.699298e-01 1.343654e+00 1.138811e+00 1.445361e-01 -3.858837e-04 -2.882947e-04 -2.508508e-04 -2.703622e-04
 8068.973335 7.687708e-01 1.343702e+00 1.143264e+00 1.442414e-01 -3.845758e-04 -2.890517e-04 -2.627115e-04 -2.795057e-04
 8071.942120 7.678706e-01 1.344522e+00 1.146235e+00 1.445645e-01 -3.908713e-04 -2.906325e-04 -2.641649e-04 -2.822349e-04
 8074.923096 7.681786e-01 1.348084e+00 1.151617e+00 1.442965e-01 -3.852338e-04 -3.097719e-04 -2.559299e-04 -2.836664e-04
 8077.916265 7.667801e-01 1.348029e+00 1.156583e+00 1.446840e-01 -3.747626e-04 -3.117358e-04 -2.570314e-04 -2.799365e-04
 8080.921625 7.663393e-01 1.349552e+00 1.165867e+00 1.459482e-01 -3.765651e-04 -3.099850e-04 -2.510654e-04 -2.755927e-04
 8083.939177 7.639021e-01 1.347669e+00 1.175397e+00 1.443269e-01 -3.745190e-04 -3.086306e-04 -2.493981e-04 -2.784373e-04
 8086.968921 7.638086e-01 1.350321e+00 1.188075e+00 1.457029e-01 -3.705623e-04 -3.082729e-04 -2.527872e-04 -2.812202e-04
 8090.010858 7.535495e-01 1.334704e+00 1.182052e+00 1.415557e-01 -3.762678e-04 -2.967941e-04 -2.493419e-04 -2.883816e-04
 8093.064985 7.449096e-01 1.321539e+00 1.175010e+00 1.424769e-01 -3.845587e-04 -2.844294e-04 -2.501880e-04 -2.768853e-04
 8096.131305 7.654156e-01 1.360410e+00 1.212299e+00 1.458830e-01 -3.911973e-04 -2.746307e-04 -2.527043e-04 -2.836557e-04
 8099.209817 7.639470e-01 1.360514e+00 1.216346e+00 1.459809e-01 -3.889276e-04 -2.776491e-04 -2.511258e-04 -2.856134e-04
 8102.300521 7.632936e-01 1.361527e+00 1.220443e+00 1.463490e-01 -3.856772e-04 -2.854688e-04 -2.471477e-04 -2.885394e-04
 8105.403416 7.629428e-01 1.363566e+00 1.225549e+00 1.456724e-01 -3.903706e-04 -2.793079e-04 -2.508840e-04 -2.891945e-04
 8108.518504 7.623073e-01 1.364988e+00 1.228426e+00 1.447741e-01 -3.926904e-04 -2.854187e-04 -2.568365e-04 -2.814113e-04
 8111.645783 7.624933e-01 1.367825e+00 1.232237e+00 1.461572e-01 -3.912938e-04 -2.910425e-04 -2.544761e-04 -2.670602e-04
 8114.785255 7.607599e-01 1.367154e+00 1.231435e+00 1.452350e-01 -3.818063e-04 -2.819446e-04 -2.486738e-04 -2.784645e-04
 8117.936918 7.602845e-01 1.369236e+00 1.232913e+00 1.460899e-01 -3.766522e-04 -2.882263e-04 -2.534714e-04 -2.874698e-04
 8121.100773 7.605175e-01 1.372028e+00 1.235431e+00 1.457905e-01 -3.832995e-04 -2.933108e-04 -2.394694e-04 -2.751453e-04
 8124.276820 7.591110e-01 1.372045e+00 1.234068e+00 1.464394e-01 -3.777127e-04 -2.857311e-04 -2.515672e-04 -2.802663e-04
 8127.465059 7.589125e-01 1.374233e+00 1.235463e+00 1.464307e-01 -3.736117e-04 -2.842093e-04 -2.654899e-04 -2.811753e-04
 8130.665490 7.581109e-01 1.375450e+00 1.236358e+00 1.466883e-01 -3.802322e-04 -2.874504e-04 -2.478827e-04 -2.701225e-04
 8133.878112 7.577837e-01 1.377816e+00 1.238409e+00 1.464730e-01 -3.790091e-04 -2.843225e-04 -2.371540e-04 -2.722808e-04
 8137.102927 7.571416e-01 1.379213e+00 1.240653e+00 1.467240e-01 -3.806256e-04 -2.926672e-04 -2.330781e-04 -2.749039e-04
 8140.339934 7.563538e-01 1.380017e+00 1.241139e+00 1.466534e-01 -3.785061e-04 -2.944288e-04 -2.278621e-04 -2.672885e-04
 8143.589132 7.557213e-01 1.381638e+00 1.243259e+00 1.460895e-01 -3.809378e-04 -2.871111e-04 -2.351478e-04 -2.713071e-04
 8146.850523 7.557431e-01 1.384360e+00 1.247128e+00 1.470348e-01 -3.824315e-04 -2.754893e-04 -2.398507e-04 -2.759821e-04
 8150.124105 7.543708e-01 1.384624e+00 1.249331e+00 1.476330e-01 -3.771897e-04 -2.753447e-04 -2.480688e-04 -2.863389e-04
 8153.409879 7.541624e-01 1.386981e+00 1.255117e+00 1.467049e-01 -3.691549e-04 -2.774285e-04 -2.662962e-04 -2.837138e-04
 8156.707845 7.541754e-01 1.389749e+00 1.264466e+00 1.474827e-01 -3.660879e-04 -2.843409e-04 -2.643242e-04 -2.687014e-04
 8160.018003 7.528793e-01 1.389722e+00 1.271231e+00 1.464043e-01 -3.705469e-04 -2.847031e-04 -2.581336e-04 -2.787790e-04
 8163.340353 7.528798e-01 1.392597e+00 1.282329e+00 1.472796e-01 -3.795105e-04 -2.883348e-04 -2.417101e-04 -2.641893e-04
 8166.674895 7.524244e-01 1.394617e+00 1.291710e+00 1.467293e-01 -3.675594e-04 -2.881778e-04 -2.522742e-04 -2.486173e-04
 8170.021629 7.512399e-01 1.395165e+00 1.299792e+00 1.477910e-01 -3.654713e-04 -2.871328e-04 -2.455898e-04 -2.587896e-04
 8173.380554 7.509207e-01 1.397394e+00 1.308122e+00 1.473326e-01 -3.706497e-04 -2.863852e-04 -2.313201e-04 -2.719082e-04
 8176.751672 7.510515e-01 1.400041e+00 1.314881e+00 1.473564e-01 -3.698657e-04 -2.832608e-04 -2.329885e-04 -2.752939e-04
 8180.134982 7.486755e-01 1.398501e+00 1.317472e+00 1.473504e-01 -3.714247e-04 -2.882229e-04 -2.298157e-04 -2.633228e-04
 8183.530483 7.487745e-01 1.400944e+00 1.323237e+00 1.479839e-01 -3.643646e-04 -2.890506e-04 -2.321048e-04 -2.569137e-04
 8186.938176 7.479551e-01 1.402518e+00 1.328404e+00 1.473225e-01 -3.695834e-04 -2.968578e-04 -2.385727e-04 -2.633706e-04
 8190.358061 7.473568e-01 1.404450e+00 1.333558e+00 1.478074e-01 -3.700241e-04 -2.987710e-04 -2.490843e-04 -2.651149e-04
 8193.790139 7.468795e-01 1.405800e+00 1.340242e+00 1.482189e-01 -3.697398e-04 -2.945792e-04 -2.530902e-04 -2.694721e-04
 8197.234408 7.464138e-01 1.408060e+00 1.348120e+00 1.475607e-01 -3.681510e-04 -2.934661e-04 -2.447753e-04 -2.703856e-04
 8200.690868 7.455279e-01 1.409447e+00 1.356588e+00 1.483132e-01 -3.735856e-04 -2.963361e-04 -2.404343e-04 -2.693957e-04
 8204.159521 7.456952e-01 1.412684e+00 1.366389e+00 1.483710e-01 -3.722793e-04 -2.976599e-04 -2.423689e-04 -2.617596e-04
 8207.640366 7.446859e-01 1.413820e+00 1.373706e+00 1.477681e-01 -3.716735e-04 -2.914179e-04 -2.393004e-04 -2.606621e-04
 8211.133403 7.435982e-01 1.414189e+00 1.379345e+00 1.485711e-01 -3.777696e-04 -2.959226e-04 -2.322848e-04 -2.619082e-04
 8214.638631 7.436464e-01 1.417442e+00 1.387601e+00 1.492716e-01 -3.734760e-04 -2.938488e-04 -2.395961e-04 -2.623525e-04
 8218.156052 7.428825e-01 1.418599e+00 1.394690e+00 1.487985e-01 -3.724310e-04 -2.921267e-04 -2.332130e-04 -2.604836e-04
 8221.685664 7.424024e-01 1.420737e+00 1.402080e+00 1.486335e-01 -3.785994e-04 -2.958930e-04 -2.403531e-04 -2.660296e-04
 8225.227468 7.415099e-01 1.421859e+00 1.408527e+00 1.491503e-01 -3.662488e-04 -2.928455e-04 -2.434226e-04 -2.561340e-04
 8228.781465 7.410544e-01 1.424093e+00 1.415298e+00 1.486038e-01 -3.589350e-04 -2.863236e-04 -2.479700e-04 -2.579685e-04
 8232.347653 7.400785e-01 1.424975e+00 1.419610e+00 1.484475e-01 -3.672836e-04 -2.873858e-04 -2.468637e-04 -2.672643e-04
 8235.926033 7.396557e-01 1.426875e+00 1.424652e+00 1.495388e-01 -3.635423e-04 -2.998338e-04 -2.385906e-04 -2.729753e-04
 8239.516605 7.396595e-01 1.429712e+00 1.429658e+00 1.492263e-01 -3.611561e-04 -3.015433e-04 -2.418989e-04 -2.799746e-04
 8243.119369 7.385931e-01 1.429633e+00 1.431287e+00 1.487677e-01 -3.641787e-04 -2.999895e-04 -2.360433e-04 -2.825580e-04
 8246.734324 7.379927e-01 1.431549e+00 1.433640e+00 1.485528e-01 -3.641826e-04 -3.062744e-04 -2.300853e-04 -2.832521e-04
 8250.361472 7.371245e-01 1.432936e+00 1.435642e+00 1.495347e-01 -3.677709e-04 -3.060347e-04 -2.323967e-04 -2.715151e-04
 8254.000811 7.371194e-01 1.435806e+00 1.438621e+00 1.496272e-01 -3.626786e-04 -3.081124e-04 -2.324993e-04 -2.686026e-04
 8257.652343 7.361507e-01 1.436895e+00 1.439629e+00 1.494301e-01 -3.594005e-04 -3.023438e-04 -2.413574e-04 -2.747175e-04
 8261.316066 7.350399e-01 1.437608e+00 1.440501e+00 1.497605e-01 -3.674659e-04 -2.959944e-04 -2.446498e-04 -2.745983e-04
 8264.991982 7.352555e-01 1.441146e+00 1.445404e+00 1.498469e-01 -3.623339e-04 -3.028098e-04 -2.412954e-04 -2.746495e-04
 8268.680089 7.343792e-01 1.442529e+00 1.450733e+00 1.494043e-01 -3.786626e-04 -3.039403e-04 -2.381492e-04 -2.742917e-04
 8272.380388 7.332033e-01 1.443117e+00 1.456108e+00 1.503592e-01 -3.824608e-04 -3.083934e-04 -2.327720e-04 -2.761479e-04
 8276.092879 7.303486e-01 1.440677e+00 1.460555e+00 1.494897e-01 -3.778169e-04 -3.073414e-04 -2.248608e-04 -2.740288e-04
 8279.817562 7.304200e-01 1.443911e+00 1.470442e+00 1.502778e-01 -3.746311e-04 -3.082495e-04 -2.245087e-04 -2.740481e-04
 8283.554437 7.310296e-01 1.448073e+00 1.482678e+00 1.497267e-01 -3.720929e-04 -3.156286e-04 -2.293877e-04 -2.829129e-04
 8287.303503 7.302473e-01 1.449592e+00 1.491193e+00 1.502894e-01 -3.859324e-04 -3.060616e-04 -2.300338e-04 -2.840748e-04
 8291.064762 7.295852e-01 1.450893e+00 1.499241e+00 1.502811e-01 -3.777416e-04 -3.090433e-04 -2.344830e-04 -2.891279e-04
 8294.838213 7.293701e-01 1.453854e+00 1.508007e+00 1.505240e-01 -3.744567e-04 -3.074720e-04 -2.306497e-04 -2.897273e-04
 8298.623855 7.282791e-01 1.454740e+00 1.515414e+00 1.499504e-01 -3.657066e-04 -3.070502e-04 -2.381190e-04 -2.907634e-04
 8302.421689 7.271045e-01 1.455235e+00 1.520163e+00 1.511942e-01 -3.790633e-04 -2.980778e-04 -2.353967e-04 -2.866806e-04
 8306.231716 7.276439e-01 1.459778e+00 1.529735e+00 1.501419e-01 -3.851757e-04 -2.947057e-04 -2.260122e-04 -2.812113e-04
 8310.053934 7.264354e-01 1.460000e+00 1.534919e+00 1.509231e-01 -3.834385e-04 -3.079305e-04 -2.298412e-04 -2.880517e-04
 8313.888344 7.259786e-01 1.461832e+00 1.542500e+00 1.512076e-01 -3.890147e-04 -3.053082e-04 -2.371433e-04 -2.863664e-04
 8317.734946 7.250382e-01 1.463427e+00 1.549301e+00 1.510705e-01 -3.875054e-04 -3.115864e-04 -2.455633e-04 -2.962746e-04
 8321.593740 7.247609e-01 1.466158e+00 1.556451e+00 1.503055e-01 -3.778155e-04 -3.131781e-04 -2.534704e-04 -2.971729e-04
 8325.464726 7.238150e-01 1.467196e+00 1.563478e+00 1.515547e-01 -3.733732e-04 -3.209338e-04 -2.522029e-04 -2.960089e-04
 8329.347903 7.234281e-01 1.470044e+00 1.570503e+00 1.511070e-01 -3.632067e-04 -3.092737e-04 -2.585284e-04 -2.939415e-04
 8333.243273 7.219669e-01 1.469741e+00 1.575878e+00 1.522056e-01 -3.656168e-04 -2.904971e-04 -2.513844e-04 -2.916607e-04
 8337.150835 7.211848e-01 1.471188e+00 1.582797e+00 1.513337e-01 -3.662411e-04 -2.895476e-04 -2.398131e-04 -2.891662e-04
 8341.070588 7.206919e-01 1.473268e+00 1.589449e+00 1.521794e-01 -3.634197e-04 -2.975282e-04 -2.351092e-04 -2.879378e-04
 8345.002533 7.200696e-01 1.475267e+00 1.597641e+00 1.516520e-01 -3.653022e-04 -2.975086e-04 -2.360219e-04 -2.893372e-04
 8348.946671 7.185072e-01 1.475070e+00 1.602771e+00 1.510636e-01 -3.660941e-04 -2.950548e-04 -2.328512e-04 -2.857547e-04
 8352.903000 7.174069e-01 1.475904e+00 1.608975e+00 1.518359e-01 -3.613423e-04 -3.021506e-04 -2.403046e-04 -2.876399e-04
 8356.871521 7.163201e-01 1.476648e+00 1.614733e+00 1.518217e-01 -3.656225e-04 -2.938187e-04 -2.519356e-04 -2.792779e-04
 8360.852234 7.163443e-01 1.480158e+00 1.622885e+00 1.517780e-01 -3.723925e-04 -2.940223e-04 -2.395221e-04 -2.805595e-04
 8364.845139 7.159125e-01 1.482519e+00 1.630304e+00 1.519805e-01 -3.795402e-04 -2.948739e-04 -2.377943e-04 -2.761158e-04
 8368.850236 7.151744e-01 1.483906e+00 1.636452e+00 1.519392e-01 -3.727187e-04 -2.972059e-04 -2.253349e-04 -2.774511e-04
 8372.867524 7.140523e-01 1.484906e+00 1.641144e+00 1.524266e-01 -3.691394e-04 -2.936833e-04 -2.250928e-04 -2.740121e-04
 8376.897005 7.134562e-01 1.487335e+00 1.647261e+00 1.523880e-01 -3.726611e-04 -2.906210e-04 -2.251340e-04 -2.726630e-04
 8380.938678 7.132808e-01 1.489823e+00 1.653819e+00 1.529529e-01 -3.631512e-04 -2.888859e-04 -2.364395e-04 -2.797746e-04
 8384.992542 7.115223e-01 1.488981e+00 1.657023e+00 1.519280e-01 -3.734790e-04 -2.868045e-04 -2.433185e-04 -2.803818e-04
 8389.058598 7.118209e-01 1.493649e+00 1.665313e+00 1.528218e-01 -3.740824e-04 -2.803848e-04 -2.481552e-04 -2.833888e-04
 8393.136847 7.102775e-01 1.493267e+00 1.668826e+00 1.521789e-01 -3.657381e-04 -2.827929e-04 -2.474726e-04 -2.887789e-04
 8397.227287 7.093164e-01 1.494350e+00 1.674227e+00 1.524632e-01 -3.640720e-04 -2.928218e-04 -2.476773e-04 -2.832086e-04
 8401.329919 7.088215e-01 1.496690e+00 1.682263e+00 1.523960e-01 -3.725966e-04 -2.927073e-04 -2.315370e-04 -2.786196e-04
 8405.444743 7.083898e-01 1.498766e+00 1.689841e+00 1.528584e-01 -3.824599e-04 -2.968814e-04 -2.462529e-04 -2.771948e-04
 8409.571759 7.086189e-01 1.503183e+00 1.699761e+00 1.531914e-01 -3.690348e-04 -3.046259e-04 -2.427670e-04 -2.695129e-04
 8413.710967 7.066919e-01 1.501774e+00 1.703235e+00 1.532682e-01 -3.626921e-04 -3.078192e-04 -2.281466e-04 -2.697617e-04
 8417.862366 7.063164e-01 1.504424e+00 1.711484e+00 1.530067e-01 -3.640521e-04 -2.934857e-04 -2.332010e-04 -2.743419e-04
 8422.025958 7.053501e-01 1.505805e+00 1.719035e+00 1.540496e-01 -3.686650e-04 -2.893354e-04 -2.389958e-04 -2.726081e-04
 8426.201742 7.055094e-01 1.509557e+00 1.729471e+00 1.532347e-01 -3.695788e-04 -2.874665e-04 -2.428607e-04 -2.781877e-04
 8430.389717 7.048765e-01 1.511603e+00 1.737164e+00 1.537849e-01 -3.672388e-04 -2.925709e-04 -2.430089e-04 -2.825299e-04
 8434.589884 7.040902e-01 1.513125e+00 1.745104e+00 1.538945e-01 -3.576692e-04 -2.945026e-04 -2.361098e-04 -2.830980e-04
 8438.802244 7.031407e-01 1.514281e+00 1.751356e+00 1.535727e-01 -3.710182e-04 -2.920285e-04 -2.272248e-04 -2.746220e-04
 8443.026795 7.024554e-01 1.516120e+00 1.758851e+00 1.541991e-01 -3.760598e-04 -2.844523e-04 -2.347899e-04 -2.786012e-04
 8447.263538 7.019271e-01 1.518300e+00 1.768127e+00 1.540396e-01 -3.842632e-04 -2.767998e-04 -2.304540e-04 -2.702983e-04
 8451.512473 7.008842e-01 1.519475e+00 1.775893e+00 1.537990e-01 -3.767415e-04 -2.855676e-04 -2.281884e-04 -2.743844e-04
 8455.773600 7.003097e-01 1.521888e+00 1.784234e+00 1.536246e-01 -3.716970e-04 -2.867288e-04 -2.313362e-04 -2.863915e-04
 8460.046919 6.988831e-01 1.522350e+00 1.790333e+00 1.536668e-01 -3.682976e-04 -2.836039e-04 -2.306103e-04 -2.918368e-04
 8464.332429 6.985825e-01 1.525117e+00 1.799400e+00 1.547065e-01 -3.797872e-04 -2.799841e-04 -2.264184e-04 -2.888830e-04
 8468.630132 6.974954e-01 1.525910e+00 1.806621e+00 1.536114e-01 -3.870302e-04 -2.760998e-04 -2.225470e-04 -2.786745e-04
 8472.940026 6.969959e-01 1.527921e+00 1.815398e+00 1.542934e-01 -3.918178e-04 -2.703700e-04 -2.261323e-04 -2.764535e-04
 8477.262113 6.964570e-01 1.530162e+00 1.824510e+00 1.547625e-01 -3.895112e-04 -2.689788e-04 -2.269216e-04 -2.763518e-04
 8481.596391 6.955792e-01 1.531811e+00 1.832194e+00 1.543149e-01 -3.843982e-04 -2.681065e-04 -2.363621e-04 -2.783864e-04
 8485.942861 6.943903e-01 1.532511e+00 1.838903e+00 1.546757e-01 -3.777226e-04 -2.788908e-04 -2.403161e-04 -2.782948e-04
 8490.301524 6.937930e-01 1.534337e+00 1.847308e+00 1.546906e-01 -3.736279e-04 -2.805919e-04 -2.463300e-04 -2.805503e-04
 8494.672378 6.929869e-01 1.535842e+00 1.854710e+00 1.548628e-01 -3.761178e-04 -2.803754e-04 -2.355723e-04 -2.799829e-04
 8499.055424 6.917739e-01 1.536731e+00 1.862107e+00 1.549673e-01 -3.760599e-04 -2.827763e-04 -2.312280e-04 -2.812150e-04
 8503.450662 6.907112e-01 1.537476e+00 1.868367e+00 1.556162e-01 -3.773702e-04 -2.761479e-04 -2.280284e-04 -2.805366e-04
 8507.858091 6.891963e-01 1.537625e+00 1.873676e+00 1.552072e-01 -3.745720e-04 -2.756804e-04 -2.313362e-04 -2.821141e-04
 8512.277713 6.863655e-01 1.535200e+00 1.876017e+00 1.545165e-01 -3.688222e-04 -2.748650e-04 -2.422699e-04 -2.903839e-04
 8516.709527 6.539887e-01 1.465855e+00 1.797075e+00 1.507836e-01 -3.734742e-04 -2.784833e-04 -2.509156e-04 -2.934393e-04
 8521.153532 6.441120e-01 1.446933e+00 1.779430e+00 1.456534e-01 -3.847898e-04 -2.728523e-04 -2.533196e-04 -2.972393e-04
 8525.609730 6.867857e-01 1.546001e+00 1.904041e+00 1.535107e-01 -3.802044e-04 -2.690642e-04 -2.364813e-04 -2.930146e-04
 8530.078119 6.873134e-01 1.550716e+00 1.914877e+00 1.549585e-01 -3.767933e-04 -2.641973e-04 -2.312127e-04 -3.007024e-04
 8534.558700 6.865491e-01 1.552486e+00 1.922192e+00 1.550961e-01 -3.745730e-04 -2.625891e-04 -2.267377e-04 -3.038780e-04
 8539.051473 6.856766e-01 1.554232e+00 1.929777e+00 1.549646e-01 -3.712799e-04 -2.698709e-04 -2.294345e-04 -2.963662e-04
 8543.556438 6.848621e-01 1.555751e+00 1.938396e+00 1.550310e-01 -3.620048e-04 -2.712724e-04 -2.397119e-04 -2.964654e-04
 8548.073595 6.838437e-01 1.556846e+00 1.945257e+00 1.551240e-01 -3.667825e-04 -2.708089e-04 -2.430190e-04 -2.970435e-04
 8552.602944 6.827458e-01 1.557721e+00 1.952083e+00 1.556827e-01 -3.685282e-04 -2.708399e-04 -2.402832e-04 -2.943457e-04
 8557.144485 6.816555e-01 1.558707e+00 1.959055e+00 1.558075e-01 -3.624490e-04 -2.755011e-04 -2.349224e-04 -2.925347e-04
 8561.698218 6.808756e-01 1.560517e+00 1.967374e+00 1.560597e-01 -3.619851e-04 -2.890804e-04 -2.439617e-04 -2.969751e-04
 8566.264142 6.800645e-01 1.561772e+00 1.974165e+00 1.559731e-01 -3.716652e-04 -2.885825e-04 -2.429663e-04 -3.027193e-04
 8570.842259 6.792808e-01 1.563582e+00 1.981897e+00 1.561065e-01 -3.645779e-04 -2.901778e-04 -2.339974e-04 -3.083912e-04
 8575.432567 6.782449e-01 1.564699e+00 1.989433e+00 1.558986e-01 -3.626249e-04 -2.836463e-04 -2.246544e-04 -3.013366e-04
 8580.035068 6.775717e-01 1.566857e+00 1.998635e+00 1.559531e-01 -3.677475e-04 -2.793779e-04 -2.208839e-04 -3.052869e-04
 8584.649760 6.767622e-01 1.568292e+00 2.006668e+00 1.556544e-01 -3.680959e-04 -2.803496e-04 -2.241600e-04 -3.069384e-04
 8589.276644 6.753403e-01 1.568938e+00 2.013942e+00 1.562007e-01 -3.624497e-04 -2.828913e-04 -2.277611e-04 -3.062845e-04
 8593.915720 6.739294e-01 1.569123e+00 2.020443e+00 1.559254e-01 -3.613938e-04 -2.734044e-04 -2.259539e-04 -2.925989e-04
 8598.566988 6.720423e-01 1.568348e+00 2.025751e+00 1.561784e-01 -3.714561e-04 -2.635729e-04 -2.389067e-04 -2.887951e-04
 8603.230448 6.696125e-01 1.566075e+00 2.029459e+00 1.557609e-01 -3.761749e-04 -2.748847e-04 -2.375871e-04 -2.886850e-04
 8607.906100 6.656467e-01 1.560034e+00 2.028136e+00 1.549960e-01 -3.828829e-04 -2.877076e-04 -2.352343e-04 -2.898206e-04
 8612.593943 6.431874e-01 1.511204e+00 1.971888e+00 1.511550e-01 -3.830154e-04 -2.822296e-04 -2.231571e-04 -2.861439e-04
 8617.293979 6.042416e-01 1.423419e+00 1.865867e+00 1.422234e-01 -3.812843e-04 -2.961677e-04 -2.147952e-04 -2.880591e-04
 8622.006206 6.790737e-01 1.602610e+00 2.103210e+00 1.585996e-01 -3.782745e-04 -2.915898e-04 -2.191603e-04 -2.851729e-04
 8626.730626 6.774243e-01 1.602139e+00 2.108967e+00 1.587532e-01 -3.863055e-04 -2.988417e-04 -2.226022e-04 -2.810866e-04
 8631.467237 6.747456e-01 1.599318e+00 2.112190e+00 1.583565e-01 -3.771100e-04 -3.006250e-04 -2.140556e-04 -2.817302e-04
 8636.216040 6.729194e-01 1.598641e+00 2.118004e+00 1.580490e-01 -3.686541e-04 -2.897121e-04 -2.249828e-04 -2.692844e-04
 8640.977036 6.716251e-01 1.599287e+00 2.124649e+00 1.581182e-01 -3.798965e-04 -2.941555e-04 -2.315847e-04 -2.778305e-04
 8645.750223 6.704474e-01 1.599929e+00 2.131790e+00 1.580475e-01 -3.743046e-04 -3.030761e-04 -2.311928e-04 -2.850886e-04
 8650.535602 6.696036e-01 1.601773e+00 2.140943e+00 1.581091e-01 -3.838866e-04 -3.043888e-04 -2.389028e-04 -2.813699e-04
 8655.333172 6.685079e-01 1.602956e+00 2.148997e+00 1.582887e-01 -3.876371e-04 -2.918356e-04 -2.351424e-04 -2.765084e-04
 8660.142935 6.672020e-01 1.603530e+00 2.156011e+00 1.581119e-01 -3.798830e-04 -2.988683e-04 -2.322494e-04 -2.820957e-04
 8664.964890 6.661754e-01 1.604682e+00 2.163603e+00 1.581533e-01 -3.810328e-04 -2.963837e-04 -2.353775e-04 -2.911826e-04
 8669.799037 5.956515e-01 1.437659e+00 1.943421e+00 1.417222e-01 -3.515593e-04 -2.622833e-04 -2.082254e-04 -2.569270e-04
 8674.645375 8.989191e-02 2.171626e-01 2.938901e-01 2.143048e-02 -5.243833e-05 -3.975753e-05 -3.179851e-05 -3.933996e-05
