# Facility: NSLS-II
# Beamline: QAS
# Year: 2022
# Cycle: 2
# SAF: 309337
# PI: Li
# Proposal: 309890
# Scan ID: 26259
# UID: bab76e9b-ec1f-4387-9449-9b95dc871517
# Comment: 
# Start time: 06/10/2022  08:46:16
# Stop time: 06/10/2022  08:46:48
# Total time: 00:32
# Trajectory name: Co-30s-7709.txt
# Element: Cobalt ( 27)
# Edge: K
# E0: 7709
# Reference Foil Element: Co
# Keithley Gains I0: 1E7 V/A It: 1E7 V/A Iref: 1E8 V/A PIPS: 1E8 V/A 
# Ion Chamber Gas Flow Rates: I0: 29.80 sccm He + 69.70 sccm N2 + 0.00 sccm Ar 
# Ion Chamber Gas Flow Rates: It&Iref: 79.80 sccm N2 + 20.10 sccm Ar
# Incident Beam Path Vertical: -27.48 mm
# Incident Slits Positions B: TOP: 1.0 mm Bottom: -1.0 mm Inboard: -1.5 mm Outboard: 1.5 mm
# Sample Stage Positions: Rotation: 45.0 deg Horizontal: 25.26 mm Vertical: -26.52 mm Beam Direction: 0.00 mm
# PerkinElmer Vertical Position: 500.00 mm
# Front End Mirror Horizontal Positions: Up: 14.00 mm Down: 14.00 mm
#
# energy  i0  it  ir  iff  aux1  aux2  aux3  aux4
 7517.895413 4.323393e-01 5.195576e-01 1.254020e+00 5.358160e-02 -1.922246e-04 -1.543929e-04 -1.209893e-04 -1.533282e-04
 7522.895413 8.552960e-01 1.030230e+00 2.490858e+00 1.061498e-01 -3.736401e-04 -3.002039e-04 -2.410988e-04 -3.246619e-04
 7527.895413 8.617808e-01 1.041774e+00 2.524568e+00 1.073784e-01 -3.746504e-04 -3.051909e-04 -2.532263e-04 -3.253068e-04
 7532.895413 8.613604e-01 1.045371e+00 2.540138e+00 1.076808e-01 -3.855676e-04 -3.034188e-04 -2.545728e-04 -2.900389e-04
 7537.895413 8.606994e-01 1.048494e+00 2.554281e+00 1.080101e-01 -3.791323e-04 -2.961935e-04 -2.530803e-04 -2.756488e-04
 7542.895413 8.591985e-01 1.050783e+00 2.566542e+00 1.079577e-01 -3.787738e-04 -3.029933e-04 -2.497949e-04 -2.770793e-04
 7547.895413 8.582273e-01 1.053641e+00 2.580050e+00 1.079666e-01 -3.745681e-04 -3.072324e-04 -2.592509e-04 -2.689544e-04
 7552.895413 8.575008e-01 1.056625e+00 2.593980e+00 1.081457e-01 -3.855642e-04 -3.075915e-04 -2.659917e-04 -2.719708e-04
 7557.895413 8.565200e-01 1.059392e+00 2.607805e+00 1.082106e-01 -3.908742e-04 -3.114844e-04 -2.627149e-04 -2.778607e-04
 7562.895413 8.550845e-01 1.061528e+00 2.620276e+00 1.083522e-01 -3.831915e-04 -3.097128e-04 -2.646905e-04 -2.861204e-04
 7567.895413 8.539532e-01 1.063886e+00 2.633328e+00 1.087882e-01 -3.786922e-04 -3.089776e-04 -2.630365e-04 -2.837635e-04
 7572.895413 8.529305e-01 1.066966e+00 2.647060e+00 1.087686e-01 -3.799737e-04 -3.081785e-04 -2.603150e-04 -2.891416e-04
 7577.895413 8.513236e-01 1.069000e+00 2.658795e+00 1.090078e-01 -3.862855e-04 -3.001409e-04 -2.549027e-04 -2.874634e-04
 7582.895413 8.510620e-01 1.072976e+00 2.675417e+00 1.094527e-01 -3.837409e-04 -3.021838e-04 -2.502548e-04 -2.872276e-04
 7587.895413 8.499921e-01 1.075693e+00 2.688573e+00 1.091778e-01 -3.831942e-04 -3.060664e-04 -2.522684e-04 -2.871987e-04
 7592.895413 8.495238e-01 1.079059e+00 2.703405e+00 1.096879e-01 -3.892222e-04 -3.201235e-04 -2.481497e-04 -2.839755e-04
 7597.895413 8.481933e-01 1.081526e+00 2.716869e+00 1.096466e-01 -3.841262e-04 -3.235701e-04 -2.381265e-04 -2.788479e-04
 7602.895413 8.457301e-01 1.082546e+00 2.726219e+00 1.097861e-01 -3.822197e-04 -3.276493e-04 -2.413380e-04 -2.814745e-04
 7607.895413 8.469901e-01 1.088275e+00 2.747644e+00 1.101576e-01 -3.845630e-04 -3.271603e-04 -2.464327e-04 -2.757424e-04
 7612.895413 8.464980e-01 1.091780e+00 2.763221e+00 1.102069e-01 -3.814501e-04 -3.167106e-04 -2.412975e-04 -2.802616e-04
 7617.895413 8.458088e-01 1.095059e+00 2.778543e+00 1.106718e-01 -3.826444e-04 -3.104453e-04 -2.325566e-04 -2.980348e-04
 7622.895413 8.452221e-01 1.098372e+00 2.793315e+00 1.109664e-01 -3.821652e-04 -3.135862e-04 -2.361683e-04 -2.886379e-04
 7627.895413 8.446514e-01 1.101870e+00 2.809619e+00 1.111065e-01 -3.802599e-04 -3.083253e-04 -2.376301e-04 -2.813456e-04
 7632.895413 8.436743e-01 1.104567e+00 2.822489e+00 1.111329e-01 -3.812842e-04 -3.037833e-04 -2.331131e-04 -2.758087e-04
 7637.895413 8.430617e-01 1.108136e+00 2.838266e+00 1.112174e-01 -3.704559e-04 -2.983768e-04 -2.332852e-04 -2.784003e-04
 7642.895413 8.415805e-01 1.110163e+00 2.849952e+00 1.115221e-01 -3.753472e-04 -3.042931e-04 -2.469579e-04 -2.704944e-04
 7647.895413 8.391901e-01 1.110485e+00 2.857375e+00 1.116932e-01 -3.771173e-04 -3.006965e-04 -2.490283e-04 -2.836245e-04
 7652.895413 8.371664e-01 1.111919e+00 2.868568e+00 1.115606e-01 -3.796462e-04 -2.997094e-04 -2.508089e-04 -2.858104e-04
 7657.895413 8.368038e-01 1.115528e+00 2.884493e+00 1.117367e-01 -3.832306e-04 -2.977479e-04 -2.499117e-04 -2.884730e-04
 7662.895413 8.378335e-01 1.121523e+00 2.906552e+00 1.121016e-01 -3.795636e-04 -3.010277e-04 -2.448824e-04 -2.910291e-04
 7667.895413 8.377017e-01 1.125547e+00 2.923526e+00 1.125515e-01 -3.803832e-04 -3.084879e-04 -2.626610e-04 -2.792407e-04
 7672.895413 8.374196e-01 1.129645e+00 2.939666e+00 1.129140e-01 -3.913095e-04 -3.057052e-04 -2.553494e-04 -2.770806e-04
 7677.895413 8.372914e-01 1.133936e+00 2.956809e+00 1.133751e-01 -3.904344e-04 -3.023446e-04 -2.606813e-04 -2.772591e-04
 7679.000000 8.364228e-01 1.133493e+00 2.957686e+00 1.135225e-01 -3.909136e-04 -3.020393e-04 -2.538262e-04 -2.700115e-04
 7680.000000 8.362165e-01 1.133993e+00 2.958761e+00 1.124418e-01 -3.910592e-04 -3.064784e-04 -2.490028e-04 -2.724819e-04
 7681.000000 8.361814e-01 1.135031e+00 2.964077e+00 1.134234e-01 -3.913601e-04 -3.031404e-04 -2.538271e-04 -2.816349e-04
 7682.000000 8.325980e-01 1.131018e+00 2.953150e+00 1.126033e-01 -3.954360e-04 -3.032668e-04 -2.401540e-04 -2.750167e-04
 7683.000000 8.235028e-01 1.119703e+00 2.924237e+00 1.117338e-01 -3.927592e-04 -3.066833e-04 -2.435096e-04 -2.776787e-04
 7684.000000 8.071088e-01 1.097876e+00 2.868491e+00 1.090605e-01 -3.931640e-04 -3.112076e-04 -2.535958e-04 -2.888557e-04
 7685.000000 8.326138e-01 1.132945e+00 2.959308e+00 1.134048e-01 -3.957262e-04 -3.085636e-04 -2.599283e-04 -2.872151e-04
 7686.000000 8.387859e-01 1.142861e+00 2.985955e+00 1.153159e-01 -3.911589e-04 -3.004286e-04 -2.591193e-04 -2.911510e-04
 7686.200000 8.414619e-01 1.146774e+00 2.996163e+00 1.175489e-01 -3.980167e-04 -2.949257e-04 -2.511899e-04 -2.928473e-04
 7686.400000 8.419787e-01 1.147547e+00 2.998407e+00 1.145092e-01 -3.910171e-04 -2.957837e-04 -2.498546e-04 -2.909858e-04
 7686.600000 8.357420e-01 1.138445e+00 2.975213e+00 1.102429e-01 -3.914150e-04 -2.938889e-04 -2.628826e-04 -2.740697e-04
 7686.800000 8.347512e-01 1.137475e+00 2.971944e+00 1.136209e-01 -4.020707e-04 -2.946183e-04 -2.869977e-04 -2.899225e-04
 7687.000000 8.364358e-01 1.140099e+00 2.979979e+00 1.096116e-01 -3.933346e-04 -3.040331e-04 -2.687024e-04 -2.851642e-04
 7687.200000 8.250041e-01 1.124661e+00 2.942121e+00 1.104097e-01 -3.875339e-04 -3.085453e-04 -2.571824e-04 -2.797434e-04
 7687.400000 8.455717e-01 1.153022e+00 3.014373e+00 1.185743e-01 -3.999937e-04 -3.142512e-04 -2.397219e-04 -2.847891e-04
 7687.600000 8.393690e-01 1.144493e+00 2.991856e+00 1.145532e-01 -3.933264e-04 -3.118201e-04 -2.375568e-04 -2.998430e-04
 7687.800000 8.413337e-01 1.147475e+00 2.996008e+00 1.155496e-01 -3.908111e-04 -3.073068e-04 -2.589121e-04 -2.992170e-04
 7688.000000 8.398717e-01 1.145957e+00 2.993099e+00 1.115468e-01 -3.899274e-04 -3.019772e-04 -2.682099e-04 -2.909029e-04
 7688.200000 8.319627e-01 1.134790e+00 2.966855e+00 1.126186e-01 -3.848896e-04 -2.882892e-04 -2.620807e-04 -2.906771e-04
 7688.400000 8.361243e-01 1.141203e+00 2.982975e+00 1.158925e-01 -3.914836e-04 -2.864534e-04 -2.673194e-04 -2.935308e-04
 7688.600000 8.397225e-01 1.146324e+00 2.994329e+00 1.140857e-01 -3.979388e-04 -2.935647e-04 -2.646131e-04 -2.985640e-04
 7688.800000 8.379961e-01 1.143954e+00 2.986644e+00 1.111637e-01 -3.933051e-04 -2.953659e-04 -2.558300e-04 -2.968658e-04
 7689.000000 8.262738e-01 1.128068e+00 2.947446e+00 1.136483e-01 -3.775341e-04 -2.835860e-04 -2.522278e-04 -2.903927e-04
 7689.200000 8.367755e-01 1.142336e+00 2.986206e+00 1.138296e-01 -3.860108e-04 -2.975439e-04 -2.567039e-04 -2.922574e-04
 7689.400000 8.419989e-01 1.149969e+00 3.003642e+00 1.127103e-01 -3.891020e-04 -2.949053e-04 -2.589544e-04 -2.963828e-04
 7689.600000 8.241772e-01 1.125576e+00 2.941070e+00 1.104030e-01 -3.691598e-04 -2.850207e-04 -2.476639e-04 -2.878898e-04
 7689.800000 8.408039e-01 1.148716e+00 3.001053e+00 1.167052e-01 -3.835335e-04 -2.935705e-04 -2.537339e-04 -2.955895e-04
 7690.000000 8.312442e-01 1.135756e+00 2.967967e+00 1.135851e-01 -3.796478e-04 -2.970835e-04 -2.478976e-04 -2.877973e-04
 7690.200000 8.426146e-01 1.151843e+00 3.010494e+00 1.150781e-01 -3.868703e-04 -2.956864e-04 -2.565565e-04 -2.926324e-04
 7690.400000 8.366588e-01 1.144138e+00 2.990414e+00 1.083354e-01 -3.836731e-04 -2.979185e-04 -2.532011e-04 -2.896406e-04
 7690.600000 8.331569e-01 1.138909e+00 2.975356e+00 1.141162e-01 -3.803524e-04 -3.019307e-04 -2.501930e-04 -2.943773e-04
 7690.800000 8.399779e-01 1.147733e+00 2.999687e+00 1.142851e-01 -3.822267e-04 -3.012122e-04 -2.646946e-04 -3.005678e-04
 7691.000000 8.318522e-01 1.136514e+00 2.968253e+00 1.145554e-01 -3.751920e-04 -3.026682e-04 -2.598988e-04 -2.917162e-04
 7691.200000 8.369590e-01 1.144005e+00 2.992083e+00 1.154343e-01 -3.761667e-04 -3.011167e-04 -2.593054e-04 -2.850364e-04
 7691.400000 8.455066e-01 1.156276e+00 3.020615e+00 1.138178e-01 -3.762276e-04 -3.055548e-04 -2.720998e-04 -3.044968e-04
 7691.600000 8.386284e-01 1.147328e+00 2.997961e+00 1.133208e-01 -3.744035e-04 -3.048698e-04 -2.654894e-04 -2.984266e-04
 7691.800000 8.350883e-01 1.141789e+00 2.982096e+00 1.121726e-01 -3.708624e-04 -3.146912e-04 -2.565619e-04 -2.862980e-04
 7692.000000 8.329434e-01 1.139161e+00 2.976205e+00 1.144037e-01 -3.745786e-04 -3.088543e-04 -2.393145e-04 -2.958544e-04
 7692.200000 8.318543e-01 1.138175e+00 2.976023e+00 1.137627e-01 -3.845962e-04 -3.032800e-04 -2.437073e-04 -2.934215e-04
 7692.400000 8.405445e-01 1.150478e+00 3.006679e+00 1.159535e-01 -3.935338e-04 -3.024809e-04 -2.317554e-04 -2.958077e-04
 7692.600000 8.358593e-01 1.144050e+00 2.991525e+00 1.105488e-01 -3.882300e-04 -2.957012e-04 -2.234087e-04 -2.948304e-04
 7692.800000 8.372549e-01 1.146639e+00 2.997114e+00 1.124620e-01 -3.875251e-04 -2.983151e-04 -2.453882e-04 -3.021118e-04
 7693.000000 8.389233e-01 1.148694e+00 3.000400e+00 1.134292e-01 -3.915837e-04 -3.081437e-04 -2.399692e-04 -2.881259e-04
 7693.200000 8.375432e-01 1.147391e+00 2.998176e+00 1.169784e-01 -3.905417e-04 -3.099476e-04 -2.332176e-04 -2.955871e-04
 7693.400000 8.349060e-01 1.144075e+00 2.989635e+00 1.126128e-01 -3.966071e-04 -2.947288e-04 -2.325368e-04 -2.964041e-04
 7693.600000 8.410458e-01 1.152460e+00 3.012069e+00 1.119513e-01 -3.987857e-04 -2.951584e-04 -2.505353e-04 -2.982874e-04
 7693.800000 8.238910e-01 1.128904e+00 2.948273e+00 1.151115e-01 -3.882640e-04 -2.974133e-04 -2.377751e-04 -2.765960e-04
 7694.000000 8.478037e-01 1.162331e+00 3.036491e+00 1.156248e-01 -4.009414e-04 -3.030389e-04 -2.365850e-04 -2.879523e-04
 7694.200000 8.364433e-01 1.146512e+00 2.995403e+00 1.140932e-01 -4.011098e-04 -2.979070e-04 -2.305813e-04 -2.847515e-04
 7694.400000 8.346275e-01 1.144192e+00 2.987630e+00 1.143484e-01 -3.996421e-04 -2.935274e-04 -2.291727e-04 -2.776830e-04
 7694.600000 8.280340e-01 1.135521e+00 2.965547e+00 1.123660e-01 -3.995660e-04 -2.881916e-04 -2.365902e-04 -2.773853e-04
 7694.800000 8.398417e-01 1.151410e+00 3.010064e+00 1.158716e-01 -4.022226e-04 -2.999172e-04 -2.480442e-04 -2.836759e-04
 7695.000000 8.415456e-01 1.154500e+00 3.016248e+00 1.165985e-01 -3.983339e-04 -2.998839e-04 -2.483743e-04 -3.007470e-04
 7695.200000 8.354330e-01 1.146102e+00 2.992288e+00 1.141028e-01 -3.979979e-04 -2.981803e-04 -2.299721e-04 -2.896983e-04
 7695.400000 8.351907e-01 1.145598e+00 2.991713e+00 1.137035e-01 -3.954447e-04 -2.920446e-04 -2.422328e-04 -3.032042e-04
 7695.600000 8.363835e-01 1.147788e+00 2.997850e+00 1.131359e-01 -3.987457e-04 -3.007026e-04 -2.408804e-04 -2.843783e-04
 7695.800000 8.262662e-01 1.133620e+00 2.960317e+00 1.107884e-01 -3.944191e-04 -3.030874e-04 -2.262363e-04 -2.661234e-04
 7696.000000 8.364978e-01 1.147698e+00 2.997880e+00 1.138776e-01 -3.993168e-04 -3.015584e-04 -2.430649e-04 -2.816025e-04
 7696.200000 8.418240e-01 1.155219e+00 3.016746e+00 1.151075e-01 -3.960896e-04 -3.089541e-04 -2.381794e-04 -2.771810e-04
 7696.400000 8.369967e-01 1.149001e+00 2.999784e+00 1.139511e-01 -3.949847e-04 -3.056264e-04 -2.295648e-04 -2.829251e-04
 7696.600000 8.347153e-01 1.145738e+00 2.990953e+00 1.137739e-01 -3.955106e-04 -3.073786e-04 -2.489173e-04 -2.858161e-04
 7696.800000 8.319319e-01 1.142386e+00 2.980752e+00 1.147890e-01 -3.858117e-04 -3.032536e-04 -2.710026e-04 -2.981213e-04
 7697.000000 8.384819e-01 1.151994e+00 3.009038e+00 1.125982e-01 -3.892252e-04 -3.012979e-04 -2.607286e-04 -2.832547e-04
 7697.200000 8.366284e-01 1.149459e+00 3.001521e+00 1.130882e-01 -3.907021e-04 -3.099824e-04 -2.488207e-04 -2.853137e-04
 7697.400000 8.385136e-01 1.152514e+00 3.005597e+00 1.149569e-01 -3.933886e-04 -3.131746e-04 -2.647212e-04 -2.872159e-04
 7697.600000 8.373338e-01 1.151098e+00 3.002568e+00 1.160200e-01 -3.974706e-04 -3.062474e-04 -2.614969e-04 -2.786451e-04
 7697.800000 8.309225e-01 1.142109e+00 2.977901e+00 1.119138e-01 -3.951180e-04 -3.049484e-04 -2.622928e-04 -2.710499e-04
 7698.000000 8.402108e-01 1.154460e+00 3.010591e+00 1.146315e-01 -3.864655e-04 -3.031804e-04 -2.478878e-04 -2.778273e-04
 7698.200000 8.296935e-01 1.140153e+00 2.972472e+00 1.121235e-01 -3.780223e-04 -3.119548e-04 -2.495553e-04 -2.903456e-04
 7698.400000 8.433632e-01 1.159378e+00 3.022728e+00 1.157122e-01 -3.867427e-04 -3.176057e-04 -2.615313e-04 -2.877495e-04
 7698.600000 8.377509e-01 1.151507e+00 3.001626e+00 1.161042e-01 -3.789142e-04 -3.184254e-04 -2.558015e-04 -2.857450e-04
 7698.800000 8.332301e-01 1.145888e+00 2.986161e+00 1.142994e-01 -3.762321e-04 -3.186307e-04 -2.565094e-04 -2.814122e-04
 7699.000000 8.343180e-01 1.147324e+00 2.988989e+00 1.116341e-01 -3.906088e-04 -3.155113e-04 -2.580849e-04 -2.886536e-04
 7699.200000 8.344118e-01 1.147651e+00 2.990087e+00 1.145853e-01 -3.882042e-04 -3.126789e-04 -2.494465e-04 -2.867863e-04
 7699.400000 8.386984e-01 1.154203e+00 3.006896e+00 1.161043e-01 -3.908382e-04 -3.048676e-04 -2.472438e-04 -2.858716e-04
 7699.600000 8.372377e-01 1.152264e+00 2.999393e+00 1.137847e-01 -3.934286e-04 -3.085290e-04 -2.463438e-04 -2.928352e-04
 7699.800000 8.339775e-01 1.147569e+00 2.987202e+00 1.140959e-01 -3.913491e-04 -3.111780e-04 -2.384970e-04 -2.916570e-04
 7700.000000 8.334481e-01 1.147245e+00 2.985987e+00 1.138115e-01 -3.972179e-04 -3.102667e-04 -2.485550e-04 -2.892886e-04
 7700.200000 8.376171e-01 1.152698e+00 3.000759e+00 1.155117e-01 -4.030806e-04 -3.092611e-04 -2.543472e-04 -2.903978e-04
 7700.400000 8.363781e-01 1.151506e+00 2.994823e+00 1.123320e-01 -4.045092e-04 -3.091659e-04 -2.595796e-04 -2.984267e-04
 7700.600000 8.352280e-01 1.150199e+00 2.990333e+00 1.119507e-01 -4.122479e-04 -3.065487e-04 -2.536136e-04 -2.952913e-04
 7700.800000 8.328527e-01 1.146626e+00 2.981436e+00 1.151122e-01 -4.108080e-04 -3.021918e-04 -2.635612e-04 -2.907603e-04
 7701.000000 8.379553e-01 1.154415e+00 3.001318e+00 1.168726e-01 -4.077856e-04 -3.131111e-04 -2.552119e-04 -2.810260e-04
 7701.200000 8.383800e-01 1.155214e+00 2.999500e+00 1.144214e-01 -4.079497e-04 -3.163679e-04 -2.510082e-04 -2.840863e-04
 7701.400000 8.314961e-01 1.145800e+00 2.976253e+00 1.140927e-01 -3.994272e-04 -3.136527e-04 -2.576729e-04 -2.828152e-04
 7701.600000 8.329746e-01 1.147701e+00 2.979858e+00 1.151385e-01 -4.060150e-04 -3.052562e-04 -2.383206e-04 -2.807686e-04
 7701.800000 8.372459e-01 1.153915e+00 2.994612e+00 1.130687e-01 -4.047078e-04 -3.138039e-04 -2.456939e-04 -2.915506e-04
 7702.000000 8.373899e-01 1.154329e+00 2.994823e+00 1.161756e-01 -3.937500e-04 -3.114765e-04 -2.511714e-04 -2.795924e-04
 7702.200000 8.342438e-01 1.150059e+00 2.980853e+00 1.135728e-01 -4.019477e-04 -3.046918e-04 -2.471923e-04 -2.898965e-04
 7702.400000 8.309461e-01 1.145129e+00 2.966371e+00 1.142860e-01 -4.010523e-04 -2.994999e-04 -2.485842e-04 -2.793938e-04
 7702.600000 8.376331e-01 1.154642e+00 2.991832e+00 1.151419e-01 -3.948319e-04 -3.000115e-04 -2.527028e-04 -2.814470e-04
 7702.800000 8.378712e-01 1.155196e+00 2.989754e+00 1.148352e-01 -3.988496e-04 -3.070312e-04 -2.648933e-04 -2.922941e-04
 7703.000000 8.315976e-01 1.147231e+00 2.967243e+00 1.151407e-01 -3.952095e-04 -3.018777e-04 -2.656158e-04 -2.892790e-04
 7703.200000 8.340975e-01 1.150987e+00 2.974284e+00 1.142763e-01 -3.888032e-04 -3.062257e-04 -2.475144e-04 -2.886901e-04
 7703.400000 8.338139e-01 1.150190e+00 2.971221e+00 1.135396e-01 -3.901211e-04 -2.998877e-04 -2.411792e-04 -2.837861e-04
 7703.600000 8.401553e-01 1.159548e+00 2.991712e+00 1.145426e-01 -3.864147e-04 -2.975326e-04 -2.442856e-04 -2.742698e-04
 7703.800000 8.331784e-01 1.149715e+00 2.963734e+00 1.157070e-01 -3.829253e-04 -2.989522e-04 -2.384911e-04 -2.805543e-04
 7704.000000 8.329877e-01 1.149928e+00 2.962659e+00 1.149867e-01 -3.905211e-04 -2.985836e-04 -2.312316e-04 -2.837443e-04
 7704.200000 8.366832e-01 1.155006e+00 2.972359e+00 1.140939e-01 -4.015107e-04 -3.025195e-04 -2.445159e-04 -2.965575e-04
 7704.400000 8.316798e-01 1.148330e+00 2.951561e+00 1.144455e-01 -3.998118e-04 -3.013153e-04 -2.271023e-04 -2.977181e-04
 7704.600000 8.370335e-01 1.155743e+00 2.966124e+00 1.155919e-01 -3.913944e-04 -3.087832e-04 -2.418649e-04 -2.819469e-04
 7704.800000 8.328823e-01 1.150433e+00 2.948332e+00 1.133820e-01 -3.863096e-04 -3.027121e-04 -2.382328e-04 -2.766826e-04
 7705.000000 8.367323e-01 1.155636e+00 2.956559e+00 1.166626e-01 -3.854908e-04 -2.972864e-04 -2.352326e-04 -2.775571e-04
 7705.200000 8.336842e-01 1.151389e+00 2.940607e+00 1.150625e-01 -3.881420e-04 -2.857437e-04 -2.277587e-04 -2.698209e-04
 7705.400000 8.348714e-01 1.153159e+00 2.938993e+00 1.126341e-01 -3.869792e-04 -2.949029e-04 -2.324878e-04 -2.833600e-04
 7705.600000 8.342078e-01 1.152747e+00 2.932151e+00 1.143583e-01 -3.887996e-04 -2.946389e-04 -2.388222e-04 -2.827406e-04
 7705.800000 8.351206e-01 1.154411e+00 2.929623e+00 1.164332e-01 -3.847241e-04 -3.011412e-04 -2.456862e-04 -2.764682e-04
 7706.000000 8.331282e-01 1.151606e+00 2.912982e+00 1.139577e-01 -3.873214e-04 -3.011391e-04 -2.475202e-04 -2.653753e-04
 7706.200000 8.377528e-01 1.158164e+00 2.919796e+00 1.155834e-01 -3.906452e-04 -3.155414e-04 -2.630910e-04 -2.706832e-04
 7706.400000 8.345124e-01 1.153721e+00 2.896906e+00 1.156929e-01 -3.946375e-04 -3.085918e-04 -2.355331e-04 -2.666843e-04
 7706.600000 8.336421e-01 1.152487e+00 2.876465e+00 1.160449e-01 -3.961259e-04 -3.012273e-04 -2.415297e-04 -2.789068e-04
 7706.800000 8.328504e-01 1.151740e+00 2.855924e+00 1.137746e-01 -3.970010e-04 -3.034751e-04 -2.388465e-04 -2.804229e-04
 7707.000000 8.342431e-01 1.154116e+00 2.841135e+00 1.157783e-01 -3.953429e-04 -2.983181e-04 -2.330264e-04 -2.780622e-04
 7707.200000 8.323532e-01 1.151763e+00 2.803551e+00 1.147335e-01 -3.935148e-04 -2.981580e-04 -2.444935e-04 -2.776476e-04
 7707.400000 8.314660e-01 1.150332e+00 2.765241e+00 1.130805e-01 -3.932930e-04 -3.006124e-04 -2.486110e-04 -2.806720e-04
 7707.600000 8.343195e-01 1.154556e+00 2.734027e+00 1.152445e-01 -3.900371e-04 -2.981977e-04 -2.467371e-04 -2.790281e-04
 7707.800000 8.331980e-01 1.153256e+00 2.678087e+00 1.158942e-01 -3.858585e-04 -2.933707e-04 -2.366781e-04 -2.880951e-04
 7708.000000 8.361482e-01 1.157429e+00 2.629156e+00 1.155510e-01 -3.925809e-04 -2.921837e-04 -2.418169e-04 -2.982493e-04
 7708.200000 8.339688e-01 1.154510e+00 2.556822e+00 1.157529e-01 -3.894556e-04 -2.848533e-04 -2.472758e-04 -3.033249e-04
 7708.400000 8.337685e-01 1.154547e+00 2.486944e+00 1.158507e-01 -3.896263e-04 -2.889362e-04 -2.465865e-04 -2.923540e-04
 7708.600000 8.321123e-01 1.152338e+00 2.414678e+00 1.146754e-01 -3.971616e-04 -2.918005e-04 -2.374683e-04 -2.933651e-04
 7708.800000 8.297971e-01 1.149376e+00 2.342225e+00 1.159640e-01 -3.981241e-04 -3.023569e-04 -2.537314e-04 -2.882492e-04
 7709.000000 8.346805e-01 1.156413e+00 2.296860e+00 1.150680e-01 -3.883564e-04 -3.054901e-04 -2.542863e-04 -2.817159e-04
 7709.200000 8.353381e-01 1.157276e+00 2.238798e+00 1.159091e-01 -3.877315e-04 -3.055393e-04 -2.561669e-04 -2.890579e-04
 7709.400000 8.335385e-01 1.155135e+00 2.177749e+00 1.158467e-01 -3.895651e-04 -3.028697e-04 -2.558448e-04 -2.849747e-04
 7709.600000 8.337936e-01 1.155839e+00 2.126668e+00 1.152449e-01 -3.932320e-04 -3.000454e-04 -2.547973e-04 -2.906864e-04
 7709.800000 8.353838e-01 1.158062e+00 2.081556e+00 1.153835e-01 -3.870090e-04 -3.004604e-04 -2.408191e-04 -2.869479e-04
 7710.000000 8.334977e-01 1.155546e+00 2.029529e+00 1.148540e-01 -3.869573e-04 -2.974623e-04 -2.396164e-04 -2.789462e-04
 7710.200000 8.338318e-01 1.156124e+00 1.987448e+00 1.150977e-01 -3.893153e-04 -2.968683e-04 -2.459636e-04 -2.839437e-04
 7710.400000 8.350178e-01 1.158205e+00 1.953510e+00 1.156699e-01 -3.781141e-04 -2.896582e-04 -2.423368e-04 -2.859417e-04
 7710.600000 8.359748e-01 1.159730e+00 1.921955e+00 1.161959e-01 -3.783836e-04 -2.948551e-04 -2.490133e-04 -2.802344e-04
 7710.800000 8.350211e-01 1.158398e+00 1.887959e+00 1.166439e-01 -3.797725e-04 -2.942588e-04 -2.466818e-04 -2.780242e-04
 7711.000000 8.330650e-01 1.155554e+00 1.855941e+00 1.159188e-01 -3.743252e-04 -3.046838e-04 -2.532764e-04 -2.813398e-04
 7711.200000 8.341986e-01 1.157346e+00 1.835945e+00 1.157917e-01 -3.758163e-04 -3.000878e-04 -2.397955e-04 -2.826640e-04
 7711.400000 8.345917e-01 1.157951e+00 1.817695e+00 1.165607e-01 -3.740279e-04 -2.976962e-04 -2.414121e-04 -2.741064e-04
 7711.600000 8.337731e-01 1.156913e+00 1.799112e+00 1.168237e-01 -3.713816e-04 -2.942941e-04 -2.340305e-04 -2.626362e-04
 7711.800000 8.336213e-01 1.156959e+00 1.785990e+00 1.163550e-01 -3.728497e-04 -3.007508e-04 -2.417168e-04 -2.718388e-04
 7712.000000 8.339812e-01 1.157719e+00 1.776551e+00 1.164471e-01 -3.781184e-04 -2.956929e-04 -2.374515e-04 -2.729239e-04
 7712.200000 8.337045e-01 1.157337e+00 1.766709e+00 1.170077e-01 -3.774552e-04 -2.985699e-04 -2.446184e-04 -2.874721e-04
 7712.400000 8.334302e-01 1.156992e+00 1.759706e+00 1.174037e-01 -3.812736e-04 -3.075920e-04 -2.464129e-04 -2.803902e-04
 7712.600000 8.339133e-01 1.157587e+00 1.755403e+00 1.175571e-01 -3.724670e-04 -2.952452e-04 -2.380809e-04 -3.119110e-04
 7712.800000 8.332983e-01 1.156796e+00 1.750554e+00 1.179370e-01 -3.665344e-04 -2.900117e-04 -2.317899e-04 -3.082258e-04
 7713.000000 8.335353e-01 1.157225e+00 1.746904e+00 1.185551e-01 -3.768645e-04 -2.925182e-04 -2.308043e-04 -3.087012e-04
 7713.200000 8.344378e-01 1.158731e+00 1.745255e+00 1.189503e-01 -3.804457e-04 -2.940275e-04 -2.371798e-04 -3.033438e-04
 7713.400000 8.346567e-01 1.159175e+00 1.740712e+00 1.189966e-01 -3.866509e-04 -2.889290e-04 -2.416499e-04 -3.058960e-04
 7713.600000 8.329932e-01 1.156670e+00 1.729583e+00 1.191544e-01 -3.947528e-04 -2.966272e-04 -2.321687e-04 -3.151118e-04
 7713.800000 8.344468e-01 1.158775e+00 1.724675e+00 1.197447e-01 -3.953007e-04 -2.947754e-04 -2.253739e-04 -3.249247e-04
 7714.000000 8.336092e-01 1.157531e+00 1.710694e+00 1.206522e-01 -3.892340e-04 -3.053545e-04 -2.308360e-04 -2.874130e-04
 7714.200000 8.334349e-01 1.157254e+00 1.696522e+00 1.217901e-01 -3.917394e-04 -3.118892e-04 -2.318153e-04 -2.783443e-04
 7714.400000 8.327783e-01 1.156272e+00 1.678307e+00 1.209907e-01 -3.786457e-04 -3.139130e-04 -2.278469e-04 -2.869808e-04
 7714.600000 8.346949e-01 1.159110e+00 1.664629e+00 1.224818e-01 -3.826806e-04 -3.180501e-04 -2.360803e-04 -2.902843e-04
 7714.800000 8.333626e-01 1.157013e+00 1.641714e+00 1.228692e-01 -3.862765e-04 -3.063154e-04 -2.445185e-04 -2.921024e-04
 7715.000000 8.339260e-01 1.157900e+00 1.622031e+00 1.228590e-01 -3.868184e-04 -2.942957e-04 -2.422922e-04 -2.880322e-04
 7715.200000 8.329115e-01 1.156906e+00 1.596631e+00 1.219976e-01 -3.952078e-04 -2.938905e-04 -2.359718e-04 -2.844289e-04
 7715.400000 8.300733e-01 1.152986e+00 1.567056e+00 1.215560e-01 -3.928274e-04 -2.887940e-04 -2.431149e-04 -2.751557e-04
 7715.600000 8.322218e-01 1.156054e+00 1.550078e+00 1.219113e-01 -3.978286e-04 -2.876310e-04 -2.446391e-04 -2.842421e-04
 7715.800000 8.345036e-01 1.159417e+00 1.532715e+00 1.225239e-01 -3.914745e-04 -2.935028e-04 -2.372054e-04 -2.805406e-04
 7716.000000 8.328458e-01 1.157157e+00 1.506978e+00 1.224783e-01 -3.812471e-04 -2.939262e-04 -2.462325e-04 -2.859404e-04
 7716.200000 8.315258e-01 1.155722e+00 1.483698e+00 1.216115e-01 -3.870182e-04 -2.890442e-04 -2.390594e-04 -2.855028e-04
 7716.400000 8.332188e-01 1.158624e+00 1.466456e+00 1.222127e-01 -3.965817e-04 -3.009211e-04 -2.276722e-04 -2.806342e-04
 7716.600000 8.336515e-01 1.159201e+00 1.447734e+00 1.232746e-01 -3.859312e-04 -2.955895e-04 -2.260278e-04 -2.757443e-04
 7716.800000 8.328208e-01 1.158271e+00 1.425022e+00 1.209154e-01 -3.892446e-04 -2.985939e-04 -2.389544e-04 -2.738624e-04
 7717.000000 8.336774e-01 1.159390e+00 1.408070e+00 1.227029e-01 -4.000186e-04 -3.065417e-04 -2.381322e-04 -2.569907e-04
 7717.200000 8.314487e-01 1.156311e+00 1.383425e+00 1.209644e-01 -4.023695e-04 -2.961337e-04 -2.399459e-04 -2.637890e-04
 7717.400000 8.312490e-01 1.156222e+00 1.363009e+00 1.228619e-01 -4.019916e-04 -2.880916e-04 -2.334297e-04 -2.704286e-04
 7717.600000 8.318925e-01 1.157270e+00 1.344426e+00 1.225074e-01 -3.955288e-04 -2.886995e-04 -2.418331e-04 -2.769126e-04
 7717.800000 8.325230e-01 1.158100e+00 1.325532e+00 1.238570e-01 -3.974273e-04 -2.961477e-04 -2.453363e-04 -2.752890e-04
 7718.000000 8.346779e-01 1.161525e+00 1.309860e+00 1.232830e-01 -3.903887e-04 -2.989970e-04 -2.507781e-04 -2.770333e-04
 7718.200000 8.328845e-01 1.158759e+00 1.285835e+00 1.222512e-01 -3.822501e-04 -3.006246e-04 -2.459075e-04 -2.795193e-04
 7718.400000 8.286436e-01 1.152683e+00 1.258365e+00 1.230852e-01 -3.868871e-04 -2.983578e-04 -2.349048e-04 -2.657398e-04
 7718.600000 8.308275e-01 1.156019e+00 1.242599e+00 1.245443e-01 -3.889712e-04 -2.922513e-04 -2.310128e-04 -2.621084e-04
 7718.800000 8.318278e-01 1.157314e+00 1.224723e+00 1.236481e-01 -3.908792e-04 -2.934692e-04 -2.357760e-04 -2.681429e-04
 7719.000000 8.320866e-01 1.157725e+00 1.205603e+00 1.264837e-01 -3.927319e-04 -2.974901e-04 -2.339650e-04 -2.737686e-04
 7719.200000 8.312526e-01 1.156640e+00 1.182320e+00 1.262668e-01 -3.921504e-04 -2.893533e-04 -2.393001e-04 -2.790512e-04
 7719.400000 8.307274e-01 1.156084e+00 1.162866e+00 1.268097e-01 -4.034165e-04 -2.879327e-04 -2.546986e-04 -2.916906e-04
 7719.600000 8.319769e-01 1.157709e+00 1.146305e+00 1.265088e-01 -4.002724e-04 -2.884793e-04 -2.428808e-04 -2.820889e-04
 7719.800000 8.315771e-01 1.156742e+00 1.125495e+00 1.265786e-01 -3.963378e-04 -2.959362e-04 -2.563668e-04 -2.828058e-04
 7720.000000 8.316041e-01 1.156965e+00 1.103982e+00 1.270682e-01 -3.977987e-04 -2.978360e-04 -2.436002e-04 -2.685647e-04
 7720.200000 8.324509e-01 1.158215e+00 1.085772e+00 1.270286e-01 -3.971993e-04 -2.976135e-04 -2.406214e-04 -2.636004e-04
 7720.400000 8.292901e-01 1.153808e+00 1.061633e+00 1.287115e-01 -3.912173e-04 -3.053550e-04 -2.424159e-04 -2.686598e-04
 7720.600000 8.330723e-01 1.159277e+00 1.046818e+00 1.294427e-01 -4.022150e-04 -3.009706e-04 -2.361525e-04 -2.642689e-04
 7720.800000 8.333938e-01 1.159845e+00 1.026579e+00 1.283055e-01 -3.942580e-04 -2.940050e-04 -2.311448e-04 -2.636841e-04
 7721.000000 8.294432e-01 1.154115e+00 9.998055e-01 1.292093e-01 -3.997759e-04 -2.952331e-04 -2.384315e-04 -2.736925e-04
 7721.200000 8.311124e-01 1.156556e+00 9.812346e-01 1.283845e-01 -4.109605e-04 -3.003912e-04 -2.422571e-04 -2.631805e-04
 7721.400000 8.292177e-01 1.154164e+00 9.593771e-01 1.298548e-01 -4.140714e-04 -2.980523e-04 -2.405958e-04 -2.610867e-04
 7721.600000 8.328626e-01 1.158830e+00 9.435692e-01 1.304010e-01 -4.184010e-04 -2.958099e-04 -2.436383e-04 -2.916000e-04
 7721.800000 8.285039e-01 1.153150e+00 9.189343e-01 1.300634e-01 -4.069755e-04 -3.010883e-04 -2.236362e-04 -2.700278e-04
 7722.000000 8.353768e-01 1.162853e+00 9.088535e-01 1.308519e-01 -4.057246e-04 -3.000122e-04 -2.337329e-04 -2.617107e-04
 7722.200000 8.310259e-01 1.156787e+00 8.855988e-01 1.309526e-01 -4.059028e-04 -2.945486e-04 -2.456383e-04 -2.692908e-04
 7722.400000 8.279525e-01 1.152766e+00 8.641729e-01 1.308827e-01 -4.070834e-04 -2.996987e-04 -2.437070e-04 -2.634641e-04
 7722.600000 8.321993e-01 1.159046e+00 8.536126e-01 1.324834e-01 -4.062149e-04 -2.981249e-04 -2.450631e-04 -2.691703e-04
 7722.800000 8.332223e-01 1.160320e+00 8.385792e-01 1.317611e-01 -4.117123e-04 -2.941147e-04 -2.511517e-04 -2.708844e-04
 7723.000000 8.315026e-01 1.157521e+00 8.222685e-01 1.315437e-01 -4.101742e-04 -3.033685e-04 -2.572255e-04 -2.793812e-04
 7723.200000 8.319917e-01 1.158202e+00 8.080121e-01 1.324910e-01 -4.028226e-04 -3.127068e-04 -2.426939e-04 -2.705195e-04
 7723.400000 8.241066e-01 1.147238e+00 7.875908e-01 1.323030e-01 -4.042971e-04 -3.072582e-04 -2.524221e-04 -2.627463e-04
 7723.600000 8.359801e-01 1.164168e+00 7.898793e-01 1.331305e-01 -4.102136e-04 -2.964297e-04 -2.515548e-04 -2.683166e-04
 7723.800000 8.304998e-01 1.156604e+00 7.753417e-01 1.325462e-01 -4.095949e-04 -2.984089e-04 -2.553852e-04 -2.699824e-04
 7724.000000 8.327719e-01 1.159890e+00 7.692803e-01 1.329840e-01 -4.063349e-04 -2.990028e-04 -2.619456e-04 -2.699373e-04
 7724.200000 8.304836e-01 1.156815e+00 7.596367e-01 1.350375e-01 -4.013124e-04 -2.970762e-04 -2.678808e-04 -2.753395e-04
 7724.400000 8.349898e-01 1.163832e+00 7.587637e-01 1.351226e-01 -4.029227e-04 -2.987476e-04 -2.568893e-04 -2.701920e-04
 7724.600000 8.317967e-01 1.158768e+00 7.502639e-01 1.331056e-01 -4.067498e-04 -3.026601e-04 -2.474254e-04 -2.666794e-04
 7724.800000 8.264226e-01 1.150868e+00 7.408564e-01 1.356300e-01 -4.102201e-04 -2.952855e-04 -2.535875e-04 -2.638122e-04
 7725.000000 8.250433e-01 1.148780e+00 7.359863e-01 1.329237e-01 -4.051362e-04 -2.928964e-04 -2.455913e-04 -2.686375e-04
 7725.200000 8.345308e-01 1.162779e+00 7.433204e-01 1.365575e-01 -4.077606e-04 -2.949326e-04 -2.623399e-04 -2.749470e-04
 7725.400000 8.303694e-01 1.156908e+00 7.375582e-01 1.356646e-01 -4.172315e-04 -3.004200e-04 -2.484147e-04 -2.780682e-04
 7725.600000 8.315227e-01 1.158927e+00 7.378287e-01 1.379777e-01 -4.108567e-04 -2.995363e-04 -2.437318e-04 -2.750515e-04
 7725.800000 8.317912e-01 1.159138e+00 7.372647e-01 1.362801e-01 -3.936085e-04 -2.982422e-04 -2.578858e-04 -2.750626e-04
 7726.000000 8.321777e-01 1.160067e+00 7.381697e-01 1.366524e-01 -4.037570e-04 -2.998688e-04 -2.507297e-04 -2.769725e-04
 7726.200000 8.312119e-01 1.158700e+00 7.367638e-01 1.352986e-01 -4.020752e-04 -2.994905e-04 -2.482191e-04 -2.724116e-04
 7726.400000 8.269755e-01 1.152488e+00 7.342590e-01 1.376868e-01 -3.984870e-04 -2.943526e-04 -2.444705e-04 -2.709003e-04
 7726.600000 8.264212e-01 1.151472e+00 7.327800e-01 1.352224e-01 -4.065771e-04 -2.940922e-04 -2.550793e-04 -2.771830e-04
 7726.800000 8.346545e-01 1.163582e+00 7.413739e-01 1.366508e-01 -4.099098e-04 -2.997480e-04 -2.601231e-04 -2.700273e-04
 7727.000000 8.335894e-01 1.162149e+00 7.422687e-01 1.390509e-01 -4.003742e-04 -3.004962e-04 -2.588322e-04 -2.709316e-04
 7727.200000 8.289796e-01 1.156185e+00 7.398719e-01 1.380041e-01 -4.008893e-04 -2.933900e-04 -2.532518e-04 -2.727451e-04
 7727.400000 8.290508e-01 1.156072e+00 7.400425e-01 1.386813e-01 -4.039027e-04 -2.920251e-04 -2.552825e-04 -2.710830e-04
 7727.600000 8.311753e-01 1.159521e+00 7.429591e-01 1.375260e-01 -4.005336e-04 -2.946874e-04 -2.523644e-04 -2.682627e-04
 7727.800000 8.311358e-01 1.159153e+00 7.446654e-01 1.371079e-01 -4.109847e-04 -2.881964e-04 -2.546663e-04 -2.624441e-04
 7728.000000 8.328219e-01 1.162020e+00 7.473871e-01 1.378297e-01 -4.011068e-04 -2.905242e-04 -2.539167e-04 -2.773088e-04
 7728.200000 8.285129e-01 1.156146e+00 7.441247e-01 1.371942e-01 -3.913115e-04 -2.940670e-04 -2.499445e-04 -2.699596e-04
 7728.400000 8.317004e-01 1.161232e+00 7.467969e-01 1.365356e-01 -4.011304e-04 -2.997828e-04 -2.434468e-04 -2.697749e-04
 7728.600000 8.289197e-01 1.157244e+00 7.463770e-01 1.406540e-01 -4.029920e-04 -3.004496e-04 -2.483976e-04 -2.695340e-04
 7728.800000 8.334831e-01 1.163367e+00 7.504541e-01 1.384749e-01 -4.000983e-04 -2.921478e-04 -2.425720e-04 -2.584164e-04
 7729.000000 8.303070e-01 1.159033e+00 7.472967e-01 1.373276e-01 -4.017464e-04 -2.892366e-04 -2.364449e-04 -2.619400e-04
 7729.200000 8.327634e-01 1.162966e+00 7.490524e-01 1.397748e-01 -4.149655e-04 -2.937011e-04 -2.559788e-04 -2.610722e-04
 7729.400000 8.309425e-01 1.160414e+00 7.467691e-01 1.357723e-01 -4.081563e-04 -2.953129e-04 -2.517014e-04 -2.598460e-04
 7729.600000 8.302970e-01 1.159412e+00 7.451653e-01 1.380709e-01 -4.083936e-04 -2.935762e-04 -2.392725e-04 -2.661413e-04
 7729.800000 8.301200e-01 1.159114e+00 7.430132e-01 1.366884e-01 -4.071304e-04 -2.897049e-04 -2.525646e-04 -2.706903e-04
 7730.000000 8.322968e-01 1.162560e+00 7.430248e-01 1.374981e-01 -4.160949e-04 -2.881111e-04 -2.553879e-04 -2.778045e-04
 7730.200000 8.285474e-01 1.157464e+00 7.355945e-01 1.386972e-01 -4.148141e-04 -2.777538e-04 -2.414765e-04 -2.910206e-04
 7730.400000 8.294622e-01 1.158837e+00 7.328523e-01 1.384030e-01 -4.031040e-04 -2.803733e-04 -2.388921e-04 -2.831599e-04
 7730.600000 8.226120e-01 1.149976e+00 7.240980e-01 1.362451e-01 -3.973029e-04 -2.834412e-04 -2.339888e-04 -2.726143e-04
 7730.800000 8.327870e-01 1.164425e+00 7.295402e-01 1.376803e-01 -4.115689e-04 -2.864354e-04 -2.227198e-04 -2.736060e-04
 7731.000000 8.326692e-01 1.164146e+00 7.250573e-01 1.395035e-01 -4.121271e-04 -2.899683e-04 -2.395409e-04 -2.659101e-04
 7731.200000 8.311394e-01 1.162279e+00 7.182407e-01 1.387888e-01 -3.997697e-04 -2.880440e-04 -2.506820e-04 -2.591677e-04
 7731.400000 8.303762e-01 1.161436e+00 7.140643e-01 1.377896e-01 -4.003919e-04 -2.844941e-04 -2.575261e-04 -2.706238e-04
 7731.600000 8.306293e-01 1.161267e+00 7.088162e-01 1.363939e-01 -3.962473e-04 -2.947192e-04 -2.469913e-04 -2.684184e-04
 7731.800000 8.293237e-01 1.159720e+00 7.048000e-01 1.420868e-01 -3.967507e-04 -2.912691e-04 -2.638391e-04 -2.792938e-04
 7732.000000 8.328979e-01 1.165542e+00 7.032987e-01 1.377730e-01 -3.932662e-04 -2.837220e-04 -2.658751e-04 -2.629989e-04
 7732.200000 8.321879e-01 1.164321e+00 6.977363e-01 1.380118e-01 -3.948000e-04 -2.901422e-04 -2.474710e-04 -2.571591e-04
 7732.400000 8.252909e-01 1.154389e+00 6.885168e-01 1.383551e-01 -3.976428e-04 -2.875597e-04 -2.455753e-04 -2.538590e-04
 7732.600000 8.292813e-01 1.160450e+00 6.907104e-01 1.378127e-01 -3.973273e-04 -2.859730e-04 -2.477993e-04 -2.586100e-04
 7732.800000 8.251914e-01 1.155292e+00 6.848503e-01 1.376217e-01 -3.982478e-04 -2.820101e-04 -2.464315e-04 -2.651096e-04
 7733.000000 8.362262e-01 1.170873e+00 6.935106e-01 1.409192e-01 -3.973301e-04 -2.830468e-04 -2.436619e-04 -2.635954e-04
 7733.200000 8.292765e-01 1.161455e+00 6.855635e-01 1.376990e-01 -3.944567e-04 -2.859492e-04 -2.508792e-04 -2.555582e-04
 7733.400000 8.318221e-01 1.164889e+00 6.879806e-01 1.388907e-01 -3.995421e-04 -2.856994e-04 -2.585657e-04 -2.499550e-04
 7733.600000 8.222435e-01 1.151387e+00 6.790694e-01 1.376568e-01 -3.990481e-04 -2.802807e-04 -2.421385e-04 -2.502584e-04
 7733.800000 8.315683e-01 1.164601e+00 6.892105e-01 1.398510e-01 -3.999226e-04 -2.877571e-04 -2.505422e-04 -2.602694e-04
 7734.000000 8.298776e-01 1.162468e+00 6.892704e-01 1.378365e-01 -3.967598e-04 -2.903871e-04 -2.457125e-04 -2.464543e-04
 7734.200000 8.302157e-01 1.163075e+00 6.916052e-01 1.386873e-01 -3.965766e-04 -2.932614e-04 -2.371027e-04 -2.574181e-04
 7734.400000 8.224173e-01 1.151773e+00 6.877930e-01 1.392030e-01 -4.011528e-04 -2.897836e-04 -2.375550e-04 -2.643740e-04
 7734.600000 8.342507e-01 1.169286e+00 7.008559e-01 1.400560e-01 -4.042341e-04 -2.824891e-04 -2.311889e-04 -2.564577e-04
 7734.800000 8.250369e-01 1.156272e+00 6.959692e-01 1.375801e-01 -4.054612e-04 -2.859812e-04 -2.278134e-04 -2.667015e-04
 7735.000000 8.216805e-01 1.151532e+00 6.946118e-01 1.394590e-01 -4.045566e-04 -2.822092e-04 -2.224425e-04 -2.642572e-04
 7735.200000 8.348398e-01 1.170428e+00 7.116170e-01 1.379013e-01 -4.093494e-04 -2.905117e-04 -2.410129e-04 -2.610781e-04
 7735.400000 8.307312e-01 1.165117e+00 7.109258e-01 1.358528e-01 -4.070581e-04 -3.017985e-04 -2.438952e-04 -2.561095e-04
 7735.600000 8.340922e-01 1.170138e+00 7.177581e-01 1.420459e-01 -4.078185e-04 -2.922402e-04 -2.437230e-04 -2.459308e-04
 7735.800000 8.256259e-01 1.157421e+00 7.127419e-01 1.393732e-01 -4.036674e-04 -2.871419e-04 -2.550173e-04 -2.522607e-04
 7736.000000 8.317640e-01 1.166402e+00 7.207489e-01 1.405804e-01 -3.926440e-04 -2.959457e-04 -2.634415e-04 -2.616176e-04
 7736.200000 8.261112e-01 1.159336e+00 7.195990e-01 1.393537e-01 -3.857779e-04 -2.873072e-04 -2.638048e-04 -2.681511e-04
 7736.400000 8.259650e-01 1.159208e+00 7.206947e-01 1.393613e-01 -3.905878e-04 -2.836840e-04 -2.554447e-04 -2.649213e-04
 7736.600000 8.299952e-01 1.164987e+00 7.289826e-01 1.364875e-01 -3.906476e-04 -2.835368e-04 -2.583001e-04 -2.598189e-04
 7736.800000 8.255672e-01 1.158846e+00 7.259716e-01 1.369295e-01 -3.996201e-04 -2.968320e-04 -2.524771e-04 -2.579649e-04
 7737.000000 8.307572e-01 1.166675e+00 7.343426e-01 1.400641e-01 -3.956949e-04 -2.941491e-04 -2.496865e-04 -2.678063e-04
 7737.200000 8.277383e-01 1.162440e+00 7.316892e-01 1.386331e-01 -4.020303e-04 -2.917665e-04 -2.444191e-04 -2.598264e-04
 7737.400000 8.296212e-01 1.165198e+00 7.358342e-01 1.383116e-01 -3.992410e-04 -2.924025e-04 -2.505416e-04 -2.722525e-04
 7737.600000 8.294567e-01 1.164903e+00 7.367905e-01 1.352863e-01 -3.910656e-04 -2.787814e-04 -2.427853e-04 -2.566968e-04
 7737.800000 8.258712e-01 1.160312e+00 7.357578e-01 1.388160e-01 -3.942009e-04 -2.854923e-04 -2.484075e-04 -2.633170e-04
 7738.000000 8.315981e-01 1.168599e+00 7.405885e-01 1.405014e-01 -4.005098e-04 -2.923040e-04 -2.538697e-04 -2.712437e-04
 7738.200000 8.289592e-01 1.164885e+00 7.390795e-01 1.375962e-01 -3.976511e-04 -2.946766e-04 -2.626653e-04 -2.592497e-04
 7738.400000 8.279820e-01 1.164498e+00 7.418380e-01 1.374974e-01 -4.022172e-04 -2.903291e-04 -2.605910e-04 -2.544354e-04
 7738.600000 8.284401e-01 1.165099e+00 7.430372e-01 1.364858e-01 -4.047958e-04 -2.956957e-04 -2.621920e-04 -2.583490e-04
 7738.800000 8.252990e-01 1.159860e+00 7.419531e-01 1.364146e-01 -4.003252e-04 -2.992900e-04 -2.525950e-04 -2.676399e-04
 7739.000000 8.279732e-01 1.164493e+00 7.458355e-01 1.372403e-01 -3.977493e-04 -2.905306e-04 -2.376965e-04 -2.629885e-04
 7739.200000 8.275770e-01 1.163720e+00 7.470384e-01 1.377160e-01 -3.899440e-04 -2.895049e-04 -2.478260e-04 -2.557745e-04
 7739.400000 8.284056e-01 1.166076e+00 7.498477e-01 1.380949e-01 -3.960401e-04 -2.946801e-04 -2.462781e-04 -2.415436e-04
 7739.600000 8.289621e-01 1.167252e+00 7.541687e-01 1.335353e-01 -4.045179e-04 -2.985135e-04 -2.391283e-04 -2.517085e-04
 7739.800000 8.315107e-01 1.170542e+00 7.573774e-01 1.347057e-01 -4.030522e-04 -2.883039e-04 -2.372120e-04 -2.573358e-04
 7740.000000 8.236837e-01 1.159554e+00 7.514706e-01 1.381039e-01 -4.069118e-04 -2.878868e-04 -2.398513e-04 -2.694774e-04
 7740.200000 8.249292e-01 1.161508e+00 7.544131e-01 1.365718e-01 -4.022129e-04 -2.909306e-04 -2.474765e-04 -2.446494e-04
 7740.400000 8.288262e-01 1.167332e+00 7.602716e-01 1.367698e-01 -3.948876e-04 -2.906730e-04 -2.572083e-04 -2.377808e-04
 7740.600000 8.167675e-01 1.150762e+00 7.517419e-01 1.330992e-01 -3.820799e-04 -2.877578e-04 -2.492969e-04 -2.378237e-04
 7740.800000 8.192123e-01 1.153843e+00 7.536789e-01 1.356390e-01 -3.874847e-04 -2.846417e-04 -2.528578e-04 -2.518718e-04
 7741.000000 8.339279e-01 1.175097e+00 7.719083e-01 1.369630e-01 -3.787745e-04 -2.972376e-04 -2.578447e-04 -2.544431e-04
 7741.200000 8.110625e-01 1.143891e+00 7.510443e-01 1.317787e-01 -3.886428e-04 -2.825361e-04 -2.433976e-04 -2.457533e-04
 7741.400000 8.306481e-01 1.170571e+00 7.723468e-01 1.309436e-01 -3.918694e-04 -2.905706e-04 -2.553046e-04 -2.426224e-04
 7741.600000 8.178634e-01 1.153348e+00 7.601348e-01 1.334746e-01 -3.911437e-04 -2.917741e-04 -2.591930e-04 -2.502277e-04
 7741.800000 8.151192e-01 1.149330e+00 7.603215e-01 1.364275e-01 -3.820224e-04 -2.863323e-04 -2.555286e-04 -2.528412e-04
 7742.000000 8.063126e-01 1.136919e+00 7.534873e-01 1.323095e-01 -3.835736e-04 -2.876071e-04 -2.504810e-04 -2.464370e-04
 7742.700000 8.007306e-01 1.130325e+00 7.522196e-01 1.298514e-01 -3.834470e-04 -2.824373e-04 -2.743918e-04 -2.546351e-04
 7743.400000 8.211454e-01 1.159877e+00 7.732380e-01 1.342774e-01 -3.852588e-04 -2.802788e-04 -2.608802e-04 -2.474730e-04
 7744.100000 8.308577e-01 1.173833e+00 7.845319e-01 1.347957e-01 -3.808292e-04 -2.806842e-04 -2.629520e-04 -2.524198e-04
 7744.800000 8.296584e-01 1.172828e+00 7.840759e-01 1.348755e-01 -3.658355e-04 -2.839596e-04 -2.554162e-04 -2.605087e-04
 7745.500000 8.298884e-01 1.173914e+00 7.843131e-01 1.355065e-01 -3.643988e-04 -2.849626e-04 -2.463617e-04 -2.629383e-04
 7746.200000 8.291545e-01 1.173702e+00 7.823754e-01 1.352399e-01 -3.565021e-04 -2.865959e-04 -2.462508e-04 -2.465143e-04
 7746.900000 8.283886e-01 1.173118e+00 7.791908e-01 1.344093e-01 -3.605687e-04 -2.946973e-04 -2.460500e-04 -2.399993e-04
 7747.600000 8.297257e-01 1.175701e+00 7.756828e-01 1.340511e-01 -3.609141e-04 -2.903394e-04 -2.565345e-04 -2.471446e-04
 7748.300000 8.283441e-01 1.174134e+00 7.678437e-01 1.344316e-01 -3.657945e-04 -2.896647e-04 -2.532632e-04 -2.486873e-04
 7749.993695 8.274180e-01 1.174310e+00 7.455571e-01 1.347702e-01 -3.656438e-04 -2.828411e-04 -2.440511e-04 -2.516476e-04
 7750.999583 8.278704e-01 1.175621e+00 7.307266e-01 1.344036e-01 -3.767231e-04 -2.811440e-04 -2.572474e-04 -2.525902e-04
 7752.017662 8.269616e-01 1.175056e+00 7.124008e-01 1.337767e-01 -3.778456e-04 -2.864928e-04 -2.589446e-04 -2.587424e-04
 7753.047933 8.253540e-01 1.173360e+00 6.935119e-01 1.332901e-01 -3.866471e-04 -2.739798e-04 -2.589274e-04 -2.634746e-04
 7754.090396 8.263836e-01 1.175720e+00 6.775784e-01 1.332589e-01 -3.791672e-04 -2.783281e-04 -2.694681e-04 -2.648016e-04
 7755.145051 8.265371e-01 1.177698e+00 6.643457e-01 1.326331e-01 -3.847998e-04 -2.898347e-04 -2.712398e-04 -2.700549e-04
 7756.211898 8.252264e-01 1.175362e+00 6.515389e-01 1.335322e-01 -3.875053e-04 -2.837818e-04 -2.630141e-04 -2.602060e-04
 7757.290937 8.187005e-01 1.165659e+00 6.389640e-01 1.322671e-01 -3.851423e-04 -2.872612e-04 -2.485842e-04 -2.633891e-04
 7758.382167 8.260500e-01 1.178853e+00 6.466473e-01 1.324808e-01 -3.756735e-04 -2.870310e-04 -2.632943e-04 -2.668920e-04
 7759.485590 8.251063e-01 1.179259e+00 6.523246e-01 1.326987e-01 -3.741732e-04 -2.852260e-04 -2.602164e-04 -2.715976e-04
 7760.601204 8.245323e-01 1.178572e+00 6.623111e-01 1.330927e-01 -3.831799e-04 -2.912248e-04 -2.623286e-04 -2.695577e-04
 7761.729011 8.251037e-01 1.180767e+00 6.790145e-01 1.348747e-01 -3.763194e-04 -3.023502e-04 -2.664811e-04 -2.682146e-04
 7762.869009 8.246300e-01 1.180863e+00 6.987421e-01 1.333353e-01 -3.769538e-04 -3.059485e-04 -2.614272e-04 -2.726146e-04
 7764.021199 8.249347e-01 1.182160e+00 7.205408e-01 1.360344e-01 -3.874282e-04 -3.048405e-04 -2.562269e-04 -2.704451e-04
 7765.185582 8.225632e-01 1.179110e+00 7.380288e-01 1.346213e-01 -3.856653e-04 -3.039535e-04 -2.449174e-04 -2.600383e-04
 7766.362156 8.247242e-01 1.183162e+00 7.608169e-01 1.348440e-01 -3.788330e-04 -3.011056e-04 -2.410954e-04 -2.510276e-04
 7767.550922 8.240390e-01 1.183459e+00 7.793117e-01 1.358542e-01 -3.793818e-04 -2.954574e-04 -2.513504e-04 -2.515556e-04
 7768.751879 8.247996e-01 1.185570e+00 7.972349e-01 1.361476e-01 -3.793023e-04 -3.019809e-04 -2.515771e-04 -2.526900e-04
 7769.965029 8.230840e-01 1.184009e+00 8.088490e-01 1.360007e-01 -3.775010e-04 -2.970259e-04 -2.558301e-04 -2.595528e-04
 7771.190371 8.240197e-01 1.186238e+00 8.179179e-01 1.368760e-01 -3.854606e-04 -2.936250e-04 -2.561566e-04 -2.547705e-04
 7772.427904 8.231867e-01 1.186159e+00 8.228585e-01 1.359204e-01 -3.766625e-04 -3.015111e-04 -2.658418e-04 -2.493362e-04
 7773.677630 8.229778e-01 1.186710e+00 8.263490e-01 1.362901e-01 -3.764181e-04 -3.008872e-04 -2.679541e-04 -2.518405e-04
 7774.939547 8.219294e-01 1.186072e+00 8.290152e-01 1.359638e-01 -3.801862e-04 -3.036200e-04 -2.715436e-04 -2.453959e-04
 7776.213657 8.211286e-01 1.185817e+00 8.339985e-01 1.363845e-01 -3.745096e-04 -3.068379e-04 -2.722554e-04 -2.463805e-04
 7777.499958 8.216712e-01 1.187890e+00 8.398784e-01 1.362000e-01 -3.767789e-04 -2.980677e-04 -2.688966e-04 -2.591058e-04
 7778.798451 8.226601e-01 1.190920e+00 8.456779e-01 1.353400e-01 -3.774824e-04 -2.932502e-04 -2.629323e-04 -2.631619e-04
 7780.109136 8.206931e-01 1.188414e+00 8.441665e-01 1.367765e-01 -3.839866e-04 -2.946310e-04 -2.583699e-04 -2.538787e-04
 7781.432013 8.205114e-01 1.189131e+00 8.410032e-01 1.364661e-01 -3.823347e-04 -2.932145e-04 -2.496640e-04 -2.599043e-04
 7782.767082 8.212989e-01 1.191812e+00 8.369953e-01 1.367971e-01 -3.763773e-04 -2.988893e-04 -2.573200e-04 -2.759403e-04
 7784.114342 8.198270e-01 1.190511e+00 8.280076e-01 1.363808e-01 -3.710050e-04 -3.034886e-04 -2.618767e-04 -2.691325e-04
 7785.473795 8.190430e-01 1.190403e+00 8.213073e-01 1.377620e-01 -3.768387e-04 -3.018807e-04 -2.628795e-04 -2.677279e-04
 7786.845440 8.208901e-01 1.194639e+00 8.182984e-01 1.358325e-01 -3.850210e-04 -2.999459e-04 -2.481448e-04 -2.686678e-04
 7788.229276 8.200431e-01 1.194118e+00 8.106453e-01 1.374391e-01 -3.852175e-04 -2.885163e-04 -2.406958e-04 -2.620651e-04
 7789.625305 8.183331e-01 1.192482e+00 7.992280e-01 1.368546e-01 -3.864758e-04 -2.825917e-04 -2.601221e-04 -2.568037e-04
 7791.033525 8.199419e-01 1.196121e+00 7.916466e-01 1.366708e-01 -3.741975e-04 -2.862104e-04 -2.536402e-04 -2.648498e-04
 7792.453937 8.185715e-01 1.195395e+00 7.815575e-01 1.369349e-01 -3.881009e-04 -2.871756e-04 -2.583014e-04 -2.540638e-04
 7793.886541 8.186194e-01 1.196491e+00 7.739818e-01 1.380183e-01 -3.944098e-04 -2.904106e-04 -2.754400e-04 -2.597351e-04
 7795.331337 8.163934e-01 1.193622e+00 7.632231e-01 1.359343e-01 -3.951807e-04 -2.935481e-04 -2.518554e-04 -2.626382e-04
 7796.788325 8.187964e-01 1.198936e+00 7.554250e-01 1.382257e-01 -3.984127e-04 -2.878801e-04 -2.582931e-04 -2.635908e-04
 7798.257505 8.182406e-01 1.199899e+00 7.427157e-01 1.377019e-01 -3.884805e-04 -2.830619e-04 -2.672763e-04 -2.666282e-04
 7799.738877 8.182769e-01 1.200675e+00 7.281624e-01 1.377736e-01 -3.848734e-04 -2.820243e-04 -2.626549e-04 -2.615109e-04
 7801.232440 8.151539e-01 1.196532e+00 7.096601e-01 1.365831e-01 -3.923228e-04 -2.753963e-04 -2.676265e-04 -2.617841e-04
 7802.738196 8.171907e-01 1.201620e+00 6.980158e-01 1.376816e-01 -3.840460e-04 -2.710503e-04 -2.594018e-04 -2.581793e-04
 7804.256143 8.177271e-01 1.204165e+00 6.884875e-01 1.375843e-01 -3.875351e-04 -2.754331e-04 -2.601998e-04 -2.616328e-04
 7805.786283 8.171150e-01 1.204138e+00 6.817823e-01 1.392142e-01 -3.835006e-04 -2.824214e-04 -2.596627e-04 -2.526410e-04
 7807.328614 8.157743e-01 1.203480e+00 6.798403e-01 1.375485e-01 -3.800460e-04 -2.826807e-04 -2.512355e-04 -2.436461e-04
 7808.883137 8.179027e-01 1.208629e+00 6.872780e-01 1.379179e-01 -3.852940e-04 -2.886157e-04 -2.494981e-04 -2.534303e-04
 7810.449852 8.159687e-01 1.206448e+00 6.955469e-01 1.372267e-01 -3.779963e-04 -2.912547e-04 -2.647739e-04 -2.651789e-04
 7812.028759 8.144840e-01 1.204925e+00 7.057901e-01 1.381919e-01 -3.871029e-04 -2.942601e-04 -2.548332e-04 -2.635266e-04
 7813.619858 8.150213e-01 1.207470e+00 7.203709e-01 1.378813e-01 -3.850855e-04 -2.898251e-04 -2.477001e-04 -2.658280e-04
 7815.223149 8.168647e-01 1.211929e+00 7.378062e-01 1.375387e-01 -3.818262e-04 -2.888811e-04 -2.588312e-04 -2.684458e-04
 7816.838632 8.139390e-01 1.208390e+00 7.530802e-01 1.373369e-01 -3.834468e-04 -2.925397e-04 -2.575677e-04 -2.602477e-04
 7818.466307 8.154735e-01 1.211741e+00 7.713395e-01 1.386388e-01 -3.851753e-04 -2.952012e-04 -2.658631e-04 -2.654959e-04
 7820.106173 8.145502e-01 1.212020e+00 7.863169e-01 1.376646e-01 -3.829566e-04 -2.954857e-04 -2.552662e-04 -2.589509e-04
 7821.758232 8.153702e-01 1.214643e+00 8.055037e-01 1.380463e-01 -3.882684e-04 -3.007446e-04 -2.523563e-04 -2.669562e-04
 7823.422482 8.119160e-01 1.210589e+00 8.177614e-01 1.376260e-01 -3.890505e-04 -2.944323e-04 -2.578804e-04 -2.630238e-04
 7825.098924 8.154167e-01 1.217170e+00 8.416102e-01 1.381725e-01 -3.807968e-04 -2.905535e-04 -2.610970e-04 -2.471039e-04
 7826.787558 8.119673e-01 1.213231e+00 8.593858e-01 1.382906e-01 -3.758900e-04 -2.887707e-04 -2.732749e-04 -2.577062e-04
 7828.488385 8.098784e-01 1.212089e+00 8.793600e-01 1.371654e-01 -3.808664e-04 -2.814877e-04 -2.604829e-04 -2.559402e-04
 7830.201403 8.062639e-01 1.207606e+00 8.939089e-01 1.372922e-01 -3.852409e-04 -2.813042e-04 -2.572152e-04 -2.528545e-04
 7831.926613 8.113803e-01 1.216776e+00 9.134347e-01 1.376637e-01 -3.688716e-04 -2.846841e-04 -2.543615e-04 -2.533916e-04
 7833.664014 8.111471e-01 1.218265e+00 9.203372e-01 1.388552e-01 -3.795482e-04 -2.853006e-04 -2.598576e-04 -2.711273e-04
 7835.413608 8.113217e-01 1.219603e+00 9.218956e-01 1.378488e-01 -3.758854e-04 -2.875445e-04 -2.446291e-04 -2.652919e-04
 7837.175394 8.105773e-01 1.220023e+00 9.172507e-01 1.375733e-01 -3.743865e-04 -2.910151e-04 -2.418100e-04 -2.538569e-04
 7838.949371 8.113808e-01 1.222631e+00 9.111796e-01 1.372001e-01 -3.813886e-04 -2.855574e-04 -2.321729e-04 -2.563370e-04
 7840.735541 8.096213e-01 1.221081e+00 9.000646e-01 1.383669e-01 -3.815476e-04 -2.823423e-04 -2.299440e-04 -2.548098e-04
 7842.533902 8.111898e-01 1.224641e+00 8.920177e-01 1.386235e-01 -3.804813e-04 -2.862971e-04 -2.352549e-04 -2.526347e-04
 7844.344455 8.096189e-01 1.224362e+00 8.804518e-01 1.385482e-01 -3.851442e-04 -2.835506e-04 -2.414244e-04 -2.659409e-04
 7846.167201 8.097195e-01 1.226416e+00 8.727315e-01 1.388925e-01 -3.838618e-04 -2.933423e-04 -2.344796e-04 -2.692105e-04
 7848.002138 8.095750e-01 1.227922e+00 8.679245e-01 1.384053e-01 -3.894488e-04 -2.916647e-04 -2.387499e-04 -2.815366e-04
 7849.849267 8.094663e-01 1.228951e+00 8.662134e-01 1.388156e-01 -3.947298e-04 -3.001913e-04 -2.396972e-04 -2.720669e-04
 7851.708588 8.081829e-01 1.228073e+00 8.666279e-01 1.378239e-01 -3.913247e-04 -2.946589e-04 -2.381471e-04 -2.688416e-04
 7853.580100 8.065533e-01 1.227696e+00 8.689371e-01 1.376068e-01 -3.980219e-04 -2.840597e-04 -2.284923e-04 -2.584693e-04
 7855.463805 8.011842e-01 1.221034e+00 8.645670e-01 1.376650e-01 -3.921818e-04 -2.904633e-04 -2.348828e-04 -2.598899e-04
 7857.359702 8.073234e-01 1.232126e+00 8.676339e-01 1.388467e-01 -3.822924e-04 -2.815290e-04 -2.441869e-04 -2.657776e-04
 7859.267790 8.073214e-01 1.234225e+00 8.569024e-01 1.390458e-01 -3.834437e-04 -2.778836e-04 -2.469879e-04 -2.656015e-04
 7861.188071 8.076612e-01 1.236289e+00 8.391098e-01 1.383387e-01 -3.796251e-04 -2.801641e-04 -2.366880e-04 -2.655735e-04
 7863.120543 8.059613e-01 1.234939e+00 8.145809e-01 1.390873e-01 -3.764747e-04 -2.762902e-04 -2.491443e-04 -2.568202e-04
 7865.065207 8.072818e-01 1.238804e+00 7.952906e-01 1.394814e-01 -3.720055e-04 -2.801933e-04 -2.480046e-04 -2.580857e-04
 7867.022064 8.046122e-01 1.236318e+00 7.745750e-01 1.385112e-01 -3.821635e-04 -2.710395e-04 -2.426808e-04 -2.687577e-04
 7868.991112 8.074637e-01 1.242611e+00 7.655573e-01 1.397349e-01 -3.825436e-04 -2.732972e-04 -2.463921e-04 -2.657825e-04
 7870.972352 8.049344e-01 1.240025e+00 7.544979e-01 1.388593e-01 -3.804125e-04 -2.916285e-04 -2.516975e-04 -2.670460e-04
 7872.965784 8.060118e-01 1.243283e+00 7.514566e-01 1.400674e-01 -3.846932e-04 -2.829051e-04 -2.435482e-04 -2.638176e-04
 7874.971407 8.042546e-01 1.242790e+00 7.477095e-01 1.388960e-01 -3.942311e-04 -2.900009e-04 -2.360223e-04 -2.969344e-04
 7876.989223 8.050943e-01 1.245800e+00 7.501718e-01 1.401360e-01 -4.005466e-04 -3.013010e-04 -2.343916e-04 -3.150919e-04
 7879.019231 8.028536e-01 1.243663e+00 7.563635e-01 1.399282e-01 -3.941473e-04 -3.022552e-04 -2.477094e-04 -3.222467e-04
 7881.061430 8.043012e-01 1.247676e+00 7.727980e-01 1.387182e-01 -3.893261e-04 -3.000717e-04 -2.405674e-04 -3.108691e-04
 7883.115822 8.031732e-01 1.248194e+00 7.916931e-01 1.398923e-01 -3.898861e-04 -3.006173e-04 -2.611255e-04 -3.047802e-04
 7885.182405 8.037071e-01 1.250422e+00 8.197468e-01 1.398353e-01 -3.878353e-04 -3.084774e-04 -2.606924e-04 -3.146371e-04
 7887.261180 7.997503e-01 1.244936e+00 8.471316e-01 1.401235e-01 -3.810090e-04 -3.046858e-04 -2.532864e-04 -2.946012e-04
 7889.352148 8.031972e-01 1.253065e+00 8.893064e-01 1.411674e-01 -3.826407e-04 -3.032223e-04 -2.378675e-04 -2.527785e-04
 7891.455307 8.020450e-01 1.253640e+00 9.273782e-01 1.399282e-01 -3.815554e-04 -2.989655e-04 -2.375114e-04 -2.568830e-04
 7893.570658 7.953179e-01 1.243823e+00 9.557395e-01 1.390889e-01 -3.785124e-04 -3.030057e-04 -2.407288e-04 -2.500218e-04
 7895.698201 7.971606e-01 1.247521e+00 9.855348e-01 1.391988e-01 -3.837639e-04 -2.871990e-04 -2.433519e-04 -2.504984e-04
 7897.837935 8.025066e-01 1.258702e+00 1.011176e+00 1.403282e-01 -3.933671e-04 -2.732665e-04 -2.499001e-04 -2.488421e-04
 7899.989862 7.996700e-01 1.256020e+00 1.012877e+00 1.398892e-01 -3.880452e-04 -2.677731e-04 -2.489850e-04 -2.510051e-04
 7902.153981 8.010953e-01 1.260150e+00 1.008749e+00 1.408213e-01 -3.843116e-04 -2.739048e-04 -2.522913e-04 -2.548203e-04
 7904.330291 7.995023e-01 1.259490e+00 9.941641e-01 1.405073e-01 -3.879162e-04 -2.732346e-04 -2.564088e-04 -2.523032e-04
 7906.518794 7.997519e-01 1.261555e+00 9.790917e-01 1.407363e-01 -3.906877e-04 -2.861540e-04 -2.585094e-04 -2.511815e-04
 7908.719488 7.988639e-01 1.261629e+00 9.630654e-01 1.401059e-01 -3.884801e-04 -2.866638e-04 -2.470098e-04 -2.445189e-04
 7910.932374 7.987750e-01 1.263051e+00 9.497629e-01 1.412283e-01 -3.784210e-04 -2.811392e-04 -2.558561e-04 -2.439170e-04
 7913.157453 7.977633e-01 1.263315e+00 9.387018e-01 1.410286e-01 -3.747950e-04 -2.715268e-04 -2.561565e-04 -2.558837e-04
 7915.394723 7.990338e-01 1.268050e+00 9.348532e-01 1.398303e-01 -3.831785e-04 -2.735000e-04 -2.534957e-04 -2.607212e-04
 7917.644185 7.972358e-01 1.266114e+00 9.291611e-01 1.414890e-01 -3.895816e-04 -2.742747e-04 -2.608311e-04 -2.628842e-04
 7919.905838 7.975583e-01 1.268485e+00 9.307724e-01 1.411972e-01 -3.839101e-04 -2.859695e-04 -2.620878e-04 -2.533860e-04
 7922.179684 7.969348e-01 1.270290e+00 9.332286e-01 1.412987e-01 -3.922412e-04 -2.885057e-04 -2.543137e-04 -2.466385e-04
 7924.465722 7.973815e-01 1.273061e+00 9.383665e-01 1.411406e-01 -3.929366e-04 -2.909559e-04 -2.586703e-04 -2.531675e-04
 7926.763952 7.959322e-01 1.272723e+00 9.420395e-01 1.416464e-01 -3.878034e-04 -2.902673e-04 -2.504520e-04 -2.558547e-04
 7929.074373 7.963180e-01 1.274953e+00 9.500125e-01 1.410568e-01 -3.867638e-04 -2.905630e-04 -2.518299e-04 -2.495488e-04
 7931.396987 7.932395e-01 1.271815e+00 9.539212e-01 1.402177e-01 -3.923390e-04 -2.928958e-04 -2.541928e-04 -2.662329e-04
 7933.731792 7.949761e-01 1.276982e+00 9.651157e-01 1.419836e-01 -3.765866e-04 -2.915335e-04 -2.548141e-04 -2.681586e-04
 7936.078789 7.909307e-01 1.272161e+00 9.657957e-01 1.403827e-01 -3.811624e-04 -2.870316e-04 -2.496567e-04 -2.605415e-04
 7938.437978 7.822038e-01 1.260110e+00 9.561629e-01 1.389367e-01 -3.842115e-04 -2.905461e-04 -2.514732e-04 -2.626979e-04
 7940.809359 7.927394e-01 1.278848e+00 9.611842e-01 1.412695e-01 -3.816190e-04 -2.919616e-04 -2.598723e-04 -2.629035e-04
 7943.192932 7.953387e-01 1.285238e+00 9.524206e-01 1.416699e-01 -3.786063e-04 -2.937691e-04 -2.585142e-04 -2.578503e-04
 7945.588697 7.944575e-01 1.286083e+00 9.379238e-01 1.415363e-01 -3.762723e-04 -2.891983e-04 -2.680829e-04 -2.683641e-04
 7947.996654 7.938495e-01 1.286688e+00 9.255282e-01 1.408159e-01 -3.843802e-04 -2.886392e-04 -2.514391e-04 -2.660802e-04
 7950.416803 7.928274e-01 1.287087e+00 9.149325e-01 1.415145e-01 -3.911702e-04 -2.939591e-04 -2.444551e-04 -2.537304e-04
 7952.849143 7.935320e-01 1.290158e+00 9.088907e-01 1.414412e-01 -3.920668e-04 -2.850177e-04 -2.629772e-04 -2.594635e-04
 7955.293676 7.922965e-01 1.289877e+00 9.042301e-01 1.415862e-01 -3.865092e-04 -2.911419e-04 -2.657878e-04 -2.542755e-04
 7957.750400 7.923501e-01 1.292369e+00 9.046127e-01 1.419400e-01 -3.824600e-04 -2.881595e-04 -2.551117e-04 -2.544017e-04
 7960.219317 7.920538e-01 1.293891e+00 9.103532e-01 1.425439e-01 -3.848717e-04 -2.914616e-04 -2.608203e-04 -2.463596e-04
 7962.700425 7.917794e-01 1.295548e+00 9.214138e-01 1.422961e-01 -3.810902e-04 -2.956611e-04 -2.482478e-04 -2.411446e-04
 7965.193725 7.911330e-01 1.296364e+00 9.381991e-01 1.415943e-01 -3.780915e-04 -2.943092e-04 -2.411508e-04 -2.499490e-04
 7967.699217 7.902835e-01 1.297313e+00 9.583748e-01 1.429253e-01 -3.808691e-04 -2.886355e-04 -2.489143e-04 -2.505100e-04
 7970.216901 7.911201e-01 1.301310e+00 9.828781e-01 1.424527e-01 -3.890832e-04 -2.926286e-04 -2.431879e-04 -2.663461e-04
 7972.746777 7.891394e-01 1.299464e+00 1.002479e+00 1.427293e-01 -3.814062e-04 -2.857358e-04 -2.340890e-04 -2.508034e-04
 7975.288845 7.900405e-01 1.303176e+00 1.023820e+00 1.421572e-01 -3.783451e-04 -2.907655e-04 -2.460633e-04 -2.530150e-04
 7977.843105 7.878365e-01 1.301473e+00 1.036792e+00 1.429896e-01 -3.740032e-04 -2.957504e-04 -2.500808e-04 -2.562580e-04
 7980.409556 7.893462e-01 1.305824e+00 1.049206e+00 1.427244e-01 -3.748561e-04 -2.876075e-04 -2.626967e-04 -2.648019e-04
 7982.988200 7.843474e-01 1.299949e+00 1.051425e+00 1.425052e-01 -3.729087e-04 -2.809165e-04 -2.507356e-04 -2.664152e-04
 7985.579035 7.844850e-01 1.302372e+00 1.058373e+00 1.426165e-01 -3.778097e-04 -2.726790e-04 -2.392810e-04 -2.571741e-04
 7988.182062 7.865157e-01 1.307948e+00 1.066397e+00 1.430583e-01 -3.691934e-04 -2.726205e-04 -2.485015e-04 -2.560161e-04
 7990.797282 7.857445e-01 1.308468e+00 1.071723e+00 1.434030e-01 -3.658543e-04 -2.697800e-04 -2.621902e-04 -2.635115e-04
 7993.424693 7.842571e-01 1.308385e+00 1.075572e+00 1.438188e-01 -3.703946e-04 -2.754994e-04 -2.625987e-04 -2.732438e-04
 7996.064296 7.857809e-01 1.313840e+00 1.084171e+00 1.425663e-01 -3.657123e-04 -2.773985e-04 -2.613745e-04 -2.608561e-04
 7998.716091 7.844760e-01 1.313200e+00 1.087027e+00 1.437628e-01 -3.634044e-04 -2.755044e-04 -2.690895e-04 -2.575459e-04
 8001.380078 7.852697e-01 1.316732e+00 1.091061e+00 1.431322e-01 -3.694119e-04 -2.766374e-04 -2.745367e-04 -2.662760e-04
 8004.056256 7.834721e-01 1.316115e+00 1.089680e+00 1.437569e-01 -3.703886e-04 -2.799170e-04 -2.616332e-04 -2.574524e-04
 8006.744627 7.839061e-01 1.319079e+00 1.090089e+00 1.436140e-01 -3.739952e-04 -2.896076e-04 -2.659173e-04 -2.610189e-04
 8009.445190 7.836794e-01 1.321054e+00 1.088527e+00 1.444006e-01 -3.758690e-04 -2.967507e-04 -2.787297e-04 -2.720372e-04
 8012.157944 7.826876e-01 1.321586e+00 1.085025e+00 1.435842e-01 -3.722258e-04 -2.928324e-04 -2.598246e-04 -2.928643e-04
 8014.882891 7.827532e-01 1.323925e+00 1.082945e+00 1.450376e-01 -3.675979e-04 -2.907645e-04 -2.500463e-04 -2.901559e-04
 8017.620029 7.814836e-01 1.324161e+00 1.080076e+00 1.441923e-01 -3.618059e-04 -2.844932e-04 -2.548507e-04 -2.849563e-04
 8020.369359 7.823240e-01 1.327726e+00 1.081503e+00 1.446672e-01 -3.694494e-04 -2.867378e-04 -2.536834e-04 -2.859225e-04
 8023.130881 7.803921e-01 1.326662e+00 1.079578e+00 1.446978e-01 -3.651450e-04 -2.868644e-04 -2.588187e-04 -2.910390e-04
 8025.904595 7.809550e-01 1.329559e+00 1.080953e+00 1.434191e-01 -3.620348e-04 -2.908174e-04 -2.477036e-04 -2.921433e-04
 8028.690501 7.801968e-01 1.330924e+00 1.080661e+00 1.451293e-01 -3.596133e-04 -2.891531e-04 -2.525842e-04 -2.694038e-04
 8031.488599 7.797693e-01 1.332373e+00 1.079291e+00 1.446431e-01 -3.630421e-04 -2.815247e-04 -2.390151e-04 -2.506105e-04
 8034.298889 7.784445e-01 1.331857e+00 1.075846e+00 1.446486e-01 -3.662589e-04 -2.775582e-04 -2.505158e-04 -2.564486e-04
 8037.121371 7.786651e-01 1.335185e+00 1.073875e+00 1.445437e-01 -3.671520e-04 -2.799596e-04 -2.517240e-04 -2.586486e-04
 8039.956044 7.787167e-01 1.337922e+00 1.072634e+00 1.446532e-01 -3.672057e-04 -2.866382e-04 -2.592807e-04 -2.400949e-04
 8042.802910 7.767181e-01 1.336837e+00 1.070284e+00 1.452902e-01 -3.746325e-04 -2.858575e-04 -2.675046e-04 -2.469105e-04
 8045.661967 7.773256e-01 1.340156e+00 1.075028e+00 1.452321e-01 -3.777042e-04 -2.825420e-04 -2.518479e-04 -2.392727e-04
 8048.533217 7.752086e-01 1.338428e+00 1.077950e+00 1.442530e-01 -3.634102e-04 -2.880680e-04 -2.514504e-04 -2.401052e-04
 8051.416658 7.732023e-01 1.337442e+00 1.084709e+00 1.460100e-01 -3.515046e-04 -2.845810e-04 -2.524051e-04 -2.442820e-04
 8054.312291 7.542018e-01 1.307172e+00 1.069687e+00 1.417537e-01 -3.622859e-04 -2.787395e-04 -2.492241e-04 -2.483537e-04
 8057.220116 7.676427e-01 1.333019e+00 1.101219e+00 1.428475e-01 -3.605167e-04 -2.789416e-04 -2.507468e-04 -2.467730e-04
 8060.140133 7.771192e-01 1.351639e+00 1.128071e+00 1.457629e-01 -3.663276e-04 -2.858786e-04 -2.581792e-04 -2.466556e-04
 8063.072342 7.750034e-01 1.350329e+00 1.137213e+00 1.447274e-01 -3.722560e-04 -2.872705e-04 -2.553684e-04 -2.878818e-04
 8066.016743 7.753241e-01 1.353496e+00 1.146863e+00 1.459870e-01 -3.726373e-04 -2.888019e-04 -2.409764e-04 -2.873695e-04
 8068.973335 7.734353e-01 1.351926e+00 1.150893e+00 1.447856e-01 -3.792039e-04 -2.863033e-04 -2.398183e-04 -2.932214e-04
 8071.942120 7.730257e-01 1.353899e+00 1.155198e+00 1.451762e-01 -3.812188e-04 -2.870732e-04 -2.485947e-04 -2.997611e-04
 8074.923096 7.732567e-01 1.357333e+00 1.160881e+00 1.456024e-01 -3.767494e-04 -2.966120e-04 -2.353794e-04 -3.027522e-04
 8077.916265 7.712590e-01 1.355948e+00 1.163805e+00 1.447966e-01 -3.756077e-04 -2.957419e-04 -2.341670e-04 -3.014563e-04
 8080.921625 7.712477e-01 1.358321e+00 1.174162e+00 1.454989e-01 -3.679078e-04 -2.874939e-04 -2.408952e-04 -2.966829e-04
 8083.939177 7.695456e-01 1.357919e+00 1.184188e+00 1.453359e-01 -3.679426e-04 -2.957554e-04 -2.409537e-04 -2.915851e-04
 8086.968921 7.682844e-01 1.357824e+00 1.194547e+00 1.458076e-01 -3.575323e-04 -2.918631e-04 -2.353248e-04 -2.605189e-04
 8090.010858 7.586367e-01 1.343760e+00 1.190987e+00 1.434938e-01 -3.559466e-04 -2.878722e-04 -2.396010e-04 -2.601139e-04
 8093.064985 7.508060e-01 1.332514e+00 1.185837e+00 1.440474e-01 -3.494889e-04 -2.911260e-04 -2.399009e-04 -2.662112e-04
 8096.131305 7.699421e-01 1.368583e+00 1.221076e+00 1.470661e-01 -3.489740e-04 -2.979660e-04 -2.450818e-04 -2.596910e-04
 8099.209817 7.689551e-01 1.369990e+00 1.225170e+00 1.459451e-01 -3.478011e-04 -2.994524e-04 -2.387565e-04 -2.684784e-04
 8102.300521 7.688192e-01 1.372046e+00 1.230173e+00 1.464560e-01 -3.616105e-04 -2.961844e-04 -2.380742e-04 -2.674569e-04
 8105.403416 7.668542e-01 1.371110e+00 1.232042e+00 1.464979e-01 -3.558196e-04 -2.975365e-04 -2.381215e-04 -2.676342e-04
 8108.518504 7.669687e-01 1.373651e+00 1.236416e+00 1.465955e-01 -3.623106e-04 -2.920624e-04 -2.342942e-04 -2.729198e-04
 8111.645783 7.669630e-01 1.376249e+00 1.240340e+00 1.468225e-01 -3.632268e-04 -2.955423e-04 -2.353878e-04 -2.633295e-04
 8114.785255 7.654316e-01 1.375907e+00 1.239749e+00 1.464130e-01 -3.602427e-04 -3.047496e-04 -2.327579e-04 -2.532251e-04
 8117.936918 7.659515e-01 1.379668e+00 1.243220e+00 1.469955e-01 -3.532739e-04 -3.051789e-04 -2.322188e-04 -2.463199e-04
 8121.100773 7.652428e-01 1.381197e+00 1.243950e+00 1.466360e-01 -3.524675e-04 -2.956260e-04 -2.320873e-04 -2.469582e-04
 8124.276820 7.641933e-01 1.381958e+00 1.243702e+00 1.472348e-01 -3.603955e-04 -2.784996e-04 -2.370828e-04 -2.457373e-04
 8127.465059 7.638124e-01 1.383863e+00 1.244169e+00 1.469973e-01 -3.604760e-04 -2.771436e-04 -2.473423e-04 -2.406202e-04
 8130.665490 7.629298e-01 1.384708e+00 1.244619e+00 1.477268e-01 -3.612134e-04 -2.924921e-04 -2.440197e-04 -2.445635e-04
 8133.878112 7.630270e-01 1.387476e+00 1.247524e+00 1.470074e-01 -3.693283e-04 -3.001194e-04 -2.386843e-04 -2.573537e-04
 8137.102927 7.611038e-01 1.386186e+00 1.246460e+00 1.475907e-01 -3.684952e-04 -3.014662e-04 -2.388412e-04 -2.636419e-04
 8140.339934 7.612537e-01 1.389578e+00 1.250121e+00 1.468618e-01 -3.711323e-04 -2.965381e-04 -2.467036e-04 -2.652010e-04
 8143.589132 7.615022e-01 1.392532e+00 1.253542e+00 1.472099e-01 -3.674317e-04 -2.929555e-04 -2.391405e-04 -2.627315e-04
 8146.850523 7.605347e-01 1.393566e+00 1.255740e+00 1.480445e-01 -3.617820e-04 -2.873806e-04 -2.412732e-04 -2.718499e-04
 8150.124105 7.595564e-01 1.394158e+00 1.259067e+00 1.479013e-01 -3.700824e-04 -2.924246e-04 -2.400494e-04 -2.650753e-04
 8153.409879 7.600137e-01 1.397869e+00 1.266571e+00 1.481580e-01 -3.760557e-04 -2.990637e-04 -2.305617e-04 -2.648161e-04
 8156.707845 7.585102e-01 1.397805e+00 1.272576e+00 1.477923e-01 -3.752577e-04 -2.916347e-04 -2.202606e-04 -2.625536e-04
 8160.018003 7.574248e-01 1.398169e+00 1.279878e+00 1.469988e-01 -3.743794e-04 -2.942704e-04 -2.316556e-04 -2.623254e-04
 8163.340353 7.580743e-01 1.402596e+00 1.292205e+00 1.481548e-01 -3.664208e-04 -2.953800e-04 -2.363086e-04 -2.669399e-04
 8166.674895 7.568119e-01 1.402990e+00 1.300883e+00 1.484231e-01 -3.622185e-04 -2.903248e-04 -2.311199e-04 -2.639572e-04
 8170.021629 7.565334e-01 1.404751e+00 1.310504e+00 1.477444e-01 -3.573531e-04 -2.957562e-04 -2.349506e-04 -2.784183e-04
 8173.380554 7.566947e-01 1.408041e+00 1.319480e+00 1.481189e-01 -3.551586e-04 -2.940466e-04 -2.330805e-04 -3.174943e-04
 8176.751672 7.547905e-01 1.406933e+00 1.322737e+00 1.481954e-01 -3.520927e-04 -2.994448e-04 -2.399775e-04 -3.134191e-04
 8180.134982 7.546299e-01 1.409351e+00 1.328101e+00 1.485575e-01 -3.566680e-04 -3.005027e-04 -2.443126e-04 -3.126340e-04
 8183.530483 7.537656e-01 1.410563e+00 1.332860e+00 1.485960e-01 -3.599855e-04 -2.992705e-04 -2.478986e-04 -3.165963e-04
 8186.938176 7.525925e-01 1.411147e+00 1.336840e+00 1.485142e-01 -3.643863e-04 -3.024279e-04 -2.471578e-04 -3.141893e-04
 8190.358061 7.526999e-01 1.414497e+00 1.343305e+00 1.482294e-01 -3.621771e-04 -3.075679e-04 -2.371769e-04 -3.163291e-04
 8193.790139 7.519956e-01 1.415970e+00 1.349888e+00 1.487110e-01 -3.586342e-04 -3.147002e-04 -2.257715e-04 -3.254055e-04
 8197.234408 7.515612e-01 1.417743e+00 1.358171e+00 1.486940e-01 -3.592999e-04 -3.104014e-04 -2.351729e-04 -3.279896e-04
 8200.690868 7.509655e-01 1.419849e+00 1.367491e+00 1.492820e-01 -3.718286e-04 -3.131151e-04 -2.344304e-04 -3.214259e-04
 8204.159521 7.506455e-01 1.421843e+00 1.375858e+00 1.495091e-01 -3.555377e-04 -3.150089e-04 -2.477318e-04 -3.177432e-04
 8207.640366 7.490680e-01 1.421258e+00 1.380877e+00 1.488830e-01 -3.574188e-04 -3.139135e-04 -2.453621e-04 -3.160661e-04
 8211.133403 7.493028e-01 1.424948e+00 1.389951e+00 1.491835e-01 -3.706191e-04 -3.091152e-04 -2.365192e-04 -3.177396e-04
 8214.638631 7.489545e-01 1.427248e+00 1.397749e+00 1.494365e-01 -3.691206e-04 -3.071193e-04 -2.301809e-04 -3.162264e-04
 8218.156052 7.475544e-01 1.427023e+00 1.403664e+00 1.498458e-01 -3.618586e-04 -2.964617e-04 -2.322226e-04 -3.213063e-04
 8221.685664 7.475778e-01 1.429990e+00 1.412288e+00 1.496785e-01 -3.672571e-04 -3.030119e-04 -2.296362e-04 -3.178780e-04
 8225.227468 7.473230e-01 1.432517e+00 1.419957e+00 1.493245e-01 -3.760781e-04 -3.006724e-04 -2.379125e-04 -3.183059e-04
 8228.781465 7.460784e-01 1.432822e+00 1.425388e+00 1.499584e-01 -3.720667e-04 -2.953714e-04 -2.419963e-04 -3.217938e-04
 8232.347653 7.459849e-01 1.435894e+00 1.431953e+00 1.503096e-01 -3.761883e-04 -2.968395e-04 -2.471709e-04 -3.339845e-04
 8235.926033 7.453872e-01 1.437771e+00 1.436528e+00 1.504409e-01 -3.721552e-04 -2.959303e-04 -2.404536e-04 -3.363168e-04
 8239.516605 7.438721e-01 1.437457e+00 1.438581e+00 1.496967e-01 -3.824898e-04 -2.987233e-04 -2.422021e-04 -3.298308e-04
 8243.119369 7.443009e-01 1.441505e+00 1.443490e+00 1.498399e-01 -3.833936e-04 -2.974092e-04 -2.503234e-04 -3.376781e-04
 8246.734324 7.441031e-01 1.444233e+00 1.448076e+00 1.506348e-01 -3.712174e-04 -3.012423e-04 -2.403845e-04 -3.359359e-04
 8250.361472 7.425740e-01 1.444198e+00 1.448052e+00 1.501844e-01 -3.752195e-04 -3.052447e-04 -2.564846e-04 -3.373514e-04
 8254.000811 7.418393e-01 1.445648e+00 1.449118e+00 1.500659e-01 -3.714888e-04 -2.946463e-04 -2.472160e-04 -3.372347e-04
 8257.652343 7.419951e-01 1.448890e+00 1.452575e+00 1.508036e-01 -3.724746e-04 -2.794874e-04 -2.460421e-04 -3.262329e-04
 8261.316066 7.407110e-01 1.449369e+00 1.453726e+00 1.515997e-01 -3.748577e-04 -2.859964e-04 -2.545699e-04 -3.368087e-04
 8264.991982 7.394074e-01 1.449942e+00 1.456039e+00 1.503588e-01 -3.777513e-04 -2.922470e-04 -2.454158e-04 -3.311134e-04
 8268.680089 7.381816e-01 1.450564e+00 1.459462e+00 1.502644e-01 -3.765483e-04 -2.905403e-04 -2.365697e-04 -3.303831e-04
 8272.380388 7.342946e-01 1.445293e+00 1.459804e+00 1.497960e-01 -3.707510e-04 -2.962698e-04 -2.339320e-04 -3.299620e-04
 8276.092879 7.319213e-01 1.444469e+00 1.465358e+00 1.498948e-01 -3.715092e-04 -2.911333e-04 -2.300536e-04 -3.244980e-04
 8279.817562 7.319360e-01 1.447232e+00 1.475223e+00 1.504499e-01 -3.752427e-04 -3.004970e-04 -2.291814e-04 -3.254997e-04
 8283.554437 7.327618e-01 1.451747e+00 1.487333e+00 1.499598e-01 -3.853365e-04 -3.005608e-04 -2.397693e-04 -3.388408e-04
 8287.303503 7.322993e-01 1.453903e+00 1.495978e+00 1.504916e-01 -3.877601e-04 -3.008271e-04 -2.474646e-04 -3.321836e-04
 8291.064762 7.312391e-01 1.454411e+00 1.502245e+00 1.505854e-01 -3.804846e-04 -2.971149e-04 -2.375678e-04 -3.300180e-04
 8294.838213 7.315367e-01 1.458382e+00 1.512555e+00 1.503306e-01 -3.837009e-04 -3.013602e-04 -2.283029e-04 -3.377835e-04
 8298.623855 7.308321e-01 1.460365e+00 1.520106e+00 1.509570e-01 -3.698091e-04 -3.055882e-04 -2.377008e-04 -3.389104e-04
 8302.421689 7.300640e-01 1.461374e+00 1.527341e+00 1.509067e-01 -3.680486e-04 -3.101868e-04 -2.396011e-04 -3.370925e-04
 8306.231716 7.290614e-01 1.462787e+00 1.534618e+00 1.515802e-01 -3.739962e-04 -3.066315e-04 -2.450294e-04 -3.383788e-04
 8310.053934 7.286866e-01 1.465433e+00 1.541728e+00 1.515058e-01 -3.838487e-04 -3.006532e-04 -2.443651e-04 -3.310364e-04
 8313.888344 7.281770e-01 1.467214e+00 1.548877e+00 1.514628e-01 -3.915497e-04 -3.085155e-04 -2.325308e-04 -3.335432e-04
 8317.734946 7.269215e-01 1.467821e+00 1.555158e+00 1.517977e-01 -3.811036e-04 -3.159165e-04 -2.373891e-04 -3.261421e-04
 8321.593740 7.262570e-01 1.469875e+00 1.562156e+00 1.510074e-01 -3.799848e-04 -3.094324e-04 -2.284409e-04 -3.355853e-04
 8325.464726 7.255864e-01 1.471473e+00 1.568774e+00 1.507085e-01 -3.719270e-04 -3.059481e-04 -2.274889e-04 -3.325060e-04
 8329.347903 7.255803e-01 1.474328e+00 1.577376e+00 1.518119e-01 -3.710927e-04 -3.019256e-04 -2.203248e-04 -3.277150e-04
 8333.243273 7.239596e-01 1.474484e+00 1.582186e+00 1.509310e-01 -3.850639e-04 -3.028986e-04 -2.228138e-04 -3.244896e-04
 8337.150835 7.232257e-01 1.476189e+00 1.589170e+00 1.522320e-01 -3.856400e-04 -3.065022e-04 -2.235824e-04 -3.314974e-04
 8341.070588 7.222433e-01 1.477210e+00 1.595182e+00 1.525218e-01 -3.829033e-04 -3.030561e-04 -2.224748e-04 -3.385014e-04
 8345.002533 7.221922e-01 1.480196e+00 1.604078e+00 1.521508e-01 -3.842464e-04 -3.009462e-04 -2.273447e-04 -3.441380e-04
 8348.946671 7.200468e-01 1.479100e+00 1.608716e+00 1.520032e-01 -3.803031e-04 -3.012802e-04 -2.259450e-04 -3.389381e-04
 8352.903000 7.189119e-01 1.480087e+00 1.613693e+00 1.517349e-01 -3.770732e-04 -3.009311e-04 -2.273269e-04 -3.462226e-04
 8356.871521 7.180647e-01 1.481395e+00 1.619524e+00 1.516019e-01 -3.740956e-04 -3.007698e-04 -2.303224e-04 -3.508344e-04
 8360.852234 7.172383e-01 1.482704e+00 1.625995e+00 1.521190e-01 -3.804953e-04 -2.955872e-04 -2.350733e-04 -3.425254e-04
 8364.845139 7.175815e-01 1.486891e+00 1.635575e+00 1.522585e-01 -3.742783e-04 -2.928013e-04 -2.393002e-04 -3.388575e-04
 8368.850236 7.165479e-01 1.487728e+00 1.640829e+00 1.517363e-01 -3.718657e-04 -2.814372e-04 -2.265642e-04 -3.320735e-04
 8372.867524 7.155575e-01 1.488372e+00 1.645304e+00 1.526565e-01 -3.675176e-04 -2.914047e-04 -2.186223e-04 -3.368768e-04
 8376.897005 7.155553e-01 1.491709e+00 1.653014e+00 1.524599e-01 -3.701605e-04 -3.042675e-04 -2.200655e-04 -3.452957e-04
 8380.938678 7.143255e-01 1.491899e+00 1.656619e+00 1.520840e-01 -3.674665e-04 -3.010774e-04 -2.125297e-04 -3.342194e-04
 8384.992542 7.136989e-01 1.494145e+00 1.663240e+00 1.519672e-01 -3.665415e-04 -2.867295e-04 -2.106080e-04 -3.284419e-04
 8389.058598 7.131131e-01 1.496640e+00 1.669751e+00 1.530391e-01 -3.647113e-04 -2.781376e-04 -2.135856e-04 -3.311772e-04
 8393.136847 7.120188e-01 1.497633e+00 1.673960e+00 1.534011e-01 -3.771592e-04 -2.834342e-04 -2.264731e-04 -3.340704e-04
 8397.227287 7.113304e-01 1.499188e+00 1.679907e+00 1.530755e-01 -3.718894e-04 -2.790292e-04 -2.359133e-04 -3.273633e-04
 8401.329919 7.101014e-01 1.499262e+00 1.685045e+00 1.533193e-01 -3.665414e-04 -2.780499e-04 -2.313009e-04 -3.326543e-04
 8405.444743 7.099930e-01 1.502882e+00 1.694525e+00 1.531640e-01 -3.845268e-04 -2.761954e-04 -2.284463e-04 -3.268476e-04
 8409.571759 7.100899e-01 1.506342e+00 1.703304e+00 1.531649e-01 -3.825104e-04 -2.852961e-04 -2.342541e-04 -3.340184e-04
 8413.710967 7.084948e-01 1.505745e+00 1.707029e+00 1.532737e-01 -3.760015e-04 -2.928748e-04 -2.314858e-04 -3.338920e-04
 8417.862366 7.084569e-01 1.509162e+00 1.717213e+00 1.536653e-01 -3.742775e-04 -2.991096e-04 -2.457288e-04 -3.351806e-04
 8422.025958 7.074042e-01 1.510175e+00 1.723683e+00 1.534153e-01 -3.811543e-04 -3.022809e-04 -2.469034e-04 -3.340086e-04
 8426.201742 7.072375e-01 1.513598e+00 1.733281e+00 1.536429e-01 -3.787706e-04 -3.164281e-04 -2.387165e-04 -3.355521e-04
 8430.389717 7.064924e-01 1.515299e+00 1.741463e+00 1.539850e-01 -3.759239e-04 -3.138644e-04 -2.287867e-04 -3.279985e-04
 8434.589884 7.053931e-01 1.515840e+00 1.748165e+00 1.542571e-01 -3.674344e-04 -3.146184e-04 -2.202839e-04 -3.264298e-04
 8438.802244 7.049435e-01 1.518569e+00 1.757306e+00 1.535539e-01 -3.615787e-04 -3.042992e-04 -2.182967e-04 -3.256807e-04
 8443.026795 7.041595e-01 1.520018e+00 1.763713e+00 1.535381e-01 -3.601875e-04 -3.010302e-04 -2.302544e-04 -3.338575e-04
 8447.263538 7.032041e-01 1.521079e+00 1.771081e+00 1.535212e-01 -3.571687e-04 -3.054103e-04 -2.368129e-04 -3.366728e-04
 8451.512473 7.023955e-01 1.522944e+00 1.779499e+00 1.540677e-01 -3.562024e-04 -3.190179e-04 -2.411757e-04 -3.285950e-04
 8455.773600 7.018874e-01 1.525079e+00 1.788264e+00 1.542323e-01 -3.618081e-04 -3.264374e-04 -2.403050e-04 -3.255635e-04
 8460.046919 7.003018e-01 1.524708e+00 1.793458e+00 1.543311e-01 -3.701929e-04 -3.067039e-04 -2.425551e-04 -3.426653e-04
 8464.332429 7.001762e-01 1.528063e+00 1.803889e+00 1.543717e-01 -3.745605e-04 -2.949305e-04 -2.311327e-04 -3.388630e-04
 8468.630132 6.986805e-01 1.527474e+00 1.808686e+00 1.548374e-01 -3.661694e-04 -2.885881e-04 -2.350434e-04 -3.387082e-04
 8472.940026 6.983883e-01 1.530477e+00 1.818345e+00 1.545319e-01 -3.666914e-04 -2.881994e-04 -2.263024e-04 -3.411216e-04
 8477.262113 6.972925e-01 1.531054e+00 1.825677e+00 1.547861e-01 -3.717710e-04 -2.944197e-04 -2.133676e-04 -3.329765e-04
 8481.596391 6.971244e-01 1.534287e+00 1.835329e+00 1.549195e-01 -3.724526e-04 -2.927292e-04 -2.193863e-04 -3.273835e-04
 8485.942861 6.962713e-01 1.535793e+00 1.843657e+00 1.551875e-01 -3.645518e-04 -2.936519e-04 -2.150391e-04 -3.321492e-04
 8490.301524 6.954059e-01 1.537206e+00 1.851521e+00 1.553292e-01 -3.631476e-04 -2.973662e-04 -2.246451e-04 -3.385309e-04
 8494.672378 6.945252e-01 1.538786e+00 1.859032e+00 1.549544e-01 -3.601758e-04 -2.933365e-04 -2.250561e-04 -3.396147e-04
 8499.055424 6.933264e-01 1.539602e+00 1.865714e+00 1.551768e-01 -3.663131e-04 -2.963319e-04 -2.183173e-04 -3.431284e-04
 8503.450662 6.921391e-01 1.540260e+00 1.871928e+00 1.552977e-01 -3.729189e-04 -2.910028e-04 -2.168122e-04 -3.382448e-04
 8507.858091 6.910024e-01 1.541175e+00 1.878657e+00 1.551683e-01 -3.722120e-04 -2.850475e-04 -2.250436e-04 -3.402189e-04
 8512.277713 6.879840e-01 1.537963e+00 1.880202e+00 1.551666e-01 -3.743743e-04 -2.874430e-04 -2.264933e-04 -3.384280e-04
 8516.709527 6.555018e-01 1.468789e+00 1.801515e+00 1.504177e-01 -3.633718e-04 -2.902260e-04 -2.313039e-04 -3.391967e-04
 8521.153532 6.456862e-01 1.449952e+00 1.783154e+00 1.459337e-01 -3.765197e-04 -2.945656e-04 -2.315826e-04 -3.399585e-04
 8525.609730 6.887504e-01 1.549611e+00 1.908937e+00 1.542830e-01 -3.764114e-04 -2.909092e-04 -2.307714e-04 -3.348724e-04
 8530.078119 6.895289e-01 1.555237e+00 1.920815e+00 1.554701e-01 -3.766361e-04 -2.921598e-04 -2.326728e-04 -3.241442e-04
 8534.558700 6.882659e-01 1.555835e+00 1.927342e+00 1.556298e-01 -3.745577e-04 -2.964055e-04 -2.283065e-04 -3.008519e-04
 8539.051473 6.873774e-01 1.557280e+00 1.934446e+00 1.556951e-01 -3.676278e-04 -2.992670e-04 -2.315195e-04 -2.940137e-04
 8543.556438 6.865331e-01 1.558756e+00 1.942706e+00 1.559266e-01 -3.744105e-04 -2.971621e-04 -2.403995e-04 -2.927955e-04
 8548.073595 6.857110e-01 1.560137e+00 1.950568e+00 1.557442e-01 -3.782717e-04 -3.026774e-04 -2.374815e-04 -2.916735e-04
 8552.602944 6.848189e-01 1.561534e+00 1.957517e+00 1.559119e-01 -3.778481e-04 -2.952760e-04 -2.367272e-04 -2.932910e-04
 8557.144485 6.834906e-01 1.562255e+00 1.964391e+00 1.558390e-01 -3.842463e-04 -2.945319e-04 -2.327917e-04 -3.004221e-04
 8561.698218 6.829052e-01 1.564769e+00 1.973470e+00 1.559883e-01 -3.790172e-04 -2.976313e-04 -2.368966e-04 -3.062734e-04
 8566.264142 6.817880e-01 1.566318e+00 1.980810e+00 1.564322e-01 -3.826488e-04 -3.016600e-04 -2.390990e-04 -2.943738e-04
 8570.842259 6.808168e-01 1.567358e+00 1.987537e+00 1.565264e-01 -3.802891e-04 -3.038176e-04 -2.440830e-04 -2.927024e-04
 8575.432567 6.802460e-01 1.569211e+00 1.995600e+00 1.563817e-01 -3.837550e-04 -2.907528e-04 -2.399473e-04 -2.939860e-04
 8580.035068 6.790290e-01 1.570050e+00 2.003009e+00 1.560966e-01 -3.857169e-04 -2.845499e-04 -2.390049e-04 -2.924787e-04
 8584.649760 6.780533e-01 1.571306e+00 2.010922e+00 1.561137e-01 -3.888679e-04 -2.805413e-04 -2.395295e-04 -2.922268e-04
 8589.276644 6.768590e-01 1.572008e+00 2.018309e+00 1.564441e-01 -3.894380e-04 -2.817858e-04 -2.424860e-04 -2.874637e-04
 8593.915720 6.752524e-01 1.571885e+00 2.024639e+00 1.563924e-01 -3.858331e-04 -2.925464e-04 -2.398253e-04 -2.832400e-04
 8598.566988 6.738365e-01 1.571965e+00 2.031266e+00 1.562738e-01 -3.870576e-04 -2.916542e-04 -2.510355e-04 -2.800978e-04
 8603.230448 6.716628e-01 1.570380e+00 2.035653e+00 1.561808e-01 -3.859192e-04 -2.921255e-04 -2.667964e-04 -2.841426e-04
 8607.906100 6.674146e-01 1.563597e+00 2.033190e+00 1.557488e-01 -3.933807e-04 -2.908782e-04 -2.586240e-04 -2.893950e-04
 8612.593943 6.452198e-01 1.515176e+00 1.977850e+00 1.510529e-01 -3.838606e-04 -2.933481e-04 -2.524329e-04 -2.949626e-04
 8617.293979 6.056296e-01 1.426112e+00 1.870036e+00 1.426211e-01 -3.816467e-04 -2.938685e-04 -2.492781e-04 -2.849045e-04
 8622.006206 6.809346e-01 1.606656e+00 2.109642e+00 1.586830e-01 -3.839104e-04 -2.960640e-04 -2.421117e-04 -2.857965e-04
 8626.730626 6.795579e-01 1.607076e+00 2.116145e+00 1.590272e-01 -3.845335e-04 -2.986758e-04 -2.430674e-04 -2.910405e-04
 8631.467237 6.767786e-01 1.604004e+00 2.119029e+00 1.586326e-01 -3.804161e-04 -2.974204e-04 -2.476487e-04 -2.857359e-04
 8636.216040 6.746757e-01 1.602773e+00 2.123383e+00 1.586079e-01 -3.747623e-04 -2.893814e-04 -2.429849e-04 -2.903802e-04
 8640.977036 6.734518e-01 1.603485e+00 2.131096e+00 1.588112e-01 -3.758575e-04 -2.911167e-04 -2.390854e-04 -2.898333e-04
 8645.750223 6.719609e-01 1.603596e+00 2.137800e+00 1.588198e-01 -3.753331e-04 -2.976462e-04 -2.402093e-04 -2.957890e-04
 8650.535602 6.709428e-01 1.604843e+00 2.145846e+00 1.583719e-01 -3.884362e-04 -2.921852e-04 -2.359809e-04 -2.968108e-04
 8655.333172 6.701041e-01 1.606466e+00 2.154811e+00 1.583689e-01 -3.821086e-04 -2.993529e-04 -2.386537e-04 -2.922901e-04
 8660.142935 6.690448e-01 1.607879e+00 2.162556e+00 1.585463e-01 -3.779173e-04 -2.980870e-04 -2.219055e-04 -2.924301e-04
 8664.964890 6.679247e-01 1.608894e+00 2.170269e+00 1.586661e-01 -3.859661e-04 -3.026489e-04 -2.233205e-04 -2.898924e-04
 8669.799037 5.973063e-01 1.441672e+00 1.949795e+00 1.419917e-01 -3.423107e-04 -2.773107e-04 -1.994443e-04 -2.664938e-04
 8674.645375 9.011523e-02 2.177039e-01 2.947916e-01 2.140747e-02 -5.056281e-05 -4.164255e-05 -2.958122e-05 -4.052009e-05
