# Facility: NSLS-II
# Beamline: QAS
# Year: 2022
# Cycle: 2
# SAF: 309337
# PI: Li
# Proposal: 309890
# Scan ID: 26139
# UID: 92ca2271-1043-464d-97cb-0e0605d4d683
# Comment: 
# Start time: 06/10/2022  07:32:49
# Stop time: 06/10/2022  07:33:20
# Total time: 00:31
# Trajectory name: Co-30s-7709.txt
# Element: Cobalt ( 27)
# Edge: K
# E0: 7709
# Reference Foil Element: Co
# Keithley Gains I0: 1E7 V/A It: 1E7 V/A Iref: 1E8 V/A PIPS: 1E8 V/A 
# Ion Chamber Gas Flow Rates: I0: 29.80 sccm He + 69.70 sccm N2 + 0.00 sccm Ar 
# Ion Chamber Gas Flow Rates: It&Iref: 79.80 sccm N2 + 20.10 sccm Ar
# Incident Beam Path Vertical: -27.48 mm
# Incident Slits Positions B: TOP: 1.0 mm Bottom: -1.0 mm Inboard: -1.5 mm Outboard: 1.5 mm
# Sample Stage Positions: Rotation: 45.0 deg Horizontal: 25.26 mm Vertical: -26.52 mm Beam Direction: 0.00 mm
# PerkinElmer Vertical Position: 500.00 mm
# Front End Mirror Horizontal Positions: Up: 14.00 mm Down: 14.00 mm
#
# energy  i0  it  ir  iff  aux1  aux2  aux3  aux4
 7517.895413 4.326356e-01 5.200816e-01 1.256590e+00 5.333307e-02 -1.776886e-04 -1.440620e-04 -1.191959e-04 -1.220422e-04
 7522.895413 8.564383e-01 1.031608e+00 2.495916e+00 1.057934e-01 -3.535903e-04 -2.818396e-04 -2.313522e-04 -2.329178e-04
 7527.895413 8.631989e-01 1.043408e+00 2.530952e+00 1.067856e-01 -3.561503e-04 -2.742310e-04 -2.330484e-04 -2.346347e-04
 7532.895413 8.630676e-01 1.047675e+00 2.548299e+00 1.071932e-01 -3.596050e-04 -2.752027e-04 -2.303623e-04 -2.296543e-04
 7537.895413 8.622550e-01 1.050821e+00 2.562815e+00 1.073843e-01 -3.478677e-04 -2.656515e-04 -2.281952e-04 -2.227311e-04
 7542.895413 8.607150e-01 1.052844e+00 2.574683e+00 1.076017e-01 -3.450035e-04 -2.837050e-04 -2.318702e-04 -2.657496e-04
 7547.895413 8.597939e-01 1.055836e+00 2.588692e+00 1.080441e-01 -3.435799e-04 -2.861047e-04 -2.375465e-04 -2.882808e-04
 7552.895413 8.584083e-01 1.058076e+00 2.600707e+00 1.077580e-01 -3.328121e-04 -2.683236e-04 -2.373617e-04 -2.491082e-04
 7557.895413 8.573334e-01 1.060514e+00 2.613364e+00 1.079641e-01 -3.305706e-04 -2.576828e-04 -2.418444e-04 -2.556355e-04
 7562.895413 8.552900e-01 1.061912e+00 2.622928e+00 1.081948e-01 -3.411943e-04 -2.534439e-04 -2.364394e-04 -2.515093e-04
 7567.895413 8.540731e-01 1.064090e+00 2.635198e+00 1.084572e-01 -3.414650e-04 -2.623695e-04 -2.321434e-04 -2.453330e-04
 7572.895413 8.525156e-01 1.066307e+00 2.647229e+00 1.083258e-01 -3.416543e-04 -2.640782e-04 -2.272861e-04 -2.651795e-04
 7577.895413 8.528666e-01 1.071260e+00 2.666930e+00 1.085252e-01 -3.371628e-04 -2.628699e-04 -2.257571e-04 -2.641721e-04
 7582.895413 8.532092e-01 1.075896e+00 2.685341e+00 1.089332e-01 -3.353997e-04 -2.624673e-04 -2.291583e-04 -2.468979e-04
 7587.895413 8.518784e-01 1.078147e+00 2.697331e+00 1.091453e-01 -3.427656e-04 -2.640245e-04 -2.317783e-04 -2.440613e-04
 7592.895413 8.511964e-01 1.081330e+00 2.712350e+00 1.093677e-01 -3.449076e-04 -2.716524e-04 -2.239959e-04 -2.389700e-04
 7597.895413 8.491429e-01 1.083027e+00 2.722191e+00 1.092264e-01 -3.490121e-04 -2.770191e-04 -2.282631e-04 -2.447958e-04
 7602.895413 8.472084e-01 1.084586e+00 2.732223e+00 1.094475e-01 -3.513664e-04 -2.834909e-04 -2.284478e-04 -2.526727e-04
 7607.895413 8.484253e-01 1.090353e+00 2.754499e+00 1.097715e-01 -3.515911e-04 -2.824634e-04 -2.257932e-04 -2.374630e-04
 7612.895413 8.466312e-01 1.092033e+00 2.766396e+00 1.100400e-01 -3.442023e-04 -2.830664e-04 -2.209369e-04 -2.263950e-04
 7617.895413 8.470984e-01 1.096808e+00 2.786127e+00 1.103738e-01 -3.458504e-04 -2.879698e-04 -2.273333e-04 -2.177882e-04
 7622.895413 8.459905e-01 1.099625e+00 2.799389e+00 1.104755e-01 -3.531176e-04 -2.761976e-04 -2.261295e-04 -2.236183e-04
 7627.895413 8.452756e-01 1.102747e+00 2.813676e+00 1.105591e-01 -3.553014e-04 -2.748146e-04 -2.361278e-04 -2.315352e-04
 7632.895413 8.449735e-01 1.106745e+00 2.831193e+00 1.108230e-01 -3.559639e-04 -2.716502e-04 -2.306337e-04 -2.326463e-04
 7637.895413 8.439378e-01 1.109300e+00 2.843607e+00 1.112429e-01 -3.489501e-04 -2.738000e-04 -2.328575e-04 -2.347651e-04
 7642.895413 8.432868e-01 1.112511e+00 2.858890e+00 1.115193e-01 -3.416463e-04 -2.856534e-04 -2.475868e-04 -2.413128e-04
 7647.895413 8.390015e-01 1.110144e+00 2.858906e+00 1.110930e-01 -3.491112e-04 -2.797030e-04 -2.402746e-04 -2.459290e-04
 7652.895413 8.385772e-01 1.113955e+00 2.875635e+00 1.114260e-01 -3.465091e-04 -2.708611e-04 -2.493102e-04 -2.545805e-04
 7657.895413 8.387864e-01 1.118395e+00 2.892582e+00 1.118558e-01 -3.288491e-04 -2.723947e-04 -2.411335e-04 -2.474245e-04
 7662.895413 8.390481e-01 1.123411e+00 2.912379e+00 1.118441e-01 -3.322349e-04 -2.785203e-04 -2.453464e-04 -2.570324e-04
 7667.895413 8.390440e-01 1.127648e+00 2.929289e+00 1.123055e-01 -3.344590e-04 -2.773578e-04 -2.375050e-04 -2.423655e-04
 7672.895413 8.391638e-01 1.132122e+00 2.947691e+00 1.126492e-01 -3.403253e-04 -2.757566e-04 -2.345041e-04 -2.341070e-04
 7677.895413 8.379259e-01 1.135049e+00 2.960760e+00 1.128650e-01 -3.367742e-04 -2.780051e-04 -2.340602e-04 -2.254051e-04
 7679.000000 8.364893e-01 1.134195e+00 2.959575e+00 1.129568e-01 -3.354315e-04 -2.654893e-04 -2.291176e-04 -2.259640e-04
 7680.000000 8.371169e-01 1.135798e+00 2.965099e+00 1.124875e-01 -3.330568e-04 -2.634306e-04 -2.324452e-04 -2.167627e-04
 7681.000000 8.373841e-01 1.136806e+00 2.968454e+00 1.128944e-01 -3.350043e-04 -2.704336e-04 -2.255924e-04 -2.165348e-04
 7682.000000 8.338802e-01 1.132939e+00 2.958363e+00 1.123183e-01 -3.364802e-04 -2.794423e-04 -2.303693e-04 -2.133537e-04
 7683.000000 8.244719e-01 1.121114e+00 2.929058e+00 1.104548e-01 -3.275319e-04 -2.772585e-04 -2.387914e-04 -2.261144e-04
 7684.000000 8.078749e-01 1.099174e+00 2.872983e+00 1.093167e-01 -3.283493e-04 -2.787565e-04 -2.432386e-04 -2.338886e-04
 7685.000000 8.325555e-01 1.133187e+00 2.959747e+00 1.126139e-01 -3.389908e-04 -2.816364e-04 -2.276657e-04 -2.306779e-04
 7686.000000 8.405388e-01 1.144421e+00 2.990529e+00 1.133022e-01 -3.396624e-04 -2.743807e-04 -2.264874e-04 -2.322028e-04
 7686.200000 8.393404e-01 1.142856e+00 2.985116e+00 1.158955e-01 -3.382552e-04 -2.710107e-04 -2.266617e-04 -2.275023e-04
 7686.400000 8.416770e-01 1.146686e+00 2.998962e+00 1.131985e-01 -3.380280e-04 -2.838128e-04 -2.401322e-04 -2.257604e-04
 7686.600000 8.373837e-01 1.141217e+00 2.984629e+00 1.142253e-01 -3.381418e-04 -2.754078e-04 -2.450848e-04 -2.268360e-04
 7686.800000 8.405932e-01 1.145737e+00 2.996609e+00 1.144301e-01 -3.447944e-04 -2.789591e-04 -2.508843e-04 -2.231181e-04
 7687.000000 8.357394e-01 1.139427e+00 2.978827e+00 1.124805e-01 -3.375696e-04 -2.871055e-04 -2.447410e-04 -2.190351e-04
 7687.200000 8.431114e-01 1.150045e+00 3.006553e+00 1.137365e-01 -3.436730e-04 -2.819567e-04 -2.383324e-04 -2.134285e-04
 7687.400000 8.396205e-01 1.145356e+00 2.995851e+00 1.160351e-01 -3.421930e-04 -2.725180e-04 -2.338719e-04 -2.177591e-04
 7687.600000 8.410410e-01 1.146954e+00 3.000264e+00 1.128676e-01 -3.459038e-04 -2.762538e-04 -2.462481e-04 -2.299247e-04
 7687.800000 8.393923e-01 1.144611e+00 2.991372e+00 1.117694e-01 -3.409161e-04 -2.738680e-04 -2.460542e-04 -2.274018e-04
 7688.000000 8.310459e-01 1.133440e+00 2.966395e+00 1.133262e-01 -3.304343e-04 -2.727440e-04 -2.392992e-04 -2.369612e-04
 7688.200000 8.430448e-01 1.149646e+00 3.008122e+00 1.128964e-01 -3.443861e-04 -2.738495e-04 -2.410049e-04 -2.333978e-04
 7688.400000 8.221565e-01 1.121624e+00 2.932952e+00 1.122405e-01 -3.296689e-04 -2.652662e-04 -2.514306e-04 -2.223087e-04
 7688.600000 8.417305e-01 1.148589e+00 3.006878e+00 1.118381e-01 -3.482703e-04 -2.685587e-04 -2.502889e-04 -2.344684e-04
 7688.800000 8.381145e-01 1.144261e+00 2.993534e+00 1.108342e-01 -3.421956e-04 -2.617427e-04 -2.365244e-04 -2.331505e-04
 7689.000000 8.405174e-01 1.147988e+00 3.002786e+00 1.173621e-01 -3.321683e-04 -2.714561e-04 -2.398514e-04 -2.295732e-04
 7689.200000 8.360457e-01 1.141611e+00 2.985979e+00 1.160818e-01 -3.306011e-04 -2.663110e-04 -2.419889e-04 -2.376811e-04
 7689.400000 8.248549e-01 1.126439e+00 2.947084e+00 1.128391e-01 -3.353146e-04 -2.672049e-04 -2.416659e-04 -2.297303e-04
 7689.600000 8.482105e-01 1.158871e+00 3.032018e+00 1.140944e-01 -3.364985e-04 -2.816315e-04 -2.371338e-04 -2.346518e-04
 7689.800000 8.353613e-01 1.141338e+00 2.984442e+00 1.115122e-01 -3.303163e-04 -2.754169e-04 -2.345656e-04 -2.471736e-04
 7690.000000 8.398575e-01 1.147690e+00 3.000695e+00 1.140306e-01 -3.351237e-04 -2.619917e-04 -2.387159e-04 -2.453865e-04
 7690.200000 8.398007e-01 1.147867e+00 3.000850e+00 1.156318e-01 -3.371891e-04 -2.618722e-04 -2.388239e-04 -2.429408e-04
 7690.400000 8.354892e-01 1.141926e+00 2.986304e+00 1.137306e-01 -3.328399e-04 -2.492315e-04 -2.575302e-04 -2.535509e-04
 7690.600000 8.390723e-01 1.146836e+00 2.997056e+00 1.129534e-01 -3.294163e-04 -2.553597e-04 -2.463796e-04 -2.617054e-04
 7690.800000 8.406553e-01 1.149483e+00 3.006247e+00 1.122972e-01 -3.348096e-04 -2.551068e-04 -2.423808e-04 -2.540940e-04
 7691.000000 8.414755e-01 1.150502e+00 3.009813e+00 1.128872e-01 -3.263146e-04 -2.620787e-04 -2.301630e-04 -2.382849e-04
 7691.200000 8.441855e-01 1.154863e+00 3.019942e+00 1.147390e-01 -3.301656e-04 -2.646587e-04 -2.289305e-04 -2.477757e-04
 7691.400000 8.376422e-01 1.145384e+00 2.993969e+00 1.103063e-01 -3.352773e-04 -2.678082e-04 -2.453595e-04 -2.363223e-04
 7691.600000 8.351524e-01 1.142129e+00 2.984742e+00 1.165815e-01 -3.370723e-04 -2.640431e-04 -2.373981e-04 -2.376264e-04
 7691.800000 8.371008e-01 1.144489e+00 2.992901e+00 1.118773e-01 -3.262841e-04 -2.610248e-04 -2.417074e-04 -2.409821e-04
 7692.000000 8.273119e-01 1.131989e+00 2.959948e+00 1.117682e-01 -3.133628e-04 -2.664801e-04 -2.445144e-04 -2.410129e-04
 7692.200000 8.331166e-01 1.140165e+00 2.981464e+00 1.124757e-01 -3.186627e-04 -2.771902e-04 -2.321365e-04 -2.337990e-04
 7692.400000 8.441711e-01 1.155699e+00 3.022885e+00 1.146021e-01 -3.258758e-04 -2.854069e-04 -2.338154e-04 -2.378897e-04
 7692.600000 8.388597e-01 1.148668e+00 3.002556e+00 1.138487e-01 -3.311064e-04 -2.856344e-04 -2.345767e-04 -2.446806e-04
 7692.800000 8.339827e-01 1.141977e+00 2.987847e+00 1.131684e-01 -3.310325e-04 -2.838541e-04 -2.373752e-04 -2.413762e-04
 7693.000000 8.375622e-01 1.146673e+00 3.000213e+00 1.119484e-01 -3.296434e-04 -2.836404e-04 -2.379496e-04 -2.367404e-04
 7693.200000 8.390062e-01 1.149394e+00 3.007151e+00 1.167212e-01 -3.323534e-04 -2.844347e-04 -2.432988e-04 -2.462194e-04
 7693.400000 8.410068e-01 1.152524e+00 3.016598e+00 1.152533e-01 -3.387090e-04 -2.814076e-04 -2.317982e-04 -2.291095e-04
 7693.600000 8.360580e-01 1.145799e+00 2.997125e+00 1.133549e-01 -3.342494e-04 -2.748291e-04 -2.214872e-04 -2.263598e-04
 7693.800000 8.408155e-01 1.152213e+00 3.012817e+00 1.123548e-01 -3.245848e-04 -2.826350e-04 -2.275573e-04 -2.278029e-04
 7694.000000 8.365316e-01 1.146467e+00 2.996516e+00 1.139550e-01 -3.314196e-04 -2.896686e-04 -2.355734e-04 -2.360110e-04
 7694.200000 8.382658e-01 1.148916e+00 3.002083e+00 1.126853e-01 -3.384174e-04 -2.857175e-04 -2.423543e-04 -2.258933e-04
 7694.400000 8.372085e-01 1.147590e+00 3.001899e+00 1.134532e-01 -3.366117e-04 -2.843112e-04 -2.427860e-04 -2.203289e-04
 7694.600000 8.380445e-01 1.148429e+00 3.001446e+00 1.157624e-01 -3.325022e-04 -2.812301e-04 -2.380520e-04 -2.310939e-04
 7694.800000 8.371137e-01 1.147557e+00 3.000718e+00 1.128322e-01 -3.422168e-04 -2.777072e-04 -2.406579e-04 -2.411194e-04
 7695.000000 8.360585e-01 1.146800e+00 2.998405e+00 1.112291e-01 -3.474802e-04 -2.770098e-04 -2.398280e-04 -2.319776e-04
 7695.200000 8.337106e-01 1.143272e+00 2.988838e+00 1.155206e-01 -3.468559e-04 -2.825737e-04 -2.322172e-04 -2.286856e-04
 7695.400000 8.312577e-01 1.139921e+00 2.977519e+00 1.127889e-01 -3.471700e-04 -2.882198e-04 -2.343706e-04 -2.373253e-04
 7695.600000 8.319857e-01 1.141283e+00 2.984234e+00 1.125353e-01 -3.355007e-04 -2.862998e-04 -2.364080e-04 -2.368036e-04
 7695.800000 8.431819e-01 1.157392e+00 3.023801e+00 1.140447e-01 -3.408711e-04 -2.926095e-04 -2.250502e-04 -2.184246e-04
 7696.000000 8.383640e-01 1.150481e+00 3.005910e+00 1.126470e-01 -3.351024e-04 -2.897639e-04 -2.383503e-04 -2.308256e-04
 7696.200000 8.373798e-01 1.149482e+00 3.000089e+00 1.114143e-01 -3.226577e-04 -2.895641e-04 -2.364344e-04 -2.363006e-04
 7696.400000 8.334705e-01 1.144098e+00 2.989014e+00 1.128224e-01 -3.275118e-04 -2.864413e-04 -2.245894e-04 -2.425077e-04
 7696.600000 8.285823e-01 1.137202e+00 2.969456e+00 1.146292e-01 -3.346848e-04 -2.811937e-04 -2.238589e-04 -2.255685e-04
 7696.800000 8.428174e-01 1.156973e+00 3.022573e+00 1.132087e-01 -3.430648e-04 -2.785250e-04 -2.177311e-04 -2.204597e-04
 7697.000000 8.361101e-01 1.147872e+00 2.998872e+00 1.122327e-01 -3.385745e-04 -2.709722e-04 -2.254436e-04 -2.349099e-04
 7697.200000 8.415489e-01 1.156042e+00 3.018150e+00 1.147661e-01 -3.312910e-04 -2.626521e-04 -2.348545e-04 -2.382316e-04
 7697.400000 8.334452e-01 1.144539e+00 2.986214e+00 1.129021e-01 -3.266627e-04 -2.668895e-04 -2.214502e-04 -2.372248e-04
 7697.600000 8.379230e-01 1.150920e+00 3.004427e+00 1.134233e-01 -3.412377e-04 -2.646477e-04 -2.271274e-04 -2.579975e-04
 7697.800000 8.289064e-01 1.138640e+00 2.973131e+00 1.119421e-01 -3.367635e-04 -2.729921e-04 -2.122836e-04 -2.341167e-04
 7698.000000 8.364079e-01 1.149101e+00 2.999723e+00 1.147891e-01 -3.441342e-04 -2.696492e-04 -2.196878e-04 -2.299622e-04
 7698.200000 8.445734e-01 1.161192e+00 3.030027e+00 1.163547e-01 -3.549367e-04 -2.672030e-04 -2.203274e-04 -2.335990e-04
 7698.400000 8.356370e-01 1.149098e+00 2.996024e+00 1.136718e-01 -3.490031e-04 -2.758238e-04 -2.335643e-04 -2.284549e-04
 7698.600000 8.366967e-01 1.150325e+00 2.999612e+00 1.144715e-01 -3.476918e-04 -2.791030e-04 -2.302594e-04 -2.382956e-04
 7698.800000 8.352216e-01 1.148631e+00 2.995057e+00 1.131981e-01 -3.473763e-04 -2.813741e-04 -2.380004e-04 -2.435716e-04
 7699.000000 8.401868e-01 1.156073e+00 3.013507e+00 1.144748e-01 -3.444359e-04 -2.774241e-04 -2.336550e-04 -2.361583e-04
 7699.200000 8.363378e-01 1.150668e+00 2.997804e+00 1.138310e-01 -3.497435e-04 -2.711725e-04 -2.338687e-04 -2.477852e-04
 7699.400000 8.370232e-01 1.152006e+00 3.000520e+00 1.130041e-01 -3.524878e-04 -2.715620e-04 -2.357186e-04 -2.338455e-04
 7699.600000 8.332014e-01 1.146272e+00 2.985876e+00 1.123918e-01 -3.488782e-04 -2.786889e-04 -2.386663e-04 -2.272844e-04
 7699.800000 8.354567e-01 1.149534e+00 2.994752e+00 1.126401e-01 -3.537424e-04 -2.815831e-04 -2.365266e-04 -2.446059e-04
 7700.000000 8.354863e-01 1.150015e+00 2.995175e+00 1.139472e-01 -3.546421e-04 -2.904937e-04 -2.269879e-04 -2.457163e-04
 7700.200000 8.368966e-01 1.152280e+00 2.997628e+00 1.150037e-01 -3.529464e-04 -2.908153e-04 -2.287855e-04 -2.445152e-04
 7700.400000 8.362826e-01 1.151258e+00 2.997055e+00 1.142610e-01 -3.402616e-04 -2.812347e-04 -2.346631e-04 -2.452021e-04
 7700.600000 8.269586e-01 1.138862e+00 2.961059e+00 1.113946e-01 -3.365237e-04 -2.759717e-04 -2.324398e-04 -2.355104e-04
 7700.800000 8.403008e-01 1.157640e+00 3.010818e+00 1.152008e-01 -3.458323e-04 -2.729781e-04 -2.507517e-04 -2.400370e-04
 7701.000000 8.356639e-01 1.151125e+00 2.993514e+00 1.135128e-01 -3.496605e-04 -2.717046e-04 -2.452845e-04 -2.270534e-04
 7701.200000 8.356933e-01 1.151932e+00 2.994791e+00 1.137028e-01 -3.468329e-04 -2.762077e-04 -2.325933e-04 -2.310447e-04
 7701.400000 8.330408e-01 1.148067e+00 2.984618e+00 1.131714e-01 -3.365459e-04 -2.759449e-04 -2.357491e-04 -2.258715e-04
 7701.600000 8.394086e-01 1.156857e+00 3.006606e+00 1.136031e-01 -3.298013e-04 -2.864912e-04 -2.425210e-04 -2.113083e-04
 7701.800000 8.359454e-01 1.152185e+00 2.992207e+00 1.156011e-01 -3.257764e-04 -2.860842e-04 -2.493171e-04 -2.188080e-04
 7702.000000 8.324421e-01 1.147450e+00 2.977907e+00 1.135253e-01 -3.225075e-04 -2.832875e-04 -2.458663e-04 -2.320809e-04
 7702.200000 8.321530e-01 1.147681e+00 2.974930e+00 1.150709e-01 -3.175616e-04 -2.803881e-04 -2.320662e-04 -2.264610e-04
 7702.400000 8.404555e-01 1.159294e+00 3.004116e+00 1.132299e-01 -3.354939e-04 -2.802391e-04 -2.223491e-04 -2.329081e-04
 7702.600000 8.349218e-01 1.151645e+00 2.982158e+00 1.155794e-01 -3.447685e-04 -2.781299e-04 -2.355857e-04 -2.435184e-04
 7702.800000 8.331610e-01 1.149332e+00 2.976333e+00 1.137406e-01 -3.453058e-04 -2.836658e-04 -2.474154e-04 -2.380914e-04
 7703.000000 8.322925e-01 1.148422e+00 2.968283e+00 1.111926e-01 -3.391583e-04 -2.867604e-04 -2.477853e-04 -2.341362e-04
 7703.200000 8.369275e-01 1.155233e+00 2.987942e+00 1.152269e-01 -3.415362e-04 -2.915651e-04 -2.417528e-04 -2.250580e-04
 7703.400000 8.354832e-01 1.153244e+00 2.978534e+00 1.143829e-01 -3.441013e-04 -2.954954e-04 -2.339942e-04 -2.109625e-04
 7703.600000 8.345868e-01 1.152261e+00 2.973047e+00 1.131977e-01 -3.387879e-04 -2.960361e-04 -2.358860e-04 -2.242041e-04
 7703.800000 8.325532e-01 1.149305e+00 2.963246e+00 1.142537e-01 -3.405215e-04 -2.874665e-04 -2.375426e-04 -2.392192e-04
 7704.000000 8.381438e-01 1.157500e+00 2.982069e+00 1.151245e-01 -3.435966e-04 -2.759839e-04 -2.320107e-04 -2.376918e-04
 7704.200000 8.321864e-01 1.149095e+00 2.956549e+00 1.134725e-01 -3.459575e-04 -2.737060e-04 -2.356375e-04 -2.349421e-04
 7704.400000 8.358533e-01 1.154445e+00 2.966665e+00 1.129667e-01 -3.390610e-04 -2.783251e-04 -2.399342e-04 -2.205380e-04
 7704.600000 8.368309e-01 1.156216e+00 2.968209e+00 1.142761e-01 -3.442468e-04 -2.789768e-04 -2.432922e-04 -2.341387e-04
 7704.800000 8.336771e-01 1.151911e+00 2.954955e+00 1.149386e-01 -3.462605e-04 -2.952515e-04 -2.349806e-04 -2.356721e-04
 7705.000000 8.352498e-01 1.154490e+00 2.954562e+00 1.147046e-01 -3.529234e-04 -2.989457e-04 -2.197108e-04 -2.250848e-04
 7705.200000 8.352538e-01 1.154377e+00 2.950359e+00 1.151138e-01 -3.468143e-04 -2.934578e-04 -2.274559e-04 -2.232098e-04
 7705.400000 8.372313e-01 1.157460e+00 2.953000e+00 1.148684e-01 -3.396739e-04 -2.878494e-04 -2.183677e-04 -2.367313e-04
 7705.600000 8.379089e-01 1.158430e+00 2.947315e+00 1.140479e-01 -3.246735e-04 -2.840949e-04 -2.266830e-04 -2.333169e-04
 7705.800000 8.289862e-01 1.145966e+00 2.906909e+00 1.140616e-01 -3.288811e-04 -2.885305e-04 -2.247103e-04 -2.285910e-04
 7706.000000 8.278470e-01 1.145058e+00 2.896394e+00 1.139096e-01 -3.310914e-04 -2.779587e-04 -2.297918e-04 -2.397865e-04
 7706.200000 8.360713e-01 1.156962e+00 2.916569e+00 1.134076e-01 -3.377759e-04 -2.832369e-04 -2.257295e-04 -2.294445e-04
 7706.400000 8.350606e-01 1.155372e+00 2.901111e+00 1.149001e-01 -3.384120e-04 -2.888927e-04 -2.278806e-04 -2.286490e-04
 7706.600000 8.377348e-01 1.159172e+00 2.894944e+00 1.148676e-01 -3.404384e-04 -2.894812e-04 -2.270578e-04 -2.278151e-04
 7706.800000 8.357365e-01 1.156403e+00 2.870866e+00 1.139440e-01 -3.344591e-04 -2.919548e-04 -2.147723e-04 -2.146575e-04
 7707.000000 8.321801e-01 1.151428e+00 2.837921e+00 1.136448e-01 -3.338616e-04 -2.942569e-04 -2.307940e-04 -2.166037e-04
 7707.200000 8.328603e-01 1.152734e+00 2.812603e+00 1.143479e-01 -3.402433e-04 -2.903170e-04 -2.195844e-04 -2.189266e-04
 7707.400000 8.340662e-01 1.154687e+00 2.780025e+00 1.132370e-01 -3.476109e-04 -2.812348e-04 -2.200922e-04 -2.316107e-04
 7707.600000 8.339150e-01 1.154519e+00 2.735504e+00 1.142851e-01 -3.394812e-04 -2.813748e-04 -2.433534e-04 -2.411011e-04
 7707.800000 8.357774e-01 1.157235e+00 2.689152e+00 1.163108e-01 -3.372690e-04 -2.805135e-04 -2.346774e-04 -2.370016e-04
 7708.000000 8.339528e-01 1.154887e+00 2.624264e+00 1.141624e-01 -3.254473e-04 -2.807982e-04 -2.279375e-04 -2.415925e-04
 7708.200000 8.340902e-01 1.155427e+00 2.560022e+00 1.145292e-01 -3.303127e-04 -2.837631e-04 -2.235734e-04 -2.358473e-04
 7708.400000 8.322744e-01 1.152744e+00 2.485772e+00 1.147814e-01 -3.323818e-04 -2.826842e-04 -2.325743e-04 -2.283074e-04
 7708.600000 8.344629e-01 1.155865e+00 2.426666e+00 1.141313e-01 -3.309213e-04 -2.809212e-04 -2.245719e-04 -2.215470e-04
 7708.800000 8.354288e-01 1.157941e+00 2.364100e+00 1.147852e-01 -3.260346e-04 -2.745784e-04 -2.293156e-04 -2.196032e-04
 7709.000000 8.364230e-01 1.159540e+00 2.304543e+00 1.155745e-01 -3.304897e-04 -2.659537e-04 -2.343485e-04 -2.272595e-04
 7709.200000 8.365409e-01 1.159866e+00 2.247059e+00 1.141904e-01 -3.364371e-04 -2.689282e-04 -2.294879e-04 -2.226153e-04
 7709.400000 8.368126e-01 1.160426e+00 2.192515e+00 1.151046e-01 -3.379859e-04 -2.698874e-04 -2.233080e-04 -2.208787e-04
 7709.600000 8.366596e-01 1.160545e+00 2.138650e+00 1.143705e-01 -3.336658e-04 -2.735722e-04 -2.247953e-04 -2.158358e-04
 7709.800000 8.341480e-01 1.156790e+00 2.080321e+00 1.153174e-01 -3.275907e-04 -2.730627e-04 -2.359972e-04 -2.210623e-04
 7710.000000 8.325377e-01 1.154849e+00 2.030135e+00 1.143219e-01 -3.217496e-04 -2.714371e-04 -2.387468e-04 -2.319064e-04
 7710.200000 8.349736e-01 1.158519e+00 1.995047e+00 1.158575e-01 -3.272819e-04 -2.684952e-04 -2.369783e-04 -2.314217e-04
 7710.400000 8.343404e-01 1.157657e+00 1.955413e+00 1.149828e-01 -3.326126e-04 -2.703188e-04 -2.484741e-04 -2.331054e-04
 7710.600000 8.352954e-01 1.159205e+00 1.922696e+00 1.156570e-01 -3.372423e-04 -2.711986e-04 -2.430822e-04 -2.289477e-04
 7710.800000 8.351284e-01 1.159192e+00 1.891767e+00 1.153082e-01 -3.441853e-04 -2.755896e-04 -2.303813e-04 -2.336662e-04
 7711.000000 8.330972e-01 1.156542e+00 1.860318e+00 1.150272e-01 -3.427501e-04 -2.666836e-04 -2.391261e-04 -2.340756e-04
 7711.200000 8.339058e-01 1.157709e+00 1.839340e+00 1.155375e-01 -3.426150e-04 -2.720471e-04 -2.438830e-04 -2.315054e-04
 7711.400000 8.342922e-01 1.158664e+00 1.820313e+00 1.164978e-01 -3.420839e-04 -2.698223e-04 -2.403906e-04 -2.408978e-04
 7711.600000 8.338724e-01 1.158209e+00 1.802566e+00 1.154694e-01 -3.379130e-04 -2.692807e-04 -2.352445e-04 -2.217198e-04
 7711.800000 8.339676e-01 1.158453e+00 1.789446e+00 1.157718e-01 -3.352036e-04 -2.766654e-04 -2.363202e-04 -2.186832e-04
 7712.000000 8.340736e-01 1.158425e+00 1.778591e+00 1.159295e-01 -3.472453e-04 -2.710053e-04 -2.355024e-04 -2.311855e-04
 7712.200000 8.342930e-01 1.158473e+00 1.770109e+00 1.163783e-01 -3.423897e-04 -2.681736e-04 -2.334989e-04 -2.417615e-04
 7712.400000 8.347960e-01 1.159083e+00 1.765009e+00 1.164408e-01 -3.394726e-04 -2.612477e-04 -2.348705e-04 -2.436307e-04
 7712.600000 8.349093e-01 1.159532e+00 1.760346e+00 1.179187e-01 -3.410396e-04 -2.615514e-04 -2.457248e-04 -2.400587e-04
 7712.800000 8.341859e-01 1.158638e+00 1.754935e+00 1.171480e-01 -3.390550e-04 -2.662462e-04 -2.498597e-04 -2.414739e-04
 7713.000000 8.346618e-01 1.159281e+00 1.750525e+00 1.177025e-01 -3.482123e-04 -2.669457e-04 -2.410431e-04 -2.351152e-04
 7713.200000 8.346696e-01 1.159266e+00 1.746854e+00 1.183475e-01 -3.633926e-04 -2.588958e-04 -2.399901e-04 -2.255627e-04
 7713.400000 8.339632e-01 1.158215e+00 1.739411e+00 1.184667e-01 -3.563111e-04 -2.643158e-04 -2.429612e-04 -2.293127e-04
 7713.600000 8.338073e-01 1.157951e+00 1.732451e+00 1.191906e-01 -3.550910e-04 -2.649759e-04 -2.274421e-04 -2.214355e-04
 7713.800000 8.330079e-01 1.157009e+00 1.721715e+00 1.194306e-01 -3.548106e-04 -2.619334e-04 -2.318019e-04 -2.302238e-04
 7714.000000 8.344141e-01 1.159191e+00 1.713443e+00 1.195856e-01 -3.629475e-04 -2.645842e-04 -2.280808e-04 -2.264771e-04
 7714.200000 8.333270e-01 1.157615e+00 1.698156e+00 1.201347e-01 -3.643499e-04 -2.706457e-04 -2.463881e-04 -2.251437e-04
 7714.400000 8.343876e-01 1.158769e+00 1.684150e+00 1.213677e-01 -3.548106e-04 -2.687629e-04 -2.531051e-04 -2.279613e-04
 7714.600000 8.331427e-01 1.157113e+00 1.663293e+00 1.211656e-01 -3.534616e-04 -2.697970e-04 -2.401395e-04 -2.196568e-04
 7714.800000 8.338829e-01 1.158118e+00 1.644894e+00 1.220297e-01 -3.438789e-04 -2.737896e-04 -2.437584e-04 -2.256701e-04
 7715.000000 8.329906e-01 1.157051e+00 1.622095e+00 1.216276e-01 -3.427281e-04 -2.821740e-04 -2.443734e-04 -2.192771e-04
 7715.200000 8.330780e-01 1.157525e+00 1.600181e+00 1.227774e-01 -3.476223e-04 -2.816233e-04 -2.417079e-04 -2.189314e-04
 7715.400000 8.332038e-01 1.157637e+00 1.577929e+00 1.226068e-01 -3.483590e-04 -2.844822e-04 -2.439207e-04 -2.270353e-04
 7715.600000 8.291762e-01 1.152537e+00 1.547244e+00 1.204579e-01 -3.466504e-04 -2.863507e-04 -2.460926e-04 -2.268160e-04
 7715.800000 8.342543e-01 1.159799e+00 1.536253e+00 1.219284e-01 -3.419793e-04 -2.747123e-04 -2.463060e-04 -2.323733e-04
 7716.000000 8.364578e-01 1.163051e+00 1.519079e+00 1.222264e-01 -3.475908e-04 -2.785224e-04 -2.453101e-04 -2.322887e-04
 7716.200000 8.334862e-01 1.158865e+00 1.490990e+00 1.205774e-01 -3.540461e-04 -2.829689e-04 -2.464433e-04 -2.309073e-04
 7716.400000 8.347293e-01 1.160756e+00 1.472871e+00 1.207071e-01 -3.506025e-04 -2.810697e-04 -2.532410e-04 -2.249959e-04
 7716.600000 8.330010e-01 1.158747e+00 1.448446e+00 1.203795e-01 -3.525632e-04 -2.753203e-04 -2.517232e-04 -2.222317e-04
 7716.800000 8.354112e-01 1.162645e+00 1.432911e+00 1.216720e-01 -3.448584e-04 -2.757218e-04 -2.320212e-04 -2.245787e-04
 7717.000000 8.312398e-01 1.156685e+00 1.405164e+00 1.225452e-01 -3.433490e-04 -2.757514e-04 -2.366956e-04 -2.208728e-04
 7717.200000 8.338796e-01 1.160291e+00 1.390494e+00 1.214500e-01 -3.449499e-04 -2.800428e-04 -2.318284e-04 -2.179139e-04
 7717.400000 8.355726e-01 1.163054e+00 1.374406e+00 1.230237e-01 -3.453659e-04 -2.862124e-04 -2.519249e-04 -2.370775e-04
 7717.600000 8.332372e-01 1.159926e+00 1.350325e+00 1.222539e-01 -3.409211e-04 -2.807211e-04 -2.425290e-04 -2.265160e-04
 7717.800000 8.355796e-01 1.162983e+00 1.333802e+00 1.240616e-01 -3.482668e-04 -2.852287e-04 -2.469897e-04 -2.282527e-04
 7718.000000 8.304154e-01 1.155664e+00 1.304977e+00 1.228434e-01 -3.512754e-04 -2.830984e-04 -2.567610e-04 -2.278247e-04
 7718.200000 8.331146e-01 1.159576e+00 1.288876e+00 1.229190e-01 -3.469069e-04 -2.891109e-04 -2.490857e-04 -2.331493e-04
 7718.400000 8.335112e-01 1.160041e+00 1.269317e+00 1.235586e-01 -3.475455e-04 -2.913312e-04 -2.521376e-04 -2.342861e-04
 7718.600000 8.326543e-01 1.158826e+00 1.248387e+00 1.243741e-01 -3.521084e-04 -2.946562e-04 -2.499049e-04 -2.306905e-04
 7718.800000 8.343533e-01 1.161719e+00 1.232453e+00 1.246125e-01 -3.377052e-04 -2.995121e-04 -2.608413e-04 -2.248214e-04
 7719.000000 8.325348e-01 1.159100e+00 1.209614e+00 1.254366e-01 -3.504898e-04 -3.060224e-04 -2.661917e-04 -2.246466e-04
 7719.200000 8.342445e-01 1.161384e+00 1.192621e+00 1.261931e-01 -3.610968e-04 -2.990770e-04 -2.600755e-04 -2.260179e-04
 7719.400000 8.329701e-01 1.159776e+00 1.169894e+00 1.258118e-01 -3.604154e-04 -2.978815e-04 -2.589405e-04 -2.173575e-04
 7719.600000 8.333355e-01 1.160201e+00 1.150141e+00 1.268026e-01 -3.652320e-04 -3.029244e-04 -2.616439e-04 -2.271872e-04
 7719.800000 8.349724e-01 1.162706e+00 1.133047e+00 1.274046e-01 -3.632544e-04 -3.017632e-04 -2.500424e-04 -2.277922e-04
 7720.000000 8.309706e-01 1.156638e+00 1.105293e+00 1.255475e-01 -3.561685e-04 -2.972824e-04 -2.480870e-04 -2.275824e-04
 7720.200000 8.296220e-01 1.154761e+00 1.082640e+00 1.262532e-01 -3.555376e-04 -2.989579e-04 -2.434209e-04 -2.317699e-04
 7720.400000 8.342123e-01 1.161286e+00 1.068491e+00 1.280260e-01 -3.618309e-04 -2.945598e-04 -2.526055e-04 -2.208341e-04
 7720.600000 8.328698e-01 1.159654e+00 1.046728e+00 1.273107e-01 -3.493720e-04 -2.938373e-04 -2.554378e-04 -2.273236e-04
 7720.800000 8.314629e-01 1.157960e+00 1.024749e+00 1.280821e-01 -3.527106e-04 -2.877853e-04 -2.512904e-04 -2.272305e-04
 7721.000000 8.334482e-01 1.160618e+00 1.008383e+00 1.298079e-01 -3.502645e-04 -2.985015e-04 -2.329372e-04 -2.182446e-04
 7721.200000 8.315438e-01 1.157786e+00 9.854570e-01 1.281850e-01 -3.624597e-04 -3.086155e-04 -2.438815e-04 -2.199752e-04
 7721.400000 8.335705e-01 1.160709e+00 9.670019e-01 1.297127e-01 -3.722226e-04 -3.043594e-04 -2.550468e-04 -2.344718e-04
 7721.600000 8.330245e-01 1.159857e+00 9.465958e-01 1.296334e-01 -3.749788e-04 -2.990613e-04 -2.564874e-04 -2.233460e-04
 7721.800000 8.315092e-01 1.158009e+00 9.266471e-01 1.307681e-01 -3.688620e-04 -2.902626e-04 -2.637544e-04 -2.174666e-04
 7722.000000 8.337601e-01 1.161414e+00 9.094792e-01 1.304968e-01 -3.663383e-04 -2.837790e-04 -2.710189e-04 -2.346958e-04
 7722.200000 8.336591e-01 1.160736e+00 8.896726e-01 1.316714e-01 -3.648849e-04 -2.926381e-04 -2.698672e-04 -2.335759e-04
 7722.400000 8.316873e-01 1.158074e+00 8.703882e-01 1.304228e-01 -3.677052e-04 -2.918140e-04 -2.586929e-04 -2.281694e-04
 7722.600000 8.325827e-01 1.159587e+00 8.548258e-01 1.328886e-01 -3.584091e-04 -3.002838e-04 -2.679293e-04 -2.324350e-04
 7722.800000 8.293717e-01 1.155295e+00 8.354146e-01 1.307918e-01 -3.615931e-04 -3.012597e-04 -2.633456e-04 -2.312403e-04
 7723.000000 8.348650e-01 1.163248e+00 8.267809e-01 1.316383e-01 -3.707041e-04 -2.917582e-04 -2.529226e-04 -2.208806e-04
 7723.200000 8.341678e-01 1.162311e+00 8.120762e-01 1.322086e-01 -3.667844e-04 -2.900570e-04 -2.515756e-04 -2.172551e-04
 7723.400000 8.316764e-01 1.158930e+00 7.974824e-01 1.321992e-01 -3.513531e-04 -2.833406e-04 -2.532310e-04 -2.171477e-04
 7723.600000 8.302760e-01 1.156711e+00 7.852089e-01 1.319802e-01 -3.496536e-04 -2.816314e-04 -2.444856e-04 -2.203151e-04
 7723.800000 8.319772e-01 1.159471e+00 7.780292e-01 1.323371e-01 -3.581446e-04 -2.939119e-04 -2.598859e-04 -2.324896e-04
 7724.000000 8.320986e-01 1.159164e+00 7.686832e-01 1.330189e-01 -3.597395e-04 -2.925430e-04 -2.518735e-04 -2.303382e-04
 7724.200000 8.340956e-01 1.162129e+00 7.648695e-01 1.327144e-01 -3.546222e-04 -2.962487e-04 -2.534174e-04 -2.260424e-04
 7724.400000 8.227381e-01 1.146301e+00 7.471712e-01 1.323259e-01 -3.474716e-04 -2.944689e-04 -2.478516e-04 -2.055542e-04
 7724.600000 8.299153e-01 1.156724e+00 7.488675e-01 1.347888e-01 -3.456305e-04 -2.951665e-04 -2.467838e-04 -2.073383e-04
 7724.800000 8.328367e-01 1.161237e+00 7.484399e-01 1.355635e-01 -3.523658e-04 -2.971809e-04 -2.489670e-04 -2.078871e-04
 7725.000000 8.312330e-01 1.158488e+00 7.450001e-01 1.341201e-01 -3.508959e-04 -2.812834e-04 -2.546759e-04 -2.003946e-04
 7725.200000 8.329459e-01 1.161136e+00 7.428219e-01 1.345420e-01 -3.537466e-04 -2.842996e-04 -2.531542e-04 -1.934570e-04
 7725.400000 8.361407e-01 1.165558e+00 7.443784e-01 1.372732e-01 -3.592030e-04 -2.865693e-04 -2.583380e-04 -2.181950e-04
 7725.600000 8.312049e-01 1.158672e+00 7.376328e-01 1.344644e-01 -3.560936e-04 -2.998902e-04 -2.540500e-04 -2.261270e-04
 7725.800000 8.303854e-01 1.157317e+00 7.358012e-01 1.358220e-01 -3.694553e-04 -2.858726e-04 -2.632283e-04 -2.318221e-04
 7726.000000 8.349488e-01 1.164300e+00 7.420817e-01 1.368309e-01 -3.594030e-04 -2.922815e-04 -2.509874e-04 -2.223197e-04
 7726.200000 8.363661e-01 1.165906e+00 7.429995e-01 1.390132e-01 -3.677438e-04 -2.886613e-04 -2.478708e-04 -2.248180e-04
 7726.400000 8.311855e-01 1.158631e+00 7.366788e-01 1.364981e-01 -3.602733e-04 -2.807863e-04 -2.573768e-04 -2.286407e-04
 7726.600000 8.309913e-01 1.158763e+00 7.385816e-01 1.343345e-01 -3.607097e-04 -2.798728e-04 -2.575299e-04 -2.257322e-04
 7726.800000 8.300318e-01 1.158072e+00 7.396765e-01 1.362373e-01 -3.577954e-04 -2.782223e-04 -2.600079e-04 -2.277962e-04
 7727.000000 8.327774e-01 1.161643e+00 7.420996e-01 1.373296e-01 -3.695191e-04 -2.889934e-04 -2.612625e-04 -2.281236e-04
 7727.200000 8.335259e-01 1.163063e+00 7.442196e-01 1.372629e-01 -3.676047e-04 -2.816890e-04 -2.778988e-04 -2.378142e-04
 7727.400000 8.332410e-01 1.162510e+00 7.447778e-01 1.371665e-01 -3.591832e-04 -2.846676e-04 -2.613044e-04 -2.285311e-04
 7727.600000 8.282756e-01 1.155418e+00 7.413322e-01 1.366989e-01 -3.635744e-04 -2.872636e-04 -2.530763e-04 -2.193971e-04
 7727.800000 8.271839e-01 1.153771e+00 7.406097e-01 1.371227e-01 -3.570782e-04 -2.891953e-04 -2.426761e-04 -2.231376e-04
 7728.000000 8.265745e-01 1.153342e+00 7.427953e-01 1.387158e-01 -3.626492e-04 -2.858009e-04 -2.459591e-04 -2.183678e-04
 7728.200000 8.389222e-01 1.170696e+00 7.540058e-01 1.364110e-01 -3.649516e-04 -2.784031e-04 -2.499552e-04 -2.287249e-04
 7728.400000 8.324597e-01 1.161943e+00 7.493136e-01 1.378591e-01 -3.616860e-04 -2.827237e-04 -2.425549e-04 -2.260863e-04
 7728.600000 8.299082e-01 1.158302e+00 7.478961e-01 1.365818e-01 -3.511232e-04 -2.911608e-04 -2.582076e-04 -2.311683e-04
 7728.800000 8.332356e-01 1.163970e+00 7.501315e-01 1.377253e-01 -3.545069e-04 -3.019703e-04 -2.486064e-04 -2.339083e-04
 7729.000000 8.280523e-01 1.156040e+00 7.468059e-01 1.361504e-01 -3.563194e-04 -2.912531e-04 -2.395780e-04 -2.423578e-04
 7729.200000 8.386426e-01 1.171671e+00 7.553089e-01 1.398850e-01 -3.596106e-04 -2.908249e-04 -2.601657e-04 -2.404584e-04
 7729.400000 8.302140e-01 1.159853e+00 7.466563e-01 1.361247e-01 -3.486041e-04 -2.863613e-04 -2.485190e-04 -2.335921e-04
 7729.600000 8.310834e-01 1.160867e+00 7.473255e-01 1.362348e-01 -3.481978e-04 -2.914083e-04 -2.604887e-04 -2.378561e-04
 7729.800000 8.288962e-01 1.158017e+00 7.447863e-01 1.383671e-01 -3.435048e-04 -2.844432e-04 -2.571310e-04 -2.409854e-04
 7730.000000 8.303380e-01 1.160527e+00 7.440445e-01 1.385036e-01 -3.490548e-04 -2.891022e-04 -2.378424e-04 -2.338901e-04
 7730.200000 8.312773e-01 1.161778e+00 7.382100e-01 1.353887e-01 -3.448115e-04 -2.894620e-04 -2.291684e-04 -2.298782e-04
 7730.400000 8.319622e-01 1.162953e+00 7.371416e-01 1.369203e-01 -3.537783e-04 -2.850999e-04 -2.278643e-04 -2.334910e-04
 7730.600000 8.267157e-01 1.156008e+00 7.279318e-01 1.358866e-01 -3.559573e-04 -2.844366e-04 -2.321548e-04 -2.229876e-04
 7730.800000 8.381390e-01 1.172030e+00 7.360342e-01 1.398306e-01 -3.511619e-04 -2.806848e-04 -2.352612e-04 -2.356239e-04
 7731.000000 8.299200e-01 1.160821e+00 7.240347e-01 1.366658e-01 -3.494804e-04 -2.793424e-04 -2.361044e-04 -2.262430e-04
 7731.200000 8.325397e-01 1.164848e+00 7.211373e-01 1.353925e-01 -3.458870e-04 -2.926660e-04 -2.438176e-04 -2.260773e-04
 7731.400000 8.311686e-01 1.162938e+00 7.137113e-01 1.395979e-01 -3.493729e-04 -2.901635e-04 -2.430930e-04 -2.336168e-04
 7731.600000 8.253435e-01 1.154977e+00 7.051457e-01 1.390232e-01 -3.567812e-04 -2.825415e-04 -2.418389e-04 -2.273061e-04
 7731.800000 8.296372e-01 1.160758e+00 7.034431e-01 1.361016e-01 -3.511727e-04 -2.917039e-04 -2.589700e-04 -2.368890e-04
 7732.000000 8.304384e-01 1.162445e+00 7.019027e-01 1.379559e-01 -3.541671e-04 -2.877036e-04 -2.396591e-04 -2.213747e-04
 7732.200000 8.340225e-01 1.167166e+00 7.016281e-01 1.406389e-01 -3.531472e-04 -2.893003e-04 -2.317475e-04 -2.321905e-04
 7732.400000 8.310963e-01 1.163128e+00 6.950418e-01 1.408376e-01 -3.534432e-04 -2.893189e-04 -2.225380e-04 -2.313086e-04
 7732.600000 8.254407e-01 1.155315e+00 6.877065e-01 1.375904e-01 -3.524896e-04 -2.946778e-04 -2.337657e-04 -2.303818e-04
 7732.800000 8.277216e-01 1.158877e+00 6.875956e-01 1.355106e-01 -3.544593e-04 -2.897892e-04 -2.547698e-04 -2.481269e-04
 7733.000000 8.345475e-01 1.168486e+00 6.916262e-01 1.389335e-01 -3.417557e-04 -2.889126e-04 -2.426633e-04 -2.354671e-04
 7733.200000 8.312329e-01 1.164143e+00 6.885193e-01 1.416178e-01 -3.436066e-04 -3.007482e-04 -2.462134e-04 -2.338462e-04
 7733.400000 8.340130e-01 1.168398e+00 6.907629e-01 1.379265e-01 -3.515416e-04 -3.124413e-04 -2.442992e-04 -2.438052e-04
 7733.600000 8.270022e-01 1.158200e+00 6.844108e-01 1.377825e-01 -3.594146e-04 -2.934905e-04 -2.467409e-04 -2.434745e-04
 7733.800000 8.282380e-01 1.159714e+00 6.857531e-01 1.364909e-01 -3.545704e-04 -2.935325e-04 -2.443346e-04 -2.400962e-04
 7734.000000 8.269501e-01 1.158848e+00 6.886789e-01 1.374301e-01 -3.432966e-04 -3.095311e-04 -2.341906e-04 -2.414888e-04
 7734.200000 8.320317e-01 1.166095e+00 6.948076e-01 1.398695e-01 -3.462928e-04 -3.066587e-04 -2.458712e-04 -2.439491e-04
 7734.400000 8.351448e-01 1.170829e+00 7.000029e-01 1.397076e-01 -3.437887e-04 -2.999910e-04 -2.493708e-04 -2.336314e-04
 7734.600000 8.330799e-01 1.167383e+00 6.992930e-01 1.398146e-01 -3.472791e-04 -3.009150e-04 -2.338630e-04 -2.316920e-04
 7734.800000 8.251656e-01 1.156574e+00 6.964904e-01 1.373423e-01 -3.416819e-04 -2.982898e-04 -2.370685e-04 -2.427079e-04
 7735.000000 8.244847e-01 1.156026e+00 6.986572e-01 1.380310e-01 -3.415531e-04 -2.884417e-04 -2.293232e-04 -2.403348e-04
 7735.200000 8.302756e-01 1.164222e+00 7.071441e-01 1.392751e-01 -3.555570e-04 -2.896018e-04 -2.216486e-04 -2.408807e-04
 7735.400000 8.317508e-01 1.166294e+00 7.123230e-01 1.409375e-01 -3.496839e-04 -2.843898e-04 -2.205739e-04 -2.345881e-04
 7735.600000 8.322018e-01 1.168239e+00 7.177884e-01 1.388294e-01 -3.476678e-04 -2.944111e-04 -2.112940e-04 -2.407409e-04
 7735.800000 8.284862e-01 1.162610e+00 7.170049e-01 1.384704e-01 -3.543336e-04 -3.010664e-04 -2.029249e-04 -2.361608e-04
 7736.000000 8.305009e-01 1.165402e+00 7.228331e-01 1.384699e-01 -3.561119e-04 -3.004132e-04 -2.288643e-04 -2.449945e-04
 7736.200000 8.330758e-01 1.169307e+00 7.260585e-01 1.406537e-01 -3.618646e-04 -2.949280e-04 -2.314895e-04 -2.440753e-04
 7736.400000 8.250594e-01 1.158201e+00 7.229163e-01 1.377705e-01 -3.514014e-04 -2.896668e-04 -2.332331e-04 -2.433981e-04
 7736.600000 8.229917e-01 1.155078e+00 7.214956e-01 1.373282e-01 -3.502187e-04 -3.037737e-04 -2.340867e-04 -2.496087e-04
 7736.800000 8.371498e-01 1.175464e+00 7.381947e-01 1.410524e-01 -3.567344e-04 -3.151815e-04 -2.309518e-04 -2.514513e-04
 7737.000000 8.328909e-01 1.169279e+00 7.355317e-01 1.382657e-01 -3.500726e-04 -3.126106e-04 -2.272279e-04 -2.531942e-04
 7737.200000 8.277808e-01 1.162502e+00 7.330587e-01 1.379241e-01 -3.445057e-04 -3.070261e-04 -2.252920e-04 -2.457298e-04
 7737.400000 8.256394e-01 1.158823e+00 7.318630e-01 1.379071e-01 -3.530622e-04 -2.855361e-04 -2.272721e-04 -2.437181e-04
 7737.600000 8.195752e-01 1.151082e+00 7.276453e-01 1.378529e-01 -3.523180e-04 -2.817967e-04 -2.507649e-04 -2.485488e-04
 7737.800000 8.356436e-01 1.174413e+00 7.448568e-01 1.388798e-01 -3.512680e-04 -2.824201e-04 -2.570068e-04 -2.484891e-04
 7738.000000 8.290274e-01 1.165392e+00 7.401918e-01 1.398649e-01 -3.370978e-04 -2.832834e-04 -2.428513e-04 -2.332015e-04
 7738.200000 8.294983e-01 1.166336e+00 7.412344e-01 1.382463e-01 -3.495951e-04 -2.909413e-04 -2.373881e-04 -2.306568e-04
 7738.400000 8.261307e-01 1.161979e+00 7.419773e-01 1.384038e-01 -3.438303e-04 -2.893597e-04 -2.377469e-04 -2.356153e-04
 7738.600000 8.274536e-01 1.164275e+00 7.450249e-01 1.354478e-01 -3.393162e-04 -2.907485e-04 -2.458423e-04 -2.379744e-04
 7738.800000 8.280271e-01 1.164711e+00 7.449382e-01 1.338838e-01 -3.565896e-04 -2.911635e-04 -2.525787e-04 -2.413653e-04
 7739.000000 8.313332e-01 1.169525e+00 7.511607e-01 1.372147e-01 -3.617900e-04 -2.973746e-04 -2.436798e-04 -2.368324e-04
 7739.200000 8.250469e-01 1.160983e+00 7.458607e-01 1.370350e-01 -3.580122e-04 -2.961255e-04 -2.409758e-04 -2.278774e-04
 7739.400000 8.250258e-01 1.160880e+00 7.492944e-01 1.352675e-01 -3.630749e-04 -2.979623e-04 -2.447423e-04 -2.232905e-04
 7739.600000 8.300073e-01 1.168577e+00 7.547078e-01 1.356257e-01 -3.585129e-04 -3.001003e-04 -2.443719e-04 -2.220122e-04
 7739.800000 8.293035e-01 1.167743e+00 7.566473e-01 1.379276e-01 -3.585373e-04 -3.009439e-04 -2.515205e-04 -2.345129e-04
 7740.000000 8.280477e-01 1.166153e+00 7.565490e-01 1.363251e-01 -3.520982e-04 -2.965649e-04 -2.471100e-04 -2.380063e-04
 7740.200000 8.257735e-01 1.163212e+00 7.569985e-01 1.347916e-01 -3.524472e-04 -3.011333e-04 -2.410848e-04 -2.208167e-04
 7740.400000 8.274060e-01 1.165695e+00 7.599855e-01 1.345719e-01 -3.592721e-04 -3.033712e-04 -2.457925e-04 -2.266093e-04
 7740.600000 8.101657e-01 1.141506e+00 7.463753e-01 1.321426e-01 -3.592810e-04 -2.987561e-04 -2.426165e-04 -2.187609e-04
 7740.800000 8.291331e-01 1.168446e+00 7.660112e-01 1.343871e-01 -3.555284e-04 -2.998914e-04 -2.295203e-04 -2.224581e-04
 7741.000000 8.324878e-01 1.173718e+00 7.731030e-01 1.352167e-01 -3.608824e-04 -2.994105e-04 -2.415686e-04 -2.292277e-04
 7741.200000 8.218862e-01 1.158722e+00 7.632164e-01 1.351403e-01 -3.604473e-04 -3.003053e-04 -2.449538e-04 -2.209999e-04
 7741.400000 8.253978e-01 1.163584e+00 7.681170e-01 1.377124e-01 -3.605589e-04 -2.930509e-04 -2.499206e-04 -2.378990e-04
 7741.600000 8.178320e-01 1.152848e+00 7.606643e-01 1.322996e-01 -3.558835e-04 -2.912701e-04 -2.478987e-04 -2.398778e-04
 7741.800000 8.143468e-01 1.148320e+00 7.604598e-01 1.322315e-01 -3.596776e-04 -2.895101e-04 -2.342757e-04 -2.154409e-04
 7742.000000 8.087585e-01 1.141104e+00 7.570545e-01 1.316752e-01 -3.580751e-04 -2.887295e-04 -2.374124e-04 -2.194988e-04
 7742.700000 8.009842e-01 1.131304e+00 7.530850e-01 1.300050e-01 -3.606119e-04 -2.902830e-04 -2.490719e-04 -2.234387e-04
 7743.400000 8.209038e-01 1.160047e+00 7.739573e-01 1.341189e-01 -3.543728e-04 -2.862833e-04 -2.479605e-04 -2.226668e-04
 7744.100000 8.310632e-01 1.174575e+00 7.847709e-01 1.341382e-01 -3.624735e-04 -2.885604e-04 -2.488164e-04 -2.378813e-04
 7744.800000 8.299345e-01 1.173443e+00 7.851834e-01 1.346970e-01 -3.670115e-04 -2.884039e-04 -2.490879e-04 -2.272603e-04
 7745.500000 8.310562e-01 1.175787e+00 7.874153e-01 1.339089e-01 -3.488499e-04 -2.813999e-04 -2.420363e-04 -2.286775e-04
 7746.200000 8.290923e-01 1.174055e+00 7.843257e-01 1.349340e-01 -3.482192e-04 -2.879317e-04 -2.517665e-04 -2.310351e-04
 7746.900000 8.306203e-01 1.176957e+00 7.834542e-01 1.338762e-01 -3.556096e-04 -2.893540e-04 -2.502020e-04 -2.355626e-04
 7747.600000 8.291055e-01 1.174807e+00 7.767674e-01 1.347509e-01 -3.605235e-04 -2.956639e-04 -2.458266e-04 -2.194632e-04
 7748.300000 8.281660e-01 1.173720e+00 7.686887e-01 1.338426e-01 -3.634920e-04 -2.939198e-04 -2.491764e-04 -2.125286e-04
 7749.993695 8.286971e-01 1.176516e+00 7.479353e-01 1.334140e-01 -3.608672e-04 -3.000487e-04 -2.322172e-04 -2.188102e-04
 7750.999583 8.281820e-01 1.176743e+00 7.319432e-01 1.345407e-01 -3.557744e-04 -2.982984e-04 -2.383400e-04 -2.410898e-04
 7752.017662 8.272960e-01 1.175814e+00 7.142564e-01 1.337369e-01 -3.536699e-04 -3.006222e-04 -2.299016e-04 -2.407331e-04
 7753.047933 8.246349e-01 1.172467e+00 6.932895e-01 1.328178e-01 -3.597911e-04 -3.067485e-04 -2.416731e-04 -2.516237e-04
 7754.090396 8.283302e-01 1.179828e+00 6.819771e-01 1.336736e-01 -3.584356e-04 -3.057442e-04 -2.317651e-04 -2.728065e-04
 7755.145051 8.233627e-01 1.172753e+00 6.621243e-01 1.328926e-01 -3.577987e-04 -2.987142e-04 -2.388757e-04 -2.731953e-04
 7756.211898 8.274963e-01 1.180253e+00 6.551376e-01 1.331679e-01 -3.606777e-04 -3.006210e-04 -2.384101e-04 -2.700549e-04
 7757.290937 8.267715e-01 1.180268e+00 6.496827e-01 1.333393e-01 -3.576079e-04 -2.957811e-04 -2.288270e-04 -2.571182e-04
 7758.382167 8.249401e-01 1.177754e+00 6.477210e-01 1.326726e-01 -3.575684e-04 -2.876419e-04 -2.373602e-04 -2.579753e-04
 7759.485590 8.252744e-01 1.179096e+00 6.532033e-01 1.327278e-01 -3.626586e-04 -2.870177e-04 -2.414173e-04 -2.566339e-04
 7760.601204 8.254051e-01 1.180238e+00 6.642547e-01 1.336036e-01 -3.485930e-04 -2.898871e-04 -2.421140e-04 -2.470865e-04
 7761.729011 8.246712e-01 1.179670e+00 6.791337e-01 1.341574e-01 -3.454184e-04 -2.912097e-04 -2.371616e-04 -2.075574e-04
 7762.869009 8.259373e-01 1.183153e+00 7.016694e-01 1.334390e-01 -3.505020e-04 -2.893909e-04 -2.349623e-04 -2.137162e-04
 7764.021199 8.259057e-01 1.183870e+00 7.218429e-01 1.340410e-01 -3.490991e-04 -2.819116e-04 -2.377974e-04 -2.212752e-04
 7765.185582 8.244555e-01 1.182162e+00 7.410918e-01 1.344611e-01 -3.469412e-04 -2.782522e-04 -2.470851e-04 -2.237081e-04
 7766.362156 8.241607e-01 1.182524e+00 7.611574e-01 1.357211e-01 -3.430897e-04 -2.859355e-04 -2.530233e-04 -2.206013e-04
 7767.550922 8.252148e-01 1.185447e+00 7.818380e-01 1.351190e-01 -3.345498e-04 -2.914162e-04 -2.564100e-04 -2.248129e-04
 7768.751879 8.247919e-01 1.185667e+00 7.987636e-01 1.369008e-01 -3.418006e-04 -2.946438e-04 -2.562899e-04 -2.373544e-04
 7769.965029 8.244128e-01 1.185885e+00 8.107742e-01 1.356517e-01 -3.390850e-04 -2.793507e-04 -2.577370e-04 -2.320832e-04
 7771.190371 8.232678e-01 1.185117e+00 8.176101e-01 1.355401e-01 -3.337029e-04 -2.813932e-04 -2.383929e-04 -2.290404e-04
 7772.427904 8.246032e-01 1.188373e+00 8.250850e-01 1.359744e-01 -3.442933e-04 -2.773477e-04 -2.230179e-04 -2.409249e-04
 7773.677630 8.224877e-01 1.186090e+00 8.261133e-01 1.352881e-01 -3.429019e-04 -2.743186e-04 -2.335117e-04 -2.331930e-04
 7774.939547 8.228435e-01 1.187753e+00 8.315261e-01 1.357105e-01 -3.482356e-04 -2.787046e-04 -2.395099e-04 -2.181814e-04
 7776.213657 8.222156e-01 1.187881e+00 8.364939e-01 1.358538e-01 -3.476695e-04 -2.743919e-04 -2.362955e-04 -2.150829e-04
 7777.499958 8.238394e-01 1.191340e+00 8.441411e-01 1.361654e-01 -3.541787e-04 -2.702322e-04 -2.297126e-04 -2.162014e-04
 7778.798451 8.211925e-01 1.188238e+00 8.443593e-01 1.358473e-01 -3.520602e-04 -2.683903e-04 -2.204674e-04 -2.201424e-04
 7780.109136 8.226800e-01 1.191799e+00 8.478431e-01 1.358461e-01 -3.487944e-04 -2.723159e-04 -2.266697e-04 -2.236007e-04
 7781.432013 8.211879e-01 1.190898e+00 8.430173e-01 1.364349e-01 -3.525912e-04 -2.687439e-04 -2.231598e-04 -2.164369e-04
 7782.767082 8.226185e-01 1.193731e+00 8.387962e-01 1.367837e-01 -3.545692e-04 -2.709205e-04 -2.376441e-04 -2.114651e-04
 7784.114342 8.205260e-01 1.191461e+00 8.298382e-01 1.363425e-01 -3.520188e-04 -2.760432e-04 -2.474395e-04 -2.040251e-04
 7785.473795 8.218055e-01 1.194929e+00 8.262801e-01 1.370543e-01 -3.364617e-04 -2.782174e-04 -2.496754e-04 -2.044116e-04
 7786.845440 8.217744e-01 1.196067e+00 8.200587e-01 1.365653e-01 -3.383667e-04 -2.794318e-04 -2.477471e-04 -2.064720e-04
 7788.229276 8.213930e-01 1.196786e+00 8.124181e-01 1.370301e-01 -3.491426e-04 -2.820136e-04 -2.379633e-04 -2.173714e-04
 7789.625305 8.201413e-01 1.195878e+00 8.031686e-01 1.374589e-01 -3.485011e-04 -2.834932e-04 -2.472594e-04 -2.199809e-04
 7791.033525 8.185957e-01 1.194236e+00 7.904166e-01 1.360779e-01 -3.467896e-04 -2.833616e-04 -2.419123e-04 -2.223591e-04
 7792.453937 8.199789e-01 1.197839e+00 7.843813e-01 1.369138e-01 -3.414150e-04 -2.855063e-04 -2.467046e-04 -2.247147e-04
 7793.886541 8.198410e-01 1.199450e+00 7.770884e-01 1.372678e-01 -3.352851e-04 -2.823561e-04 -2.391531e-04 -2.224586e-04
 7795.331337 8.199171e-01 1.200217e+00 7.690418e-01 1.366960e-01 -3.388249e-04 -2.859039e-04 -2.374776e-04 -2.163380e-04
 7796.788325 8.165766e-01 1.195523e+00 7.548673e-01 1.373406e-01 -3.532947e-04 -2.905462e-04 -2.328537e-04 -2.182835e-04
 7798.257505 8.199744e-01 1.202861e+00 7.453583e-01 1.379355e-01 -3.535873e-04 -2.915942e-04 -2.244996e-04 -2.224469e-04
 7799.738877 8.181982e-01 1.201609e+00 7.298208e-01 1.371639e-01 -3.441903e-04 -2.842613e-04 -2.398170e-04 -2.381407e-04
 7801.232440 8.182921e-01 1.202343e+00 7.141783e-01 1.369301e-01 -3.465715e-04 -2.827950e-04 -2.330607e-04 -2.313649e-04
 7802.738196 8.158666e-01 1.199963e+00 6.976302e-01 1.373081e-01 -3.391154e-04 -2.800692e-04 -2.362558e-04 -2.391062e-04
 7804.256143 8.190602e-01 1.207049e+00 6.909176e-01 1.378671e-01 -3.349267e-04 -2.760007e-04 -2.357529e-04 -2.377157e-04
 7805.786283 8.181083e-01 1.206951e+00 6.835768e-01 1.376411e-01 -3.415352e-04 -2.850215e-04 -2.214455e-04 -2.296118e-04
 7807.328614 8.183394e-01 1.207739e+00 6.833639e-01 1.381379e-01 -3.535254e-04 -2.987247e-04 -2.296904e-04 -2.179772e-04
 7808.883137 8.161215e-01 1.205432e+00 6.863966e-01 1.376077e-01 -3.424481e-04 -2.998649e-04 -2.289591e-04 -2.178725e-04
 7810.449852 8.169294e-01 1.208608e+00 6.970888e-01 1.384037e-01 -3.391097e-04 -3.045297e-04 -2.357390e-04 -2.204822e-04
 7812.028759 8.165044e-01 1.209381e+00 7.090494e-01 1.370686e-01 -3.436966e-04 -3.057456e-04 -2.416162e-04 -2.122776e-04
 7813.619858 8.167168e-01 1.210716e+00 7.224252e-01 1.377958e-01 -3.495396e-04 -2.981267e-04 -2.349485e-04 -2.065515e-04
 7815.223149 8.149747e-01 1.208944e+00 7.368930e-01 1.376026e-01 -3.489688e-04 -3.014635e-04 -2.371978e-04 -2.085931e-04
 7816.838632 8.163749e-01 1.212995e+00 7.557410e-01 1.383332e-01 -3.471671e-04 -2.919737e-04 -2.358260e-04 -2.209059e-04
 7818.466307 8.156688e-01 1.213677e+00 7.730385e-01 1.374869e-01 -3.496200e-04 -2.798662e-04 -2.447851e-04 -2.238125e-04
 7820.106173 8.154460e-01 1.214596e+00 7.884251e-01 1.375158e-01 -3.477226e-04 -2.838392e-04 -2.448956e-04 -2.242170e-04
 7821.758232 8.148867e-01 1.214778e+00 8.055511e-01 1.382255e-01 -3.443070e-04 -2.894464e-04 -2.455667e-04 -2.289754e-04
 7823.422482 8.150769e-01 1.216881e+00 8.232356e-01 1.368287e-01 -3.454353e-04 -2.943015e-04 -2.460187e-04 -2.287639e-04
 7825.098924 8.133885e-01 1.215327e+00 8.410982e-01 1.372872e-01 -3.400181e-04 -2.963470e-04 -2.431485e-04 -2.271153e-04
 7826.787558 8.128604e-01 1.215797e+00 8.621692e-01 1.375567e-01 -3.482782e-04 -2.924653e-04 -2.503601e-04 -2.340084e-04
 7828.488385 8.079335e-01 1.210302e+00 8.788326e-01 1.376015e-01 -3.504837e-04 -2.858475e-04 -2.474205e-04 -2.256916e-04
 7830.201403 8.090177e-01 1.213720e+00 8.996127e-01 1.373079e-01 -3.429329e-04 -2.916292e-04 -2.388210e-04 -2.148556e-04
 7831.926613 8.108877e-01 1.217723e+00 9.146117e-01 1.368314e-01 -3.456376e-04 -2.834212e-04 -2.345953e-04 -2.189512e-04
 7833.664014 8.123749e-01 1.221142e+00 9.225562e-01 1.374115e-01 -3.510228e-04 -2.861245e-04 -2.323085e-04 -2.100401e-04
 7835.413608 8.105370e-01 1.219516e+00 9.216022e-01 1.384211e-01 -3.583351e-04 -2.886879e-04 -2.280031e-04 -2.173696e-04
 7837.175394 8.115087e-01 1.222587e+00 9.192166e-01 1.370440e-01 -3.538003e-04 -2.961499e-04 -2.358288e-04 -2.225492e-04
 7838.949371 8.109814e-01 1.223676e+00 9.124846e-01 1.374722e-01 -3.432559e-04 -3.000257e-04 -2.403132e-04 -2.176916e-04
 7840.735541 8.110079e-01 1.224907e+00 9.035368e-01 1.373809e-01 -3.423252e-04 -2.990327e-04 -2.401130e-04 -2.134907e-04
 7842.533902 8.095213e-01 1.224376e+00 8.922267e-01 1.372676e-01 -3.383702e-04 -3.078201e-04 -2.319670e-04 -2.172773e-04
 7844.344455 8.110598e-01 1.228605e+00 8.848645e-01 1.377015e-01 -3.500858e-04 -3.084947e-04 -2.437380e-04 -2.206807e-04
 7846.167201 8.088512e-01 1.226686e+00 8.741158e-01 1.371711e-01 -3.559807e-04 -3.035507e-04 -2.518764e-04 -2.200844e-04
 7848.002138 8.100296e-01 1.229805e+00 8.694015e-01 1.386877e-01 -3.605413e-04 -3.136126e-04 -2.420344e-04 -2.223445e-04
 7849.849267 8.100135e-01 1.231074e+00 8.676496e-01 1.376399e-01 -3.672562e-04 -3.061347e-04 -2.502319e-04 -2.301075e-04
 7851.708588 8.091149e-01 1.231016e+00 8.688504e-01 1.375247e-01 -3.593336e-04 -3.013111e-04 -2.483509e-04 -2.305237e-04
 7853.580100 8.061383e-01 1.228386e+00 8.701166e-01 1.374292e-01 -3.532347e-04 -3.053550e-04 -2.388224e-04 -2.334545e-04
 7855.463805 8.027568e-01 1.224783e+00 8.674657e-01 1.370665e-01 -3.609044e-04 -3.035722e-04 -2.502656e-04 -2.298078e-04
 7857.359702 8.075703e-01 1.233506e+00 8.690655e-01 1.383283e-01 -3.620939e-04 -3.010631e-04 -2.358850e-04 -2.282247e-04
 7859.267790 8.079104e-01 1.235628e+00 8.583759e-01 1.377954e-01 -3.554461e-04 -2.947318e-04 -2.433666e-04 -2.315902e-04
 7861.188071 8.071138e-01 1.235957e+00 8.392978e-01 1.382486e-01 -3.545648e-04 -2.859978e-04 -2.346975e-04 -2.325548e-04
 7863.120543 8.066858e-01 1.236810e+00 8.165564e-01 1.394551e-01 -3.445153e-04 -2.826432e-04 -2.270793e-04 -2.306757e-04
 7865.065207 8.071041e-01 1.238934e+00 7.957919e-01 1.387174e-01 -3.507364e-04 -2.929904e-04 -2.284612e-04 -2.318847e-04
 7867.022064 8.062908e-01 1.239186e+00 7.781230e-01 1.386872e-01 -3.516704e-04 -2.984952e-04 -2.344684e-04 -2.180640e-04
 7868.991112 8.061838e-01 1.240843e+00 7.653099e-01 1.387406e-01 -3.505174e-04 -3.002810e-04 -2.334069e-04 -2.194407e-04
 7870.972352 8.055393e-01 1.241931e+00 7.564469e-01 1.391306e-01 -3.478410e-04 -3.035855e-04 -2.437129e-04 -2.162590e-04
 7872.965784 8.059721e-01 1.244088e+00 7.516138e-01 1.393665e-01 -3.449375e-04 -3.054231e-04 -2.377853e-04 -2.216161e-04
 7874.971407 8.049009e-01 1.244030e+00 7.481039e-01 1.379709e-01 -3.479326e-04 -3.066133e-04 -2.339125e-04 -2.106430e-04
 7876.989223 8.052412e-01 1.245881e+00 7.514956e-01 1.396077e-01 -3.458987e-04 -2.987254e-04 -2.325169e-04 -2.139951e-04
 7879.019231 8.028411e-01 1.243851e+00 7.566813e-01 1.392099e-01 -3.487215e-04 -2.894500e-04 -2.223292e-04 -2.207240e-04
 7881.061430 8.057030e-01 1.250669e+00 7.745179e-01 1.401402e-01 -3.540778e-04 -2.906115e-04 -2.278267e-04 -2.272603e-04
 7883.115822 8.028541e-01 1.247352e+00 7.919048e-01 1.400753e-01 -3.541337e-04 -2.938309e-04 -2.288727e-04 -2.324905e-04
 7885.182405 8.035099e-01 1.250012e+00 8.189956e-01 1.401882e-01 -3.519076e-04 -2.994395e-04 -2.292524e-04 -2.361534e-04
 7887.261180 8.030279e-01 1.251342e+00 8.525455e-01 1.397273e-01 -3.531561e-04 -3.044969e-04 -2.354373e-04 -2.254832e-04
 7889.352148 8.046544e-01 1.256108e+00 8.928085e-01 1.399137e-01 -3.510109e-04 -2.938195e-04 -2.236081e-04 -2.301526e-04
 7891.455307 7.991795e-01 1.248395e+00 9.236897e-01 1.402711e-01 -3.536715e-04 -2.866347e-04 -2.261472e-04 -2.206768e-04
 7893.570658 7.955977e-01 1.244062e+00 9.560835e-01 1.391328e-01 -3.458895e-04 -2.892007e-04 -2.360121e-04 -2.176958e-04
 7895.698201 7.994907e-01 1.252571e+00 9.902726e-01 1.391114e-01 -3.462351e-04 -2.918653e-04 -2.382917e-04 -2.163570e-04
 7897.837935 8.001217e-01 1.254892e+00 1.008545e+00 1.394609e-01 -3.508834e-04 -2.891190e-04 -2.352560e-04 -2.286982e-04
 7899.989862 7.997583e-01 1.255817e+00 1.012753e+00 1.401693e-01 -3.497413e-04 -2.832521e-04 -2.318528e-04 -2.203623e-04
 7902.153981 8.016101e-01 1.261316e+00 1.010084e+00 1.396129e-01 -3.527119e-04 -2.657060e-04 -2.405617e-04 -2.156353e-04
 7904.330291 7.995878e-01 1.259363e+00 9.941541e-01 1.399243e-01 -3.590493e-04 -2.720357e-04 -2.460099e-04 -2.154432e-04
 7906.518794 7.996958e-01 1.261122e+00 9.792218e-01 1.408530e-01 -3.536902e-04 -2.883921e-04 -2.415741e-04 -2.234173e-04
 7908.719488 7.977588e-01 1.259582e+00 9.618995e-01 1.398551e-01 -3.532831e-04 -2.854692e-04 -2.433471e-04 -2.261971e-04
 7910.932374 8.007977e-01 1.266983e+00 9.533553e-01 1.410142e-01 -3.579921e-04 -2.885654e-04 -2.437973e-04 -2.188855e-04
 7913.157453 7.984187e-01 1.265018e+00 9.410009e-01 1.401486e-01 -3.607437e-04 -2.952240e-04 -2.466024e-04 -2.427004e-04
 7915.394723 7.979928e-01 1.265905e+00 9.342696e-01 1.404790e-01 -3.630704e-04 -2.888225e-04 -2.375829e-04 -2.623947e-04
 7917.644185 7.968643e-01 1.266629e+00 9.307921e-01 1.410124e-01 -3.600676e-04 -2.707625e-04 -2.457708e-04 -2.634658e-04
 7919.905838 7.983952e-01 1.271210e+00 9.334525e-01 1.406416e-01 -3.605429e-04 -2.694631e-04 -2.302614e-04 -2.693147e-04
 7922.179684 7.970703e-01 1.270973e+00 9.347588e-01 1.397447e-01 -3.643199e-04 -2.687761e-04 -2.384525e-04 -2.758292e-04
 7924.465722 7.981814e-01 1.274507e+00 9.403066e-01 1.404837e-01 -3.513075e-04 -2.749577e-04 -2.399771e-04 -2.699680e-04
 7926.763952 7.962340e-01 1.273347e+00 9.432264e-01 1.405341e-01 -3.487358e-04 -2.656740e-04 -2.429834e-04 -2.807346e-04
 7929.074373 7.957423e-01 1.274384e+00 9.492861e-01 1.408930e-01 -3.504371e-04 -2.678477e-04 -2.438011e-04 -2.805450e-04
 7931.396987 7.952749e-01 1.275679e+00 9.578106e-01 1.408130e-01 -3.492570e-04 -2.698634e-04 -2.477671e-04 -2.737368e-04
 7933.731792 7.949114e-01 1.277378e+00 9.669509e-01 1.407589e-01 -3.577858e-04 -2.706353e-04 -2.487047e-04 -2.721093e-04
 7936.078789 7.922944e-01 1.274743e+00 9.687708e-01 1.409061e-01 -3.539596e-04 -2.773626e-04 -2.442668e-04 -2.678048e-04
 7938.437978 7.817302e-01 1.259668e+00 9.558179e-01 1.387631e-01 -3.587471e-04 -2.740734e-04 -2.469416e-04 -2.485340e-04
 7940.809359 7.941312e-01 1.281153e+00 9.635641e-01 1.408283e-01 -3.572037e-04 -2.799507e-04 -2.285908e-04 -2.210954e-04
 7943.192932 7.944165e-01 1.283878e+00 9.518215e-01 1.418989e-01 -3.635619e-04 -2.886630e-04 -2.297557e-04 -2.282390e-04
 7945.588697 7.949009e-01 1.286713e+00 9.394536e-01 1.410654e-01 -3.616913e-04 -2.802341e-04 -2.299943e-04 -2.208795e-04
 7947.996654 7.934560e-01 1.286625e+00 9.261055e-01 1.414309e-01 -3.584299e-04 -2.810028e-04 -2.292284e-04 -2.226494e-04
 7950.416803 7.945701e-01 1.290502e+00 9.177720e-01 1.418913e-01 -3.619515e-04 -2.747925e-04 -2.274065e-04 -2.305403e-04
 7952.849143 7.920424e-01 1.288329e+00 9.075592e-01 1.419793e-01 -3.645260e-04 -2.750661e-04 -2.335305e-04 -2.381585e-04
 7955.293676 7.938330e-01 1.293101e+00 9.071310e-01 1.417386e-01 -3.631574e-04 -2.738655e-04 -2.356136e-04 -2.339149e-04
 7957.750400 7.913786e-01 1.291166e+00 9.043281e-01 1.411257e-01 -3.654962e-04 -2.640394e-04 -2.405190e-04 -2.313810e-04
 7960.219317 7.920299e-01 1.294233e+00 9.107733e-01 1.430212e-01 -3.612383e-04 -2.662156e-04 -2.496471e-04 -2.292546e-04
 7962.700425 7.911334e-01 1.294720e+00 9.213894e-01 1.410266e-01 -3.633412e-04 -2.679878e-04 -2.407383e-04 -2.370592e-04
 7965.193725 7.922530e-01 1.298996e+00 9.399118e-01 1.421765e-01 -3.644444e-04 -2.744378e-04 -2.346767e-04 -2.354046e-04
 7967.699217 7.905761e-01 1.298112e+00 9.592344e-01 1.416729e-01 -3.594251e-04 -2.806230e-04 -2.240283e-04 -2.336608e-04
 7970.216901 7.902203e-01 1.298818e+00 9.812979e-01 1.427002e-01 -3.602802e-04 -2.834916e-04 -2.225719e-04 -2.422290e-04
 7972.746777 7.905010e-01 1.301831e+00 1.005646e+00 1.423347e-01 -3.548395e-04 -2.882479e-04 -2.301922e-04 -2.416285e-04
 7975.288845 7.892811e-01 1.302293e+00 1.023563e+00 1.426503e-01 -3.558583e-04 -2.876879e-04 -2.262498e-04 -2.386295e-04
 7977.843105 7.901079e-01 1.305794e+00 1.041507e+00 1.418765e-01 -3.702173e-04 -2.799992e-04 -2.300427e-04 -2.391876e-04
 7980.409556 7.878667e-01 1.304084e+00 1.048102e+00 1.421759e-01 -3.620902e-04 -2.819887e-04 -2.423646e-04 -2.233038e-04
 7982.988200 7.842405e-01 1.300027e+00 1.051906e+00 1.421162e-01 -3.468077e-04 -2.791463e-04 -2.409371e-04 -2.339511e-04
 7985.579035 7.830605e-01 1.300399e+00 1.057007e+00 1.421451e-01 -3.479411e-04 -2.737035e-04 -2.426194e-04 -2.316111e-04
 7988.182062 7.870530e-01 1.309870e+00 1.068392e+00 1.435613e-01 -3.430606e-04 -2.739220e-04 -2.394905e-04 -2.305698e-04
 7990.797282 7.858842e-01 1.309697e+00 1.072280e+00 1.419912e-01 -3.470353e-04 -2.710262e-04 -2.436839e-04 -2.312914e-04
 7993.424693 7.864383e-01 1.313007e+00 1.079343e+00 1.433406e-01 -3.532992e-04 -2.673336e-04 -2.391471e-04 -2.392702e-04
 7996.064296 7.850389e-01 1.312258e+00 1.082958e+00 1.432735e-01 -3.558009e-04 -2.758069e-04 -2.280594e-04 -2.374692e-04
 7998.716091 7.856131e-01 1.315596e+00 1.088763e+00 1.431832e-01 -3.534463e-04 -2.805156e-04 -2.380409e-04 -2.362989e-04
 8001.380078 7.842112e-01 1.315351e+00 1.090410e+00 1.433048e-01 -3.487091e-04 -2.813329e-04 -2.295029e-04 -2.351812e-04
 8004.056256 7.842026e-01 1.317309e+00 1.091495e+00 1.427550e-01 -3.581584e-04 -2.748743e-04 -2.366783e-04 -2.447702e-04
 8006.744627 7.836212e-01 1.318729e+00 1.090266e+00 1.439352e-01 -3.546166e-04 -2.741913e-04 -2.332443e-04 -2.377102e-04
 8009.445190 7.827530e-01 1.319601e+00 1.087774e+00 1.437895e-01 -3.461718e-04 -2.690503e-04 -2.397934e-04 -2.298431e-04
 8012.157944 7.829004e-01 1.321895e+00 1.085745e+00 1.442093e-01 -3.498335e-04 -2.819378e-04 -2.319985e-04 -2.248359e-04
 8014.882891 7.825851e-01 1.323701e+00 1.083174e+00 1.435696e-01 -3.469000e-04 -2.767006e-04 -2.250180e-04 -2.221581e-04
 8017.620029 7.830778e-01 1.327414e+00 1.083069e+00 1.440822e-01 -3.566471e-04 -2.745363e-04 -2.263458e-04 -2.288416e-04
 8020.369359 7.812897e-01 1.326439e+00 1.080520e+00 1.434704e-01 -3.512410e-04 -2.770595e-04 -2.251461e-04 -2.205082e-04
 8023.130881 7.816852e-01 1.329562e+00 1.082114e+00 1.441963e-01 -3.566670e-04 -2.710330e-04 -2.262944e-04 -2.203611e-04
 8025.904595 7.806891e-01 1.329468e+00 1.081704e+00 1.434357e-01 -3.484462e-04 -2.668276e-04 -2.288303e-04 -2.193253e-04
 8028.690501 7.798253e-01 1.330726e+00 1.080734e+00 1.446525e-01 -3.431626e-04 -2.615676e-04 -2.326448e-04 -2.143540e-04
 8031.488599 7.805748e-01 1.334292e+00 1.082178e+00 1.447341e-01 -3.467186e-04 -2.621162e-04 -2.355138e-04 -2.149547e-04
 8034.298889 7.782508e-01 1.332347e+00 1.076567e+00 1.439586e-01 -3.489048e-04 -2.667356e-04 -2.296801e-04 -2.219791e-04
 8037.121371 7.792390e-01 1.336732e+00 1.075289e+00 1.448600e-01 -3.507321e-04 -2.816493e-04 -2.294526e-04 -2.309160e-04
 8039.956044 7.774070e-01 1.335866e+00 1.072403e+00 1.434632e-01 -3.493698e-04 -2.817497e-04 -2.309603e-04 -2.178989e-04
 8042.802910 7.776284e-01 1.338660e+00 1.072752e+00 1.446510e-01 -3.463337e-04 -2.798360e-04 -2.324530e-04 -2.200478e-04
 8045.661967 7.771765e-01 1.340475e+00 1.076236e+00 1.437696e-01 -3.525414e-04 -2.839739e-04 -2.267548e-04 -2.204321e-04
 8048.533217 7.753316e-01 1.339237e+00 1.079500e+00 1.446878e-01 -3.521499e-04 -2.811477e-04 -2.163569e-04 -2.245253e-04
 8051.416658 7.736083e-01 1.338775e+00 1.086529e+00 1.441188e-01 -3.537506e-04 -2.839011e-04 -2.232615e-04 -2.263908e-04
 8054.312291 7.545821e-01 1.308446e+00 1.072155e+00 1.417716e-01 -3.681451e-04 -2.863032e-04 -2.282379e-04 -2.304331e-04
 8057.220116 7.685109e-01 1.334701e+00 1.103712e+00 1.426448e-01 -3.588596e-04 -2.804655e-04 -2.206428e-04 -2.263335e-04
 8060.140133 7.771183e-01 1.352164e+00 1.128163e+00 1.450365e-01 -3.612921e-04 -2.867084e-04 -2.143845e-04 -2.238843e-04
 8063.072342 7.755427e-01 1.352199e+00 1.138787e+00 1.451334e-01 -3.626687e-04 -2.846469e-04 -2.341842e-04 -2.285894e-04
 8066.016743 7.751604e-01 1.354216e+00 1.148155e+00 1.449171e-01 -3.544081e-04 -2.853622e-04 -2.472350e-04 -2.373987e-04
 8068.973335 7.735777e-01 1.353265e+00 1.152459e+00 1.448929e-01 -3.370034e-04 -2.844166e-04 -2.326365e-04 -2.383846e-04
 8071.942120 7.735864e-01 1.355635e+00 1.156733e+00 1.451795e-01 -3.499584e-04 -2.831322e-04 -2.288605e-04 -2.400137e-04
 8074.923096 7.723838e-01 1.355828e+00 1.159454e+00 1.450933e-01 -3.499785e-04 -2.841804e-04 -2.452826e-04 -2.343578e-04
 8077.916265 7.719445e-01 1.357492e+00 1.165579e+00 1.457518e-01 -3.509155e-04 -2.753768e-04 -2.343597e-04 -2.309752e-04
 8080.921625 7.706455e-01 1.357773e+00 1.174044e+00 1.451057e-01 -3.478532e-04 -2.672840e-04 -2.375134e-04 -2.263701e-04
 8083.939177 7.694877e-01 1.358033e+00 1.184860e+00 1.451542e-01 -3.481971e-04 -2.779357e-04 -2.335851e-04 -2.255965e-04
 8086.968921 7.691761e-01 1.360208e+00 1.197984e+00 1.448098e-01 -3.476214e-04 -2.838494e-04 -2.322207e-04 -2.528860e-04
 8090.010858 7.589068e-01 1.344498e+00 1.191910e+00 1.439192e-01 -3.407852e-04 -2.836682e-04 -2.346191e-04 -2.393648e-04
 8093.064985 7.502961e-01 1.331255e+00 1.185926e+00 1.435203e-01 -3.427285e-04 -2.813989e-04 -2.432154e-04 -2.227169e-04
 8096.131305 7.702421e-01 1.369276e+00 1.221802e+00 1.465803e-01 -3.533231e-04 -2.817200e-04 -2.397757e-04 -2.223783e-04
 8099.209817 7.694706e-01 1.370740e+00 1.226049e+00 1.458032e-01 -3.547475e-04 -2.997404e-04 -2.339680e-04 -2.308466e-04
 8102.300521 7.689587e-01 1.371729e+00 1.230496e+00 1.461997e-01 -3.521629e-04 -3.010933e-04 -2.450342e-04 -2.247447e-04
 8105.403416 7.678357e-01 1.373304e+00 1.234711e+00 1.469763e-01 -3.529461e-04 -2.956387e-04 -2.534105e-04 -2.193672e-04
 8108.518504 7.669686e-01 1.374128e+00 1.238392e+00 1.461552e-01 -3.466248e-04 -2.818321e-04 -2.459047e-04 -2.247723e-04
 8111.645783 7.672962e-01 1.377346e+00 1.242326e+00 1.461441e-01 -3.454773e-04 -2.822388e-04 -2.482627e-04 -2.411282e-04
 8114.785255 7.657884e-01 1.376966e+00 1.241796e+00 1.469761e-01 -3.392903e-04 -2.802894e-04 -2.458228e-04 -2.387035e-04
 8117.936918 7.655983e-01 1.379163e+00 1.243458e+00 1.468657e-01 -3.472180e-04 -2.889169e-04 -2.422155e-04 -2.311889e-04
 8121.100773 7.656904e-01 1.382078e+00 1.245973e+00 1.465150e-01 -3.399923e-04 -2.945875e-04 -2.438383e-04 -2.351194e-04
 8124.276820 7.646465e-01 1.382852e+00 1.245233e+00 1.467778e-01 -3.424271e-04 -2.927568e-04 -2.390286e-04 -2.317307e-04
 8127.465059 7.640427e-01 1.384256e+00 1.246020e+00 1.467888e-01 -3.386798e-04 -2.819254e-04 -2.433206e-04 -2.270613e-04
 8130.665490 7.633635e-01 1.385914e+00 1.247109e+00 1.466577e-01 -3.289773e-04 -2.861544e-04 -2.385531e-04 -2.241410e-04
 8133.878112 7.629143e-01 1.387794e+00 1.248765e+00 1.462823e-01 -3.347642e-04 -2.807051e-04 -2.446451e-04 -2.392647e-04
 8137.102927 7.622287e-01 1.389048e+00 1.251075e+00 1.470752e-01 -3.444230e-04 -2.879125e-04 -2.544927e-04 -2.354343e-04
 8140.339934 7.615102e-01 1.390436e+00 1.251798e+00 1.475107e-01 -3.387121e-04 -2.849905e-04 -2.603779e-04 -2.366039e-04
 8143.589132 7.611355e-01 1.392515e+00 1.254436e+00 1.468839e-01 -3.355650e-04 -2.906830e-04 -2.499348e-04 -2.416325e-04
 8146.850523 7.609134e-01 1.394234e+00 1.257748e+00 1.480672e-01 -3.352725e-04 -2.811362e-04 -2.503532e-04 -2.432681e-04
 8150.124105 7.596511e-01 1.394684e+00 1.260408e+00 1.475042e-01 -3.399561e-04 -2.772716e-04 -2.471143e-04 -2.504905e-04
 8153.409879 7.593670e-01 1.396974e+00 1.266246e+00 1.469094e-01 -3.393889e-04 -2.683148e-04 -2.544319e-04 -2.472679e-04
 8156.707845 7.594324e-01 1.400238e+00 1.274905e+00 1.481348e-01 -3.444528e-04 -2.728480e-04 -2.531911e-04 -2.514488e-04
 8160.018003 7.580483e-01 1.399949e+00 1.282323e+00 1.484154e-01 -3.482486e-04 -2.675061e-04 -2.482972e-04 -2.496687e-04
 8163.340353 7.572873e-01 1.401110e+00 1.291836e+00 1.479314e-01 -3.563685e-04 -2.659597e-04 -2.353982e-04 -2.515462e-04
 8166.674895 7.581187e-01 1.405697e+00 1.304578e+00 1.482036e-01 -3.593885e-04 -2.739948e-04 -2.317378e-04 -2.584380e-04
 8170.021629 7.560344e-01 1.404708e+00 1.310939e+00 1.477090e-01 -3.521336e-04 -2.659923e-04 -2.501250e-04 -2.604680e-04
 8173.380554 7.552901e-01 1.405809e+00 1.317365e+00 1.478966e-01 -3.539727e-04 -2.627448e-04 -2.501008e-04 -2.546401e-04
 8176.751672 7.551008e-01 1.408337e+00 1.324700e+00 1.485963e-01 -3.457858e-04 -2.602747e-04 -2.345576e-04 -2.602136e-04
 8180.134982 7.538743e-01 1.408302e+00 1.328201e+00 1.490648e-01 -3.460502e-04 -2.531409e-04 -2.287728e-04 -2.571285e-04
 8183.530483 7.542412e-01 1.411987e+00 1.335039e+00 1.479555e-01 -3.457873e-04 -2.685666e-04 -2.325689e-04 -2.521924e-04
 8186.938176 7.531743e-01 1.413035e+00 1.338503e+00 1.482431e-01 -3.477292e-04 -2.718820e-04 -2.319219e-04 -2.470986e-04
 8190.358061 7.527177e-01 1.415064e+00 1.344448e+00 1.484915e-01 -3.410640e-04 -2.765789e-04 -2.425761e-04 -2.532169e-04
 8193.790139 7.521180e-01 1.416485e+00 1.351113e+00 1.481748e-01 -3.367624e-04 -2.824411e-04 -2.350541e-04 -2.383144e-04
 8197.234408 7.519982e-01 1.419193e+00 1.359507e+00 1.489107e-01 -3.407779e-04 -2.815615e-04 -2.396233e-04 -2.480006e-04
 8200.690868 7.509539e-01 1.420268e+00 1.367540e+00 1.491648e-01 -3.425671e-04 -2.750425e-04 -2.348894e-04 -2.478479e-04
 8204.159521 7.504133e-01 1.421677e+00 1.375178e+00 1.490189e-01 -3.447789e-04 -2.785011e-04 -2.418198e-04 -2.421206e-04
 8207.640366 7.503559e-01 1.424601e+00 1.384779e+00 1.491573e-01 -3.367171e-04 -2.775586e-04 -2.304107e-04 -2.584927e-04
 8211.133403 7.488123e-01 1.424467e+00 1.390109e+00 1.490817e-01 -3.339782e-04 -2.709801e-04 -2.363603e-04 -2.564507e-04
 8214.638631 7.487984e-01 1.427482e+00 1.398469e+00 1.483843e-01 -3.315771e-04 -2.766219e-04 -2.343999e-04 -2.501016e-04
 8218.156052 7.482578e-01 1.429302e+00 1.406158e+00 1.491250e-01 -3.288575e-04 -2.817091e-04 -2.261596e-04 -2.506926e-04
 8221.685664 7.475187e-01 1.430701e+00 1.413394e+00 1.493296e-01 -3.303792e-04 -2.770033e-04 -2.405623e-04 -2.730075e-04
 8225.227468 7.467506e-01 1.432024e+00 1.420125e+00 1.491534e-01 -3.290415e-04 -2.819063e-04 -2.389897e-04 -2.657503e-04
 8228.781465 7.465373e-01 1.434325e+00 1.426932e+00 1.495681e-01 -3.304558e-04 -2.815185e-04 -2.239280e-04 -2.539444e-04
 8232.347653 7.460628e-01 1.436189e+00 1.432639e+00 1.497288e-01 -3.367557e-04 -2.740224e-04 -2.234290e-04 -2.433598e-04
 8235.926033 7.449253e-01 1.437107e+00 1.436472e+00 1.493879e-01 -3.357783e-04 -2.762664e-04 -2.239428e-04 -2.396897e-04
 8239.516605 7.444002e-01 1.439501e+00 1.440555e+00 1.494830e-01 -3.410827e-04 -2.667640e-04 -2.268159e-04 -2.456282e-04
 8243.119369 7.439856e-01 1.441553e+00 1.444350e+00 1.498151e-01 -3.500736e-04 -2.747379e-04 -2.279212e-04 -2.544565e-04
 8246.734324 7.433245e-01 1.443107e+00 1.446334e+00 1.490397e-01 -3.371485e-04 -2.899255e-04 -2.305935e-04 -2.629839e-04
 8250.361472 7.421674e-01 1.443917e+00 1.447777e+00 1.493063e-01 -3.380117e-04 -2.815908e-04 -2.349505e-04 -2.602274e-04
 8254.000811 7.416598e-01 1.445600e+00 1.448524e+00 1.496864e-01 -3.405480e-04 -2.720689e-04 -2.211224e-04 -2.451229e-04
 8257.652343 7.416289e-01 1.448519e+00 1.452356e+00 1.502659e-01 -3.407390e-04 -2.767144e-04 -2.257159e-04 -2.342320e-04
 8261.316066 7.407972e-01 1.449739e+00 1.453893e+00 1.503269e-01 -3.406200e-04 -2.773846e-04 -2.354722e-04 -2.302310e-04
 8264.991982 7.395372e-01 1.450016e+00 1.456016e+00 1.498828e-01 -3.403064e-04 -2.801960e-04 -2.304235e-04 -2.355514e-04
 8268.680089 7.393608e-01 1.452836e+00 1.462133e+00 1.504571e-01 -3.374737e-04 -2.888486e-04 -2.371918e-04 -2.454653e-04
 8272.380388 7.381957e-01 1.453660e+00 1.468039e+00 1.501303e-01 -3.429319e-04 -2.931902e-04 -2.325309e-04 -2.506226e-04
 8276.092879 7.351996e-01 1.450680e+00 1.470958e+00 1.495721e-01 -3.353753e-04 -2.802828e-04 -2.432571e-04 -2.486177e-04
 8279.817562 7.357507e-01 1.455000e+00 1.482879e+00 1.505728e-01 -3.396118e-04 -2.778210e-04 -2.343295e-04 -2.494294e-04
 8283.554437 7.363505e-01 1.458992e+00 1.495335e+00 1.510939e-01 -3.406663e-04 -2.804023e-04 -2.294978e-04 -2.390380e-04
 8287.303503 7.354754e-01 1.460806e+00 1.502979e+00 1.507659e-01 -3.425762e-04 -2.890224e-04 -2.314720e-04 -2.341681e-04
 8291.064762 7.347071e-01 1.462096e+00 1.511326e+00 1.510882e-01 -3.381561e-04 -2.905810e-04 -2.342232e-04 -2.521016e-04
 8294.838213 7.343588e-01 1.464470e+00 1.520488e+00 1.513661e-01 -3.329933e-04 -2.857008e-04 -2.379715e-04 -2.569464e-04
 8298.623855 7.340497e-01 1.466862e+00 1.528278e+00 1.512491e-01 -3.363240e-04 -2.939767e-04 -2.391161e-04 -2.500376e-04
 8302.421689 7.331045e-01 1.468128e+00 1.535529e+00 1.514317e-01 -3.317427e-04 -2.929022e-04 -2.304950e-04 -2.335288e-04
 8306.231716 7.323085e-01 1.469661e+00 1.542839e+00 1.507756e-01 -3.371883e-04 -2.951146e-04 -2.319158e-04 -2.362857e-04
 8310.053934 7.315878e-01 1.471219e+00 1.549288e+00 1.513518e-01 -3.307626e-04 -2.981316e-04 -2.375571e-04 -2.370039e-04
 8313.888344 7.315424e-01 1.474485e+00 1.557433e+00 1.509762e-01 -3.290040e-04 -3.008062e-04 -2.346866e-04 -2.340948e-04
 8317.734946 7.306514e-01 1.475558e+00 1.563693e+00 1.513995e-01 -3.392952e-04 -3.087697e-04 -2.373404e-04 -2.391144e-04
 8321.593740 7.294648e-01 1.476417e+00 1.569847e+00 1.515162e-01 -3.342119e-04 -3.089774e-04 -2.321553e-04 -2.377902e-04
 8325.464726 7.294362e-01 1.479683e+00 1.578643e+00 1.517625e-01 -3.270225e-04 -3.008384e-04 -2.348958e-04 -2.358002e-04
 8329.347903 7.277949e-01 1.479113e+00 1.583325e+00 1.522076e-01 -3.302850e-04 -3.075962e-04 -2.327282e-04 -2.300657e-04
 8333.243273 7.275525e-01 1.482104e+00 1.591155e+00 1.521367e-01 -3.289971e-04 -3.128995e-04 -2.331542e-04 -2.411614e-04
 8337.150835 7.264107e-01 1.482570e+00 1.596901e+00 1.520116e-01 -3.308900e-04 -3.079410e-04 -2.429279e-04 -2.328413e-04
 8341.070588 7.254246e-01 1.483456e+00 1.602329e+00 1.522965e-01 -3.323973e-04 -3.064307e-04 -2.392597e-04 -2.469057e-04
 8345.002533 7.251326e-01 1.486319e+00 1.612334e+00 1.523498e-01 -3.369032e-04 -3.052188e-04 -2.347261e-04 -2.535071e-04
 8348.946671 7.233477e-01 1.485435e+00 1.616283e+00 1.526153e-01 -3.399216e-04 -3.021875e-04 -2.302819e-04 -2.295787e-04
 8352.903000 7.226782e-01 1.487813e+00 1.623128e+00 1.524477e-01 -3.353266e-04 -2.929168e-04 -2.378212e-04 -2.440442e-04
 8356.871521 7.215363e-01 1.488357e+00 1.628586e+00 1.524185e-01 -3.308674e-04 -2.832546e-04 -2.353876e-04 -2.504710e-04
 8360.852234 7.206158e-01 1.489543e+00 1.634596e+00 1.522357e-01 -3.354929e-04 -2.876756e-04 -2.294143e-04 -2.460775e-04
 8364.845139 7.200708e-01 1.492224e+00 1.642546e+00 1.529845e-01 -3.341888e-04 -2.935949e-04 -2.258263e-04 -2.292264e-04
 8368.850236 7.195182e-01 1.494226e+00 1.648607e+00 1.523761e-01 -3.485203e-04 -2.889363e-04 -2.299819e-04 -2.321290e-04
 8372.867524 7.191493e-01 1.496524e+00 1.655152e+00 1.525724e-01 -3.540362e-04 -3.015114e-04 -2.325473e-04 -2.407173e-04
 8376.897005 7.185672e-01 1.498589e+00 1.661171e+00 1.528913e-01 -3.431468e-04 -3.007067e-04 -2.310651e-04 -2.444133e-04
 8380.938678 7.179307e-01 1.500380e+00 1.667133e+00 1.532854e-01 -3.400177e-04 -3.031668e-04 -2.223670e-04 -2.374023e-04
 8384.992542 7.167647e-01 1.501126e+00 1.671978e+00 1.527005e-01 -3.357776e-04 -3.044425e-04 -2.135485e-04 -2.282502e-04
 8389.058598 7.159930e-01 1.502847e+00 1.677314e+00 1.529029e-01 -3.274603e-04 -2.939441e-04 -2.193053e-04 -2.407820e-04
 8393.136847 7.157476e-01 1.506028e+00 1.684666e+00 1.531418e-01 -3.317856e-04 -2.892121e-04 -2.294744e-04 -2.377031e-04
 8397.227287 7.147279e-01 1.506448e+00 1.689932e+00 1.533057e-01 -3.363991e-04 -2.854447e-04 -2.264278e-04 -2.446357e-04
 8401.329919 7.142347e-01 1.508918e+00 1.697316e+00 1.532512e-01 -3.372939e-04 -2.849399e-04 -2.194418e-04 -2.477577e-04
 8405.444743 7.137603e-01 1.511054e+00 1.704519e+00 1.533762e-01 -3.373096e-04 -2.817656e-04 -2.206002e-04 -2.547829e-04
 8409.571759 7.134013e-01 1.513940e+00 1.712554e+00 1.534875e-01 -3.391874e-04 -2.780948e-04 -2.159885e-04 -2.469083e-04
 8413.710967 7.122842e-01 1.514324e+00 1.718124e+00 1.539184e-01 -3.488675e-04 -2.790689e-04 -2.219219e-04 -2.392037e-04
 8417.862366 7.117718e-01 1.516936e+00 1.727128e+00 1.535833e-01 -3.511048e-04 -2.763903e-04 -2.359939e-04 -2.495344e-04
 8422.025958 7.109780e-01 1.518680e+00 1.733937e+00 1.540636e-01 -3.392308e-04 -2.798611e-04 -2.402773e-04 -2.492114e-04
 8426.201742 7.110964e-01 1.522429e+00 1.745390e+00 1.540565e-01 -3.367839e-04 -2.766219e-04 -2.302540e-04 -2.466987e-04
 8430.389717 7.098974e-01 1.523029e+00 1.751610e+00 1.537630e-01 -3.398151e-04 -2.704275e-04 -2.246948e-04 -2.654599e-04
 8434.589884 7.092895e-01 1.525200e+00 1.760388e+00 1.541454e-01 -3.466344e-04 -2.761459e-04 -2.266868e-04 -2.600367e-04
 8438.802244 7.083522e-01 1.526358e+00 1.766963e+00 1.537246e-01 -3.373583e-04 -2.807011e-04 -2.324832e-04 -2.589462e-04
 8443.026795 7.077598e-01 1.528421e+00 1.774563e+00 1.541965e-01 -3.249970e-04 -2.757862e-04 -2.284062e-04 -2.554426e-04
 8447.263538 7.069563e-01 1.529841e+00 1.782590e+00 1.546724e-01 -3.399686e-04 -2.836701e-04 -2.348028e-04 -2.440977e-04
 8451.512473 7.058838e-01 1.531289e+00 1.790243e+00 1.550714e-01 -3.358562e-04 -2.822050e-04 -2.321807e-04 -2.410756e-04
 8455.773600 7.048639e-01 1.532481e+00 1.797594e+00 1.548999e-01 -3.353891e-04 -2.815835e-04 -2.370985e-04 -2.336590e-04
 8460.046919 7.042993e-01 1.534372e+00 1.806597e+00 1.545870e-01 -3.285573e-04 -2.838333e-04 -2.289078e-04 -2.372287e-04
 8464.332429 7.035883e-01 1.536140e+00 1.814767e+00 1.550592e-01 -3.317491e-04 -2.978410e-04 -2.269085e-04 -2.409703e-04
 8468.630132 7.022361e-01 1.536742e+00 1.820953e+00 1.545171e-01 -3.327736e-04 -3.000562e-04 -2.261977e-04 -2.475769e-04
 8472.940026 7.017546e-01 1.539114e+00 1.829219e+00 1.549150e-01 -3.391531e-04 -2.876433e-04 -2.384793e-04 -2.501360e-04
 8477.262113 7.012765e-01 1.541574e+00 1.838746e+00 1.552062e-01 -3.425657e-04 -2.790292e-04 -2.501147e-04 -2.419697e-04
 8481.596391 7.003579e-01 1.542628e+00 1.845779e+00 1.553538e-01 -3.406104e-04 -2.755919e-04 -2.481000e-04 -2.456230e-04
 8485.942861 6.993685e-01 1.544210e+00 1.853631e+00 1.552826e-01 -3.333420e-04 -2.822556e-04 -2.389864e-04 -2.552614e-04
 8490.301524 6.984866e-01 1.545589e+00 1.861512e+00 1.550270e-01 -3.413379e-04 -2.762010e-04 -2.339852e-04 -2.597959e-04
 8494.672378 6.973366e-01 1.546564e+00 1.868795e+00 1.550718e-01 -3.524938e-04 -2.803441e-04 -2.215427e-04 -2.503535e-04
 8499.055424 6.965198e-01 1.547980e+00 1.876847e+00 1.555554e-01 -3.645583e-04 -2.795728e-04 -2.203843e-04 -2.506447e-04
 8503.450662 6.956233e-01 1.549754e+00 1.884273e+00 1.559381e-01 -3.571217e-04 -2.773248e-04 -2.190450e-04 -2.487257e-04
 8507.858091 6.943310e-01 1.550303e+00 1.890473e+00 1.559017e-01 -3.541128e-04 -2.690276e-04 -2.214437e-04 -2.494633e-04
 8512.277713 6.912480e-01 1.546857e+00 1.891488e+00 1.556031e-01 -3.584447e-04 -2.617799e-04 -2.240043e-04 -2.548810e-04
 8516.709527 6.590258e-01 1.478199e+00 1.813609e+00 1.503599e-01 -3.603008e-04 -2.760683e-04 -2.216527e-04 -2.507771e-04
 8521.153532 6.484964e-01 1.457871e+00 1.794905e+00 1.462105e-01 -3.581120e-04 -2.754366e-04 -2.212757e-04 -2.629171e-04
 8525.609730 6.921756e-01 1.559338e+00 1.922339e+00 1.553485e-01 -3.566380e-04 -2.717341e-04 -2.278540e-04 -2.667416e-04
 8530.078119 6.926646e-01 1.564067e+00 1.933000e+00 1.554092e-01 -3.484354e-04 -2.831091e-04 -2.297964e-04 -2.569530e-04
 8534.558700 6.917836e-01 1.565538e+00 1.940170e+00 1.556856e-01 -3.440162e-04 -2.865869e-04 -2.331755e-04 -2.416560e-04
 8539.051473 6.905956e-01 1.566420e+00 1.947166e+00 1.558251e-01 -3.416312e-04 -2.947035e-04 -2.360351e-04 -2.423186e-04
 8543.556438 6.897826e-01 1.568111e+00 1.955271e+00 1.559895e-01 -3.372997e-04 -2.990362e-04 -2.431171e-04 -2.567099e-04
 8548.073595 6.890075e-01 1.569665e+00 1.963505e+00 1.565898e-01 -3.383892e-04 -2.910893e-04 -2.206459e-04 -2.491823e-04
 8552.602944 6.876501e-01 1.569767e+00 1.969984e+00 1.562979e-01 -3.364809e-04 -2.831168e-04 -2.085199e-04 -2.439473e-04
 8557.144485 6.869602e-01 1.571929e+00 1.977839e+00 1.562511e-01 -3.342352e-04 -2.831920e-04 -2.135285e-04 -2.453336e-04
 8561.698218 6.860585e-01 1.573475e+00 1.984723e+00 1.563910e-01 -3.377437e-04 -2.925401e-04 -2.157629e-04 -2.464902e-04
 8566.264142 6.850512e-01 1.574557e+00 1.992037e+00 1.565033e-01 -3.414759e-04 -2.994256e-04 -2.087125e-04 -2.548130e-04
 8570.842259 6.840072e-01 1.575794e+00 1.998559e+00 1.565226e-01 -3.377044e-04 -2.857393e-04 -2.172464e-04 -2.607365e-04
 8575.432567 6.834485e-01 1.578242e+00 2.007891e+00 1.568731e-01 -3.459378e-04 -2.752603e-04 -2.078077e-04 -2.474907e-04
 8580.035068 6.824348e-01 1.579348e+00 2.015813e+00 1.566656e-01 -3.495221e-04 -2.751208e-04 -2.143057e-04 -2.517407e-04
 8584.649760 6.815296e-01 1.580422e+00 2.023535e+00 1.567069e-01 -3.436595e-04 -2.813422e-04 -2.154626e-04 -2.551642e-04
 8589.276644 6.800836e-01 1.579932e+00 2.029279e+00 1.564808e-01 -3.433248e-04 -2.841972e-04 -2.060099e-04 -2.562373e-04
 8593.915720 6.788649e-01 1.580833e+00 2.036913e+00 1.567622e-01 -3.403366e-04 -2.726867e-04 -2.101526e-04 -2.673079e-04
 8598.566988 6.767741e-01 1.579588e+00 2.041978e+00 1.565646e-01 -3.335018e-04 -2.746534e-04 -2.147014e-04 -2.610773e-04
 8603.230448 6.740486e-01 1.576401e+00 2.044858e+00 1.561975e-01 -3.290401e-04 -2.927575e-04 -2.062776e-04 -2.587482e-04
 8607.906100 6.702447e-01 1.571000e+00 2.044090e+00 1.558464e-01 -3.341228e-04 -2.851499e-04 -2.118794e-04 -2.552440e-04
 8612.593943 6.481233e-01 1.523048e+00 1.988435e+00 1.514995e-01 -3.458600e-04 -2.776051e-04 -2.167707e-04 -2.586097e-04
 8617.293979 6.085876e-01 1.433934e+00 1.880234e+00 1.427695e-01 -3.438512e-04 -2.771148e-04 -2.103070e-04 -2.529705e-04
 8622.006206 6.839354e-01 1.614299e+00 2.118982e+00 1.591413e-01 -3.445899e-04 -2.887936e-04 -2.043953e-04 -2.451369e-04
 8626.730626 6.823853e-01 1.614467e+00 2.125338e+00 1.589399e-01 -3.447648e-04 -2.913362e-04 -1.952257e-04 -2.501772e-04
 8631.467237 6.796832e-01 1.611585e+00 2.128341e+00 1.585290e-01 -3.491565e-04 -3.009633e-04 -2.119061e-04 -2.476233e-04
 8636.216040 6.777174e-01 1.610447e+00 2.133795e+00 1.584063e-01 -3.462646e-04 -2.963627e-04 -2.242938e-04 -2.447000e-04
 8640.977036 6.764102e-01 1.611134e+00 2.141085e+00 1.586307e-01 -3.478859e-04 -2.962055e-04 -2.198424e-04 -2.519211e-04
 8645.750223 6.751774e-01 1.611805e+00 2.148393e+00 1.586399e-01 -3.507626e-04 -3.055302e-04 -2.080283e-04 -2.518915e-04
 8650.535602 6.738504e-01 1.612420e+00 2.156143e+00 1.586681e-01 -3.527625e-04 -3.018009e-04 -2.228540e-04 -2.652557e-04
 8655.333172 6.730689e-01 1.614148e+00 2.165191e+00 1.585578e-01 -3.450817e-04 -3.046489e-04 -2.339687e-04 -2.607655e-04
 8660.142935 6.722372e-01 1.615796e+00 2.173870e+00 1.587455e-01 -3.411597e-04 -3.118621e-04 -2.323714e-04 -2.570527e-04
 8664.964890 6.711178e-01 1.616878e+00 2.181939e+00 1.587481e-01 -3.371481e-04 -3.094622e-04 -2.306403e-04 -2.519771e-04
 8669.799037 5.999409e-01 1.448457e+00 1.959540e+00 1.421717e-01 -2.998377e-04 -2.719457e-04 -2.013711e-04 -2.356942e-04
 8674.645375 9.050763e-02 2.186860e-01 2.962421e-01 2.145525e-02 -4.547880e-05 -4.051781e-05 -2.972672e-05 -3.652316e-05
