# Facility: NSLS-II
# Beamline: QAS
# Year: 2022
# Cycle: 2
# SAF: 309337
# PI: Li
# Proposal: 309890
# Scan ID: 26257
# UID: 9899b5c8-b0d6-42b6-8f3b-fd252fcbf94e
# Comment: 
# Start time: 06/10/2022  08:45:02
# Stop time: 06/10/2022  08:45:34
# Total time: 00:32
# Trajectory name: Co-30s-7709.txt
# Element: Cobalt ( 27)
# Edge: K
# E0: 7709
# Reference Foil Element: Co
# Keithley Gains I0: 1E7 V/A It: 1E7 V/A Iref: 1E8 V/A PIPS: 1E8 V/A 
# Ion Chamber Gas Flow Rates: I0: 29.80 sccm He + 69.70 sccm N2 + 0.00 sccm Ar 
# Ion Chamber Gas Flow Rates: It&Iref: 79.80 sccm N2 + 20.10 sccm Ar
# Incident Beam Path Vertical: -27.48 mm
# Incident Slits Positions B: TOP: 1.0 mm Bottom: -1.0 mm Inboard: -1.5 mm Outboard: 1.5 mm
# Sample Stage Positions: Rotation: 45.0 deg Horizontal: 25.26 mm Vertical: -26.52 mm Beam Direction: 0.00 mm
# PerkinElmer Vertical Position: 500.00 mm
# Front End Mirror Horizontal Positions: Up: 14.00 mm Down: 14.00 mm
#
# energy  i0  it  ir  iff  aux1  aux2  aux3  aux4
 7517.895413 4.305734e-01 5.171766e-01 1.248448e+00 5.331671e-02 -1.917789e-04 -1.554124e-04 -1.154462e-04 -1.379304e-04
 7522.895413 8.522549e-01 1.026408e+00 2.482102e+00 1.058677e-01 -3.803826e-04 -3.027385e-04 -2.249963e-04 -2.725106e-04
 7527.895413 8.587019e-01 1.038335e+00 2.517071e+00 1.070071e-01 -3.858934e-04 -3.109716e-04 -2.308119e-04 -2.621210e-04
 7532.895413 8.583607e-01 1.041756e+00 2.531465e+00 1.072683e-01 -3.959596e-04 -3.135340e-04 -2.385427e-04 -2.606706e-04
 7537.895413 8.577314e-01 1.044990e+00 2.545704e+00 1.074186e-01 -3.947548e-04 -3.142329e-04 -2.460543e-04 -2.635657e-04
 7542.895413 8.563701e-01 1.047324e+00 2.558279e+00 1.075765e-01 -3.811487e-04 -3.109379e-04 -2.374131e-04 -2.537156e-04
 7547.895413 8.550020e-01 1.049706e+00 2.570455e+00 1.075733e-01 -3.777821e-04 -3.132531e-04 -2.482652e-04 -2.596198e-04
 7552.895413 8.544289e-01 1.052926e+00 2.585707e+00 1.079125e-01 -3.846133e-04 -3.092186e-04 -2.463769e-04 -2.591606e-04
 7557.895413 8.527145e-01 1.054542e+00 2.595388e+00 1.080574e-01 -3.789701e-04 -3.136879e-04 -2.388762e-04 -2.640201e-04
 7562.895413 8.518383e-01 1.057493e+00 2.609182e+00 1.082055e-01 -3.868560e-04 -3.141848e-04 -2.306047e-04 -2.574856e-04
 7567.895413 8.513300e-01 1.060978e+00 2.624818e+00 1.086002e-01 -3.942110e-04 -2.984248e-04 -2.382345e-04 -2.668838e-04
 7572.895413 8.503622e-01 1.063907e+00 2.639469e+00 1.085805e-01 -4.082713e-04 -3.101219e-04 -2.538431e-04 -2.621722e-04
 7577.895413 8.490102e-01 1.066222e+00 2.652273e+00 1.085907e-01 -4.058562e-04 -3.007488e-04 -2.603139e-04 -2.631274e-04
 7582.895413 8.484821e-01 1.069741e+00 2.667508e+00 1.089547e-01 -4.009520e-04 -2.963669e-04 -2.538540e-04 -2.628547e-04
 7587.895413 8.478560e-01 1.072562e+00 2.681215e+00 1.091741e-01 -3.956600e-04 -3.011729e-04 -2.469196e-04 -2.596770e-04
 7592.895413 8.468750e-01 1.075217e+00 2.694574e+00 1.095004e-01 -3.901818e-04 -2.966318e-04 -2.422577e-04 -2.554825e-04
 7597.895413 8.454548e-01 1.077605e+00 2.706961e+00 1.096841e-01 -3.886860e-04 -2.991882e-04 -2.300922e-04 -2.515557e-04
 7602.895413 8.435271e-01 1.079588e+00 2.719562e+00 1.093197e-01 -3.946591e-04 -3.035265e-04 -2.323966e-04 -2.514890e-04
 7607.895413 8.439845e-01 1.084459e+00 2.738507e+00 1.098005e-01 -3.930787e-04 -3.066343e-04 -2.342421e-04 -2.554508e-04
 7612.895413 8.429722e-01 1.087240e+00 2.752423e+00 1.100570e-01 -3.848070e-04 -3.039600e-04 -2.243892e-04 -2.681582e-04
 7617.895413 8.426809e-01 1.091087e+00 2.769201e+00 1.102368e-01 -3.893398e-04 -2.976739e-04 -2.313301e-04 -2.772494e-04
 7622.895413 8.418614e-01 1.094175e+00 2.783243e+00 1.107692e-01 -3.898271e-04 -2.975046e-04 -2.325369e-04 -2.688091e-04
 7627.895413 8.415709e-01 1.097840e+00 2.799256e+00 1.107348e-01 -3.984317e-04 -2.997193e-04 -2.327441e-04 -2.612412e-04
 7632.895413 8.408515e-01 1.100983e+00 2.814633e+00 1.109692e-01 -4.017890e-04 -3.062984e-04 -2.294191e-04 -2.642154e-04
 7637.895413 8.399297e-01 1.103952e+00 2.829114e+00 1.111434e-01 -3.999153e-04 -3.044895e-04 -2.381470e-04 -2.738942e-04
 7642.895413 8.390026e-01 1.106987e+00 2.842767e+00 1.113818e-01 -3.980317e-04 -2.972497e-04 -2.318179e-04 -2.796161e-04
 7647.895413 8.370490e-01 1.107957e+00 2.851580e+00 1.113882e-01 -4.033513e-04 -2.953960e-04 -2.325157e-04 -2.666371e-04
 7652.895413 8.362328e-01 1.111174e+00 2.867780e+00 1.111990e-01 -4.035854e-04 -2.964128e-04 -2.289730e-04 -2.692639e-04
 7657.895413 8.360674e-01 1.115359e+00 2.884640e+00 1.116927e-01 -3.984196e-04 -2.937046e-04 -2.290031e-04 -2.726750e-04
 7662.895413 8.350526e-01 1.117745e+00 2.897075e+00 1.122124e-01 -3.931817e-04 -2.872972e-04 -2.310116e-04 -2.637048e-04
 7667.895413 8.351040e-01 1.122032e+00 2.914756e+00 1.121907e-01 -3.905135e-04 -2.845911e-04 -2.331868e-04 -2.650349e-04
 7672.895413 8.349431e-01 1.126271e+00 2.930966e+00 1.125564e-01 -3.916795e-04 -2.996189e-04 -2.365135e-04 -2.670212e-04
 7677.895413 8.341228e-01 1.129585e+00 2.944765e+00 1.127460e-01 -3.975808e-04 -3.057133e-04 -2.331681e-04 -2.575939e-04
 7679.000000 8.325674e-01 1.128104e+00 2.941472e+00 1.130146e-01 -4.004890e-04 -3.092531e-04 -2.257445e-04 -2.589385e-04
 7680.000000 8.344910e-01 1.131879e+00 2.951575e+00 1.124191e-01 -3.921573e-04 -3.154515e-04 -2.349128e-04 -2.561442e-04
 7681.000000 8.329081e-01 1.130305e+00 2.950155e+00 1.130038e-01 -3.860724e-04 -3.157661e-04 -2.394733e-04 -2.510288e-04
 7682.000000 8.294263e-01 1.126485e+00 2.940550e+00 1.120517e-01 -3.908611e-04 -3.151560e-04 -2.323107e-04 -2.525865e-04
 7683.000000 8.200568e-01 1.114623e+00 2.910434e+00 1.109427e-01 -3.967174e-04 -3.107872e-04 -2.280655e-04 -2.517188e-04
 7684.000000 8.039028e-01 1.093189e+00 2.856106e+00 1.092331e-01 -3.994973e-04 -3.090387e-04 -2.322872e-04 -2.561606e-04
 7685.000000 8.282466e-01 1.126704e+00 2.941477e+00 1.123757e-01 -3.977824e-04 -3.068477e-04 -2.356243e-04 -2.623054e-04
 7686.000000 8.369707e-01 1.140349e+00 2.979367e+00 1.136130e-01 -3.922616e-04 -3.114138e-04 -2.333545e-04 -2.645298e-04
 7686.200000 8.358897e-01 1.138701e+00 2.974833e+00 1.133494e-01 -3.839506e-04 -3.073342e-04 -2.362182e-04 -2.640550e-04
 7686.400000 8.336287e-01 1.135979e+00 2.969399e+00 1.136472e-01 -3.780061e-04 -3.089110e-04 -2.476255e-04 -2.696213e-04
 7686.600000 8.376496e-01 1.141400e+00 2.981972e+00 1.122052e-01 -3.779880e-04 -3.071920e-04 -2.433583e-04 -2.465918e-04
 7686.800000 8.364019e-01 1.139669e+00 2.977280e+00 1.137300e-01 -3.853851e-04 -3.109181e-04 -2.159267e-04 -2.510595e-04
 7687.000000 8.265101e-01 1.126358e+00 2.939830e+00 1.102372e-01 -3.941211e-04 -3.032259e-04 -2.265984e-04 -2.657284e-04
 7687.200000 8.308784e-01 1.132507e+00 2.958596e+00 1.129352e-01 -3.883352e-04 -3.027526e-04 -2.383317e-04 -2.601983e-04
 7687.400000 8.443908e-01 1.151681e+00 3.012164e+00 1.137452e-01 -3.921519e-04 -3.096002e-04 -2.453627e-04 -2.555962e-04
 7687.600000 8.319001e-01 1.134826e+00 2.964266e+00 1.141387e-01 -3.853660e-04 -3.135410e-04 -2.285542e-04 -2.525969e-04
 7687.800000 8.376004e-01 1.142744e+00 2.983400e+00 1.119055e-01 -3.820815e-04 -3.125932e-04 -2.328927e-04 -2.546949e-04
 7688.000000 8.324541e-01 1.135862e+00 2.968086e+00 1.112127e-01 -3.930804e-04 -3.123830e-04 -2.270502e-04 -2.575091e-04
 7688.200000 8.295121e-01 1.131482e+00 2.954522e+00 1.141992e-01 -3.981605e-04 -3.146899e-04 -2.331028e-04 -2.683689e-04
 7688.400000 8.321842e-01 1.134762e+00 2.962477e+00 1.130089e-01 -3.922922e-04 -3.233735e-04 -2.313561e-04 -2.657418e-04
 7688.600000 8.309136e-01 1.133605e+00 2.959867e+00 1.137445e-01 -3.892089e-04 -3.114562e-04 -2.329517e-04 -2.684266e-04
 7688.800000 8.330740e-01 1.136977e+00 2.971466e+00 1.132725e-01 -3.884916e-04 -3.022324e-04 -2.180474e-04 -2.622997e-04
 7689.000000 8.435736e-01 1.152013e+00 3.010654e+00 1.142537e-01 -3.887497e-04 -2.968740e-04 -2.178401e-04 -2.641897e-04
 7689.200000 8.314794e-01 1.135219e+00 2.967081e+00 1.151294e-01 -3.894751e-04 -2.968380e-04 -2.260809e-04 -2.620912e-04
 7689.400000 8.343769e-01 1.139324e+00 2.977405e+00 1.152725e-01 -3.923678e-04 -2.982804e-04 -2.346688e-04 -2.767558e-04
 7689.600000 8.300127e-01 1.133758e+00 2.961437e+00 1.115125e-01 -3.976124e-04 -3.048920e-04 -2.320707e-04 -2.821332e-04
 7689.800000 8.366558e-01 1.142886e+00 2.985638e+00 1.148129e-01 -4.010718e-04 -3.039744e-04 -2.319635e-04 -2.786404e-04
 7690.000000 8.296096e-01 1.133231e+00 2.959668e+00 1.112732e-01 -4.048261e-04 -3.052608e-04 -2.300792e-04 -2.751740e-04
 7690.200000 8.337715e-01 1.138873e+00 2.976673e+00 1.139197e-01 -4.058814e-04 -3.041852e-04 -2.310101e-04 -2.741092e-04
 7690.400000 8.359768e-01 1.142700e+00 2.985201e+00 1.131440e-01 -4.065665e-04 -3.056652e-04 -2.237198e-04 -2.757938e-04
 7690.600000 8.331152e-01 1.138555e+00 2.975574e+00 1.135354e-01 -4.051877e-04 -3.166032e-04 -2.147586e-04 -2.648394e-04
 7690.800000 8.332806e-01 1.138766e+00 2.973921e+00 1.141225e-01 -4.012742e-04 -3.204646e-04 -2.081562e-04 -2.568293e-04
 7691.000000 8.250182e-01 1.127882e+00 2.946872e+00 1.125751e-01 -3.980024e-04 -3.129025e-04 -2.187182e-04 -2.644372e-04
 7691.200000 8.386881e-01 1.146248e+00 2.997585e+00 1.141486e-01 -4.048221e-04 -3.222272e-04 -2.082587e-04 -2.562316e-04
 7691.400000 8.354420e-01 1.142249e+00 2.985769e+00 1.157268e-01 -4.059971e-04 -3.080002e-04 -1.979822e-04 -2.621466e-04
 7691.600000 8.369086e-01 1.143937e+00 2.988137e+00 1.114951e-01 -4.119235e-04 -3.036402e-04 -2.060859e-04 -2.572419e-04
 7691.800000 8.333296e-01 1.139570e+00 2.977967e+00 1.149739e-01 -4.013975e-04 -3.065778e-04 -2.095973e-04 -2.598743e-04
 7692.000000 8.345381e-01 1.141585e+00 2.982368e+00 1.139275e-01 -3.981306e-04 -3.125862e-04 -2.052817e-04 -2.670430e-04
 7692.200000 8.248804e-01 1.128237e+00 2.947389e+00 1.119643e-01 -3.988471e-04 -3.059792e-04 -1.992164e-04 -2.617142e-04
 7692.400000 8.376738e-01 1.146380e+00 2.998459e+00 1.136340e-01 -4.106568e-04 -3.029723e-04 -2.098185e-04 -2.643026e-04
 7692.600000 8.344611e-01 1.141895e+00 2.984403e+00 1.141400e-01 -4.095454e-04 -3.081226e-04 -2.159351e-04 -2.750556e-04
 7692.800000 8.338753e-01 1.141476e+00 2.981783e+00 1.119901e-01 -4.049224e-04 -3.171610e-04 -2.105253e-04 -2.535881e-04
 7693.000000 8.343824e-01 1.142203e+00 2.984459e+00 1.136841e-01 -4.093996e-04 -3.194471e-04 -2.101000e-04 -2.408847e-04
 7693.200000 8.312755e-01 1.137627e+00 2.972317e+00 1.126528e-01 -4.042558e-04 -3.256797e-04 -2.087550e-04 -2.514706e-04
 7693.400000 8.330969e-01 1.140436e+00 2.977443e+00 1.104851e-01 -3.984232e-04 -3.179872e-04 -2.171862e-04 -2.576248e-04
 7693.600000 8.381954e-01 1.148192e+00 3.000347e+00 1.146789e-01 -3.935392e-04 -3.221925e-04 -2.116839e-04 -2.542195e-04
 7693.800000 8.303942e-01 1.137316e+00 2.971156e+00 1.135982e-01 -3.855207e-04 -3.189529e-04 -2.151094e-04 -2.468027e-04
 7694.000000 8.382253e-01 1.148254e+00 3.001629e+00 1.151049e-01 -3.933838e-04 -3.303427e-04 -2.025237e-04 -2.528285e-04
 7694.200000 8.339982e-01 1.142718e+00 2.984466e+00 1.137387e-01 -3.940244e-04 -3.222097e-04 -2.180862e-04 -2.622654e-04
 7694.400000 8.353690e-01 1.144182e+00 2.990609e+00 1.134982e-01 -4.056981e-04 -3.285467e-04 -2.104812e-04 -2.641887e-04
 7694.600000 8.276360e-01 1.133725e+00 2.962694e+00 1.143288e-01 -4.031886e-04 -3.245551e-04 -2.233595e-04 -2.631905e-04
 7694.800000 8.333917e-01 1.142208e+00 2.983436e+00 1.137057e-01 -4.038184e-04 -3.234097e-04 -2.189506e-04 -2.671572e-04
 7695.000000 8.287287e-01 1.136320e+00 2.967927e+00 1.101329e-01 -3.994571e-04 -3.199507e-04 -2.083158e-04 -2.522201e-04
 7695.200000 8.399686e-01 1.151870e+00 3.007436e+00 1.145638e-01 -4.047388e-04 -3.192153e-04 -2.313054e-04 -2.613282e-04
 7695.400000 8.337168e-01 1.143002e+00 2.983259e+00 1.147258e-01 -3.999256e-04 -3.187130e-04 -2.271616e-04 -2.546882e-04
 7695.600000 8.295968e-01 1.136856e+00 2.969601e+00 1.152040e-01 -4.015423e-04 -3.098829e-04 -2.138471e-04 -2.687820e-04
 7695.800000 8.337930e-01 1.143523e+00 2.985143e+00 1.150404e-01 -4.150205e-04 -3.175043e-04 -2.139266e-04 -2.690860e-04
 7696.000000 8.252575e-01 1.131789e+00 2.954993e+00 1.115918e-01 -4.146852e-04 -3.209675e-04 -2.307550e-04 -2.696437e-04
 7696.200000 8.359556e-01 1.146935e+00 2.995906e+00 1.126086e-01 -4.154405e-04 -3.128349e-04 -2.326335e-04 -2.718333e-04
 7696.400000 8.362838e-01 1.147775e+00 2.996773e+00 1.140707e-01 -4.105055e-04 -3.138332e-04 -2.137891e-04 -2.681243e-04
 7696.600000 8.342084e-01 1.144403e+00 2.987467e+00 1.149423e-01 -4.063693e-04 -3.051527e-04 -2.247584e-04 -2.668581e-04
 7696.800000 8.274363e-01 1.135527e+00 2.961799e+00 1.128068e-01 -3.974712e-04 -3.026043e-04 -2.170475e-04 -2.551933e-04
 7697.000000 8.302399e-01 1.139850e+00 2.974035e+00 1.097696e-01 -3.963857e-04 -3.049508e-04 -2.275198e-04 -2.633900e-04
 7697.200000 8.309175e-01 1.140940e+00 2.976643e+00 1.153842e-01 -4.020625e-04 -3.025885e-04 -2.191438e-04 -2.686940e-04
 7697.400000 8.363259e-01 1.148458e+00 2.996330e+00 1.156568e-01 -3.935786e-04 -2.995701e-04 -2.047702e-04 -2.655343e-04
 7697.600000 8.352400e-01 1.147069e+00 2.991529e+00 1.143499e-01 -3.945018e-04 -3.020631e-04 -2.081813e-04 -2.640260e-04
 7697.800000 8.309579e-01 1.140874e+00 2.976957e+00 1.132130e-01 -3.912140e-04 -3.032833e-04 -2.093701e-04 -2.626457e-04
 7698.000000 8.273311e-01 1.135788e+00 2.960870e+00 1.115529e-01 -3.945134e-04 -3.047915e-04 -2.230592e-04 -2.584057e-04
 7698.200000 8.299130e-01 1.139909e+00 2.971081e+00 1.132475e-01 -3.941530e-04 -3.104639e-04 -2.175323e-04 -2.648205e-04
 7698.400000 8.356456e-01 1.147969e+00 2.993721e+00 1.155039e-01 -3.866053e-04 -3.159991e-04 -2.161780e-04 -2.546865e-04
 7698.600000 8.335224e-01 1.145682e+00 2.986826e+00 1.146787e-01 -3.883879e-04 -3.158421e-04 -2.201674e-04 -2.573480e-04
 7698.800000 8.319255e-01 1.143574e+00 2.978902e+00 1.102886e-01 -3.850827e-04 -3.127687e-04 -2.222938e-04 -2.600404e-04
 7699.000000 8.282134e-01 1.138442e+00 2.965674e+00 1.150977e-01 -3.793913e-04 -3.045795e-04 -2.141579e-04 -2.509324e-04
 7699.200000 8.335861e-01 1.145641e+00 2.983838e+00 1.152448e-01 -3.814047e-04 -3.057550e-04 -2.190137e-04 -2.530761e-04
 7699.400000 8.334652e-01 1.146474e+00 2.985204e+00 1.149588e-01 -3.892979e-04 -3.011535e-04 -2.114938e-04 -2.613251e-04
 7699.600000 8.325081e-01 1.144764e+00 2.980622e+00 1.140886e-01 -3.893299e-04 -2.911605e-04 -2.113912e-04 -2.559345e-04
 7699.800000 8.295578e-01 1.140556e+00 2.970095e+00 1.138807e-01 -3.982259e-04 -2.877089e-04 -2.142077e-04 -2.639379e-04
 7700.000000 8.311454e-01 1.143370e+00 2.976551e+00 1.150320e-01 -3.930168e-04 -2.993124e-04 -2.071438e-04 -2.666424e-04
 7700.200000 8.353785e-01 1.149461e+00 2.991260e+00 1.144984e-01 -3.853682e-04 -3.082138e-04 -2.011255e-04 -2.606008e-04
 7700.400000 8.348193e-01 1.149022e+00 2.989103e+00 1.148585e-01 -3.763660e-04 -3.010167e-04 -2.074255e-04 -2.519405e-04
 7700.600000 8.297090e-01 1.142270e+00 2.969253e+00 1.145281e-01 -3.861409e-04 -2.975739e-04 -2.242157e-04 -2.528948e-04
 7700.800000 8.296651e-01 1.142119e+00 2.968634e+00 1.133800e-01 -3.801751e-04 -3.056567e-04 -2.172348e-04 -2.596554e-04
 7701.000000 8.339363e-01 1.148363e+00 2.984246e+00 1.131439e-01 -3.787396e-04 -3.069092e-04 -2.085949e-04 -2.574305e-04
 7701.200000 8.339911e-01 1.148286e+00 2.983401e+00 1.127036e-01 -3.713896e-04 -3.081189e-04 -2.148413e-04 -2.664970e-04
 7701.400000 8.314934e-01 1.144635e+00 2.971494e+00 1.160709e-01 -3.677749e-04 -3.006229e-04 -2.250298e-04 -2.729728e-04
 7701.600000 8.311222e-01 1.144712e+00 2.969619e+00 1.150356e-01 -3.678140e-04 -2.991218e-04 -2.256746e-04 -2.597344e-04
 7701.800000 8.328467e-01 1.146954e+00 2.976185e+00 1.140036e-01 -3.787565e-04 -3.015439e-04 -2.263830e-04 -2.589782e-04
 7702.000000 8.323127e-01 1.146718e+00 2.973913e+00 1.131849e-01 -3.781245e-04 -3.040004e-04 -2.247900e-04 -2.605969e-04
 7702.200000 8.321869e-01 1.146911e+00 2.973280e+00 1.146276e-01 -3.774156e-04 -3.024791e-04 -2.100653e-04 -2.545795e-04
 7702.400000 8.261863e-01 1.138375e+00 2.950201e+00 1.129992e-01 -3.774253e-04 -2.989150e-04 -2.030016e-04 -2.526944e-04
 7702.600000 8.346580e-01 1.150314e+00 2.980270e+00 1.141452e-01 -3.836677e-04 -2.928506e-04 -1.958309e-04 -2.544629e-04
 7702.800000 8.321104e-01 1.147341e+00 2.969922e+00 1.151843e-01 -3.823067e-04 -2.838900e-04 -2.007588e-04 -2.580675e-04
 7703.000000 8.334130e-01 1.149418e+00 2.972167e+00 1.127318e-01 -3.802027e-04 -2.872595e-04 -2.037142e-04 -2.668338e-04
 7703.200000 8.297556e-01 1.144282e+00 2.955936e+00 1.125435e-01 -3.744468e-04 -2.918648e-04 -2.143356e-04 -2.548490e-04
 7703.400000 8.298530e-01 1.144500e+00 2.956776e+00 1.165768e-01 -3.791026e-04 -2.965797e-04 -2.164532e-04 -2.584818e-04
 7703.600000 8.349726e-01 1.151458e+00 2.971554e+00 1.123923e-01 -3.748564e-04 -3.010836e-04 -2.112968e-04 -2.560204e-04
 7703.800000 8.345816e-01 1.151324e+00 2.967176e+00 1.140089e-01 -3.678816e-04 -3.009578e-04 -2.210976e-04 -2.633382e-04
 7704.000000 8.280266e-01 1.142575e+00 2.943509e+00 1.141526e-01 -3.683832e-04 -3.109413e-04 -2.157815e-04 -2.618909e-04
 7704.200000 8.341214e-01 1.151303e+00 2.961505e+00 1.148095e-01 -3.716361e-04 -3.087944e-04 -2.142717e-04 -2.646687e-04
 7704.400000 8.350990e-01 1.152745e+00 2.962828e+00 1.126308e-01 -3.776642e-04 -3.110073e-04 -2.174440e-04 -2.729159e-04
 7704.600000 8.325144e-01 1.149183e+00 2.948690e+00 1.152057e-01 -3.810921e-04 -3.142342e-04 -2.134156e-04 -2.724019e-04
 7704.800000 8.262113e-01 1.140341e+00 2.921724e+00 1.142206e-01 -3.784689e-04 -3.240877e-04 -2.140460e-04 -2.766923e-04
 7705.000000 8.316942e-01 1.148093e+00 2.938387e+00 1.128521e-01 -3.736221e-04 -3.268472e-04 -2.191661e-04 -2.772688e-04
 7705.200000 8.314879e-01 1.147700e+00 2.931344e+00 1.152873e-01 -3.786721e-04 -3.176399e-04 -2.089145e-04 -2.677038e-04
 7705.400000 8.303944e-01 1.146537e+00 2.920298e+00 1.138462e-01 -3.885835e-04 -3.125053e-04 -2.216490e-04 -2.658629e-04
 7705.600000 8.257977e-01 1.140158e+00 2.900108e+00 1.121481e-01 -3.867136e-04 -3.143604e-04 -2.244363e-04 -2.723178e-04
 7705.800000 8.297279e-01 1.145945e+00 2.906295e+00 1.155734e-01 -3.832201e-04 -3.110094e-04 -2.170962e-04 -2.618342e-04
 7706.000000 8.306603e-01 1.147546e+00 2.902685e+00 1.146113e-01 -3.812047e-04 -3.146567e-04 -2.144227e-04 -2.659785e-04
 7706.200000 8.262195e-01 1.141298e+00 2.876113e+00 1.126150e-01 -3.760270e-04 -3.219957e-04 -2.290925e-04 -2.766350e-04
 7706.400000 8.281709e-01 1.144236e+00 2.871775e+00 1.142740e-01 -3.718671e-04 -3.272116e-04 -2.253165e-04 -2.802483e-04
 7706.600000 8.319460e-01 1.150244e+00 2.870960e+00 1.151876e-01 -3.791739e-04 -3.374223e-04 -2.160250e-04 -2.768983e-04
 7706.800000 8.304605e-01 1.147824e+00 2.848193e+00 1.135191e-01 -3.762957e-04 -3.312069e-04 -2.328118e-04 -2.851900e-04
 7707.000000 8.319881e-01 1.150123e+00 2.832269e+00 1.134064e-01 -3.799229e-04 -3.173801e-04 -2.202711e-04 -2.785697e-04
 7707.200000 8.304373e-01 1.148075e+00 2.797970e+00 1.161210e-01 -3.810996e-04 -3.137870e-04 -2.096894e-04 -2.743062e-04
 7707.400000 8.307024e-01 1.148831e+00 2.763625e+00 1.144809e-01 -3.832304e-04 -3.099645e-04 -2.179486e-04 -2.693493e-04
 7707.600000 8.307936e-01 1.149226e+00 2.721364e+00 1.144715e-01 -3.913831e-04 -3.132170e-04 -2.275821e-04 -2.624943e-04
 7707.800000 8.308214e-01 1.149344e+00 2.669359e+00 1.154617e-01 -3.821484e-04 -3.229967e-04 -2.246485e-04 -2.682733e-04
 7708.000000 8.295589e-01 1.147814e+00 2.604633e+00 1.135410e-01 -3.866684e-04 -3.127050e-04 -2.173994e-04 -2.684186e-04
 7708.200000 8.298225e-01 1.147935e+00 2.540070e+00 1.138876e-01 -3.788792e-04 -3.029646e-04 -2.416888e-04 -2.785224e-04
 7708.400000 8.270127e-01 1.144476e+00 2.463591e+00 1.155033e-01 -3.720361e-04 -3.065110e-04 -2.308667e-04 -2.762545e-04
 7708.600000 8.290612e-01 1.147723e+00 2.404317e+00 1.153423e-01 -3.790148e-04 -3.013408e-04 -2.405668e-04 -2.885780e-04
 7708.800000 8.303864e-01 1.149958e+00 2.344213e+00 1.136372e-01 -3.825854e-04 -3.035699e-04 -2.412016e-04 -2.861639e-04
 7709.000000 8.309908e-01 1.150948e+00 2.285227e+00 1.158507e-01 -3.881964e-04 -3.066011e-04 -2.374155e-04 -2.719630e-04
 7709.200000 8.307102e-01 1.150858e+00 2.227317e+00 1.149875e-01 -3.863709e-04 -3.096829e-04 -2.387563e-04 -2.740509e-04
 7709.400000 8.299667e-01 1.149760e+00 2.168048e+00 1.148578e-01 -3.979877e-04 -3.106027e-04 -2.369687e-04 -2.750659e-04
 7709.600000 8.308339e-01 1.151080e+00 2.118941e+00 1.151578e-01 -3.974568e-04 -3.165382e-04 -2.295345e-04 -2.670812e-04
 7709.800000 8.304508e-01 1.150857e+00 2.067969e+00 1.152280e-01 -3.960276e-04 -3.089886e-04 -2.271529e-04 -2.744561e-04
 7710.000000 8.304692e-01 1.151216e+00 2.022762e+00 1.145980e-01 -3.894552e-04 -3.079109e-04 -2.235403e-04 -2.779913e-04
 7710.200000 8.304124e-01 1.151344e+00 1.980670e+00 1.146908e-01 -3.928364e-04 -3.005816e-04 -2.244283e-04 -2.717361e-04
 7710.400000 8.302441e-01 1.151378e+00 1.941759e+00 1.139618e-01 -3.920397e-04 -3.013844e-04 -2.347084e-04 -2.692272e-04
 7710.600000 8.302234e-01 1.151514e+00 1.907772e+00 1.155495e-01 -3.910351e-04 -3.041041e-04 -2.374783e-04 -2.687143e-04
 7710.800000 8.308151e-01 1.152478e+00 1.879351e+00 1.151793e-01 -3.956324e-04 -3.045743e-04 -2.331217e-04 -2.699487e-04
 7711.000000 8.308812e-01 1.152654e+00 1.852879e+00 1.153946e-01 -3.917866e-04 -3.058966e-04 -2.307772e-04 -2.600040e-04
 7711.200000 8.291290e-01 1.150298e+00 1.824862e+00 1.145047e-01 -3.824299e-04 -2.970788e-04 -2.353575e-04 -2.623683e-04
 7711.400000 8.310973e-01 1.153138e+00 1.809971e+00 1.148427e-01 -3.827521e-04 -2.947315e-04 -2.449885e-04 -2.693960e-04
 7711.600000 8.308749e-01 1.152325e+00 1.791934e+00 1.159913e-01 -3.829696e-04 -3.008065e-04 -2.413238e-04 -2.773200e-04
 7711.800000 8.298670e-01 1.151031e+00 1.777426e+00 1.156520e-01 -3.817308e-04 -3.045380e-04 -2.406523e-04 -2.671424e-04
 7712.000000 8.306865e-01 1.152658e+00 1.769180e+00 1.159820e-01 -3.882337e-04 -2.971676e-04 -2.468267e-04 -2.807610e-04
 7712.200000 8.308179e-01 1.153497e+00 1.761105e+00 1.163583e-01 -3.936393e-04 -2.944902e-04 -2.470939e-04 -2.737563e-04
 7712.400000 8.300097e-01 1.152390e+00 1.753290e+00 1.166247e-01 -3.855883e-04 -2.898864e-04 -2.541415e-04 -2.755307e-04
 7712.600000 8.310664e-01 1.154085e+00 1.750896e+00 1.173502e-01 -3.865237e-04 -2.841324e-04 -2.594314e-04 -2.793283e-04
 7712.800000 8.310823e-01 1.154207e+00 1.746183e+00 1.181183e-01 -3.926594e-04 -2.923650e-04 -2.458499e-04 -2.774020e-04
 7713.000000 8.312336e-01 1.154313e+00 1.743091e+00 1.183003e-01 -3.909461e-04 -2.963833e-04 -2.430725e-04 -2.662891e-04
 7713.200000 8.299196e-01 1.152454e+00 1.734943e+00 1.179960e-01 -3.932636e-04 -2.909064e-04 -2.484248e-04 -2.716568e-04
 7713.400000 8.294604e-01 1.151624e+00 1.729294e+00 1.189693e-01 -3.967488e-04 -2.895970e-04 -2.453263e-04 -2.725443e-04
 7713.600000 8.305682e-01 1.153401e+00 1.724975e+00 1.194866e-01 -3.954838e-04 -2.941544e-04 -2.418396e-04 -2.755971e-04
 7713.800000 8.310188e-01 1.154160e+00 1.716901e+00 1.202803e-01 -3.910100e-04 -3.004809e-04 -2.478922e-04 -2.827209e-04
 7714.000000 8.306533e-01 1.153563e+00 1.705203e+00 1.201267e-01 -3.972275e-04 -2.967629e-04 -2.403002e-04 -2.764983e-04
 7714.200000 8.304234e-01 1.153271e+00 1.690290e+00 1.203540e-01 -3.930268e-04 -2.951603e-04 -2.376025e-04 -2.761628e-04
 7714.400000 8.301298e-01 1.152881e+00 1.673484e+00 1.210657e-01 -3.940173e-04 -2.951614e-04 -2.438074e-04 -2.768270e-04
 7714.600000 8.314124e-01 1.154655e+00 1.658452e+00 1.218314e-01 -3.870520e-04 -2.923362e-04 -2.362210e-04 -2.692957e-04
 7714.800000 8.313834e-01 1.154778e+00 1.638819e+00 1.214773e-01 -3.760067e-04 -2.909189e-04 -2.559629e-04 -2.711565e-04
 7715.000000 8.303115e-01 1.153361e+00 1.615040e+00 1.214249e-01 -3.798686e-04 -2.925950e-04 -2.549043e-04 -2.650906e-04
 7715.200000 8.303188e-01 1.153660e+00 1.593799e+00 1.217706e-01 -3.776286e-04 -2.936333e-04 -2.504850e-04 -2.669135e-04
 7715.400000 8.279143e-01 1.150128e+00 1.565219e+00 1.218317e-01 -3.777462e-04 -2.913314e-04 -2.336546e-04 -2.641704e-04
 7715.600000 8.279663e-01 1.150805e+00 1.543873e+00 1.221562e-01 -3.916933e-04 -2.873722e-04 -2.382136e-04 -2.650074e-04
 7715.800000 8.296753e-01 1.153541e+00 1.524911e+00 1.215704e-01 -3.826150e-04 -2.787640e-04 -2.476539e-04 -2.708449e-04
 7716.000000 8.296123e-01 1.153499e+00 1.502671e+00 1.212542e-01 -3.809561e-04 -2.805962e-04 -2.454068e-04 -2.630010e-04
 7716.200000 8.307585e-01 1.155113e+00 1.484405e+00 1.218708e-01 -3.783310e-04 -2.754345e-04 -2.503194e-04 -2.736375e-04
 7716.400000 8.295596e-01 1.153532e+00 1.461269e+00 1.210715e-01 -3.729025e-04 -2.795965e-04 -2.526521e-04 -2.682767e-04
 7716.600000 8.323435e-01 1.157506e+00 1.447996e+00 1.225303e-01 -3.742567e-04 -2.825561e-04 -2.628360e-04 -2.642982e-04
 7716.800000 8.311310e-01 1.155996e+00 1.423284e+00 1.211303e-01 -3.752436e-04 -2.855764e-04 -2.676885e-04 -2.729817e-04
 7717.000000 8.301864e-01 1.154712e+00 1.402612e+00 1.217100e-01 -3.794684e-04 -2.841128e-04 -2.631068e-04 -2.726662e-04
 7717.200000 8.293374e-01 1.153761e+00 1.382638e+00 1.211878e-01 -3.842174e-04 -2.857193e-04 -2.565491e-04 -2.764387e-04
 7717.400000 8.290512e-01 1.152999e+00 1.360395e+00 1.219871e-01 -3.785905e-04 -2.844209e-04 -2.519041e-04 -2.707061e-04
 7717.600000 8.291775e-01 1.153009e+00 1.340588e+00 1.223285e-01 -3.823085e-04 -2.800334e-04 -2.487162e-04 -2.757728e-04
 7717.800000 8.299797e-01 1.154273e+00 1.321606e+00 1.236138e-01 -3.735140e-04 -2.886496e-04 -2.478260e-04 -2.790642e-04
 7718.000000 8.299140e-01 1.154481e+00 1.302180e+00 1.221461e-01 -3.697564e-04 -2.864627e-04 -2.425043e-04 -2.750789e-04
 7718.200000 8.289022e-01 1.153183e+00 1.280994e+00 1.232254e-01 -3.645485e-04 -2.838918e-04 -2.357479e-04 -2.692851e-04
 7718.400000 8.296199e-01 1.154239e+00 1.261696e+00 1.234151e-01 -3.683361e-04 -2.912242e-04 -2.331887e-04 -2.664676e-04
 7718.600000 8.300028e-01 1.154526e+00 1.243376e+00 1.237160e-01 -3.784316e-04 -2.970675e-04 -2.323474e-04 -2.591518e-04
 7718.800000 8.258492e-01 1.148703e+00 1.216599e+00 1.245276e-01 -3.830912e-04 -2.950748e-04 -2.353507e-04 -2.528809e-04
 7719.000000 8.272715e-01 1.150536e+00 1.197813e+00 1.252888e-01 -3.862149e-04 -2.887692e-04 -2.368951e-04 -2.540001e-04
 7719.200000 8.298363e-01 1.154411e+00 1.181846e+00 1.245138e-01 -3.894844e-04 -2.784772e-04 -2.429668e-04 -2.612426e-04
 7719.400000 8.230224e-01 1.144548e+00 1.152028e+00 1.253496e-01 -3.860070e-04 -2.702524e-04 -2.497317e-04 -2.656184e-04
 7719.600000 8.305537e-01 1.155594e+00 1.144324e+00 1.273567e-01 -3.886007e-04 -2.793234e-04 -2.630213e-04 -2.741987e-04
 7719.800000 8.283228e-01 1.151746e+00 1.119884e+00 1.267494e-01 -3.957804e-04 -2.824106e-04 -2.633318e-04 -2.683634e-04
 7720.000000 8.277514e-01 1.150621e+00 1.098826e+00 1.254221e-01 -3.881906e-04 -2.856399e-04 -2.463097e-04 -2.664626e-04
 7720.200000 8.292638e-01 1.153141e+00 1.079782e+00 1.276452e-01 -3.924048e-04 -2.804535e-04 -2.338016e-04 -2.629257e-04
 7720.400000 8.285099e-01 1.151940e+00 1.059190e+00 1.275839e-01 -3.921531e-04 -2.838084e-04 -2.478917e-04 -2.627696e-04
 7720.600000 8.302428e-01 1.154206e+00 1.042662e+00 1.285815e-01 -3.884968e-04 -2.960165e-04 -2.497574e-04 -2.593446e-04
 7720.800000 8.257688e-01 1.147911e+00 1.014134e+00 1.279350e-01 -3.905891e-04 -2.949529e-04 -2.399091e-04 -2.648757e-04
 7721.000000 8.269901e-01 1.149224e+00 9.951038e-01 1.273842e-01 -3.885931e-04 -2.879866e-04 -2.417429e-04 -2.546958e-04
 7721.200000 8.281074e-01 1.151015e+00 9.771554e-01 1.300195e-01 -3.874227e-04 -2.928087e-04 -2.388527e-04 -2.568268e-04
 7721.400000 8.280975e-01 1.151164e+00 9.568580e-01 1.290380e-01 -3.930643e-04 -2.945719e-04 -2.387816e-04 -2.576636e-04
 7721.600000 8.274792e-01 1.150373e+00 9.354553e-01 1.299067e-01 -3.945726e-04 -2.984915e-04 -2.360001e-04 -2.584562e-04
 7721.800000 8.293251e-01 1.152904e+00 9.190023e-01 1.308977e-01 -3.886463e-04 -2.927590e-04 -2.376130e-04 -2.594058e-04
 7722.000000 8.308102e-01 1.155044e+00 9.032214e-01 1.307093e-01 -3.967290e-04 -2.881488e-04 -2.336160e-04 -2.614612e-04
 7722.200000 8.289656e-01 1.152666e+00 8.822501e-01 1.315651e-01 -3.956556e-04 -2.984853e-04 -2.307351e-04 -2.606165e-04
 7722.400000 8.279570e-01 1.151100e+00 8.640395e-01 1.315521e-01 -3.939057e-04 -3.032209e-04 -2.443679e-04 -2.725787e-04
 7722.600000 8.276414e-01 1.151175e+00 8.473513e-01 1.326999e-01 -3.947298e-04 -3.076705e-04 -2.503183e-04 -2.736200e-04
 7722.800000 8.280380e-01 1.152095e+00 8.324270e-01 1.317326e-01 -3.907476e-04 -2.982209e-04 -2.421445e-04 -2.681620e-04
 7723.000000 8.283868e-01 1.152073e+00 8.172604e-01 1.309988e-01 -3.832938e-04 -2.902340e-04 -2.350926e-04 -2.611642e-04
 7723.200000 8.278253e-01 1.151840e+00 8.040700e-01 1.298780e-01 -3.839239e-04 -3.075264e-04 -2.279010e-04 -2.492408e-04
 7723.400000 8.284658e-01 1.152850e+00 7.924983e-01 1.342189e-01 -3.905019e-04 -3.086139e-04 -2.257466e-04 -2.636855e-04
 7723.600000 8.288685e-01 1.153487e+00 7.823701e-01 1.333230e-01 -3.901122e-04 -2.922001e-04 -2.273913e-04 -2.539788e-04
 7723.800000 8.289551e-01 1.153556e+00 7.726665e-01 1.330741e-01 -3.944960e-04 -2.817074e-04 -2.298107e-04 -2.507381e-04
 7724.000000 8.291412e-01 1.153869e+00 7.656598e-01 1.331582e-01 -3.849556e-04 -2.793279e-04 -2.427639e-04 -2.601709e-04
 7724.200000 8.210674e-01 1.142619e+00 7.496046e-01 1.332100e-01 -3.826180e-04 -2.784867e-04 -2.387850e-04 -2.617608e-04
 7724.400000 8.319581e-01 1.158083e+00 7.555588e-01 1.341403e-01 -3.827366e-04 -2.835804e-04 -2.370236e-04 -2.683280e-04
 7724.600000 8.286164e-01 1.153772e+00 7.470219e-01 1.341422e-01 -3.864164e-04 -2.788778e-04 -2.445926e-04 -2.686215e-04
 7724.800000 8.285696e-01 1.153356e+00 7.429553e-01 1.367378e-01 -3.852651e-04 -2.892159e-04 -2.429291e-04 -2.786679e-04
 7725.000000 8.276064e-01 1.152444e+00 7.397502e-01 1.343262e-01 -3.824689e-04 -2.870681e-04 -2.496754e-04 -2.747465e-04
 7725.200000 8.266883e-01 1.151100e+00 7.365766e-01 1.339775e-01 -3.889117e-04 -2.936327e-04 -2.435973e-04 -2.762836e-04
 7725.400000 8.288549e-01 1.153926e+00 7.359832e-01 1.357546e-01 -3.968221e-04 -3.002050e-04 -2.561890e-04 -2.735446e-04
 7725.600000 8.241921e-01 1.147298e+00 7.302275e-01 1.347007e-01 -3.928491e-04 -2.941143e-04 -2.558262e-04 -2.780384e-04
 7725.800000 8.265668e-01 1.151188e+00 7.315110e-01 1.367965e-01 -3.917303e-04 -2.870557e-04 -2.451473e-04 -2.834269e-04
 7726.000000 8.193216e-01 1.140962e+00 7.245743e-01 1.352014e-01 -3.939334e-04 -2.859192e-04 -2.517047e-04 -2.706053e-04
 7726.200000 8.286537e-01 1.153985e+00 7.352926e-01 1.345524e-01 -3.908590e-04 -2.983258e-04 -2.530161e-04 -2.637297e-04
 7726.400000 8.252468e-01 1.149579e+00 7.305360e-01 1.364438e-01 -4.132526e-04 -2.972480e-04 -2.433185e-04 -2.605251e-04
 7726.600000 8.234936e-01 1.146986e+00 7.305705e-01 1.382950e-01 -4.044843e-04 -2.879674e-04 -2.598571e-04 -2.732729e-04
 7726.800000 8.288114e-01 1.155061e+00 7.377611e-01 1.355711e-01 -3.952403e-04 -2.886082e-04 -2.546638e-04 -2.611530e-04
 7727.000000 8.283278e-01 1.154268e+00 7.364429e-01 1.382616e-01 -3.960383e-04 -2.907500e-04 -2.207558e-04 -2.690765e-04
 7727.200000 8.288551e-01 1.155171e+00 7.385402e-01 1.376238e-01 -3.986309e-04 -2.824002e-04 -2.219044e-04 -2.780246e-04
 7727.400000 8.259913e-01 1.150996e+00 7.369014e-01 1.373020e-01 -3.909717e-04 -2.840769e-04 -2.178924e-04 -2.689392e-04
 7727.600000 8.262890e-01 1.151539e+00 7.373223e-01 1.380393e-01 -3.836109e-04 -2.783475e-04 -2.251752e-04 -2.694358e-04
 7727.800000 8.310283e-01 1.158567e+00 7.448533e-01 1.388587e-01 -3.998897e-04 -2.768387e-04 -2.287543e-04 -2.781446e-04
 7728.000000 8.272316e-01 1.153450e+00 7.419215e-01 1.357860e-01 -3.860194e-04 -2.796204e-04 -2.390544e-04 -2.785444e-04
 7728.200000 8.275556e-01 1.153614e+00 7.436663e-01 1.349076e-01 -3.935136e-04 -2.855135e-04 -2.439097e-04 -2.682515e-04
 7728.400000 8.249108e-01 1.150098e+00 7.399896e-01 1.386008e-01 -3.931050e-04 -2.872392e-04 -2.408577e-04 -2.738596e-04
 7728.600000 8.256036e-01 1.151294e+00 7.422326e-01 1.349641e-01 -3.907951e-04 -2.849869e-04 -2.404264e-04 -2.838424e-04
 7728.800000 8.289105e-01 1.155886e+00 7.458677e-01 1.395857e-01 -3.922488e-04 -2.839312e-04 -2.188359e-04 -2.809779e-04
 7729.000000 8.308199e-01 1.158650e+00 7.479375e-01 1.390993e-01 -3.921363e-04 -2.820076e-04 -2.208984e-04 -2.754139e-04
 7729.200000 8.231060e-01 1.148424e+00 7.401574e-01 1.356794e-01 -3.960997e-04 -2.797378e-04 -2.219439e-04 -2.625322e-04
 7729.400000 8.262665e-01 1.153140e+00 7.425738e-01 1.378835e-01 -3.978074e-04 -2.925021e-04 -2.214338e-04 -2.746140e-04
 7729.600000 8.249919e-01 1.151735e+00 7.389373e-01 1.379043e-01 -4.002027e-04 -2.989282e-04 -2.330431e-04 -2.761545e-04
 7729.800000 8.261838e-01 1.153577e+00 7.388167e-01 1.388070e-01 -3.967076e-04 -2.959173e-04 -2.262515e-04 -2.763111e-04
 7730.000000 8.282466e-01 1.156515e+00 7.387124e-01 1.387566e-01 -4.076773e-04 -2.935379e-04 -2.146141e-04 -2.793794e-04
 7730.200000 8.251746e-01 1.152197e+00 7.324122e-01 1.371761e-01 -4.136086e-04 -2.930970e-04 -2.468413e-04 -2.724213e-04
 7730.400000 8.266614e-01 1.154215e+00 7.308873e-01 1.354557e-01 -4.220812e-04 -3.016747e-04 -2.420896e-04 -2.615576e-04
 7730.600000 8.247811e-01 1.151926e+00 7.255049e-01 1.385955e-01 -4.248596e-04 -2.949507e-04 -2.467256e-04 -2.550999e-04
 7730.800000 8.296010e-01 1.159006e+00 7.257816e-01 1.386760e-01 -4.152426e-04 -2.983440e-04 -2.425041e-04 -2.613484e-04
 7731.000000 8.279331e-01 1.157201e+00 7.204328e-01 1.361703e-01 -4.047873e-04 -2.963377e-04 -2.575860e-04 -2.774065e-04
 7731.200000 8.258053e-01 1.154474e+00 7.135708e-01 1.377582e-01 -4.062681e-04 -2.982012e-04 -2.373870e-04 -2.665746e-04
 7731.400000 8.249346e-01 1.153338e+00 7.076536e-01 1.376570e-01 -4.093015e-04 -2.994242e-04 -2.433681e-04 -2.571563e-04
 7731.600000 8.267435e-01 1.155697e+00 7.055554e-01 1.402755e-01 -4.030807e-04 -2.988182e-04 -2.518379e-04 -2.712248e-04
 7731.800000 8.273530e-01 1.157220e+00 7.023130e-01 1.369730e-01 -3.921283e-04 -2.967395e-04 -2.472312e-04 -2.874928e-04
 7732.000000 8.276957e-01 1.157655e+00 6.985666e-01 1.336348e-01 -3.878785e-04 -2.982461e-04 -2.472863e-04 -2.711748e-04
 7732.200000 8.241732e-01 1.152662e+00 6.908867e-01 1.407372e-01 -3.844077e-04 -3.036730e-04 -2.504412e-04 -2.600747e-04
 7732.400000 8.248397e-01 1.153989e+00 6.887334e-01 1.403288e-01 -3.841071e-04 -3.015763e-04 -2.670593e-04 -2.819441e-04
 7732.600000 8.252609e-01 1.154483e+00 6.865040e-01 1.365867e-01 -3.868930e-04 -2.994045e-04 -2.401156e-04 -2.707485e-04
 7732.800000 8.253574e-01 1.155103e+00 6.846730e-01 1.359862e-01 -3.859972e-04 -2.914324e-04 -2.570762e-04 -2.867086e-04
 7733.000000 8.264955e-01 1.156625e+00 6.845098e-01 1.415219e-01 -3.830167e-04 -2.864790e-04 -2.518393e-04 -2.898226e-04
 7733.200000 8.269803e-01 1.158154e+00 6.843100e-01 1.353437e-01 -3.851336e-04 -2.960421e-04 -2.508321e-04 -2.906787e-04
 7733.400000 8.273984e-01 1.158190e+00 6.825833e-01 1.403780e-01 -3.918206e-04 -3.041528e-04 -2.303305e-04 -2.736152e-04
 7733.600000 8.237802e-01 1.153808e+00 6.805005e-01 1.388155e-01 -3.923165e-04 -2.991721e-04 -2.465261e-04 -2.693551e-04
 7733.800000 8.208102e-01 1.149550e+00 6.777700e-01 1.377927e-01 -3.924869e-04 -2.943373e-04 -2.584734e-04 -2.737818e-04
 7734.000000 8.297017e-01 1.162640e+00 6.886752e-01 1.412547e-01 -3.960465e-04 -2.990254e-04 -2.479386e-04 -2.700813e-04
 7734.200000 8.248109e-01 1.155266e+00 6.860694e-01 1.385084e-01 -3.962046e-04 -2.948375e-04 -2.459895e-04 -2.647742e-04
 7734.400000 8.270976e-01 1.158593e+00 6.923194e-01 1.377638e-01 -3.912263e-04 -2.934051e-04 -2.393953e-04 -2.597731e-04
 7734.600000 8.276220e-01 1.160112e+00 6.946647e-01 1.391294e-01 -3.956779e-04 -2.917923e-04 -2.344126e-04 -2.635413e-04
 7734.800000 8.257592e-01 1.157539e+00 6.962588e-01 1.365086e-01 -4.035584e-04 -2.914400e-04 -2.431198e-04 -2.725909e-04
 7735.000000 8.248619e-01 1.156459e+00 6.991514e-01 1.384049e-01 -3.988428e-04 -2.954507e-04 -2.601348e-04 -2.642731e-04
 7735.200000 8.249266e-01 1.155676e+00 7.025580e-01 1.388205e-01 -3.931467e-04 -2.956715e-04 -2.377041e-04 -2.713892e-04
 7735.400000 8.271619e-01 1.159320e+00 7.082354e-01 1.389431e-01 -3.930737e-04 -3.007133e-04 -2.471315e-04 -2.924885e-04
 7735.600000 8.254573e-01 1.157337e+00 7.093274e-01 1.380149e-01 -3.889731e-04 -3.138225e-04 -2.615810e-04 -2.828112e-04
 7735.800000 8.219389e-01 1.152583e+00 7.105845e-01 1.393580e-01 -3.887974e-04 -3.033158e-04 -2.610731e-04 -2.844500e-04
 7736.000000 8.210298e-01 1.151448e+00 7.126162e-01 1.366876e-01 -3.932747e-04 -3.111141e-04 -2.535193e-04 -2.681653e-04
 7736.200000 8.225891e-01 1.153944e+00 7.150691e-01 1.385076e-01 -3.864471e-04 -3.169361e-04 -2.363946e-04 -2.523575e-04
 7736.400000 8.279799e-01 1.161205e+00 7.241051e-01 1.423113e-01 -3.853202e-04 -3.090210e-04 -2.448974e-04 -2.627680e-04
 7736.600000 8.213997e-01 1.153189e+00 7.196743e-01 1.344186e-01 -3.867808e-04 -3.038423e-04 -2.457630e-04 -2.670721e-04
 7736.800000 8.296807e-01 1.164907e+00 7.297573e-01 1.365040e-01 -3.918591e-04 -3.029686e-04 -2.524604e-04 -3.124996e-04
 7737.000000 8.268197e-01 1.160584e+00 7.290827e-01 1.368528e-01 -3.823189e-04 -3.002608e-04 -2.575615e-04 -3.289185e-04
 7737.200000 8.163733e-01 1.146332e+00 7.225048e-01 1.354728e-01 -3.772480e-04 -2.942450e-04 -2.468610e-04 -3.151495e-04
 7737.400000 8.269387e-01 1.161553e+00 7.326543e-01 1.382936e-01 -3.922526e-04 -3.068896e-04 -2.463379e-04 -3.232982e-04
 7737.600000 8.219384e-01 1.155256e+00 7.304028e-01 1.369362e-01 -3.794622e-04 -2.964377e-04 -2.409143e-04 -3.080139e-04
 7737.800000 8.298094e-01 1.166007e+00 7.403637e-01 1.389216e-01 -3.824685e-04 -3.037233e-04 -2.593179e-04 -3.244325e-04
 7738.000000 8.249275e-01 1.159213e+00 7.352470e-01 1.343317e-01 -3.781598e-04 -3.065861e-04 -2.554584e-04 -3.197623e-04
 7738.200000 8.240707e-01 1.158588e+00 7.368197e-01 1.409019e-01 -3.822932e-04 -3.014359e-04 -2.377859e-04 -3.105388e-04
 7738.400000 8.259792e-01 1.160646e+00 7.401688e-01 1.392855e-01 -3.790622e-04 -2.900765e-04 -2.469204e-04 -3.188653e-04
 7738.600000 8.237122e-01 1.158844e+00 7.390597e-01 1.322862e-01 -3.766598e-04 -3.000623e-04 -2.393350e-04 -3.206593e-04
 7738.800000 8.270420e-01 1.163266e+00 7.425402e-01 1.360563e-01 -3.790108e-04 -2.983769e-04 -2.393361e-04 -3.286610e-04
 7739.000000 8.246444e-01 1.159314e+00 7.422108e-01 1.367710e-01 -3.781234e-04 -2.836524e-04 -2.429894e-04 -3.224120e-04
 7739.200000 8.245559e-01 1.159994e+00 7.442282e-01 1.382066e-01 -3.815360e-04 -2.799142e-04 -2.475892e-04 -3.199515e-04
 7739.400000 8.259765e-01 1.162750e+00 7.486823e-01 1.359803e-01 -3.827867e-04 -2.763799e-04 -2.427186e-04 -3.191082e-04
 7739.600000 8.175309e-01 1.150542e+00 7.419488e-01 1.335729e-01 -3.763251e-04 -2.818217e-04 -2.572213e-04 -3.294483e-04
 7739.800000 8.215442e-01 1.156693e+00 7.480883e-01 1.342494e-01 -3.736608e-04 -2.874897e-04 -2.459549e-04 -3.171427e-04
 7740.000000 8.247954e-01 1.161230e+00 7.529893e-01 1.409536e-01 -3.832298e-04 -2.896686e-04 -2.363347e-04 -3.188630e-04
 7740.200000 8.244571e-01 1.160818e+00 7.560154e-01 1.343023e-01 -3.892393e-04 -2.968532e-04 -2.398856e-04 -3.150663e-04
 7740.400000 8.124069e-01 1.143857e+00 7.458837e-01 1.349765e-01 -3.770915e-04 -2.847249e-04 -2.321281e-04 -3.133477e-04
 7740.600000 8.303619e-01 1.169718e+00 7.642510e-01 1.335820e-01 -3.803539e-04 -2.838373e-04 -2.486795e-04 -3.294732e-04
 7740.800000 8.150594e-01 1.148449e+00 7.514029e-01 1.332881e-01 -3.826598e-04 -2.823838e-04 -2.478851e-04 -3.150321e-04
 7741.000000 8.279450e-01 1.166958e+00 7.664683e-01 1.336888e-01 -3.890872e-04 -2.882255e-04 -2.527567e-04 -3.141176e-04
 7741.200000 8.219420e-01 1.157905e+00 7.615735e-01 1.362705e-01 -3.843388e-04 -2.866020e-04 -2.391792e-04 -2.953886e-04
 7741.400000 8.203132e-01 1.156183e+00 7.618135e-01 1.359740e-01 -3.942765e-04 -2.873869e-04 -2.263463e-04 -2.921296e-04
 7741.600000 8.097342e-01 1.141606e+00 7.530931e-01 1.303938e-01 -3.877004e-04 -2.906236e-04 -2.520291e-04 -3.033055e-04
 7741.800000 8.114981e-01 1.144347e+00 7.575538e-01 1.338692e-01 -3.903634e-04 -2.905209e-04 -2.428569e-04 -3.045897e-04
 7742.000000 8.026265e-01 1.132178e+00 7.509608e-01 1.325529e-01 -3.932437e-04 -2.941974e-04 -2.383679e-04 -3.054389e-04
 7742.700000 7.972187e-01 1.125316e+00 7.492497e-01 1.292405e-01 -3.963439e-04 -2.979810e-04 -2.369963e-04 -3.172541e-04
 7743.400000 8.169626e-01 1.153503e+00 7.692676e-01 1.322924e-01 -3.924575e-04 -2.953478e-04 -2.356207e-04 -3.056293e-04
 7744.100000 8.267660e-01 1.168209e+00 7.800838e-01 1.350974e-01 -3.955878e-04 -2.826954e-04 -2.292372e-04 -3.014532e-04
 7744.800000 8.252312e-01 1.166696e+00 7.799284e-01 1.327085e-01 -3.894957e-04 -2.876168e-04 -2.354247e-04 -3.046793e-04
 7745.500000 8.263954e-01 1.169017e+00 7.823071e-01 1.346056e-01 -3.933378e-04 -2.999581e-04 -2.294471e-04 -3.114017e-04
 7746.200000 8.249240e-01 1.167590e+00 7.792309e-01 1.337268e-01 -3.896201e-04 -2.970493e-04 -2.284269e-04 -3.120616e-04
 7746.900000 8.255055e-01 1.168744e+00 7.770497e-01 1.337640e-01 -3.787037e-04 -2.931612e-04 -2.276214e-04 -3.143810e-04
 7747.600000 8.248818e-01 1.168236e+00 7.713245e-01 1.331315e-01 -3.769198e-04 -2.998798e-04 -2.332237e-04 -3.096394e-04
 7748.300000 8.243597e-01 1.168379e+00 7.645371e-01 1.328977e-01 -3.784161e-04 -2.961388e-04 -2.332660e-04 -2.962499e-04
 7749.993695 8.239696e-01 1.169386e+00 7.424921e-01 1.335775e-01 -3.857408e-04 -3.017063e-04 -2.168727e-04 -2.715889e-04
 7750.999583 8.232848e-01 1.168942e+00 7.260109e-01 1.332229e-01 -3.819224e-04 -2.996335e-04 -2.211876e-04 -2.690453e-04
 7752.017662 8.236688e-01 1.170341e+00 7.098320e-01 1.334621e-01 -3.796505e-04 -2.906400e-04 -2.301768e-04 -2.628715e-04
 7753.047933 8.219548e-01 1.168729e+00 6.912103e-01 1.326615e-01 -3.833221e-04 -2.966592e-04 -2.271542e-04 -2.653356e-04
 7754.090396 8.233201e-01 1.171798e+00 6.767547e-01 1.336803e-01 -3.853683e-04 -2.998082e-04 -2.320547e-04 -2.751997e-04
 7755.145051 8.213534e-01 1.169817e+00 6.600138e-01 1.316730e-01 -3.747290e-04 -2.982849e-04 -2.300856e-04 -2.734743e-04
 7756.211898 8.239221e-01 1.174628e+00 6.521901e-01 1.328005e-01 -3.776671e-04 -2.965841e-04 -2.314095e-04 -2.858525e-04
 7757.290937 8.205616e-01 1.170089e+00 6.432257e-01 1.315521e-01 -3.880003e-04 -2.966019e-04 -2.198140e-04 -2.783078e-04
 7758.382167 8.207762e-01 1.170963e+00 6.428802e-01 1.325548e-01 -3.905108e-04 -2.971498e-04 -2.301776e-04 -2.748193e-04
 7759.485590 8.207681e-01 1.172378e+00 6.487249e-01 1.324423e-01 -3.874553e-04 -2.977613e-04 -2.313788e-04 -2.742257e-04
 7760.601204 8.214112e-01 1.174443e+00 6.607176e-01 1.330953e-01 -3.913560e-04 -2.944001e-04 -2.371112e-04 -2.721716e-04
 7761.729011 8.219004e-01 1.176538e+00 6.779666e-01 1.327372e-01 -3.958759e-04 -2.920405e-04 -2.354796e-04 -2.674770e-04
 7762.869009 8.202934e-01 1.174884e+00 6.953305e-01 1.337148e-01 -3.920991e-04 -2.800036e-04 -2.333097e-04 -2.725863e-04
 7764.021199 8.213071e-01 1.176567e+00 7.170444e-01 1.334224e-01 -3.930419e-04 -2.806310e-04 -2.346328e-04 -2.762134e-04
 7765.185582 8.195540e-01 1.175240e+00 7.362266e-01 1.351814e-01 -3.898260e-04 -2.888016e-04 -2.310660e-04 -2.766275e-04
 7766.362156 8.212387e-01 1.178691e+00 7.586550e-01 1.351018e-01 -3.894867e-04 -2.888825e-04 -2.369707e-04 -2.919508e-04
 7767.550922 8.191497e-01 1.176007e+00 7.751713e-01 1.343490e-01 -3.976867e-04 -2.925821e-04 -2.369035e-04 -2.763537e-04
 7768.751879 8.204619e-01 1.178917e+00 7.937810e-01 1.351464e-01 -3.965814e-04 -2.940495e-04 -2.277535e-04 -2.733682e-04
 7769.965029 8.209740e-01 1.181139e+00 8.067235e-01 1.363357e-01 -3.956933e-04 -2.881385e-04 -2.201989e-04 -2.751106e-04
 7771.190371 8.191306e-01 1.178953e+00 8.136298e-01 1.359351e-01 -3.940737e-04 -2.837224e-04 -2.319959e-04 -2.665552e-04
 7772.427904 8.189939e-01 1.179736e+00 8.179111e-01 1.362564e-01 -3.942064e-04 -2.882179e-04 -2.375637e-04 -2.620164e-04
 7773.677630 8.189525e-01 1.181417e+00 8.222882e-01 1.352188e-01 -4.063423e-04 -2.906493e-04 -2.324409e-04 -2.641105e-04
 7774.939547 8.193187e-01 1.183181e+00 8.280921e-01 1.355946e-01 -4.068273e-04 -2.899375e-04 -2.208877e-04 -2.732675e-04
 7776.213657 8.176407e-01 1.180870e+00 8.310661e-01 1.349029e-01 -3.942082e-04 -2.842420e-04 -2.211416e-04 -2.821187e-04
 7777.499958 8.171882e-01 1.181398e+00 8.359623e-01 1.355843e-01 -3.927436e-04 -2.806810e-04 -2.220813e-04 -2.773419e-04
 7778.798451 8.180352e-01 1.184305e+00 8.409490e-01 1.366936e-01 -3.960221e-04 -2.697837e-04 -2.278164e-04 -2.782549e-04
 7780.109136 8.185321e-01 1.185582e+00 8.425886e-01 1.345543e-01 -4.055788e-04 -2.669270e-04 -2.340713e-04 -2.677556e-04
 7781.432013 8.160310e-01 1.182575e+00 8.365823e-01 1.366344e-01 -4.092487e-04 -2.731841e-04 -2.247180e-04 -2.606425e-04
 7782.767082 8.175236e-01 1.186152e+00 8.326519e-01 1.361916e-01 -4.060197e-04 -2.786549e-04 -2.227905e-04 -2.650991e-04
 7784.114342 8.167808e-01 1.186459e+00 8.266808e-01 1.356414e-01 -4.097510e-04 -2.802565e-04 -2.282811e-04 -2.679352e-04
 7785.473795 8.171010e-01 1.187599e+00 8.209650e-01 1.362998e-01 -4.065012e-04 -2.820917e-04 -2.394396e-04 -2.604139e-04
 7786.845440 8.153896e-01 1.186212e+00 8.129027e-01 1.363520e-01 -3.941312e-04 -2.646527e-04 -2.373911e-04 -2.576138e-04
 7788.229276 8.168316e-01 1.189642e+00 8.074061e-01 1.371394e-01 -3.824066e-04 -2.675799e-04 -2.418607e-04 -2.533688e-04
 7789.625305 8.152227e-01 1.188471e+00 7.966475e-01 1.361669e-01 -3.860540e-04 -2.735230e-04 -2.387932e-04 -2.611431e-04
 7791.033525 8.158762e-01 1.190028e+00 7.884651e-01 1.371326e-01 -3.951120e-04 -2.765263e-04 -2.295659e-04 -2.529581e-04
 7792.453937 8.146576e-01 1.189633e+00 7.782342e-01 1.362339e-01 -3.962936e-04 -2.726671e-04 -2.371980e-04 -2.554526e-04
 7793.886541 8.156416e-01 1.192658e+00 7.714589e-01 1.366967e-01 -3.900719e-04 -2.748371e-04 -2.319349e-04 -2.491981e-04
 7795.331337 8.141187e-01 1.191429e+00 7.618441e-01 1.372475e-01 -3.896029e-04 -2.757096e-04 -2.408588e-04 -2.509794e-04
 7796.788325 8.146706e-01 1.193069e+00 7.517325e-01 1.371065e-01 -3.991358e-04 -2.825304e-04 -2.575467e-04 -2.535041e-04
 7798.257505 8.144945e-01 1.194397e+00 7.400960e-01 1.367298e-01 -3.948683e-04 -2.832263e-04 -2.578567e-04 -2.670670e-04
 7799.738877 8.153756e-01 1.196838e+00 7.262020e-01 1.369021e-01 -3.912438e-04 -2.826819e-04 -2.488100e-04 -2.621981e-04
 7801.232440 8.127852e-01 1.193541e+00 7.078382e-01 1.359412e-01 -3.900120e-04 -2.720246e-04 -2.345247e-04 -2.545688e-04
 7802.738196 8.126850e-01 1.194855e+00 6.944722e-01 1.368668e-01 -3.931561e-04 -2.768857e-04 -2.336947e-04 -2.588159e-04
 7804.256143 8.139414e-01 1.198453e+00 6.850455e-01 1.365566e-01 -3.880086e-04 -2.783480e-04 -2.417248e-04 -2.644019e-04
 7805.786283 8.122366e-01 1.197253e+00 6.779457e-01 1.385025e-01 -3.875823e-04 -2.797460e-04 -2.406432e-04 -2.599007e-04
 7807.328614 8.134739e-01 1.200689e+00 6.787238e-01 1.367502e-01 -3.857804e-04 -2.869130e-04 -2.405029e-04 -2.625361e-04
 7808.883137 8.135774e-01 1.202318e+00 6.844250e-01 1.370258e-01 -3.883092e-04 -2.889283e-04 -2.509646e-04 -2.619994e-04
 7810.449852 8.118774e-01 1.200425e+00 6.917260e-01 1.377321e-01 -3.851087e-04 -2.845159e-04 -2.561964e-04 -2.593145e-04
 7812.028759 8.123128e-01 1.202379e+00 7.040699e-01 1.366621e-01 -3.920806e-04 -2.788521e-04 -2.530143e-04 -2.522951e-04
 7813.619858 8.131786e-01 1.205463e+00 7.195745e-01 1.379369e-01 -3.953801e-04 -2.824152e-04 -2.391108e-04 -2.559064e-04
 7815.223149 8.118074e-01 1.204686e+00 7.328408e-01 1.367035e-01 -4.024984e-04 -2.779413e-04 -2.485711e-04 -2.654164e-04
 7816.838632 8.126953e-01 1.207596e+00 7.521609e-01 1.379416e-01 -3.845906e-04 -2.783172e-04 -2.457074e-04 -2.636201e-04
 7818.466307 8.103243e-01 1.205088e+00 7.667940e-01 1.369877e-01 -3.870839e-04 -2.812954e-04 -2.470934e-04 -2.680016e-04
 7820.106173 8.107041e-01 1.206756e+00 7.825105e-01 1.376665e-01 -3.930632e-04 -2.881089e-04 -2.455447e-04 -2.672523e-04
 7821.758232 8.098170e-01 1.206731e+00 7.991174e-01 1.366052e-01 -3.885449e-04 -2.955332e-04 -2.486507e-04 -2.667674e-04
 7823.422482 8.116691e-01 1.211296e+00 8.185786e-01 1.372375e-01 -3.970786e-04 -2.905392e-04 -2.516025e-04 -2.719237e-04
 7825.098924 8.095949e-01 1.209742e+00 8.363066e-01 1.377933e-01 -3.942548e-04 -2.909263e-04 -2.447751e-04 -2.621689e-04
 7826.787558 8.104278e-01 1.211961e+00 8.590388e-01 1.365645e-01 -3.921291e-04 -2.892829e-04 -2.551994e-04 -2.606201e-04
 7828.488385 8.040964e-01 1.203808e+00 8.730508e-01 1.375537e-01 -3.893651e-04 -2.885517e-04 -2.591947e-04 -2.706779e-04
 7830.201403 8.048771e-01 1.207061e+00 8.943475e-01 1.362251e-01 -3.966959e-04 -2.907274e-04 -2.529553e-04 -2.718892e-04
 7831.926613 8.086587e-01 1.214139e+00 9.111747e-01 1.373091e-01 -3.942994e-04 -2.879112e-04 -2.514127e-04 -2.692277e-04
 7833.664014 8.066419e-01 1.211951e+00 9.152610e-01 1.368682e-01 -3.877737e-04 -2.864226e-04 -2.485023e-04 -2.753383e-04
 7835.413608 8.066310e-01 1.212996e+00 9.162055e-01 1.369652e-01 -3.900770e-04 -2.768121e-04 -2.382738e-04 -2.755689e-04
 7837.175394 8.067548e-01 1.214944e+00 9.134699e-01 1.383357e-01 -3.930760e-04 -2.845403e-04 -2.361470e-04 -2.672061e-04
 7838.949371 8.076309e-01 1.217967e+00 9.079709e-01 1.362863e-01 -3.942079e-04 -2.882004e-04 -2.452699e-04 -2.631528e-04
 7840.735541 8.061287e-01 1.217086e+00 8.970176e-01 1.386435e-01 -3.990544e-04 -2.833491e-04 -2.386146e-04 -2.610462e-04
 7842.533902 8.065417e-01 1.219206e+00 8.879522e-01 1.369939e-01 -4.016008e-04 -2.842949e-04 -2.465116e-04 -2.645462e-04
 7844.344455 8.060653e-01 1.219883e+00 8.776365e-01 1.378042e-01 -3.925467e-04 -2.778435e-04 -2.417120e-04 -2.569501e-04
 7846.167201 8.061706e-01 1.221962e+00 8.698737e-01 1.374785e-01 -3.886473e-04 -2.740509e-04 -2.504730e-04 -2.656551e-04
 7848.002138 8.050775e-01 1.221917e+00 8.634077e-01 1.368230e-01 -3.924681e-04 -2.780967e-04 -2.548842e-04 -2.661391e-04
 7849.849267 8.052403e-01 1.223723e+00 8.619777e-01 1.366281e-01 -3.972820e-04 -2.760710e-04 -2.515638e-04 -2.617673e-04
 7851.708588 8.047808e-01 1.224669e+00 8.635857e-01 1.393368e-01 -3.991391e-04 -2.793855e-04 -2.477017e-04 -2.640099e-04
 7853.580100 8.015418e-01 1.220918e+00 8.639351e-01 1.371201e-01 -3.973259e-04 -2.776384e-04 -2.387746e-04 -2.645373e-04
 7855.463805 7.982681e-01 1.217705e+00 8.625080e-01 1.378337e-01 -3.951013e-04 -2.811313e-04 -2.362685e-04 -2.519026e-04
 7857.359702 8.031366e-01 1.226701e+00 8.642523e-01 1.379692e-01 -3.948273e-04 -2.905724e-04 -2.491454e-04 -2.594416e-04
 7859.267790 8.037471e-01 1.229130e+00 8.540758e-01 1.381195e-01 -3.887574e-04 -2.954133e-04 -2.490553e-04 -2.616801e-04
 7861.188071 8.027745e-01 1.229129e+00 8.334968e-01 1.386847e-01 -3.840176e-04 -2.970068e-04 -2.539890e-04 -2.637169e-04
 7863.120543 8.023405e-01 1.229987e+00 8.119581e-01 1.371764e-01 -3.792962e-04 -2.947189e-04 -2.542959e-04 -2.580370e-04
 7865.065207 8.026137e-01 1.231944e+00 7.910681e-01 1.388347e-01 -3.823107e-04 -2.881532e-04 -2.458296e-04 -2.505604e-04
 7867.022064 8.019880e-01 1.232246e+00 7.724855e-01 1.390571e-01 -3.833923e-04 -2.849318e-04 -2.345409e-04 -2.571847e-04
 7868.991112 8.018811e-01 1.233926e+00 7.600978e-01 1.384596e-01 -3.829410e-04 -2.821787e-04 -2.434175e-04 -2.638654e-04
 7870.972352 8.019743e-01 1.235636e+00 7.523993e-01 1.397108e-01 -3.842285e-04 -2.795099e-04 -2.490856e-04 -2.643971e-04
 7872.965784 8.013872e-01 1.236368e+00 7.457147e-01 1.388184e-01 -3.774888e-04 -2.824554e-04 -2.402924e-04 -2.637353e-04
 7874.971407 8.017207e-01 1.238589e+00 7.439962e-01 1.391868e-01 -3.835752e-04 -2.810503e-04 -2.383202e-04 -2.615164e-04
 7876.989223 7.992286e-01 1.236113e+00 7.445187e-01 1.392793e-01 -3.807022e-04 -2.811667e-04 -2.421705e-04 -2.657414e-04
 7879.019231 7.998367e-01 1.238753e+00 7.525749e-01 1.399353e-01 -3.759679e-04 -2.802160e-04 -2.359353e-04 -2.645679e-04
 7881.061430 7.997347e-01 1.241026e+00 7.683604e-01 1.387105e-01 -3.900713e-04 -2.799889e-04 -2.289710e-04 -2.579684e-04
 7883.115822 8.005582e-01 1.244389e+00 7.901959e-01 1.399593e-01 -3.947971e-04 -2.769441e-04 -2.341132e-04 -2.701912e-04
 7885.182405 7.966337e-01 1.238236e+00 8.106594e-01 1.383537e-01 -3.935885e-04 -2.846925e-04 -2.402107e-04 -2.701197e-04
 7887.261180 7.977524e-01 1.242021e+00 8.445154e-01 1.398297e-01 -3.899379e-04 -2.873712e-04 -2.447847e-04 -2.705933e-04
 7889.352148 7.989796e-01 1.246605e+00 8.836134e-01 1.400321e-01 -3.801419e-04 -2.814967e-04 -2.375788e-04 -2.723903e-04
 7891.455307 7.989436e-01 1.248431e+00 9.231954e-01 1.398715e-01 -3.728787e-04 -2.867892e-04 -2.336655e-04 -2.655579e-04
 7893.570658 7.890443e-01 1.233871e+00 9.473237e-01 1.383262e-01 -3.756281e-04 -2.899214e-04 -2.252545e-04 -2.625090e-04
 7895.698201 7.960646e-01 1.246824e+00 9.844828e-01 1.402453e-01 -3.872426e-04 -2.928765e-04 -2.308135e-04 -2.657328e-04
 7897.837935 7.966033e-01 1.249415e+00 1.003105e+00 1.391734e-01 -3.757552e-04 -2.894698e-04 -2.312810e-04 -2.737926e-04
 7899.989862 7.970333e-01 1.251733e+00 1.008791e+00 1.394737e-01 -3.762884e-04 -2.878221e-04 -2.293736e-04 -2.745286e-04
 7902.153981 7.958938e-01 1.252374e+00 1.001360e+00 1.393290e-01 -3.860817e-04 -2.899692e-04 -2.346437e-04 -2.740933e-04
 7904.330291 7.946243e-01 1.251841e+00 9.870751e-01 1.403497e-01 -3.853956e-04 -2.891745e-04 -2.366211e-04 -2.864193e-04
 7906.518794 7.948650e-01 1.253881e+00 9.719567e-01 1.398278e-01 -3.920530e-04 -2.840375e-04 -2.378634e-04 -2.851158e-04
 7908.719488 7.957181e-01 1.257820e+00 9.593190e-01 1.388157e-01 -3.914798e-04 -2.877785e-04 -2.447660e-04 -2.802357e-04
 7910.932374 7.944129e-01 1.257306e+00 9.453181e-01 1.405913e-01 -3.845921e-04 -2.942520e-04 -2.451269e-04 -2.756365e-04
 7913.157453 7.946959e-01 1.259229e+00 9.358151e-01 1.407985e-01 -3.888109e-04 -2.945423e-04 -2.434039e-04 -2.753598e-04
 7915.394723 7.933064e-01 1.258775e+00 9.271893e-01 1.405939e-01 -3.926339e-04 -2.945782e-04 -2.376682e-04 -2.751770e-04
 7917.644185 7.936551e-01 1.261117e+00 9.259267e-01 1.398929e-01 -3.998113e-04 -2.982413e-04 -2.442537e-04 -2.670055e-04
 7919.905838 7.928676e-01 1.262180e+00 9.251445e-01 1.392659e-01 -3.896706e-04 -2.998024e-04 -2.398441e-04 -2.707933e-04
 7922.179684 7.935871e-01 1.265344e+00 9.292478e-01 1.407177e-01 -3.966935e-04 -2.946406e-04 -2.465986e-04 -2.725231e-04
 7924.465722 7.910464e-01 1.262818e+00 9.306825e-01 1.402169e-01 -3.884057e-04 -2.966142e-04 -2.462878e-04 -2.674443e-04
 7926.763952 7.925172e-01 1.266915e+00 9.377439e-01 1.398254e-01 -3.924550e-04 -2.851897e-04 -2.461359e-04 -2.738018e-04
 7929.074373 7.914007e-01 1.267138e+00 9.420509e-01 1.403317e-01 -3.922899e-04 -2.832760e-04 -2.374576e-04 -2.764278e-04
 7931.396987 7.915192e-01 1.269686e+00 9.520220e-01 1.408118e-01 -3.871253e-04 -2.855259e-04 -2.354459e-04 -2.833182e-04
 7933.731792 7.890560e-01 1.267459e+00 9.569934e-01 1.403486e-01 -3.867410e-04 -2.839840e-04 -2.329274e-04 -2.814081e-04
 7936.078789 7.882460e-01 1.268080e+00 9.622693e-01 1.409080e-01 -3.869540e-04 -2.800751e-04 -2.281033e-04 -2.782175e-04
 7938.437978 7.765914e-01 1.251213e+00 9.482725e-01 1.383464e-01 -3.860644e-04 -2.822243e-04 -2.258133e-04 -2.803096e-04
 7940.809359 7.902000e-01 1.275022e+00 9.574003e-01 1.406323e-01 -3.844503e-04 -2.824728e-04 -2.232339e-04 -2.715328e-04
 7943.192932 7.901677e-01 1.276819e+00 9.459264e-01 1.401676e-01 -3.842699e-04 -2.847078e-04 -2.259443e-04 -2.716286e-04
 7945.588697 7.906396e-01 1.279502e+00 9.333385e-01 1.406527e-01 -3.794834e-04 -2.832285e-04 -2.325949e-04 -3.010821e-04
 7947.996654 7.893366e-01 1.279468e+00 9.196489e-01 1.409371e-01 -3.732595e-04 -2.810927e-04 -2.333315e-04 -3.179412e-04
 7950.416803 7.895542e-01 1.281954e+00 9.113548e-01 1.411938e-01 -3.814503e-04 -2.844863e-04 -2.352694e-04 -3.119760e-04
 7952.849143 7.878308e-01 1.280632e+00 9.016840e-01 1.410103e-01 -3.898147e-04 -2.732824e-04 -2.442964e-04 -3.113816e-04
 7955.293676 7.884739e-01 1.284259e+00 8.993516e-01 1.413805e-01 -3.898850e-04 -2.757860e-04 -2.428709e-04 -3.137077e-04
 7957.750400 7.881825e-01 1.285410e+00 9.000080e-01 1.417980e-01 -3.927067e-04 -2.700726e-04 -2.473134e-04 -3.051932e-04
 7960.219317 7.867978e-01 1.285228e+00 9.037575e-01 1.419249e-01 -3.858241e-04 -2.779793e-04 -2.604626e-04 -3.011615e-04
 7962.700425 7.880821e-01 1.289596e+00 9.176165e-01 1.421546e-01 -3.763646e-04 -2.899203e-04 -2.699515e-04 -2.960569e-04
 7965.193725 7.865883e-01 1.289286e+00 9.328131e-01 1.411171e-01 -3.839869e-04 -2.840526e-04 -2.643095e-04 -3.160322e-04
 7967.699217 7.866805e-01 1.291283e+00 9.534898e-01 1.413304e-01 -3.933104e-04 -2.857987e-04 -2.602363e-04 -3.206054e-04
 7970.216901 7.851976e-01 1.290817e+00 9.749298e-01 1.421492e-01 -3.961808e-04 -2.753925e-04 -2.553840e-04 -3.230439e-04
 7972.746777 7.860855e-01 1.294668e+00 9.984537e-01 1.430659e-01 -3.969008e-04 -2.828664e-04 -2.390271e-04 -3.211302e-04
 7975.288845 7.848328e-01 1.294791e+00 1.017832e+00 1.411964e-01 -3.860476e-04 -2.831066e-04 -2.406707e-04 -3.246587e-04
 7977.843105 7.855015e-01 1.297826e+00 1.033796e+00 1.419441e-01 -3.803665e-04 -2.869826e-04 -2.334433e-04 -3.308466e-04
 7980.409556 7.838234e-01 1.297070e+00 1.041377e+00 1.420534e-01 -3.746813e-04 -2.809022e-04 -2.283964e-04 -3.185225e-04
 7982.988200 7.811785e-01 1.294878e+00 1.046836e+00 1.408130e-01 -3.802215e-04 -2.697391e-04 -2.396131e-04 -2.851145e-04
 7985.579035 7.794692e-01 1.294021e+00 1.051218e+00 1.414073e-01 -3.938291e-04 -2.755719e-04 -2.426051e-04 -2.709460e-04
 7988.182062 7.819528e-01 1.300235e+00 1.059630e+00 1.431049e-01 -3.922543e-04 -2.712315e-04 -2.407547e-04 -2.752367e-04
 7990.797282 7.819023e-01 1.302619e+00 1.066310e+00 1.420368e-01 -3.842593e-04 -2.763538e-04 -2.298984e-04 -2.714922e-04
 7993.424693 7.815524e-01 1.304141e+00 1.072050e+00 1.417335e-01 -3.792467e-04 -2.754078e-04 -2.332882e-04 -2.755804e-04
 7996.064296 7.798850e-01 1.303025e+00 1.074564e+00 1.422318e-01 -3.822600e-04 -2.795767e-04 -2.332520e-04 -2.797057e-04
 7998.716091 7.804605e-01 1.306247e+00 1.079709e+00 1.422411e-01 -3.757567e-04 -2.669412e-04 -2.392335e-04 -2.854028e-04
 8001.380078 7.802714e-01 1.308467e+00 1.084055e+00 1.435181e-01 -3.821916e-04 -2.662168e-04 -2.331053e-04 -2.791692e-04
 8004.056256 7.794361e-01 1.309104e+00 1.083824e+00 1.432261e-01 -3.853659e-04 -2.756327e-04 -2.372699e-04 -2.695132e-04
 8006.744627 7.799592e-01 1.312345e+00 1.084730e+00 1.426991e-01 -3.791161e-04 -2.697268e-04 -2.517523e-04 -2.665377e-04
 8009.445190 7.779732e-01 1.311315e+00 1.080664e+00 1.431702e-01 -3.864339e-04 -2.694575e-04 -2.402297e-04 -2.655110e-04
 8012.157944 7.788060e-01 1.315191e+00 1.079886e+00 1.427088e-01 -3.983152e-04 -2.690471e-04 -2.330179e-04 -2.749072e-04
 8014.882891 7.780030e-01 1.315998e+00 1.076461e+00 1.434436e-01 -4.017378e-04 -2.713225e-04 -2.314950e-04 -2.836164e-04
 8017.620029 7.778661e-01 1.317577e+00 1.074543e+00 1.430607e-01 -3.990361e-04 -2.719122e-04 -2.371452e-04 -2.830693e-04
 8020.369359 7.767581e-01 1.318010e+00 1.072558e+00 1.431543e-01 -3.971627e-04 -2.707184e-04 -2.389915e-04 -2.836025e-04
 8023.130881 7.767055e-01 1.320456e+00 1.073456e+00 1.432990e-01 -3.946255e-04 -2.712665e-04 -2.251923e-04 -2.690644e-04
 8025.904595 7.769964e-01 1.323668e+00 1.076084e+00 1.443113e-01 -3.964395e-04 -2.712342e-04 -2.339902e-04 -2.761167e-04
 8028.690501 7.748985e-01 1.322043e+00 1.073512e+00 1.434921e-01 -3.939616e-04 -2.716859e-04 -2.370226e-04 -2.846818e-04
 8031.488599 7.759728e-01 1.326607e+00 1.073916e+00 1.436666e-01 -3.910833e-04 -2.716970e-04 -2.385777e-04 -2.776385e-04
 8034.298889 7.740023e-01 1.324876e+00 1.068904e+00 1.441235e-01 -3.868938e-04 -2.651200e-04 -2.404864e-04 -2.935693e-04
 8037.121371 7.748821e-01 1.328881e+00 1.068473e+00 1.444137e-01 -3.925756e-04 -2.606232e-04 -2.360612e-04 -3.184191e-04
 8039.956044 7.737793e-01 1.329346e+00 1.065003e+00 1.442967e-01 -4.010109e-04 -2.621957e-04 -2.362336e-04 -3.191564e-04
 8042.802910 7.726376e-01 1.329201e+00 1.064059e+00 1.435973e-01 -4.023219e-04 -2.667308e-04 -2.387606e-04 -3.219151e-04
 8045.661967 7.723550e-01 1.331394e+00 1.068541e+00 1.437128e-01 -4.005721e-04 -2.724715e-04 -2.347093e-04 -3.164437e-04
 8048.533217 7.710468e-01 1.331701e+00 1.072231e+00 1.437889e-01 -3.948628e-04 -2.712903e-04 -2.317109e-04 -3.034553e-04
 8051.416658 7.694470e-01 1.331012e+00 1.078792e+00 1.440418e-01 -3.942351e-04 -2.766971e-04 -2.398401e-04 -2.756869e-04
 8054.312291 7.494275e-01 1.298989e+00 1.062905e+00 1.409667e-01 -3.879605e-04 -2.701013e-04 -2.350745e-04 -2.877031e-04
 8057.220116 7.640146e-01 1.326298e+00 1.095630e+00 1.425799e-01 -3.888949e-04 -2.653109e-04 -2.409550e-04 -2.936547e-04
 8060.140133 7.725313e-01 1.343656e+00 1.120339e+00 1.446383e-01 -3.855435e-04 -2.649881e-04 -2.305977e-04 -2.844144e-04
 8063.072342 7.705768e-01 1.342671e+00 1.130243e+00 1.440294e-01 -3.788498e-04 -2.696770e-04 -2.303716e-04 -2.779027e-04
 8066.016743 7.713651e-01 1.347005e+00 1.141425e+00 1.450238e-01 -3.719730e-04 -2.622963e-04 -2.405406e-04 -2.809725e-04
 8068.973335 7.692366e-01 1.345156e+00 1.144614e+00 1.447501e-01 -3.709084e-04 -2.645698e-04 -2.415971e-04 -2.785089e-04
 8071.942120 7.691811e-01 1.347418e+00 1.149437e+00 1.445997e-01 -3.725675e-04 -2.644160e-04 -2.356533e-04 -2.715378e-04
 8074.923096 7.688119e-01 1.349537e+00 1.152681e+00 1.450079e-01 -3.714436e-04 -2.711803e-04 -2.370755e-04 -2.707523e-04
 8077.916265 7.676512e-01 1.350051e+00 1.157997e+00 1.447808e-01 -3.829619e-04 -2.627677e-04 -2.339966e-04 -2.671200e-04
 8080.921625 7.663810e-01 1.350167e+00 1.166373e+00 1.445772e-01 -3.830923e-04 -2.655317e-04 -2.269370e-04 -2.639942e-04
 8083.939177 7.651868e-01 1.350627e+00 1.177050e+00 1.443423e-01 -3.783191e-04 -2.641259e-04 -2.287656e-04 -2.511706e-04
 8086.968921 7.645260e-01 1.351692e+00 1.189859e+00 1.446428e-01 -3.753000e-04 -2.629937e-04 -2.302126e-04 -2.601486e-04
 8090.010858 7.546202e-01 1.336814e+00 1.184147e+00 1.431757e-01 -3.700190e-04 -2.628327e-04 -2.308681e-04 -2.693530e-04
 8093.064985 7.464778e-01 1.324886e+00 1.178328e+00 1.423727e-01 -3.663431e-04 -2.636780e-04 -2.195497e-04 -2.722948e-04
 8096.131305 7.654707e-01 1.361094e+00 1.214618e+00 1.461111e-01 -3.721408e-04 -2.559081e-04 -2.175033e-04 -2.699902e-04
 8099.209817 7.647352e-01 1.361991e+00 1.219338e+00 1.446256e-01 -3.750590e-04 -2.627365e-04 -2.254585e-04 -2.736656e-04
 8102.300521 7.645078e-01 1.364097e+00 1.222982e+00 1.459194e-01 -3.789282e-04 -2.710530e-04 -2.265371e-04 -2.711883e-04
 8105.403416 7.630719e-01 1.364203e+00 1.226519e+00 1.457386e-01 -3.728250e-04 -2.638199e-04 -2.290827e-04 -2.764853e-04
 8108.518504 7.630813e-01 1.366877e+00 1.231081e+00 1.464005e-01 -3.800737e-04 -2.618833e-04 -2.311346e-04 -2.685229e-04
 8111.645783 7.618586e-01 1.366850e+00 1.231988e+00 1.457507e-01 -3.844074e-04 -2.646691e-04 -2.311643e-04 -2.632490e-04
 8114.785255 7.613235e-01 1.368626e+00 1.233342e+00 1.458715e-01 -3.879790e-04 -2.710898e-04 -2.296818e-04 -2.772139e-04
 8117.936918 7.611633e-01 1.370981e+00 1.234696e+00 1.460600e-01 -3.881266e-04 -2.729193e-04 -2.283925e-04 -2.838832e-04
 8121.100773 7.604950e-01 1.372230e+00 1.236034e+00 1.453157e-01 -3.786158e-04 -2.777819e-04 -2.291473e-04 -2.802242e-04
 8124.276820 7.599537e-01 1.374344e+00 1.236955e+00 1.459468e-01 -3.710790e-04 -2.681175e-04 -2.243333e-04 -2.887851e-04
 8127.465059 7.598342e-01 1.376091e+00 1.238468e+00 1.467900e-01 -3.862998e-04 -2.736562e-04 -2.241195e-04 -2.864067e-04
 8130.665490 7.584008e-01 1.376420e+00 1.238390e+00 1.463229e-01 -3.886901e-04 -2.765194e-04 -2.290317e-04 -2.763516e-04
 8133.878112 7.581955e-01 1.378576e+00 1.240577e+00 1.471699e-01 -3.887063e-04 -2.765483e-04 -2.230739e-04 -2.837160e-04
 8137.102927 7.577603e-01 1.380227e+00 1.242333e+00 1.455241e-01 -3.830395e-04 -2.760429e-04 -2.265155e-04 -2.834821e-04
 8140.339934 7.563806e-01 1.380180e+00 1.242644e+00 1.468579e-01 -3.699787e-04 -2.773508e-04 -2.159902e-04 -2.782542e-04
 8143.589132 7.568287e-01 1.384010e+00 1.246516e+00 1.467366e-01 -3.701548e-04 -2.709790e-04 -2.100113e-04 -2.801707e-04
 8146.850523 7.564412e-01 1.386026e+00 1.249352e+00 1.464012e-01 -3.742265e-04 -2.605701e-04 -2.150858e-04 -2.849745e-04
 8150.124105 7.546829e-01 1.385022e+00 1.251291e+00 1.470096e-01 -3.763159e-04 -2.609699e-04 -2.167158e-04 -2.803307e-04
 8153.409879 7.550131e-01 1.388665e+00 1.258137e+00 1.471755e-01 -3.894219e-04 -2.661293e-04 -2.125302e-04 -2.864066e-04
 8156.707845 7.543008e-01 1.390138e+00 1.265478e+00 1.471708e-01 -3.861735e-04 -2.791469e-04 -2.225897e-04 -2.941032e-04
 8160.018003 7.532125e-01 1.390852e+00 1.273217e+00 1.470767e-01 -3.924916e-04 -2.713275e-04 -2.287428e-04 -2.952292e-04
 8163.340353 7.529890e-01 1.392921e+00 1.283556e+00 1.473616e-01 -3.957682e-04 -2.592425e-04 -2.239934e-04 -2.864300e-04
 8166.674895 7.523817e-01 1.394612e+00 1.293574e+00 1.470929e-01 -3.968181e-04 -2.593056e-04 -2.259285e-04 -2.869301e-04
 8170.021629 7.521409e-01 1.396945e+00 1.302778e+00 1.476719e-01 -3.799479e-04 -2.703317e-04 -2.209373e-04 -2.820571e-04
 8173.380554 7.514296e-01 1.398475e+00 1.309768e+00 1.479177e-01 -3.694420e-04 -2.718596e-04 -2.404703e-04 -2.839593e-04
 8176.751672 7.506841e-01 1.399705e+00 1.315316e+00 1.477305e-01 -3.794131e-04 -2.693562e-04 -2.401380e-04 -2.974026e-04
 8180.134982 7.501250e-01 1.401469e+00 1.319852e+00 1.472544e-01 -3.810280e-04 -2.648261e-04 -2.350765e-04 -2.895427e-04
 8183.530483 7.490871e-01 1.402061e+00 1.324636e+00 1.485940e-01 -3.868707e-04 -2.693105e-04 -2.222807e-04 -2.914989e-04
 8186.938176 7.483726e-01 1.403574e+00 1.329332e+00 1.474803e-01 -3.844334e-04 -2.658684e-04 -2.211068e-04 -2.951517e-04
 8190.358061 7.483350e-01 1.406337e+00 1.335454e+00 1.479003e-01 -3.807085e-04 -2.601058e-04 -2.166512e-04 -2.858536e-04
 8193.790139 7.474953e-01 1.407342e+00 1.341890e+00 1.484384e-01 -3.771857e-04 -2.685604e-04 -2.218241e-04 -2.797363e-04
 8197.234408 7.464240e-01 1.408252e+00 1.347725e+00 1.482075e-01 -3.837637e-04 -2.657667e-04 -2.288022e-04 -2.840813e-04
 8200.690868 7.463247e-01 1.410844e+00 1.357134e+00 1.483912e-01 -3.805963e-04 -2.642670e-04 -2.260741e-04 -2.874435e-04
 8204.159521 7.459051e-01 1.413020e+00 1.366562e+00 1.481331e-01 -3.901801e-04 -2.623961e-04 -2.261230e-04 -2.841613e-04
 8207.640366 7.454188e-01 1.414729e+00 1.374727e+00 1.485226e-01 -3.821556e-04 -2.737606e-04 -2.143409e-04 -2.860729e-04
 8211.133403 7.443156e-01 1.415203e+00 1.380703e+00 1.488075e-01 -3.804764e-04 -2.809515e-04 -2.210290e-04 -2.876580e-04
 8214.638631 7.444847e-01 1.418798e+00 1.388947e+00 1.486900e-01 -3.847082e-04 -2.737041e-04 -2.096649e-04 -2.867259e-04
 8218.156052 7.438503e-01 1.420308e+00 1.396409e+00 1.488703e-01 -3.810872e-04 -2.695776e-04 -2.152010e-04 -2.884744e-04
 8221.685664 7.423488e-01 1.420202e+00 1.402190e+00 1.484707e-01 -3.763981e-04 -2.683318e-04 -2.246037e-04 -2.903932e-04
 8225.227468 7.424976e-01 1.423739e+00 1.411532e+00 1.489269e-01 -3.825421e-04 -2.751610e-04 -2.257520e-04 -2.863543e-04
 8228.781465 7.415177e-01 1.424190e+00 1.415930e+00 1.489029e-01 -3.815186e-04 -2.906520e-04 -2.245855e-04 -2.842996e-04
 8232.347653 7.406045e-01 1.425438e+00 1.421289e+00 1.493245e-01 -3.937192e-04 -2.986026e-04 -2.307016e-04 -2.915470e-04
 8235.926033 7.405307e-01 1.428430e+00 1.426643e+00 1.490557e-01 -3.915133e-04 -2.982391e-04 -2.194126e-04 -2.947925e-04
 8239.516605 7.399437e-01 1.429976e+00 1.430438e+00 1.489982e-01 -3.889034e-04 -2.904009e-04 -2.151686e-04 -2.975110e-04
 8243.119369 7.389999e-01 1.431069e+00 1.433044e+00 1.491397e-01 -3.933849e-04 -2.834307e-04 -2.076371e-04 -2.906283e-04
 8246.734324 7.388213e-01 1.433961e+00 1.437084e+00 1.490688e-01 -3.812207e-04 -2.766590e-04 -2.005451e-04 -2.865656e-04
 8250.361472 7.381920e-01 1.435661e+00 1.439684e+00 1.499490e-01 -3.675091e-04 -2.745952e-04 -2.144213e-04 -2.921609e-04
 8254.000811 7.376045e-01 1.437355e+00 1.441255e+00 1.500624e-01 -3.725858e-04 -2.762192e-04 -2.255659e-04 -3.016876e-04
 8257.652343 7.364243e-01 1.438241e+00 1.441048e+00 1.494738e-01 -3.773957e-04 -2.724925e-04 -2.221740e-04 -3.006384e-04
 8261.316066 7.365279e-01 1.441060e+00 1.444438e+00 1.503601e-01 -3.845648e-04 -2.739087e-04 -2.214247e-04 -3.028918e-04
 8264.991982 7.353453e-01 1.441609e+00 1.446782e+00 1.497280e-01 -3.863138e-04 -2.736279e-04 -2.172656e-04 -2.941235e-04
 8268.680089 7.347908e-01 1.443334e+00 1.451778e+00 1.496538e-01 -3.821391e-04 -2.692287e-04 -2.207081e-04 -2.932618e-04
 8272.380388 7.341909e-01 1.445557e+00 1.458569e+00 1.497478e-01 -3.852652e-04 -2.704376e-04 -2.197086e-04 -2.957534e-04
 8276.092879 7.312037e-01 1.442742e+00 1.463170e+00 1.492739e-01 -3.767575e-04 -2.675800e-04 -2.234435e-04 -2.914763e-04
 8279.817562 7.308609e-01 1.444819e+00 1.473046e+00 1.488914e-01 -3.720753e-04 -2.698831e-04 -2.272429e-04 -2.856101e-04
 8283.554437 7.311952e-01 1.448672e+00 1.484034e+00 1.497646e-01 -3.815643e-04 -2.662206e-04 -2.297954e-04 -2.847846e-04
 8287.303503 7.312927e-01 1.451764e+00 1.493590e+00 1.504291e-01 -3.870948e-04 -2.735248e-04 -2.394397e-04 -2.814621e-04
 8291.064762 7.305545e-01 1.453280e+00 1.501840e+00 1.510346e-01 -3.820374e-04 -2.765664e-04 -2.349628e-04 -2.866676e-04
 8294.838213 7.298848e-01 1.455324e+00 1.510388e+00 1.507907e-01 -3.684829e-04 -2.790388e-04 -2.387311e-04 -2.777030e-04
 8298.623855 7.292758e-01 1.456923e+00 1.516808e+00 1.507417e-01 -3.678056e-04 -2.855362e-04 -2.298104e-04 -2.721877e-04
 8302.421689 7.283333e-01 1.458044e+00 1.523725e+00 1.501820e-01 -3.761450e-04 -2.876071e-04 -2.301002e-04 -2.805448e-04
 8306.231716 7.281962e-01 1.460767e+00 1.531791e+00 1.509191e-01 -3.763660e-04 -2.853826e-04 -2.181821e-04 -2.820346e-04
 8310.053934 7.275705e-01 1.462902e+00 1.538384e+00 1.508220e-01 -3.786194e-04 -2.771819e-04 -2.137715e-04 -2.898753e-04
 8313.888344 7.265109e-01 1.463929e+00 1.544333e+00 1.504633e-01 -3.835492e-04 -2.749370e-04 -2.104388e-04 -2.899057e-04
 8317.734946 7.261606e-01 1.466048e+00 1.552295e+00 1.504914e-01 -3.960686e-04 -2.677564e-04 -2.158082e-04 -2.991703e-04
 8321.593740 7.257384e-01 1.468106e+00 1.559744e+00 1.512472e-01 -3.770895e-04 -2.704422e-04 -2.173273e-04 -2.880820e-04
 8325.464726 7.250088e-01 1.469864e+00 1.566719e+00 1.515890e-01 -3.704235e-04 -2.752087e-04 -2.222232e-04 -2.959751e-04
 8329.347903 7.240056e-01 1.471130e+00 1.572456e+00 1.513605e-01 -3.753529e-04 -2.749165e-04 -2.270723e-04 -2.907931e-04
 8333.243273 7.230747e-01 1.472166e+00 1.578254e+00 1.509532e-01 -3.821105e-04 -2.706451e-04 -2.260341e-04 -2.867448e-04
 8337.150835 7.222747e-01 1.473556e+00 1.586126e+00 1.517220e-01 -3.848834e-04 -2.772525e-04 -2.303275e-04 -2.909459e-04
 8341.070588 7.213950e-01 1.474954e+00 1.592734e+00 1.516476e-01 -3.848283e-04 -2.750104e-04 -2.289271e-04 -2.909196e-04
 8345.002533 7.200903e-01 1.475624e+00 1.599664e+00 1.519254e-01 -3.889095e-04 -2.764682e-04 -2.218378e-04 -2.992661e-04
 8348.946671 7.186333e-01 1.475517e+00 1.604738e+00 1.519660e-01 -3.905023e-04 -2.755029e-04 -2.058499e-04 -3.007578e-04
 8352.903000 7.178684e-01 1.477099e+00 1.610141e+00 1.510601e-01 -3.894159e-04 -2.772667e-04 -2.111684e-04 -3.007507e-04
 8356.871521 7.175394e-01 1.479825e+00 1.618006e+00 1.514158e-01 -3.799199e-04 -2.778991e-04 -2.114828e-04 -3.013444e-04
 8360.852234 7.169819e-01 1.481892e+00 1.624830e+00 1.520328e-01 -3.801393e-04 -2.732328e-04 -2.156699e-04 -2.934389e-04
 8364.845139 7.164292e-01 1.483638e+00 1.631803e+00 1.524259e-01 -3.865321e-04 -2.801611e-04 -2.228773e-04 -2.976774e-04
 8368.850236 7.153664e-01 1.484701e+00 1.637292e+00 1.526982e-01 -3.830111e-04 -2.873307e-04 -2.203942e-04 -2.916488e-04
 8372.867524 7.143310e-01 1.485546e+00 1.642044e+00 1.521345e-01 -3.816602e-04 -2.917327e-04 -2.138717e-04 -2.867603e-04
 8376.897005 7.143022e-01 1.489324e+00 1.649727e+00 1.526838e-01 -3.803004e-04 -2.929812e-04 -2.195618e-04 -2.862311e-04
 8380.938678 7.131178e-01 1.489374e+00 1.654321e+00 1.528426e-01 -3.819430e-04 -2.955723e-04 -2.165427e-04 -2.888180e-04
 8384.992542 7.122779e-01 1.491099e+00 1.659453e+00 1.528976e-01 -3.839193e-04 -3.015342e-04 -2.152513e-04 -2.865680e-04
 8389.058598 7.122169e-01 1.494392e+00 1.666765e+00 1.526282e-01 -3.850701e-04 -2.967589e-04 -2.264636e-04 -2.843834e-04
 8393.136847 7.109412e-01 1.494618e+00 1.670967e+00 1.528119e-01 -3.850078e-04 -3.011632e-04 -2.257536e-04 -2.824101e-04
 8397.227287 7.105448e-01 1.497249e+00 1.677704e+00 1.526799e-01 -3.875283e-04 -2.969206e-04 -2.251039e-04 -2.834501e-04
 8401.329919 7.097864e-01 1.498990e+00 1.684533e+00 1.529767e-01 -3.797145e-04 -2.913849e-04 -2.158882e-04 -2.770434e-04
 8405.444743 7.093262e-01 1.501198e+00 1.692105e+00 1.530974e-01 -3.902594e-04 -2.928956e-04 -2.165143e-04 -2.778762e-04
 8409.571759 7.076866e-01 1.500754e+00 1.696023e+00 1.528841e-01 -3.923044e-04 -2.941150e-04 -2.193163e-04 -2.865783e-04
 8413.710967 7.083633e-01 1.506043e+00 1.707290e+00 1.532200e-01 -3.892528e-04 -2.907654e-04 -2.140620e-04 -2.885513e-04
 8417.862366 7.071836e-01 1.506871e+00 1.714003e+00 1.533969e-01 -3.769637e-04 -2.852304e-04 -2.206853e-04 -2.878234e-04
 8422.025958 7.067814e-01 1.509031e+00 1.721936e+00 1.533721e-01 -3.809901e-04 -2.845374e-04 -2.113643e-04 -2.872572e-04
 8426.201742 7.054174e-01 1.509089e+00 1.728144e+00 1.531188e-01 -3.909674e-04 -2.898951e-04 -2.166990e-04 -2.993237e-04
 8430.389717 7.051427e-01 1.512182e+00 1.736954e+00 1.543969e-01 -3.986332e-04 -2.854254e-04 -2.221925e-04 -2.931002e-04
 8434.589884 7.047474e-01 1.514566e+00 1.745918e+00 1.540944e-01 -4.021213e-04 -2.844353e-04 -2.064433e-04 -2.890333e-04
 8438.802244 7.042192e-01 1.517026e+00 1.755284e+00 1.537199e-01 -3.989797e-04 -2.837968e-04 -1.987021e-04 -2.918407e-04
 8443.026795 7.031216e-01 1.517487e+00 1.760741e+00 1.541297e-01 -3.975433e-04 -2.894351e-04 -2.057908e-04 -2.785423e-04
 8447.263538 7.022094e-01 1.518994e+00 1.769351e+00 1.541819e-01 -3.919694e-04 -2.926194e-04 -2.008551e-04 -2.798205e-04
 8451.512473 7.014616e-01 1.521047e+00 1.778029e+00 1.542458e-01 -3.942757e-04 -2.887238e-04 -2.060426e-04 -2.783992e-04
 8455.773600 6.999819e-01 1.520598e+00 1.783210e+00 1.543515e-01 -4.014922e-04 -2.911934e-04 -2.133525e-04 -2.872009e-04
 8460.046919 6.997650e-01 1.523896e+00 1.793075e+00 1.541718e-01 -3.926494e-04 -2.954968e-04 -2.104518e-04 -2.839413e-04
 8464.332429 6.990313e-01 1.525143e+00 1.799915e+00 1.540807e-01 -3.809468e-04 -2.977804e-04 -2.073955e-04 -2.788402e-04
 8468.630132 6.981268e-01 1.526775e+00 1.807864e+00 1.544075e-01 -3.941936e-04 -2.940756e-04 -2.100118e-04 -2.809135e-04
 8472.940026 6.973904e-01 1.528574e+00 1.816291e+00 1.545036e-01 -4.018026e-04 -2.987444e-04 -2.094579e-04 -2.860356e-04
 8477.262113 6.969330e-01 1.530992e+00 1.825168e+00 1.546222e-01 -3.967956e-04 -2.941082e-04 -2.068500e-04 -2.803544e-04
 8481.596391 6.958530e-01 1.532225e+00 1.832863e+00 1.548663e-01 -3.961173e-04 -2.895656e-04 -2.083428e-04 -2.671416e-04
 8485.942861 6.950632e-01 1.533721e+00 1.840680e+00 1.546001e-01 -3.995171e-04 -2.903239e-04 -2.101181e-04 -2.717456e-04
 8490.301524 6.943395e-01 1.535623e+00 1.848454e+00 1.545631e-01 -4.034979e-04 -2.862923e-04 -2.118665e-04 -2.695674e-04
 8494.672378 6.930428e-01 1.536117e+00 1.855298e+00 1.550550e-01 -3.970963e-04 -2.824147e-04 -2.186132e-04 -2.706461e-04
 8499.055424 6.922228e-01 1.537840e+00 1.863107e+00 1.548053e-01 -4.020501e-04 -2.775970e-04 -2.184222e-04 -2.635999e-04
 8503.450662 6.912132e-01 1.538756e+00 1.869669e+00 1.545091e-01 -4.028111e-04 -2.817023e-04 -2.159844e-04 -2.662926e-04
 8507.858091 6.896535e-01 1.538673e+00 1.875376e+00 1.552998e-01 -4.074923e-04 -2.906730e-04 -2.083287e-04 -2.730343e-04
 8512.277713 6.864889e-01 1.535448e+00 1.876892e+00 1.549311e-01 -4.083513e-04 -2.940894e-04 -2.211772e-04 -2.756129e-04
 8516.709527 6.541474e-01 1.466721e+00 1.798689e+00 1.503948e-01 -4.018779e-04 -2.978994e-04 -2.180194e-04 -2.896006e-04
 8521.153532 6.444838e-01 1.447840e+00 1.781194e+00 1.456735e-01 -3.965767e-04 -2.972242e-04 -2.178957e-04 -2.882788e-04
 8525.609730 6.876081e-01 1.548067e+00 1.907644e+00 1.544177e-01 -4.034715e-04 -2.874277e-04 -2.152054e-04 -2.715995e-04
 8530.078119 6.882558e-01 1.552993e+00 1.918229e+00 1.553689e-01 -3.937144e-04 -3.002812e-04 -2.228554e-04 -2.706274e-04
 8534.558700 6.872137e-01 1.553928e+00 1.924091e+00 1.555428e-01 -4.055266e-04 -3.043236e-04 -2.170949e-04 -2.811568e-04
 8539.051473 6.864005e-01 1.555581e+00 1.932555e+00 1.555813e-01 -4.116835e-04 -2.940557e-04 -2.214213e-04 -2.790732e-04
 8543.556438 6.850882e-01 1.555910e+00 1.939017e+00 1.551109e-01 -4.063866e-04 -2.842294e-04 -2.276050e-04 -2.872756e-04
 8548.073595 6.845615e-01 1.558352e+00 1.947723e+00 1.556128e-01 -4.042194e-04 -2.781466e-04 -2.249592e-04 -2.871748e-04
 8552.602944 6.834149e-01 1.559151e+00 1.954663e+00 1.560141e-01 -4.087395e-04 -2.767907e-04 -2.088526e-04 -2.863500e-04
 8557.144485 6.820362e-01 1.559903e+00 1.961593e+00 1.560236e-01 -4.066256e-04 -2.744254e-04 -2.128277e-04 -2.822718e-04
 8561.698218 6.812650e-01 1.561477e+00 1.968965e+00 1.559675e-01 -4.098136e-04 -2.864281e-04 -2.194534e-04 -2.921273e-04
 8566.264142 6.805714e-01 1.563379e+00 1.976646e+00 1.559389e-01 -3.999887e-04 -2.891463e-04 -2.190494e-04 -2.910327e-04
 8570.842259 6.795533e-01 1.564489e+00 1.983927e+00 1.561505e-01 -4.058824e-04 -2.875875e-04 -2.227506e-04 -2.885599e-04
 8575.432567 6.788229e-01 1.566280e+00 1.992017e+00 1.560580e-01 -4.073964e-04 -2.874923e-04 -2.134267e-04 -2.813073e-04
 8580.035068 6.780071e-01 1.568100e+00 2.000529e+00 1.563866e-01 -3.909489e-04 -2.974151e-04 -2.225867e-04 -2.772995e-04
 8584.649760 6.767032e-01 1.568459e+00 2.007141e+00 1.565003e-01 -4.028269e-04 -2.933148e-04 -2.248204e-04 -2.769062e-04
 8589.276644 6.758379e-01 1.569879e+00 2.016195e+00 1.563139e-01 -4.007856e-04 -2.906093e-04 -2.334591e-04 -2.670594e-04
 8593.915720 6.742820e-01 1.569774e+00 2.021703e+00 1.556373e-01 -3.983414e-04 -2.964671e-04 -2.278816e-04 -2.832763e-04
 8598.566988 6.727456e-01 1.569653e+00 2.028023e+00 1.559705e-01 -4.012572e-04 -2.971225e-04 -2.188305e-04 -2.802049e-04
 8603.230448 6.703083e-01 1.567283e+00 2.031479e+00 1.562825e-01 -3.995985e-04 -2.927593e-04 -2.126828e-04 -2.746853e-04
 8607.906100 6.660696e-01 1.561012e+00 2.029577e+00 1.557889e-01 -3.932194e-04 -2.899665e-04 -2.130186e-04 -2.854472e-04
 8612.593943 6.436981e-01 1.512212e+00 1.973575e+00 1.506097e-01 -3.995064e-04 -2.952828e-04 -2.141134e-04 -2.919509e-04
 8617.293979 6.041469e-01 1.423100e+00 1.865521e+00 1.418941e-01 -4.014536e-04 -2.871977e-04 -2.146863e-04 -2.902009e-04
 8622.006206 6.791993e-01 1.602786e+00 2.103285e+00 1.586239e-01 -4.054839e-04 -2.921321e-04 -2.274401e-04 -2.794972e-04
 8626.730626 6.776817e-01 1.603062e+00 2.109718e+00 1.586254e-01 -4.014589e-04 -2.819634e-04 -2.223864e-04 -2.883714e-04
 8631.467237 6.750195e-01 1.600222e+00 2.112768e+00 1.581905e-01 -4.028943e-04 -2.816728e-04 -2.172946e-04 -2.828727e-04
 8636.216040 6.731059e-01 1.599274e+00 2.118354e+00 1.581365e-01 -3.997432e-04 -2.746062e-04 -2.159753e-04 -2.820242e-04
 8640.977036 6.718640e-01 1.599992e+00 2.125818e+00 1.579143e-01 -3.947529e-04 -2.812266e-04 -2.097490e-04 -2.840394e-04
 8645.750223 6.708096e-01 1.601137e+00 2.133846e+00 1.580752e-01 -3.975299e-04 -2.891373e-04 -2.136063e-04 -2.840042e-04
 8650.535602 6.698665e-01 1.602468e+00 2.142140e+00 1.581126e-01 -3.892035e-04 -3.002920e-04 -2.177131e-04 -2.819560e-04
 8655.333172 6.687341e-01 1.603459e+00 2.150045e+00 1.582231e-01 -3.893660e-04 -2.930121e-04 -2.143663e-04 -2.816966e-04
 8660.142935 6.677158e-01 1.604522e+00 2.158085e+00 1.582221e-01 -3.945682e-04 -2.971567e-04 -2.209926e-04 -3.067428e-04
 8664.964890 6.665454e-01 1.605272e+00 2.165287e+00 1.582502e-01 -3.836891e-04 -2.914307e-04 -2.237553e-04 -2.901895e-04
 8669.799037 5.959301e-01 1.438245e+00 1.944576e+00 1.416468e-01 -3.406929e-04 -2.565485e-04 -2.029551e-04 -2.557607e-04
 8674.645375 8.987911e-02 2.171302e-01 2.938934e-01 2.139762e-02 -5.335238e-05 -3.818027e-05 -3.052742e-05 -3.809066e-05
