# Facility: NSLS-II
# Beamline: QAS
# Year: 2022
# Cycle: 2
# SAF: 309337
# PI: Li
# Proposal: 309890
# Scan ID: 25209
# UID: 8dbc2056-05d8-4482-afbe-7f8217fdb983
# Comment: 
# Start time: 06/09/2022  21:59:52
# Stop time: 06/09/2022  22:00:24
# Total time: 00:32
# Trajectory name: Co-30s-7709.txt
# Element: Cobalt ( 27)
# Edge: K
# E0: 7709
# Reference Foil Element: Co
# Keithley Gains I0: 1E7 V/A It: 1E7 V/A Iref: 1E8 V/A PIPS: 1E8 V/A 
# Ion Chamber Gas Flow Rates: I0: 29.80 sccm He + 69.70 sccm N2 + 0.00 sccm Ar 
# Ion Chamber Gas Flow Rates: It&Iref: 79.70 sccm N2 + 20.10 sccm Ar
# Incident Beam Path Vertical: -27.48 mm
# Incident Slits Positions B: TOP: 1.0 mm Bottom: -1.0 mm Inboard: -1.5 mm Outboard: 1.5 mm
# Sample Stage Positions: Rotation: 45.0 deg Horizontal: 25.26 mm Vertical: -26.52 mm Beam Direction: 0.00 mm
# PerkinElmer Vertical Position: 500.00 mm
# Front End Mirror Horizontal Positions: Up: 14.00 mm Down: 14.00 mm
#
# energy  i0  it  ir  iff  aux1  aux2  aux3  aux4
 7517.859003 4.336708e-01 5.219119e-01 1.263972e+00 5.234784e-02 -1.526400e-04 -1.546582e-04 -1.271535e-04 -1.284251e-04
 7522.859003 8.582216e-01 1.035362e+00 2.511259e+00 1.037486e-01 -2.979767e-04 -3.069506e-04 -2.497956e-04 -2.343922e-04
 7527.859003 8.652971e-01 1.047772e+00 2.547374e+00 1.046477e-01 -3.013242e-04 -3.175061e-04 -2.595845e-04 -2.246941e-04
 7532.859003 8.643000e-01 1.050641e+00 2.560754e+00 1.046904e-01 -3.068000e-04 -3.045167e-04 -2.650931e-04 -2.376046e-04
 7537.859003 8.638974e-01 1.054264e+00 2.576355e+00 1.052286e-01 -3.164657e-04 -3.044914e-04 -2.742786e-04 -2.395922e-04
 7542.859003 8.628167e-01 1.056895e+00 2.589777e+00 1.054149e-01 -3.171780e-04 -3.044960e-04 -2.671109e-04 -2.346144e-04
 7547.859003 8.620828e-01 1.059857e+00 2.603987e+00 1.055668e-01 -3.057839e-04 -3.126491e-04 -2.642097e-04 -2.313670e-04
 7552.859003 8.609581e-01 1.062288e+00 2.616318e+00 1.055893e-01 -3.111112e-04 -3.195742e-04 -2.608729e-04 -2.574760e-04
 7557.859003 8.593367e-01 1.063964e+00 2.627150e+00 1.060656e-01 -3.117813e-04 -3.145863e-04 -2.583777e-04 -2.666101e-04
 7562.859003 8.584345e-01 1.067013e+00 2.641433e+00 1.060387e-01 -3.141762e-04 -3.141215e-04 -2.589245e-04 -2.665286e-04
 7567.859003 8.583422e-01 1.071572e+00 2.659664e+00 1.060925e-01 -3.082304e-04 -3.123152e-04 -2.568496e-04 -2.380190e-04
 7572.859003 8.567221e-01 1.073776e+00 2.671389e+00 1.063053e-01 -3.193508e-04 -3.088107e-04 -2.639864e-04 -2.364813e-04
 7577.859003 8.562126e-01 1.077327e+00 2.688103e+00 1.067844e-01 -3.244054e-04 -3.116673e-04 -2.676712e-04 -2.428370e-04
 7582.859003 8.550476e-01 1.079789e+00 2.700807e+00 1.067909e-01 -3.276899e-04 -3.023707e-04 -2.655355e-04 -2.356009e-04
 7587.859003 8.541002e-01 1.082682e+00 2.714836e+00 1.069920e-01 -3.240292e-04 -3.032783e-04 -2.640382e-04 -2.417970e-04
 7592.859003 8.535993e-01 1.086265e+00 2.730076e+00 1.070378e-01 -3.191283e-04 -3.107564e-04 -2.583157e-04 -2.469123e-04
 7597.859003 8.517353e-01 1.087882e+00 2.741483e+00 1.071077e-01 -3.135065e-04 -3.118896e-04 -2.600413e-04 -2.477568e-04
 7602.859003 8.499140e-01 1.089762e+00 2.753315e+00 1.072689e-01 -3.099671e-04 -3.199795e-04 -2.618775e-04 -2.424161e-04
 7607.859003 8.509985e-01 1.095268e+00 2.774138e+00 1.077306e-01 -3.122693e-04 -3.147718e-04 -2.573123e-04 -2.329665e-04
 7612.859003 8.499112e-01 1.097829e+00 2.787747e+00 1.081053e-01 -3.180613e-04 -3.159277e-04 -2.583602e-04 -2.391986e-04
 7617.859003 8.493568e-01 1.101075e+00 2.802365e+00 1.081432e-01 -3.205860e-04 -3.141640e-04 -2.635448e-04 -2.517920e-04
 7622.859003 8.485666e-01 1.104120e+00 2.817056e+00 1.084930e-01 -3.145466e-04 -3.182282e-04 -2.713539e-04 -2.433486e-04
 7627.859003 8.480137e-01 1.107452e+00 2.833254e+00 1.085717e-01 -3.219210e-04 -3.181027e-04 -2.727227e-04 -2.401913e-04
 7632.859003 8.473242e-01 1.110763e+00 2.847810e+00 1.088043e-01 -3.140536e-04 -3.108118e-04 -2.705294e-04 -2.424708e-04
 7637.859003 8.465166e-01 1.113952e+00 2.862880e+00 1.089684e-01 -3.175145e-04 -3.096745e-04 -2.616035e-04 -2.378041e-04
 7642.859003 8.456498e-01 1.117028e+00 2.878129e+00 1.092814e-01 -3.135537e-04 -3.063021e-04 -2.674577e-04 -2.340843e-04
 7647.859003 8.434904e-01 1.118036e+00 2.886998e+00 1.093155e-01 -3.204244e-04 -3.092964e-04 -2.658155e-04 -2.371647e-04
 7652.859003 8.405015e-01 1.117761e+00 2.892943e+00 1.092014e-01 -3.251318e-04 -3.027673e-04 -2.584114e-04 -2.671845e-04
 7657.859003 8.420898e-01 1.124628e+00 2.917814e+00 1.094456e-01 -3.163213e-04 -2.880425e-04 -2.532867e-04 -2.706441e-04
 7662.859003 8.411951e-01 1.127393e+00 2.930591e+00 1.098571e-01 -3.188034e-04 -2.988745e-04 -2.506675e-04 -2.647365e-04
 7667.859003 8.415130e-01 1.132261e+00 2.948136e+00 1.100333e-01 -3.174971e-04 -3.122363e-04 -2.495256e-04 -2.283273e-04
 7672.859003 8.409853e-01 1.135727e+00 2.963323e+00 1.102135e-01 -3.150434e-04 -2.990922e-04 -2.469789e-04 -2.256515e-04
 7677.859003 8.398035e-01 1.138427e+00 2.975127e+00 1.106555e-01 -3.147430e-04 -2.991197e-04 -2.424301e-04 -2.313539e-04
 7679.000000 8.392295e-01 1.138417e+00 2.976671e+00 1.105505e-01 -3.164070e-04 -3.067822e-04 -2.512191e-04 -2.342878e-04
 7680.000000 8.388018e-01 1.138381e+00 2.977760e+00 1.106768e-01 -3.164725e-04 -3.093610e-04 -2.537158e-04 -2.338702e-04
 7681.000000 8.379571e-01 1.138540e+00 2.979447e+00 1.104144e-01 -3.265225e-04 -3.142271e-04 -2.491368e-04 -2.326824e-04
 7682.000000 8.368637e-01 1.138121e+00 2.979636e+00 1.098158e-01 -3.405405e-04 -3.030094e-04 -2.504968e-04 -2.334992e-04
 7683.000000 8.249702e-01 1.122451e+00 2.938663e+00 1.086007e-01 -3.265407e-04 -3.082656e-04 -2.548996e-04 -2.417584e-04
 7684.000000 8.087591e-01 1.101000e+00 2.883489e+00 1.060935e-01 -3.330355e-04 -3.057518e-04 -2.466130e-04 -2.407023e-04
 7685.000000 8.355803e-01 1.138342e+00 2.981747e+00 1.103331e-01 -3.291196e-04 -2.936788e-04 -2.419061e-04 -2.356555e-04
 7686.000000 8.419439e-01 1.148515e+00 3.009143e+00 1.113051e-01 -3.164888e-04 -2.880689e-04 -2.473397e-04 -2.461633e-04
 7686.200000 8.292523e-01 1.131135e+00 2.962420e+00 1.081570e-01 -3.036970e-04 -2.896245e-04 -2.509896e-04 -2.499241e-04
 7686.400000 8.501655e-01 1.160283e+00 3.040138e+00 1.098000e-01 -3.187877e-04 -2.906553e-04 -2.495934e-04 -2.471392e-04
 7686.600000 8.382184e-01 1.143829e+00 2.996215e+00 1.079726e-01 -3.133612e-04 -2.988449e-04 -2.517422e-04 -2.423800e-04
 7686.800000 8.443809e-01 1.152109e+00 3.015872e+00 1.136437e-01 -3.154962e-04 -2.926652e-04 -2.406300e-04 -2.361331e-04
 7687.000000 8.313820e-01 1.134448e+00 2.971610e+00 1.104102e-01 -3.224086e-04 -2.920220e-04 -2.343229e-04 -2.245232e-04
 7687.200000 8.458182e-01 1.154124e+00 3.022668e+00 1.119328e-01 -3.219114e-04 -3.058061e-04 -2.395823e-04 -2.187689e-04
 7687.400000 8.461027e-01 1.155371e+00 3.030138e+00 1.130228e-01 -3.171387e-04 -3.058640e-04 -2.483846e-04 -2.341563e-04
 7687.600000 8.462435e-01 1.155241e+00 3.026781e+00 1.148261e-01 -3.193751e-04 -3.019701e-04 -2.550383e-04 -2.300514e-04
 7687.800000 8.300079e-01 1.134345e+00 2.972928e+00 1.130273e-01 -3.108971e-04 -2.927343e-04 -2.620483e-04 -2.315702e-04
 7688.000000 8.474603e-01 1.157708e+00 3.035707e+00 1.093854e-01 -3.217517e-04 -3.010232e-04 -2.662003e-04 -2.427770e-04
 7688.200000 8.444027e-01 1.153571e+00 3.023360e+00 1.097927e-01 -3.283833e-04 -3.074278e-04 -2.550983e-04 -2.473307e-04
 7688.400000 8.346516e-01 1.140475e+00 2.987636e+00 1.097270e-01 -3.346940e-04 -3.084098e-04 -2.490223e-04 -2.492998e-04
 7688.600000 8.356509e-01 1.141597e+00 2.992484e+00 1.141072e-01 -3.331557e-04 -3.054867e-04 -2.494722e-04 -2.462348e-04
 7688.800000 8.267775e-01 1.129769e+00 2.961145e+00 1.056692e-01 -3.289724e-04 -3.052371e-04 -2.525660e-04 -2.385459e-04
 7689.000000 8.376942e-01 1.145171e+00 3.003586e+00 1.110515e-01 -3.425018e-04 -3.026694e-04 -2.396186e-04 -2.381009e-04
 7689.200000 8.377492e-01 1.145427e+00 3.005011e+00 1.143043e-01 -3.467383e-04 -2.892937e-04 -2.533652e-04 -2.646943e-04
 7689.400000 8.418920e-01 1.151650e+00 3.018105e+00 1.127861e-01 -3.442278e-04 -2.920411e-04 -2.527694e-04 -2.575234e-04
 7689.600000 8.375402e-01 1.146331e+00 3.002280e+00 1.077017e-01 -3.364704e-04 -2.946285e-04 -2.570783e-04 -2.553455e-04
 7689.800000 8.395284e-01 1.148667e+00 3.012612e+00 1.114106e-01 -3.307289e-04 -3.002999e-04 -2.454571e-04 -2.446150e-04
 7690.000000 8.359454e-01 1.143857e+00 2.999794e+00 1.114448e-01 -3.350526e-04 -2.991786e-04 -2.458409e-04 -2.437618e-04
 7690.200000 8.446544e-01 1.156833e+00 3.031791e+00 1.120530e-01 -3.279542e-04 -2.989287e-04 -2.467328e-04 -2.520434e-04
 7690.400000 8.429035e-01 1.154519e+00 3.025601e+00 1.127154e-01 -3.371123e-04 -2.939897e-04 -2.452253e-04 -2.323779e-04
 7690.600000 8.402912e-01 1.150069e+00 3.012005e+00 1.107985e-01 -3.226671e-04 -2.883848e-04 -2.510980e-04 -2.339446e-04
 7690.800000 8.392968e-01 1.148694e+00 3.006237e+00 1.088378e-01 -3.193382e-04 -2.863055e-04 -2.600541e-04 -2.405801e-04
 7691.000000 8.388611e-01 1.148297e+00 3.011059e+00 1.102411e-01 -3.246310e-04 -2.929146e-04 -2.568486e-04 -2.382062e-04
 7691.200000 8.421477e-01 1.153492e+00 3.023454e+00 1.122436e-01 -3.199618e-04 -2.984036e-04 -2.392141e-04 -2.281076e-04
 7691.400000 8.328140e-01 1.140764e+00 2.991441e+00 1.099260e-01 -3.115721e-04 -2.949600e-04 -2.435540e-04 -2.208097e-04
 7691.600000 8.442640e-01 1.157732e+00 3.034894e+00 1.153856e-01 -3.134149e-04 -3.026763e-04 -2.558993e-04 -2.286442e-04
 7691.800000 8.400522e-01 1.151410e+00 3.015860e+00 1.130679e-01 -3.085705e-04 -3.065003e-04 -2.621591e-04 -2.322724e-04
 7692.000000 8.397826e-01 1.150743e+00 3.016673e+00 1.086384e-01 -3.131211e-04 -3.162612e-04 -2.614104e-04 -2.355431e-04
 7692.200000 8.393238e-01 1.150527e+00 3.016305e+00 1.120925e-01 -3.206914e-04 -3.201927e-04 -2.614459e-04 -2.227080e-04
 7692.400000 8.391177e-01 1.150591e+00 3.016989e+00 1.114938e-01 -3.239938e-04 -3.190678e-04 -2.546588e-04 -2.353986e-04
 7692.600000 8.401822e-01 1.151835e+00 3.018740e+00 1.087722e-01 -3.278315e-04 -3.044210e-04 -2.603906e-04 -2.390165e-04
 7692.800000 8.413890e-01 1.153722e+00 3.021664e+00 1.133989e-01 -3.205785e-04 -3.050127e-04 -2.629464e-04 -2.358788e-04
 7693.000000 8.398894e-01 1.151412e+00 3.015240e+00 1.102386e-01 -3.236516e-04 -3.126515e-04 -2.517990e-04 -2.503726e-04
 7693.200000 8.385372e-01 1.149942e+00 3.011223e+00 1.087745e-01 -3.250047e-04 -3.112604e-04 -2.618675e-04 -2.475025e-04
 7693.400000 8.409106e-01 1.153862e+00 3.022175e+00 1.118991e-01 -3.295688e-04 -3.061456e-04 -2.693931e-04 -2.472099e-04
 7693.600000 8.335558e-01 1.143945e+00 2.997959e+00 1.119777e-01 -3.195892e-04 -3.024136e-04 -2.551751e-04 -2.280713e-04
 7693.800000 8.449559e-01 1.159909e+00 3.040504e+00 1.134711e-01 -3.219248e-04 -3.029046e-04 -2.550508e-04 -2.356381e-04
 7694.000000 8.380624e-01 1.150501e+00 3.015210e+00 1.121910e-01 -3.228155e-04 -2.944108e-04 -2.610917e-04 -2.605522e-04
 7694.200000 8.422440e-01 1.155961e+00 3.028848e+00 1.089563e-01 -3.120115e-04 -3.130237e-04 -2.607589e-04 -2.511871e-04
 7694.400000 8.367565e-01 1.148338e+00 3.008235e+00 1.115467e-01 -3.153982e-04 -3.134132e-04 -2.609756e-04 -2.517993e-04
 7694.600000 8.378227e-01 1.149735e+00 3.011666e+00 1.118684e-01 -3.264430e-04 -3.047068e-04 -2.782750e-04 -2.640242e-04
 7694.800000 8.408729e-01 1.154220e+00 3.023070e+00 1.124819e-01 -3.265881e-04 -3.001878e-04 -2.723734e-04 -2.533055e-04
 7695.000000 8.375809e-01 1.149617e+00 3.010915e+00 1.117679e-01 -3.226852e-04 -3.092863e-04 -2.576882e-04 -2.369875e-04
 7695.200000 8.446584e-01 1.159982e+00 3.038808e+00 1.129627e-01 -3.272337e-04 -2.988375e-04 -2.570456e-04 -2.488222e-04
 7695.400000 8.383152e-01 1.151942e+00 3.015621e+00 1.095031e-01 -3.205738e-04 -2.974441e-04 -2.596725e-04 -2.424339e-04
 7695.600000 8.399637e-01 1.153865e+00 3.023907e+00 1.121342e-01 -3.155734e-04 -2.973863e-04 -2.491441e-04 -2.339049e-04
 7695.800000 8.400145e-01 1.154240e+00 3.023761e+00 1.092358e-01 -3.178432e-04 -2.985525e-04 -2.492836e-04 -2.469425e-04
 7696.000000 8.391573e-01 1.153044e+00 3.020306e+00 1.134765e-01 -3.283311e-04 -3.063318e-04 -2.598612e-04 -2.407058e-04
 7696.200000 8.370513e-01 1.150286e+00 3.013263e+00 1.108562e-01 -3.257567e-04 -2.938705e-04 -2.582083e-04 -2.276570e-04
 7696.400000 8.384680e-01 1.152882e+00 3.016790e+00 1.090034e-01 -3.306973e-04 -2.956780e-04 -2.523792e-04 -2.320853e-04
 7696.600000 8.395903e-01 1.154321e+00 3.020773e+00 1.116103e-01 -3.275557e-04 -2.965144e-04 -2.662101e-04 -2.381807e-04
 7696.800000 8.305884e-01 1.141738e+00 2.985169e+00 1.102050e-01 -3.230011e-04 -2.959313e-04 -2.477314e-04 -2.280093e-04
 7697.000000 8.419662e-01 1.158081e+00 3.030710e+00 1.126503e-01 -3.342981e-04 -2.981067e-04 -2.565679e-04 -2.580884e-04
 7697.200000 8.361219e-01 1.150288e+00 3.010272e+00 1.112565e-01 -3.403279e-04 -2.907746e-04 -2.519316e-04 -2.465906e-04
 7697.400000 8.387284e-01 1.154548e+00 3.018705e+00 1.144148e-01 -3.419934e-04 -2.873983e-04 -2.536900e-04 -2.495926e-04
 7697.600000 8.407092e-01 1.157428e+00 3.028349e+00 1.102111e-01 -3.384652e-04 -2.975441e-04 -2.398092e-04 -2.511662e-04
 7697.800000 8.324600e-01 1.145542e+00 2.995051e+00 1.086332e-01 -3.364005e-04 -2.911532e-04 -2.474357e-04 -2.600288e-04
 7698.000000 8.334663e-01 1.146274e+00 2.995311e+00 1.121936e-01 -3.477180e-04 -2.898377e-04 -2.473157e-04 -2.592158e-04
 7698.200000 8.342557e-01 1.147572e+00 2.998889e+00 1.097922e-01 -3.485884e-04 -3.009959e-04 -2.560649e-04 -2.672609e-04
 7698.400000 8.411920e-01 1.158401e+00 3.027694e+00 1.129370e-01 -3.455477e-04 -2.979310e-04 -2.387667e-04 -2.633912e-04
 7698.600000 8.387261e-01 1.155139e+00 3.018378e+00 1.123195e-01 -3.344111e-04 -2.887194e-04 -2.365678e-04 -2.510438e-04
 7698.800000 8.353120e-01 1.150415e+00 3.006682e+00 1.108264e-01 -3.297415e-04 -2.824917e-04 -2.407414e-04 -2.424065e-04
 7699.000000 8.357811e-01 1.151329e+00 3.011081e+00 1.105230e-01 -3.247419e-04 -2.787067e-04 -2.573231e-04 -2.393747e-04
 7699.200000 8.384671e-01 1.155256e+00 3.019064e+00 1.118534e-01 -3.332605e-04 -2.951132e-04 -2.678102e-04 -2.505871e-04
 7699.400000 8.412507e-01 1.159074e+00 3.029728e+00 1.105094e-01 -3.284336e-04 -2.949602e-04 -2.752572e-04 -2.540102e-04
 7699.600000 8.397082e-01 1.156990e+00 3.021374e+00 1.133063e-01 -3.308843e-04 -3.038878e-04 -2.651467e-04 -2.431363e-04
 7699.800000 8.332246e-01 1.148087e+00 2.997659e+00 1.113998e-01 -3.311132e-04 -2.968690e-04 -2.560347e-04 -2.380292e-04
 7700.000000 8.349310e-01 1.151373e+00 3.005121e+00 1.099112e-01 -3.328330e-04 -2.914683e-04 -2.614082e-04 -2.538048e-04
 7700.200000 8.420698e-01 1.161160e+00 3.031119e+00 1.134039e-01 -3.402777e-04 -2.952637e-04 -2.354744e-04 -2.449638e-04
 7700.400000 8.378550e-01 1.154931e+00 3.015483e+00 1.105444e-01 -3.427550e-04 -3.058078e-04 -2.361337e-04 -2.469044e-04
 7700.600000 8.351738e-01 1.150994e+00 3.001391e+00 1.127677e-01 -3.436940e-04 -2.994266e-04 -2.343411e-04 -2.469501e-04
 7700.800000 8.390779e-01 1.157123e+00 3.016386e+00 1.117938e-01 -3.329923e-04 -3.034820e-04 -2.529891e-04 -2.436963e-04
 7701.000000 8.407515e-01 1.160094e+00 3.023211e+00 1.120131e-01 -3.343042e-04 -3.111633e-04 -2.505207e-04 -2.364552e-04
 7701.200000 8.410197e-01 1.160305e+00 3.023052e+00 1.130337e-01 -3.397382e-04 -3.165524e-04 -2.704812e-04 -2.419132e-04
 7701.400000 8.314812e-01 1.147081e+00 2.989058e+00 1.098666e-01 -3.341993e-04 -3.006152e-04 -2.499157e-04 -2.444465e-04
 7701.600000 8.404248e-01 1.160083e+00 3.021316e+00 1.110584e-01 -3.340343e-04 -3.078575e-04 -2.458854e-04 -2.506129e-04
 7701.800000 8.375154e-01 1.156478e+00 3.008238e+00 1.128878e-01 -3.264976e-04 -2.963118e-04 -2.439239e-04 -2.476682e-04
 7702.000000 8.408362e-01 1.161140e+00 3.019340e+00 1.121016e-01 -3.250523e-04 -3.054740e-04 -2.397091e-04 -2.492036e-04
 7702.200000 8.318150e-01 1.148203e+00 2.984889e+00 1.114152e-01 -3.259021e-04 -2.994494e-04 -2.356564e-04 -2.473818e-04
 7702.400000 8.300913e-01 1.146245e+00 2.976114e+00 1.101399e-01 -3.262967e-04 -2.904200e-04 -2.450596e-04 -2.461455e-04
 7702.600000 8.394096e-01 1.159356e+00 3.009873e+00 1.118518e-01 -3.302641e-04 -2.890644e-04 -2.645507e-04 -2.480858e-04
 7702.800000 8.384002e-01 1.157963e+00 3.004196e+00 1.140947e-01 -3.201161e-04 -2.897372e-04 -2.513856e-04 -2.553736e-04
 7703.000000 8.338312e-01 1.152207e+00 2.986478e+00 1.090489e-01 -3.232139e-04 -2.980012e-04 -2.572649e-04 -2.615827e-04
 7703.200000 8.371404e-01 1.156319e+00 2.998341e+00 1.136749e-01 -3.329347e-04 -3.001479e-04 -2.468024e-04 -2.589165e-04
 7703.400000 8.399975e-01 1.161067e+00 3.007825e+00 1.118847e-01 -3.250062e-04 -2.860133e-04 -2.678476e-04 -2.767394e-04
 7703.600000 8.398741e-01 1.160633e+00 3.004864e+00 1.124812e-01 -3.195011e-04 -2.840477e-04 -2.502364e-04 -2.767482e-04
 7703.800000 8.324199e-01 1.150045e+00 2.973130e+00 1.119588e-01 -3.129383e-04 -2.856712e-04 -2.513580e-04 -2.731019e-04
 7704.000000 8.366472e-01 1.156371e+00 2.987652e+00 1.102856e-01 -3.041443e-04 -2.858280e-04 -2.482079e-04 -3.075759e-04
 7704.200000 8.375764e-01 1.158025e+00 2.989973e+00 1.124486e-01 -2.994505e-04 -2.813277e-04 -2.552250e-04 -3.075365e-04
 7704.400000 8.361937e-01 1.155990e+00 2.979313e+00 1.123016e-01 -3.032090e-04 -2.734268e-04 -2.598402e-04 -2.957481e-04
 7704.600000 8.364167e-01 1.155923e+00 2.976065e+00 1.122588e-01 -3.138137e-04 -2.884422e-04 -2.603706e-04 -3.048267e-04
 7704.800000 8.271365e-01 1.143582e+00 2.938593e+00 1.081787e-01 -3.228229e-04 -2.957360e-04 -2.509275e-04 -3.104278e-04
 7705.000000 8.381539e-01 1.159187e+00 2.976194e+00 1.113847e-01 -3.287969e-04 -2.911031e-04 -2.482163e-04 -3.041602e-04
 7705.200000 8.358056e-01 1.156383e+00 2.960957e+00 1.133877e-01 -3.245386e-04 -2.892266e-04 -2.573076e-04 -2.977132e-04
 7705.400000 8.377601e-01 1.159236e+00 2.964118e+00 1.120273e-01 -3.376722e-04 -2.932317e-04 -2.588528e-04 -2.973897e-04
 7705.600000 8.369885e-01 1.158128e+00 2.955320e+00 1.115616e-01 -3.330317e-04 -2.943535e-04 -2.614486e-04 -3.051402e-04
 7705.800000 8.365452e-01 1.157471e+00 2.944649e+00 1.112131e-01 -3.223225e-04 -2.885465e-04 -2.527365e-04 -2.653718e-04
 7706.000000 8.367847e-01 1.158056e+00 2.936794e+00 1.142727e-01 -3.206209e-04 -2.927365e-04 -2.411407e-04 -2.498329e-04
 7706.200000 8.360451e-01 1.158244e+00 2.928245e+00 1.095024e-01 -3.290326e-04 -2.909268e-04 -2.496114e-04 -2.491967e-04
 7706.400000 8.366685e-01 1.158882e+00 2.918430e+00 1.115434e-01 -3.277459e-04 -2.812894e-04 -2.430089e-04 -2.663169e-04
 7706.600000 8.343705e-01 1.155405e+00 2.894040e+00 1.117123e-01 -3.206452e-04 -2.830852e-04 -2.419156e-04 -2.658187e-04
 7706.800000 8.358786e-01 1.158017e+00 2.882647e+00 1.130025e-01 -3.169612e-04 -2.849156e-04 -2.549782e-04 -2.615527e-04
 7707.000000 8.353068e-01 1.157257e+00 2.859238e+00 1.097266e-01 -3.252932e-04 -2.827686e-04 -2.518647e-04 -2.477795e-04
 7707.200000 8.330854e-01 1.154149e+00 2.823612e+00 1.121445e-01 -3.233590e-04 -2.853974e-04 -2.550309e-04 -2.478741e-04
 7707.400000 8.377452e-01 1.160745e+00 2.808666e+00 1.120328e-01 -3.244433e-04 -2.767072e-04 -2.495090e-04 -2.457531e-04
 7707.600000 8.306496e-01 1.150666e+00 2.739555e+00 1.111695e-01 -3.101077e-04 -2.779518e-04 -2.569426e-04 -2.456295e-04
 7707.800000 8.309955e-01 1.151824e+00 2.690789e+00 1.125902e-01 -3.147073e-04 -2.735102e-04 -2.587417e-04 -2.357055e-04
 7708.000000 8.373321e-01 1.161193e+00 2.656296e+00 1.121574e-01 -3.232414e-04 -2.780855e-04 -2.560461e-04 -2.297771e-04
 7708.200000 8.376303e-01 1.161538e+00 2.592672e+00 1.127858e-01 -3.251068e-04 -2.787859e-04 -2.484902e-04 -2.344703e-04
 7708.400000 8.383812e-01 1.162796e+00 2.525657e+00 1.121552e-01 -3.203318e-04 -2.798546e-04 -2.434720e-04 -2.358851e-04
 7708.600000 8.395607e-01 1.164364e+00 2.461534e+00 1.131891e-01 -3.162264e-04 -2.857413e-04 -2.551672e-04 -2.384523e-04
 7708.800000 8.363450e-01 1.159611e+00 2.384297e+00 1.116475e-01 -3.175171e-04 -2.913235e-04 -2.570097e-04 -2.452487e-04
 7709.000000 8.393775e-01 1.164167e+00 2.331580e+00 1.132686e-01 -3.146655e-04 -2.863518e-04 -2.510820e-04 -2.565755e-04
 7709.200000 8.372913e-01 1.161437e+00 2.265254e+00 1.120341e-01 -3.123382e-04 -2.898575e-04 -2.463910e-04 -2.510136e-04
 7709.400000 8.358226e-01 1.159460e+00 2.205529e+00 1.118884e-01 -3.126848e-04 -2.913286e-04 -2.540750e-04 -2.440105e-04
 7709.600000 8.381325e-01 1.163067e+00 2.157561e+00 1.124445e-01 -3.170458e-04 -2.843217e-04 -2.533837e-04 -2.414809e-04
 7709.800000 8.374049e-01 1.162167e+00 2.104596e+00 1.127998e-01 -3.192184e-04 -2.809783e-04 -2.492810e-04 -2.541647e-04
 7710.000000 8.358599e-01 1.160067e+00 2.052552e+00 1.125442e-01 -3.242112e-04 -2.935397e-04 -2.605982e-04 -2.489870e-04
 7710.200000 8.367194e-01 1.161379e+00 2.011678e+00 1.130481e-01 -3.160532e-04 -2.918310e-04 -2.604218e-04 -2.417140e-04
 7710.400000 8.350453e-01 1.159069e+00 1.966458e+00 1.120672e-01 -3.191734e-04 -2.886111e-04 -2.670152e-04 -2.472320e-04
 7710.600000 8.363131e-01 1.161180e+00 1.933836e+00 1.133003e-01 -3.203647e-04 -2.860232e-04 -2.657864e-04 -2.461814e-04
 7710.800000 8.367827e-01 1.162067e+00 1.905340e+00 1.131706e-01 -3.138150e-04 -2.833164e-04 -2.623411e-04 -2.384338e-04
 7711.000000 8.366459e-01 1.162254e+00 1.877665e+00 1.128274e-01 -3.241585e-04 -2.900842e-04 -2.685597e-04 -2.473226e-04
 7711.200000 8.372896e-01 1.163219e+00 1.855230e+00 1.131067e-01 -3.334698e-04 -2.991385e-04 -2.634319e-04 -2.563997e-04
 7711.400000 8.374827e-01 1.163962e+00 1.835326e+00 1.130513e-01 -3.229303e-04 -2.992413e-04 -2.667682e-04 -2.506187e-04
 7711.600000 8.357688e-01 1.161801e+00 1.814826e+00 1.131303e-01 -3.202115e-04 -2.879509e-04 -2.592660e-04 -2.475387e-04
 7711.800000 8.367629e-01 1.163129e+00 1.802571e+00 1.138323e-01 -3.199242e-04 -3.011247e-04 -2.447505e-04 -2.456490e-04
 7712.000000 8.371482e-01 1.163735e+00 1.792783e+00 1.144017e-01 -3.206353e-04 -3.081693e-04 -2.510511e-04 -2.409718e-04
 7712.200000 8.374064e-01 1.163672e+00 1.782994e+00 1.152384e-01 -3.299377e-04 -3.075379e-04 -2.471463e-04 -2.403631e-04
 7712.400000 8.362015e-01 1.161743e+00 1.772508e+00 1.148140e-01 -3.298990e-04 -2.985601e-04 -2.471789e-04 -2.462883e-04
 7712.600000 8.379901e-01 1.163885e+00 1.771545e+00 1.149504e-01 -3.248227e-04 -3.074396e-04 -2.477596e-04 -2.512015e-04
 7712.800000 8.369361e-01 1.162409e+00 1.765138e+00 1.155065e-01 -3.261402e-04 -3.088664e-04 -2.474429e-04 -2.495866e-04
 7713.000000 8.370855e-01 1.162900e+00 1.761673e+00 1.162716e-01 -3.285595e-04 -3.054456e-04 -2.480281e-04 -2.555589e-04
 7713.200000 8.370832e-01 1.163182e+00 1.757539e+00 1.165519e-01 -3.322960e-04 -3.045430e-04 -2.492547e-04 -2.562991e-04
 7713.400000 8.336714e-01 1.158134e+00 1.744319e+00 1.161140e-01 -3.327993e-04 -3.050702e-04 -2.489889e-04 -2.499252e-04
 7713.600000 8.369462e-01 1.163226e+00 1.745181e+00 1.171989e-01 -3.236377e-04 -3.087040e-04 -2.429191e-04 -2.393685e-04
 7713.800000 8.338077e-01 1.158799e+00 1.731608e+00 1.174688e-01 -3.196702e-04 -3.037164e-04 -2.366433e-04 -2.370586e-04
 7714.000000 8.325643e-01 1.156906e+00 1.716977e+00 1.166773e-01 -3.302317e-04 -3.015853e-04 -2.403751e-04 -2.331236e-04
 7714.200000 8.353554e-01 1.161225e+00 1.709968e+00 1.184721e-01 -3.307075e-04 -3.190646e-04 -2.475107e-04 -2.401339e-04
 7714.400000 8.343069e-01 1.159892e+00 1.691059e+00 1.187966e-01 -3.202554e-04 -3.260697e-04 -2.459389e-04 -2.357361e-04
 7714.600000 8.364380e-01 1.162563e+00 1.678231e+00 1.196697e-01 -3.176822e-04 -3.173025e-04 -2.409044e-04 -2.328260e-04
 7714.800000 8.352041e-01 1.160968e+00 1.655576e+00 1.194567e-01 -3.232750e-04 -3.090587e-04 -2.505381e-04 -2.422900e-04
 7715.000000 8.347983e-01 1.160524e+00 1.633665e+00 1.200438e-01 -3.237445e-04 -3.148980e-04 -2.406425e-04 -2.424794e-04
 7715.200000 8.339977e-01 1.159493e+00 1.609581e+00 1.194228e-01 -3.202372e-04 -3.186044e-04 -2.390297e-04 -2.403664e-04
 7715.400000 8.326308e-01 1.157876e+00 1.583526e+00 1.195489e-01 -3.179641e-04 -3.194481e-04 -2.568197e-04 -2.388473e-04
 7715.600000 8.345218e-01 1.160717e+00 1.566831e+00 1.184595e-01 -3.175761e-04 -3.161610e-04 -2.597416e-04 -2.323992e-04
 7715.800000 8.365719e-01 1.164261e+00 1.549610e+00 1.205844e-01 -3.167248e-04 -3.133265e-04 -2.523221e-04 -2.408069e-04
 7716.000000 8.370296e-01 1.164842e+00 1.527387e+00 1.184779e-01 -3.185568e-04 -3.139783e-04 -2.456043e-04 -2.376990e-04
 7716.200000 8.349518e-01 1.161771e+00 1.501649e+00 1.203355e-01 -3.187473e-04 -3.104026e-04 -2.498675e-04 -2.362529e-04
 7716.400000 8.332000e-01 1.159722e+00 1.477236e+00 1.184221e-01 -3.206053e-04 -3.133810e-04 -2.606726e-04 -2.380695e-04
 7716.600000 8.320111e-01 1.157998e+00 1.453080e+00 1.194167e-01 -3.221729e-04 -3.069882e-04 -2.603503e-04 -2.341970e-04
 7716.800000 8.341271e-01 1.161106e+00 1.437495e+00 1.189553e-01 -3.202474e-04 -3.059500e-04 -2.630488e-04 -2.405516e-04
 7717.000000 8.306150e-01 1.156625e+00 1.410790e+00 1.190752e-01 -3.204503e-04 -3.124800e-04 -2.710738e-04 -2.341870e-04
 7717.200000 8.352507e-01 1.163081e+00 1.399781e+00 1.189373e-01 -3.177262e-04 -3.048382e-04 -2.668037e-04 -2.393083e-04
 7717.400000 8.314860e-01 1.157576e+00 1.372850e+00 1.194846e-01 -3.132227e-04 -3.061307e-04 -2.391225e-04 -2.347559e-04
 7717.600000 8.347965e-01 1.162962e+00 1.359582e+00 1.205029e-01 -3.178628e-04 -3.052042e-04 -2.356280e-04 -2.383928e-04
 7717.800000 8.334484e-01 1.161179e+00 1.337865e+00 1.209360e-01 -3.168249e-04 -3.057855e-04 -2.546650e-04 -2.372328e-04
 7718.000000 8.356676e-01 1.164178e+00 1.321072e+00 1.200109e-01 -3.113321e-04 -3.043198e-04 -2.560005e-04 -2.397317e-04
 7718.200000 8.349622e-01 1.163142e+00 1.299456e+00 1.221083e-01 -3.019724e-04 -3.075142e-04 -2.507141e-04 -2.364195e-04
 7718.400000 8.308334e-01 1.157393e+00 1.272247e+00 1.204581e-01 -3.023355e-04 -3.135670e-04 -2.587136e-04 -2.404734e-04
 7718.600000 8.359227e-01 1.164225e+00 1.260386e+00 1.219736e-01 -3.085740e-04 -3.212503e-04 -2.622369e-04 -2.344780e-04
 7718.800000 8.346455e-01 1.163040e+00 1.239013e+00 1.224961e-01 -3.091313e-04 -3.133552e-04 -2.707521e-04 -2.263047e-04
 7719.000000 8.372081e-01 1.166361e+00 1.222786e+00 1.236697e-01 -3.054173e-04 -3.146463e-04 -2.631108e-04 -2.239093e-04
 7719.200000 8.333550e-01 1.160720e+00 1.196813e+00 1.229833e-01 -3.017005e-04 -3.103264e-04 -2.633027e-04 -2.361177e-04
 7719.400000 8.316795e-01 1.158448e+00 1.173441e+00 1.236168e-01 -3.042927e-04 -3.138804e-04 -2.611981e-04 -2.346911e-04
 7719.600000 8.356619e-01 1.164364e+00 1.159753e+00 1.239289e-01 -3.140573e-04 -3.170977e-04 -2.721242e-04 -2.348805e-04
 7719.800000 8.337303e-01 1.161689e+00 1.137365e+00 1.249791e-01 -3.080964e-04 -3.122614e-04 -2.738091e-04 -2.275523e-04
 7720.000000 8.341009e-01 1.162437e+00 1.117660e+00 1.244549e-01 -3.098691e-04 -3.180561e-04 -2.721483e-04 -2.401995e-04
 7720.200000 8.367778e-01 1.166355e+00 1.101011e+00 1.262836e-01 -3.174714e-04 -3.193281e-04 -2.698845e-04 -2.355346e-04
 7720.400000 8.262000e-01 1.151090e+00 1.062686e+00 1.250935e-01 -3.124535e-04 -3.109962e-04 -2.800568e-04 -2.339586e-04
 7720.600000 8.320815e-01 1.159295e+00 1.052085e+00 1.222735e-01 -3.073374e-04 -3.066261e-04 -2.752960e-04 -2.394867e-04
 7720.800000 8.327312e-01 1.160521e+00 1.032755e+00 1.291480e-01 -3.048936e-04 -3.038546e-04 -2.604480e-04 -2.414799e-04
 7721.000000 8.330065e-01 1.161079e+00 1.012491e+00 1.262875e-01 -3.057374e-04 -3.004353e-04 -2.669202e-04 -2.400519e-04
 7721.200000 8.287971e-01 1.154719e+00 9.858208e-01 1.255595e-01 -3.110541e-04 -3.013516e-04 -2.700201e-04 -2.358776e-04
 7721.400000 8.352426e-01 1.164352e+00 9.755577e-01 1.282343e-01 -3.184544e-04 -3.061973e-04 -2.716596e-04 -2.476697e-04
 7721.600000 8.341690e-01 1.162437e+00 9.524535e-01 1.286668e-01 -3.096896e-04 -3.039988e-04 -2.792856e-04 -2.403109e-04
 7721.800000 8.239775e-01 1.148099e+00 9.218224e-01 1.261040e-01 -3.107070e-04 -2.919877e-04 -2.624758e-04 -2.345475e-04
 7722.000000 8.350808e-01 1.164203e+00 9.168790e-01 1.282184e-01 -3.030409e-04 -3.041263e-04 -2.702245e-04 -2.303574e-04
 7722.200000 8.344228e-01 1.163404e+00 8.961267e-01 1.269816e-01 -2.987163e-04 -2.967366e-04 -2.638027e-04 -2.375374e-04
 7722.400000 8.304760e-01 1.157348e+00 8.727551e-01 1.297753e-01 -3.016520e-04 -3.031315e-04 -2.662158e-04 -2.333070e-04
 7722.600000 8.318189e-01 1.159648e+00 8.595504e-01 1.294134e-01 -3.117868e-04 -3.008060e-04 -2.732914e-04 -2.464434e-04
 7722.800000 8.366792e-01 1.166613e+00 8.484347e-01 1.304348e-01 -3.191519e-04 -3.069961e-04 -2.663302e-04 -2.326307e-04
 7723.000000 8.309002e-01 1.158986e+00 8.279434e-01 1.308395e-01 -3.112696e-04 -3.056970e-04 -2.702745e-04 -2.297846e-04
 7723.200000 8.329815e-01 1.161699e+00 8.174403e-01 1.285300e-01 -3.148411e-04 -3.032787e-04 -2.741485e-04 -2.283895e-04
 7723.400000 8.353313e-01 1.164843e+00 8.059904e-01 1.302007e-01 -3.086965e-04 -3.081786e-04 -2.709967e-04 -2.374409e-04
 7723.600000 8.344329e-01 1.163177e+00 7.933397e-01 1.310284e-01 -3.058424e-04 -3.044345e-04 -2.673075e-04 -2.415854e-04
 7723.800000 8.321985e-01 1.160118e+00 7.825857e-01 1.302968e-01 -3.084972e-04 -3.131669e-04 -2.625141e-04 -2.428287e-04
 7724.000000 8.316234e-01 1.159976e+00 7.727215e-01 1.318427e-01 -3.058437e-04 -3.304315e-04 -2.556521e-04 -2.341857e-04
 7724.200000 8.365297e-01 1.167190e+00 7.711069e-01 1.332009e-01 -3.055181e-04 -3.265158e-04 -2.609321e-04 -2.283826e-04
 7724.400000 8.344942e-01 1.164101e+00 7.626639e-01 1.305595e-01 -3.059471e-04 -3.209787e-04 -2.786666e-04 -2.459302e-04
 7724.600000 8.354102e-01 1.165408e+00 7.582299e-01 1.323863e-01 -3.046368e-04 -3.287515e-04 -2.806369e-04 -2.383567e-04
 7724.800000 8.249859e-01 1.150558e+00 7.447257e-01 1.308466e-01 -3.134657e-04 -3.252818e-04 -2.622841e-04 -2.382186e-04
 7725.000000 8.388988e-01 1.170302e+00 7.552208e-01 1.328218e-01 -3.076118e-04 -3.268647e-04 -2.607237e-04 -2.498507e-04
 7725.200000 8.347474e-01 1.164440e+00 7.471357e-01 1.322228e-01 -3.039865e-04 -3.227993e-04 -2.732569e-04 -2.458520e-04
 7725.400000 8.323885e-01 1.161515e+00 7.447568e-01 1.308311e-01 -2.984408e-04 -3.213946e-04 -2.594119e-04 -2.308118e-04
 7725.600000 8.342541e-01 1.163921e+00 7.447107e-01 1.370744e-01 -3.025233e-04 -3.302442e-04 -2.689052e-04 -2.240377e-04
 7725.800000 8.361940e-01 1.166718e+00 7.438020e-01 1.341770e-01 -3.087898e-04 -3.293831e-04 -2.585298e-04 -2.210211e-04
 7726.000000 8.350833e-01 1.165357e+00 7.445065e-01 1.337107e-01 -3.064432e-04 -3.259746e-04 -2.669206e-04 -2.271116e-04
 7726.200000 8.312137e-01 1.159376e+00 7.397371e-01 1.360432e-01 -3.089683e-04 -3.255757e-04 -2.689353e-04 -2.274959e-04
 7726.400000 8.327617e-01 1.161928e+00 7.425900e-01 1.327899e-01 -3.072620e-04 -3.272490e-04 -2.694977e-04 -2.224013e-04
 7726.600000 8.249866e-01 1.151085e+00 7.340473e-01 1.328438e-01 -3.014260e-04 -3.299277e-04 -2.631167e-04 -2.238596e-04
 7726.800000 8.353312e-01 1.166330e+00 7.449807e-01 1.358123e-01 -2.970133e-04 -3.260078e-04 -2.541278e-04 -2.220778e-04
 7727.000000 8.328000e-01 1.163050e+00 7.454076e-01 1.357364e-01 -2.968746e-04 -3.302330e-04 -2.542946e-04 -2.359650e-04
 7727.200000 8.319027e-01 1.161782e+00 7.452561e-01 1.343895e-01 -3.003847e-04 -3.255045e-04 -2.600072e-04 -2.417299e-04
 7727.400000 8.343605e-01 1.165467e+00 7.496427e-01 1.360314e-01 -3.101398e-04 -3.194603e-04 -2.608126e-04 -2.358295e-04
 7727.600000 8.370948e-01 1.169642e+00 7.525182e-01 1.366410e-01 -3.118647e-04 -3.022303e-04 -2.649490e-04 -2.437337e-04
 7727.800000 8.351060e-01 1.166343e+00 7.515610e-01 1.369692e-01 -3.060148e-04 -3.093950e-04 -2.585798e-04 -2.363038e-04
 7728.000000 8.331911e-01 1.163924e+00 7.514410e-01 1.340424e-01 -3.061586e-04 -3.087603e-04 -2.590028e-04 -2.409866e-04
 7728.200000 8.340474e-01 1.165248e+00 7.530106e-01 1.385887e-01 -3.042786e-04 -3.001164e-04 -2.542604e-04 -2.400538e-04
 7728.400000 8.323897e-01 1.163224e+00 7.531398e-01 1.346329e-01 -3.056490e-04 -3.018636e-04 -2.522169e-04 -2.358638e-04
 7728.600000 8.348691e-01 1.166993e+00 7.553249e-01 1.344510e-01 -3.024097e-04 -2.960883e-04 -2.459749e-04 -2.435030e-04
 7728.800000 8.350924e-01 1.167236e+00 7.564580e-01 1.350553e-01 -3.021130e-04 -3.003429e-04 -2.506060e-04 -2.382554e-04
 7729.000000 8.277921e-01 1.157386e+00 7.486114e-01 1.339987e-01 -3.109625e-04 -3.234267e-04 -2.566362e-04 -2.360906e-04
 7729.200000 8.365358e-01 1.169465e+00 7.557974e-01 1.362389e-01 -3.184191e-04 -3.197057e-04 -2.555618e-04 -2.404867e-04
 7729.400000 8.290379e-01 1.159445e+00 7.485253e-01 1.351767e-01 -3.097748e-04 -3.136148e-04 -2.635953e-04 -2.416403e-04
 7729.600000 8.366930e-01 1.170625e+00 7.546754e-01 1.353781e-01 -3.118809e-04 -3.223508e-04 -2.697954e-04 -2.499110e-04
 7729.800000 8.356331e-01 1.169348e+00 7.529439e-01 1.379221e-01 -3.142755e-04 -3.215229e-04 -2.552104e-04 -2.407279e-04
 7730.000000 8.328141e-01 1.165168e+00 7.467095e-01 1.351214e-01 -3.220148e-04 -3.169630e-04 -2.678267e-04 -2.356646e-04
 7730.200000 8.271252e-01 1.157227e+00 7.381311e-01 1.322521e-01 -3.290774e-04 -3.168078e-04 -2.815219e-04 -2.431337e-04
 7730.400000 8.374704e-01 1.171973e+00 7.453535e-01 1.388467e-01 -3.303868e-04 -3.082040e-04 -2.724595e-04 -2.485619e-04
 7730.600000 8.311015e-01 1.163253e+00 7.351583e-01 1.361856e-01 -3.258270e-04 -2.955231e-04 -2.509761e-04 -2.503674e-04
 7730.800000 8.308106e-01 1.162415e+00 7.307443e-01 1.350024e-01 -3.163020e-04 -3.042281e-04 -2.400660e-04 -2.472657e-04
 7731.000000 8.336249e-01 1.166814e+00 7.293345e-01 1.354989e-01 -3.125494e-04 -3.088221e-04 -2.512226e-04 -2.604014e-04
 7731.200000 8.217805e-01 1.150886e+00 7.151849e-01 1.320113e-01 -3.136119e-04 -2.986707e-04 -2.469730e-04 -2.485060e-04
 7731.400000 8.366062e-01 1.171734e+00 7.236328e-01 1.381368e-01 -3.188543e-04 -3.022136e-04 -2.537522e-04 -2.428701e-04
 7731.600000 8.349692e-01 1.169724e+00 7.177911e-01 1.353927e-01 -3.180509e-04 -2.938072e-04 -2.568780e-04 -2.385800e-04
 7731.800000 8.320336e-01 1.165419e+00 7.105375e-01 1.364639e-01 -3.212321e-04 -2.897801e-04 -2.628250e-04 -2.350809e-04
 7732.000000 8.293826e-01 1.161792e+00 7.038597e-01 1.377107e-01 -3.151816e-04 -2.824919e-04 -2.521289e-04 -2.478492e-04
 7732.200000 8.283573e-01 1.160002e+00 6.988579e-01 1.341830e-01 -3.169536e-04 -2.902610e-04 -2.591938e-04 -2.463499e-04
 7732.400000 8.372122e-01 1.172647e+00 7.035520e-01 1.371185e-01 -3.210833e-04 -2.973911e-04 -2.641933e-04 -2.533547e-04
 7732.600000 8.318429e-01 1.165022e+00 6.948570e-01 1.363564e-01 -3.177639e-04 -2.960389e-04 -2.686701e-04 -2.539865e-04
 7732.800000 8.336084e-01 1.168133e+00 6.953729e-01 1.385004e-01 -3.208836e-04 -3.013464e-04 -2.858134e-04 -2.519352e-04
 7733.000000 8.337828e-01 1.168844e+00 6.931772e-01 1.322818e-01 -3.206752e-04 -3.065357e-04 -2.812019e-04 -2.514454e-04
 7733.200000 8.286641e-01 1.161063e+00 6.879927e-01 1.393781e-01 -3.115126e-04 -3.173278e-04 -2.706325e-04 -2.469698e-04
 7733.400000 8.308566e-01 1.164739e+00 6.901234e-01 1.335581e-01 -3.092455e-04 -3.234793e-04 -2.775638e-04 -2.582553e-04
 7733.600000 8.373027e-01 1.174097e+00 6.965298e-01 1.385008e-01 -3.010654e-04 -3.166305e-04 -2.736866e-04 -2.659589e-04
 7733.800000 8.305016e-01 1.164840e+00 6.917991e-01 1.373763e-01 -2.993806e-04 -3.211542e-04 -2.743523e-04 -2.583340e-04
 7734.000000 8.369319e-01 1.173659e+00 6.999884e-01 1.376497e-01 -3.096664e-04 -3.271831e-04 -2.771874e-04 -2.524743e-04
 7734.200000 8.317523e-01 1.166234e+00 6.946278e-01 1.380542e-01 -3.046938e-04 -3.248933e-04 -2.579579e-04 -2.327686e-04
 7734.400000 8.292667e-01 1.163389e+00 6.962428e-01 1.363998e-01 -3.011575e-04 -3.278407e-04 -2.698016e-04 -2.301716e-04
 7734.600000 8.322167e-01 1.166954e+00 6.996800e-01 1.371917e-01 -2.971077e-04 -3.346770e-04 -2.787716e-04 -2.372330e-04
 7734.800000 8.288776e-01 1.162448e+00 7.021478e-01 1.363599e-01 -2.944044e-04 -3.223945e-04 -2.644364e-04 -2.313656e-04
 7735.000000 8.321198e-01 1.167358e+00 7.057306e-01 1.348102e-01 -3.105069e-04 -3.221797e-04 -2.586401e-04 -2.223043e-04
 7735.200000 8.359746e-01 1.172989e+00 7.134628e-01 1.389704e-01 -3.182999e-04 -3.300566e-04 -2.663744e-04 -2.319741e-04
 7735.400000 8.241628e-01 1.156641e+00 7.061141e-01 1.346252e-01 -3.137631e-04 -3.319274e-04 -2.712990e-04 -2.441895e-04
 7735.600000 8.224489e-01 1.154860e+00 7.098589e-01 1.350484e-01 -3.190528e-04 -3.247351e-04 -2.811519e-04 -2.540229e-04
 7735.800000 8.294362e-01 1.163974e+00 7.191552e-01 1.376794e-01 -3.263961e-04 -3.224831e-04 -2.849131e-04 -2.648060e-04
 7736.000000 8.348216e-01 1.172625e+00 7.277252e-01 1.329647e-01 -3.200903e-04 -3.272939e-04 -2.736209e-04 -2.603960e-04
 7736.200000 8.282640e-01 1.163290e+00 7.245178e-01 1.378907e-01 -3.180732e-04 -3.151767e-04 -2.684293e-04 -2.556674e-04
 7736.400000 8.354578e-01 1.173627e+00 7.339797e-01 1.376442e-01 -3.207235e-04 -3.184141e-04 -2.771500e-04 -2.576909e-04
 7736.600000 8.345681e-01 1.172672e+00 7.352459e-01 1.391646e-01 -3.140946e-04 -3.287395e-04 -2.548572e-04 -2.507828e-04
 7736.800000 8.305209e-01 1.166575e+00 7.333075e-01 1.379797e-01 -2.999189e-04 -3.263512e-04 -2.777939e-04 -2.515619e-04
 7737.000000 8.277685e-01 1.163095e+00 7.351227e-01 1.313040e-01 -3.134728e-04 -3.194607e-04 -2.728466e-04 -2.528870e-04
 7737.200000 8.321724e-01 1.169284e+00 7.392275e-01 1.362466e-01 -3.153644e-04 -3.167881e-04 -2.762734e-04 -2.461708e-04
 7737.400000 8.292967e-01 1.165652e+00 7.372400e-01 1.376581e-01 -3.189546e-04 -3.259969e-04 -2.701226e-04 -2.378001e-04
 7737.600000 8.368739e-01 1.176647e+00 7.459949e-01 1.374390e-01 -3.125182e-04 -3.227719e-04 -2.713018e-04 -2.486264e-04
 7737.800000 8.316263e-01 1.169725e+00 7.440798e-01 1.375112e-01 -3.131500e-04 -3.292603e-04 -2.694466e-04 -2.489485e-04
 7738.000000 8.261787e-01 1.162339e+00 7.382636e-01 1.323311e-01 -3.001431e-04 -3.198516e-04 -2.656666e-04 -2.465621e-04
 7738.200000 8.223134e-01 1.156746e+00 7.377508e-01 1.339263e-01 -3.069024e-04 -3.122017e-04 -2.743853e-04 -2.514564e-04
 7738.400000 8.322690e-01 1.171107e+00 7.480968e-01 1.351848e-01 -3.135905e-04 -3.254104e-04 -3.042772e-04 -2.477264e-04
 7738.600000 8.359422e-01 1.176534e+00 7.526418e-01 1.369207e-01 -3.066749e-04 -3.321322e-04 -2.720644e-04 -2.365811e-04
 7738.800000 8.312498e-01 1.170297e+00 7.498038e-01 1.351788e-01 -3.081979e-04 -3.366590e-04 -2.483538e-04 -2.406549e-04
 7739.000000 8.354812e-01 1.176887e+00 7.565546e-01 1.363463e-01 -3.181316e-04 -3.295305e-04 -2.744419e-04 -2.466653e-04
 7739.200000 8.183891e-01 1.153253e+00 7.434783e-01 1.278943e-01 -3.132072e-04 -3.209811e-04 -2.718696e-04 -2.380389e-04
 7739.400000 8.359647e-01 1.178590e+00 7.615040e-01 1.333907e-01 -3.176156e-04 -3.236055e-04 -2.802158e-04 -2.464044e-04
 7739.600000 8.343756e-01 1.176339e+00 7.629387e-01 1.339670e-01 -3.172482e-04 -3.394265e-04 -2.826816e-04 -2.387242e-04
 7739.800000 8.244122e-01 1.162200e+00 7.548898e-01 1.340251e-01 -3.169976e-04 -3.379579e-04 -2.749327e-04 -2.297471e-04
 7740.000000 8.252980e-01 1.163361e+00 7.553908e-01 1.338841e-01 -3.181194e-04 -3.295199e-04 -2.732234e-04 -2.316192e-04
 7740.200000 8.205783e-01 1.157231e+00 7.542418e-01 1.332411e-01 -3.181846e-04 -3.267296e-04 -2.650560e-04 -2.340085e-04
 7740.400000 8.327539e-01 1.174529e+00 7.682852e-01 1.316043e-01 -3.089542e-04 -3.247008e-04 -2.709282e-04 -2.275089e-04
 7740.600000 8.274544e-01 1.166811e+00 7.650206e-01 1.307685e-01 -3.186345e-04 -3.270703e-04 -2.718718e-04 -2.488487e-04
 7740.800000 8.277942e-01 1.167023e+00 7.657478e-01 1.326524e-01 -3.209917e-04 -3.226116e-04 -2.677506e-04 -2.483256e-04
 7741.000000 8.300427e-01 1.170943e+00 7.692459e-01 1.351939e-01 -3.181756e-04 -3.255916e-04 -2.713577e-04 -2.560732e-04
 7741.200000 8.093942e-01 1.141928e+00 7.546019e-01 1.309875e-01 -3.069528e-04 -3.171052e-04 -2.590717e-04 -2.401604e-04
 7741.400000 8.360219e-01 1.179859e+00 7.797312e-01 1.325453e-01 -3.314930e-04 -3.319024e-04 -2.626113e-04 -2.441694e-04
 7741.600000 8.082494e-01 1.140115e+00 7.546278e-01 1.294261e-01 -3.216343e-04 -3.305927e-04 -2.624280e-04 -2.469314e-04
 7741.800000 8.311250e-01 1.173246e+00 7.770234e-01 1.278211e-01 -3.261242e-04 -3.399223e-04 -2.657934e-04 -2.387505e-04
 7742.000000 8.104689e-01 1.144622e+00 7.611204e-01 1.298065e-01 -3.173205e-04 -3.267337e-04 -2.645747e-04 -2.418014e-04
 7742.700000 8.004509e-01 1.131481e+00 7.558455e-01 1.288684e-01 -3.248598e-04 -3.153432e-04 -2.740715e-04 -2.460423e-04
 7743.400000 8.236476e-01 1.164902e+00 7.802376e-01 1.309034e-01 -3.147766e-04 -3.121078e-04 -2.706352e-04 -2.502341e-04
 7744.100000 8.309214e-01 1.175081e+00 7.871707e-01 1.321427e-01 -3.110150e-04 -3.074020e-04 -2.652204e-04 -2.368688e-04
 7744.800000 8.326685e-01 1.178250e+00 7.911103e-01 1.329309e-01 -3.099363e-04 -3.120564e-04 -2.596355e-04 -2.354959e-04
 7745.500000 8.317884e-01 1.177871e+00 7.908473e-01 1.315300e-01 -3.091724e-04 -3.248753e-04 -2.624834e-04 -2.352062e-04
 7746.200000 8.313445e-01 1.177520e+00 7.892694e-01 1.329426e-01 -3.058220e-04 -3.222293e-04 -2.851297e-04 -2.386128e-04
 7746.900000 8.311201e-01 1.177642e+00 7.862903e-01 1.306057e-01 -3.017950e-04 -3.251773e-04 -2.768247e-04 -2.418215e-04
 7747.600000 8.308027e-01 1.177557e+00 7.807501e-01 1.327257e-01 -2.986092e-04 -3.230910e-04 -2.674653e-04 -2.349353e-04
 7748.300000 8.306960e-01 1.178073e+00 7.740550e-01 1.319555e-01 -3.065222e-04 -3.231852e-04 -2.671304e-04 -2.349416e-04
 7749.993695 8.301102e-01 1.178592e+00 7.519096e-01 1.311443e-01 -3.014411e-04 -3.141776e-04 -2.632455e-04 -2.490489e-04
 7750.999583 8.284590e-01 1.176759e+00 7.339231e-01 1.317538e-01 -3.088933e-04 -3.060691e-04 -2.667644e-04 -2.392052e-04
 7752.017662 8.286308e-01 1.178353e+00 7.177493e-01 1.322095e-01 -3.186855e-04 -3.102728e-04 -2.727708e-04 -2.429868e-04
 7753.047933 8.297516e-01 1.181328e+00 7.021932e-01 1.312896e-01 -3.119373e-04 -3.027368e-04 -2.820238e-04 -2.474557e-04
 7754.090396 8.278540e-01 1.179165e+00 6.839154e-01 1.306510e-01 -3.149944e-04 -3.015783e-04 -2.757568e-04 -2.431475e-04
 7755.145051 8.287818e-01 1.181217e+00 6.692183e-01 1.317050e-01 -3.119024e-04 -3.011520e-04 -2.707002e-04 -2.340102e-04
 7756.211898 8.286802e-01 1.182363e+00 6.588296e-01 1.299917e-01 -3.149574e-04 -3.101094e-04 -2.803252e-04 -2.389811e-04
 7757.290937 8.286241e-01 1.183131e+00 6.531361e-01 1.306817e-01 -3.101115e-04 -3.201258e-04 -2.799366e-04 -2.442300e-04
 7758.382167 8.259070e-01 1.179062e+00 6.492315e-01 1.305554e-01 -3.041181e-04 -3.291686e-04 -2.776798e-04 -2.522103e-04
 7759.485590 8.267880e-01 1.181811e+00 6.560984e-01 1.309070e-01 -3.063419e-04 -3.293324e-04 -2.663075e-04 -2.539741e-04
 7760.601204 8.286991e-01 1.186112e+00 6.694915e-01 1.314466e-01 -3.069924e-04 -3.200679e-04 -2.707186e-04 -2.573192e-04
 7761.729011 8.271143e-01 1.184882e+00 6.842457e-01 1.308770e-01 -3.059337e-04 -3.103495e-04 -2.622791e-04 -2.473475e-04
 7762.869009 8.278120e-01 1.186648e+00 7.048024e-01 1.323648e-01 -3.139703e-04 -3.092991e-04 -2.613125e-04 -2.430583e-04
 7764.021199 8.269193e-01 1.186041e+00 7.248265e-01 1.328399e-01 -3.144047e-04 -3.054420e-04 -2.559896e-04 -2.472572e-04
 7765.185582 8.273585e-01 1.187688e+00 7.464416e-01 1.321694e-01 -3.159326e-04 -3.001095e-04 -2.656846e-04 -2.435693e-04
 7766.362156 8.275154e-01 1.189083e+00 7.673567e-01 1.338202e-01 -3.083241e-04 -3.083137e-04 -2.757398e-04 -2.443458e-04
 7767.550922 8.269330e-01 1.188964e+00 7.859893e-01 1.340321e-01 -3.070497e-04 -3.121991e-04 -2.682382e-04 -2.492383e-04
 7768.751879 8.271904e-01 1.190015e+00 8.034480e-01 1.332934e-01 -3.063209e-04 -3.133971e-04 -2.741301e-04 -2.440385e-04
 7769.965029 8.262903e-01 1.189893e+00 8.154308e-01 1.334962e-01 -3.060197e-04 -3.185086e-04 -2.653692e-04 -2.342927e-04
 7771.190371 8.269373e-01 1.192071e+00 8.251026e-01 1.324272e-01 -3.130768e-04 -3.191880e-04 -2.618826e-04 -2.400629e-04
 7772.427904 8.249894e-01 1.190084e+00 8.278899e-01 1.338560e-01 -3.125123e-04 -3.229939e-04 -2.607147e-04 -2.348093e-04
 7773.677630 8.266317e-01 1.193406e+00 8.343201e-01 1.331760e-01 -3.059415e-04 -3.198860e-04 -2.596059e-04 -2.327672e-04
 7774.939547 8.249526e-01 1.192516e+00 8.367561e-01 1.330110e-01 -3.020294e-04 -3.076881e-04 -2.685845e-04 -2.375250e-04
 7776.213657 8.258627e-01 1.194432e+00 8.435190e-01 1.334937e-01 -3.102096e-04 -2.918536e-04 -2.658854e-04 -2.318003e-04
 7777.499958 8.239072e-01 1.192436e+00 8.466637e-01 1.347548e-01 -3.182968e-04 -2.897438e-04 -2.713000e-04 -2.406076e-04
 7778.798451 8.254722e-01 1.196142e+00 8.535276e-01 1.324486e-01 -3.131529e-04 -3.035353e-04 -2.655525e-04 -2.435158e-04
 7780.109136 8.232498e-01 1.193876e+00 8.513930e-01 1.336926e-01 -3.097923e-04 -3.195028e-04 -2.617729e-04 -2.368503e-04
 7781.432013 8.250917e-01 1.197415e+00 8.499698e-01 1.344368e-01 -3.148696e-04 -3.157539e-04 -2.572532e-04 -2.358791e-04
 7782.767082 8.236110e-01 1.196068e+00 8.432049e-01 1.343562e-01 -3.234305e-04 -3.223689e-04 -2.732681e-04 -2.396542e-04
 7784.114342 8.239219e-01 1.198182e+00 8.376886e-01 1.348276e-01 -3.191208e-04 -3.114652e-04 -2.692252e-04 -2.434619e-04
 7785.473795 8.237623e-01 1.199204e+00 8.316624e-01 1.348824e-01 -3.190821e-04 -3.058929e-04 -2.590452e-04 -2.380278e-04
 7786.845440 8.226902e-01 1.198440e+00 8.237010e-01 1.344601e-01 -3.195897e-04 -3.143826e-04 -2.651945e-04 -2.353537e-04
 7788.229276 8.229766e-01 1.200257e+00 8.173321e-01 1.351419e-01 -3.173804e-04 -3.180249e-04 -2.660620e-04 -2.480036e-04
 7789.625305 8.222356e-01 1.200092e+00 8.076358e-01 1.338425e-01 -3.228790e-04 -3.177186e-04 -2.688163e-04 -2.477435e-04
 7791.033525 8.224983e-01 1.201494e+00 7.986772e-01 1.354274e-01 -3.257858e-04 -3.051042e-04 -2.681341e-04 -2.437410e-04
 7792.453937 8.224265e-01 1.202939e+00 7.902775e-01 1.355835e-01 -3.237592e-04 -3.160831e-04 -2.658576e-04 -2.390512e-04
 7793.886541 8.225263e-01 1.204045e+00 7.829987e-01 1.351117e-01 -3.232652e-04 -3.307222e-04 -2.592224e-04 -2.389406e-04
 7795.331337 8.208973e-01 1.202732e+00 7.718773e-01 1.363949e-01 -3.169178e-04 -3.196333e-04 -2.513225e-04 -2.371036e-04
 7796.788325 8.222363e-01 1.206235e+00 7.641195e-01 1.345303e-01 -3.190665e-04 -3.179026e-04 -2.461513e-04 -2.429412e-04
 7798.257505 8.206552e-01 1.205090e+00 7.498681e-01 1.346234e-01 -3.169636e-04 -3.348671e-04 -2.494741e-04 -2.445863e-04
 7799.738877 8.223021e-01 1.208507e+00 7.364264e-01 1.354473e-01 -3.216870e-04 -3.335577e-04 -2.583190e-04 -2.456778e-04
 7801.232440 8.192562e-01 1.205148e+00 7.185896e-01 1.359146e-01 -3.258000e-04 -3.272090e-04 -2.678090e-04 -2.485726e-04
 7802.738196 8.193240e-01 1.206332e+00 7.039148e-01 1.348433e-01 -3.292616e-04 -3.265260e-04 -2.656112e-04 -2.328754e-04
 7804.256143 8.200253e-01 1.209318e+00 6.934332e-01 1.357260e-01 -3.265126e-04 -3.270349e-04 -2.581713e-04 -2.303595e-04
 7805.786283 8.208464e-01 1.211798e+00 6.882887e-01 1.360490e-01 -3.240227e-04 -3.283772e-04 -2.608375e-04 -2.373585e-04
 7807.328614 8.195206e-01 1.211222e+00 6.866659e-01 1.352882e-01 -3.142690e-04 -3.260722e-04 -2.544982e-04 -2.439891e-04
 7808.883137 8.199837e-01 1.213044e+00 6.924806e-01 1.364462e-01 -3.035130e-04 -3.252808e-04 -2.452932e-04 -2.437136e-04
 7810.449852 8.189731e-01 1.212598e+00 7.014573e-01 1.350534e-01 -3.042058e-04 -3.248516e-04 -2.509671e-04 -2.410884e-04
 7812.028759 8.195111e-01 1.215271e+00 7.141880e-01 1.361578e-01 -3.145592e-04 -3.115539e-04 -2.445401e-04 -2.274902e-04
 7813.619858 8.189305e-01 1.215558e+00 7.275977e-01 1.348592e-01 -3.195143e-04 -3.144603e-04 -2.430569e-04 -2.244824e-04
 7815.223149 8.190980e-01 1.217008e+00 7.432736e-01 1.361329e-01 -3.102908e-04 -3.117822e-04 -2.515837e-04 -2.287440e-04
 7816.838632 8.185774e-01 1.217702e+00 7.609083e-01 1.351427e-01 -3.077610e-04 -3.123657e-04 -2.531201e-04 -2.364227e-04
 7818.466307 8.184090e-01 1.218617e+00 7.784337e-01 1.355233e-01 -3.060206e-04 -3.150660e-04 -2.516268e-04 -2.423680e-04
 7820.106173 8.181775e-01 1.219642e+00 7.938309e-01 1.347387e-01 -3.168366e-04 -3.119416e-04 -2.395043e-04 -2.347717e-04
 7821.758232 8.186475e-01 1.222271e+00 8.129857e-01 1.354697e-01 -3.228323e-04 -3.045534e-04 -2.508166e-04 -2.422162e-04
 7823.422482 8.180398e-01 1.222450e+00 8.291879e-01 1.349151e-01 -3.197721e-04 -3.030796e-04 -2.718274e-04 -2.427639e-04
 7825.098924 8.170282e-01 1.222492e+00 8.475914e-01 1.364201e-01 -3.157742e-04 -3.081854e-04 -2.645738e-04 -2.270542e-04
 7826.787558 8.176059e-01 1.224958e+00 8.713045e-01 1.351824e-01 -3.199276e-04 -3.031396e-04 -2.649925e-04 -2.265477e-04
 7828.488385 8.119265e-01 1.218007e+00 8.872985e-01 1.347640e-01 -3.188853e-04 -3.001310e-04 -2.618458e-04 -2.288096e-04
 7830.201403 8.107280e-01 1.217800e+00 9.045527e-01 1.339242e-01 -3.256380e-04 -3.102133e-04 -2.742637e-04 -2.224158e-04
 7831.926613 8.152263e-01 1.225581e+00 9.226507e-01 1.353688e-01 -3.221529e-04 -3.154084e-04 -2.663598e-04 -2.178377e-04
 7833.664014 8.147041e-01 1.226233e+00 9.301403e-01 1.359590e-01 -3.228535e-04 -3.071853e-04 -2.651010e-04 -2.214517e-04
 7835.413608 8.153264e-01 1.228998e+00 9.318375e-01 1.353993e-01 -3.219473e-04 -3.161708e-04 -2.596050e-04 -2.222658e-04
 7837.175394 8.149828e-01 1.230008e+00 9.284540e-01 1.353601e-01 -3.240166e-04 -3.219905e-04 -2.546680e-04 -2.310345e-04
 7838.949371 8.145679e-01 1.230270e+00 9.210535e-01 1.361345e-01 -3.254546e-04 -3.158281e-04 -2.578292e-04 -2.329602e-04
 7840.735541 8.142260e-01 1.231512e+00 9.118598e-01 1.355669e-01 -3.173399e-04 -3.122290e-04 -2.652981e-04 -2.273861e-04
 7842.533902 8.140777e-01 1.232832e+00 9.015620e-01 1.359317e-01 -3.098458e-04 -3.123994e-04 -2.605971e-04 -2.339016e-04
 7844.344455 8.126912e-01 1.232036e+00 8.896650e-01 1.347877e-01 -3.101612e-04 -3.153081e-04 -2.612565e-04 -2.376380e-04
 7846.167201 8.135419e-01 1.234711e+00 8.816598e-01 1.366969e-01 -3.239290e-04 -3.098229e-04 -2.543412e-04 -2.331032e-04
 7848.002138 8.135523e-01 1.236609e+00 8.769334e-01 1.353976e-01 -3.197057e-04 -3.107157e-04 -2.564189e-04 -2.306691e-04
 7849.849267 8.122304e-01 1.236127e+00 8.737412e-01 1.365416e-01 -3.242752e-04 -3.136477e-04 -2.626554e-04 -2.281139e-04
 7851.708588 8.131533e-01 1.239226e+00 8.774665e-01 1.353420e-01 -3.253028e-04 -3.135764e-04 -2.591921e-04 -2.334921e-04
 7853.580100 8.096374e-01 1.235044e+00 8.767691e-01 1.363342e-01 -3.249074e-04 -3.190266e-04 -2.606001e-04 -2.435698e-04
 7855.463805 8.058229e-01 1.230370e+00 8.743103e-01 1.351141e-01 -3.204172e-04 -3.106780e-04 -2.643576e-04 -2.379332e-04
 7857.359702 8.100496e-01 1.238581e+00 8.747145e-01 1.357478e-01 -3.246161e-04 -3.131687e-04 -2.590944e-04 -2.322079e-04
 7859.267790 8.114545e-01 1.242751e+00 8.659927e-01 1.360165e-01 -3.196145e-04 -3.042778e-04 -2.613199e-04 -2.304190e-04
 7861.188071 8.099851e-01 1.241965e+00 8.457829e-01 1.367040e-01 -3.137824e-04 -3.038593e-04 -2.673472e-04 -2.323647e-04
 7863.120543 8.099683e-01 1.243120e+00 8.241299e-01 1.372215e-01 -3.170373e-04 -3.082398e-04 -2.613367e-04 -2.251765e-04
 7865.065207 8.096690e-01 1.244306e+00 8.020972e-01 1.368061e-01 -3.200468e-04 -3.034432e-04 -2.542673e-04 -2.104087e-04
 7867.022064 8.106069e-01 1.247319e+00 7.852772e-01 1.368081e-01 -3.192388e-04 -2.986205e-04 -2.734942e-04 -2.207066e-04
 7868.991112 8.087457e-01 1.245765e+00 7.701089e-01 1.380877e-01 -3.148072e-04 -3.072500e-04 -2.696664e-04 -2.246486e-04
 7870.972352 8.092616e-01 1.248329e+00 7.626191e-01 1.359884e-01 -3.194611e-04 -3.102604e-04 -2.783678e-04 -2.336150e-04
 7872.965784 8.088097e-01 1.249156e+00 7.567855e-01 1.366299e-01 -3.152745e-04 -3.021631e-04 -2.779657e-04 -2.324466e-04
 7874.971407 8.092354e-01 1.251588e+00 7.549965e-01 1.393990e-01 -3.167409e-04 -2.985192e-04 -2.798664e-04 -2.450948e-04
 7876.989223 8.079250e-01 1.251129e+00 7.558814e-01 1.367744e-01 -3.138380e-04 -3.039295e-04 -2.680445e-04 -2.393346e-04
 7879.019231 8.084284e-01 1.253570e+00 7.647729e-01 1.386792e-01 -3.115101e-04 -3.055192e-04 -2.764062e-04 -2.371105e-04
 7881.061430 8.069620e-01 1.253002e+00 7.779268e-01 1.374985e-01 -3.019013e-04 -3.024225e-04 -2.845761e-04 -2.514962e-04
 7883.115822 8.077940e-01 1.255964e+00 8.003489e-01 1.384559e-01 -3.041664e-04 -3.092460e-04 -2.708126e-04 -2.440024e-04
 7885.182405 8.065468e-01 1.255989e+00 8.258503e-01 1.381734e-01 -3.028290e-04 -3.187345e-04 -2.601290e-04 -2.413331e-04
 7887.261180 8.076907e-01 1.259724e+00 8.599179e-01 1.369460e-01 -3.009810e-04 -3.354829e-04 -2.577510e-04 -2.432507e-04
 7889.352148 8.065170e-01 1.259190e+00 8.966428e-01 1.392198e-01 -2.998012e-04 -3.228446e-04 -2.543694e-04 -2.399491e-04
 7891.455307 8.044104e-01 1.257389e+00 9.324147e-01 1.382850e-01 -3.176723e-04 -3.012890e-04 -2.529720e-04 -2.208395e-04
 7893.570658 7.982379e-01 1.249852e+00 9.624705e-01 1.365398e-01 -3.210261e-04 -3.052823e-04 -2.535330e-04 -2.285876e-04
 7895.698201 8.041077e-01 1.260997e+00 9.996450e-01 1.387830e-01 -3.259742e-04 -3.039644e-04 -2.635741e-04 -2.425143e-04
 7897.837935 8.038246e-01 1.261865e+00 1.016713e+00 1.374798e-01 -3.196336e-04 -3.097768e-04 -2.619498e-04 -2.386107e-04
 7899.989862 8.047949e-01 1.265592e+00 1.023811e+00 1.383787e-01 -3.105497e-04 -3.259964e-04 -2.414400e-04 -2.394458e-04
 7902.153981 8.038407e-01 1.265858e+00 1.016257e+00 1.375022e-01 -3.203641e-04 -3.269728e-04 -2.542982e-04 -2.339817e-04
 7904.330291 8.029155e-01 1.265624e+00 1.002054e+00 1.383759e-01 -3.130299e-04 -3.128400e-04 -2.571714e-04 -2.265380e-04
 7906.518794 8.027929e-01 1.267868e+00 9.864768e-01 1.379185e-01 -2.975346e-04 -3.126115e-04 -2.569038e-04 -2.254321e-04
 7908.719488 8.030502e-01 1.269972e+00 9.724971e-01 1.391040e-01 -3.010979e-04 -3.127521e-04 -2.588446e-04 -2.360953e-04
 7910.932374 8.028913e-01 1.271608e+00 9.598567e-01 1.382732e-01 -3.042552e-04 -3.059067e-04 -2.490029e-04 -2.296481e-04
 7913.157453 8.030178e-01 1.273625e+00 9.503034e-01 1.390417e-01 -3.057354e-04 -3.172429e-04 -2.570063e-04 -2.403759e-04
 7915.394723 8.013851e-01 1.273096e+00 9.422347e-01 1.374006e-01 -3.126039e-04 -3.176192e-04 -2.454460e-04 -2.348756e-04
 7917.644185 8.016351e-01 1.275028e+00 9.390116e-01 1.390630e-01 -3.076015e-04 -3.191441e-04 -2.523562e-04 -2.400134e-04
 7919.905838 8.012879e-01 1.276479e+00 9.395131e-01 1.390714e-01 -3.145723e-04 -3.151744e-04 -2.507079e-04 -2.352158e-04
 7922.179684 8.014272e-01 1.278802e+00 9.430310e-01 1.373385e-01 -3.109804e-04 -3.175775e-04 -2.550475e-04 -2.412771e-04
 7924.465722 8.006156e-01 1.279394e+00 9.464143e-01 1.387547e-01 -3.046137e-04 -3.207712e-04 -2.575154e-04 -2.314337e-04
 7926.763952 7.998930e-01 1.279638e+00 9.497981e-01 1.390368e-01 -2.978424e-04 -3.186424e-04 -2.483033e-04 -2.319051e-04
 7929.074373 7.991139e-01 1.280240e+00 9.561405e-01 1.392040e-01 -2.979745e-04 -3.089002e-04 -2.436660e-04 -2.341316e-04
 7931.396987 7.987808e-01 1.281686e+00 9.641865e-01 1.395390e-01 -3.023582e-04 -3.139512e-04 -2.374693e-04 -2.357535e-04
 7933.731792 7.987707e-01 1.283934e+00 9.734601e-01 1.375205e-01 -3.054926e-04 -3.224812e-04 -2.386681e-04 -2.392126e-04
 7936.078789 7.947835e-01 1.279089e+00 9.743038e-01 1.382452e-01 -3.108054e-04 -3.202475e-04 -2.324856e-04 -2.277365e-04
 7938.437978 7.850363e-01 1.265550e+00 9.632073e-01 1.380975e-01 -3.105360e-04 -3.071259e-04 -2.394663e-04 -2.333172e-04
 7940.809359 7.980707e-01 1.288444e+00 9.715286e-01 1.387266e-01 -3.009243e-04 -3.193114e-04 -2.555016e-04 -2.314208e-04
 7943.192932 7.988699e-01 1.291468e+00 9.599181e-01 1.393301e-01 -3.055749e-04 -3.223106e-04 -2.716396e-04 -2.337238e-04
 7945.588697 7.976057e-01 1.291686e+00 9.452777e-01 1.395123e-01 -3.073464e-04 -3.308333e-04 -2.651201e-04 -2.285351e-04
 7947.996654 7.978888e-01 1.294196e+00 9.338757e-01 1.401681e-01 -3.078630e-04 -3.186899e-04 -2.567136e-04 -2.384057e-04
 7950.416803 7.968069e-01 1.294270e+00 9.228405e-01 1.398858e-01 -3.022658e-04 -3.017767e-04 -2.530102e-04 -2.397178e-04
 7952.849143 7.967114e-01 1.296565e+00 9.170604e-01 1.389556e-01 -3.264917e-04 -3.122572e-04 -2.570833e-04 -2.365585e-04
 7955.293676 7.954658e-01 1.296611e+00 9.114300e-01 1.408330e-01 -3.288833e-04 -3.121850e-04 -2.541390e-04 -2.308998e-04
 7957.750400 7.955218e-01 1.298540e+00 9.121018e-01 1.394031e-01 -3.277726e-04 -3.078747e-04 -2.728214e-04 -2.232068e-04
 7960.219317 7.952684e-01 1.300346e+00 9.174365e-01 1.408553e-01 -3.230683e-04 -3.021271e-04 -2.728100e-04 -2.306868e-04
 7962.700425 7.946947e-01 1.301797e+00 9.286982e-01 1.399051e-01 -3.224466e-04 -3.067976e-04 -2.622075e-04 -2.427504e-04
 7965.193725 7.944065e-01 1.303223e+00 9.455260e-01 1.404432e-01 -3.279287e-04 -3.078046e-04 -2.561444e-04 -2.385423e-04
 7967.699217 7.937703e-01 1.304354e+00 9.662316e-01 1.394823e-01 -3.298567e-04 -3.102278e-04 -2.494582e-04 -2.341778e-04
 7970.216901 7.936436e-01 1.306106e+00 9.893522e-01 1.400969e-01 -3.284903e-04 -2.923260e-04 -2.467618e-04 -2.412338e-04
 7972.746777 7.931903e-01 1.307522e+00 1.011699e+00 1.391175e-01 -3.328136e-04 -2.965204e-04 -2.627778e-04 -2.504193e-04
 7975.288845 7.928334e-01 1.309100e+00 1.031985e+00 1.400198e-01 -3.333112e-04 -3.018061e-04 -2.653952e-04 -2.405744e-04
 7977.843105 7.922940e-01 1.310183e+00 1.047425e+00 1.407060e-01 -3.275295e-04 -2.914836e-04 -2.617423e-04 -2.377739e-04
 7980.409556 7.917983e-01 1.311191e+00 1.056014e+00 1.403978e-01 -3.252619e-04 -2.899336e-04 -2.687540e-04 -2.337924e-04
 7982.988200 7.880150e-01 1.307381e+00 1.060799e+00 1.404777e-01 -3.262024e-04 -2.956148e-04 -2.652063e-04 -2.293816e-04
 7985.579035 7.873578e-01 1.308817e+00 1.066542e+00 1.411127e-01 -3.367969e-04 -2.966203e-04 -2.743978e-04 -2.446426e-04
 7988.182062 7.897639e-01 1.314848e+00 1.075561e+00 1.406562e-01 -3.268529e-04 -2.920253e-04 -2.661635e-04 -2.439342e-04
 7990.797282 7.895384e-01 1.316791e+00 1.081452e+00 1.407086e-01 -3.229428e-04 -2.942369e-04 -2.551921e-04 -2.458889e-04
 7993.424693 7.889908e-01 1.317848e+00 1.085846e+00 1.411067e-01 -3.080659e-04 -2.901363e-04 -2.620343e-04 -2.435371e-04
 7996.064296 7.886824e-01 1.319529e+00 1.091867e+00 1.415921e-01 -3.140729e-04 -2.886446e-04 -2.756636e-04 -2.312548e-04
 7998.716091 7.886284e-01 1.321670e+00 1.096342e+00 1.405199e-01 -3.163986e-04 -2.899245e-04 -2.632653e-04 -2.403088e-04
 8001.380078 7.877256e-01 1.321983e+00 1.099064e+00 1.417124e-01 -3.145682e-04 -2.963616e-04 -2.538022e-04 -2.348861e-04
 8004.056256 7.873453e-01 1.323665e+00 1.099975e+00 1.410283e-01 -3.176653e-04 -3.050226e-04 -2.498075e-04 -2.336194e-04
 8006.744627 7.867601e-01 1.325372e+00 1.098373e+00 1.419861e-01 -3.199784e-04 -3.095711e-04 -2.517483e-04 -2.379136e-04
 8009.445190 7.867936e-01 1.327678e+00 1.097294e+00 1.415489e-01 -3.181897e-04 -2.997375e-04 -2.441918e-04 -2.367905e-04
 8012.157944 7.859210e-01 1.328428e+00 1.093857e+00 1.413181e-01 -3.197617e-04 -3.006089e-04 -2.520878e-04 -2.405465e-04
 8014.882891 7.854173e-01 1.329652e+00 1.091198e+00 1.417310e-01 -3.186403e-04 -3.044716e-04 -2.518619e-04 -2.348906e-04
 8017.620029 7.849531e-01 1.331060e+00 1.089491e+00 1.416737e-01 -3.176490e-04 -3.044902e-04 -2.473477e-04 -2.433768e-04
 8020.369359 7.847340e-01 1.333412e+00 1.089349e+00 1.413259e-01 -3.188082e-04 -2.947405e-04 -2.485005e-04 -2.406934e-04
 8023.130881 7.839373e-01 1.334279e+00 1.088931e+00 1.414748e-01 -3.142516e-04 -2.883338e-04 -2.486091e-04 -2.492706e-04
 8025.904595 7.836416e-01 1.335801e+00 1.088864e+00 1.419054e-01 -3.214167e-04 -2.833878e-04 -2.435269e-04 -2.474761e-04
 8028.690501 7.834183e-01 1.337920e+00 1.089200e+00 1.423167e-01 -3.210249e-04 -3.013784e-04 -2.439131e-04 -2.425718e-04
 8031.488599 7.824971e-01 1.338675e+00 1.087796e+00 1.425032e-01 -3.227457e-04 -3.052863e-04 -2.500179e-04 -2.384488e-04
 8034.298889 7.821604e-01 1.340779e+00 1.085557e+00 1.420054e-01 -3.274016e-04 -2.998292e-04 -2.536571e-04 -2.354409e-04
 8037.121371 7.815615e-01 1.342128e+00 1.082965e+00 1.435012e-01 -3.236243e-04 -3.025117e-04 -2.611650e-04 -2.258154e-04
 8039.956044 7.809950e-01 1.343296e+00 1.080021e+00 1.419974e-01 -3.123248e-04 -3.053583e-04 -2.523586e-04 -2.280117e-04
 8042.802910 7.804128e-01 1.344805e+00 1.080281e+00 1.425816e-01 -3.109047e-04 -3.064955e-04 -2.561427e-04 -2.315917e-04
 8045.661967 7.792222e-01 1.344825e+00 1.081944e+00 1.421180e-01 -3.185464e-04 -2.968940e-04 -2.459829e-04 -2.310351e-04
 8048.533217 7.790844e-01 1.347306e+00 1.088028e+00 1.436782e-01 -3.257194e-04 -2.975811e-04 -2.497647e-04 -2.414106e-04
 8051.416658 7.761025e-01 1.344196e+00 1.093044e+00 1.418405e-01 -3.267327e-04 -3.098603e-04 -2.558902e-04 -2.397354e-04
 8054.312291 7.568514e-01 1.313453e+00 1.077992e+00 1.396033e-01 -3.229787e-04 -3.142375e-04 -2.541935e-04 -2.347326e-04
 8057.220116 7.711261e-01 1.340597e+00 1.110307e+00 1.414209e-01 -3.295439e-04 -3.055781e-04 -2.453251e-04 -2.717402e-04
 8060.140133 7.794802e-01 1.357567e+00 1.135135e+00 1.432610e-01 -3.261380e-04 -2.975925e-04 -2.364518e-04 -2.840010e-04
 8063.072342 7.786792e-01 1.358584e+00 1.147108e+00 1.418858e-01 -3.213302e-04 -3.132291e-04 -2.327505e-04 -2.807459e-04
 8066.016743 7.777081e-01 1.359533e+00 1.155542e+00 1.426771e-01 -3.267714e-04 -3.087765e-04 -2.343102e-04 -2.924731e-04
 8068.973335 7.768305e-01 1.360185e+00 1.161080e+00 1.431420e-01 -3.218243e-04 -3.126311e-04 -2.422995e-04 -2.892770e-04
 8071.942120 7.765123e-01 1.361932e+00 1.165510e+00 1.433868e-01 -3.194848e-04 -3.150099e-04 -2.461421e-04 -2.845012e-04
 8074.923096 7.751022e-01 1.361850e+00 1.167610e+00 1.434360e-01 -3.212888e-04 -3.093274e-04 -2.393042e-04 -2.807994e-04
 8077.916265 7.748686e-01 1.364156e+00 1.174209e+00 1.426288e-01 -3.200220e-04 -3.057509e-04 -2.432729e-04 -2.885054e-04
 8080.921625 7.737137e-01 1.364633e+00 1.181910e+00 1.434691e-01 -3.161163e-04 -3.129612e-04 -2.405711e-04 -2.826033e-04
 8083.939177 7.726931e-01 1.365335e+00 1.193920e+00 1.430661e-01 -3.095701e-04 -3.146611e-04 -2.444193e-04 -2.697772e-04
 8086.968921 7.711919e-01 1.365647e+00 1.205046e+00 1.436002e-01 -3.068127e-04 -3.072568e-04 -2.443211e-04 -2.674531e-04
 8090.010858 7.620262e-01 1.351634e+00 1.200287e+00 1.412797e-01 -3.191860e-04 -2.956483e-04 -2.357261e-04 -2.695126e-04
 8093.064985 7.536106e-01 1.338673e+00 1.194151e+00 1.413160e-01 -3.301724e-04 -3.070617e-04 -2.457801e-04 -2.783124e-04
 8096.131305 7.729203e-01 1.375840e+00 1.230080e+00 1.445466e-01 -3.295954e-04 -3.080328e-04 -2.529056e-04 -2.788578e-04
 8099.209817 7.722736e-01 1.377538e+00 1.235736e+00 1.441568e-01 -3.275369e-04 -2.981530e-04 -2.484919e-04 -2.771008e-04
 8102.300521 7.712396e-01 1.377724e+00 1.238700e+00 1.436846e-01 -3.284878e-04 -2.972096e-04 -2.421273e-04 -2.466390e-04
 8105.403416 7.702670e-01 1.378601e+00 1.242616e+00 1.451638e-01 -3.222360e-04 -3.085015e-04 -2.504006e-04 -2.222721e-04
 8108.518504 7.705488e-01 1.381792e+00 1.247118e+00 1.442268e-01 -3.357261e-04 -3.068067e-04 -2.433623e-04 -2.317972e-04
 8111.645783 7.697404e-01 1.382761e+00 1.248868e+00 1.441634e-01 -3.265908e-04 -3.076320e-04 -2.419741e-04 -2.384009e-04
 8114.785255 7.684951e-01 1.383119e+00 1.249527e+00 1.445022e-01 -3.205451e-04 -3.117424e-04 -2.474363e-04 -2.396085e-04
 8117.936918 7.679789e-01 1.384762e+00 1.250966e+00 1.444935e-01 -3.186333e-04 -3.041309e-04 -2.476580e-04 -2.454073e-04
 8121.100773 7.678024e-01 1.387432e+00 1.252531e+00 1.451838e-01 -3.162889e-04 -2.935488e-04 -2.426337e-04 -2.520979e-04
 8124.276820 7.672810e-01 1.389048e+00 1.253326e+00 1.439879e-01 -3.192495e-04 -2.866699e-04 -2.401044e-04 -2.386460e-04
 8127.465059 7.664492e-01 1.389779e+00 1.252900e+00 1.443973e-01 -3.189974e-04 -2.838569e-04 -2.343588e-04 -2.356143e-04
 8130.665490 7.660633e-01 1.392220e+00 1.254274e+00 1.447006e-01 -3.193377e-04 -2.842755e-04 -2.349649e-04 -2.472395e-04
 8133.878112 7.652790e-01 1.393358e+00 1.256298e+00 1.448801e-01 -3.085191e-04 -2.797920e-04 -2.314716e-04 -2.396984e-04
 8137.102927 7.643318e-01 1.394078e+00 1.257757e+00 1.444882e-01 -3.135363e-04 -2.826340e-04 -2.255002e-04 -2.357216e-04
 8140.339934 7.642602e-01 1.397029e+00 1.260424e+00 1.454524e-01 -3.215017e-04 -2.935888e-04 -2.362319e-04 -2.377597e-04
 8143.589132 7.639732e-01 1.398757e+00 1.262676e+00 1.448933e-01 -3.191439e-04 -3.007908e-04 -2.402250e-04 -2.358656e-04
 8146.850523 7.629207e-01 1.399546e+00 1.264001e+00 1.453376e-01 -3.130321e-04 -3.012315e-04 -2.391252e-04 -2.343778e-04
 8150.124105 7.627430e-01 1.401783e+00 1.268427e+00 1.454018e-01 -3.123191e-04 -2.990217e-04 -2.313147e-04 -2.338890e-04
 8153.409879 7.625595e-01 1.404005e+00 1.274900e+00 1.458955e-01 -3.065380e-04 -2.995253e-04 -2.218263e-04 -2.386821e-04
 8156.707845 7.614814e-01 1.404860e+00 1.281699e+00 1.445305e-01 -3.079168e-04 -2.949504e-04 -2.353505e-04 -2.374086e-04
 8160.018003 7.601170e-01 1.405103e+00 1.289377e+00 1.453006e-01 -3.138052e-04 -2.912507e-04 -2.417565e-04 -2.258668e-04
 8163.340353 7.605080e-01 1.408953e+00 1.300713e+00 1.454798e-01 -3.140936e-04 -2.869106e-04 -2.434575e-04 -2.336836e-04
 8166.674895 7.597582e-01 1.410478e+00 1.310072e+00 1.463125e-01 -3.205595e-04 -2.855465e-04 -2.422419e-04 -2.470024e-04
 8170.021629 7.584332e-01 1.410367e+00 1.317989e+00 1.454536e-01 -3.219517e-04 -2.910226e-04 -2.431420e-04 -2.454071e-04
 8173.380554 7.585305e-01 1.413374e+00 1.326488e+00 1.459579e-01 -3.344564e-04 -2.903435e-04 -2.395285e-04 -2.437058e-04
 8176.751672 7.576943e-01 1.414589e+00 1.332379e+00 1.459658e-01 -3.283851e-04 -2.956736e-04 -2.418762e-04 -2.468683e-04
 8180.134982 7.570780e-01 1.416236e+00 1.338016e+00 1.469237e-01 -3.216394e-04 -2.980313e-04 -2.485013e-04 -2.398586e-04
 8183.530483 7.564441e-01 1.417636e+00 1.343096e+00 1.457429e-01 -3.168137e-04 -3.070234e-04 -2.431151e-04 -2.513153e-04
 8186.938176 7.556317e-01 1.419172e+00 1.347312e+00 1.456198e-01 -3.127616e-04 -2.978598e-04 -2.344882e-04 -2.528993e-04
 8190.358061 7.549774e-01 1.420760e+00 1.353180e+00 1.463160e-01 -3.212605e-04 -2.914995e-04 -2.317378e-04 -2.474326e-04
 8193.790139 7.548449e-01 1.423615e+00 1.360281e+00 1.466921e-01 -3.173128e-04 -2.926581e-04 -2.431205e-04 -2.459187e-04
 8197.234408 7.536222e-01 1.423409e+00 1.366318e+00 1.467900e-01 -3.103698e-04 -2.987170e-04 -2.507379e-04 -2.529116e-04
 8200.690868 7.534506e-01 1.426024e+00 1.375868e+00 1.465838e-01 -3.205803e-04 -2.908843e-04 -2.423115e-04 -2.541256e-04
 8204.159521 7.532701e-01 1.428779e+00 1.385734e+00 1.470401e-01 -3.255739e-04 -3.048262e-04 -2.396224e-04 -2.494371e-04
 8207.640366 7.521982e-01 1.429381e+00 1.392615e+00 1.469480e-01 -3.175158e-04 -3.096504e-04 -2.471409e-04 -2.387919e-04
 8211.133403 7.518056e-01 1.431241e+00 1.399889e+00 1.467509e-01 -3.141066e-04 -3.042863e-04 -2.397507e-04 -2.400212e-04
 8214.638631 7.510927e-01 1.433200e+00 1.406252e+00 1.462165e-01 -3.237442e-04 -3.112516e-04 -2.439344e-04 -2.458550e-04
 8218.156052 7.503925e-01 1.434872e+00 1.414238e+00 1.473955e-01 -3.229154e-04 -3.045168e-04 -2.450089e-04 -2.487423e-04
 8221.685664 7.499297e-01 1.436612e+00 1.421917e+00 1.469419e-01 -3.244216e-04 -3.145459e-04 -2.427972e-04 -2.462063e-04
 8225.227468 7.491503e-01 1.438177e+00 1.428240e+00 1.473594e-01 -3.157609e-04 -3.213534e-04 -2.451420e-04 -2.395969e-04
 8228.781465 7.486465e-01 1.440324e+00 1.435298e+00 1.473327e-01 -3.132725e-04 -3.140311e-04 -2.340208e-04 -2.445149e-04
 8232.347653 7.478226e-01 1.441623e+00 1.440324e+00 1.477613e-01 -3.226224e-04 -3.006092e-04 -2.327337e-04 -2.388115e-04
 8235.926033 7.473274e-01 1.443237e+00 1.444151e+00 1.473410e-01 -3.166607e-04 -2.986052e-04 -2.341279e-04 -2.352876e-04
 8239.516605 7.467006e-01 1.444765e+00 1.447994e+00 1.478572e-01 -3.109269e-04 -2.947380e-04 -2.419717e-04 -2.330455e-04
 8243.119369 7.460614e-01 1.446903e+00 1.452129e+00 1.485683e-01 -3.115385e-04 -3.003260e-04 -2.420100e-04 -2.378011e-04
 8246.734324 7.452585e-01 1.448235e+00 1.453777e+00 1.473677e-01 -3.211630e-04 -3.069331e-04 -2.408155e-04 -2.372174e-04
 8250.361472 7.448837e-01 1.450417e+00 1.456263e+00 1.474259e-01 -3.200911e-04 -3.070698e-04 -2.438929e-04 -2.312014e-04
 8254.000811 7.439786e-01 1.451839e+00 1.458173e+00 1.473470e-01 -3.222224e-04 -3.084169e-04 -2.395558e-04 -2.297333e-04
 8257.652343 7.436601e-01 1.454030e+00 1.459826e+00 1.479432e-01 -3.174012e-04 -3.043643e-04 -2.396207e-04 -2.413373e-04
 8261.316066 7.427237e-01 1.454704e+00 1.461754e+00 1.473610e-01 -3.207587e-04 -2.979628e-04 -2.330259e-04 -2.454901e-04
 8264.991982 7.423861e-01 1.457465e+00 1.465608e+00 1.486218e-01 -3.221726e-04 -2.997065e-04 -2.351011e-04 -2.407613e-04
 8268.680089 7.415244e-01 1.458889e+00 1.470278e+00 1.492030e-01 -3.186540e-04 -2.994546e-04 -2.417927e-04 -2.349718e-04
 8272.380388 7.402356e-01 1.459327e+00 1.476485e+00 1.482044e-01 -3.209023e-04 -2.980472e-04 -2.382622e-04 -2.295492e-04
 8276.092879 7.382406e-01 1.458327e+00 1.481922e+00 1.489094e-01 -3.221348e-04 -3.020811e-04 -2.455678e-04 -2.392737e-04
 8279.817562 7.379365e-01 1.460679e+00 1.492003e+00 1.479738e-01 -3.222619e-04 -3.067609e-04 -2.500935e-04 -2.433963e-04
 8283.554437 7.387421e-01 1.465612e+00 1.504221e+00 1.483564e-01 -3.185734e-04 -3.121734e-04 -2.508409e-04 -2.369971e-04
 8287.303503 7.377973e-01 1.466585e+00 1.511877e+00 1.481607e-01 -3.206925e-04 -3.095666e-04 -2.471866e-04 -2.413989e-04
 8291.064762 7.377960e-01 1.469578e+00 1.521316e+00 1.490892e-01 -3.177600e-04 -3.056030e-04 -2.394161e-04 -2.408378e-04
 8294.838213 7.364035e-01 1.469344e+00 1.527181e+00 1.488633e-01 -3.125748e-04 -2.991884e-04 -2.456970e-04 -2.383023e-04
 8298.623855 7.366187e-01 1.473592e+00 1.537190e+00 1.495424e-01 -3.134046e-04 -2.916306e-04 -2.578828e-04 -2.434649e-04
 8302.421689 7.354146e-01 1.474116e+00 1.543781e+00 1.490170e-01 -3.120102e-04 -2.914972e-04 -2.546694e-04 -2.384862e-04
 8306.231716 7.347817e-01 1.476026e+00 1.551396e+00 1.497751e-01 -3.217000e-04 -2.807706e-04 -2.551455e-04 -2.409720e-04
 8310.053934 7.345741e-01 1.478840e+00 1.558979e+00 1.491034e-01 -3.224888e-04 -2.809049e-04 -2.528527e-04 -2.379899e-04
 8313.888344 7.333441e-01 1.479393e+00 1.564928e+00 1.493620e-01 -3.221703e-04 -2.938429e-04 -2.620652e-04 -2.385679e-04
 8317.734946 7.330113e-01 1.481520e+00 1.572027e+00 1.496387e-01 -3.202807e-04 -2.908945e-04 -2.693705e-04 -2.482628e-04
 8321.593740 7.324242e-01 1.483509e+00 1.579121e+00 1.498853e-01 -3.199086e-04 -2.948119e-04 -2.632229e-04 -2.564394e-04
 8325.464726 7.318639e-01 1.485531e+00 1.587066e+00 1.498479e-01 -3.216451e-04 -2.938730e-04 -2.589882e-04 -2.433166e-04
 8329.347903 7.311344e-01 1.487252e+00 1.593799e+00 1.503284e-01 -3.198926e-04 -3.104213e-04 -2.684135e-04 -2.417285e-04
 8333.243273 7.300348e-01 1.488439e+00 1.600457e+00 1.496157e-01 -3.202175e-04 -3.134595e-04 -2.685139e-04 -2.424875e-04
 8337.150835 7.287649e-01 1.488528e+00 1.605550e+00 1.498131e-01 -3.210353e-04 -3.169880e-04 -2.776740e-04 -2.441931e-04
 8341.070588 7.281913e-01 1.490535e+00 1.612636e+00 1.498342e-01 -3.169689e-04 -3.277808e-04 -2.824809e-04 -2.417282e-04
 8345.002533 7.272317e-01 1.491704e+00 1.620978e+00 1.504413e-01 -3.132289e-04 -3.229835e-04 -2.621841e-04 -2.465312e-04
 8348.946671 7.259577e-01 1.492458e+00 1.626075e+00 1.507527e-01 -3.160952e-04 -3.055857e-04 -2.671736e-04 -2.463643e-04
 8352.903000 7.247772e-01 1.493195e+00 1.632412e+00 1.500303e-01 -3.176716e-04 -3.129991e-04 -2.652392e-04 -2.448525e-04
 8356.871521 7.236129e-01 1.493600e+00 1.637446e+00 1.496313e-01 -3.317638e-04 -3.064877e-04 -2.599880e-04 -2.417303e-04
 8360.852234 7.232595e-01 1.496030e+00 1.644287e+00 1.500700e-01 -3.350934e-04 -3.010950e-04 -2.653415e-04 -2.313356e-04
 8364.845139 7.231187e-01 1.499402e+00 1.653099e+00 1.508434e-01 -3.325662e-04 -3.161520e-04 -2.590064e-04 -2.282082e-04
 8368.850236 7.220448e-01 1.500391e+00 1.658419e+00 1.502873e-01 -3.230217e-04 -3.292341e-04 -2.563113e-04 -2.317402e-04
 8372.867524 7.213110e-01 1.502064e+00 1.664009e+00 1.506804e-01 -3.120835e-04 -3.235158e-04 -2.526344e-04 -2.345280e-04
 8376.897005 7.210517e-01 1.504796e+00 1.671280e+00 1.507054e-01 -3.119552e-04 -3.166657e-04 -2.420909e-04 -2.417691e-04
 8380.938678 7.201644e-01 1.506090e+00 1.676135e+00 1.516300e-01 -3.136652e-04 -3.071098e-04 -2.424306e-04 -2.495786e-04
 8384.992542 7.191215e-01 1.506684e+00 1.680655e+00 1.513671e-01 -3.225422e-04 -2.887651e-04 -2.430737e-04 -2.419042e-04
 8389.058598 7.188934e-01 1.509706e+00 1.687991e+00 1.505415e-01 -3.244123e-04 -2.844511e-04 -2.509066e-04 -2.372457e-04
 8393.136847 7.178299e-01 1.510744e+00 1.693177e+00 1.512122e-01 -3.310662e-04 -2.983234e-04 -2.598522e-04 -2.494884e-04
 8397.227287 7.164666e-01 1.511077e+00 1.697593e+00 1.514682e-01 -3.210145e-04 -3.038836e-04 -2.644964e-04 -2.459260e-04
 8401.329919 7.162587e-01 1.514005e+00 1.705748e+00 1.510425e-01 -3.214080e-04 -2.916779e-04 -2.552264e-04 -2.407610e-04
 8405.444743 7.150363e-01 1.514555e+00 1.710877e+00 1.516774e-01 -3.283752e-04 -2.962893e-04 -2.544530e-04 -2.468558e-04
 8409.571759 7.150515e-01 1.518451e+00 1.720479e+00 1.510682e-01 -3.313480e-04 -3.041299e-04 -2.547944e-04 -2.461463e-04
 8413.710967 7.142292e-01 1.520053e+00 1.727522e+00 1.517766e-01 -3.397551e-04 -3.108004e-04 -2.641936e-04 -2.797160e-04
 8417.862366 7.130471e-01 1.520650e+00 1.734552e+00 1.518759e-01 -3.419036e-04 -3.105234e-04 -2.569566e-04 -2.882196e-04
 8422.025958 7.126157e-01 1.522855e+00 1.742045e+00 1.515712e-01 -3.349500e-04 -3.035388e-04 -2.484697e-04 -2.834846e-04
 8426.201742 7.125252e-01 1.526449e+00 1.752313e+00 1.518713e-01 -3.302374e-04 -3.125488e-04 -2.431333e-04 -2.823930e-04
 8430.389717 7.115773e-01 1.527283e+00 1.759116e+00 1.525673e-01 -3.275295e-04 -3.124229e-04 -2.462627e-04 -2.885576e-04
 8434.589884 7.109245e-01 1.529299e+00 1.767210e+00 1.523391e-01 -3.295982e-04 -3.203335e-04 -2.424747e-04 -2.851817e-04
 8438.802244 7.095276e-01 1.529510e+00 1.773746e+00 1.527373e-01 -3.232066e-04 -3.184543e-04 -2.409122e-04 -2.731339e-04
 8443.026795 7.091958e-01 1.532684e+00 1.783200e+00 1.531477e-01 -3.304857e-04 -3.104732e-04 -2.421732e-04 -2.433766e-04
 8447.263538 7.079288e-01 1.533259e+00 1.789334e+00 1.523999e-01 -3.346257e-04 -3.206779e-04 -2.377473e-04 -2.497022e-04
 8451.512473 7.078129e-01 1.536262e+00 1.800042e+00 1.528471e-01 -3.263198e-04 -3.190463e-04 -2.451782e-04 -2.498326e-04
 8455.773600 7.061597e-01 1.536204e+00 1.805807e+00 1.527891e-01 -3.195017e-04 -3.217923e-04 -2.434413e-04 -2.459276e-04
 8460.046919 7.058180e-01 1.539113e+00 1.815095e+00 1.520663e-01 -3.270630e-04 -3.243110e-04 -2.528143e-04 -2.412806e-04
 8464.332429 7.047328e-01 1.540024e+00 1.821896e+00 1.524671e-01 -3.328745e-04 -3.203982e-04 -2.506479e-04 -2.480507e-04
 8468.630132 7.036981e-01 1.540842e+00 1.828357e+00 1.524630e-01 -3.349448e-04 -3.191600e-04 -2.475765e-04 -2.499819e-04
 8472.940026 7.033882e-01 1.544138e+00 1.838449e+00 1.529752e-01 -3.352826e-04 -3.215354e-04 -2.495832e-04 -2.454243e-04
 8477.262113 7.020362e-01 1.544239e+00 1.844584e+00 1.525445e-01 -3.322893e-04 -3.094744e-04 -2.452816e-04 -2.536089e-04
 8481.596391 7.016620e-01 1.546544e+00 1.853905e+00 1.526213e-01 -3.279879e-04 -3.212875e-04 -2.580828e-04 -2.571442e-04
 8485.942861 7.005877e-01 1.547648e+00 1.861287e+00 1.530403e-01 -3.190748e-04 -3.199155e-04 -2.613528e-04 -2.554661e-04
 8490.301524 6.998437e-01 1.549636e+00 1.870273e+00 1.531467e-01 -3.215166e-04 -3.156388e-04 -2.721460e-04 -2.578664e-04
 8494.672378 6.988070e-01 1.550683e+00 1.876959e+00 1.532203e-01 -3.111263e-04 -3.159023e-04 -2.598843e-04 -2.704065e-04
 8499.055424 6.979778e-01 1.551804e+00 1.884270e+00 1.536702e-01 -3.153257e-04 -3.113917e-04 -2.624374e-04 -2.540115e-04
 8503.450662 6.968965e-01 1.552707e+00 1.891348e+00 1.537871e-01 -3.130772e-04 -3.187418e-04 -2.581565e-04 -2.442913e-04
 8507.858091 6.953606e-01 1.552688e+00 1.895593e+00 1.536804e-01 -3.141712e-04 -3.207314e-04 -2.522409e-04 -2.400594e-04
 8512.277713 6.925342e-01 1.550105e+00 1.898196e+00 1.535644e-01 -3.085268e-04 -3.193073e-04 -2.571187e-04 -2.378481e-04
 8516.709527 6.604746e-01 1.481998e+00 1.821131e+00 1.487368e-01 -3.076471e-04 -3.084727e-04 -2.454818e-04 -2.429699e-04
 8521.153532 6.493774e-01 1.460202e+00 1.800489e+00 1.438261e-01 -3.113169e-04 -3.173852e-04 -2.424553e-04 -2.423076e-04
 8525.609730 6.932545e-01 1.562023e+00 1.927828e+00 1.525672e-01 -3.080995e-04 -3.163642e-04 -2.433314e-04 -2.442083e-04
 8530.078119 6.939698e-01 1.567030e+00 1.939879e+00 1.538206e-01 -3.087746e-04 -3.127297e-04 -2.400754e-04 -2.414030e-04
 8534.558700 6.928710e-01 1.568025e+00 1.946936e+00 1.533219e-01 -3.199381e-04 -3.088840e-04 -2.484258e-04 -2.343674e-04
 8539.051473 6.921450e-01 1.569837e+00 1.954565e+00 1.539008e-01 -3.207825e-04 -3.228394e-04 -2.540545e-04 -2.267672e-04
 8543.556438 6.911454e-01 1.571082e+00 1.962261e+00 1.539724e-01 -3.219645e-04 -3.194157e-04 -2.569127e-04 -2.236201e-04
 8548.073595 6.905928e-01 1.573639e+00 1.971298e+00 1.543067e-01 -3.223257e-04 -3.132787e-04 -2.576489e-04 -2.125848e-04
 8552.602944 6.896318e-01 1.574908e+00 1.979370e+00 1.540565e-01 -3.265834e-04 -3.168214e-04 -2.471969e-04 -2.021860e-04
 8557.144485 6.886227e-01 1.576136e+00 1.985870e+00 1.538030e-01 -3.221653e-04 -3.232246e-04 -2.391107e-04 -2.017986e-04
 8561.698218 6.878172e-01 1.578155e+00 1.994787e+00 1.544159e-01 -3.147060e-04 -3.283929e-04 -2.471920e-04 -2.170662e-04
 8566.264142 6.872858e-01 1.580334e+00 2.003157e+00 1.546325e-01 -3.178003e-04 -3.231914e-04 -2.453892e-04 -2.209204e-04
 8570.842259 6.863810e-01 1.582090e+00 2.011210e+00 1.546660e-01 -3.126290e-04 -3.327967e-04 -2.506093e-04 -2.162103e-04
 8575.432567 6.854487e-01 1.583613e+00 2.018426e+00 1.545265e-01 -3.086384e-04 -3.345561e-04 -2.423081e-04 -2.220417e-04
 8580.035068 6.845029e-01 1.584779e+00 2.025823e+00 1.548249e-01 -3.121449e-04 -3.304522e-04 -2.513770e-04 -2.275758e-04
 8584.649760 6.834399e-01 1.585930e+00 2.034292e+00 1.545062e-01 -3.192393e-04 -3.316855e-04 -2.574346e-04 -2.246953e-04
 8589.276644 6.822775e-01 1.586527e+00 2.041371e+00 1.544948e-01 -3.206202e-04 -3.275372e-04 -2.507106e-04 -2.309649e-04
 8593.915720 6.806791e-01 1.586246e+00 2.047564e+00 1.547136e-01 -3.126342e-04 -3.303236e-04 -2.444170e-04 -2.278060e-04
 8598.566988 6.788139e-01 1.585327e+00 2.053405e+00 1.542692e-01 -3.151529e-04 -3.374421e-04 -2.460056e-04 -2.295688e-04
 8603.230448 6.764300e-01 1.582923e+00 2.056499e+00 1.544671e-01 -3.131258e-04 -3.448119e-04 -2.438073e-04 -2.213506e-04
 8607.906100 6.720450e-01 1.576178e+00 2.053670e+00 1.537697e-01 -3.071880e-04 -3.418666e-04 -2.386114e-04 -2.230403e-04
 8612.593943 6.504601e-01 1.529280e+00 2.000278e+00 1.493497e-01 -3.119106e-04 -3.424282e-04 -2.381302e-04 -2.349600e-04
 8617.293979 6.095138e-01 1.437020e+00 1.887852e+00 1.407398e-01 -3.156173e-04 -3.302635e-04 -2.327756e-04 -2.387311e-04
 8622.006206 6.855463e-01 1.619229e+00 2.129797e+00 1.575452e-01 -3.146319e-04 -3.310632e-04 -2.262169e-04 -2.348986e-04
 8626.730626 6.841393e-01 1.619594e+00 2.136652e+00 1.571487e-01 -3.137225e-04 -3.275761e-04 -2.286206e-04 -2.336308e-04
 8631.467237 6.814452e-01 1.616764e+00 2.139661e+00 1.570678e-01 -3.057195e-04 -3.229901e-04 -2.266963e-04 -2.214351e-04
 8636.216040 6.793927e-01 1.615474e+00 2.144774e+00 1.568579e-01 -3.102565e-04 -3.228680e-04 -2.220081e-04 -2.298786e-04
 8640.977036 6.780674e-01 1.615899e+00 2.152017e+00 1.568114e-01 -3.213846e-04 -3.175413e-04 -2.268608e-04 -2.336415e-04
 8645.750223 6.768387e-01 1.616630e+00 2.159836e+00 1.569242e-01 -3.154420e-04 -3.167720e-04 -2.326699e-04 -2.422673e-04
 8650.535602 6.757882e-01 1.617800e+00 2.167782e+00 1.567000e-01 -3.026806e-04 -3.285294e-04 -2.331867e-04 -2.356847e-04
 8655.333172 6.749837e-01 1.619503e+00 2.176615e+00 1.568008e-01 -3.050418e-04 -3.409593e-04 -2.531453e-04 -2.375223e-04
 8660.142935 6.739462e-01 1.621034e+00 2.185221e+00 1.565923e-01 -3.047697e-04 -3.352850e-04 -2.476075e-04 -2.248138e-04
 8664.964890 6.728241e-01 1.621923e+00 2.192864e+00 1.569674e-01 -2.973024e-04 -3.315174e-04 -2.468532e-04 -2.169226e-04
 8669.799037 5.942514e-01 1.435393e+00 1.945757e+00 1.386733e-01 -2.619920e-04 -2.893077e-04 -2.141411e-04 -1.966350e-04
 8674.645375 8.238041e-02 1.991558e-01 2.702595e-01 1.927026e-02 -3.638320e-05 -3.953020e-05 -2.992329e-05 -2.755454e-05
