# Facility: NSLS-II
# Beamline: QAS
# Year: 2022
# Cycle: 2
# SAF: 309337
# PI: Li
# Proposal: 309890
# Scan ID: 25070
# UID: ec05cd47-cca9-402f-ae09-bc2e5fa69f83
# Comment: 
# Start time: 06/09/2022  18:13:30
# Stop time: 06/09/2022  18:14:03
# Total time: 00:32
# Trajectory name: Co-30s-7709.txt
# Element: Cobalt ( 27)
# Edge: K
# E0: 7709
# Reference Foil Element: Co
# Keithley Gains I0: 1E7 V/A It: 1E7 V/A Iref: 1E9 V/A PIPS: 1E8 V/A 
# Ion Chamber Gas Flow Rates: I0: 149.80 sccm He + 349.90 sccm N2 + 0.00 sccm Ar 
# Ion Chamber Gas Flow Rates: It&Iref: 399.70 sccm N2 + 100.10 sccm Ar
# Incident Beam Path Vertical: -27.48 mm
# Incident Slits Positions B: TOP: 1.0 mm Bottom: -1.0 mm Inboard: -1.5 mm Outboard: 1.5 mm
# Sample Stage Positions: Rotation: 45.0 deg Horizontal: -1.00 mm Vertical: 21.98 mm Beam Direction: 0.00 mm
# PerkinElmer Vertical Position: 500.00 mm
# Front End Mirror Horizontal Positions: Up: 14.00 mm Down: 14.00 mm
#
# energy  i0  it  ir  iff  aux1  aux2  aux3  aux4
 7517.877058 4.339374e-01 1.101229e+00 4.319912e+00 3.747714e-02 -1.687441e-04 -1.642047e-04 -1.418630e-04 -1.496628e-04
 7522.877058 8.580377e-01 2.178477e+00 8.559749e+00 7.423643e-02 -3.369979e-04 -3.198187e-04 -2.776161e-04 -2.879516e-04
 7527.877058 8.651182e-01 2.201392e+00 8.639784e+00 7.506506e-02 -3.411918e-04 -3.299966e-04 -2.860840e-04 -2.774585e-04
 7532.877058 8.645913e-01 2.207387e+00 8.639813e+00 7.517870e-02 -3.477865e-04 -3.310571e-04 -2.875571e-04 -2.675259e-04
 7537.877058 8.637876e-01 2.212382e+00 8.639763e+00 7.510279e-02 -3.417444e-04 -3.305448e-04 -2.816735e-04 -2.758505e-04
 7542.877058 8.631853e-01 2.215857e+00 8.639828e+00 7.525510e-02 -3.458007e-04 -3.223487e-04 -2.766203e-04 -2.932325e-04
 7547.877058 8.626073e-01 2.219185e+00 8.639775e+00 7.544735e-02 -3.331695e-04 -3.234927e-04 -2.851139e-04 -2.960150e-04
 7552.877058 8.616347e-01 2.222460e+00 8.639819e+00 7.553676e-02 -3.348805e-04 -3.235566e-04 -2.817486e-04 -2.881953e-04
 7557.877058 8.596087e-01 2.222546e+00 8.639767e+00 7.569267e-02 -3.477269e-04 -3.230471e-04 -2.913926e-04 -2.764002e-04
 7562.877058 8.587797e-01 2.225447e+00 8.639831e+00 7.552716e-02 -3.452057e-04 -3.243114e-04 -2.916122e-04 -2.767245e-04
 7567.877058 8.570559e-01 2.224411e+00 8.639736e+00 7.568499e-02 -3.438005e-04 -3.378665e-04 -2.932216e-04 -2.821893e-04
 7572.877058 8.574782e-01 2.229977e+00 8.639810e+00 7.600422e-02 -3.432963e-04 -3.421577e-04 -2.906264e-04 -2.822673e-04
 7577.877058 8.571367e-01 2.234398e+00 8.639780e+00 7.601146e-02 -3.405693e-04 -3.427054e-04 -2.855507e-04 -2.823330e-04
 7582.877058 8.563312e-01 2.237342e+00 8.639804e+00 7.625802e-02 -3.371587e-04 -3.350818e-04 -2.894108e-04 -2.886571e-04
 7587.877058 8.556436e-01 2.240071e+00 8.639807e+00 7.628708e-02 -3.366368e-04 -3.408458e-04 -2.846906e-04 -2.868992e-04
 7592.877058 8.546398e-01 2.242312e+00 8.639773e+00 7.622364e-02 -3.427896e-04 -3.354190e-04 -2.894095e-04 -2.840394e-04
 7597.877058 8.527104e-01 2.242049e+00 8.639820e+00 7.620424e-02 -3.517257e-04 -3.271914e-04 -2.979604e-04 -2.804524e-04
 7602.877058 8.508511e-01 2.241881e+00 8.639794e+00 7.625676e-02 -3.475806e-04 -3.251428e-04 -3.021264e-04 -2.919555e-04
 7607.877058 8.515401e-01 2.249148e+00 8.639787e+00 7.658416e-02 -3.518193e-04 -3.288867e-04 -2.956067e-04 -2.800978e-04
 7612.877058 8.510550e-01 2.253434e+00 8.639819e+00 7.665512e-02 -3.588113e-04 -3.291317e-04 -2.881835e-04 -2.958509e-04
 7617.877058 8.502956e-01 2.257055e+00 8.639784e+00 7.680872e-02 -3.596631e-04 -3.297415e-04 -2.903054e-04 -2.987411e-04
 7622.877058 8.496789e-01 2.261142e+00 8.639814e+00 7.690468e-02 -3.673648e-04 -3.351820e-04 -2.962052e-04 -2.961220e-04
 7627.877058 8.488586e-01 2.263817e+00 8.639778e+00 7.710925e-02 -3.563368e-04 -3.517436e-04 -2.986989e-04 -2.918677e-04
 7632.877058 8.475420e-01 2.263195e+00 8.639805e+00 7.715012e-02 -3.498614e-04 -3.424943e-04 -3.003877e-04 -2.879537e-04
 7637.877058 8.466286e-01 2.265129e+00 8.639778e+00 7.705471e-02 -3.523233e-04 -3.321036e-04 -2.983623e-04 -3.024534e-04
 7642.877058 8.459813e-01 2.270482e+00 8.639807e+00 7.747242e-02 -3.411385e-04 -3.382725e-04 -2.891718e-04 -2.942067e-04
 7647.877058 8.447334e-01 2.273221e+00 8.639802e+00 7.755688e-02 -3.427149e-04 -3.239549e-04 -2.925008e-04 -3.000849e-04
 7652.877058 8.438040e-01 2.275193e+00 8.639803e+00 7.763961e-02 -3.496934e-04 -3.315915e-04 -2.923221e-04 -3.046533e-04
 7657.877058 8.437323e-01 2.279123e+00 8.639741e+00 7.753994e-02 -3.536983e-04 -3.405157e-04 -2.908249e-04 -3.057752e-04
 7662.877058 8.431345e-01 2.283849e+00 8.639824e+00 7.763204e-02 -3.608421e-04 -3.486774e-04 -2.792646e-04 -2.937931e-04
 7667.877058 8.419800e-01 2.286208e+00 8.639778e+00 7.793721e-02 -3.469395e-04 -3.512216e-04 -2.743991e-04 -2.993601e-04
 7672.877058 8.412338e-01 2.289052e+00 8.639800e+00 7.798038e-02 -3.506686e-04 -3.470318e-04 -2.695994e-04 -3.067496e-04
 7677.877058 8.403606e-01 2.291612e+00 8.639865e+00 7.789593e-02 -3.495330e-04 -3.522603e-04 -2.642236e-04 -3.173346e-04
 7679.000000 8.400428e-01 2.291646e+00 8.640704e+00 7.807240e-02 -3.489258e-04 -3.542931e-04 -2.595780e-04 -3.162182e-04
 7680.000000 8.389781e-01 2.289813e+00 8.637605e+00 7.798362e-02 -3.369199e-04 -3.566929e-04 -2.650122e-04 -3.426795e-04
 7681.000000 8.389297e-01 2.290419e+00 8.641210e+00 7.755383e-02 -3.424011e-04 -3.582579e-04 -2.787121e-04 -3.579667e-04
 7682.000000 8.370356e-01 2.286535e+00 8.639561e+00 7.798345e-02 -3.446131e-04 -3.663141e-04 -2.813240e-04 -3.639926e-04
 7683.000000 8.258238e-01 2.256922e+00 8.638700e+00 7.726127e-02 -3.432368e-04 -3.678276e-04 -2.964611e-04 -3.677129e-04
 7684.000000 8.102999e-01 2.215218e+00 8.640875e+00 7.559542e-02 -3.494953e-04 -3.690900e-04 -2.829831e-04 -3.574738e-04
 7685.000000 8.369369e-01 2.289038e+00 8.640143e+00 7.815582e-02 -3.498458e-04 -3.656927e-04 -2.732166e-04 -3.489014e-04
 7686.000000 8.407743e-01 2.300244e+00 8.633958e+00 7.892937e-02 -3.470097e-04 -3.621200e-04 -2.791385e-04 -3.420539e-04
 7686.200000 8.298707e-01 2.270528e+00 8.495436e+00 7.765689e-02 -3.388986e-04 -3.598308e-04 -2.730742e-04 -3.323995e-04
 7686.400000 8.458065e-01 2.314011e+00 8.696495e+00 7.838776e-02 -3.392537e-04 -3.526741e-04 -2.647287e-04 -3.360384e-04
 7686.600000 8.487818e-01 2.323118e+00 8.666458e+00 8.047504e-02 -3.359714e-04 -3.651213e-04 -2.880987e-04 -3.450392e-04
 7686.800000 8.455553e-01 2.314574e+00 8.682240e+00 7.846488e-02 -3.449251e-04 -3.742325e-04 -2.936565e-04 -3.489723e-04
 7687.000000 8.386323e-01 2.296233e+00 8.615581e+00 7.818504e-02 -3.473759e-04 -3.661335e-04 -2.764301e-04 -3.387594e-04
 7687.200000 8.421802e-01 2.304822e+00 8.648987e+00 7.838445e-02 -3.447004e-04 -3.639495e-04 -2.813478e-04 -3.456735e-04
 7687.400000 8.391441e-01 2.296582e+00 8.626710e+00 7.815540e-02 -3.539845e-04 -3.596326e-04 -2.929196e-04 -3.571047e-04
 7687.600000 8.313006e-01 2.275918e+00 8.565234e+00 7.851283e-02 -3.386909e-04 -3.574587e-04 -2.969893e-04 -3.507563e-04
 7687.800000 8.440875e-01 2.310682e+00 8.652120e+00 7.854055e-02 -3.451365e-04 -3.437235e-04 -2.877392e-04 -3.413276e-04
 7688.000000 8.424742e-01 2.306585e+00 8.668938e+00 7.931211e-02 -3.511032e-04 -3.581182e-04 -2.895356e-04 -3.490049e-04
 7688.200000 8.425492e-01 2.306997e+00 8.645477e+00 7.783907e-02 -3.537229e-04 -3.698740e-04 -2.904853e-04 -3.537937e-04
 7688.400000 8.379993e-01 2.295221e+00 8.621825e+00 8.033721e-02 -3.493809e-04 -3.705990e-04 -2.860996e-04 -3.558459e-04
 7688.600000 8.405076e-01 2.302640e+00 8.629485e+00 7.876092e-02 -3.563832e-04 -3.561896e-04 -2.845033e-04 -3.506014e-04
 7688.800000 8.444605e-01 2.312150e+00 8.681608e+00 7.807900e-02 -3.533458e-04 -3.682813e-04 -2.868952e-04 -3.532865e-04
 7689.000000 8.320705e-01 2.279274e+00 8.537077e+00 7.812427e-02 -3.424562e-04 -3.533250e-04 -2.913014e-04 -3.500251e-04
 7689.200000 8.421517e-01 2.307493e+00 8.681168e+00 7.899772e-02 -3.486327e-04 -3.540963e-04 -2.988508e-04 -3.377575e-04
 7689.400000 8.390281e-01 2.299348e+00 8.631502e+00 7.848192e-02 -3.379224e-04 -3.551752e-04 -2.961828e-04 -3.410743e-04
 7689.600000 8.402234e-01 2.301924e+00 8.620809e+00 7.984074e-02 -3.411306e-04 -3.574983e-04 -2.854279e-04 -3.651308e-04
 7689.800000 8.355861e-01 2.289724e+00 8.616802e+00 7.692947e-02 -3.368664e-04 -3.615843e-04 -2.843419e-04 -3.520665e-04
 7690.000000 8.371658e-01 2.293958e+00 8.642232e+00 7.779368e-02 -3.418590e-04 -3.690115e-04 -2.848219e-04 -3.418394e-04
 7690.200000 8.416983e-01 2.306492e+00 8.664673e+00 7.801325e-02 -3.523325e-04 -3.662186e-04 -2.635635e-04 -3.438729e-04
 7690.400000 8.349834e-01 2.288310e+00 8.623672e+00 7.892687e-02 -3.481649e-04 -3.682483e-04 -2.747047e-04 -3.480126e-04
 7690.600000 8.373898e-01 2.295237e+00 8.608934e+00 7.931761e-02 -3.402906e-04 -3.498689e-04 -2.851962e-04 -3.446760e-04
 7690.800000 8.425117e-01 2.309330e+00 8.659475e+00 7.689385e-02 -3.445914e-04 -3.457354e-04 -2.825958e-04 -3.438596e-04
 7691.000000 8.420101e-01 2.308017e+00 8.640876e+00 7.893106e-02 -3.361860e-04 -3.559372e-04 -3.147841e-04 -3.588029e-04
 7691.200000 8.398105e-01 2.302054e+00 8.640403e+00 7.886709e-02 -3.365840e-04 -3.610087e-04 -3.036278e-04 -3.437001e-04
 7691.400000 8.337351e-01 2.285875e+00 8.579965e+00 7.797840e-02 -3.454080e-04 -3.605998e-04 -2.993421e-04 -3.279941e-04
 7691.600000 8.407277e-01 2.305545e+00 8.646329e+00 7.836704e-02 -3.518904e-04 -3.580359e-04 -2.925710e-04 -3.432887e-04
 7691.800000 8.406994e-01 2.305034e+00 8.646060e+00 7.700363e-02 -3.409670e-04 -3.627555e-04 -2.799912e-04 -3.313603e-04
 7692.000000 8.417881e-01 2.308342e+00 8.637322e+00 7.769729e-02 -3.364078e-04 -3.658559e-04 -2.961264e-04 -3.448630e-04
 7692.200000 8.425416e-01 2.311376e+00 8.674343e+00 7.909572e-02 -3.377036e-04 -3.570287e-04 -2.765942e-04 -3.474716e-04
 7692.400000 8.357002e-01 2.291934e+00 8.614969e+00 7.993895e-02 -3.254879e-04 -3.570569e-04 -2.747042e-04 -3.376594e-04
 7692.600000 8.423314e-01 2.310499e+00 8.710923e+00 7.846426e-02 -3.355461e-04 -3.487000e-04 -2.870708e-04 -3.335667e-04
 7692.800000 8.305650e-01 2.278144e+00 8.597449e+00 7.853446e-02 -3.484727e-04 -3.347408e-04 -2.842342e-04 -3.326206e-04
 7693.000000 8.404698e-01 2.306360e+00 8.656233e+00 7.889046e-02 -3.442959e-04 -3.536486e-04 -2.914594e-04 -3.343439e-04
 7693.200000 8.408369e-01 2.308090e+00 8.634147e+00 7.856951e-02 -3.332762e-04 -3.520785e-04 -2.857060e-04 -3.314469e-04
 7693.400000 8.418689e-01 2.310691e+00 8.655507e+00 7.831682e-02 -3.338213e-04 -3.453473e-04 -2.654768e-04 -3.245372e-04
 7693.600000 8.388067e-01 2.301644e+00 8.637116e+00 7.849349e-02 -3.341699e-04 -3.476659e-04 -2.784947e-04 -3.309204e-04
 7693.800000 8.381866e-01 2.300432e+00 8.638506e+00 7.860472e-02 -3.420339e-04 -3.512083e-04 -2.817019e-04 -3.339503e-04
 7694.000000 8.375073e-01 2.299475e+00 8.644364e+00 7.840009e-02 -3.374809e-04 -3.583014e-04 -2.926815e-04 -3.316843e-04
 7694.200000 8.380797e-01 2.300660e+00 8.607208e+00 7.744026e-02 -3.382841e-04 -3.552207e-04 -2.799074e-04 -3.293019e-04
 7694.400000 8.411243e-01 2.308575e+00 8.643914e+00 7.742259e-02 -3.343337e-04 -3.582095e-04 -2.873234e-04 -2.969520e-04
 7694.600000 8.404655e-01 2.307576e+00 8.653019e+00 7.894476e-02 -3.322283e-04 -3.479305e-04 -2.802509e-04 -2.896166e-04
 7694.800000 8.416871e-01 2.311072e+00 8.674026e+00 7.783435e-02 -3.341098e-04 -3.530721e-04 -2.842514e-04 -2.949557e-04
 7695.000000 8.329501e-01 2.286785e+00 8.585741e+00 7.813828e-02 -3.351173e-04 -3.522745e-04 -2.917224e-04 -2.876850e-04
 7695.200000 8.425287e-01 2.313977e+00 8.696596e+00 7.931132e-02 -3.382293e-04 -3.687201e-04 -2.958418e-04 -2.958112e-04
 7695.400000 8.373963e-01 2.299469e+00 8.592325e+00 7.815907e-02 -3.281085e-04 -3.614831e-04 -3.004435e-04 -2.945828e-04
 7695.600000 8.436439e-01 2.317387e+00 8.653211e+00 7.934371e-02 -3.343227e-04 -3.494314e-04 -3.012504e-04 -3.020669e-04
 7695.800000 8.378040e-01 2.301612e+00 8.654152e+00 7.676605e-02 -3.193626e-04 -3.607520e-04 -2.810077e-04 -2.951588e-04
 7696.000000 8.390208e-01 2.305881e+00 8.644112e+00 7.823270e-02 -3.211527e-04 -3.557593e-04 -2.786143e-04 -3.052831e-04
 7696.200000 8.338796e-01 2.291199e+00 8.599971e+00 7.938576e-02 -3.252793e-04 -3.481261e-04 -2.783211e-04 -3.039726e-04
 7696.400000 8.365295e-01 2.298831e+00 8.636370e+00 7.936464e-02 -3.249966e-04 -3.481561e-04 -2.841783e-04 -3.194360e-04
 7696.600000 8.423948e-01 2.314894e+00 8.666459e+00 7.859972e-02 -3.304979e-04 -3.472684e-04 -2.628135e-04 -3.103483e-04
 7696.800000 8.431770e-01 2.316710e+00 8.646351e+00 7.790167e-02 -3.296254e-04 -3.492136e-04 -2.671459e-04 -3.145733e-04
 7697.000000 8.381142e-01 2.303512e+00 8.648162e+00 7.878443e-02 -3.250232e-04 -3.550183e-04 -2.704259e-04 -2.964015e-04
 7697.200000 8.371855e-01 2.301624e+00 8.629512e+00 7.933118e-02 -3.280863e-04 -3.633252e-04 -2.845003e-04 -2.920423e-04
 7697.400000 8.371700e-01 2.300876e+00 8.635175e+00 7.998289e-02 -3.292878e-04 -3.598535e-04 -2.724462e-04 -2.977373e-04
 7697.600000 8.346768e-01 2.294826e+00 8.631830e+00 7.768760e-02 -3.303052e-04 -3.602662e-04 -2.733874e-04 -2.966952e-04
 7697.800000 8.386371e-01 2.305330e+00 8.644798e+00 7.839129e-02 -3.315114e-04 -3.512863e-04 -2.873720e-04 -3.061041e-04
 7698.000000 8.385890e-01 2.305419e+00 8.648664e+00 7.921114e-02 -3.306790e-04 -3.444270e-04 -2.782864e-04 -3.084562e-04
 7698.200000 8.417965e-01 2.314285e+00 8.659559e+00 7.814794e-02 -3.259144e-04 -3.495607e-04 -2.664087e-04 -2.979137e-04
 7698.400000 8.367192e-01 2.301709e+00 8.653165e+00 7.865348e-02 -3.266252e-04 -3.444892e-04 -2.746839e-04 -3.066493e-04
 7698.600000 8.395849e-01 2.309921e+00 8.667593e+00 7.952948e-02 -3.430821e-04 -3.448359e-04 -2.839417e-04 -3.044658e-04
 7698.800000 8.430378e-01 2.319289e+00 8.677174e+00 7.899308e-02 -3.402388e-04 -3.493488e-04 -2.789926e-04 -3.077797e-04
 7699.000000 8.363046e-01 2.300211e+00 8.590595e+00 7.889994e-02 -3.421720e-04 -3.498156e-04 -2.771361e-04 -3.062265e-04
 7699.200000 8.398486e-01 2.309990e+00 8.644560e+00 7.883107e-02 -3.509196e-04 -3.568319e-04 -2.823080e-04 -3.061627e-04
 7699.400000 8.375008e-01 2.303410e+00 8.649174e+00 7.849823e-02 -3.478037e-04 -3.581778e-04 -2.861299e-04 -3.050491e-04
 7699.600000 8.391533e-01 2.308768e+00 8.664375e+00 7.877169e-02 -3.490450e-04 -3.635063e-04 -2.823167e-04 -2.960087e-04
 7699.800000 8.337597e-01 2.294187e+00 8.585620e+00 8.009163e-02 -3.358575e-04 -3.675339e-04 -2.944914e-04 -2.952474e-04
 7700.000000 8.360891e-01 2.301185e+00 8.620543e+00 7.730117e-02 -3.341153e-04 -3.674171e-04 -2.935015e-04 -3.037636e-04
 7700.200000 8.404503e-01 2.313146e+00 8.666352e+00 7.840395e-02 -3.444262e-04 -3.658252e-04 -2.860080e-04 -2.952252e-04
 7700.400000 8.342982e-01 2.296183e+00 8.637084e+00 7.890666e-02 -3.443201e-04 -3.636716e-04 -2.807472e-04 -2.869367e-04
 7700.600000 8.369435e-01 2.304239e+00 8.650599e+00 7.889209e-02 -3.408649e-04 -3.575586e-04 -2.829987e-04 -2.856949e-04
 7700.800000 8.380818e-01 2.307418e+00 8.659427e+00 7.862930e-02 -3.413606e-04 -3.548039e-04 -2.861258e-04 -2.844231e-04
 7701.000000 8.392040e-01 2.311428e+00 8.632563e+00 7.802921e-02 -3.366434e-04 -3.467439e-04 -2.917077e-04 -2.886891e-04
 7701.200000 8.350329e-01 2.300040e+00 8.652286e+00 7.866610e-02 -3.412149e-04 -3.354347e-04 -2.899713e-04 -2.987264e-04
 7701.400000 8.350129e-01 2.299478e+00 8.645895e+00 7.857750e-02 -3.406813e-04 -3.310903e-04 -2.908052e-04 -2.982439e-04
 7701.600000 8.382169e-01 2.308272e+00 8.651776e+00 7.932547e-02 -3.415153e-04 -3.298173e-04 -2.825565e-04 -2.994843e-04
 7701.800000 8.396830e-01 2.312417e+00 8.648988e+00 7.846420e-02 -3.417403e-04 -3.412224e-04 -2.865671e-04 -3.053467e-04
 7702.000000 8.333228e-01 2.295179e+00 8.605493e+00 7.801224e-02 -3.306888e-04 -3.502991e-04 -2.872561e-04 -3.076313e-04
 7702.200000 8.373239e-01 2.306577e+00 8.669372e+00 7.931136e-02 -3.267340e-04 -3.461558e-04 -2.858435e-04 -2.959164e-04
 7702.400000 8.380550e-01 2.308341e+00 8.626624e+00 7.901834e-02 -3.321233e-04 -3.410869e-04 -2.889414e-04 -2.881554e-04
 7702.600000 8.403017e-01 2.315313e+00 8.648377e+00 7.839709e-02 -3.355980e-04 -3.482590e-04 -2.873911e-04 -2.875172e-04
 7702.800000 8.367777e-01 2.306061e+00 8.631533e+00 7.898314e-02 -3.390622e-04 -3.452205e-04 -2.955537e-04 -3.007938e-04
 7703.000000 8.355791e-01 2.303203e+00 8.638949e+00 7.717689e-02 -3.351709e-04 -3.294470e-04 -2.822212e-04 -2.920147e-04
 7703.200000 8.364128e-01 2.304826e+00 8.655549e+00 7.919804e-02 -3.349719e-04 -3.349212e-04 -2.934669e-04 -3.001756e-04
 7703.400000 8.395935e-01 2.313724e+00 8.635704e+00 7.859159e-02 -3.298049e-04 -3.435836e-04 -2.907010e-04 -3.010780e-04
 7703.600000 8.379499e-01 2.309951e+00 8.638948e+00 7.801066e-02 -3.282128e-04 -3.530751e-04 -2.834029e-04 -3.008867e-04
 7703.800000 8.323205e-01 2.294839e+00 8.607537e+00 7.839013e-02 -3.365082e-04 -3.591923e-04 -2.682767e-04 -2.917928e-04
 7704.000000 8.386967e-01 2.312337e+00 8.655163e+00 7.839777e-02 -3.420633e-04 -3.653222e-04 -2.774936e-04 -2.968781e-04
 7704.200000 8.369411e-01 2.307925e+00 8.638744e+00 7.897964e-02 -3.331231e-04 -3.561768e-04 -2.689203e-04 -2.966964e-04
 7704.400000 8.320367e-01 2.294321e+00 8.624566e+00 7.840796e-02 -3.265288e-04 -3.419726e-04 -2.702560e-04 -2.972258e-04
 7704.600000 8.371155e-01 2.308309e+00 8.635607e+00 7.855819e-02 -3.181466e-04 -3.435557e-04 -2.640955e-04 -3.048381e-04
 7704.800000 8.411698e-01 2.319926e+00 8.660764e+00 7.850064e-02 -3.206687e-04 -3.353764e-04 -2.722314e-04 -2.968713e-04
 7705.000000 8.345154e-01 2.301797e+00 8.610630e+00 7.804983e-02 -3.220308e-04 -3.284792e-04 -2.691824e-04 -3.020574e-04
 7705.200000 8.368780e-01 2.308462e+00 8.657099e+00 7.820732e-02 -3.234308e-04 -3.199784e-04 -2.903013e-04 -3.080718e-04
 7705.400000 8.395308e-01 2.316015e+00 8.636066e+00 7.891274e-02 -3.323867e-04 -3.167945e-04 -2.800083e-04 -3.080437e-04
 7705.600000 8.386410e-01 2.313919e+00 8.658307e+00 8.007810e-02 -3.220143e-04 -3.127493e-04 -2.846604e-04 -3.220513e-04
 7705.800000 8.378602e-01 2.311580e+00 8.600666e+00 7.766475e-02 -3.196205e-04 -3.167864e-04 -2.812775e-04 -3.159702e-04
 7706.000000 8.394152e-01 2.315873e+00 8.651866e+00 8.042861e-02 -3.214111e-04 -3.260456e-04 -2.824445e-04 -3.100236e-04
 7706.200000 8.362937e-01 2.308027e+00 8.640609e+00 7.898999e-02 -3.256738e-04 -3.332967e-04 -2.860275e-04 -3.062438e-04
 7706.400000 8.332418e-01 2.299846e+00 8.636276e+00 7.843442e-02 -3.181338e-04 -3.276507e-04 -2.947321e-04 -3.095389e-04
 7706.600000 8.393465e-01 2.316734e+00 8.650916e+00 7.938460e-02 -3.215698e-04 -3.340836e-04 -2.937058e-04 -3.028736e-04
 7706.800000 8.374217e-01 2.311665e+00 8.641370e+00 7.933150e-02 -3.305101e-04 -3.412103e-04 -2.958086e-04 -3.069694e-04
 7707.000000 8.358917e-01 2.307669e+00 8.641774e+00 7.837746e-02 -3.290350e-04 -3.422766e-04 -3.006075e-04 -2.975924e-04
 7707.200000 8.393457e-01 2.317558e+00 8.646036e+00 7.882039e-02 -3.169654e-04 -3.393391e-04 -2.938490e-04 -3.059502e-04
 7707.400000 8.366161e-01 2.310158e+00 8.641094e+00 7.836063e-02 -3.120378e-04 -3.494779e-04 -2.922358e-04 -2.976309e-04
 7707.600000 8.345776e-01 2.304944e+00 8.635939e+00 7.894316e-02 -3.131223e-04 -3.522021e-04 -2.952650e-04 -3.015513e-04
 7707.800000 8.370683e-01 2.311811e+00 8.648893e+00 7.870283e-02 -3.227314e-04 -3.516350e-04 -2.997210e-04 -3.013506e-04
 7708.000000 8.322406e-01 2.298802e+00 8.632334e+00 7.823637e-02 -3.169165e-04 -3.444936e-04 -2.974205e-04 -2.960364e-04
 7708.200000 8.379282e-01 2.314913e+00 8.646227e+00 7.889373e-02 -3.149011e-04 -3.480265e-04 -2.903993e-04 -3.048876e-04
 7708.400000 8.347112e-01 2.306305e+00 8.634027e+00 7.877452e-02 -3.155871e-04 -3.329338e-04 -2.835513e-04 -3.082848e-04
 7708.600000 8.391514e-01 2.318040e+00 8.644020e+00 7.992884e-02 -3.121506e-04 -3.324419e-04 -2.824437e-04 -3.091409e-04
 7708.800000 8.375967e-01 2.314101e+00 8.639257e+00 7.921531e-02 -3.107546e-04 -3.357309e-04 -2.785730e-04 -3.061967e-04
 7709.000000 8.385821e-01 2.317274e+00 8.644967e+00 7.892901e-02 -3.124731e-04 -3.223998e-04 -2.814353e-04 -3.098421e-04
 7709.200000 8.338857e-01 2.304081e+00 8.643159e+00 7.847186e-02 -3.111593e-04 -3.245436e-04 -2.861691e-04 -3.120294e-04
 7709.400000 8.322937e-01 2.300499e+00 8.640040e+00 7.833281e-02 -3.177285e-04 -3.430022e-04 -2.878225e-04 -3.173239e-04
 7709.600000 8.363664e-01 2.310826e+00 8.638511e+00 7.881948e-02 -3.105170e-04 -3.389253e-04 -2.833908e-04 -3.271492e-04
 7709.800000 8.374297e-01 2.313723e+00 8.641299e+00 7.889006e-02 -3.079025e-04 -3.367524e-04 -2.876738e-04 -3.212720e-04
 7710.000000 8.371124e-01 2.313537e+00 8.642004e+00 7.877994e-02 -3.073093e-04 -3.267360e-04 -2.903191e-04 -3.177103e-04
 7710.200000 8.361209e-01 2.310430e+00 8.637774e+00 7.899129e-02 -3.176356e-04 -3.252049e-04 -2.901786e-04 -3.176295e-04
 7710.400000 8.358708e-01 2.310044e+00 8.638961e+00 7.906074e-02 -3.161501e-04 -3.304790e-04 -2.871361e-04 -3.243628e-04
 7710.600000 8.364743e-01 2.312379e+00 8.642779e+00 7.870763e-02 -3.207804e-04 -3.273966e-04 -2.900322e-04 -3.214011e-04
 7710.800000 8.362228e-01 2.311668e+00 8.635982e+00 7.900568e-02 -3.243290e-04 -3.308336e-04 -2.925172e-04 -3.220958e-04
 7711.000000 8.381256e-01 2.316304e+00 8.641330e+00 7.842435e-02 -3.216508e-04 -3.296498e-04 -2.785180e-04 -3.182170e-04
 7711.200000 8.373670e-01 2.314716e+00 8.640684e+00 7.879601e-02 -3.183422e-04 -3.193706e-04 -2.813596e-04 -3.159362e-04
 7711.400000 8.366015e-01 2.313357e+00 8.639717e+00 7.870331e-02 -3.280833e-04 -3.382311e-04 -2.781568e-04 -3.204906e-04
 7711.600000 8.359133e-01 2.311905e+00 8.640355e+00 7.830322e-02 -3.262350e-04 -3.362932e-04 -2.867757e-04 -3.228777e-04
 7711.800000 8.361781e-01 2.312401e+00 8.639790e+00 7.818333e-02 -3.296401e-04 -3.224689e-04 -2.826198e-04 -3.207699e-04
 7712.000000 8.373352e-01 2.315525e+00 8.641396e+00 7.911074e-02 -3.380869e-04 -3.172724e-04 -2.653677e-04 -3.081443e-04
 7712.200000 8.366641e-01 2.313554e+00 8.639128e+00 7.926944e-02 -3.382718e-04 -3.339981e-04 -2.616809e-04 -3.038717e-04
 7712.400000 8.352257e-01 2.309418e+00 8.636552e+00 7.927794e-02 -3.342288e-04 -3.368828e-04 -2.662517e-04 -3.063333e-04
 7712.600000 8.366030e-01 2.313689e+00 8.642364e+00 7.882398e-02 -3.396509e-04 -3.422617e-04 -2.585937e-04 -3.036753e-04
 7712.800000 8.365998e-01 2.313425e+00 8.638638e+00 7.890522e-02 -3.339292e-04 -3.349964e-04 -2.622660e-04 -2.987168e-04
 7713.000000 8.353158e-01 2.310429e+00 8.640387e+00 7.886735e-02 -3.426674e-04 -3.210704e-04 -2.591980e-04 -3.055827e-04
 7713.200000 8.350764e-01 2.309796e+00 8.638277e+00 7.917367e-02 -3.499823e-04 -3.092647e-04 -2.547490e-04 -2.984808e-04
 7713.400000 8.379824e-01 2.317700e+00 8.642404e+00 7.908939e-02 -3.456200e-04 -3.113200e-04 -2.641706e-04 -3.048523e-04
 7713.600000 8.399844e-01 2.323334e+00 8.639904e+00 7.896487e-02 -3.447101e-04 -3.102353e-04 -2.698178e-04 -3.080137e-04
 7713.800000 8.357049e-01 2.312058e+00 8.632504e+00 7.891182e-02 -3.462105e-04 -3.071358e-04 -2.586209e-04 -3.029736e-04
 7714.000000 8.349127e-01 2.310381e+00 8.641805e+00 7.914175e-02 -3.321844e-04 -3.097622e-04 -2.516772e-04 -2.988506e-04
 7714.200000 8.372823e-01 2.317183e+00 8.641819e+00 7.923262e-02 -3.352565e-04 -3.213074e-04 -2.582966e-04 -3.031082e-04
 7714.400000 8.350781e-01 2.311839e+00 8.639571e+00 7.881765e-02 -3.318068e-04 -3.118061e-04 -2.521604e-04 -3.032675e-04
 7714.600000 8.362650e-01 2.314711e+00 8.641918e+00 7.943467e-02 -3.290549e-04 -3.256426e-04 -2.570541e-04 -3.063606e-04
 7714.800000 8.370364e-01 2.316621e+00 8.637409e+00 7.911828e-02 -3.314376e-04 -3.202943e-04 -2.724251e-04 -3.065974e-04
 7715.000000 8.363117e-01 2.315073e+00 8.645522e+00 7.881516e-02 -3.411028e-04 -3.258770e-04 -2.653881e-04 -3.132193e-04
 7715.200000 8.348069e-01 2.310909e+00 8.637851e+00 7.905652e-02 -3.448230e-04 -3.395066e-04 -2.665307e-04 -3.085940e-04
 7715.400000 8.335099e-01 2.307422e+00 8.645000e+00 7.887654e-02 -3.450735e-04 -3.513532e-04 -2.822126e-04 -3.038446e-04
 7715.600000 8.346648e-01 2.310831e+00 8.637079e+00 7.894194e-02 -3.449148e-04 -3.410243e-04 -2.795068e-04 -3.025531e-04
 7715.800000 8.360833e-01 2.315675e+00 8.641383e+00 7.871604e-02 -3.394627e-04 -3.386667e-04 -2.697066e-04 -3.049774e-04
 7716.000000 8.339304e-01 2.309808e+00 8.641575e+00 7.867334e-02 -3.382612e-04 -3.334443e-04 -2.652414e-04 -3.065893e-04
 7716.200000 8.330900e-01 2.307578e+00 8.638108e+00 7.861273e-02 -3.372819e-04 -3.340756e-04 -2.732370e-04 -2.989091e-04
 7716.400000 8.317469e-01 2.304305e+00 8.638148e+00 7.909118e-02 -3.378254e-04 -3.294927e-04 -2.696515e-04 -3.010761e-04
 7716.600000 8.345438e-01 2.311976e+00 8.642913e+00 7.928882e-02 -3.355011e-04 -3.252411e-04 -2.851698e-04 -3.019562e-04
 7716.800000 8.334877e-01 2.308637e+00 8.634032e+00 7.876993e-02 -3.370068e-04 -3.241739e-04 -2.950364e-04 -3.084745e-04
 7717.000000 8.314357e-01 2.303544e+00 8.636658e+00 7.845761e-02 -3.376272e-04 -3.202189e-04 -2.872262e-04 -3.136271e-04
 7717.200000 8.339117e-01 2.311075e+00 8.642799e+00 7.916109e-02 -3.393977e-04 -3.269609e-04 -2.999506e-04 -3.144892e-04
 7717.400000 8.331909e-01 2.309172e+00 8.636771e+00 7.871338e-02 -3.327611e-04 -3.448706e-04 -2.988408e-04 -3.077234e-04
 7717.600000 8.344970e-01 2.312592e+00 8.640739e+00 7.875103e-02 -3.305487e-04 -3.484391e-04 -2.952283e-04 -3.034614e-04
 7717.800000 8.327026e-01 2.307546e+00 8.637989e+00 7.859980e-02 -3.292390e-04 -3.381629e-04 -2.863365e-04 -2.996009e-04
 7718.000000 8.348490e-01 2.314333e+00 8.644061e+00 7.948575e-02 -3.370892e-04 -3.441640e-04 -2.763996e-04 -3.002360e-04
 7718.200000 8.311852e-01 2.304083e+00 8.633421e+00 7.851053e-02 -3.499517e-04 -3.392128e-04 -2.793591e-04 -2.947571e-04
 7718.400000 8.344378e-01 2.312461e+00 8.644370e+00 7.805965e-02 -3.549621e-04 -3.238073e-04 -2.817388e-04 -3.031210e-04
 7718.600000 8.350420e-01 2.314337e+00 8.639048e+00 7.883198e-02 -3.506288e-04 -3.242745e-04 -2.925582e-04 -3.083445e-04
 7718.800000 8.323822e-01 2.307743e+00 8.643736e+00 7.919326e-02 -3.462963e-04 -3.251011e-04 -2.894593e-04 -3.013169e-04
 7719.000000 8.323343e-01 2.307324e+00 8.644462e+00 7.848163e-02 -3.539631e-04 -3.221226e-04 -2.880001e-04 -3.025855e-04
 7719.200000 8.334178e-01 2.310466e+00 8.641249e+00 7.963294e-02 -3.496429e-04 -3.251324e-04 -2.843396e-04 -3.155753e-04
 7719.400000 8.315107e-01 2.305837e+00 8.644194e+00 7.818973e-02 -3.429451e-04 -3.213187e-04 -2.813755e-04 -3.147792e-04
 7719.600000 8.357722e-01 2.318195e+00 8.647265e+00 7.930556e-02 -3.431677e-04 -3.281768e-04 -2.836410e-04 -3.119906e-04
 7719.800000 8.286872e-01 2.298451e+00 8.625153e+00 7.825179e-02 -3.485129e-04 -3.286312e-04 -2.866004e-04 -3.047320e-04
 7720.000000 8.346570e-01 2.315174e+00 8.645197e+00 7.851569e-02 -3.450082e-04 -3.199137e-04 -2.855418e-04 -3.075901e-04
 7720.200000 8.366804e-01 2.321896e+00 8.648409e+00 7.964814e-02 -3.501105e-04 -3.225622e-04 -2.854174e-04 -3.054583e-04
 7720.400000 8.338494e-01 2.313769e+00 8.643443e+00 7.855399e-02 -3.468519e-04 -3.218197e-04 -2.947235e-04 -2.988833e-04
 7720.600000 8.325656e-01 2.310697e+00 8.631657e+00 7.798013e-02 -3.498443e-04 -3.249832e-04 -2.920935e-04 -2.930665e-04
 7720.800000 8.360435e-01 2.319795e+00 8.650643e+00 7.952132e-02 -3.561769e-04 -3.232836e-04 -2.889806e-04 -3.099411e-04
 7721.000000 8.336746e-01 2.313055e+00 8.642032e+00 7.899916e-02 -3.508202e-04 -3.164715e-04 -2.719191e-04 -3.076063e-04
 7721.200000 8.366153e-01 2.321459e+00 8.629024e+00 7.991144e-02 -3.469511e-04 -3.253135e-04 -2.824610e-04 -2.981225e-04
 7721.400000 8.347072e-01 2.316146e+00 8.644415e+00 7.929639e-02 -3.399540e-04 -3.370362e-04 -2.912109e-04 -2.981837e-04
 7721.600000 8.324705e-01 2.310516e+00 8.660202e+00 7.797291e-02 -3.359066e-04 -3.415605e-04 -2.777885e-04 -2.894548e-04
 7721.800000 8.319654e-01 2.309602e+00 8.641927e+00 7.905044e-02 -3.373070e-04 -3.415155e-04 -2.755775e-04 -2.858595e-04
 7722.000000 8.357894e-01 2.320302e+00 8.641018e+00 8.013832e-02 -3.462750e-04 -3.376320e-04 -2.884621e-04 -2.933905e-04
 7722.200000 8.324700e-01 2.310957e+00 8.648469e+00 7.932822e-02 -3.459544e-04 -3.165524e-04 -2.989689e-04 -2.949873e-04
 7722.400000 8.291366e-01 2.302508e+00 8.647682e+00 7.865962e-02 -3.473637e-04 -3.198904e-04 -2.964103e-04 -3.004616e-04
 7722.600000 8.346183e-01 2.317222e+00 8.628293e+00 7.881755e-02 -3.483108e-04 -3.293300e-04 -2.779037e-04 -2.930792e-04
 7722.800000 8.350950e-01 2.318914e+00 8.633504e+00 7.989537e-02 -3.524372e-04 -3.494903e-04 -2.655043e-04 -3.027675e-04
 7723.000000 8.298948e-01 2.304596e+00 8.645938e+00 7.976243e-02 -3.531490e-04 -3.539745e-04 -2.712622e-04 -3.079728e-04
 7723.200000 8.352137e-01 2.320262e+00 8.644874e+00 8.025373e-02 -3.458236e-04 -3.504600e-04 -2.769657e-04 -2.944860e-04
 7723.400000 8.355530e-01 2.320633e+00 8.640151e+00 7.901028e-02 -3.470873e-04 -3.359567e-04 -2.929195e-04 -2.919219e-04
 7723.600000 8.355890e-01 2.321400e+00 8.649206e+00 7.899944e-02 -3.401426e-04 -3.281554e-04 -2.945002e-04 -2.863754e-04
 7723.800000 8.307565e-01 2.307437e+00 8.632324e+00 7.802140e-02 -3.323962e-04 -3.234472e-04 -3.008952e-04 -2.833121e-04
 7724.000000 8.323385e-01 2.312659e+00 8.653856e+00 7.887246e-02 -3.318982e-04 -3.321263e-04 -2.997716e-04 -2.853139e-04
 7724.200000 8.350470e-01 2.320372e+00 8.665052e+00 7.857283e-02 -3.367447e-04 -3.290619e-04 -2.994072e-04 -2.851339e-04
 7724.400000 8.315246e-01 2.310270e+00 8.605080e+00 7.882075e-02 -3.356264e-04 -3.277406e-04 -2.899489e-04 -2.908236e-04
 7724.600000 8.341649e-01 2.318036e+00 8.671335e+00 8.015501e-02 -3.402217e-04 -3.274379e-04 -2.930549e-04 -2.890468e-04
 7724.800000 8.323252e-01 2.313197e+00 8.665422e+00 8.016489e-02 -3.412274e-04 -3.301417e-04 -2.973269e-04 -2.956804e-04
 7725.000000 8.344132e-01 2.319426e+00 8.657733e+00 7.911947e-02 -3.372604e-04 -3.305060e-04 -2.826433e-04 -2.996986e-04
 7725.200000 8.315916e-01 2.312042e+00 8.627464e+00 7.868207e-02 -3.474544e-04 -3.276334e-04 -2.767498e-04 -2.965968e-04
 7725.400000 8.333623e-01 2.316307e+00 8.652918e+00 7.892264e-02 -3.461075e-04 -3.302596e-04 -2.687982e-04 -3.009661e-04
 7725.600000 8.324838e-01 2.314592e+00 8.640951e+00 7.918084e-02 -3.476988e-04 -3.284778e-04 -2.632714e-04 -3.053685e-04
 7725.800000 8.326378e-01 2.315783e+00 8.615887e+00 7.918439e-02 -3.453243e-04 -3.235870e-04 -2.630266e-04 -2.979732e-04
 7726.000000 8.366241e-01 2.326370e+00 8.659559e+00 7.976732e-02 -3.486281e-04 -3.126524e-04 -2.792847e-04 -2.963374e-04
 7726.200000 8.306187e-01 2.309884e+00 8.628311e+00 7.887076e-02 -3.452646e-04 -3.146121e-04 -2.778934e-04 -2.922994e-04
 7726.400000 8.298013e-01 2.308395e+00 8.608350e+00 7.687204e-02 -3.479234e-04 -3.232349e-04 -2.675213e-04 -2.911254e-04
 7726.600000 8.390441e-01 2.334408e+00 8.680791e+00 7.994582e-02 -3.435209e-04 -3.294288e-04 -2.905396e-04 -2.974835e-04
 7726.800000 8.353632e-01 2.324304e+00 8.648208e+00 7.953967e-02 -3.379704e-04 -3.210264e-04 -2.817338e-04 -2.998530e-04
 7727.000000 8.343719e-01 2.321673e+00 8.663368e+00 7.972721e-02 -3.393580e-04 -3.266996e-04 -2.818759e-04 -3.042607e-04
 7727.200000 8.284654e-01 2.305877e+00 8.596818e+00 7.876527e-02 -3.364493e-04 -3.281436e-04 -2.722299e-04 -3.108490e-04
 7727.400000 8.346406e-01 2.323280e+00 8.665799e+00 7.932745e-02 -3.467251e-04 -3.396400e-04 -2.747660e-04 -3.060469e-04
 7727.600000 8.348094e-01 2.322696e+00 8.640958e+00 7.861742e-02 -3.449271e-04 -3.391552e-04 -2.830758e-04 -3.084588e-04
 7727.800000 8.355120e-01 2.325085e+00 8.655386e+00 7.936854e-02 -3.468474e-04 -3.331372e-04 -2.733538e-04 -2.897540e-04
 7728.000000 8.327392e-01 2.317177e+00 8.643536e+00 7.870995e-02 -3.388876e-04 -3.298138e-04 -2.784937e-04 -2.815489e-04
 7728.200000 8.337766e-01 2.320892e+00 8.654831e+00 7.988823e-02 -3.388413e-04 -3.401316e-04 -2.801998e-04 -2.816689e-04
 7728.400000 8.332426e-01 2.319367e+00 8.632618e+00 7.890352e-02 -3.426520e-04 -3.421193e-04 -2.822435e-04 -2.749229e-04
 7728.600000 8.313704e-01 2.314151e+00 8.638789e+00 7.837429e-02 -3.389157e-04 -3.301111e-04 -2.650177e-04 -2.847816e-04
 7728.800000 8.309654e-01 2.313245e+00 8.627976e+00 8.028464e-02 -3.384331e-04 -3.236793e-04 -2.697896e-04 -2.890511e-04
 7729.000000 8.345799e-01 2.323597e+00 8.650912e+00 7.840597e-02 -3.399564e-04 -3.231567e-04 -2.720813e-04 -2.756326e-04
 7729.200000 8.323713e-01 2.317252e+00 8.638619e+00 8.052674e-02 -3.409179e-04 -3.168919e-04 -2.690384e-04 -2.822965e-04
 7729.400000 8.303611e-01 2.312437e+00 8.634784e+00 7.786556e-02 -3.405898e-04 -3.200842e-04 -2.733133e-04 -2.785726e-04
 7729.600000 8.316692e-01 2.316375e+00 8.637259e+00 7.949625e-02 -3.387013e-04 -3.229113e-04 -2.627605e-04 -2.817352e-04
 7729.800000 8.285274e-01 2.308284e+00 8.609735e+00 7.855818e-02 -3.344481e-04 -3.340068e-04 -2.620944e-04 -3.144816e-04
 7730.000000 8.341667e-01 2.323865e+00 8.648745e+00 7.968156e-02 -3.314302e-04 -3.274490e-04 -2.695264e-04 -3.303379e-04
 7730.200000 8.326258e-01 2.320762e+00 8.654875e+00 8.011156e-02 -3.285924e-04 -3.294742e-04 -2.558348e-04 -3.390599e-04
 7730.400000 8.317547e-01 2.317869e+00 8.646716e+00 7.912070e-02 -3.343923e-04 -3.295459e-04 -2.577799e-04 -3.423067e-04
 7730.600000 8.311037e-01 2.315772e+00 8.631357e+00 7.873692e-02 -3.362302e-04 -3.306144e-04 -2.534933e-04 -3.478804e-04
 7730.800000 8.325658e-01 2.320439e+00 8.632660e+00 7.939616e-02 -3.367635e-04 -3.314936e-04 -2.716488e-04 -3.467545e-04
 7731.000000 8.356309e-01 2.328861e+00 8.657724e+00 7.985609e-02 -3.415828e-04 -3.280552e-04 -2.597423e-04 -3.391956e-04
 7731.200000 8.293433e-01 2.311194e+00 8.620524e+00 8.004614e-02 -3.400583e-04 -3.344195e-04 -2.592042e-04 -3.255750e-04
 7731.400000 8.332170e-01 2.322674e+00 8.675921e+00 7.978057e-02 -3.591496e-04 -3.310682e-04 -2.633772e-04 -3.335653e-04
 7731.600000 8.193554e-01 2.284181e+00 8.519443e+00 7.790753e-02 -3.456377e-04 -3.266447e-04 -2.604052e-04 -3.418648e-04
 7731.800000 8.417675e-01 2.346708e+00 8.717495e+00 8.030765e-02 -3.495372e-04 -3.293639e-04 -2.835808e-04 -3.534332e-04
 7732.000000 8.291252e-01 2.311947e+00 8.618351e+00 7.880137e-02 -3.481436e-04 -3.309692e-04 -2.851926e-04 -3.434526e-04
 7732.200000 8.324120e-01 2.321090e+00 8.647001e+00 7.828839e-02 -3.461425e-04 -3.331962e-04 -2.689645e-04 -3.458986e-04
 7732.400000 8.294651e-01 2.313816e+00 8.627077e+00 8.017023e-02 -3.439805e-04 -3.296312e-04 -2.835887e-04 -3.412039e-04
 7732.600000 8.326644e-01 2.322405e+00 8.674566e+00 7.972756e-02 -3.607402e-04 -3.312003e-04 -2.859854e-04 -3.465992e-04
 7732.800000 8.346863e-01 2.327762e+00 8.654775e+00 8.013707e-02 -3.634314e-04 -3.283747e-04 -2.760776e-04 -3.428077e-04
 7733.000000 8.347108e-01 2.328029e+00 8.626430e+00 7.955135e-02 -3.639536e-04 -3.220088e-04 -2.599620e-04 -3.236218e-04
 7733.200000 8.321840e-01 2.321184e+00 8.645873e+00 7.963246e-02 -3.572901e-04 -3.214821e-04 -2.712920e-04 -3.352389e-04
 7733.400000 8.320928e-01 2.321661e+00 8.649534e+00 7.989139e-02 -3.611307e-04 -3.287174e-04 -2.558185e-04 -3.061362e-04
 7733.600000 8.292429e-01 2.313335e+00 8.632053e+00 7.790065e-02 -3.582853e-04 -3.197715e-04 -2.534744e-04 -2.949045e-04
 7733.800000 8.312563e-01 2.318643e+00 8.659977e+00 8.155622e-02 -3.607512e-04 -3.248291e-04 -2.637519e-04 -3.020142e-04
 7734.000000 8.344381e-01 2.328100e+00 8.643670e+00 7.991661e-02 -3.534867e-04 -3.305805e-04 -2.778126e-04 -3.142706e-04
 7734.200000 8.292142e-01 2.314012e+00 8.647829e+00 7.754796e-02 -3.398141e-04 -3.210964e-04 -2.721882e-04 -2.989677e-04
 7734.400000 8.334979e-01 2.325304e+00 8.636834e+00 8.034584e-02 -3.418660e-04 -3.232723e-04 -2.643244e-04 -2.780325e-04
 7734.600000 8.321721e-01 2.321601e+00 8.654225e+00 7.797722e-02 -3.529987e-04 -3.235967e-04 -2.770827e-04 -2.869357e-04
 7734.800000 8.301135e-01 2.316241e+00 8.642377e+00 7.825192e-02 -3.517914e-04 -3.235278e-04 -2.609493e-04 -2.884123e-04
 7735.000000 8.333620e-01 2.324904e+00 8.655185e+00 8.087030e-02 -3.529863e-04 -3.273338e-04 -2.714598e-04 -2.851350e-04
 7735.200000 8.320124e-01 2.321799e+00 8.645595e+00 7.902204e-02 -3.493404e-04 -3.238779e-04 -2.717370e-04 -2.862391e-04
 7735.400000 8.334273e-01 2.326217e+00 8.649559e+00 7.870607e-02 -3.570204e-04 -3.295203e-04 -2.736135e-04 -2.918566e-04
 7735.600000 8.328368e-01 2.324587e+00 8.653940e+00 7.922152e-02 -3.562937e-04 -3.319701e-04 -2.789712e-04 -3.066254e-04
 7735.800000 8.318042e-01 2.322368e+00 8.642398e+00 7.882982e-02 -3.611890e-04 -3.346708e-04 -2.843850e-04 -3.177987e-04
 7736.000000 8.324486e-01 2.325369e+00 8.666482e+00 8.014573e-02 -3.652889e-04 -3.393523e-04 -2.757305e-04 -3.037070e-04
 7736.200000 8.309347e-01 2.321340e+00 8.655315e+00 7.842501e-02 -3.680066e-04 -3.373509e-04 -2.925517e-04 -3.066576e-04
 7736.400000 8.322617e-01 2.323947e+00 8.662418e+00 7.873637e-02 -3.674775e-04 -3.332357e-04 -2.859171e-04 -3.061819e-04
 7736.600000 8.307210e-01 2.319688e+00 8.634389e+00 8.045681e-02 -3.625847e-04 -3.316876e-04 -2.740319e-04 -3.206400e-04
 7736.800000 8.376316e-01 2.339408e+00 8.689218e+00 7.968211e-02 -3.648836e-04 -3.334524e-04 -2.586541e-04 -3.127237e-04
 7737.000000 8.222546e-01 2.297115e+00 8.551229e+00 7.800006e-02 -3.533009e-04 -3.417284e-04 -2.575746e-04 -3.096550e-04
 7737.200000 8.282602e-01 2.313464e+00 8.624573e+00 7.821791e-02 -3.707084e-04 -3.469784e-04 -2.755495e-04 -3.058593e-04
 7737.400000 8.319194e-01 2.323776e+00 8.652358e+00 8.012351e-02 -3.612277e-04 -3.348619e-04 -2.816990e-04 -3.047283e-04
 7737.600000 8.228201e-01 2.299361e+00 8.558030e+00 7.943601e-02 -3.506655e-04 -3.343502e-04 -2.798670e-04 -3.128552e-04
 7737.800000 8.321641e-01 2.325192e+00 8.655583e+00 7.942656e-02 -3.627215e-04 -3.330252e-04 -2.920748e-04 -3.061140e-04
 7738.000000 8.289645e-01 2.316296e+00 8.633460e+00 7.906074e-02 -3.635785e-04 -3.264558e-04 -2.834023e-04 -3.096892e-04
 7738.200000 8.308156e-01 2.322345e+00 8.639375e+00 7.978623e-02 -3.482918e-04 -3.229199e-04 -2.698756e-04 -3.121919e-04
 7738.400000 8.337492e-01 2.330941e+00 8.664654e+00 7.825749e-02 -3.562140e-04 -3.263422e-04 -2.682011e-04 -3.115451e-04
 7738.600000 8.305933e-01 2.322810e+00 8.644737e+00 7.837694e-02 -3.610601e-04 -3.195784e-04 -2.723440e-04 -3.087587e-04
 7738.800000 8.290156e-01 2.318184e+00 8.652002e+00 7.994181e-02 -3.543545e-04 -3.149141e-04 -2.771244e-04 -2.985160e-04
 7739.000000 8.265983e-01 2.310193e+00 8.625468e+00 7.881018e-02 -3.530788e-04 -3.220483e-04 -2.637305e-04 -2.908850e-04
 7739.200000 8.260257e-01 2.309435e+00 8.619505e+00 7.943775e-02 -3.442751e-04 -3.279630e-04 -2.754963e-04 -2.895353e-04
 7739.400000 8.435440e-01 2.359315e+00 8.744134e+00 7.901956e-02 -3.526230e-04 -3.330841e-04 -2.749207e-04 -2.871111e-04
 7739.600000 8.204825e-01 2.294281e+00 8.541786e+00 7.744572e-02 -3.419982e-04 -3.199689e-04 -2.615910e-04 -2.870616e-04
 7739.800000 8.327860e-01 2.328772e+00 8.662446e+00 8.165813e-02 -3.563142e-04 -3.316917e-04 -2.706865e-04 -2.971377e-04
 7740.000000 8.296185e-01 2.319787e+00 8.667842e+00 7.910165e-02 -3.489546e-04 -3.267863e-04 -2.571290e-04 -2.914643e-04
 7740.200000 8.263808e-01 2.310971e+00 8.624861e+00 7.764273e-02 -3.510332e-04 -3.242864e-04 -2.624129e-04 -3.131755e-04
 7740.400000 8.192323e-01 2.291974e+00 8.554223e+00 7.809948e-02 -3.504933e-04 -3.286274e-04 -2.609615e-04 -2.990041e-04
 7740.600000 8.352403e-01 2.337190e+00 8.725313e+00 7.897805e-02 -3.633372e-04 -3.407579e-04 -2.592016e-04 -3.118865e-04
 7740.800000 8.230598e-01 2.302330e+00 8.564829e+00 7.767286e-02 -3.467894e-04 -3.274566e-04 -2.665158e-04 -2.902332e-04
 7741.000000 8.289450e-01 2.318426e+00 8.658966e+00 7.999344e-02 -3.531555e-04 -3.349403e-04 -2.558332e-04 -2.900726e-04
 7741.200000 8.273483e-01 2.314931e+00 8.655545e+00 8.020482e-02 -3.541928e-04 -3.363558e-04 -2.455114e-04 -2.911885e-04
 7741.400000 8.215835e-01 2.298863e+00 8.613386e+00 7.856425e-02 -3.520142e-04 -3.274054e-04 -2.232107e-04 -2.995918e-04
 7741.600000 8.245331e-01 2.307945e+00 8.681810e+00 7.870161e-02 -3.572817e-04 -3.381980e-04 -2.411398e-04 -3.060810e-04
 7741.800000 8.146560e-01 2.280872e+00 8.622602e+00 7.787245e-02 -3.442533e-04 -3.394575e-04 -2.565634e-04 -3.125125e-04
 7742.000000 8.096602e-01 2.266101e+00 8.633274e+00 7.801262e-02 -3.489943e-04 -3.402262e-04 -2.628779e-04 -3.085994e-04
 7742.700000 8.014860e-01 2.243222e+00 8.639742e+00 7.634882e-02 -3.465403e-04 -3.263078e-04 -2.804609e-04 -3.052118e-04
 7743.400000 8.245973e-01 2.309237e+00 8.640405e+00 7.888413e-02 -3.439557e-04 -3.126510e-04 -2.852739e-04 -3.067078e-04
 7744.100000 8.329009e-01 2.332633e+00 8.642788e+00 7.943220e-02 -3.316667e-04 -3.140979e-04 -2.755449e-04 -3.047277e-04
 7744.800000 8.322302e-01 2.331583e+00 8.638944e+00 8.011459e-02 -3.370809e-04 -3.151433e-04 -2.695782e-04 -3.103169e-04
 7745.500000 8.332956e-01 2.335934e+00 8.642107e+00 8.003757e-02 -3.443847e-04 -3.134237e-04 -2.620119e-04 -3.079078e-04
 7746.200000 8.309636e-01 2.329658e+00 8.639138e+00 8.025436e-02 -3.540339e-04 -3.192559e-04 -2.648003e-04 -3.019092e-04
 7746.900000 8.309981e-01 2.330169e+00 8.638196e+00 8.023846e-02 -3.488725e-04 -3.083098e-04 -2.664485e-04 -2.922747e-04
 7747.600000 8.311677e-01 2.331109e+00 8.640563e+00 8.017832e-02 -3.431156e-04 -3.174485e-04 -2.856693e-04 -3.062557e-04
 7748.300000 8.308325e-01 2.330451e+00 8.639842e+00 7.982527e-02 -3.431502e-04 -3.268527e-04 -2.883405e-04 -3.034461e-04
 7749.993695 8.303349e-01 2.331104e+00 8.640394e+00 7.964099e-02 -3.382890e-04 -3.283109e-04 -2.649881e-04 -2.934682e-04
 7750.999583 8.295549e-01 2.330115e+00 8.638203e+00 8.038680e-02 -3.443190e-04 -3.194629e-04 -2.626001e-04 -2.883189e-04
 7752.017662 8.302075e-01 2.332929e+00 8.640472e+00 7.936778e-02 -3.471632e-04 -3.201808e-04 -2.742739e-04 -2.861520e-04
 7753.047933 8.293968e-01 2.331507e+00 8.639193e+00 7.970598e-02 -3.493972e-04 -3.212601e-04 -2.729518e-04 -2.882405e-04
 7754.090396 8.301856e-01 2.334523e+00 8.639856e+00 7.948230e-02 -3.394620e-04 -3.191867e-04 -2.717258e-04 -2.825516e-04
 7755.145051 8.281045e-01 2.329891e+00 8.640009e+00 8.009279e-02 -3.445479e-04 -3.068446e-04 -2.668917e-04 -2.844342e-04
 7756.211898 8.293711e-01 2.334518e+00 8.639183e+00 8.018426e-02 -3.436104e-04 -3.197074e-04 -2.642634e-04 -2.816781e-04
 7757.290937 8.284819e-01 2.333522e+00 8.640174e+00 7.988810e-02 -3.379412e-04 -3.138929e-04 -2.502738e-04 -2.815849e-04
 7758.382167 8.271963e-01 2.330653e+00 8.638506e+00 7.992203e-02 -3.428489e-04 -3.146507e-04 -2.637228e-04 -2.785352e-04
 7759.485590 8.272293e-01 2.331598e+00 8.639565e+00 7.970461e-02 -3.412528e-04 -3.133760e-04 -2.750688e-04 -2.907606e-04
 7760.601204 8.283676e-01 2.336156e+00 8.640636e+00 8.021088e-02 -3.412818e-04 -3.093737e-04 -2.661425e-04 -3.001100e-04
 7761.729011 8.275252e-01 2.334821e+00 8.639248e+00 8.025460e-02 -3.381866e-04 -3.084077e-04 -2.589859e-04 -2.969485e-04
 7762.869009 8.277418e-01 2.336908e+00 8.640678e+00 7.990257e-02 -3.390478e-04 -3.051987e-04 -2.678710e-04 -2.860117e-04
 7764.021199 8.271912e-01 2.336512e+00 8.639089e+00 7.972958e-02 -3.468308e-04 -3.055189e-04 -2.643478e-04 -2.820403e-04
 7765.185582 8.269950e-01 2.337199e+00 8.640682e+00 8.045286e-02 -3.447219e-04 -3.044029e-04 -2.504856e-04 -2.835047e-04
 7766.362156 8.266740e-01 2.337147e+00 8.638937e+00 7.967995e-02 -3.339315e-04 -3.094000e-04 -2.504128e-04 -2.805954e-04
 7767.550922 8.263654e-01 2.336868e+00 8.639725e+00 8.108545e-02 -3.281034e-04 -3.125738e-04 -2.512369e-04 -2.812162e-04
 7768.751879 8.272623e-01 2.340643e+00 8.639288e+00 8.069116e-02 -3.406794e-04 -3.099137e-04 -2.545843e-04 -2.836330e-04
 7769.965029 8.262809e-01 2.339019e+00 8.639560e+00 7.990810e-02 -3.384328e-04 -3.014200e-04 -2.673920e-04 -2.893172e-04
 7771.190371 8.268248e-01 2.341641e+00 8.640579e+00 7.948182e-02 -3.442270e-04 -3.077790e-04 -2.672970e-04 -2.987708e-04
 7772.427904 8.256242e-01 2.339479e+00 8.639006e+00 8.000523e-02 -3.483214e-04 -3.081788e-04 -2.624279e-04 -3.003706e-04
 7773.677630 8.261844e-01 2.342134e+00 8.640535e+00 8.004988e-02 -3.428824e-04 -3.083800e-04 -2.754546e-04 -2.979589e-04
 7774.939547 8.255392e-01 2.341870e+00 8.638743e+00 8.029884e-02 -3.428193e-04 -3.119806e-04 -2.896436e-04 -2.941272e-04
 7776.213657 8.260612e-01 2.344040e+00 8.641207e+00 8.029997e-02 -3.324216e-04 -2.984873e-04 -2.785473e-04 -2.926812e-04
 7777.499958 8.250780e-01 2.342601e+00 8.638605e+00 8.027272e-02 -3.357701e-04 -2.988531e-04 -2.687640e-04 -2.942653e-04
 7778.798451 8.244759e-01 2.342751e+00 8.640391e+00 7.992257e-02 -3.410964e-04 -3.129111e-04 -2.709922e-04 -2.899147e-04
 7780.109136 8.254660e-01 2.346194e+00 8.639962e+00 8.015888e-02 -3.357535e-04 -3.150771e-04 -2.744747e-04 -2.978329e-04
 7781.432013 8.241278e-01 2.343906e+00 8.639690e+00 8.019609e-02 -3.458033e-04 -3.142572e-04 -2.714957e-04 -2.921852e-04
 7782.767082 8.244655e-01 2.345763e+00 8.639966e+00 7.989441e-02 -3.422826e-04 -3.143521e-04 -2.861967e-04 -2.967096e-04
 7784.114342 8.232186e-01 2.344051e+00 8.639424e+00 8.036948e-02 -3.443622e-04 -3.084250e-04 -2.866428e-04 -2.927094e-04
 7785.473795 8.239813e-01 2.347004e+00 8.639897e+00 8.102284e-02 -3.340263e-04 -3.112453e-04 -2.845441e-04 -2.985496e-04
 7786.845440 8.230787e-01 2.345863e+00 8.639722e+00 7.979370e-02 -3.404102e-04 -3.111646e-04 -2.769298e-04 -3.292394e-04
 7788.229276 8.238561e-01 2.349695e+00 8.639685e+00 8.053230e-02 -3.343793e-04 -3.188836e-04 -2.849442e-04 -3.267333e-04
 7789.625305 8.219013e-01 2.345278e+00 8.639408e+00 7.942147e-02 -3.343577e-04 -3.166973e-04 -2.890377e-04 -2.950242e-04
 7791.033525 8.231520e-01 2.350592e+00 8.640556e+00 8.110046e-02 -3.288466e-04 -3.081720e-04 -2.792073e-04 -2.933512e-04
 7792.453937 8.219387e-01 2.348409e+00 8.639796e+00 8.054563e-02 -3.333557e-04 -3.053259e-04 -2.764818e-04 -2.962205e-04
 7793.886541 8.222575e-01 2.350232e+00 8.640450e+00 8.033283e-02 -3.366950e-04 -3.031866e-04 -2.765014e-04 -2.933354e-04
 7795.331337 8.204348e-01 2.346774e+00 8.638909e+00 8.017469e-02 -3.424869e-04 -3.212942e-04 -2.869176e-04 -2.823463e-04
 7796.788325 8.224186e-01 2.353743e+00 8.641239e+00 8.021343e-02 -3.497425e-04 -3.155400e-04 -2.869051e-04 -2.956984e-04
 7798.257505 8.210262e-01 2.351316e+00 8.638385e+00 8.047452e-02 -3.479626e-04 -3.186345e-04 -2.808781e-04 -2.968900e-04
 7799.738877 8.212610e-01 2.352717e+00 8.640196e+00 8.123905e-02 -3.450555e-04 -3.274373e-04 -2.763620e-04 -2.892178e-04
 7801.232440 8.200295e-01 2.350742e+00 8.640295e+00 8.029318e-02 -3.478458e-04 -3.178650e-04 -2.733027e-04 -2.915020e-04
 7802.738196 8.202046e-01 2.352646e+00 8.639465e+00 8.028854e-02 -3.565349e-04 -3.300856e-04 -2.711595e-04 -2.829713e-04
 7804.256143 8.191600e-01 2.351494e+00 8.640689e+00 8.139801e-02 -3.553058e-04 -3.245914e-04 -2.714253e-04 -2.832221e-04
 7805.786283 8.200429e-01 2.355527e+00 8.638385e+00 8.099984e-02 -3.471924e-04 -3.166425e-04 -2.658106e-04 -2.845902e-04
 7807.328614 8.194026e-01 2.355480e+00 8.641204e+00 8.017728e-02 -3.549994e-04 -3.220663e-04 -2.747991e-04 -2.870964e-04
 7808.883137 8.195953e-01 2.357016e+00 8.637526e+00 8.091164e-02 -3.637238e-04 -3.270148e-04 -2.793692e-04 -2.900104e-04
 7810.449852 8.188562e-01 2.356196e+00 8.640513e+00 8.083160e-02 -3.575901e-04 -3.189549e-04 -2.782650e-04 -2.852618e-04
 7812.028759 8.192669e-01 2.358606e+00 8.640114e+00 8.156240e-02 -3.515079e-04 -3.250854e-04 -2.807337e-04 -2.944550e-04
 7813.619858 8.183591e-01 2.357988e+00 8.639485e+00 8.072832e-02 -3.535617e-04 -3.271703e-04 -2.669287e-04 -2.875931e-04
 7815.223149 8.188342e-01 2.360877e+00 8.639413e+00 8.023712e-02 -3.466658e-04 -3.253298e-04 -2.707738e-04 -2.845033e-04
 7816.838632 8.181861e-01 2.360060e+00 8.639937e+00 8.010053e-02 -3.442901e-04 -3.335592e-04 -2.740477e-04 -2.874098e-04
 7818.466307 8.183179e-01 2.362232e+00 8.640035e+00 8.133858e-02 -3.418191e-04 -3.268812e-04 -2.683423e-04 -2.916771e-04
 7820.106173 8.172196e-01 2.360324e+00 8.639873e+00 8.098361e-02 -3.469722e-04 -3.189085e-04 -2.812725e-04 -2.877619e-04
 7821.758232 8.175453e-01 2.363122e+00 8.639798e+00 8.009818e-02 -3.436381e-04 -3.155063e-04 -2.774915e-04 -2.903277e-04
 7823.422482 8.165661e-01 2.362333e+00 8.641158e+00 8.187143e-02 -3.421967e-04 -3.101346e-04 -2.753259e-04 -2.845557e-04
 7825.098924 8.174252e-01 2.366016e+00 8.638801e+00 8.121949e-02 -3.365184e-04 -3.082418e-04 -2.753176e-04 -2.787264e-04
 7826.787558 8.159541e-01 2.363623e+00 8.639800e+00 8.132485e-02 -3.383236e-04 -3.132242e-04 -2.751789e-04 -2.736090e-04
 7828.488385 8.123650e-01 2.354855e+00 8.640033e+00 8.082417e-02 -3.420947e-04 -3.123501e-04 -2.603363e-04 -2.838395e-04
 7830.201403 8.109156e-01 2.351725e+00 8.638814e+00 8.020094e-02 -3.524337e-04 -3.002174e-04 -2.466363e-04 -2.955744e-04
 7831.926613 8.149820e-01 2.364945e+00 8.639983e+00 8.052014e-02 -3.524484e-04 -3.087627e-04 -2.723178e-04 -2.946122e-04
 7833.664014 8.145799e-01 2.365810e+00 8.639569e+00 8.138695e-02 -3.493930e-04 -3.138848e-04 -2.781573e-04 -2.841901e-04
 7835.413608 8.149857e-01 2.368229e+00 8.639938e+00 8.112700e-02 -3.511323e-04 -3.147208e-04 -2.732778e-04 -2.739494e-04
 7837.175394 8.144584e-01 2.368899e+00 8.639866e+00 8.159238e-02 -3.479918e-04 -3.176738e-04 -2.814735e-04 -2.732643e-04
 7838.949371 8.148134e-01 2.371087e+00 8.639925e+00 8.175667e-02 -3.461960e-04 -3.142930e-04 -2.731156e-04 -2.697636e-04
 7840.735541 8.137263e-01 2.369898e+00 8.639036e+00 8.163195e-02 -3.509882e-04 -3.169594e-04 -2.616377e-04 -2.623782e-04
 7842.533902 8.145819e-01 2.374373e+00 8.639884e+00 8.049263e-02 -3.526191e-04 -3.203265e-04 -2.786946e-04 -2.601193e-04
 7844.344455 8.130912e-01 2.372061e+00 8.640260e+00 8.236900e-02 -3.429054e-04 -3.227561e-04 -2.731680e-04 -2.658504e-04
 7846.167201 8.137485e-01 2.375513e+00 8.640243e+00 8.159334e-02 -3.356224e-04 -3.263662e-04 -2.828791e-04 -2.731419e-04
 7848.002138 8.124382e-01 2.373211e+00 8.639351e+00 8.175723e-02 -3.386114e-04 -3.161831e-04 -2.777879e-04 -2.702497e-04
 7849.849267 8.135441e-01 2.377806e+00 8.639956e+00 8.119447e-02 -3.363281e-04 -3.151294e-04 -2.687310e-04 -2.741672e-04
 7851.708588 8.125172e-01 2.376736e+00 8.639363e+00 8.208611e-02 -3.368845e-04 -3.241390e-04 -2.749649e-04 -2.766531e-04
 7853.580100 8.101079e-01 2.371480e+00 8.640890e+00 8.165736e-02 -3.404953e-04 -3.159870e-04 -2.765768e-04 -2.784297e-04
 7855.463805 8.055948e-01 2.360733e+00 8.638822e+00 8.119543e-02 -3.400894e-04 -3.209130e-04 -2.853695e-04 -2.793232e-04
 7857.359702 8.111393e-01 2.378091e+00 8.640339e+00 8.230354e-02 -3.387076e-04 -3.236505e-04 -2.896152e-04 -2.799617e-04
 7859.267790 8.104434e-01 2.377542e+00 8.639677e+00 8.134777e-02 -3.408280e-04 -3.201971e-04 -2.721684e-04 -2.677661e-04
 7861.188071 8.109644e-01 2.381245e+00 8.639771e+00 8.194764e-02 -3.319054e-04 -3.116581e-04 -2.647505e-04 -2.645055e-04
 7863.120543 8.100819e-01 2.380954e+00 8.639364e+00 8.117942e-02 -3.353116e-04 -3.037946e-04 -2.701882e-04 -2.772802e-04
 7865.065207 8.093648e-01 2.380522e+00 8.640156e+00 8.185489e-02 -3.305507e-04 -3.081124e-04 -2.865064e-04 -2.853761e-04
 7867.022064 8.093166e-01 2.381781e+00 8.640178e+00 8.196598e-02 -3.231073e-04 -3.100028e-04 -2.802916e-04 -2.724058e-04
 7868.991112 8.094933e-01 2.384061e+00 8.639793e+00 8.225345e-02 -3.295305e-04 -3.122636e-04 -2.790049e-04 -2.697057e-04
 7870.972352 8.089263e-01 2.384170e+00 8.639948e+00 8.211377e-02 -3.310520e-04 -3.095049e-04 -2.763135e-04 -2.737510e-04
 7872.965784 8.079829e-01 2.383543e+00 8.638646e+00 8.241210e-02 -3.410837e-04 -3.086755e-04 -2.783225e-04 -2.784676e-04
 7874.971407 8.079737e-01 2.385945e+00 8.641247e+00 8.189931e-02 -3.380684e-04 -3.059784e-04 -2.852876e-04 -2.785631e-04
 7876.989223 8.078444e-01 2.386748e+00 8.638151e+00 8.299215e-02 -3.332612e-04 -3.043042e-04 -2.783572e-04 -2.910002e-04
 7879.019231 8.075292e-01 2.387970e+00 8.640879e+00 8.188840e-02 -3.320100e-04 -2.964592e-04 -2.690314e-04 -2.884112e-04
 7881.061430 8.067536e-01 2.387285e+00 8.639126e+00 8.219069e-02 -3.352142e-04 -3.047606e-04 -2.797384e-04 -2.791482e-04
 7883.115822 8.071729e-01 2.390551e+00 8.639566e+00 8.225947e-02 -3.384831e-04 -3.171285e-04 -2.833691e-04 -2.826394e-04
 7885.182405 8.066571e-01 2.391377e+00 8.639917e+00 8.226830e-02 -3.414223e-04 -3.180367e-04 -2.835254e-04 -2.845922e-04
 7887.261180 8.053040e-01 2.388559e+00 8.640137e+00 8.258559e-02 -3.357406e-04 -3.145608e-04 -2.812200e-04 -2.799771e-04
 7889.352148 8.043754e-01 2.387637e+00 8.639048e+00 8.181581e-02 -3.290284e-04 -3.040161e-04 -2.789669e-04 -2.711789e-04
 7891.455307 8.048845e-01 2.391524e+00 8.640759e+00 8.293903e-02 -3.413821e-04 -3.097232e-04 -2.743738e-04 -2.653096e-04
 7893.570658 7.978810e-01 2.373025e+00 8.639075e+00 8.179100e-02 -3.423114e-04 -3.087858e-04 -2.754857e-04 -2.717424e-04
 7895.698201 8.017945e-01 2.386044e+00 8.640784e+00 8.236568e-02 -3.388807e-04 -3.029913e-04 -2.883417e-04 -2.851993e-04
 7897.837935 8.045458e-01 2.396242e+00 8.639118e+00 8.281666e-02 -3.322599e-04 -2.816691e-04 -2.775663e-04 -2.915436e-04
 7899.989862 8.042018e-01 2.397054e+00 8.640403e+00 8.219140e-02 -3.315247e-04 -2.854429e-04 -2.658944e-04 -2.751366e-04
 7902.153981 8.038812e-01 2.398311e+00 8.639411e+00 8.310349e-02 -3.420303e-04 -2.919419e-04 -2.702765e-04 -2.678750e-04
 7904.330291 8.035391e-01 2.399066e+00 8.639895e+00 8.149266e-02 -3.403366e-04 -3.048480e-04 -2.683133e-04 -2.655068e-04
 7906.518794 8.036132e-01 2.401157e+00 8.639817e+00 8.311930e-02 -3.427547e-04 -3.055059e-04 -2.704956e-04 -2.636948e-04
 7908.719488 8.028224e-01 2.401247e+00 8.639703e+00 8.233824e-02 -3.450009e-04 -3.056400e-04 -2.688662e-04 -2.664852e-04
 7910.932374 8.026369e-01 2.402391e+00 8.639965e+00 8.245493e-02 -3.417604e-04 -3.041605e-04 -2.744660e-04 -2.763583e-04
 7913.157453 8.021092e-01 2.402610e+00 8.639480e+00 8.252131e-02 -3.420239e-04 -3.000929e-04 -2.691998e-04 -2.858363e-04
 7915.394723 8.021815e-01 2.405492e+00 8.639558e+00 8.287534e-02 -3.412664e-04 -2.947041e-04 -2.625550e-04 -2.837621e-04
 7917.644185 8.014854e-01 2.405177e+00 8.640460e+00 8.299691e-02 -3.363105e-04 -2.948339e-04 -2.600422e-04 -2.823056e-04
 7919.905838 8.010388e-01 2.405962e+00 8.639885e+00 8.330409e-02 -3.387510e-04 -3.033000e-04 -2.628669e-04 -2.856051e-04
 7922.179684 8.003735e-01 2.405400e+00 8.639648e+00 8.216883e-02 -3.412332e-04 -3.035277e-04 -2.603511e-04 -2.951724e-04
 7924.465722 8.005441e-01 2.407813e+00 8.639293e+00 8.331612e-02 -3.402186e-04 -3.077025e-04 -2.516502e-04 -2.821722e-04
 7926.763952 7.992492e-01 2.405852e+00 8.639820e+00 8.266769e-02 -3.317227e-04 -3.156363e-04 -2.509198e-04 -2.683063e-04
 7929.074373 7.998018e-01 2.410095e+00 8.640413e+00 8.346664e-02 -3.420132e-04 -3.217560e-04 -2.456716e-04 -2.833612e-04
 7931.396987 7.986804e-01 2.409301e+00 8.639588e+00 8.414737e-02 -3.408997e-04 -3.192840e-04 -2.474836e-04 -2.933186e-04
 7933.731792 7.984116e-01 2.410463e+00 8.640419e+00 8.258967e-02 -3.412715e-04 -3.171611e-04 -2.421178e-04 -2.842975e-04
 7936.078789 7.946456e-01 2.401273e+00 8.638733e+00 8.225483e-02 -3.391054e-04 -3.004245e-04 -2.515325e-04 -2.814230e-04
 7938.437978 7.850488e-01 2.374307e+00 8.640597e+00 8.213091e-02 -3.378374e-04 -2.959856e-04 -2.643436e-04 -2.908343e-04
 7940.809359 7.970197e-01 2.412890e+00 8.639131e+00 8.368019e-02 -3.313331e-04 -3.016815e-04 -2.611981e-04 -2.739566e-04
 7943.192932 7.983238e-01 2.419314e+00 8.640472e+00 8.341873e-02 -3.383676e-04 -3.160367e-04 -2.604323e-04 -2.804100e-04
 7945.588697 7.971929e-01 2.418288e+00 8.639309e+00 8.352098e-02 -3.370698e-04 -3.230239e-04 -2.580372e-04 -2.928883e-04
 7947.996654 7.963894e-01 2.417631e+00 8.639507e+00 8.260641e-02 -3.405888e-04 -3.130560e-04 -2.640481e-04 -2.937574e-04
 7950.416803 7.960253e-01 2.418444e+00 8.640311e+00 8.434624e-02 -3.333273e-04 -3.118053e-04 -2.688597e-04 -2.862569e-04
 7952.849143 7.961535e-01 2.421356e+00 8.639946e+00 8.372573e-02 -3.332985e-04 -3.103692e-04 -2.671991e-04 -2.910422e-04
 7955.293676 7.952712e-01 2.420507e+00 8.639820e+00 8.300007e-02 -3.350541e-04 -3.122185e-04 -2.680710e-04 -2.995507e-04
 7957.750400 7.945163e-01 2.420899e+00 8.639179e+00 8.351584e-02 -3.424695e-04 -3.114814e-04 -2.632025e-04 -3.295566e-04
 7960.219317 7.933840e-01 2.419987e+00 8.640354e+00 8.322510e-02 -3.368394e-04 -3.182591e-04 -2.598887e-04 -3.317614e-04
 7962.700425 7.944282e-01 2.424502e+00 8.639656e+00 8.337274e-02 -3.385496e-04 -3.203850e-04 -2.577080e-04 -3.408984e-04
 7965.193725 7.935460e-01 2.423986e+00 8.640275e+00 8.437491e-02 -3.363794e-04 -3.157515e-04 -2.571505e-04 -3.397604e-04
 7967.699217 7.934556e-01 2.425762e+00 8.639081e+00 8.293077e-02 -3.384252e-04 -3.112698e-04 -2.535201e-04 -3.292211e-04
 7970.216901 7.922438e-01 2.424881e+00 8.639891e+00 8.458743e-02 -3.390607e-04 -3.068914e-04 -2.542820e-04 -3.209133e-04
 7972.746777 7.926757e-01 2.428433e+00 8.640363e+00 8.403802e-02 -3.400586e-04 -3.052826e-04 -2.532473e-04 -3.254559e-04
 7975.288845 7.916431e-01 2.428273e+00 8.639403e+00 8.445107e-02 -3.397535e-04 -3.133800e-04 -2.592367e-04 -3.397285e-04
 7977.843105 7.910566e-01 2.428017e+00 8.640026e+00 8.471050e-02 -3.355056e-04 -3.099076e-04 -2.721264e-04 -3.321089e-04
 7980.409556 7.906091e-01 2.429112e+00 8.639427e+00 8.249102e-02 -3.372048e-04 -3.171188e-04 -2.567199e-04 -3.330868e-04
 7982.988200 7.871811e-01 2.420927e+00 8.640291e+00 8.397060e-02 -3.433292e-04 -3.163343e-04 -2.653800e-04 -3.269979e-04
 7985.579035 7.861990e-01 2.420284e+00 8.639761e+00 8.375505e-02 -3.373309e-04 -3.162785e-04 -2.750537e-04 -3.242083e-04
 7988.182062 7.886541e-01 2.430246e+00 8.639748e+00 8.336657e-02 -3.403565e-04 -3.188064e-04 -2.781167e-04 -3.327226e-04
 7990.797282 7.886228e-01 2.432956e+00 8.639604e+00 8.442424e-02 -3.351815e-04 -3.174414e-04 -2.738001e-04 -3.413421e-04
 7993.424693 7.878400e-01 2.432754e+00 8.639885e+00 8.448910e-02 -3.328838e-04 -3.155464e-04 -2.546790e-04 -3.323442e-04
 7996.064296 7.881461e-01 2.435658e+00 8.640121e+00 8.408336e-02 -3.268336e-04 -3.280661e-04 -2.651544e-04 -3.295927e-04
 7998.716091 7.871909e-01 2.435203e+00 8.639514e+00 8.450916e-02 -3.209094e-04 -3.237134e-04 -2.677325e-04 -3.361946e-04
 8001.380078 7.871555e-01 2.437975e+00 8.639828e+00 8.409377e-02 -3.307948e-04 -3.186912e-04 -2.574300e-04 -3.409622e-04
 8004.056256 7.858391e-01 2.435880e+00 8.639544e+00 8.402326e-02 -3.336965e-04 -3.158687e-04 -2.512016e-04 -3.320334e-04
 8006.744627 7.858708e-01 2.438151e+00 8.640154e+00 8.500708e-02 -3.309999e-04 -3.170639e-04 -2.549125e-04 -3.330272e-04
 8009.445190 7.854650e-01 2.440346e+00 8.640183e+00 8.407713e-02 -3.263565e-04 -3.131275e-04 -2.644897e-04 -3.286612e-04
 8012.157944 7.848466e-01 2.440443e+00 8.638937e+00 8.492520e-02 -3.253128e-04 -3.094685e-04 -2.680853e-04 -3.380838e-04
 8014.882891 7.844589e-01 2.441718e+00 8.640409e+00 8.411681e-02 -3.201283e-04 -3.138553e-04 -2.585187e-04 -3.295181e-04
 8017.620029 7.828482e-01 2.439043e+00 8.639256e+00 8.450631e-02 -3.224968e-04 -3.098102e-04 -2.561884e-04 -3.319927e-04
 8020.369359 7.842648e-01 2.445725e+00 8.640527e+00 8.492403e-02 -3.255021e-04 -3.193774e-04 -2.622206e-04 -3.310283e-04
 8023.130881 7.821794e-01 2.441740e+00 8.638710e+00 8.428775e-02 -3.271382e-04 -3.229161e-04 -2.668552e-04 -3.224765e-04
 8025.904595 7.825865e-01 2.445814e+00 8.640764e+00 8.435862e-02 -3.243771e-04 -3.169811e-04 -2.640230e-04 -3.274927e-04
 8028.690501 7.816889e-01 2.445583e+00 8.639336e+00 8.420789e-02 -3.283046e-04 -3.147277e-04 -2.595301e-04 -3.290526e-04
 8031.488599 7.812552e-01 2.445868e+00 8.639953e+00 8.574226e-02 -3.319534e-04 -3.160430e-04 -2.587324e-04 -3.292910e-04
 8034.298889 7.801887e-01 2.445704e+00 8.639355e+00 8.526844e-02 -3.316216e-04 -3.189384e-04 -2.623633e-04 -3.379877e-04
 8037.121371 7.795424e-01 2.446557e+00 8.640515e+00 8.400887e-02 -3.308891e-04 -3.124298e-04 -2.657436e-04 -3.340806e-04
 8039.956044 7.789606e-01 2.446892e+00 8.639115e+00 8.475175e-02 -3.292087e-04 -3.175259e-04 -2.696949e-04 -3.351513e-04
 8042.802910 7.786488e-01 2.448068e+00 8.640490e+00 8.446768e-02 -3.300618e-04 -3.127718e-04 -2.632218e-04 -3.369716e-04
 8045.661967 7.781310e-01 2.449072e+00 8.639140e+00 8.575207e-02 -3.368371e-04 -3.068387e-04 -2.698090e-04 -3.351253e-04
 8048.533217 7.762521e-01 2.445760e+00 8.639993e+00 8.494111e-02 -3.252596e-04 -3.256150e-04 -2.770854e-04 -3.434226e-04
 8051.416658 7.745580e-01 2.442904e+00 8.640156e+00 8.450138e-02 -3.206637e-04 -3.229607e-04 -2.780250e-04 -3.441332e-04
 8054.312291 7.548881e-01 2.383558e+00 8.639212e+00 8.273817e-02 -3.199204e-04 -3.040908e-04 -2.748266e-04 -3.426856e-04
 8057.220116 7.700976e-01 2.434291e+00 8.640154e+00 8.368799e-02 -3.210943e-04 -2.981935e-04 -2.772564e-04 -3.332639e-04
 8060.140133 7.774723e-01 2.460107e+00 8.639630e+00 8.499346e-02 -3.141325e-04 -2.920230e-04 -2.932027e-04 -3.381310e-04
 8063.072342 7.766728e-01 2.460293e+00 8.640255e+00 8.554120e-02 -3.119166e-04 -3.002037e-04 -2.857929e-04 -3.333815e-04
 8066.016743 7.767738e-01 2.463643e+00 8.639477e+00 8.532215e-02 -3.144600e-04 -3.029002e-04 -2.879655e-04 -3.404951e-04
 8068.973335 7.746900e-01 2.458713e+00 8.639731e+00 8.614017e-02 -3.212471e-04 -3.044063e-04 -2.947031e-04 -3.357992e-04
 8071.942120 7.748835e-01 2.462633e+00 8.640192e+00 8.589198e-02 -3.267962e-04 -3.074837e-04 -2.836690e-04 -3.436314e-04
 8074.923096 7.739734e-01 2.461958e+00 8.639635e+00 8.559284e-02 -3.201636e-04 -3.038056e-04 -2.780212e-04 -3.481665e-04
 8077.916265 7.735025e-01 2.462960e+00 8.639792e+00 8.466396e-02 -3.184089e-04 -3.008668e-04 -2.696578e-04 -3.366586e-04
 8080.921625 7.726885e-01 2.463433e+00 8.639798e+00 8.598068e-02 -3.159921e-04 -2.970717e-04 -2.671653e-04 -3.332879e-04
 8083.939177 7.716400e-01 2.462731e+00 8.639775e+00 8.550489e-02 -3.232561e-04 -2.900633e-04 -2.637057e-04 -3.377866e-04
 8086.968921 7.708465e-01 2.462302e+00 8.640095e+00 8.551995e-02 -3.275112e-04 -3.011982e-04 -2.729212e-04 -3.354874e-04
 8090.010858 7.609057e-01 2.433170e+00 8.639272e+00 8.491985e-02 -3.290568e-04 -2.924016e-04 -2.883968e-04 -3.318737e-04
 8093.064985 7.521236e-01 2.408353e+00 8.640278e+00 8.301116e-02 -3.261816e-04 -2.921326e-04 -2.835775e-04 -3.280877e-04
 8096.131305 7.722956e-01 2.475694e+00 8.639680e+00 8.628399e-02 -3.195447e-04 -2.966454e-04 -2.760985e-04 -3.287892e-04
 8099.209817 7.716396e-01 2.476105e+00 8.639607e+00 8.627052e-02 -3.158601e-04 -3.016266e-04 -2.791265e-04 -3.291793e-04
 8102.300521 7.708814e-01 2.476271e+00 8.640062e+00 8.575359e-02 -3.165053e-04 -3.113394e-04 -2.709859e-04 -3.209715e-04
 8105.403416 7.698235e-01 2.475746e+00 8.639634e+00 8.583826e-02 -3.249211e-04 -2.982059e-04 -2.717159e-04 -3.259663e-04
 8108.518504 7.695303e-01 2.477873e+00 8.640114e+00 8.546863e-02 -3.202662e-04 -2.999927e-04 -2.775529e-04 -3.275519e-04
 8111.645783 7.690648e-01 2.478763e+00 8.639337e+00 8.616509e-02 -3.150720e-04 -2.940351e-04 -2.703143e-04 -3.235324e-04
 8114.785255 7.680469e-01 2.478069e+00 8.639680e+00 8.658563e-02 -3.284803e-04 -2.982486e-04 -2.751577e-04 -3.278446e-04
 8117.936918 7.677998e-01 2.480032e+00 8.640227e+00 8.587478e-02 -3.307037e-04 -3.016898e-04 -2.735250e-04 -3.350128e-04
 8121.100773 7.672232e-01 2.481435e+00 8.639622e+00 8.717842e-02 -3.281895e-04 -3.035663e-04 -2.711609e-04 -3.219751e-04
 8124.276820 7.663899e-01 2.481209e+00 8.639666e+00 8.626276e-02 -3.308276e-04 -3.113518e-04 -2.619733e-04 -3.228935e-04
 8127.465059 7.661825e-01 2.482751e+00 8.639955e+00 8.641523e-02 -3.275388e-04 -3.079420e-04 -2.669636e-04 -3.332089e-04
 8130.665490 7.650215e-01 2.482550e+00 8.640133e+00 8.702916e-02 -3.270573e-04 -3.137883e-04 -2.596127e-04 -3.239591e-04
 8133.878112 7.644693e-01 2.483517e+00 8.639342e+00 8.628772e-02 -3.258844e-04 -3.309284e-04 -2.596568e-04 -3.321314e-04
 8137.102927 7.637999e-01 2.483806e+00 8.639944e+00 8.671448e-02 -3.222037e-04 -3.314291e-04 -2.786594e-04 -3.301809e-04
 8140.339934 7.634461e-01 2.485479e+00 8.640068e+00 8.663553e-02 -3.199190e-04 -3.297531e-04 -2.790769e-04 -3.317301e-04
 8143.589132 7.626477e-01 2.485199e+00 8.639384e+00 8.657384e-02 -3.200781e-04 -3.228102e-04 -2.775958e-04 -3.383369e-04
 8146.850523 7.620273e-01 2.485800e+00 8.639909e+00 8.661967e-02 -3.183116e-04 -3.028367e-04 -2.765543e-04 -3.344650e-04
 8150.124105 7.615186e-01 2.487148e+00 8.640026e+00 8.709665e-02 -3.267780e-04 -3.120676e-04 -2.797250e-04 -3.261270e-04
 8153.409879 7.610240e-01 2.488506e+00 8.639679e+00 8.642996e-02 -3.321437e-04 -3.177220e-04 -2.684640e-04 -3.225835e-04
 8156.707845 7.605076e-01 2.490058e+00 8.639479e+00 8.693689e-02 -3.241631e-04 -3.127519e-04 -2.670296e-04 -3.341210e-04
 8160.018003 7.599431e-01 2.490564e+00 8.640130e+00 8.673809e-02 -3.213134e-04 -3.161406e-04 -2.714772e-04 -3.319062e-04
 8163.340353 7.591807e-01 2.491225e+00 8.639693e+00 8.682814e-02 -3.212688e-04 -3.218285e-04 -2.769103e-04 -3.180137e-04
 8166.674895 7.586002e-01 2.491868e+00 8.639822e+00 8.662410e-02 -3.202579e-04 -3.105627e-04 -2.711588e-04 -3.212158e-04
 8170.021629 7.581159e-01 2.493097e+00 8.639912e+00 8.697445e-02 -3.179695e-04 -2.905508e-04 -2.723970e-04 -3.288720e-04
 8173.380554 7.570683e-01 2.492870e+00 8.639652e+00 8.649813e-02 -3.199081e-04 -2.950435e-04 -2.746937e-04 -3.279672e-04
 8176.751672 7.566398e-01 2.494132e+00 8.640091e+00 8.684032e-02 -3.132244e-04 -3.056178e-04 -2.656848e-04 -3.196037e-04
 8180.134982 7.565487e-01 2.496450e+00 8.639409e+00 8.738165e-02 -3.131587e-04 -3.168002e-04 -2.770459e-04 -3.177018e-04
 8183.530483 7.550510e-01 2.494473e+00 8.639777e+00 8.691668e-02 -3.176295e-04 -3.083815e-04 -2.828727e-04 -3.224546e-04
 8186.938176 7.548807e-01 2.496804e+00 8.640096e+00 8.727062e-02 -3.174708e-04 -3.127582e-04 -2.811883e-04 -3.314017e-04
 8190.358061 7.543338e-01 2.497968e+00 8.639725e+00 8.709800e-02 -3.215164e-04 -3.166263e-04 -2.809301e-04 -3.312645e-04
 8193.790139 7.533419e-01 2.498004e+00 8.639634e+00 8.691721e-02 -3.282145e-04 -3.148333e-04 -2.810430e-04 -3.334296e-04
 8197.234408 7.528480e-01 2.498997e+00 8.639846e+00 8.736576e-02 -3.239823e-04 -3.111346e-04 -2.820141e-04 -3.364299e-04
 8200.690868 7.526827e-01 2.501378e+00 8.639857e+00 8.724003e-02 -3.210839e-04 -3.136316e-04 -2.728032e-04 -3.322976e-04
 8204.159521 7.519190e-01 2.501856e+00 8.639595e+00 8.725020e-02 -3.258588e-04 -3.170841e-04 -2.788035e-04 -3.303439e-04
 8207.640366 7.514068e-01 2.502899e+00 8.639782e+00 8.647373e-02 -3.322931e-04 -3.201864e-04 -2.840345e-04 -3.170274e-04
 8211.133403 7.511096e-01 2.504507e+00 8.640149e+00 8.800866e-02 -3.251804e-04 -3.212744e-04 -2.792587e-04 -3.124815e-04
 8214.638631 7.504044e-01 2.504895e+00 8.639244e+00 8.703028e-02 -3.319116e-04 -3.141619e-04 -2.794637e-04 -3.204268e-04
 8218.156052 7.491679e-01 2.503502e+00 8.639890e+00 8.733146e-02 -3.301028e-04 -3.098464e-04 -2.687986e-04 -3.312140e-04
 8221.685664 7.495899e-01 2.507788e+00 8.640148e+00 8.812001e-02 -3.319110e-04 -3.038003e-04 -2.777082e-04 -3.408202e-04
 8225.227468 7.484052e-01 2.506643e+00 8.639577e+00 8.779291e-02 -3.358573e-04 -3.007850e-04 -2.697922e-04 -3.382561e-04
 8228.781465 7.472141e-01 2.505875e+00 8.639935e+00 8.718506e-02 -3.388135e-04 -3.003302e-04 -2.807749e-04 -3.295675e-04
 8232.347653 7.474194e-01 2.509961e+00 8.639934e+00 8.775368e-02 -3.361336e-04 -3.056692e-04 -2.843783e-04 -3.316419e-04
 8235.926033 7.462105e-01 2.508910e+00 8.639500e+00 8.832011e-02 -3.300431e-04 -3.073013e-04 -2.879729e-04 -3.384386e-04
 8239.516605 7.453115e-01 2.509184e+00 8.639999e+00 8.777464e-02 -3.306759e-04 -3.112475e-04 -2.810259e-04 -3.437148e-04
 8243.119369 7.452999e-01 2.511888e+00 8.640176e+00 8.806938e-02 -3.277759e-04 -3.128830e-04 -2.858236e-04 -3.442630e-04
 8246.734324 7.446279e-01 2.512686e+00 8.639628e+00 8.806788e-02 -3.249336e-04 -3.062823e-04 -2.873055e-04 -3.330984e-04
 8250.361472 7.437503e-01 2.512779e+00 8.639598e+00 8.784184e-02 -3.301701e-04 -3.059784e-04 -2.781937e-04 -3.275377e-04
 8254.000811 7.429313e-01 2.512853e+00 8.640050e+00 8.817993e-02 -3.220468e-04 -3.107936e-04 -2.791578e-04 -3.282996e-04
 8257.652343 7.423092e-01 2.513913e+00 8.639931e+00 8.742218e-02 -3.241932e-04 -3.196104e-04 -2.720162e-04 -3.345285e-04
 8261.316066 7.418045e-01 2.515628e+00 8.639509e+00 8.884654e-02 -3.261113e-04 -3.203806e-04 -2.752982e-04 -3.381732e-04
 8264.991982 7.407348e-01 2.514883e+00 8.639981e+00 8.804691e-02 -3.246289e-04 -3.282494e-04 -2.889672e-04 -3.277632e-04
 8268.680089 7.408632e-01 2.518269e+00 8.640020e+00 8.881689e-02 -3.288360e-04 -3.238915e-04 -2.843896e-04 -3.001597e-04
 8272.380388 7.398646e-01 2.517902e+00 8.639550e+00 8.874264e-02 -3.362938e-04 -3.120605e-04 -2.881268e-04 -2.714426e-04
 8276.092879 7.371139e-01 2.511270e+00 8.639550e+00 8.866241e-02 -3.420430e-04 -3.072617e-04 -2.876743e-04 -2.816947e-04
 8279.817562 7.369429e-01 2.513498e+00 8.640095e+00 8.824007e-02 -3.367898e-04 -3.093947e-04 -2.826221e-04 -2.821467e-04
 8283.554437 7.382023e-01 2.520996e+00 8.639571e+00 8.795883e-02 -3.342032e-04 -3.115795e-04 -2.776560e-04 -2.699537e-04
 8287.303503 7.369314e-01 2.520268e+00 8.639931e+00 8.850952e-02 -3.316141e-04 -3.141590e-04 -2.783363e-04 -2.725196e-04
 8291.064762 7.361697e-01 2.521356e+00 8.639621e+00 8.854386e-02 -3.368515e-04 -3.205265e-04 -2.701612e-04 -2.772851e-04
 8294.838213 7.361645e-01 2.523939e+00 8.639786e+00 8.867383e-02 -3.372602e-04 -3.119594e-04 -2.694460e-04 -2.792514e-04
 8298.623855 7.352996e-01 2.523575e+00 8.639933e+00 8.838467e-02 -3.320455e-04 -3.047665e-04 -2.674512e-04 -2.773413e-04
 8302.421689 7.346986e-01 2.524612e+00 8.639804e+00 8.893464e-02 -3.324179e-04 -3.167380e-04 -2.759965e-04 -2.760766e-04
 8306.231716 7.342472e-01 2.526719e+00 8.639601e+00 8.912966e-02 -3.330464e-04 -3.282801e-04 -2.724949e-04 -2.800290e-04
 8310.053934 7.335902e-01 2.527599e+00 8.639954e+00 8.904292e-02 -3.280480e-04 -3.175736e-04 -2.739155e-04 -2.876176e-04
 8313.888344 7.326363e-01 2.526906e+00 8.640053e+00 8.889924e-02 -3.278513e-04 -3.194692e-04 -2.680687e-04 -2.924291e-04
 8317.734946 7.325481e-01 2.529859e+00 8.639759e+00 8.951962e-02 -3.238601e-04 -3.172972e-04 -2.830666e-04 -2.914141e-04
 8321.593740 7.309693e-01 2.527621e+00 8.639677e+00 8.868244e-02 -3.250676e-04 -3.161171e-04 -2.845111e-04 -2.901072e-04
 8325.464726 7.304515e-01 2.529644e+00 8.639940e+00 8.876070e-02 -3.258195e-04 -3.159283e-04 -2.731407e-04 -2.784552e-04
 8329.347903 7.295853e-01 2.529219e+00 8.639548e+00 8.919052e-02 -3.230918e-04 -3.034597e-04 -2.820588e-04 -2.784867e-04
 8333.243273 7.283754e-01 2.528377e+00 8.639678e+00 8.860378e-02 -3.324479e-04 -3.059016e-04 -2.740508e-04 -2.868335e-04
 8337.150835 7.277459e-01 2.529343e+00 8.639822e+00 8.937691e-02 -3.362506e-04 -3.041686e-04 -2.670282e-04 -2.848637e-04
 8341.070588 7.268636e-01 2.529248e+00 8.639999e+00 8.910465e-02 -3.328165e-04 -3.039445e-04 -2.814360e-04 -2.872093e-04
 8345.002533 7.259393e-01 2.529369e+00 8.639677e+00 8.941299e-02 -3.360244e-04 -3.140305e-04 -2.853656e-04 -2.897949e-04
 8348.946671 7.248014e-01 2.528677e+00 8.639660e+00 8.889455e-02 -3.328391e-04 -3.175550e-04 -2.849266e-04 -2.872506e-04
 8352.903000 7.232108e-01 2.526553e+00 8.639775e+00 8.926305e-02 -3.287649e-04 -3.217573e-04 -2.833158e-04 -2.824706e-04
 8356.871521 7.226227e-01 2.527294e+00 8.639667e+00 8.910134e-02 -3.299166e-04 -3.190273e-04 -2.797287e-04 -2.791146e-04
 8360.852234 7.226822e-01 2.530968e+00 8.640136e+00 8.924896e-02 -3.209667e-04 -3.141274e-04 -2.808243e-04 -2.842446e-04
 8364.845139 7.219273e-01 2.531385e+00 8.639933e+00 8.900571e-02 -3.246070e-04 -3.120921e-04 -2.802087e-04 -2.912204e-04
 8368.850236 7.212845e-01 2.532640e+00 8.639580e+00 8.906859e-02 -3.196477e-04 -3.183187e-04 -2.747663e-04 -2.821487e-04
 8372.867524 7.204263e-01 2.532583e+00 8.639701e+00 8.913228e-02 -3.216653e-04 -3.203367e-04 -2.753530e-04 -2.744387e-04
 8376.897005 7.205087e-01 2.535754e+00 8.639880e+00 8.984193e-02 -3.345346e-04 -3.200729e-04 -2.728324e-04 -2.712112e-04
 8380.938678 7.191373e-01 2.534180e+00 8.639719e+00 8.921410e-02 -3.375649e-04 -3.109806e-04 -2.745959e-04 -2.799645e-04
 8384.992542 7.187588e-01 2.536375e+00 8.640028e+00 8.948403e-02 -3.286428e-04 -3.093853e-04 -2.684005e-04 -2.759187e-04
 8389.058598 7.178373e-01 2.536363e+00 8.639819e+00 8.931693e-02 -3.245446e-04 -3.069368e-04 -2.777199e-04 -2.798694e-04
 8393.136847 7.171132e-01 2.536685e+00 8.639646e+00 8.924025e-02 -3.218428e-04 -3.093507e-04 -2.809883e-04 -2.775492e-04
 8397.227287 7.155116e-01 2.534091e+00 8.639816e+00 8.993092e-02 -3.284996e-04 -3.146952e-04 -2.861958e-04 -2.838501e-04
 8401.329919 7.155439e-01 2.537359e+00 8.639829e+00 8.971022e-02 -3.279626e-04 -3.223654e-04 -2.824595e-04 -2.876577e-04
 8405.444743 7.135556e-01 2.533457e+00 8.639650e+00 8.935415e-02 -3.263967e-04 -3.192945e-04 -2.821663e-04 -2.851410e-04
 8409.571759 7.142983e-01 2.539644e+00 8.639955e+00 9.045131e-02 -3.287022e-04 -3.154818e-04 -2.845798e-04 -2.853381e-04
 8413.710967 7.128146e-01 2.537755e+00 8.639982e+00 9.005361e-02 -3.280282e-04 -3.120502e-04 -2.771788e-04 -2.766748e-04
 8417.862366 7.117766e-01 2.537606e+00 8.639502e+00 8.941355e-02 -3.255464e-04 -3.275144e-04 -2.849700e-04 -3.021523e-04
 8422.025958 7.109204e-01 2.537989e+00 8.639833e+00 9.029451e-02 -3.313965e-04 -3.304926e-04 -2.831979e-04 -3.335076e-04
 8426.201742 7.109152e-01 2.541476e+00 8.639742e+00 8.972161e-02 -3.310862e-04 -3.226915e-04 -2.885749e-04 -3.379156e-04
 8430.389717 7.097496e-01 2.540123e+00 8.639876e+00 9.050711e-02 -3.291795e-04 -3.071913e-04 -2.875576e-04 -3.387277e-04
 8434.589884 7.093533e-01 2.542192e+00 8.639896e+00 8.997548e-02 -3.342275e-04 -3.112428e-04 -2.963423e-04 -3.297104e-04
 8438.802244 7.083812e-01 2.542353e+00 8.639838e+00 8.996960e-02 -3.274256e-04 -3.110145e-04 -3.022044e-04 -3.298629e-04
 8443.026795 7.079144e-01 2.544175e+00 8.639954e+00 9.048711e-02 -3.290253e-04 -3.148846e-04 -2.997765e-04 -3.343523e-04
 8447.263538 7.070405e-01 2.543532e+00 8.639789e+00 9.008761e-02 -3.324965e-04 -3.064319e-04 -2.918490e-04 -3.397372e-04
 8451.512473 7.063554e-01 2.544606e+00 8.639742e+00 9.041073e-02 -3.292684e-04 -3.086500e-04 -2.863470e-04 -3.414625e-04
 8455.773600 7.051565e-01 2.543827e+00 8.639874e+00 8.999132e-02 -3.227723e-04 -3.250992e-04 -2.855384e-04 -3.355385e-04
 8460.046919 7.046569e-01 2.544922e+00 8.639862e+00 9.037492e-02 -3.295174e-04 -3.223513e-04 -2.936980e-04 -3.287351e-04
 8464.332429 7.034997e-01 2.544178e+00 8.639610e+00 9.038521e-02 -3.352127e-04 -3.243018e-04 -2.918932e-04 -3.326651e-04
 8468.630132 7.029990e-01 2.545672e+00 8.639857e+00 9.041229e-02 -3.251501e-04 -3.274150e-04 -2.890808e-04 -3.265674e-04
 8472.940026 7.018323e-01 2.545012e+00 8.639837e+00 9.011161e-02 -3.224697e-04 -3.238438e-04 -2.880123e-04 -3.265729e-04
 8477.262113 7.013061e-01 2.546408e+00 8.639602e+00 9.049228e-02 -3.252938e-04 -3.218685e-04 -2.880056e-04 -3.316141e-04
 8481.596391 7.005399e-01 2.546943e+00 8.639906e+00 9.052313e-02 -3.206524e-04 -3.291025e-04 -2.966332e-04 -3.282704e-04
 8485.942861 6.998499e-01 2.547316e+00 8.639855e+00 9.030009e-02 -3.235437e-04 -3.386307e-04 -2.890776e-04 -3.271697e-04
 8490.301524 6.988318e-01 2.547110e+00 8.639763e+00 9.051073e-02 -3.267930e-04 -3.370997e-04 -2.887590e-04 -3.358403e-04
 8494.672378 6.978776e-01 2.546857e+00 8.639810e+00 9.070257e-02 -3.283677e-04 -3.307728e-04 -2.710804e-04 -3.287579e-04
 8499.055424 6.966178e-01 2.545561e+00 8.639953e+00 9.065899e-02 -3.282285e-04 -3.326531e-04 -2.787242e-04 -3.396408e-04
 8503.450662 6.956384e-01 2.545110e+00 8.639692e+00 9.119688e-02 -3.169339e-04 -3.375491e-04 -2.820360e-04 -3.386435e-04
 8507.858091 6.937353e-01 2.541263e+00 8.639796e+00 9.070971e-02 -3.076767e-04 -3.268993e-04 -2.757551e-04 -3.420801e-04
 8512.277713 6.906823e-01 2.534173e+00 8.639845e+00 9.037066e-02 -3.085684e-04 -3.191515e-04 -2.820307e-04 -3.515744e-04
 8516.709527 6.585029e-01 2.419825e+00 8.639836e+00 8.655733e-02 -3.076577e-04 -3.138982e-04 -2.843947e-04 -3.311944e-04
 8521.153532 6.491779e-01 2.388792e+00 8.639773e+00 8.513781e-02 -3.163470e-04 -3.102512e-04 -2.728554e-04 -2.946972e-04
 8525.609730 6.921000e-01 2.549116e+00 8.639675e+00 9.056052e-02 -3.194943e-04 -3.225174e-04 -2.749779e-04 -2.843890e-04
 8530.078119 6.924140e-01 2.553798e+00 8.639880e+00 9.100516e-02 -3.188192e-04 -3.185077e-04 -2.767562e-04 -2.909263e-04
 8534.558700 6.917756e-01 2.554552e+00 8.639815e+00 9.127905e-02 -3.176418e-04 -3.085654e-04 -2.815521e-04 -2.860348e-04
 8539.051473 6.908076e-01 2.554626e+00 8.639676e+00 9.121723e-02 -3.247412e-04 -3.076540e-04 -2.766303e-04 -2.780893e-04
 8543.556438 6.901190e-01 2.555515e+00 8.639908e+00 9.125750e-02 -3.344256e-04 -3.062362e-04 -2.748348e-04 -2.834022e-04
 8548.073595 6.893887e-01 2.556094e+00 8.639837e+00 9.144384e-02 -3.321035e-04 -3.093894e-04 -2.808310e-04 -2.900941e-04
 8552.602944 6.883608e-01 2.555878e+00 8.639682e+00 9.136545e-02 -3.336308e-04 -3.175532e-04 -2.753315e-04 -2.834728e-04
 8557.144485 6.875900e-01 2.555848e+00 8.639912e+00 9.118941e-02 -3.248418e-04 -3.286449e-04 -2.822329e-04 -2.843320e-04
 8561.698218 6.864157e-01 2.555226e+00 8.639753e+00 9.107245e-02 -3.242273e-04 -3.195959e-04 -2.802949e-04 -2.881854e-04
 8566.264142 6.855449e-01 2.555352e+00 8.639866e+00 9.113454e-02 -3.235029e-04 -3.183032e-04 -2.782314e-04 -2.882801e-04
 8570.842259 6.846534e-01 2.555790e+00 8.639790e+00 9.107889e-02 -3.260941e-04 -3.185794e-04 -2.851391e-04 -2.840623e-04
 8575.432567 6.836267e-01 2.554967e+00 8.639750e+00 9.108763e-02 -3.251586e-04 -3.154398e-04 -2.937872e-04 -2.799116e-04
 8580.035068 6.825826e-01 2.554086e+00 8.639843e+00 9.164684e-02 -3.247824e-04 -3.157704e-04 -2.868647e-04 -2.803214e-04
 8584.649760 6.815771e-01 2.553798e+00 8.639785e+00 9.148844e-02 -3.266559e-04 -3.144192e-04 -2.887980e-04 -2.823324e-04
 8589.276644 6.803936e-01 2.553211e+00 8.639747e+00 9.140381e-02 -3.311950e-04 -3.139405e-04 -2.892633e-04 -2.775588e-04
 8593.915720 6.791932e-01 2.551770e+00 8.639809e+00 9.138430e-02 -3.349111e-04 -3.206660e-04 -2.763746e-04 -2.718955e-04
 8598.566988 6.777143e-01 2.549404e+00 8.639849e+00 9.134248e-02 -3.399958e-04 -3.189042e-04 -2.780481e-04 -2.728876e-04
 8603.230448 6.753447e-01 2.544352e+00 8.639745e+00 9.123168e-02 -3.248883e-04 -3.248659e-04 -2.831080e-04 -2.711134e-04
 8607.906100 6.710771e-01 2.531490e+00 8.639848e+00 9.061615e-02 -3.219540e-04 -3.132445e-04 -2.854425e-04 -2.705652e-04
 8612.593943 6.489347e-01 2.451742e+00 8.639763e+00 8.773667e-02 -3.283660e-04 -3.206114e-04 -2.901534e-04 -2.826481e-04
 8617.293979 6.090067e-01 2.304421e+00 8.639833e+00 8.228864e-02 -3.292081e-04 -3.231175e-04 -2.847013e-04 -2.884959e-04
 8622.006206 6.843695e-01 2.591555e+00 8.639786e+00 9.281094e-02 -3.264411e-04 -3.047668e-04 -2.902664e-04 -2.804677e-04
 8626.730626 6.826789e-01 2.588160e+00 8.639809e+00 9.277446e-02 -3.308430e-04 -3.051926e-04 -2.852647e-04 -2.878719e-04
 8631.467237 6.799610e-01 2.581365e+00 8.639817e+00 9.260073e-02 -3.366745e-04 -3.058575e-04 -2.846551e-04 -3.164896e-04
 8636.216040 6.783595e-01 2.578764e+00 8.639784e+00 9.240488e-02 -3.318312e-04 -3.003180e-04 -2.854774e-04 -3.186500e-04
 8640.977036 6.768605e-01 2.576795e+00 8.639771e+00 9.284956e-02 -3.314797e-04 -3.065042e-04 -2.780767e-04 -3.187454e-04
 8645.750223 6.760037e-01 2.576866e+00 8.639777e+00 9.270225e-02 -3.272053e-04 -3.167465e-04 -2.801826e-04 -2.810600e-04
 8650.535602 6.749009e-01 2.576081e+00 8.639809e+00 9.263129e-02 -3.403076e-04 -3.130652e-04 -2.867775e-04 -2.632357e-04
 8655.333172 6.736972e-01 2.574804e+00 8.639809e+00 9.259040e-02 -3.307641e-04 -3.068377e-04 -2.933269e-04 -2.622692e-04
 8660.142935 6.724779e-01 2.573387e+00 8.639804e+00 9.262131e-02 -3.383352e-04 -2.858188e-04 -2.826028e-04 -2.723724e-04
 8664.964890 6.711496e-01 2.571429e+00 8.638104e+00 9.253411e-02 -3.345488e-04 -2.871645e-04 -2.712308e-04 -2.841129e-04
 8669.799037 5.912784e-01 2.268003e+00 7.617609e+00 8.169366e-02 -2.891484e-04 -2.610365e-04 -2.329083e-04 -2.495994e-04
 8674.645375 8.053427e-02 3.090010e-01 1.037943e+00 1.112278e-02 -3.931185e-05 -3.638232e-05 -3.176667e-05 -3.376608e-05
