# Facility: NSLS-II
# Beamline: QAS
# Year: 2022
# Cycle: 2
# SAF: 309337
# PI: Li
# Proposal: 309890
# Scan ID: 25067
# UID: 8a58fbc9-8906-4596-afd4-44235a1a9409
# Comment: 
# Start time: 06/09/2022  18:10:52
# Stop time: 06/09/2022  18:11:25
# Total time: 00:32
# Trajectory name: Co-30s-7709.txt
# Element: Cobalt ( 27)
# Edge: K
# E0: 7709
# Reference Foil Element: Co
# Keithley Gains I0: 1E7 V/A It: 1E7 V/A Iref: 1E8 V/A PIPS: 1E8 V/A 
# Ion Chamber Gas Flow Rates: I0: 149.80 sccm He + 349.90 sccm N2 + 0.00 sccm Ar 
# Ion Chamber Gas Flow Rates: It&Iref: 399.70 sccm N2 + 100.10 sccm Ar
# Incident Beam Path Vertical: -27.48 mm
# Incident Slits Positions B: TOP: 1.0 mm Bottom: -1.0 mm Inboard: -1.5 mm Outboard: 1.5 mm
# Sample Stage Positions: Rotation: 45.0 deg Horizontal: -1.00 mm Vertical: 21.98 mm Beam Direction: 0.00 mm
# PerkinElmer Vertical Position: 500.00 mm
# Front End Mirror Horizontal Positions: Up: 14.00 mm Down: 14.00 mm
#
# energy  i0  it  ir  iff  aux1  aux2  aux3  aux4
 7517.877058 4.306608e-01 1.061808e+00 2.893668e+00 3.768753e-02 -1.708084e-04 -1.580964e-04 -1.378479e-04 -1.262656e-04
 7522.877058 8.520456e-01 2.103339e+00 5.742977e+00 7.478963e-02 -3.397484e-04 -3.070235e-04 -2.775118e-04 -2.526568e-04
 7527.877058 8.593081e-01 2.124550e+00 5.814745e+00 7.560434e-02 -3.359232e-04 -3.150102e-04 -2.754806e-04 -2.537735e-04
 7532.877058 8.588691e-01 2.128148e+00 5.839357e+00 7.587784e-02 -3.424318e-04 -3.206107e-04 -2.738464e-04 -2.509628e-04
 7537.877058 8.575043e-01 2.130105e+00 5.861723e+00 7.587126e-02 -3.413512e-04 -3.080281e-04 -2.629730e-04 -2.398153e-04
 7542.877058 8.566744e-01 2.132180e+00 5.884636e+00 7.582833e-02 -3.523291e-04 -3.118680e-04 -2.556952e-04 -2.490032e-04
 7547.877058 8.562467e-01 2.135328e+00 5.909022e+00 7.605605e-02 -3.502604e-04 -3.145068e-04 -2.528354e-04 -2.495151e-04
 7552.877058 8.552311e-01 2.137854e+00 5.930535e+00 7.610255e-02 -3.404986e-04 -3.209942e-04 -2.664817e-04 -2.402522e-04
 7557.877058 8.536352e-01 2.137817e+00 5.944762e+00 7.624698e-02 -3.417468e-04 -3.113618e-04 -2.718234e-04 -2.346828e-04
 7562.877058 8.533058e-01 2.141066e+00 5.968879e+00 7.635902e-02 -3.416533e-04 -3.189992e-04 -2.695943e-04 -2.245288e-04
 7567.877058 8.524961e-01 2.143998e+00 5.991653e+00 7.655228e-02 -3.390777e-04 -3.229224e-04 -2.654574e-04 -2.265749e-04
 7572.877058 8.512531e-01 2.146171e+00 6.011502e+00 7.670385e-02 -3.392560e-04 -3.182418e-04 -2.769572e-04 -2.148256e-04
 7577.877058 8.509308e-01 2.151136e+00 6.041064e+00 7.676978e-02 -3.352589e-04 -3.393468e-04 -2.735537e-04 -2.165815e-04
 7582.877058 8.498948e-01 2.153270e+00 6.061333e+00 7.675229e-02 -3.388646e-04 -3.247042e-04 -2.606379e-04 -2.201095e-04
 7587.877058 8.490973e-01 2.155521e+00 6.081249e+00 7.681183e-02 -3.402813e-04 -3.213449e-04 -2.477620e-04 -2.306442e-04
 7592.877058 8.478779e-01 2.156435e+00 6.098155e+00 7.681610e-02 -3.430937e-04 -3.230833e-04 -2.552546e-04 -2.260933e-04
 7597.877058 8.459987e-01 2.155132e+00 6.106867e+00 7.706247e-02 -3.471456e-04 -3.144138e-04 -2.539939e-04 -2.176641e-04
 7602.877058 8.439816e-01 2.153001e+00 6.115126e+00 7.704923e-02 -3.520124e-04 -3.112498e-04 -2.550382e-04 -2.338276e-04
 7607.877058 8.450492e-01 2.160079e+00 6.149811e+00 7.718895e-02 -3.489013e-04 -3.158794e-04 -2.606846e-04 -2.449674e-04
 7612.877058 8.446721e-01 2.164020e+00 6.176894e+00 7.726731e-02 -3.429777e-04 -3.160706e-04 -2.651243e-04 -2.470118e-04
 7617.877058 8.438069e-01 2.166549e+00 6.198318e+00 7.773299e-02 -3.462962e-04 -3.124022e-04 -2.707669e-04 -2.364960e-04
 7622.877058 8.430909e-01 2.169855e+00 6.221498e+00 7.761300e-02 -3.354112e-04 -3.133169e-04 -2.769875e-04 -2.345461e-04
 7627.877058 8.421616e-01 2.172606e+00 6.243194e+00 7.779419e-02 -3.366655e-04 -3.159867e-04 -2.865932e-04 -2.322487e-04
 7632.877058 8.413067e-01 2.176248e+00 6.267181e+00 7.802360e-02 -3.285526e-04 -3.256914e-04 -2.938542e-04 -2.359641e-04
 7637.877058 8.404681e-01 2.178973e+00 6.289136e+00 7.784898e-02 -3.356712e-04 -3.190465e-04 -2.948983e-04 -2.419368e-04
 7642.877058 8.396223e-01 2.181280e+00 6.310155e+00 7.789106e-02 -3.360125e-04 -3.222540e-04 -2.881893e-04 -2.424669e-04
 7647.877058 8.384663e-01 2.183640e+00 6.331403e+00 7.805285e-02 -3.377176e-04 -3.307792e-04 -2.854207e-04 -2.417854e-04
 7652.877058 8.370649e-01 2.184136e+00 6.347290e+00 7.829665e-02 -3.354813e-04 -3.273868e-04 -2.913847e-04 -2.435805e-04
 7657.877058 8.372262e-01 2.188143e+00 6.371723e+00 7.833227e-02 -3.397606e-04 -3.133958e-04 -2.862784e-04 -2.429997e-04
 7662.877058 8.367407e-01 2.191083e+00 6.392507e+00 7.828979e-02 -3.492605e-04 -3.160061e-04 -2.758480e-04 -2.349419e-04
 7667.877058 8.355400e-01 2.193537e+00 6.412787e+00 7.854020e-02 -3.461148e-04 -3.273011e-04 -2.740512e-04 -2.308465e-04
 7672.877058 8.347426e-01 2.197409e+00 6.436791e+00 7.855111e-02 -3.418119e-04 -3.245638e-04 -2.795177e-04 -2.388110e-04
 7677.877058 8.337871e-01 2.199586e+00 6.453264e+00 7.869485e-02 -3.442918e-04 -3.214776e-04 -2.748741e-04 -2.423054e-04
 7679.000000 8.332133e-01 2.199216e+00 6.454767e+00 7.884071e-02 -3.492687e-04 -3.178672e-04 -2.684535e-04 -2.358497e-04
 7680.000000 8.329610e-01 2.199540e+00 6.457308e+00 7.883054e-02 -3.401785e-04 -3.190302e-04 -2.790015e-04 -2.369124e-04
 7681.000000 8.326985e-01 2.199975e+00 6.460837e+00 7.839858e-02 -3.476694e-04 -3.191891e-04 -2.755775e-04 -2.347465e-04
 7682.000000 8.303108e-01 2.195030e+00 6.449499e+00 7.849622e-02 -3.544556e-04 -3.184258e-04 -2.802423e-04 -2.243844e-04
 7683.000000 8.198534e-01 2.168833e+00 6.374068e+00 7.771845e-02 -3.545486e-04 -3.212079e-04 -2.770929e-04 -2.303493e-04
 7684.000000 8.040950e-01 2.128060e+00 6.254026e+00 7.610961e-02 -3.493420e-04 -3.052853e-04 -2.725607e-04 -2.339727e-04
 7685.000000 8.291403e-01 2.195579e+00 6.454137e+00 7.868127e-02 -3.447820e-04 -2.988625e-04 -2.772888e-04 -2.291175e-04
 7686.000000 8.351626e-01 2.212336e+00 6.505401e+00 7.923915e-02 -3.493046e-04 -3.136310e-04 -2.853921e-04 -2.250039e-04
 7686.200000 8.337916e-01 2.208638e+00 6.496213e+00 7.949010e-02 -3.494025e-04 -3.233193e-04 -2.818987e-04 -2.219666e-04
 7686.400000 8.359292e-01 2.214750e+00 6.515447e+00 8.084182e-02 -3.570580e-04 -3.156443e-04 -2.894158e-04 -2.415149e-04
 7686.600000 8.344872e-01 2.210943e+00 6.505304e+00 8.073329e-02 -3.633468e-04 -3.158620e-04 -2.865299e-04 -2.253799e-04
 7686.800000 8.353882e-01 2.213776e+00 6.511031e+00 7.954470e-02 -3.632259e-04 -3.114964e-04 -2.780625e-04 -2.224956e-04
 7687.000000 8.371471e-01 2.219014e+00 6.527440e+00 7.875318e-02 -3.564872e-04 -3.228511e-04 -2.687239e-04 -2.315295e-04
 7687.200000 8.379826e-01 2.221140e+00 6.535606e+00 7.857774e-02 -3.610162e-04 -3.173244e-04 -2.772169e-04 -2.359223e-04
 7687.400000 8.345248e-01 2.212175e+00 6.504613e+00 8.311358e-02 -3.435484e-04 -3.148841e-04 -2.668071e-04 -2.319382e-04
 7687.600000 8.363085e-01 2.216755e+00 6.520600e+00 8.015141e-02 -3.486685e-04 -3.245416e-04 -2.774700e-04 -2.257456e-04
 7687.800000 8.278544e-01 2.194521e+00 6.453691e+00 7.889315e-02 -3.618522e-04 -3.189496e-04 -2.819553e-04 -2.415019e-04
 7688.000000 8.359094e-01 2.215718e+00 6.516710e+00 7.967531e-02 -3.707297e-04 -3.261933e-04 -2.766285e-04 -2.356803e-04
 7688.200000 8.379674e-01 2.221798e+00 6.534898e+00 7.653834e-02 -3.581894e-04 -3.291145e-04 -2.800443e-04 -2.320777e-04
 7688.400000 8.324795e-01 2.207882e+00 6.494355e+00 7.875651e-02 -3.617173e-04 -3.203981e-04 -2.800449e-04 -2.347883e-04
 7688.600000 8.356052e-01 2.215852e+00 6.516857e+00 7.855084e-02 -3.567515e-04 -3.063131e-04 -2.760266e-04 -2.284158e-04
 7688.800000 8.375431e-01 2.221729e+00 6.534796e+00 8.013011e-02 -3.546397e-04 -3.031853e-04 -2.761858e-04 -2.181410e-04
 7689.000000 8.249328e-01 2.188177e+00 6.434044e+00 7.954517e-02 -3.494833e-04 -2.874777e-04 -2.601160e-04 -2.234277e-04
 7689.200000 8.356277e-01 2.216158e+00 6.517619e+00 8.037416e-02 -3.569311e-04 -3.004967e-04 -2.673045e-04 -2.341400e-04
 7689.400000 8.387286e-01 2.225043e+00 6.543504e+00 8.113210e-02 -3.563120e-04 -3.053172e-04 -2.806234e-04 -2.348867e-04
 7689.600000 8.366812e-01 2.220113e+00 6.528676e+00 7.997157e-02 -3.464785e-04 -3.210138e-04 -2.709648e-04 -2.354637e-04
 7689.800000 8.314015e-01 2.206373e+00 6.488115e+00 7.628868e-02 -3.394634e-04 -3.229550e-04 -2.800305e-04 -2.337946e-04
 7690.000000 8.330497e-01 2.210261e+00 6.497822e+00 7.926058e-02 -3.489937e-04 -3.173144e-04 -2.851357e-04 -2.388441e-04
 7690.200000 8.284191e-01 2.198013e+00 6.462601e+00 7.755156e-02 -3.484430e-04 -3.125934e-04 -2.777809e-04 -2.273091e-04
 7690.400000 8.343838e-01 2.214552e+00 6.510295e+00 7.808464e-02 -3.482007e-04 -3.079270e-04 -2.727432e-04 -2.324350e-04
 7690.600000 8.358032e-01 2.218182e+00 6.521761e+00 7.965940e-02 -3.433136e-04 -3.135381e-04 -2.781876e-04 -2.232348e-04
 7690.800000 8.279287e-01 2.198095e+00 6.462877e+00 8.138451e-02 -3.436531e-04 -3.034090e-04 -2.727216e-04 -2.289915e-04
 7691.000000 8.398800e-01 2.230864e+00 6.557487e+00 7.950632e-02 -3.476867e-04 -3.175188e-04 -2.671000e-04 -2.393651e-04
 7691.200000 8.283673e-01 2.199779e+00 6.465175e+00 8.013531e-02 -3.450184e-04 -3.112314e-04 -2.801911e-04 -2.455418e-04
 7691.400000 8.272369e-01 2.195835e+00 6.455213e+00 7.936575e-02 -3.489368e-04 -3.058147e-04 -2.720822e-04 -2.362694e-04
 7691.600000 8.341362e-01 2.214745e+00 6.513416e+00 8.046583e-02 -3.552508e-04 -3.140476e-04 -2.908557e-04 -2.417675e-04
 7691.800000 8.304409e-01 2.204605e+00 6.482537e+00 7.870534e-02 -3.510979e-04 -3.134961e-04 -2.988855e-04 -2.423035e-04
 7692.000000 8.355853e-01 2.218777e+00 6.523022e+00 7.751820e-02 -3.480047e-04 -3.152101e-04 -2.983142e-04 -2.485000e-04
 7692.200000 8.383831e-01 2.226758e+00 6.545863e+00 7.639152e-02 -3.437381e-04 -3.106460e-04 -2.942746e-04 -2.501092e-04
 7692.400000 8.354354e-01 2.220429e+00 6.523628e+00 7.851258e-02 -3.458340e-04 -3.152011e-04 -2.841806e-04 -2.348004e-04
 7692.600000 8.344888e-01 2.216520e+00 6.514046e+00 8.396042e-02 -3.448518e-04 -3.111112e-04 -2.882154e-04 -2.466506e-04
 7692.800000 8.367828e-01 2.223459e+00 6.532796e+00 7.993917e-02 -3.445934e-04 -3.191918e-04 -3.017296e-04 -2.558594e-04
 7693.000000 8.264239e-01 2.196967e+00 6.456462e+00 7.708725e-02 -3.432601e-04 -2.982232e-04 -2.989799e-04 -2.440844e-04
 7693.200000 8.419768e-01 2.238118e+00 6.577607e+00 7.931387e-02 -3.486905e-04 -2.948280e-04 -2.824050e-04 -2.373812e-04
 7693.400000 8.351589e-01 2.218856e+00 6.520463e+00 7.931382e-02 -3.457136e-04 -2.951396e-04 -2.862125e-04 -2.458467e-04
 7693.600000 8.363210e-01 2.222446e+00 6.531186e+00 7.980572e-02 -3.291736e-04 -3.110624e-04 -2.933773e-04 -2.278948e-04
 7693.800000 8.283847e-01 2.202249e+00 6.469625e+00 7.869480e-02 -3.334670e-04 -3.100911e-04 -2.991561e-04 -2.264162e-04
 7694.000000 8.340369e-01 2.216670e+00 6.513925e+00 7.929803e-02 -3.293082e-04 -3.000419e-04 -2.847638e-04 -2.253481e-04
 7694.200000 8.287401e-01 2.202511e+00 6.472619e+00 7.557137e-02 -3.172092e-04 -3.001752e-04 -2.700111e-04 -2.272410e-04
 7694.400000 8.407129e-01 2.234512e+00 6.567966e+00 8.305142e-02 -3.282668e-04 -3.058963e-04 -2.795710e-04 -2.363636e-04
 7694.600000 8.328894e-01 2.214161e+00 6.505725e+00 7.835323e-02 -3.288678e-04 -3.165212e-04 -2.840799e-04 -2.347736e-04
 7694.800000 8.250398e-01 2.194365e+00 6.446757e+00 7.660892e-02 -3.265594e-04 -3.188576e-04 -2.738180e-04 -2.363191e-04
 7695.000000 8.387361e-01 2.230558e+00 6.549532e+00 8.124045e-02 -3.352323e-04 -3.093094e-04 -2.810418e-04 -2.576157e-04
 7695.200000 8.319405e-01 2.212271e+00 6.497937e+00 8.242385e-02 -3.336988e-04 -3.141664e-04 -2.804042e-04 -2.573567e-04
 7695.400000 8.321092e-01 2.214366e+00 6.501361e+00 7.824470e-02 -3.416784e-04 -3.080930e-04 -2.773482e-04 -2.564525e-04
 7695.600000 8.340844e-01 2.219227e+00 6.518004e+00 7.622883e-02 -3.365542e-04 -3.129250e-04 -2.704734e-04 -2.334683e-04
 7695.800000 8.383674e-01 2.230288e+00 6.550798e+00 8.052508e-02 -3.444454e-04 -3.021860e-04 -2.691405e-04 -2.458186e-04
 7696.000000 8.319921e-01 2.212615e+00 6.496550e+00 8.252714e-02 -3.401032e-04 -2.955154e-04 -2.794400e-04 -2.574767e-04
 7696.200000 8.332108e-01 2.216227e+00 6.507419e+00 7.649022e-02 -3.468759e-04 -3.104471e-04 -2.638557e-04 -2.392642e-04
 7696.400000 8.260553e-01 2.198113e+00 6.452938e+00 7.902853e-02 -3.440574e-04 -3.137535e-04 -2.682506e-04 -2.310181e-04
 7696.600000 8.367985e-01 2.226622e+00 6.538531e+00 8.261065e-02 -3.356627e-04 -3.055200e-04 -2.747156e-04 -2.376781e-04
 7696.800000 8.209209e-01 2.184671e+00 6.410393e+00 8.001066e-02 -3.296910e-04 -2.975905e-04 -2.817970e-04 -2.463227e-04
 7697.000000 8.412988e-01 2.238898e+00 6.567581e+00 7.614591e-02 -3.430484e-04 -2.930207e-04 -2.851722e-04 -2.465944e-04
 7697.200000 8.330948e-01 2.217368e+00 6.507179e+00 7.850671e-02 -3.421103e-04 -2.972132e-04 -2.809987e-04 -2.466520e-04
 7697.400000 8.328929e-01 2.216943e+00 6.505437e+00 7.976556e-02 -3.322746e-04 -2.980623e-04 -2.829622e-04 -2.433327e-04
 7697.600000 8.301609e-01 2.209728e+00 6.479593e+00 8.047549e-02 -3.425160e-04 -2.932983e-04 -2.825890e-04 -2.499731e-04
 7697.800000 8.336305e-01 2.219514e+00 6.507508e+00 7.927473e-02 -3.452497e-04 -2.974783e-04 -2.654804e-04 -2.496227e-04
 7698.000000 8.320530e-01 2.216052e+00 6.499392e+00 8.038798e-02 -3.518058e-04 -2.965637e-04 -2.639344e-04 -2.459390e-04
 7698.200000 8.347459e-01 2.222633e+00 6.512570e+00 7.850571e-02 -3.389947e-04 -2.936840e-04 -2.852757e-04 -2.509208e-04
 7698.400000 8.304401e-01 2.211344e+00 6.480096e+00 7.832220e-02 -3.334655e-04 -2.923441e-04 -2.864126e-04 -2.522103e-04
 7698.600000 8.264054e-01 2.200887e+00 6.447701e+00 7.751136e-02 -3.310190e-04 -2.938441e-04 -2.740578e-04 -2.632710e-04
 7698.800000 8.355594e-01 2.225406e+00 6.522719e+00 8.037409e-02 -3.456535e-04 -2.921774e-04 -2.779390e-04 -2.593948e-04
 7699.000000 8.307834e-01 2.212359e+00 6.481942e+00 7.855086e-02 -3.440455e-04 -2.898236e-04 -2.647366e-04 -2.595126e-04
 7699.200000 8.350707e-01 2.224212e+00 6.513076e+00 8.138296e-02 -3.407286e-04 -2.964525e-04 -2.737323e-04 -2.598058e-04
 7699.400000 8.341351e-01 2.221794e+00 6.504159e+00 7.836464e-02 -3.413492e-04 -2.867374e-04 -2.711107e-04 -2.520180e-04
 7699.600000 8.257502e-01 2.199241e+00 6.441381e+00 7.906816e-02 -3.388558e-04 -2.790570e-04 -2.707063e-04 -2.526562e-04
 7699.800000 8.352964e-01 2.225021e+00 6.514004e+00 8.046879e-02 -3.356937e-04 -2.900308e-04 -2.848761e-04 -2.600548e-04
 7700.000000 8.336329e-01 2.220432e+00 6.496880e+00 7.940572e-02 -3.274161e-04 -2.899804e-04 -2.746901e-04 -2.570077e-04
 7700.200000 8.327731e-01 2.219149e+00 6.492453e+00 7.896506e-02 -3.175391e-04 -2.888835e-04 -2.767657e-04 -2.562368e-04
 7700.400000 8.304197e-01 2.213275e+00 6.470760e+00 8.059165e-02 -3.209482e-04 -2.920754e-04 -2.888509e-04 -2.553502e-04
 7700.600000 8.324427e-01 2.218703e+00 6.486885e+00 7.994556e-02 -3.259780e-04 -2.895782e-04 -2.959419e-04 -2.528894e-04
 7700.800000 8.350067e-01 2.225759e+00 6.501338e+00 7.822011e-02 -3.326222e-04 -2.870155e-04 -2.934865e-04 -2.469136e-04
 7701.000000 8.310807e-01 2.215047e+00 6.468675e+00 7.950670e-02 -3.317475e-04 -2.918802e-04 -2.842983e-04 -2.537685e-04
 7701.200000 8.272878e-01 2.205026e+00 6.436437e+00 8.063612e-02 -3.363964e-04 -3.030688e-04 -2.753964e-04 -2.539206e-04
 7701.400000 8.302150e-01 2.212881e+00 6.461373e+00 7.716956e-02 -3.439375e-04 -2.991801e-04 -2.788353e-04 -2.454750e-04
 7701.600000 8.335876e-01 2.222789e+00 6.485239e+00 8.202614e-02 -3.344286e-04 -3.010105e-04 -2.786042e-04 -2.435345e-04
 7701.800000 8.308779e-01 2.214633e+00 6.458306e+00 7.797200e-02 -3.399502e-04 -3.026462e-04 -2.761201e-04 -2.559669e-04
 7702.000000 8.332849e-01 2.222377e+00 6.478102e+00 8.031365e-02 -3.420851e-04 -3.029300e-04 -2.836575e-04 -2.641805e-04
 7702.200000 8.250946e-01 2.200734e+00 6.410370e+00 7.904567e-02 -3.402455e-04 -2.925648e-04 -2.708782e-04 -2.561605e-04
 7702.400000 8.353204e-01 2.227605e+00 6.486678e+00 8.120372e-02 -3.371674e-04 -2.979890e-04 -2.740990e-04 -2.498245e-04
 7702.600000 8.328984e-01 2.221583e+00 6.464236e+00 7.921743e-02 -3.319330e-04 -2.882844e-04 -2.614070e-04 -2.526173e-04
 7702.800000 8.283462e-01 2.210149e+00 6.424915e+00 7.902800e-02 -3.336472e-04 -2.869191e-04 -2.559488e-04 -2.451243e-04
 7703.000000 8.233434e-01 2.196601e+00 6.378497e+00 7.751936e-02 -3.297765e-04 -2.914916e-04 -2.748253e-04 -2.394832e-04
 7703.200000 8.286508e-01 2.211256e+00 6.420225e+00 7.981461e-02 -3.198486e-04 -2.864216e-04 -2.753752e-04 -2.485891e-04
 7703.400000 8.336089e-01 2.224102e+00 6.452989e+00 8.047240e-02 -3.248579e-04 -2.883427e-04 -2.666236e-04 -2.446020e-04
 7703.600000 8.294714e-01 2.212791e+00 6.413647e+00 7.954332e-02 -3.307626e-04 -2.946816e-04 -2.719238e-04 -2.483580e-04
 7703.800000 8.216453e-01 2.192298e+00 6.347378e+00 7.734682e-02 -3.290797e-04 -2.886022e-04 -2.677667e-04 -2.557975e-04
 7704.000000 8.324985e-01 2.222004e+00 6.431032e+00 7.901656e-02 -3.326694e-04 -2.957035e-04 -2.740447e-04 -2.567805e-04
 7704.200000 8.292674e-01 2.213226e+00 6.397432e+00 7.753318e-02 -3.381010e-04 -2.951046e-04 -2.701861e-04 -2.587931e-04
 7704.400000 8.311569e-01 2.219058e+00 6.406272e+00 8.056405e-02 -3.372419e-04 -3.027175e-04 -2.657198e-04 -2.573213e-04
 7704.600000 8.318496e-01 2.220343e+00 6.403072e+00 7.870624e-02 -3.291571e-04 -2.971616e-04 -2.678212e-04 -2.492285e-04
 7704.800000 8.318209e-01 2.220405e+00 6.396566e+00 8.010715e-02 -3.374325e-04 -3.035068e-04 -2.764879e-04 -2.358739e-04
 7705.000000 8.296096e-01 2.215288e+00 6.369167e+00 7.942217e-02 -3.412195e-04 -3.052196e-04 -2.695951e-04 -2.447411e-04
 7705.200000 8.340505e-01 2.227366e+00 6.391559e+00 7.990656e-02 -3.463894e-04 -3.066999e-04 -2.799224e-04 -2.579172e-04
 7705.400000 8.319799e-01 2.221651e+00 6.362301e+00 7.823668e-02 -3.436595e-04 -2.970479e-04 -2.742096e-04 -2.598507e-04
 7705.600000 8.269297e-01 2.208751e+00 6.310446e+00 7.945515e-02 -3.477162e-04 -2.904296e-04 -2.772449e-04 -2.634004e-04
 7705.800000 8.265662e-01 2.207599e+00 6.291486e+00 7.761117e-02 -3.499623e-04 -2.932016e-04 -2.773669e-04 -2.449024e-04
 7706.000000 8.323506e-01 2.223286e+00 6.315207e+00 7.964796e-02 -3.504185e-04 -3.013363e-04 -2.806424e-04 -2.386841e-04
 7706.200000 8.283778e-01 2.213358e+00 6.264293e+00 7.998535e-02 -3.420404e-04 -3.074526e-04 -2.818969e-04 -2.331454e-04
 7706.400000 8.293377e-01 2.215677e+00 6.244365e+00 7.811142e-02 -3.388539e-04 -3.141171e-04 -2.719593e-04 -2.458187e-04
 7706.600000 8.325864e-01 2.224452e+00 6.237090e+00 8.090761e-02 -3.343163e-04 -3.145269e-04 -2.646384e-04 -2.502120e-04
 7706.800000 8.292689e-01 2.216363e+00 6.172545e+00 7.775206e-02 -3.305321e-04 -3.116602e-04 -2.767286e-04 -2.619712e-04
 7707.000000 8.301360e-01 2.218385e+00 6.132537e+00 8.010237e-02 -3.314612e-04 -2.999742e-04 -2.723707e-04 -2.474111e-04
 7707.200000 8.314489e-01 2.222436e+00 6.081318e+00 7.886664e-02 -3.284754e-04 -2.927735e-04 -2.748263e-04 -2.402901e-04
 7707.400000 8.286682e-01 2.215014e+00 5.985735e+00 7.865921e-02 -3.375863e-04 -2.996979e-04 -2.669580e-04 -2.549417e-04
 7707.600000 8.336820e-01 2.227938e+00 5.924977e+00 7.964747e-02 -3.374327e-04 -3.046658e-04 -2.784072e-04 -2.627142e-04
 7707.800000 8.292948e-01 2.216432e+00 5.774027e+00 7.971565e-02 -3.420501e-04 -2.940686e-04 -2.842657e-04 -2.602882e-04
 7708.000000 8.266709e-01 2.209788e+00 5.626573e+00 7.916664e-02 -3.444256e-04 -3.014300e-04 -2.775559e-04 -2.564035e-04
 7708.200000 8.304045e-01 2.220615e+00 5.514681e+00 7.955653e-02 -3.419439e-04 -2.898719e-04 -2.636362e-04 -2.554787e-04
 7708.400000 8.306762e-01 2.221292e+00 5.369315e+00 7.956027e-02 -3.335837e-04 -2.856270e-04 -2.657054e-04 -2.579162e-04
 7708.600000 8.289378e-01 2.216683e+00 5.211456e+00 7.948129e-02 -3.400359e-04 -2.955882e-04 -2.870126e-04 -2.534942e-04
 7708.800000 8.298996e-01 2.219542e+00 5.077821e+00 7.973348e-02 -3.326077e-04 -2.900594e-04 -2.814613e-04 -2.430537e-04
 7709.000000 8.306173e-01 2.222271e+00 4.944232e+00 7.915329e-02 -3.280453e-04 -2.958991e-04 -2.823909e-04 -2.552716e-04
 7709.200000 8.276152e-01 2.214022e+00 4.791878e+00 7.984830e-02 -3.298892e-04 -2.993106e-04 -2.784449e-04 -2.616032e-04
 7709.400000 8.287272e-01 2.216940e+00 4.678466e+00 7.927428e-02 -3.348596e-04 -3.035497e-04 -2.887618e-04 -2.601473e-04
 7709.600000 8.294659e-01 2.219157e+00 4.569512e+00 7.939565e-02 -3.413127e-04 -3.045718e-04 -2.984725e-04 -2.690167e-04
 7709.800000 8.298694e-01 2.220400e+00 4.463398e+00 7.928155e-02 -3.373863e-04 -3.033140e-04 -2.941805e-04 -2.659079e-04
 7710.000000 8.284166e-01 2.217019e+00 4.353717e+00 7.910035e-02 -3.360153e-04 -3.154446e-04 -2.814124e-04 -2.472346e-04
 7710.200000 8.303392e-01 2.222086e+00 4.273228e+00 7.933258e-02 -3.419268e-04 -3.130505e-04 -2.834311e-04 -2.544893e-04
 7710.400000 8.306198e-01 2.223578e+00 4.193333e+00 7.886475e-02 -3.446466e-04 -3.144260e-04 -2.714411e-04 -2.545412e-04
 7710.600000 8.301272e-01 2.222401e+00 4.116317e+00 7.902120e-02 -3.435903e-04 -3.109759e-04 -2.692333e-04 -2.606207e-04
 7710.800000 8.308168e-01 2.224162e+00 4.053182e+00 7.965247e-02 -3.449017e-04 -3.057862e-04 -2.784806e-04 -2.601727e-04
 7711.000000 8.320861e-01 2.227838e+00 4.001731e+00 7.961719e-02 -3.474990e-04 -3.013801e-04 -2.784277e-04 -2.537419e-04
 7711.200000 8.307734e-01 2.224573e+00 3.946263e+00 7.977273e-02 -3.482579e-04 -3.033821e-04 -2.736392e-04 -2.527087e-04
 7711.400000 8.298683e-01 2.221586e+00 3.897097e+00 7.906693e-02 -3.461928e-04 -3.083622e-04 -2.865855e-04 -2.500192e-04
 7711.600000 8.291999e-01 2.219695e+00 3.858697e+00 7.977827e-02 -3.434175e-04 -3.107212e-04 -2.797045e-04 -2.454145e-04
 7711.800000 8.295933e-01 2.221086e+00 3.832065e+00 7.941027e-02 -3.479699e-04 -3.149049e-04 -2.744045e-04 -2.445684e-04
 7712.000000 8.297164e-01 2.220824e+00 3.811753e+00 7.947390e-02 -3.358998e-04 -3.236907e-04 -2.797282e-04 -2.642150e-04
 7712.200000 8.300481e-01 2.221098e+00 3.794878e+00 8.044941e-02 -3.352889e-04 -3.233776e-04 -2.714305e-04 -2.652621e-04
 7712.400000 8.296411e-01 2.219530e+00 3.778087e+00 8.039454e-02 -3.325873e-04 -3.184998e-04 -2.822333e-04 -2.629130e-04
 7712.600000 8.302797e-01 2.221316e+00 3.771087e+00 7.962632e-02 -3.364669e-04 -3.147256e-04 -2.817661e-04 -2.585244e-04
 7712.800000 8.320536e-01 2.226645e+00 3.770833e+00 8.049765e-02 -3.271082e-04 -3.236202e-04 -2.813086e-04 -2.538511e-04
 7713.000000 8.293931e-01 2.220235e+00 3.752710e+00 7.941321e-02 -3.312826e-04 -3.283061e-04 -2.822807e-04 -2.477720e-04
 7713.200000 8.302119e-01 2.222474e+00 3.749244e+00 7.951734e-02 -3.274126e-04 -3.318263e-04 -2.775459e-04 -2.576296e-04
 7713.400000 8.299939e-01 2.221843e+00 3.734721e+00 8.006980e-02 -3.327154e-04 -3.200389e-04 -2.780525e-04 -2.574357e-04
 7713.600000 8.286488e-01 2.218166e+00 3.714706e+00 7.952554e-02 -3.455484e-04 -3.125805e-04 -2.782760e-04 -2.568769e-04
 7713.800000 8.281110e-01 2.216998e+00 3.692096e+00 7.894022e-02 -3.492401e-04 -3.195803e-04 -2.741960e-04 -2.537463e-04
 7714.000000 8.297001e-01 2.221146e+00 3.673827e+00 7.875377e-02 -3.458881e-04 -3.147504e-04 -2.697550e-04 -2.636873e-04
 7714.200000 8.297460e-01 2.221933e+00 3.646761e+00 8.012022e-02 -3.432263e-04 -3.080102e-04 -2.807595e-04 -2.733637e-04
 7714.400000 8.282310e-01 2.217724e+00 3.602385e+00 7.997620e-02 -3.476985e-04 -3.109935e-04 -2.766396e-04 -2.687921e-04
 7714.600000 8.281395e-01 2.217425e+00 3.561075e+00 7.952076e-02 -3.402573e-04 -3.065932e-04 -2.684287e-04 -2.682675e-04
 7714.800000 8.286496e-01 2.219422e+00 3.522006e+00 7.979080e-02 -3.330935e-04 -3.066292e-04 -2.740929e-04 -2.647155e-04
 7715.000000 8.280114e-01 2.217336e+00 3.471910e+00 7.852796e-02 -3.437240e-04 -3.154157e-04 -2.781836e-04 -2.666805e-04
 7715.200000 8.294658e-01 2.221401e+00 3.430520e+00 7.963389e-02 -3.474229e-04 -3.084914e-04 -2.827000e-04 -2.658960e-04
 7715.400000 8.283590e-01 2.218826e+00 3.377857e+00 7.962354e-02 -3.452098e-04 -3.179281e-04 -2.809364e-04 -2.582526e-04
 7715.600000 8.288339e-01 2.219497e+00 3.329173e+00 7.955281e-02 -3.395337e-04 -3.206035e-04 -2.686756e-04 -2.505372e-04
 7715.800000 8.290012e-01 2.220167e+00 3.282279e+00 7.928166e-02 -3.488868e-04 -3.206405e-04 -2.498953e-04 -2.438652e-04
 7716.000000 8.237020e-01 2.206170e+00 3.212796e+00 7.867192e-02 -3.517418e-04 -3.202866e-04 -2.454007e-04 -2.521565e-04
 7716.200000 8.281054e-01 2.218471e+00 3.183952e+00 7.992401e-02 -3.439237e-04 -3.293101e-04 -2.498014e-04 -2.499004e-04
 7716.400000 8.277463e-01 2.218036e+00 3.138227e+00 8.002435e-02 -3.475415e-04 -3.317035e-04 -2.568543e-04 -2.547888e-04
 7716.600000 8.293078e-01 2.221915e+00 3.099927e+00 8.060861e-02 -3.442877e-04 -3.220641e-04 -2.550260e-04 -2.503579e-04
 7716.800000 8.269502e-01 2.215396e+00 3.044872e+00 7.881955e-02 -3.446173e-04 -3.129222e-04 -2.401279e-04 -2.524037e-04
 7717.000000 8.285416e-01 2.220352e+00 3.007983e+00 8.039290e-02 -3.485398e-04 -3.043190e-04 -2.389007e-04 -2.577538e-04
 7717.200000 8.270575e-01 2.216743e+00 2.960111e+00 7.971574e-02 -3.480173e-04 -3.045437e-04 -2.576405e-04 -2.623203e-04
 7717.400000 8.291019e-01 2.222666e+00 2.925122e+00 8.025270e-02 -3.520645e-04 -3.030189e-04 -2.579754e-04 -2.580865e-04
 7717.600000 8.252278e-01 2.211835e+00 2.865581e+00 7.887890e-02 -3.469954e-04 -3.125813e-04 -2.500756e-04 -2.550201e-04
 7717.800000 8.255731e-01 2.212894e+00 2.824557e+00 8.037982e-02 -3.548627e-04 -3.095356e-04 -2.570951e-04 -2.519262e-04
 7718.000000 8.300270e-01 2.224869e+00 2.798696e+00 7.938444e-02 -3.495668e-04 -3.017387e-04 -2.664116e-04 -2.437298e-04
 7718.200000 8.265651e-01 2.215351e+00 2.742160e+00 7.897990e-02 -3.447018e-04 -3.014362e-04 -2.609886e-04 -2.531389e-04
 7718.400000 8.279019e-01 2.219472e+00 2.704807e+00 7.962091e-02 -3.422770e-04 -3.120203e-04 -2.526155e-04 -2.482893e-04
 7718.600000 8.263537e-01 2.215833e+00 2.654448e+00 8.010362e-02 -3.409269e-04 -3.145850e-04 -2.479309e-04 -2.523516e-04
 7718.800000 8.261225e-01 2.215469e+00 2.609565e+00 8.023929e-02 -3.357787e-04 -3.120900e-04 -2.465112e-04 -2.471686e-04
 7719.000000 8.292906e-01 2.224125e+00 2.576295e+00 8.035377e-02 -3.370924e-04 -3.013180e-04 -2.497282e-04 -2.492565e-04
 7719.200000 8.281034e-01 2.221668e+00 2.529955e+00 7.891204e-02 -3.425991e-04 -2.984474e-04 -2.477624e-04 -2.523871e-04
 7719.400000 8.290440e-01 2.224783e+00 2.491844e+00 8.095867e-02 -3.440034e-04 -3.066340e-04 -2.532714e-04 -2.514019e-04
 7719.600000 8.281624e-01 2.222738e+00 2.444227e+00 7.903601e-02 -3.411347e-04 -3.035901e-04 -2.628685e-04 -2.583278e-04
 7719.800000 8.249609e-01 2.214282e+00 2.392627e+00 7.827517e-02 -3.398653e-04 -2.987293e-04 -2.552424e-04 -2.547987e-04
 7720.000000 8.293224e-01 2.225900e+00 2.359548e+00 7.820570e-02 -3.357078e-04 -3.051217e-04 -2.574266e-04 -2.509701e-04
 7720.200000 8.249585e-01 2.214911e+00 2.299704e+00 8.134593e-02 -3.340989e-04 -3.047470e-04 -2.633741e-04 -2.601248e-04
 7720.400000 8.289226e-01 2.225684e+00 2.268988e+00 8.000982e-02 -3.331847e-04 -3.081232e-04 -2.613840e-04 -2.634624e-04
 7720.600000 8.287630e-01 2.224819e+00 2.223906e+00 7.950102e-02 -3.394792e-04 -3.065274e-04 -2.581147e-04 -2.680019e-04
 7720.800000 8.207859e-01 2.203509e+00 2.157267e+00 7.766203e-02 -3.346756e-04 -2.975542e-04 -2.690404e-04 -2.706130e-04
 7721.000000 8.276048e-01 2.222432e+00 2.132882e+00 7.968177e-02 -3.328091e-04 -3.066317e-04 -2.710747e-04 -2.779516e-04
 7721.200000 8.286362e-01 2.225716e+00 2.090454e+00 7.963156e-02 -3.317903e-04 -3.039808e-04 -2.677177e-04 -2.726485e-04
 7721.400000 8.264173e-01 2.219807e+00 2.042583e+00 7.937572e-02 -3.198310e-04 -2.977624e-04 -2.556190e-04 -2.630551e-04
 7721.600000 8.226621e-01 2.209623e+00 1.991178e+00 7.973416e-02 -3.277907e-04 -2.932109e-04 -2.584182e-04 -2.595154e-04
 7721.800000 8.316389e-01 2.234256e+00 1.970583e+00 8.012188e-02 -3.333118e-04 -2.976121e-04 -2.546698e-04 -2.700312e-04
 7722.000000 8.261574e-01 2.219363e+00 1.914990e+00 7.814511e-02 -3.290021e-04 -3.064672e-04 -2.701401e-04 -2.643806e-04
 7722.200000 8.292345e-01 2.227750e+00 1.883494e+00 8.094283e-02 -3.264564e-04 -3.144979e-04 -2.693658e-04 -2.641152e-04
 7722.400000 8.297959e-01 2.230126e+00 1.848036e+00 8.059304e-02 -3.331755e-04 -3.062558e-04 -2.684374e-04 -2.654031e-04
 7722.600000 8.273770e-01 2.223665e+00 1.805733e+00 7.987390e-02 -3.338069e-04 -3.181771e-04 -2.690661e-04 -2.647342e-04
 7722.800000 8.259749e-01 2.219123e+00 1.766455e+00 7.916258e-02 -3.401708e-04 -3.240388e-04 -2.651249e-04 -2.610869e-04
 7723.000000 8.301986e-01 2.230876e+00 1.745506e+00 8.055901e-02 -3.342044e-04 -3.315591e-04 -2.555446e-04 -2.625544e-04
 7723.200000 8.292670e-01 2.227857e+00 1.712751e+00 7.996068e-02 -3.315408e-04 -3.363369e-04 -2.465397e-04 -2.663533e-04
 7723.400000 8.246708e-01 2.215374e+00 1.676880e+00 8.022891e-02 -3.263485e-04 -3.301093e-04 -2.528462e-04 -2.569820e-04
 7723.600000 8.281917e-01 2.225175e+00 1.662537e+00 7.986365e-02 -3.394561e-04 -3.254754e-04 -2.638988e-04 -2.546157e-04
 7723.800000 8.274071e-01 2.223076e+00 1.638860e+00 7.923353e-02 -3.431279e-04 -3.327624e-04 -2.611484e-04 -2.607896e-04
 7724.000000 8.277073e-01 2.224094e+00 1.621913e+00 8.150009e-02 -3.290438e-04 -3.395093e-04 -2.652726e-04 -2.622381e-04
 7724.200000 8.273259e-01 2.222682e+00 1.605218e+00 7.875565e-02 -3.234613e-04 -3.395485e-04 -2.661157e-04 -2.681567e-04
 7724.400000 8.217999e-01 2.207592e+00 1.581069e+00 7.933088e-02 -3.271963e-04 -3.352944e-04 -2.671839e-04 -2.677789e-04
 7724.600000 8.260359e-01 2.219183e+00 1.578816e+00 8.127306e-02 -3.322280e-04 -3.285474e-04 -2.584941e-04 -2.601624e-04
 7724.800000 8.296583e-01 2.229214e+00 1.578612e+00 8.012287e-02 -3.374363e-04 -3.267454e-04 -2.645311e-04 -2.638760e-04
 7725.000000 8.268615e-01 2.222148e+00 1.566328e+00 7.734435e-02 -3.394698e-04 -3.216970e-04 -2.587074e-04 -2.627139e-04
 7725.200000 8.263079e-01 2.220818e+00 1.560268e+00 8.097471e-02 -3.431175e-04 -3.204872e-04 -2.548344e-04 -2.614450e-04
 7725.400000 8.288651e-01 2.227038e+00 1.561326e+00 8.032007e-02 -3.354587e-04 -3.185254e-04 -2.628721e-04 -2.688445e-04
 7725.600000 8.291436e-01 2.228194e+00 1.558136e+00 8.028912e-02 -3.352567e-04 -3.087731e-04 -2.647748e-04 -2.676081e-04
 7725.800000 8.291461e-01 2.228936e+00 1.556692e+00 8.141472e-02 -3.281789e-04 -3.103663e-04 -2.636268e-04 -2.709237e-04
 7726.000000 8.238547e-01 2.214988e+00 1.546758e+00 8.062074e-02 -3.315774e-04 -3.136609e-04 -2.699615e-04 -2.676302e-04
 7726.200000 8.296108e-01 2.231146e+00 1.559360e+00 7.655453e-02 -3.421934e-04 -3.077915e-04 -2.526608e-04 -2.561117e-04
 7726.400000 8.298023e-01 2.231511e+00 1.560501e+00 8.010020e-02 -3.443251e-04 -3.088347e-04 -2.732424e-04 -2.603155e-04
 7726.600000 8.272765e-01 2.224554e+00 1.556788e+00 7.721939e-02 -3.485653e-04 -3.216933e-04 -2.757886e-04 -2.757643e-04
 7726.800000 8.241548e-01 2.216381e+00 1.553274e+00 8.048843e-02 -3.468007e-04 -3.232473e-04 -2.710409e-04 -2.743139e-04
 7727.000000 8.222705e-01 2.212018e+00 1.552334e+00 7.727926e-02 -3.366890e-04 -3.188425e-04 -2.699596e-04 -2.695111e-04
 7727.200000 8.343610e-01 2.245830e+00 1.577889e+00 8.034049e-02 -3.483310e-04 -3.155785e-04 -2.682047e-04 -2.810835e-04
 7727.400000 8.252303e-01 2.220759e+00 1.560999e+00 8.253741e-02 -3.375218e-04 -3.196994e-04 -2.557868e-04 -2.837850e-04
 7727.600000 8.272044e-01 2.226127e+00 1.568097e+00 7.934280e-02 -3.402183e-04 -3.255444e-04 -2.554695e-04 -2.986442e-04
 7727.800000 8.258352e-01 2.222748e+00 1.569100e+00 7.912544e-02 -3.366751e-04 -3.108966e-04 -2.588389e-04 -3.210087e-04
 7728.000000 8.273761e-01 2.226463e+00 1.574007e+00 8.061419e-02 -3.316164e-04 -3.108020e-04 -2.682743e-04 -3.264478e-04
 7728.200000 8.224341e-01 2.213372e+00 1.567701e+00 7.680682e-02 -3.232125e-04 -3.113287e-04 -2.716962e-04 -3.313432e-04
 7728.400000 8.268306e-01 2.225411e+00 1.578802e+00 8.071280e-02 -3.180425e-04 -3.127482e-04 -2.633212e-04 -3.353470e-04
 7728.600000 8.304064e-01 2.236106e+00 1.586741e+00 8.054829e-02 -3.336136e-04 -3.188226e-04 -2.651264e-04 -3.429373e-04
 7728.800000 8.240639e-01 2.217963e+00 1.572848e+00 8.029254e-02 -3.358297e-04 -3.326001e-04 -2.627924e-04 -3.374329e-04
 7729.000000 8.263715e-01 2.225627e+00 1.577900e+00 7.903156e-02 -3.346034e-04 -3.350887e-04 -2.797436e-04 -3.430273e-04
 7729.200000 8.299561e-01 2.235349e+00 1.583766e+00 8.095872e-02 -3.350874e-04 -3.290945e-04 -2.728815e-04 -3.420246e-04
 7729.400000 8.249318e-01 2.221020e+00 1.573077e+00 7.879841e-02 -3.290904e-04 -3.219032e-04 -2.592353e-04 -3.378071e-04
 7729.600000 8.267892e-01 2.226993e+00 1.572472e+00 7.954256e-02 -3.357405e-04 -3.157764e-04 -2.590715e-04 -3.340055e-04
 7729.800000 8.282716e-01 2.231404e+00 1.570993e+00 8.175222e-02 -3.372483e-04 -3.272784e-04 -2.601290e-04 -3.321342e-04
 7730.000000 8.203751e-01 2.209551e+00 1.549203e+00 7.759963e-02 -3.363515e-04 -3.052814e-04 -2.619944e-04 -3.181336e-04
 7730.200000 8.283972e-01 2.230839e+00 1.557330e+00 8.153280e-02 -3.411773e-04 -3.061511e-04 -2.880053e-04 -3.343866e-04
 7730.400000 8.277559e-01 2.230068e+00 1.549478e+00 7.977676e-02 -3.413372e-04 -3.081402e-04 -2.864938e-04 -3.299992e-04
 7730.600000 8.217741e-01 2.214404e+00 1.529187e+00 7.659090e-02 -3.385492e-04 -3.023841e-04 -2.777170e-04 -3.180265e-04
 7730.800000 8.286076e-01 2.232640e+00 1.534287e+00 8.163992e-02 -3.452691e-04 -3.008986e-04 -2.728616e-04 -3.241693e-04
 7731.000000 8.175121e-01 2.202839e+00 1.503147e+00 7.868265e-02 -3.390426e-04 -3.011552e-04 -2.831145e-04 -3.275751e-04
 7731.200000 8.342154e-01 2.248414e+00 1.526427e+00 8.219699e-02 -3.359698e-04 -3.136983e-04 -2.752708e-04 -3.355251e-04
 7731.400000 8.228450e-01 2.217832e+00 1.494276e+00 7.980865e-02 -3.391000e-04 -3.089930e-04 -2.671965e-04 -3.370444e-04
 7731.600000 8.296495e-01 2.236165e+00 1.495550e+00 8.103035e-02 -3.445671e-04 -3.064563e-04 -2.598143e-04 -3.308456e-04
 7731.800000 8.245725e-01 2.222342e+00 1.477231e+00 8.055712e-02 -3.442752e-04 -3.011000e-04 -2.677547e-04 -3.273271e-04
 7732.000000 8.265623e-01 2.228076e+00 1.472029e+00 7.590486e-02 -3.403513e-04 -3.032110e-04 -2.651756e-04 -3.297843e-04
 7732.200000 8.251234e-01 2.224049e+00 1.463174e+00 7.979731e-02 -3.307635e-04 -3.091086e-04 -2.651490e-04 -3.347999e-04
 7732.400000 8.215104e-01 2.215129e+00 1.448988e+00 8.172869e-02 -3.372686e-04 -3.077956e-04 -2.638191e-04 -3.239786e-04
 7732.600000 8.324456e-01 2.244445e+00 1.462601e+00 8.129626e-02 -3.307491e-04 -3.158046e-04 -2.603189e-04 -3.097283e-04
 7732.800000 8.234248e-01 2.221175e+00 1.442407e+00 7.924472e-02 -3.222100e-04 -3.079211e-04 -2.576712e-04 -2.804746e-04
 7733.000000 8.256877e-01 2.226890e+00 1.442574e+00 7.959707e-02 -3.275560e-04 -3.019413e-04 -2.750429e-04 -2.800841e-04
 7733.200000 8.240169e-01 2.222450e+00 1.438680e+00 7.947519e-02 -3.314024e-04 -2.994520e-04 -2.637357e-04 -2.806495e-04
 7733.400000 8.259091e-01 2.227913e+00 1.441333e+00 8.000816e-02 -3.261554e-04 -2.901207e-04 -2.705860e-04 -2.755920e-04
 7733.600000 8.238027e-01 2.222110e+00 1.439395e+00 7.983330e-02 -3.281848e-04 -2.985184e-04 -2.757728e-04 -2.825361e-04
 7733.800000 8.290982e-01 2.236670e+00 1.449833e+00 7.984785e-02 -3.272454e-04 -3.066531e-04 -2.725128e-04 -2.774172e-04
 7734.000000 8.271213e-01 2.231042e+00 1.450702e+00 7.969948e-02 -3.295048e-04 -3.091182e-04 -2.795529e-04 -2.783174e-04
 7734.200000 8.258449e-01 2.228090e+00 1.451548e+00 8.113868e-02 -3.286918e-04 -3.132213e-04 -2.778813e-04 -2.826828e-04
 7734.400000 8.209706e-01 2.215515e+00 1.450169e+00 8.061960e-02 -3.212113e-04 -3.065230e-04 -2.814408e-04 -2.846872e-04
 7734.600000 8.237555e-01 2.223570e+00 1.461309e+00 8.124610e-02 -3.207097e-04 -3.067057e-04 -2.792090e-04 -2.783384e-04
 7734.800000 8.351466e-01 2.254345e+00 1.489221e+00 7.900966e-02 -3.312883e-04 -3.046152e-04 -2.771345e-04 -2.774272e-04
 7735.000000 8.222449e-01 2.219127e+00 1.470954e+00 7.903431e-02 -3.214495e-04 -3.013227e-04 -2.909358e-04 -2.741591e-04
 7735.200000 8.283373e-01 2.235828e+00 1.490721e+00 7.814709e-02 -3.245344e-04 -2.980648e-04 -2.873629e-04 -2.779952e-04
 7735.400000 8.242892e-01 2.224316e+00 1.490717e+00 7.964614e-02 -3.323597e-04 -2.955908e-04 -2.828627e-04 -2.872994e-04
 7735.600000 8.236456e-01 2.223178e+00 1.495946e+00 8.062077e-02 -3.334286e-04 -3.109529e-04 -2.757780e-04 -2.823272e-04
 7735.800000 8.182231e-01 2.208131e+00 1.491911e+00 8.032569e-02 -3.300166e-04 -3.105029e-04 -2.727727e-04 -2.749039e-04
 7736.000000 8.246464e-01 2.225821e+00 1.512883e+00 8.288732e-02 -3.341088e-04 -3.171049e-04 -2.755297e-04 -2.749066e-04
 7736.200000 8.290122e-01 2.237268e+00 1.525667e+00 8.053014e-02 -3.433575e-04 -3.119204e-04 -2.742962e-04 -2.733011e-04
 7736.400000 8.248090e-01 2.226362e+00 1.524057e+00 7.893852e-02 -3.371601e-04 -3.080171e-04 -2.897773e-04 -2.702887e-04
 7736.600000 8.252672e-01 2.228346e+00 1.530566e+00 7.929226e-02 -3.352055e-04 -3.168455e-04 -2.903951e-04 -2.754044e-04
 7736.800000 8.245609e-01 2.227508e+00 1.534118e+00 7.842117e-02 -3.324275e-04 -3.201552e-04 -2.839475e-04 -2.707595e-04
 7737.000000 8.134080e-01 2.197099e+00 1.517407e+00 7.776711e-02 -3.229925e-04 -3.192052e-04 -2.790882e-04 -2.652781e-04
 7737.200000 8.356138e-01 2.257508e+00 1.563516e+00 8.152490e-02 -3.319048e-04 -3.158264e-04 -2.739865e-04 -2.621933e-04
 7737.400000 8.218928e-01 2.221026e+00 1.541390e+00 8.128529e-02 -3.231365e-04 -3.069758e-04 -2.545215e-04 -2.514059e-04
 7737.600000 8.218406e-01 2.220263e+00 1.543474e+00 8.133185e-02 -3.242567e-04 -3.141487e-04 -2.552113e-04 -2.390217e-04
 7737.800000 8.229740e-01 2.222918e+00 1.549020e+00 7.498698e-02 -3.380333e-04 -3.235950e-04 -2.890486e-04 -2.650777e-04
 7738.000000 8.247888e-01 2.227650e+00 1.553949e+00 7.827136e-02 -3.402312e-04 -3.232826e-04 -2.623150e-04 -2.693423e-04
 7738.200000 8.192446e-01 2.213674e+00 1.546025e+00 7.855757e-02 -3.395033e-04 -3.225505e-04 -2.597090e-04 -2.643472e-04
 7738.400000 8.234898e-01 2.225920e+00 1.556858e+00 8.195462e-02 -3.380056e-04 -3.116039e-04 -2.527051e-04 -2.643080e-04
 7738.600000 8.259970e-01 2.232473e+00 1.565482e+00 7.871763e-02 -3.344284e-04 -3.088288e-04 -2.871756e-04 -2.756151e-04
 7738.800000 8.204425e-01 2.217205e+00 1.557043e+00 7.998835e-02 -3.408388e-04 -2.989450e-04 -2.829998e-04 -2.667968e-04
 7739.000000 8.275793e-01 2.236967e+00 1.576722e+00 8.317683e-02 -3.386441e-04 -2.983096e-04 -2.702198e-04 -2.594280e-04
 7739.200000 8.247821e-01 2.230874e+00 1.575915e+00 8.025206e-02 -3.404948e-04 -3.003966e-04 -2.771810e-04 -2.656248e-04
 7739.400000 8.182647e-01 2.212951e+00 1.566614e+00 7.920834e-02 -3.320684e-04 -3.006003e-04 -2.773525e-04 -2.570268e-04
 7739.600000 8.210041e-01 2.219772e+00 1.573970e+00 7.821933e-02 -3.404220e-04 -2.967128e-04 -2.715328e-04 -2.617206e-04
 7739.800000 8.273637e-01 2.236133e+00 1.590878e+00 8.091022e-02 -3.421471e-04 -2.943589e-04 -2.692547e-04 -2.682219e-04
 7740.000000 8.157832e-01 2.205771e+00 1.571897e+00 7.935526e-02 -3.337000e-04 -2.940364e-04 -2.667921e-04 -2.651600e-04
 7740.200000 8.270144e-01 2.236771e+00 1.599997e+00 7.924527e-02 -3.435655e-04 -2.954767e-04 -2.626003e-04 -2.868668e-04
 7740.400000 8.171381e-01 2.210376e+00 1.585351e+00 8.088341e-02 -3.354266e-04 -2.912047e-04 -2.434741e-04 -2.872493e-04
 7740.600000 8.236563e-01 2.228044e+00 1.600587e+00 8.270464e-02 -3.391175e-04 -2.937562e-04 -2.434231e-04 -2.988590e-04
 7740.800000 8.261648e-01 2.235277e+00 1.609959e+00 8.071865e-02 -3.369220e-04 -2.966731e-04 -2.496403e-04 -3.030127e-04
 7741.000000 8.085192e-01 2.187723e+00 1.580537e+00 7.996021e-02 -3.253415e-04 -2.897010e-04 -2.510137e-04 -2.979432e-04
 7741.200000 8.179608e-01 2.213109e+00 1.602119e+00 7.825461e-02 -3.267517e-04 -2.982983e-04 -2.575411e-04 -3.084213e-04
 7741.400000 8.272983e-01 2.239452e+00 1.623532e+00 8.019483e-02 -3.337908e-04 -2.965627e-04 -2.552121e-04 -3.110277e-04
 7741.600000 8.132167e-01 2.201291e+00 1.599511e+00 8.008645e-02 -3.245664e-04 -3.142438e-04 -2.374605e-04 -3.045084e-04
 7741.800000 8.105908e-01 2.193396e+00 1.595531e+00 7.753182e-02 -3.227807e-04 -3.109876e-04 -2.605778e-04 -3.138412e-04
 7742.000000 8.046105e-01 2.176943e+00 1.587660e+00 7.718995e-02 -3.312264e-04 -3.074170e-04 -2.534438e-04 -2.997072e-04
 7742.700000 7.956572e-01 2.154074e+00 1.576250e+00 7.764675e-02 -3.360651e-04 -3.187847e-04 -2.441442e-04 -3.042714e-04
 7743.400000 8.176602e-01 2.214070e+00 1.624156e+00 8.015923e-02 -3.445015e-04 -3.147132e-04 -2.424559e-04 -3.126830e-04
 7744.100000 8.261710e-01 2.237910e+00 1.645295e+00 8.025220e-02 -3.445013e-04 -3.175281e-04 -2.394385e-04 -3.113634e-04
 7744.800000 8.267169e-01 2.240315e+00 1.649332e+00 8.094062e-02 -3.377190e-04 -3.150930e-04 -2.437774e-04 -3.123949e-04
 7745.500000 8.248545e-01 2.236081e+00 1.645991e+00 7.965584e-02 -3.431462e-04 -3.008511e-04 -2.480317e-04 -3.026678e-04
 7746.200000 8.255128e-01 2.238350e+00 1.644516e+00 8.118132e-02 -3.524618e-04 -2.971963e-04 -2.517090e-04 -3.082279e-04
 7746.900000 8.240536e-01 2.234627e+00 1.634157e+00 7.905713e-02 -3.514164e-04 -2.968918e-04 -2.436709e-04 -3.082435e-04
 7747.600000 8.254067e-01 2.239745e+00 1.627570e+00 8.189828e-02 -3.469834e-04 -2.944059e-04 -2.416140e-04 -3.090998e-04
 7748.300000 8.242156e-01 2.237087e+00 1.610245e+00 8.080100e-02 -3.343484e-04 -2.917146e-04 -2.521082e-04 -2.865810e-04
 7749.993695 8.234275e-01 2.236304e+00 1.560446e+00 8.000322e-02 -3.257867e-04 -2.732426e-04 -2.528028e-04 -2.662803e-04
 7750.999583 8.238735e-01 2.238035e+00 1.527742e+00 8.005723e-02 -3.223121e-04 -2.623380e-04 -2.587869e-04 -2.714581e-04
 7752.017662 8.221519e-01 2.234137e+00 1.487121e+00 8.124215e-02 -3.313760e-04 -2.743187e-04 -2.542218e-04 -2.721681e-04
 7753.047933 8.229263e-01 2.237089e+00 1.452085e+00 7.917631e-02 -3.335522e-04 -2.885562e-04 -2.497712e-04 -2.715377e-04
 7754.090396 8.222025e-01 2.236086e+00 1.413166e+00 8.082598e-02 -3.349434e-04 -2.802909e-04 -2.561757e-04 -2.764712e-04
 7755.145051 8.229213e-01 2.239074e+00 1.382121e+00 7.993379e-02 -3.365966e-04 -2.917890e-04 -2.498474e-04 -2.800937e-04
 7756.211898 8.223371e-01 2.238503e+00 1.358381e+00 8.007774e-02 -3.267970e-04 -2.945113e-04 -2.553095e-04 -2.761989e-04
 7757.290937 8.225260e-01 2.239833e+00 1.346546e+00 8.105019e-02 -3.224135e-04 -2.952562e-04 -2.570755e-04 -2.736883e-04
 7758.382167 8.199571e-01 2.233957e+00 1.341853e+00 8.041280e-02 -3.327947e-04 -2.980823e-04 -2.516852e-04 -2.642665e-04
 7759.485590 8.210407e-01 2.238111e+00 1.356197e+00 8.127465e-02 -3.300081e-04 -2.922709e-04 -2.572715e-04 -2.604321e-04
 7760.601204 8.219605e-01 2.241300e+00 1.380500e+00 8.023965e-02 -3.225582e-04 -2.893088e-04 -2.620895e-04 -2.627691e-04
 7761.729011 8.209179e-01 2.239731e+00 1.412917e+00 8.071896e-02 -3.317949e-04 -2.948445e-04 -2.613689e-04 -2.568876e-04
 7762.869009 8.207375e-01 2.240697e+00 1.455254e+00 8.088113e-02 -3.280645e-04 -3.009383e-04 -2.538761e-04 -2.587992e-04
 7764.021199 8.198193e-01 2.238506e+00 1.498670e+00 8.022020e-02 -3.282041e-04 -2.942518e-04 -2.488368e-04 -2.582635e-04
 7765.185582 8.208536e-01 2.242481e+00 1.543902e+00 8.133126e-02 -3.244145e-04 -2.876523e-04 -2.479491e-04 -2.596070e-04
 7766.362156 8.198293e-01 2.240189e+00 1.584727e+00 8.074087e-02 -3.208959e-04 -2.888859e-04 -2.559198e-04 -2.623261e-04
 7767.550922 8.202540e-01 2.242149e+00 1.627191e+00 8.074461e-02 -3.230809e-04 -3.038798e-04 -2.483747e-04 -2.634796e-04
 7768.751879 8.195668e-01 2.241862e+00 1.662430e+00 8.038740e-02 -3.276834e-04 -2.990632e-04 -2.493331e-04 -2.656589e-04
 7769.965029 8.197924e-01 2.242956e+00 1.688506e+00 8.020274e-02 -3.302577e-04 -2.913956e-04 -2.504280e-04 -2.611429e-04
 7771.190371 8.199815e-01 2.245050e+00 1.707003e+00 8.153379e-02 -3.337784e-04 -2.902492e-04 -2.509274e-04 -2.627439e-04
 7772.427904 8.191290e-01 2.244295e+00 1.715614e+00 8.164062e-02 -3.251676e-04 -2.933910e-04 -2.482039e-04 -2.660483e-04
 7773.677630 8.197623e-01 2.247602e+00 1.725009e+00 8.137900e-02 -3.246929e-04 -2.996838e-04 -2.536205e-04 -2.665910e-04
 7774.939547 8.185850e-01 2.244721e+00 1.731057e+00 7.989587e-02 -3.281715e-04 -2.989016e-04 -2.503359e-04 -2.665609e-04
 7776.213657 8.187877e-01 2.246215e+00 1.743137e+00 8.095180e-02 -3.237231e-04 -2.960239e-04 -2.568092e-04 -2.556366e-04
 7777.499958 8.174649e-01 2.244530e+00 1.751443e+00 8.129546e-02 -3.247142e-04 -3.034639e-04 -2.544722e-04 -2.590018e-04
 7778.798451 8.187952e-01 2.249016e+00 1.762135e+00 8.022375e-02 -3.332262e-04 -2.896983e-04 -2.502319e-04 -2.659317e-04
 7780.109136 8.180505e-01 2.248170e+00 1.761045e+00 8.123812e-02 -3.334482e-04 -2.886489e-04 -2.670546e-04 -2.694229e-04
 7781.432013 8.181466e-01 2.250215e+00 1.755325e+00 8.141907e-02 -3.242627e-04 -2.879260e-04 -2.579175e-04 -2.752930e-04
 7782.767082 8.168707e-01 2.248426e+00 1.740106e+00 8.043622e-02 -3.280602e-04 -2.819904e-04 -2.711595e-04 -2.773297e-04
 7784.114342 8.175018e-01 2.250938e+00 1.726960e+00 8.189249e-02 -3.244576e-04 -2.857469e-04 -2.697596e-04 -2.729467e-04
 7785.473795 8.177202e-01 2.253388e+00 1.715102e+00 8.106378e-02 -3.241524e-04 -2.889127e-04 -2.571302e-04 -2.570558e-04
 7786.845440 8.171375e-01 2.252362e+00 1.700130e+00 8.027154e-02 -3.219521e-04 -2.925196e-04 -2.619732e-04 -2.554049e-04
 7788.229276 8.172627e-01 2.254368e+00 1.685827e+00 8.190381e-02 -3.211938e-04 -2.938862e-04 -2.697990e-04 -2.600144e-04
 7789.625305 8.160606e-01 2.252187e+00 1.663580e+00 8.114996e-02 -3.147071e-04 -2.911401e-04 -2.647710e-04 -2.564969e-04
 7791.033525 8.164599e-01 2.254583e+00 1.643331e+00 8.012311e-02 -3.101780e-04 -2.903151e-04 -2.575174e-04 -2.588032e-04
 7792.453937 8.150932e-01 2.252406e+00 1.621208e+00 8.165115e-02 -3.115602e-04 -2.925368e-04 -2.573790e-04 -2.593583e-04
 7793.886541 8.156542e-01 2.254972e+00 1.605608e+00 8.108013e-02 -3.175225e-04 -2.935192e-04 -2.651340e-04 -2.588608e-04
 7795.331337 8.148450e-01 2.253975e+00 1.585170e+00 8.022682e-02 -3.131209e-04 -3.025962e-04 -2.669428e-04 -2.633791e-04
 7796.788325 8.150755e-01 2.255754e+00 1.563454e+00 8.144574e-02 -3.115930e-04 -2.993746e-04 -2.730550e-04 -2.723437e-04
 7798.257505 8.140197e-01 2.254433e+00 1.533707e+00 8.079485e-02 -3.100594e-04 -2.979394e-04 -2.635535e-04 -2.621620e-04
 7799.738877 8.140633e-01 2.255904e+00 1.501205e+00 8.124946e-02 -3.101627e-04 -3.089415e-04 -2.673439e-04 -2.606856e-04
 7801.232440 8.139214e-01 2.256900e+00 1.468181e+00 8.103112e-02 -3.144316e-04 -3.001013e-04 -2.667930e-04 -2.643034e-04
 7802.738196 8.133869e-01 2.256300e+00 1.437347e+00 8.162300e-02 -3.227521e-04 -2.956117e-04 -2.715376e-04 -2.813198e-04
 7804.256143 8.125796e-01 2.255262e+00 1.412729e+00 8.073465e-02 -3.283418e-04 -3.001888e-04 -2.859986e-04 -2.784628e-04
 7805.786283 8.140436e-01 2.260856e+00 1.401676e+00 8.118775e-02 -3.178426e-04 -2.957670e-04 -2.873384e-04 -2.649950e-04
 7807.328614 8.133552e-01 2.260107e+00 1.398776e+00 8.159313e-02 -3.179441e-04 -2.919544e-04 -2.828894e-04 -2.711009e-04
 7808.883137 8.119621e-01 2.257640e+00 1.406582e+00 8.054231e-02 -3.334026e-04 -2.931490e-04 -2.907916e-04 -2.613943e-04
 7810.449852 8.119174e-01 2.258975e+00 1.426652e+00 8.114233e-02 -3.348772e-04 -2.935839e-04 -2.722891e-04 -2.582449e-04
 7812.028759 8.119078e-01 2.260300e+00 1.452086e+00 8.178759e-02 -3.264020e-04 -3.031609e-04 -2.767592e-04 -2.548362e-04
 7813.619858 8.116853e-01 2.260938e+00 1.479520e+00 8.053991e-02 -3.236860e-04 -2.921433e-04 -2.764145e-04 -2.679550e-04
 7815.223149 8.120325e-01 2.263220e+00 1.512987e+00 8.166999e-02 -3.308849e-04 -2.933897e-04 -2.839048e-04 -2.733964e-04
 7816.838632 8.117725e-01 2.263672e+00 1.548968e+00 8.158300e-02 -3.319074e-04 -2.915051e-04 -2.886670e-04 -2.714869e-04
 7818.466307 8.116563e-01 2.264414e+00 1.586111e+00 8.245209e-02 -3.341158e-04 -2.965647e-04 -2.950914e-04 -2.734664e-04
 7820.106173 8.100027e-01 2.261348e+00 1.615670e+00 8.134767e-02 -3.171944e-04 -2.963942e-04 -2.932486e-04 -2.696325e-04
 7821.758232 8.110567e-01 2.265410e+00 1.652490e+00 8.120882e-02 -3.153240e-04 -2.884387e-04 -2.867060e-04 -2.736669e-04
 7823.422482 8.107232e-01 2.266034e+00 1.685751e+00 8.208113e-02 -3.149901e-04 -2.868238e-04 -2.726108e-04 -2.611591e-04
 7825.098924 8.110565e-01 2.268366e+00 1.728438e+00 8.112546e-02 -3.110749e-04 -2.842070e-04 -2.695961e-04 -2.594284e-04
 7826.787558 8.095598e-01 2.265678e+00 1.770168e+00 8.211095e-02 -3.138478e-04 -2.783746e-04 -2.742640e-04 -2.604198e-04
 7828.488385 8.058874e-01 2.256930e+00 1.807378e+00 8.176267e-02 -3.135948e-04 -2.915081e-04 -2.787203e-04 -2.612305e-04
 7830.201403 8.042137e-01 2.254062e+00 1.841701e+00 8.114778e-02 -3.230687e-04 -3.031029e-04 -2.768717e-04 -2.679220e-04
 7831.926613 8.082722e-01 2.266816e+00 1.878390e+00 8.184285e-02 -3.286869e-04 -3.059977e-04 -2.850013e-04 -2.735103e-04
 7833.664014 8.078902e-01 2.266669e+00 1.891230e+00 8.226668e-02 -3.272643e-04 -2.986656e-04 -2.944839e-04 -2.720894e-04
 7835.413608 8.089551e-01 2.271173e+00 1.896732e+00 8.157708e-02 -3.217588e-04 -3.040335e-04 -2.919157e-04 -2.693167e-04
 7837.175394 8.074833e-01 2.269253e+00 1.884024e+00 8.146822e-02 -3.201344e-04 -3.080405e-04 -2.813361e-04 -2.821816e-04
 7838.949371 8.082140e-01 2.272372e+00 1.869552e+00 8.149938e-02 -3.279082e-04 -3.083590e-04 -2.866248e-04 -2.814817e-04
 7840.735541 8.065769e-01 2.269227e+00 1.845692e+00 8.259782e-02 -3.320170e-04 -3.001322e-04 -2.900793e-04 -2.776404e-04
 7842.533902 8.076115e-01 2.273644e+00 1.826591e+00 8.257533e-02 -3.344999e-04 -3.035360e-04 -2.839789e-04 -2.819152e-04
 7844.344455 8.068158e-01 2.272978e+00 1.803995e+00 8.238831e-02 -3.314349e-04 -3.000529e-04 -2.816761e-04 -2.652058e-04
 7846.167201 8.074921e-01 2.276462e+00 1.786788e+00 8.246408e-02 -3.289678e-04 -2.986445e-04 -2.759541e-04 -2.714697e-04
 7848.002138 8.055979e-01 2.272823e+00 1.769670e+00 8.194722e-02 -3.258755e-04 -2.980310e-04 -2.731513e-04 -2.638501e-04
 7849.849267 8.069325e-01 2.277679e+00 1.768648e+00 8.209671e-02 -3.173745e-04 -3.051045e-04 -2.719542e-04 -2.527512e-04
 7851.708588 8.057602e-01 2.276135e+00 1.769366e+00 8.211028e-02 -3.187039e-04 -3.009255e-04 -2.834691e-04 -2.527894e-04
 7853.580100 8.032498e-01 2.271165e+00 1.771585e+00 8.207351e-02 -3.160688e-04 -2.877333e-04 -2.903194e-04 -2.591599e-04
 7855.463805 7.988335e-01 2.259829e+00 1.763667e+00 8.186465e-02 -3.187760e-04 -2.905313e-04 -2.912923e-04 -2.691443e-04
 7857.359702 8.046170e-01 2.278297e+00 1.768415e+00 8.138191e-02 -3.215171e-04 -3.045558e-04 -2.944495e-04 -2.658355e-04
 7859.267790 8.040013e-01 2.277804e+00 1.741856e+00 8.300279e-02 -3.052536e-04 -3.117027e-04 -2.905112e-04 -2.610700e-04
 7861.188071 8.039766e-01 2.280151e+00 1.702565e+00 8.260136e-02 -2.990002e-04 -3.126033e-04 -2.811265e-04 -2.497941e-04
 7863.120543 8.030636e-01 2.279446e+00 1.652674e+00 8.281680e-02 -2.966846e-04 -3.104759e-04 -2.660526e-04 -2.660131e-04
 7865.065207 8.034925e-01 2.282715e+00 1.609783e+00 8.279460e-02 -3.099072e-04 -2.936450e-04 -2.662681e-04 -2.727451e-04
 7867.022064 8.023793e-01 2.281230e+00 1.569575e+00 8.231004e-02 -3.185386e-04 -2.971383e-04 -2.750936e-04 -2.725608e-04
 7868.991112 8.032139e-01 2.285214e+00 1.544881e+00 8.269881e-02 -3.197053e-04 -2.932560e-04 -2.817511e-04 -2.747624e-04
 7870.972352 8.026564e-01 2.285118e+00 1.525224e+00 8.262798e-02 -3.238098e-04 -2.994566e-04 -2.822625e-04 -2.774629e-04
 7872.965784 8.024541e-01 2.286164e+00 1.512927e+00 8.398416e-02 -3.187509e-04 -2.903161e-04 -2.769423e-04 -2.699089e-04
 7874.971407 8.016097e-01 2.285294e+00 1.506727e+00 8.179574e-02 -3.102538e-04 -3.077993e-04 -2.741483e-04 -2.601956e-04
 7876.989223 8.012770e-01 2.286382e+00 1.510409e+00 8.278865e-02 -3.101292e-04 -2.933733e-04 -2.621146e-04 -2.460632e-04
 7879.019231 7.996150e-01 2.282738e+00 1.523056e+00 8.215970e-02 -3.178246e-04 -2.837198e-04 -2.629443e-04 -2.543084e-04
 7881.061430 8.010895e-01 2.288223e+00 1.555300e+00 8.275529e-02 -3.122461e-04 -2.857405e-04 -2.689716e-04 -2.638725e-04
 7883.115822 8.001237e-01 2.287138e+00 1.596017e+00 8.271237e-02 -3.153180e-04 -2.872310e-04 -2.642611e-04 -2.623174e-04
 7885.182405 7.991558e-01 2.286590e+00 1.647746e+00 8.281926e-02 -3.188055e-04 -2.850460e-04 -2.721049e-04 -2.570512e-04
 7887.261180 7.977115e-01 2.283487e+00 1.711004e+00 8.278631e-02 -3.250756e-04 -2.865210e-04 -2.770452e-04 -2.641812e-04
 7889.352148 8.003918e-01 2.293124e+00 1.793157e+00 8.347796e-02 -3.256725e-04 -2.828626e-04 -2.747680e-04 -2.709091e-04
 7891.455307 7.980676e-01 2.288116e+00 1.867488e+00 8.281514e-02 -3.216995e-04 -2.810134e-04 -2.734910e-04 -2.661099e-04
 7893.570658 7.906926e-01 2.269153e+00 1.923145e+00 8.270738e-02 -3.167375e-04 -2.897463e-04 -2.694051e-04 -2.609507e-04
 7895.698201 7.954555e-01 2.284104e+00 1.993708e+00 8.295250e-02 -3.199989e-04 -2.862400e-04 -2.764245e-04 -2.618707e-04
 7897.837935 7.982474e-01 2.294203e+00 2.035147e+00 8.350648e-02 -3.273075e-04 -2.831009e-04 -2.815091e-04 -2.605906e-04
 7899.989862 7.967417e-01 2.291545e+00 2.039931e+00 8.338859e-02 -3.323570e-04 -2.842131e-04 -2.789932e-04 -2.602330e-04
 7902.153981 7.979176e-01 2.297498e+00 2.029775e+00 8.320161e-02 -3.259185e-04 -2.906567e-04 -2.696543e-04 -2.520868e-04
 7904.330291 7.964854e-01 2.294862e+00 1.997685e+00 8.357075e-02 -3.305419e-04 -2.871638e-04 -2.669352e-04 -2.565486e-04
 7906.518794 7.970161e-01 2.298446e+00 1.967280e+00 8.256872e-02 -3.379045e-04 -2.676266e-04 -2.765749e-04 -2.632817e-04
 7908.719488 7.956235e-01 2.296389e+00 1.931567e+00 8.359263e-02 -3.375830e-04 -2.733242e-04 -2.664669e-04 -2.612979e-04
 7910.932374 7.957462e-01 2.299560e+00 1.906953e+00 8.338327e-02 -3.439309e-04 -2.760933e-04 -2.707956e-04 -2.587022e-04
 7913.157453 7.953493e-01 2.300579e+00 1.884720e+00 8.277832e-02 -3.461549e-04 -2.805084e-04 -2.726173e-04 -2.551611e-04
 7915.394723 7.955618e-01 2.303108e+00 1.870780e+00 8.378460e-02 -3.497346e-04 -2.781235e-04 -2.631878e-04 -2.551042e-04
 7917.644185 7.947681e-01 2.303002e+00 1.862536e+00 8.356659e-02 -3.386955e-04 -2.804807e-04 -2.657137e-04 -2.475082e-04
 7919.905838 7.944897e-01 2.303711e+00 1.861741e+00 8.381221e-02 -3.296585e-04 -2.779891e-04 -2.544713e-04 -2.596502e-04
 7922.179684 7.939754e-01 2.304565e+00 1.864606e+00 8.360631e-02 -3.228230e-04 -2.868544e-04 -2.596921e-04 -2.626181e-04
 7924.465722 7.936323e-01 2.305256e+00 1.871023e+00 8.315177e-02 -3.316906e-04 -2.801690e-04 -2.640357e-04 -2.595983e-04
 7926.763952 7.934193e-01 2.306532e+00 1.880092e+00 8.385675e-02 -3.366801e-04 -2.797176e-04 -2.730971e-04 -2.712219e-04
 7929.074373 7.928367e-01 2.306604e+00 1.890970e+00 8.361804e-02 -3.337080e-04 -2.755455e-04 -2.651530e-04 -2.662721e-04
 7931.396987 7.923884e-01 2.306878e+00 1.906315e+00 8.344304e-02 -3.400373e-04 -2.732422e-04 -2.567975e-04 -2.607703e-04
 7933.731792 7.914883e-01 2.306019e+00 1.919822e+00 8.377991e-02 -3.403756e-04 -2.733901e-04 -2.543971e-04 -2.588873e-04
 7936.078789 7.884091e-01 2.298717e+00 1.922856e+00 8.263906e-02 -3.372211e-04 -2.774044e-04 -2.634614e-04 -2.482518e-04
 7938.437978 7.774403e-01 2.269070e+00 1.895764e+00 8.274126e-02 -3.402220e-04 -2.847807e-04 -2.614753e-04 -2.514344e-04
 7940.809359 7.908648e-01 2.310156e+00 1.911590e+00 8.396753e-02 -3.360601e-04 -2.748461e-04 -2.678860e-04 -2.541754e-04
 7943.192932 7.916618e-01 2.314983e+00 1.888017e+00 8.425145e-02 -3.343345e-04 -2.841245e-04 -2.651879e-04 -2.524834e-04
 7945.588697 7.911248e-01 2.315985e+00 1.858814e+00 8.411825e-02 -3.226388e-04 -2.777639e-04 -2.674722e-04 -2.451491e-04
 7947.996654 7.901654e-01 2.315119e+00 1.831351e+00 8.353431e-02 -3.237726e-04 -2.895600e-04 -2.642658e-04 -2.535611e-04
 7950.416803 7.893637e-01 2.315321e+00 1.810199e+00 8.490282e-02 -3.319658e-04 -2.829007e-04 -2.487373e-04 -2.513135e-04
 7952.849143 7.889424e-01 2.315976e+00 1.793706e+00 8.457009e-02 -3.323827e-04 -2.828666e-04 -2.526228e-04 -2.543227e-04
 7955.293676 7.893360e-01 2.319945e+00 1.786860e+00 8.370482e-02 -3.293964e-04 -2.873340e-04 -2.515450e-04 -2.508638e-04
 7957.750400 7.884086e-01 2.318621e+00 1.784122e+00 8.437206e-02 -3.351935e-04 -2.860170e-04 -2.733557e-04 -2.589764e-04
 7960.219317 7.880416e-01 2.319787e+00 1.793850e+00 8.393292e-02 -3.381785e-04 -2.828011e-04 -2.664959e-04 -2.493150e-04
 7962.700425 7.874548e-01 2.320236e+00 1.814550e+00 8.476350e-02 -3.308296e-04 -2.793759e-04 -2.618280e-04 -2.521741e-04
 7965.193725 7.877570e-01 2.323162e+00 1.848306e+00 8.450646e-02 -3.276286e-04 -2.680688e-04 -2.737846e-04 -2.550596e-04
 7967.699217 7.858591e-01 2.320027e+00 1.886552e+00 8.454252e-02 -3.191841e-04 -2.654636e-04 -2.764351e-04 -2.594050e-04
 7970.216901 7.861278e-01 2.322702e+00 1.931596e+00 8.368580e-02 -3.245232e-04 -2.768901e-04 -2.668952e-04 -2.630836e-04
 7972.746777 7.854605e-01 2.323787e+00 1.975528e+00 8.417962e-02 -3.236003e-04 -2.868576e-04 -2.625663e-04 -2.623033e-04
 7975.288845 7.856118e-01 2.326271e+00 2.014967e+00 8.460963e-02 -3.274323e-04 -2.877796e-04 -2.585262e-04 -2.622578e-04
 7977.843105 7.847789e-01 2.325516e+00 2.042796e+00 8.422845e-02 -3.216259e-04 -2.828456e-04 -2.656890e-04 -2.589639e-04
 7980.409556 7.836714e-01 2.324282e+00 2.059690e+00 8.505051e-02 -3.210067e-04 -2.743759e-04 -2.711408e-04 -2.577860e-04
 7982.988200 7.800980e-01 2.315433e+00 2.065341e+00 8.373419e-02 -3.299154e-04 -2.736066e-04 -2.631361e-04 -2.579368e-04
 7985.579035 7.791605e-01 2.314283e+00 2.073421e+00 8.513405e-02 -3.226315e-04 -2.796245e-04 -2.755594e-04 -2.668243e-04
 7988.182062 7.828698e-01 2.327635e+00 2.093139e+00 8.417987e-02 -3.226202e-04 -2.702119e-04 -2.677465e-04 -2.694241e-04
 7990.797282 7.802491e-01 2.321980e+00 2.095989e+00 8.417069e-02 -3.179339e-04 -2.701672e-04 -2.661146e-04 -2.820400e-04
 7993.424693 7.814393e-01 2.327479e+00 2.109838e+00 8.419128e-02 -3.222791e-04 -2.738782e-04 -2.686341e-04 -2.786134e-04
 7996.064296 7.810791e-01 2.328501e+00 2.117873e+00 8.500480e-02 -3.073952e-04 -2.930646e-04 -2.801333e-04 -2.775039e-04
 7998.716091 7.806558e-01 2.330149e+00 2.125588e+00 8.409028e-02 -3.025660e-04 -2.930307e-04 -2.720748e-04 -2.708079e-04
 8001.380078 7.785188e-01 2.325735e+00 2.124474e+00 8.490696e-02 -3.207195e-04 -2.833830e-04 -2.657609e-04 -2.782773e-04
 8004.056256 7.786931e-01 2.328461e+00 2.126739e+00 8.535202e-02 -3.238864e-04 -2.918066e-04 -2.829474e-04 -2.708282e-04
 8006.744627 7.797277e-01 2.333679e+00 2.125764e+00 8.501294e-02 -3.176482e-04 -2.856222e-04 -2.809215e-04 -2.551753e-04
 8009.445190 7.777403e-01 2.330676e+00 2.115716e+00 8.488544e-02 -3.128078e-04 -2.743693e-04 -2.870750e-04 -2.574543e-04
 8012.157944 7.780470e-01 2.333137e+00 2.110811e+00 8.517969e-02 -3.050814e-04 -2.870841e-04 -2.797191e-04 -2.588005e-04
 8014.882891 7.766843e-01 2.331784e+00 2.102426e+00 8.485392e-02 -3.160273e-04 -2.960195e-04 -2.773971e-04 -2.671457e-04
 8017.620029 7.773585e-01 2.337024e+00 2.100892e+00 8.581624e-02 -3.171364e-04 -2.935916e-04 -2.767291e-04 -2.835984e-04
 8020.369359 7.762115e-01 2.336380e+00 2.096335e+00 8.528641e-02 -3.230968e-04 -2.888530e-04 -2.784538e-04 -2.987311e-04
 8023.130881 7.755198e-01 2.336940e+00 2.094271e+00 8.492699e-02 -3.334375e-04 -2.944347e-04 -2.692740e-04 -2.889878e-04
 8025.904595 7.751108e-01 2.338125e+00 2.093030e+00 8.547089e-02 -3.326346e-04 -2.992557e-04 -2.809899e-04 -2.894249e-04
 8028.690501 7.740394e-01 2.336780e+00 2.087738e+00 8.538593e-02 -3.240868e-04 -2.953035e-04 -2.862539e-04 -2.770404e-04
 8031.488599 7.740481e-01 2.338665e+00 2.084665e+00 8.468407e-02 -3.251711e-04 -2.942889e-04 -2.800784e-04 -2.743779e-04
 8034.298889 7.729434e-01 2.337093e+00 2.075839e+00 8.571086e-02 -3.327553e-04 -2.858863e-04 -2.724963e-04 -2.778038e-04
 8037.121371 7.722092e-01 2.336859e+00 2.068889e+00 8.572800e-02 -3.238285e-04 -2.757480e-04 -2.712765e-04 -2.773462e-04
 8039.956044 7.714722e-01 2.336648e+00 2.061858e+00 8.481477e-02 -3.263768e-04 -2.781780e-04 -2.649181e-04 -2.726831e-04
 8042.802910 7.723513e-01 2.342289e+00 2.064110e+00 8.571256e-02 -3.227714e-04 -2.830056e-04 -2.617815e-04 -2.745918e-04
 8045.661967 7.702092e-01 2.338029e+00 2.063879e+00 8.533643e-02 -3.119635e-04 -2.920403e-04 -2.787385e-04 -2.808587e-04
 8048.533217 7.697523e-01 2.339085e+00 2.074998e+00 8.499347e-02 -3.193449e-04 -2.950067e-04 -2.750535e-04 -2.938153e-04
 8051.416658 7.670041e-01 2.333665e+00 2.083845e+00 8.532959e-02 -3.133723e-04 -2.953882e-04 -2.705742e-04 -2.864322e-04
 8054.312291 7.480966e-01 2.278757e+00 2.053214e+00 8.325105e-02 -3.156906e-04 -2.893286e-04 -2.707001e-04 -2.824503e-04
 8057.220116 7.638659e-01 2.328506e+00 2.118767e+00 8.496776e-02 -3.218403e-04 -2.915102e-04 -2.708614e-04 -2.730609e-04
 8060.140133 7.704703e-01 2.351038e+00 2.160923e+00 8.591478e-02 -3.185286e-04 -2.864309e-04 -2.827176e-04 -2.778399e-04
 8063.072342 7.704077e-01 2.353155e+00 2.183132e+00 8.639428e-02 -3.162454e-04 -2.859026e-04 -2.757923e-04 -2.742943e-04
 8066.016743 7.693565e-01 2.353046e+00 2.197078e+00 8.563680e-02 -3.221243e-04 -2.879279e-04 -2.720168e-04 -2.698471e-04
 8068.973335 7.689696e-01 2.354597e+00 2.206985e+00 8.628898e-02 -3.210869e-04 -2.925457e-04 -2.708744e-04 -2.742685e-04
 8071.942120 7.684540e-01 2.355054e+00 2.211776e+00 8.573671e-02 -3.251074e-04 -2.808220e-04 -2.802940e-04 -2.717969e-04
 8074.923096 7.667206e-01 2.353050e+00 2.214915e+00 8.631508e-02 -3.256341e-04 -2.830034e-04 -2.802325e-04 -2.763089e-04
 8077.916265 7.671371e-01 2.356672e+00 2.227646e+00 8.599533e-02 -3.281594e-04 -2.815212e-04 -2.775215e-04 -2.813174e-04
 8080.921625 7.664777e-01 2.357243e+00 2.243475e+00 8.648614e-02 -3.237611e-04 -2.868835e-04 -2.774615e-04 -2.873283e-04
 8083.939177 7.650712e-01 2.354845e+00 2.262437e+00 8.667432e-02 -3.223340e-04 -2.989041e-04 -2.745532e-04 -2.757145e-04
 8086.968921 7.639026e-01 2.354238e+00 2.281716e+00 8.611203e-02 -3.222428e-04 -2.886337e-04 -2.772487e-04 -2.682192e-04
 8090.010858 7.550530e-01 2.329395e+00 2.272878e+00 8.502428e-02 -3.162238e-04 -2.831575e-04 -2.740697e-04 -2.639888e-04
 8093.064985 7.461169e-01 2.304065e+00 2.258305e+00 8.418205e-02 -3.231255e-04 -2.964020e-04 -2.691754e-04 -2.669383e-04
 8096.131305 7.654390e-01 2.366093e+00 2.324367e+00 8.660252e-02 -3.302077e-04 -2.947211e-04 -2.586223e-04 -2.643079e-04
 8099.209817 7.655485e-01 2.368973e+00 2.334364e+00 8.633585e-02 -3.278716e-04 -2.899034e-04 -2.595545e-04 -2.699254e-04
 8102.300521 7.647896e-01 2.368861e+00 2.339376e+00 8.690802e-02 -3.288945e-04 -2.791020e-04 -2.611178e-04 -2.690874e-04
 8105.403416 7.634850e-01 2.367310e+00 2.344192e+00 8.703823e-02 -3.349434e-04 -2.860676e-04 -2.690711e-04 -2.768016e-04
 8108.518504 7.637343e-01 2.371441e+00 2.350146e+00 8.645251e-02 -3.343316e-04 -2.868855e-04 -2.727860e-04 -2.667288e-04
 8111.645783 7.622253e-01 2.369799e+00 2.351046e+00 8.708467e-02 -3.302436e-04 -2.794279e-04 -2.683150e-04 -2.635074e-04
 8114.785255 7.617108e-01 2.370777e+00 2.352212e+00 8.617695e-02 -3.293516e-04 -2.813434e-04 -2.711331e-04 -2.691193e-04
 8117.936918 7.613407e-01 2.372217e+00 2.353134e+00 8.684369e-02 -3.248955e-04 -2.844552e-04 -2.777513e-04 -2.693092e-04
 8121.100773 7.605605e-01 2.371939e+00 2.351348e+00 8.714450e-02 -3.277462e-04 -2.777756e-04 -2.741000e-04 -2.612164e-04
 8124.276820 7.604210e-01 2.374028e+00 2.352169e+00 8.737535e-02 -3.344984e-04 -2.698574e-04 -2.756984e-04 -2.636732e-04
 8127.465059 7.593222e-01 2.373279e+00 2.349174e+00 8.604019e-02 -3.302674e-04 -2.750580e-04 -2.796615e-04 -2.690181e-04
 8130.665490 7.585025e-01 2.373365e+00 2.349545e+00 8.709325e-02 -3.369754e-04 -2.758246e-04 -2.852309e-04 -2.709000e-04
 8133.878112 7.580646e-01 2.374707e+00 2.350094e+00 8.649929e-02 -3.311849e-04 -2.711238e-04 -2.793956e-04 -2.772491e-04
 8137.102927 7.575869e-01 2.375529e+00 2.350945e+00 8.698323e-02 -3.202316e-04 -2.755501e-04 -2.800385e-04 -2.854902e-04
 8140.339934 7.567589e-01 2.375834e+00 2.351449e+00 8.712323e-02 -3.163578e-04 -2.732772e-04 -2.738662e-04 -2.795519e-04
 8143.589132 7.562661e-01 2.376562e+00 2.352421e+00 8.740063e-02 -3.285384e-04 -2.657352e-04 -2.772489e-04 -2.860004e-04
 8146.850523 7.551799e-01 2.376052e+00 2.354227e+00 8.704512e-02 -3.297973e-04 -2.630035e-04 -2.804723e-04 -2.872976e-04
 8150.124105 7.547628e-01 2.377417e+00 2.360371e+00 8.761903e-02 -3.248386e-04 -2.716570e-04 -2.756120e-04 -2.927824e-04
 8153.409879 7.545980e-01 2.379411e+00 2.369094e+00 8.746513e-02 -3.259853e-04 -2.758813e-04 -2.710392e-04 -2.870869e-04
 8156.707845 7.537824e-01 2.379201e+00 2.379432e+00 8.728663e-02 -3.294683e-04 -2.837230e-04 -2.662332e-04 -2.864742e-04
 8160.018003 7.530624e-01 2.379785e+00 2.394376e+00 8.757340e-02 -3.301759e-04 -2.860458e-04 -2.861710e-04 -2.840725e-04
 8163.340353 7.525747e-01 2.380743e+00 2.411148e+00 8.754541e-02 -3.228705e-04 -2.780070e-04 -2.853678e-04 -2.750721e-04
 8166.674895 7.523354e-01 2.382628e+00 2.427509e+00 8.799177e-02 -3.275304e-04 -2.771050e-04 -2.782768e-04 -2.719391e-04
 8170.021629 7.514959e-01 2.382605e+00 2.440475e+00 8.709424e-02 -3.254637e-04 -2.796289e-04 -2.870295e-04 -2.691188e-04
 8173.380554 7.509554e-01 2.382893e+00 2.451907e+00 8.825736e-02 -3.195434e-04 -2.811132e-04 -2.839010e-04 -2.646062e-04
 8176.751672 7.504952e-01 2.384492e+00 2.462463e+00 8.713799e-02 -3.248335e-04 -2.799663e-04 -2.835872e-04 -2.666335e-04
 8180.134982 7.502154e-01 2.385914e+00 2.470023e+00 8.704959e-02 -3.271921e-04 -2.736834e-04 -2.792584e-04 -2.765654e-04
 8183.530483 7.489292e-01 2.384385e+00 2.475542e+00 8.840596e-02 -3.393878e-04 -2.871355e-04 -2.799215e-04 -2.788465e-04
 8186.938176 7.484655e-01 2.385058e+00 2.481430e+00 8.768681e-02 -3.475195e-04 -2.819686e-04 -2.748704e-04 -2.732935e-04
 8190.358061 7.487872e-01 2.388744e+00 2.492618e+00 8.716275e-02 -3.483259e-04 -2.763687e-04 -2.888028e-04 -2.684171e-04
 8193.790139 7.475839e-01 2.387821e+00 2.500306e+00 8.839738e-02 -3.537540e-04 -2.704237e-04 -2.819747e-04 -2.743366e-04
 8197.234408 7.468476e-01 2.388446e+00 2.512419e+00 8.779386e-02 -3.554008e-04 -2.812271e-04 -2.709698e-04 -2.723537e-04
 8200.690868 7.467059e-01 2.390747e+00 2.527883e+00 8.785436e-02 -3.485652e-04 -2.937352e-04 -2.747961e-04 -2.733361e-04
 8204.159521 7.460568e-01 2.391649e+00 2.540819e+00 8.810670e-02 -3.428579e-04 -2.934151e-04 -2.811542e-04 -2.711919e-04
 8207.640366 7.448674e-01 2.390666e+00 2.551346e+00 8.800441e-02 -3.348198e-04 -2.974890e-04 -2.854143e-04 -2.724094e-04
 8211.133403 7.446933e-01 2.392426e+00 2.562188e+00 8.755852e-02 -3.413984e-04 -2.714533e-04 -2.769130e-04 -2.757394e-04
 8214.638631 7.442627e-01 2.394131e+00 2.574694e+00 8.849142e-02 -3.451559e-04 -2.882260e-04 -2.726915e-04 -2.815133e-04
 8218.156052 7.430899e-01 2.393059e+00 2.585131e+00 8.777440e-02 -3.444654e-04 -2.915450e-04 -2.632359e-04 -2.769179e-04
 8221.685664 7.425600e-01 2.393542e+00 2.595991e+00 8.874504e-02 -3.279324e-04 -2.807304e-04 -2.677060e-04 -2.796042e-04
 8225.227468 7.419720e-01 2.394602e+00 2.606381e+00 8.806773e-02 -3.194342e-04 -2.734118e-04 -2.795951e-04 -2.855499e-04
 8228.781465 7.413571e-01 2.394963e+00 2.615095e+00 8.832773e-02 -3.275136e-04 -2.751093e-04 -2.703531e-04 -2.731995e-04
 8232.347653 7.406900e-01 2.395889e+00 2.622761e+00 8.814249e-02 -3.300912e-04 -2.774579e-04 -2.609191e-04 -2.624344e-04
 8235.926033 7.405527e-01 2.398847e+00 2.630504e+00 8.848191e-02 -3.346036e-04 -2.709351e-04 -2.590679e-04 -2.710368e-04
 8239.516605 7.392166e-01 2.397830e+00 2.632608e+00 8.876579e-02 -3.383573e-04 -2.689649e-04 -2.726718e-04 -2.706672e-04
 8243.119369 7.388388e-01 2.399980e+00 2.637188e+00 8.827751e-02 -3.399358e-04 -2.679515e-04 -2.678539e-04 -2.730863e-04
 8246.734324 7.382777e-01 2.401309e+00 2.640747e+00 8.917600e-02 -3.359483e-04 -2.755938e-04 -2.785501e-04 -2.705777e-04
 8250.361472 7.373755e-01 2.401129e+00 2.640139e+00 8.867740e-02 -3.337153e-04 -2.762940e-04 -2.829959e-04 -2.575081e-04
 8254.000811 7.369249e-01 2.401964e+00 2.640835e+00 8.898000e-02 -3.293388e-04 -2.773194e-04 -2.754839e-04 -2.618954e-04
 8257.652343 7.364262e-01 2.403266e+00 2.641553e+00 8.901715e-02 -3.235658e-04 -2.902388e-04 -2.688191e-04 -2.626854e-04
 8261.316066 7.358725e-01 2.404088e+00 2.643924e+00 8.857913e-02 -3.246092e-04 -2.904894e-04 -2.655457e-04 -2.610451e-04
 8264.991982 7.349783e-01 2.404346e+00 2.645735e+00 8.864474e-02 -3.250285e-04 -2.973006e-04 -2.739369e-04 -2.651999e-04
 8268.680089 7.344293e-01 2.404601e+00 2.652074e+00 8.896036e-02 -3.262186e-04 -2.888408e-04 -2.689542e-04 -2.528111e-04
 8272.380388 7.338227e-01 2.405812e+00 2.661983e+00 8.915156e-02 -3.237906e-04 -2.854125e-04 -2.624264e-04 -2.557757e-04
 8276.092879 7.307149e-01 2.398645e+00 2.666185e+00 8.855319e-02 -3.202216e-04 -2.800238e-04 -2.604789e-04 -2.627221e-04
 8279.817562 7.301317e-01 2.399324e+00 2.680654e+00 8.914215e-02 -3.212168e-04 -2.930970e-04 -2.580790e-04 -2.625236e-04
 8283.554437 7.316495e-01 2.407286e+00 2.701812e+00 8.838179e-02 -3.263819e-04 -2.970530e-04 -2.512645e-04 -2.627843e-04
 8287.303503 7.308355e-01 2.407837e+00 2.715148e+00 8.912852e-02 -3.253223e-04 -2.962881e-04 -2.556676e-04 -2.634894e-04
 8291.064762 7.302180e-01 2.408584e+00 2.727541e+00 8.948555e-02 -3.217990e-04 -2.937829e-04 -2.651334e-04 -2.612883e-04
 8294.838213 7.297410e-01 2.409733e+00 2.739840e+00 8.942610e-02 -3.243133e-04 -2.975007e-04 -2.646949e-04 -2.596164e-04
 8298.623855 7.290389e-01 2.410034e+00 2.751105e+00 8.949998e-02 -3.207256e-04 -2.956156e-04 -2.642266e-04 -2.695230e-04
 8302.421689 7.279974e-01 2.410572e+00 2.761460e+00 8.951568e-02 -3.179816e-04 -3.017929e-04 -2.658013e-04 -2.638232e-04
 8306.231716 7.275964e-01 2.411546e+00 2.772155e+00 8.931375e-02 -3.209373e-04 -2.848649e-04 -2.751175e-04 -2.596498e-04
 8310.053934 7.269059e-01 2.412024e+00 2.781669e+00 8.998932e-02 -3.206309e-04 -2.846650e-04 -2.732511e-04 -2.569874e-04
 8313.888344 7.258057e-01 2.411156e+00 2.788867e+00 8.909828e-02 -3.244769e-04 -2.931922e-04 -2.739227e-04 -2.599446e-04
 8317.734946 7.254702e-01 2.413183e+00 2.799858e+00 8.968945e-02 -3.306281e-04 -2.970709e-04 -2.704961e-04 -2.561580e-04
 8321.593740 7.240458e-01 2.410983e+00 2.806748e+00 8.861575e-02 -3.276346e-04 -2.993121e-04 -2.642620e-04 -2.587449e-04
 8325.464726 7.238871e-01 2.413660e+00 2.818481e+00 8.952358e-02 -3.261318e-04 -3.021502e-04 -2.670724e-04 -2.651299e-04
 8329.347903 7.233482e-01 2.415032e+00 2.829143e+00 8.970197e-02 -3.264001e-04 -2.977759e-04 -2.500322e-04 -2.676876e-04
 8333.243273 7.222342e-01 2.414232e+00 2.836989e+00 8.958541e-02 -3.356061e-04 -2.999050e-04 -2.523084e-04 -2.699135e-04
 8337.150835 7.212520e-01 2.414024e+00 2.846831e+00 8.946831e-02 -3.437686e-04 -2.988509e-04 -2.568608e-04 -2.774060e-04
 8341.070588 7.203183e-01 2.414172e+00 2.855709e+00 8.954482e-02 -3.455132e-04 -2.982542e-04 -2.434985e-04 -2.715723e-04
 8345.002533 7.191137e-01 2.412794e+00 2.863047e+00 8.953214e-02 -3.391000e-04 -2.936823e-04 -2.447992e-04 -2.682072e-04
 8348.946671 7.180545e-01 2.412426e+00 2.872060e+00 8.936977e-02 -3.374485e-04 -3.118233e-04 -2.533548e-04 -2.669072e-04
 8352.903000 7.171270e-01 2.412556e+00 2.880486e+00 8.934368e-02 -3.427033e-04 -2.953051e-04 -2.525400e-04 -2.709426e-04
 8356.871521 7.165431e-01 2.413238e+00 2.888601e+00 8.964719e-02 -3.336933e-04 -2.979678e-04 -2.541838e-04 -2.700121e-04
 8360.852234 7.162464e-01 2.415370e+00 2.900124e+00 9.019561e-02 -3.317759e-04 -2.970476e-04 -2.678555e-04 -2.642890e-04
 8364.845139 7.153969e-01 2.415428e+00 2.907927e+00 9.039631e-02 -3.361005e-04 -2.965555e-04 -2.627947e-04 -2.596994e-04
 8368.850236 7.149287e-01 2.417125e+00 2.917123e+00 8.926346e-02 -3.364891e-04 -2.958138e-04 -2.579371e-04 -2.633448e-04
 8372.867524 7.142646e-01 2.418250e+00 2.924434e+00 9.001803e-02 -3.342337e-04 -2.898204e-04 -2.530461e-04 -2.603838e-04
 8376.897005 7.140992e-01 2.420351e+00 2.932454e+00 9.040692e-02 -3.366371e-04 -2.887597e-04 -2.542610e-04 -2.522934e-04
 8380.938678 7.126877e-01 2.418303e+00 2.937170e+00 9.037939e-02 -3.377432e-04 -2.842433e-04 -2.509004e-04 -2.536600e-04
 8384.992542 7.121710e-01 2.419397e+00 2.944865e+00 9.030697e-02 -3.462148e-04 -2.851152e-04 -2.553435e-04 -2.547355e-04
 8389.058598 7.110857e-01 2.418392e+00 2.951413e+00 9.018100e-02 -3.501165e-04 -2.825751e-04 -2.572117e-04 -2.727685e-04
 8393.136847 7.096566e-01 2.417413e+00 2.956284e+00 9.065025e-02 -3.491689e-04 -2.771320e-04 -2.537363e-04 -2.680222e-04
 8397.227287 7.097494e-01 2.420665e+00 2.967122e+00 9.021047e-02 -3.448153e-04 -2.834414e-04 -2.504966e-04 -2.620243e-04
 8401.329919 7.074968e-01 2.415516e+00 2.968427e+00 9.027511e-02 -3.412090e-04 -2.888656e-04 -2.485315e-04 -2.658620e-04
 8405.444743 7.086706e-01 2.422976e+00 2.986186e+00 9.066694e-02 -3.373918e-04 -2.838316e-04 -2.486922e-04 -2.582604e-04
 8409.571759 7.064591e-01 2.418062e+00 2.989022e+00 9.059678e-02 -3.353870e-04 -2.969909e-04 -2.482053e-04 -2.518308e-04
 8413.710967 7.061178e-01 2.420046e+00 3.001025e+00 9.037090e-02 -3.363157e-04 -2.947304e-04 -2.572096e-04 -2.501232e-04
 8417.862366 7.062609e-01 2.423384e+00 3.013560e+00 9.021745e-02 -3.362534e-04 -2.979288e-04 -2.636621e-04 -2.546584e-04
 8422.025958 7.052453e-01 2.423203e+00 3.023011e+00 9.015533e-02 -3.372304e-04 -3.145745e-04 -2.549074e-04 -2.488491e-04
 8426.201742 7.044827e-01 2.423269e+00 3.033773e+00 9.089996e-02 -3.387087e-04 -3.171267e-04 -2.586158e-04 -2.525402e-04
 8430.389717 7.042530e-01 2.425825e+00 3.046686e+00 9.101375e-02 -3.384491e-04 -3.135978e-04 -2.614437e-04 -2.512396e-04
 8434.589884 7.034905e-01 2.425725e+00 3.056531e+00 9.087751e-02 -3.307309e-04 -3.133374e-04 -2.578126e-04 -2.520419e-04
 8438.802244 7.023194e-01 2.425228e+00 3.066017e+00 9.061781e-02 -3.397314e-04 -3.136743e-04 -2.604310e-04 -2.519653e-04
 8443.026795 7.016382e-01 2.426736e+00 3.077587e+00 9.070688e-02 -3.423896e-04 -3.111875e-04 -2.590334e-04 -2.472646e-04
 8447.263538 7.008830e-01 2.426793e+00 3.087077e+00 9.110199e-02 -3.354149e-04 -3.064585e-04 -2.660033e-04 -2.510798e-04
 8451.512473 6.999003e-01 2.426047e+00 3.097149e+00 9.104690e-02 -3.374455e-04 -2.915291e-04 -2.668048e-04 -2.557687e-04
 8455.773600 6.989020e-01 2.425653e+00 3.107802e+00 9.125404e-02 -3.398204e-04 -2.896328e-04 -2.563631e-04 -2.507752e-04
 8460.046919 6.982369e-01 2.426273e+00 3.118501e+00 9.098333e-02 -3.391641e-04 -2.976062e-04 -2.569737e-04 -2.519601e-04
 8464.332429 6.973260e-01 2.426231e+00 3.127867e+00 9.119679e-02 -3.375087e-04 -2.946856e-04 -2.657020e-04 -2.493627e-04
 8468.630132 6.965494e-01 2.426772e+00 3.137900e+00 9.137422e-02 -3.432791e-04 -2.967387e-04 -2.657289e-04 -2.516378e-04
 8472.940026 6.955798e-01 2.425648e+00 3.147425e+00 9.105831e-02 -3.442256e-04 -3.026210e-04 -2.601519e-04 -2.554333e-04
 8477.262113 6.952992e-01 2.427451e+00 3.158927e+00 9.140656e-02 -3.357741e-04 -2.962176e-04 -2.510717e-04 -2.561060e-04
 8481.596391 6.943298e-01 2.426553e+00 3.168358e+00 9.146543e-02 -3.266906e-04 -3.055906e-04 -2.655767e-04 -2.650705e-04
 8485.942861 6.937262e-01 2.427520e+00 3.181187e+00 9.121760e-02 -3.295430e-04 -2.984030e-04 -2.579809e-04 -2.882990e-04
 8490.301524 6.926207e-01 2.426489e+00 3.190093e+00 9.155453e-02 -3.400886e-04 -2.887360e-04 -2.510354e-04 -2.891115e-04
 8494.672378 6.916044e-01 2.425927e+00 3.198980e+00 9.174266e-02 -3.417480e-04 -2.902546e-04 -2.456808e-04 -2.945676e-04
 8499.055424 6.906481e-01 2.425537e+00 3.208152e+00 9.148683e-02 -3.493545e-04 -2.873790e-04 -2.524152e-04 -2.991241e-04
 8503.450662 6.895028e-01 2.423819e+00 3.215237e+00 9.126312e-02 -3.442645e-04 -2.756509e-04 -2.588374e-04 -2.989107e-04
 8507.858091 6.881276e-01 2.422258e+00 3.221436e+00 9.137048e-02 -3.494455e-04 -2.761667e-04 -2.589032e-04 -3.001816e-04
 8512.277713 6.849204e-01 2.414328e+00 3.219412e+00 9.105221e-02 -3.535470e-04 -2.977127e-04 -2.563188e-04 -3.003550e-04
 8516.709527 6.527006e-01 2.303897e+00 3.081680e+00 8.773727e-02 -3.499419e-04 -3.136380e-04 -2.518284e-04 -3.017563e-04
 8521.153532 6.435984e-01 2.275382e+00 3.051861e+00 8.558282e-02 -3.500509e-04 -3.181461e-04 -2.648519e-04 -2.850427e-04
 8525.609730 6.859173e-01 2.427602e+00 3.263228e+00 9.137311e-02 -3.429591e-04 -3.206615e-04 -2.740853e-04 -2.597337e-04
 8530.078119 6.865360e-01 2.433369e+00 3.279034e+00 9.129623e-02 -3.384732e-04 -3.069915e-04 -2.770910e-04 -2.619131e-04
 8534.558700 6.859705e-01 2.435237e+00 3.291098e+00 9.138357e-02 -3.406310e-04 -3.092862e-04 -2.823722e-04 -2.595000e-04
 8539.051473 6.850614e-01 2.435797e+00 3.302009e+00 9.184477e-02 -3.498913e-04 -2.914635e-04 -2.763670e-04 -2.631692e-04
 8543.556438 6.843341e-01 2.436470e+00 3.312079e+00 9.185602e-02 -3.395248e-04 -2.850115e-04 -2.783926e-04 -2.726195e-04
 8548.073595 6.831571e-01 2.435924e+00 3.320911e+00 9.171018e-02 -3.275457e-04 -2.842625e-04 -2.791401e-04 -2.683511e-04
 8552.602944 6.822453e-01 2.436211e+00 3.332280e+00 9.188115e-02 -3.341548e-04 -2.758848e-04 -2.747984e-04 -2.646578e-04
 8557.144485 6.813909e-01 2.436182e+00 3.341456e+00 9.231188e-02 -3.388973e-04 -2.582624e-04 -2.753938e-04 -2.604986e-04
 8561.698218 6.805403e-01 2.436551e+00 3.351078e+00 9.178993e-02 -3.335157e-04 -2.829989e-04 -2.802439e-04 -2.640539e-04
 8566.264142 6.795378e-01 2.435849e+00 3.358882e+00 9.186163e-02 -3.278799e-04 -2.744687e-04 -2.813839e-04 -2.603229e-04
 8570.842259 6.783879e-01 2.435009e+00 3.365757e+00 9.195157e-02 -3.286876e-04 -2.738303e-04 -2.745849e-04 -2.590893e-04
 8575.432567 6.775621e-01 2.434960e+00 3.375837e+00 9.220051e-02 -3.296737e-04 -2.758303e-04 -2.807380e-04 -2.748568e-04
 8580.035068 6.765457e-01 2.434505e+00 3.385746e+00 9.205214e-02 -3.338220e-04 -2.906659e-04 -2.828247e-04 -2.963233e-04
 8584.649760 6.754204e-01 2.433686e+00 3.395001e+00 9.191135e-02 -3.386707e-04 -2.951016e-04 -2.704722e-04 -2.918174e-04
 8589.276644 6.743773e-01 2.433130e+00 3.404743e+00 9.178381e-02 -3.418597e-04 -2.919160e-04 -2.641131e-04 -2.843367e-04
 8593.915720 6.731583e-01 2.431737e+00 3.413307e+00 9.239238e-02 -3.429457e-04 -2.824153e-04 -2.686949e-04 -3.177301e-04
 8598.566988 6.716668e-01 2.429175e+00 3.420799e+00 9.198422e-02 -3.421366e-04 -2.885109e-04 -2.737234e-04 -3.328197e-04
 8603.230448 6.689524e-01 2.422753e+00 3.422493e+00 9.163331e-02 -3.367599e-04 -2.899898e-04 -2.800911e-04 -3.252649e-04
 8607.906100 6.650124e-01 2.411535e+00 3.417506e+00 9.145923e-02 -3.306231e-04 -2.936170e-04 -2.810759e-04 -3.253493e-04
 8612.593943 6.425169e-01 2.332707e+00 3.316035e+00 8.866475e-02 -3.325236e-04 -2.940111e-04 -2.811467e-04 -3.218091e-04
 8617.293979 6.031548e-01 2.192944e+00 3.128657e+00 8.311150e-02 -3.375182e-04 -2.986913e-04 -2.864487e-04 -2.778959e-04
 8622.006206 6.782040e-01 2.467822e+00 3.529835e+00 9.362587e-02 -3.281543e-04 -3.048370e-04 -2.939320e-04 -2.649051e-04
 8626.730626 6.765153e-01 2.465521e+00 3.537337e+00 9.345423e-02 -3.319652e-04 -2.913504e-04 -2.957263e-04 -2.824850e-04
 8631.467237 6.736969e-01 2.458962e+00 3.537864e+00 9.347532e-02 -3.179325e-04 -2.807537e-04 -2.894378e-04 -2.777536e-04
 8636.216040 6.720631e-01 2.455955e+00 3.544255e+00 9.311112e-02 -3.200665e-04 -2.832292e-04 -2.787421e-04 -2.694080e-04
 8640.977036 6.707707e-01 2.454428e+00 3.552402e+00 9.335103e-02 -3.296002e-04 -2.845343e-04 -2.924982e-04 -2.837993e-04
 8645.750223 6.693134e-01 2.451785e+00 3.559196e+00 9.301689e-02 -3.308019e-04 -2.853385e-04 -2.821847e-04 -2.775780e-04
 8650.535602 6.680603e-01 2.450236e+00 3.567618e+00 9.326671e-02 -3.402780e-04 -2.908452e-04 -2.824064e-04 -2.716814e-04
 8655.333172 6.671232e-01 2.449371e+00 3.577092e+00 9.309771e-02 -3.404626e-04 -2.904516e-04 -2.767613e-04 -2.673380e-04
 8660.142935 6.660095e-01 2.448803e+00 3.586415e+00 9.310395e-02 -3.402818e-04 -2.869398e-04 -2.814080e-04 -2.706996e-04
 8664.964890 6.650321e-01 2.447518e+00 3.594439e+00 9.311133e-02 -3.361419e-04 -2.767034e-04 -2.795481e-04 -2.804375e-04
 8669.799037 5.854652e-01 2.154787e+00 3.173405e+00 8.221378e-02 -2.981698e-04 -2.449255e-04 -2.397238e-04 -2.576365e-04
 8674.645375 7.971327e-02 2.936479e-01 4.329491e-01 1.122718e-02 -4.133395e-05 -3.384849e-05 -3.323040e-05 -3.573246e-05
