# Facility: NSLS-II
# Beamline: QAS
# Year: 2022
# Cycle: 2
# SAF: 309337
# PI: Li
# Proposal: 309890
# Scan ID: 25069
# UID: 9e452267-37be-4ef9-b55e-cd7d797b76b1
# Comment: 
# Start time: 06/09/2022  18:12:05
# Stop time: 06/09/2022  18:12:37
# Total time: 00:31
# Trajectory name: Co-30s-7709.txt
# Element: Cobalt ( 27)
# Edge: K
# E0: 7709
# Reference Foil Element: Co
# Keithley Gains I0: 1E7 V/A It: 1E7 V/A Iref: 1E8 V/A PIPS: 1E8 V/A 
# Ion Chamber Gas Flow Rates: I0: 149.80 sccm He + 349.90 sccm N2 + 0.00 sccm Ar 
# Ion Chamber Gas Flow Rates: It&Iref: 399.70 sccm N2 + 100.10 sccm Ar
# Incident Beam Path Vertical: -27.48 mm
# Incident Slits Positions B: TOP: 1.0 mm Bottom: -1.0 mm Inboard: -1.5 mm Outboard: 1.5 mm
# Sample Stage Positions: Rotation: 45.0 deg Horizontal: -1.00 mm Vertical: 21.98 mm Beam Direction: 0.00 mm
# PerkinElmer Vertical Position: 500.00 mm
# Front End Mirror Horizontal Positions: Up: 14.00 mm Down: 14.00 mm
#
# energy  i0  it  ir  iff  aux1  aux2  aux3  aux4
 7517.822026 4.322932e-01 1.082670e+00 2.889773e+00 3.769612e-02 -1.590912e-04 -1.547405e-04 -1.379736e-04 -1.252661e-04
 7522.822026 8.547111e-01 2.143853e+00 5.730790e+00 7.466425e-02 -3.175912e-04 -3.099271e-04 -2.779296e-04 -2.562150e-04
 7527.822026 8.621804e-01 2.167623e+00 5.807714e+00 7.553198e-02 -3.258303e-04 -3.119342e-04 -2.979232e-04 -2.646360e-04
 7532.822026 8.617417e-01 2.171801e+00 5.833995e+00 7.561550e-02 -3.314897e-04 -3.174000e-04 -3.038282e-04 -2.680030e-04
 7537.822026 8.607931e-01 2.174231e+00 5.856691e+00 7.574453e-02 -3.303676e-04 -3.145188e-04 -3.075647e-04 -2.654705e-04
 7542.822026 8.602113e-01 2.177704e+00 5.881650e+00 7.590909e-02 -3.306815e-04 -3.042094e-04 -3.016544e-04 -2.618426e-04
 7547.822026 8.594854e-01 2.180731e+00 5.904431e+00 7.627742e-02 -3.312881e-04 -3.073683e-04 -3.056118e-04 -2.626455e-04
 7552.822026 8.582837e-01 2.182333e+00 5.923852e+00 7.614610e-02 -3.331503e-04 -3.121307e-04 -3.179544e-04 -2.637246e-04
 7557.822026 8.567123e-01 2.183346e+00 5.940475e+00 7.611033e-02 -3.336739e-04 -3.038186e-04 -3.043159e-04 -2.566433e-04
 7562.822026 8.559270e-01 2.186127e+00 5.963661e+00 7.622721e-02 -3.288574e-04 -3.061750e-04 -2.952170e-04 -2.490360e-04
 7567.822026 8.544630e-01 2.187104e+00 5.981510e+00 7.632658e-02 -3.330936e-04 -3.030458e-04 -2.797647e-04 -2.405427e-04
 7572.822026 8.548541e-01 2.193074e+00 6.011838e+00 7.636203e-02 -3.346298e-04 -2.918857e-04 -2.784281e-04 -2.431990e-04
 7577.822026 8.539044e-01 2.195896e+00 6.033239e+00 7.657213e-02 -3.324759e-04 -2.914610e-04 -2.903364e-04 -2.428818e-04
 7582.822026 8.528399e-01 2.198422e+00 6.054640e+00 7.683566e-02 -3.305093e-04 -3.012243e-04 -2.946172e-04 -2.359609e-04
 7587.822026 8.522664e-01 2.201801e+00 6.078519e+00 7.700312e-02 -3.254718e-04 -2.945045e-04 -2.872328e-04 -2.435915e-04
 7592.822026 8.511031e-01 2.202893e+00 6.094612e+00 7.692767e-02 -3.279170e-04 -2.940490e-04 -2.771503e-04 -2.498677e-04
 7597.822026 8.492510e-01 2.202686e+00 6.107600e+00 7.685839e-02 -3.327061e-04 -2.973431e-04 -2.832913e-04 -2.439496e-04
 7602.822026 8.471615e-01 2.202774e+00 6.123281e+00 7.683537e-02 -3.287714e-04 -2.942597e-04 -2.838783e-04 -2.480153e-04
 7607.822026 8.481042e-01 2.210350e+00 6.160317e+00 7.725687e-02 -3.340001e-04 -3.049007e-04 -2.814220e-04 -2.453474e-04
 7612.822026 8.475566e-01 2.214075e+00 6.183118e+00 7.757569e-02 -3.402026e-04 -3.113754e-04 -2.780270e-04 -2.472365e-04
 7617.822026 8.469892e-01 2.217291e+00 6.206943e+00 7.755258e-02 -3.402304e-04 -3.139202e-04 -2.802900e-04 -2.467862e-04
 7622.822026 8.462432e-01 2.219945e+00 6.230436e+00 7.756402e-02 -3.444355e-04 -3.200979e-04 -2.830908e-04 -2.610291e-04
 7627.822026 8.452678e-01 2.222279e+00 6.253173e+00 7.758275e-02 -3.445706e-04 -3.229470e-04 -2.807030e-04 -2.635448e-04
 7632.822026 8.442744e-01 2.224226e+00 6.272005e+00 7.782435e-02 -3.466188e-04 -3.209383e-04 -2.867444e-04 -2.511352e-04
 7637.822026 8.435340e-01 2.227258e+00 6.296659e+00 7.805318e-02 -3.410175e-04 -3.167900e-04 -2.956188e-04 -2.492464e-04
 7642.822026 8.428487e-01 2.230315e+00 6.320689e+00 7.811381e-02 -3.376372e-04 -3.127515e-04 -2.939039e-04 -2.577717e-04
 7647.822026 8.412491e-01 2.230499e+00 6.334596e+00 7.796926e-02 -3.330038e-04 -3.066554e-04 -2.858913e-04 -2.573705e-04
 7652.822026 8.402340e-01 2.232373e+00 6.353216e+00 7.792391e-02 -3.358165e-04 -3.125887e-04 -2.830415e-04 -2.591074e-04
 7657.822026 8.400680e-01 2.237043e+00 6.380025e+00 7.834394e-02 -3.336070e-04 -3.016067e-04 -2.928725e-04 -2.583100e-04
 7662.822026 8.391942e-01 2.239548e+00 6.399605e+00 7.819317e-02 -3.332019e-04 -2.958725e-04 -2.924413e-04 -2.672838e-04
 7667.822026 8.381976e-01 2.241944e+00 6.419561e+00 7.868462e-02 -3.359592e-04 -3.108456e-04 -2.903420e-04 -2.666075e-04
 7672.822026 8.378389e-01 2.245589e+00 6.443237e+00 7.845352e-02 -3.310409e-04 -3.149537e-04 -2.760185e-04 -2.628943e-04
 7677.822026 8.369479e-01 2.247409e+00 6.459640e+00 7.874897e-02 -3.283598e-04 -3.161063e-04 -2.782026e-04 -2.761712e-04
 7679.000000 8.368538e-01 2.248673e+00 6.465448e+00 7.911794e-02 -3.357838e-04 -3.187868e-04 -2.823339e-04 -2.861940e-04
 7680.000000 8.359129e-01 2.247038e+00 6.460970e+00 7.847371e-02 -3.370862e-04 -3.199524e-04 -2.957968e-04 -2.530060e-04
 7681.000000 8.358143e-01 2.247640e+00 6.464915e+00 7.871240e-02 -3.255702e-04 -3.149523e-04 -2.877888e-04 -2.555955e-04
 7682.000000 8.329470e-01 2.241159e+00 6.449236e+00 7.811457e-02 -3.283591e-04 -3.129319e-04 -2.855932e-04 -2.549749e-04
 7683.000000 8.227224e-01 2.214641e+00 6.375047e+00 7.808948e-02 -3.295011e-04 -3.177614e-04 -2.832441e-04 -2.527372e-04
 7684.000000 8.069379e-01 2.173080e+00 6.255009e+00 7.576283e-02 -3.241977e-04 -3.145811e-04 -2.904116e-04 -2.549217e-04
 7685.000000 8.324971e-01 2.242929e+00 6.455235e+00 7.846003e-02 -3.285362e-04 -3.141606e-04 -2.862415e-04 -2.473868e-04
 7686.000000 8.385561e-01 2.260370e+00 6.505605e+00 7.904666e-02 -3.382616e-04 -3.161817e-04 -2.753972e-04 -2.517544e-04
 7686.200000 8.442184e-01 2.277038e+00 6.552634e+00 7.816832e-02 -3.446283e-04 -3.103606e-04 -2.808014e-04 -2.507045e-04
 7686.400000 8.330636e-01 2.246278e+00 6.466928e+00 7.843996e-02 -3.331433e-04 -3.148225e-04 -2.871472e-04 -2.586190e-04
 7686.600000 8.415871e-01 2.268891e+00 6.536122e+00 8.067154e-02 -3.313953e-04 -3.252633e-04 -2.753606e-04 -2.578433e-04
 7686.800000 8.388897e-01 2.262546e+00 6.514434e+00 7.547830e-02 -3.284460e-04 -3.167472e-04 -2.967950e-04 -2.611813e-04
 7687.000000 8.407773e-01 2.267705e+00 6.531707e+00 8.218441e-02 -3.388786e-04 -3.187449e-04 -2.849784e-04 -2.639985e-04
 7687.200000 8.390386e-01 2.262821e+00 6.514297e+00 8.111767e-02 -3.408662e-04 -3.216454e-04 -2.803938e-04 -2.690893e-04
 7687.400000 8.425491e-01 2.272917e+00 6.545888e+00 7.607095e-02 -3.385154e-04 -3.228396e-04 -2.999848e-04 -2.729460e-04
 7687.600000 8.310924e-01 2.241771e+00 6.457243e+00 7.847105e-02 -3.317578e-04 -3.238077e-04 -2.811466e-04 -2.472683e-04
 7687.800000 8.393658e-01 2.264091e+00 6.519324e+00 7.948974e-02 -3.292816e-04 -3.309299e-04 -2.790723e-04 -2.618112e-04
 7688.000000 8.199886e-01 2.211940e+00 6.370794e+00 7.628132e-02 -3.211249e-04 -3.234368e-04 -2.858915e-04 -2.737928e-04
 7688.200000 8.454028e-01 2.281704e+00 6.571985e+00 7.980232e-02 -3.288725e-04 -3.291740e-04 -3.045267e-04 -2.840748e-04
 7688.400000 8.374845e-01 2.260370e+00 6.511674e+00 7.765755e-02 -3.436651e-04 -3.316281e-04 -2.929737e-04 -2.838448e-04
 7688.600000 8.385432e-01 2.264284e+00 6.520774e+00 7.942884e-02 -3.436759e-04 -3.325229e-04 -2.962375e-04 -2.937625e-04
 7688.800000 8.364645e-01 2.257410e+00 6.498016e+00 8.051806e-02 -3.438993e-04 -3.279359e-04 -2.786768e-04 -2.930009e-04
 7689.000000 8.314820e-01 2.243957e+00 6.461790e+00 7.687637e-02 -3.445909e-04 -3.280273e-04 -2.811350e-04 -2.818747e-04
 7689.200000 8.426989e-01 2.274445e+00 6.553256e+00 8.155935e-02 -3.444494e-04 -3.247837e-04 -2.862569e-04 -2.820299e-04
 7689.400000 8.337987e-01 2.251530e+00 6.486229e+00 8.014970e-02 -3.315759e-04 -3.261351e-04 -2.767919e-04 -2.665382e-04
 7689.600000 8.397094e-01 2.267103e+00 6.530159e+00 8.050052e-02 -3.419345e-04 -3.278934e-04 -2.784563e-04 -2.651389e-04
 7689.800000 8.367552e-01 2.259333e+00 6.507639e+00 7.924027e-02 -3.250590e-04 -3.207085e-04 -2.649804e-04 -2.589642e-04
 7690.000000 8.397549e-01 2.267590e+00 6.532262e+00 8.085667e-02 -3.339968e-04 -3.180658e-04 -2.729523e-04 -2.729434e-04
 7690.200000 8.339295e-01 2.251032e+00 6.489456e+00 7.608284e-02 -3.331383e-04 -3.235633e-04 -2.792608e-04 -2.757173e-04
 7690.400000 8.369612e-01 2.260790e+00 6.513588e+00 7.770243e-02 -3.322849e-04 -3.203576e-04 -2.719161e-04 -2.762374e-04
 7690.600000 8.363824e-01 2.258883e+00 6.509427e+00 8.177238e-02 -3.407966e-04 -3.308526e-04 -2.715622e-04 -2.725645e-04
 7690.800000 8.291188e-01 2.239438e+00 6.449955e+00 7.823129e-02 -3.322850e-04 -3.236432e-04 -2.760701e-04 -2.736119e-04
 7691.000000 8.414343e-01 2.272109e+00 6.545118e+00 8.122838e-02 -3.260146e-04 -3.291059e-04 -2.746325e-04 -2.721816e-04
 7691.200000 8.363348e-01 2.259679e+00 6.509752e+00 7.809415e-02 -3.284947e-04 -3.260919e-04 -2.749337e-04 -2.828487e-04
 7691.400000 8.307320e-01 2.245438e+00 6.466497e+00 7.802489e-02 -3.258089e-04 -3.155820e-04 -2.899775e-04 -2.864066e-04
 7691.600000 8.399729e-01 2.269718e+00 6.539374e+00 8.333791e-02 -3.251933e-04 -3.224020e-04 -2.893102e-04 -2.935294e-04
 7691.800000 8.373984e-01 2.262699e+00 6.519213e+00 8.183060e-02 -3.197235e-04 -3.280768e-04 -2.891153e-04 -3.027015e-04
 7692.000000 8.332841e-01 2.251057e+00 6.487443e+00 7.718427e-02 -3.271985e-04 -3.258297e-04 -3.016611e-04 -2.942358e-04
 7692.200000 8.412497e-01 2.272170e+00 6.546060e+00 7.997003e-02 -3.221920e-04 -3.260182e-04 -2.891547e-04 -2.860967e-04
 7692.400000 8.375500e-01 2.263972e+00 6.520868e+00 7.868558e-02 -3.233559e-04 -3.156485e-04 -2.900846e-04 -2.768119e-04
 7692.600000 8.346321e-01 2.255697e+00 6.496476e+00 7.796506e-02 -3.400467e-04 -3.137180e-04 -3.044708e-04 -2.721172e-04
 7692.800000 8.348375e-01 2.257001e+00 6.498672e+00 7.790632e-02 -3.404841e-04 -3.156616e-04 -3.023414e-04 -2.718226e-04
 7693.000000 8.346951e-01 2.255317e+00 6.494936e+00 8.174509e-02 -3.312786e-04 -3.266005e-04 -2.734105e-04 -2.702784e-04
 7693.200000 8.399690e-01 2.270300e+00 6.540147e+00 7.946946e-02 -3.278634e-04 -3.337839e-04 -2.773180e-04 -2.823600e-04
 7693.400000 8.339675e-01 2.254307e+00 6.495479e+00 7.960913e-02 -3.291105e-04 -3.147099e-04 -2.780697e-04 -2.886213e-04
 7693.600000 8.383051e-01 2.266229e+00 6.525461e+00 7.999113e-02 -3.291734e-04 -3.150814e-04 -2.741350e-04 -2.918296e-04
 7693.800000 8.365099e-01 2.262306e+00 6.513007e+00 7.942463e-02 -3.377020e-04 -3.143303e-04 -2.734295e-04 -2.926321e-04
 7694.000000 8.353586e-01 2.260012e+00 6.508209e+00 7.712365e-02 -3.322912e-04 -3.080190e-04 -2.747993e-04 -2.954609e-04
 7694.200000 8.350139e-01 2.258486e+00 6.503005e+00 7.830861e-02 -3.224266e-04 -3.080168e-04 -2.850737e-04 -2.890594e-04
 7694.400000 8.317571e-01 2.250018e+00 6.476341e+00 7.975185e-02 -3.278318e-04 -3.097919e-04 -2.834978e-04 -2.857994e-04
 7694.600000 8.381241e-01 2.266882e+00 6.527549e+00 8.043178e-02 -3.370619e-04 -3.159283e-04 -2.691950e-04 -2.854573e-04
 7694.800000 8.396228e-01 2.271157e+00 6.538002e+00 7.589070e-02 -3.464641e-04 -3.172045e-04 -2.862874e-04 -3.040205e-04
 7695.000000 8.382767e-01 2.267600e+00 6.524493e+00 7.993861e-02 -3.545770e-04 -3.133696e-04 -2.816463e-04 -3.083540e-04
 7695.200000 8.319141e-01 2.250558e+00 6.477873e+00 8.114979e-02 -3.382192e-04 -3.166832e-04 -2.751710e-04 -3.095622e-04
 7695.400000 8.336525e-01 2.255793e+00 6.492137e+00 7.840938e-02 -3.515550e-04 -3.253482e-04 -2.763885e-04 -3.019230e-04
 7695.600000 8.332149e-01 2.255174e+00 6.488533e+00 8.131858e-02 -3.468767e-04 -3.214060e-04 -2.871640e-04 -2.927447e-04
 7695.800000 8.373307e-01 2.266800e+00 6.522799e+00 8.012003e-02 -3.389799e-04 -3.281304e-04 -2.901641e-04 -2.948701e-04
 7696.000000 8.388158e-01 2.271229e+00 6.533114e+00 8.016005e-02 -3.410644e-04 -3.288025e-04 -2.717988e-04 -2.939003e-04
 7696.200000 8.341050e-01 2.258267e+00 6.497093e+00 7.936568e-02 -3.394702e-04 -3.285918e-04 -2.805518e-04 -3.014865e-04
 7696.400000 8.363556e-01 2.265003e+00 6.513686e+00 7.888927e-02 -3.480890e-04 -3.389496e-04 -2.816331e-04 -3.045534e-04
 7696.600000 8.290986e-01 2.244373e+00 6.455557e+00 7.908153e-02 -3.382158e-04 -3.355489e-04 -2.847426e-04 -3.017468e-04
 7696.800000 8.330333e-01 2.255163e+00 6.486267e+00 7.865639e-02 -3.302271e-04 -3.415745e-04 -2.826236e-04 -2.972205e-04
 7697.000000 8.350917e-01 2.260874e+00 6.503195e+00 7.881438e-02 -3.412621e-04 -3.345987e-04 -2.877394e-04 -2.823670e-04
 7697.200000 8.362070e-01 2.265344e+00 6.508917e+00 8.100864e-02 -3.458852e-04 -3.401572e-04 -2.865684e-04 -2.822762e-04
 7697.400000 8.332281e-01 2.257741e+00 6.489687e+00 8.080799e-02 -3.432722e-04 -3.460315e-04 -2.848294e-04 -2.829780e-04
 7697.600000 8.310954e-01 2.252255e+00 6.475960e+00 7.654555e-02 -3.401060e-04 -3.444058e-04 -2.988978e-04 -2.900739e-04
 7697.800000 8.349124e-01 2.262499e+00 6.504643e+00 7.964235e-02 -3.394186e-04 -3.368742e-04 -2.982463e-04 -2.999782e-04
 7698.000000 8.384806e-01 2.271778e+00 6.528181e+00 8.091864e-02 -3.384005e-04 -3.296670e-04 -3.037724e-04 -2.945829e-04
 7698.200000 8.372261e-01 2.268991e+00 6.519049e+00 8.028252e-02 -3.392064e-04 -3.290659e-04 -2.840984e-04 -2.936716e-04
 7698.400000 8.339170e-01 2.260001e+00 6.488704e+00 7.897409e-02 -3.392125e-04 -3.233883e-04 -2.747601e-04 -2.799367e-04
 7698.600000 8.335899e-01 2.258769e+00 6.486836e+00 7.989698e-02 -3.404255e-04 -3.279251e-04 -2.829908e-04 -2.817971e-04
 7698.800000 8.321080e-01 2.255293e+00 6.471800e+00 7.757399e-02 -3.402389e-04 -3.264046e-04 -2.970380e-04 -2.790310e-04
 7699.000000 8.354672e-01 2.264267e+00 6.502284e+00 7.926693e-02 -3.381763e-04 -3.274053e-04 -2.853377e-04 -2.829133e-04
 7699.200000 8.369653e-01 2.268855e+00 6.509036e+00 7.957921e-02 -3.348536e-04 -3.224921e-04 -2.816144e-04 -2.879093e-04
 7699.400000 8.334188e-01 2.259855e+00 6.484820e+00 8.026736e-02 -3.489965e-04 -3.115516e-04 -2.694126e-04 -2.900111e-04
 7699.600000 8.295055e-01 2.249228e+00 6.453175e+00 7.903543e-02 -3.427742e-04 -3.110445e-04 -2.782444e-04 -2.780464e-04
 7699.800000 8.364240e-01 2.268129e+00 6.506058e+00 7.911072e-02 -3.378767e-04 -3.262444e-04 -2.916147e-04 -2.813869e-04
 7700.000000 8.353133e-01 2.265140e+00 6.493170e+00 7.792069e-02 -3.371040e-04 -3.283683e-04 -2.928011e-04 -2.766020e-04
 7700.200000 8.335544e-01 2.261167e+00 6.480572e+00 8.024370e-02 -3.366791e-04 -3.191416e-04 -2.972643e-04 -2.748912e-04
 7700.400000 8.310763e-01 2.254976e+00 6.462372e+00 7.912760e-02 -3.302254e-04 -3.144462e-04 -3.030101e-04 -2.801092e-04
 7700.600000 8.361543e-01 2.268045e+00 6.500891e+00 8.067932e-02 -3.368211e-04 -3.182564e-04 -2.969436e-04 -2.755218e-04
 7700.800000 8.342954e-01 2.262973e+00 6.484038e+00 7.939467e-02 -3.311943e-04 -3.174284e-04 -2.804381e-04 -2.746200e-04
 7701.000000 8.358291e-01 2.267637e+00 6.491115e+00 7.952879e-02 -3.287365e-04 -3.147358e-04 -2.883471e-04 -2.773412e-04
 7701.200000 8.311602e-01 2.255732e+00 6.454811e+00 7.792270e-02 -3.352986e-04 -3.160493e-04 -2.793119e-04 -2.744293e-04
 7701.400000 8.341350e-01 2.263724e+00 6.475310e+00 8.059969e-02 -3.427352e-04 -3.145871e-04 -2.903367e-04 -2.777367e-04
 7701.600000 8.357601e-01 2.267863e+00 6.484987e+00 7.939126e-02 -3.439902e-04 -3.110109e-04 -2.960093e-04 -2.807077e-04
 7701.800000 8.357024e-01 2.268447e+00 6.482921e+00 7.786847e-02 -3.463191e-04 -3.207065e-04 -2.955768e-04 -2.729232e-04
 7702.000000 8.332752e-01 2.262330e+00 6.462087e+00 8.092097e-02 -3.491086e-04 -3.297466e-04 -2.918563e-04 -2.674086e-04
 7702.200000 8.349124e-01 2.266821e+00 6.472668e+00 7.984427e-02 -3.540411e-04 -3.171433e-04 -2.947672e-04 -2.718021e-04
 7702.400000 8.380644e-01 2.275500e+00 6.492892e+00 7.932421e-02 -3.424469e-04 -3.118304e-04 -2.984849e-04 -2.734735e-04
 7702.600000 8.381555e-01 2.275861e+00 6.489431e+00 7.800361e-02 -3.488727e-04 -3.159036e-04 -3.054297e-04 -2.852126e-04
 7702.800000 8.310513e-01 2.256955e+00 6.435903e+00 8.016838e-02 -3.435377e-04 -3.170636e-04 -2.987570e-04 -2.755991e-04
 7703.000000 8.326781e-01 2.261584e+00 6.441680e+00 8.000028e-02 -3.420270e-04 -3.156258e-04 -2.919867e-04 -2.853232e-04
 7703.200000 8.301291e-01 2.254056e+00 6.417782e+00 7.776058e-02 -3.325970e-04 -3.072073e-04 -2.963360e-04 -2.906925e-04
 7703.400000 8.342918e-01 2.265747e+00 6.444778e+00 8.079390e-02 -3.327488e-04 -3.148622e-04 -2.961965e-04 -2.895226e-04
 7703.600000 8.299872e-01 2.253734e+00 6.404224e+00 7.844792e-02 -3.351276e-04 -3.176074e-04 -2.852572e-04 -2.810713e-04
 7703.800000 8.254642e-01 2.242486e+00 6.365179e+00 7.939374e-02 -3.448866e-04 -3.158888e-04 -2.816871e-04 -2.800388e-04
 7704.000000 8.316738e-01 2.259766e+00 6.408787e+00 7.912727e-02 -3.408071e-04 -3.102438e-04 -2.712881e-04 -2.812545e-04
 7704.200000 8.303301e-01 2.256353e+00 6.393321e+00 7.869303e-02 -3.354276e-04 -3.041004e-04 -2.666627e-04 -2.809308e-04
 7704.400000 8.349725e-01 2.268579e+00 6.420503e+00 8.048252e-02 -3.368276e-04 -3.045176e-04 -2.806960e-04 -2.849376e-04
 7704.600000 8.369252e-01 2.273651e+00 6.429403e+00 7.881675e-02 -3.323098e-04 -3.009943e-04 -2.773075e-04 -2.927541e-04
 7704.800000 8.352438e-01 2.269585e+00 6.405675e+00 7.867947e-02 -3.291114e-04 -3.145939e-04 -2.668697e-04 -2.874039e-04
 7705.000000 8.344454e-01 2.267269e+00 6.388454e+00 7.986858e-02 -3.421349e-04 -3.112345e-04 -2.593992e-04 -2.856864e-04
 7705.200000 8.360379e-01 2.271755e+00 6.391013e+00 7.949351e-02 -3.370515e-04 -3.078167e-04 -2.732328e-04 -2.893950e-04
 7705.400000 8.352024e-01 2.269995e+00 6.370634e+00 8.044086e-02 -3.351409e-04 -3.080459e-04 -2.775343e-04 -2.754495e-04
 7705.600000 8.335208e-01 2.265683e+00 6.341555e+00 7.748104e-02 -3.370449e-04 -3.147884e-04 -2.718648e-04 -2.790504e-04
 7705.800000 8.303624e-01 2.257022e+00 6.302922e+00 7.957984e-02 -3.443527e-04 -3.143466e-04 -2.786661e-04 -2.715920e-04
 7706.000000 8.353930e-01 2.271426e+00 6.325119e+00 8.035424e-02 -3.532637e-04 -3.100116e-04 -2.780240e-04 -2.813622e-04
 7706.200000 8.310563e-01 2.259192e+00 6.269630e+00 8.050391e-02 -3.365935e-04 -3.169155e-04 -2.608250e-04 -2.773747e-04
 7706.400000 8.309360e-01 2.259193e+00 6.242841e+00 7.928644e-02 -3.394546e-04 -3.091522e-04 -2.546043e-04 -2.803268e-04
 7706.600000 8.350192e-01 2.270543e+00 6.244054e+00 7.884781e-02 -3.373564e-04 -3.159603e-04 -2.646909e-04 -2.857241e-04
 7706.800000 8.325115e-01 2.263760e+00 6.183798e+00 8.054428e-02 -3.401518e-04 -3.102034e-04 -2.737986e-04 -2.812200e-04
 7707.000000 8.347229e-01 2.270383e+00 6.154944e+00 7.808382e-02 -3.437268e-04 -2.901600e-04 -2.810300e-04 -2.919135e-04
 7707.200000 8.351935e-01 2.271425e+00 6.096628e+00 8.105321e-02 -3.458863e-04 -2.980732e-04 -2.707348e-04 -2.873214e-04
 7707.400000 8.323174e-01 2.263976e+00 5.998259e+00 7.845604e-02 -3.420877e-04 -3.003852e-04 -2.629599e-04 -2.797413e-04
 7707.600000 8.359327e-01 2.273627e+00 5.930971e+00 7.906205e-02 -3.313572e-04 -2.930387e-04 -2.576167e-04 -2.836099e-04
 7707.800000 8.334084e-01 2.266580e+00 5.794231e+00 8.021131e-02 -3.284854e-04 -2.997565e-04 -2.679836e-04 -2.882482e-04
 7708.000000 8.325996e-01 2.264577e+00 5.657534e+00 7.896504e-02 -3.323915e-04 -3.104651e-04 -2.631640e-04 -2.794005e-04
 7708.200000 8.318631e-01 2.262701e+00 5.505094e+00 7.954861e-02 -3.428253e-04 -3.075691e-04 -2.801483e-04 -2.810036e-04
 7708.400000 8.329459e-01 2.265577e+00 5.365121e+00 7.930651e-02 -3.421259e-04 -3.114945e-04 -2.909245e-04 -2.837091e-04
 7708.600000 8.320763e-01 2.263625e+00 5.209635e+00 8.009203e-02 -3.475127e-04 -3.086322e-04 -3.001965e-04 -2.905030e-04
 7708.800000 8.313391e-01 2.261888e+00 5.065678e+00 7.983432e-02 -3.471658e-04 -3.028593e-04 -3.051873e-04 -2.793529e-04
 7709.000000 8.354554e-01 2.272661e+00 4.956599e+00 7.930234e-02 -3.479011e-04 -3.065720e-04 -2.967718e-04 -2.706334e-04
 7709.200000 8.323051e-01 2.264040e+00 4.804543e+00 7.939375e-02 -3.469159e-04 -3.024496e-04 -2.937192e-04 -2.765761e-04
 7709.400000 8.328574e-01 2.265481e+00 4.688814e+00 7.910049e-02 -3.502189e-04 -3.080395e-04 -2.891722e-04 -2.797937e-04
 7709.600000 8.324418e-01 2.265297e+00 4.573609e+00 8.029623e-02 -3.413207e-04 -3.161744e-04 -2.821559e-04 -2.670298e-04
 7709.800000 8.316271e-01 2.264447e+00 4.463711e+00 7.999142e-02 -3.408826e-04 -3.107148e-04 -2.747673e-04 -2.540002e-04
 7710.000000 8.324082e-01 2.267073e+00 4.367088e+00 7.978101e-02 -3.391650e-04 -3.029138e-04 -2.684861e-04 -2.510479e-04
 7710.200000 8.320766e-01 2.266328e+00 4.273883e+00 7.817873e-02 -3.405215e-04 -3.022141e-04 -2.746837e-04 -2.541500e-04
 7710.400000 8.330122e-01 2.269154e+00 4.195285e+00 7.924046e-02 -3.468982e-04 -2.995235e-04 -2.803880e-04 -2.661567e-04
 7710.600000 8.329420e-01 2.269825e+00 4.121551e+00 7.944142e-02 -3.414388e-04 -2.948627e-04 -2.903362e-04 -2.573883e-04
 7710.800000 8.327955e-01 2.269938e+00 4.054284e+00 7.954702e-02 -3.390628e-04 -3.020109e-04 -2.883057e-04 -2.652802e-04
 7711.000000 8.324577e-01 2.269214e+00 3.994824e+00 7.974362e-02 -3.430832e-04 -2.940700e-04 -2.773722e-04 -2.691005e-04
 7711.200000 8.323542e-01 2.269457e+00 3.945327e+00 8.005285e-02 -3.442642e-04 -3.001861e-04 -2.813456e-04 -2.652519e-04
 7711.400000 8.339173e-01 2.273842e+00 3.911560e+00 7.959452e-02 -3.354134e-04 -2.907935e-04 -2.797161e-04 -2.653659e-04
 7711.600000 8.333021e-01 2.272479e+00 3.870684e+00 7.995211e-02 -3.450044e-04 -2.950962e-04 -2.752916e-04 -2.494357e-04
 7711.800000 8.332804e-01 2.272156e+00 3.842001e+00 8.002551e-02 -3.494533e-04 -3.021638e-04 -2.799459e-04 -2.556883e-04
 7712.000000 8.330149e-01 2.270561e+00 3.818140e+00 7.961904e-02 -3.305446e-04 -3.086284e-04 -3.034124e-04 -2.699483e-04
 7712.200000 8.339489e-01 2.272970e+00 3.803670e+00 7.974357e-02 -3.298995e-04 -3.037686e-04 -3.039152e-04 -2.656005e-04
 7712.400000 8.330356e-01 2.270446e+00 3.785761e+00 7.923329e-02 -3.259862e-04 -3.019616e-04 -2.876268e-04 -2.757404e-04
 7712.600000 8.332845e-01 2.271427e+00 3.776402e+00 7.964888e-02 -3.419032e-04 -3.070642e-04 -2.774934e-04 -2.715650e-04
 7712.800000 8.351096e-01 2.276433e+00 3.777632e+00 8.066749e-02 -3.432582e-04 -3.143057e-04 -2.814584e-04 -2.724295e-04
 7713.000000 8.330521e-01 2.271108e+00 3.759797e+00 8.014410e-02 -3.446776e-04 -3.141405e-04 -2.681147e-04 -2.739135e-04
 7713.200000 8.326161e-01 2.270115e+00 3.750464e+00 7.927346e-02 -3.401813e-04 -3.110398e-04 -2.806143e-04 -2.749422e-04
 7713.400000 8.329466e-01 2.271608e+00 3.739971e+00 7.984051e-02 -3.399587e-04 -3.084826e-04 -2.742316e-04 -2.693140e-04
 7713.600000 8.333188e-01 2.272443e+00 3.727459e+00 8.017424e-02 -3.435849e-04 -3.119713e-04 -2.714914e-04 -2.711019e-04
 7713.800000 8.321863e-01 2.269289e+00 3.704480e+00 7.913485e-02 -3.385346e-04 -2.997434e-04 -2.727650e-04 -2.657991e-04
 7714.000000 8.324138e-01 2.270402e+00 3.678369e+00 8.018419e-02 -3.424570e-04 -2.997818e-04 -2.711173e-04 -2.747752e-04
 7714.200000 8.326490e-01 2.271174e+00 3.649253e+00 7.977446e-02 -3.393995e-04 -2.948060e-04 -2.870082e-04 -2.736233e-04
 7714.400000 8.306478e-01 2.265660e+00 3.605178e+00 7.901437e-02 -3.374127e-04 -2.952721e-04 -2.895957e-04 -2.685726e-04
 7714.600000 8.315063e-01 2.268366e+00 3.569640e+00 7.931021e-02 -3.390945e-04 -2.951133e-04 -2.829192e-04 -2.693517e-04
 7714.800000 8.326790e-01 2.271309e+00 3.531313e+00 7.996088e-02 -3.385915e-04 -2.961520e-04 -2.863902e-04 -2.771998e-04
 7715.000000 8.330136e-01 2.272058e+00 3.487370e+00 7.900168e-02 -3.365903e-04 -3.065294e-04 -2.783826e-04 -2.724601e-04
 7715.200000 8.327957e-01 2.271210e+00 3.437191e+00 7.945403e-02 -3.402333e-04 -3.056151e-04 -2.718735e-04 -2.696299e-04
 7715.400000 8.320933e-01 2.269932e+00 3.385199e+00 7.952334e-02 -3.385134e-04 -2.973276e-04 -2.655855e-04 -2.773404e-04
 7715.600000 8.339223e-01 2.275066e+00 3.344605e+00 7.969815e-02 -3.370121e-04 -3.028719e-04 -2.955734e-04 -2.845798e-04
 7715.800000 8.321775e-01 2.270763e+00 3.287334e+00 7.978531e-02 -3.314277e-04 -3.039682e-04 -2.840862e-04 -2.821937e-04
 7716.000000 8.299052e-01 2.264915e+00 3.229714e+00 7.939002e-02 -3.262568e-04 -3.004812e-04 -2.808301e-04 -2.863803e-04
 7716.200000 8.315196e-01 2.269135e+00 3.190423e+00 7.875306e-02 -3.329106e-04 -2.981603e-04 -2.684107e-04 -2.807357e-04
 7716.400000 8.306041e-01 2.266223e+00 3.140705e+00 8.099824e-02 -3.337277e-04 -2.986478e-04 -2.841301e-04 -2.814469e-04
 7716.600000 8.311721e-01 2.267712e+00 3.099451e+00 7.962937e-02 -3.360600e-04 -2.985762e-04 -2.856187e-04 -2.823355e-04
 7716.800000 8.326260e-01 2.272168e+00 3.062197e+00 8.053094e-02 -3.272991e-04 -2.975687e-04 -2.811968e-04 -2.896604e-04
 7717.000000 8.322839e-01 2.271172e+00 3.015825e+00 8.068136e-02 -3.391691e-04 -3.025237e-04 -2.807391e-04 -2.838384e-04
 7717.200000 8.290743e-01 2.262951e+00 2.961110e+00 7.894869e-02 -3.395012e-04 -2.912446e-04 -2.790804e-04 -2.819848e-04
 7717.400000 8.322542e-01 2.271941e+00 2.928324e+00 7.897579e-02 -3.334375e-04 -2.914612e-04 -2.822168e-04 -2.752528e-04
 7717.600000 8.280500e-01 2.260420e+00 2.871105e+00 7.951665e-02 -3.331219e-04 -2.966433e-04 -2.870508e-04 -2.667644e-04
 7717.800000 8.301423e-01 2.266474e+00 2.836129e+00 7.870129e-02 -3.288075e-04 -2.933779e-04 -2.867288e-04 -2.682957e-04
 7718.000000 8.303207e-01 2.267688e+00 2.791982e+00 8.008852e-02 -3.376294e-04 -2.914049e-04 -2.974142e-04 -2.706475e-04
 7718.200000 8.304231e-01 2.267221e+00 2.748198e+00 7.986826e-02 -3.313656e-04 -2.864978e-04 -2.922222e-04 -2.709230e-04
 7718.400000 8.323303e-01 2.272556e+00 2.711145e+00 7.981897e-02 -3.408953e-04 -2.919621e-04 -2.879389e-04 -2.776805e-04
 7718.600000 8.301654e-01 2.267434e+00 2.661676e+00 8.021520e-02 -3.475966e-04 -3.001308e-04 -2.788839e-04 -2.740474e-04
 7718.800000 8.311955e-01 2.270402e+00 2.623024e+00 7.985844e-02 -3.426438e-04 -2.959731e-04 -2.761218e-04 -2.697563e-04
 7719.000000 8.307803e-01 2.269396e+00 2.578011e+00 8.009562e-02 -3.354962e-04 -2.897575e-04 -2.759970e-04 -2.639865e-04
 7719.200000 8.289063e-01 2.264422e+00 2.527435e+00 7.980710e-02 -3.360682e-04 -2.889203e-04 -2.839187e-04 -2.602066e-04
 7719.400000 8.320695e-01 2.273039e+00 2.494122e+00 7.818104e-02 -3.348084e-04 -2.859879e-04 -2.812803e-04 -2.634096e-04
 7719.600000 8.284010e-01 2.264076e+00 2.439312e+00 8.056155e-02 -3.264329e-04 -2.943895e-04 -2.948735e-04 -2.658497e-04
 7719.800000 8.322021e-01 2.274455e+00 2.406266e+00 7.964627e-02 -3.260003e-04 -2.984021e-04 -2.776057e-04 -2.650904e-04
 7720.000000 8.314329e-01 2.272369e+00 2.360871e+00 7.921228e-02 -3.306606e-04 -2.969646e-04 -2.813485e-04 -2.676548e-04
 7720.200000 8.303296e-01 2.268988e+00 2.312090e+00 7.887862e-02 -3.337877e-04 -2.962588e-04 -2.939241e-04 -2.705366e-04
 7720.400000 8.284260e-01 2.264919e+00 2.264106e+00 7.859465e-02 -3.264756e-04 -2.923664e-04 -2.941285e-04 -2.615313e-04
 7720.600000 8.306129e-01 2.270767e+00 2.225621e+00 8.122117e-02 -3.239076e-04 -2.987232e-04 -2.970260e-04 -2.644385e-04
 7720.800000 8.292114e-01 2.266198e+00 2.174932e+00 7.839977e-02 -3.376211e-04 -3.046636e-04 -2.937534e-04 -2.602688e-04
 7721.000000 8.337888e-01 2.279509e+00 2.144556e+00 7.869368e-02 -3.427632e-04 -2.935254e-04 -2.850077e-04 -2.681534e-04
 7721.200000 8.309169e-01 2.271943e+00 2.091612e+00 8.012167e-02 -3.355807e-04 -2.984478e-04 -2.766162e-04 -2.594145e-04
 7721.400000 8.262735e-01 2.259402e+00 2.037894e+00 7.827122e-02 -3.343164e-04 -3.017117e-04 -2.868655e-04 -2.611798e-04
 7721.600000 8.322297e-01 2.275876e+00 2.011424e+00 8.121656e-02 -3.360527e-04 -2.985649e-04 -2.969340e-04 -2.646228e-04
 7721.800000 8.314435e-01 2.273719e+00 1.966223e+00 7.857372e-02 -3.376592e-04 -3.002914e-04 -2.872304e-04 -2.618472e-04
 7722.000000 8.280661e-01 2.264873e+00 1.915910e+00 7.949947e-02 -3.470836e-04 -2.965146e-04 -2.881177e-04 -2.496078e-04
 7722.200000 8.310307e-01 2.273242e+00 1.885170e+00 7.935233e-02 -3.407497e-04 -2.945388e-04 -2.920337e-04 -2.596432e-04
 7722.400000 8.318789e-01 2.275335e+00 1.848293e+00 8.079849e-02 -3.307863e-04 -3.045299e-04 -2.870274e-04 -2.555631e-04
 7722.600000 8.292033e-01 2.268016e+00 1.805429e+00 8.175162e-02 -3.219094e-04 -3.066225e-04 -2.933560e-04 -2.519254e-04
 7722.800000 8.301355e-01 2.270719e+00 1.773262e+00 7.798233e-02 -3.299747e-04 -3.077808e-04 -2.958502e-04 -2.528974e-04
 7723.000000 8.328287e-01 2.278269e+00 1.747148e+00 8.061038e-02 -3.232307e-04 -3.072972e-04 -2.829036e-04 -2.492052e-04
 7723.200000 8.309613e-01 2.273564e+00 1.714248e+00 8.179036e-02 -3.313984e-04 -3.053742e-04 -2.896288e-04 -2.559022e-04
 7723.400000 8.280319e-01 2.266223e+00 1.681761e+00 7.836196e-02 -3.409091e-04 -3.013085e-04 -2.842117e-04 -2.574340e-04
 7723.600000 8.215488e-01 2.247715e+00 1.643537e+00 7.878183e-02 -3.360274e-04 -3.092097e-04 -2.850478e-04 -2.603173e-04
 7723.800000 8.356066e-01 2.286117e+00 1.652211e+00 7.867951e-02 -3.426456e-04 -3.128237e-04 -2.863448e-04 -2.611802e-04
 7724.000000 8.269774e-01 2.263743e+00 1.618707e+00 8.065256e-02 -3.282538e-04 -3.093532e-04 -2.847159e-04 -2.550617e-04
 7724.200000 8.251492e-01 2.258852e+00 1.601242e+00 7.931651e-02 -3.299329e-04 -3.068110e-04 -2.944236e-04 -2.487626e-04
 7724.400000 8.344425e-01 2.284273e+00 1.605130e+00 8.089067e-02 -3.355864e-04 -2.995917e-04 -2.922235e-04 -2.565032e-04
 7724.600000 8.327963e-01 2.280545e+00 1.593441e+00 8.068768e-02 -3.323590e-04 -2.913971e-04 -2.892248e-04 -2.680033e-04
 7724.800000 8.292002e-01 2.270869e+00 1.576866e+00 7.964941e-02 -3.315558e-04 -2.997378e-04 -2.934070e-04 -2.672974e-04
 7725.000000 8.281179e-01 2.268154e+00 1.567300e+00 7.816177e-02 -3.321767e-04 -2.990546e-04 -2.990542e-04 -2.636921e-04
 7725.200000 8.285995e-01 2.269156e+00 1.563815e+00 7.887997e-02 -3.346128e-04 -3.066226e-04 -2.827381e-04 -2.551489e-04
 7725.400000 8.320049e-01 2.278566e+00 1.566187e+00 7.892142e-02 -3.324851e-04 -3.092825e-04 -2.836855e-04 -2.654445e-04
 7725.600000 8.283412e-01 2.269072e+00 1.557172e+00 8.034998e-02 -3.241568e-04 -2.974385e-04 -2.879470e-04 -2.748678e-04
 7725.800000 8.317304e-01 2.278315e+00 1.562193e+00 8.075129e-02 -3.337973e-04 -2.998523e-04 -2.906132e-04 -2.680718e-04
 7726.000000 8.257037e-01 2.262527e+00 1.551674e+00 7.995623e-02 -3.235203e-04 -2.947332e-04 -2.997072e-04 -2.661570e-04
 7726.200000 8.303264e-01 2.275568e+00 1.559736e+00 8.129985e-02 -3.339123e-04 -2.973329e-04 -2.823961e-04 -2.624442e-04
 7726.400000 8.304088e-01 2.275777e+00 1.560820e+00 7.717243e-02 -3.365767e-04 -3.044249e-04 -2.882868e-04 -2.674526e-04
 7726.600000 8.286158e-01 2.270044e+00 1.560465e+00 8.146002e-02 -3.359112e-04 -3.127888e-04 -2.740171e-04 -2.640707e-04
 7726.800000 8.290965e-01 2.272589e+00 1.560928e+00 7.910042e-02 -3.285610e-04 -3.097324e-04 -2.721683e-04 -2.688586e-04
 7727.000000 8.264801e-01 2.265952e+00 1.558498e+00 8.058044e-02 -3.252567e-04 -3.088675e-04 -2.551764e-04 -2.732172e-04
 7727.200000 8.291323e-01 2.272959e+00 1.566043e+00 8.097312e-02 -3.275582e-04 -3.078507e-04 -2.532664e-04 -2.694216e-04
 7727.400000 8.278076e-01 2.269334e+00 1.565557e+00 7.893596e-02 -3.359613e-04 -3.089539e-04 -2.613830e-04 -2.705042e-04
 7727.600000 8.290357e-01 2.272338e+00 1.569167e+00 7.894094e-02 -3.302689e-04 -3.055598e-04 -2.620048e-04 -3.035973e-04
 7727.800000 8.253138e-01 2.262708e+00 1.564859e+00 7.748636e-02 -3.309335e-04 -3.103246e-04 -2.557708e-04 -3.016794e-04
 7728.000000 8.307395e-01 2.277543e+00 1.579510e+00 7.879534e-02 -3.372320e-04 -3.108865e-04 -2.755415e-04 -3.085068e-04
 7728.200000 8.332023e-01 2.285136e+00 1.586463e+00 8.107449e-02 -3.384484e-04 -3.118968e-04 -2.731392e-04 -3.118474e-04
 7728.400000 8.323962e-01 2.282933e+00 1.586449e+00 8.132482e-02 -3.406742e-04 -3.109671e-04 -2.677136e-04 -3.119212e-04
 7728.600000 8.276948e-01 2.269542e+00 1.578201e+00 8.024910e-02 -3.364507e-04 -3.175829e-04 -2.599415e-04 -3.099893e-04
 7728.800000 8.291634e-01 2.273728e+00 1.581487e+00 8.083696e-02 -3.317085e-04 -3.221655e-04 -2.642293e-04 -2.645745e-04
 7729.000000 8.300121e-01 2.277217e+00 1.582836e+00 7.846472e-02 -3.388653e-04 -3.258408e-04 -2.810702e-04 -2.615558e-04
 7729.200000 8.220508e-01 2.255372e+00 1.567367e+00 7.868692e-02 -3.458340e-04 -3.221233e-04 -2.691327e-04 -2.591983e-04
 7729.400000 8.317357e-01 2.281882e+00 1.583055e+00 7.845633e-02 -3.468229e-04 -3.199810e-04 -2.628090e-04 -2.612988e-04
 7729.600000 8.294480e-01 2.274926e+00 1.575276e+00 8.309409e-02 -3.461790e-04 -3.260388e-04 -2.579525e-04 -2.545858e-04
 7729.800000 8.284121e-01 2.272691e+00 1.568500e+00 7.974159e-02 -3.505837e-04 -3.193271e-04 -2.731592e-04 -2.565507e-04
 7730.000000 8.295604e-01 2.276608e+00 1.566106e+00 7.741972e-02 -3.483163e-04 -3.128789e-04 -2.644629e-04 -2.576772e-04
 7730.200000 8.291756e-01 2.275489e+00 1.560591e+00 8.115218e-02 -3.450099e-04 -3.181165e-04 -2.720014e-04 -2.497149e-04
 7730.400000 8.326165e-01 2.285391e+00 1.556837e+00 8.117184e-02 -3.436265e-04 -3.236852e-04 -2.637845e-04 -2.474242e-04
 7730.600000 8.253176e-01 2.265759e+00 1.537775e+00 7.985834e-02 -3.431386e-04 -3.210022e-04 -2.658398e-04 -2.466475e-04
 7730.800000 8.273754e-01 2.270998e+00 1.530533e+00 7.768179e-02 -3.438355e-04 -3.155278e-04 -2.639559e-04 -2.467503e-04
 7731.000000 8.310570e-01 2.281428e+00 1.527382e+00 8.005399e-02 -3.356266e-04 -3.141173e-04 -2.550726e-04 -2.518059e-04
 7731.200000 8.282953e-01 2.273963e+00 1.514624e+00 7.805204e-02 -3.352957e-04 -3.105481e-04 -2.590186e-04 -2.607535e-04
 7731.400000 8.174411e-01 2.244859e+00 1.484540e+00 7.886842e-02 -3.340372e-04 -3.077951e-04 -2.540763e-04 -2.574398e-04
 7731.600000 8.360095e-01 2.294660e+00 1.507214e+00 8.189956e-02 -3.478941e-04 -3.120684e-04 -2.469164e-04 -2.640982e-04
 7731.800000 8.284564e-01 2.274512e+00 1.483885e+00 8.020153e-02 -3.453653e-04 -3.048530e-04 -2.425182e-04 -2.619934e-04
 7732.000000 8.307221e-01 2.281398e+00 1.479786e+00 7.955136e-02 -3.397469e-04 -3.055011e-04 -2.458387e-04 -2.633256e-04
 7732.200000 8.197155e-01 2.251089e+00 1.449699e+00 7.837142e-02 -3.334133e-04 -3.024086e-04 -2.370792e-04 -2.558492e-04
 7732.400000 8.328998e-01 2.288505e+00 1.467679e+00 7.851175e-02 -3.322271e-04 -3.134674e-04 -2.363996e-04 -2.598080e-04
 7732.600000 8.289234e-01 2.277424e+00 1.454708e+00 8.120893e-02 -3.398727e-04 -3.013027e-04 -2.371913e-04 -2.600645e-04
 7732.800000 8.249787e-01 2.266689e+00 1.443130e+00 8.087027e-02 -3.427692e-04 -2.961820e-04 -2.507473e-04 -2.599793e-04
 7733.000000 8.280131e-01 2.275278e+00 1.446201e+00 8.013985e-02 -3.381443e-04 -3.058837e-04 -2.303479e-04 -2.555320e-04
 7733.200000 8.225303e-01 2.260474e+00 1.433390e+00 8.180534e-02 -3.414976e-04 -3.113089e-04 -2.544559e-04 -2.673283e-04
 7733.400000 8.304585e-01 2.282344e+00 1.447836e+00 7.731928e-02 -3.405701e-04 -2.968930e-04 -2.678563e-04 -2.835770e-04
 7733.600000 8.326204e-01 2.288594e+00 1.453611e+00 7.939518e-02 -3.429368e-04 -2.976779e-04 -2.612366e-04 -2.777432e-04
 7733.800000 8.246380e-01 2.266377e+00 1.439975e+00 8.166898e-02 -3.420203e-04 -2.955446e-04 -2.613858e-04 -2.699130e-04
 7734.000000 8.210839e-01 2.257301e+00 1.440254e+00 8.058677e-02 -3.411943e-04 -2.931051e-04 -2.607520e-04 -2.644247e-04
 7734.200000 8.309563e-01 2.283630e+00 1.461732e+00 8.153561e-02 -3.478328e-04 -2.961366e-04 -2.731834e-04 -2.644964e-04
 7734.400000 8.257639e-01 2.270622e+00 1.455696e+00 8.076653e-02 -3.455506e-04 -2.988346e-04 -2.828945e-04 -2.748318e-04
 7734.600000 8.346440e-01 2.294909e+00 1.480284e+00 7.914922e-02 -3.484132e-04 -2.960007e-04 -2.794373e-04 -2.741995e-04
 7734.800000 8.289399e-01 2.278960e+00 1.477635e+00 7.991020e-02 -3.442419e-04 -2.924294e-04 -2.571611e-04 -2.727667e-04
 7735.000000 8.299717e-01 2.281425e+00 1.483693e+00 7.874685e-02 -3.465312e-04 -2.974561e-04 -2.666068e-04 -2.666961e-04
 7735.200000 8.278965e-01 2.276284e+00 1.487984e+00 8.194848e-02 -3.392302e-04 -2.962312e-04 -2.522588e-04 -2.614284e-04
 7735.400000 8.205086e-01 2.256005e+00 1.480629e+00 7.903203e-02 -3.475741e-04 -2.986021e-04 -2.488883e-04 -2.656248e-04
 7735.600000 8.313749e-01 2.286471e+00 1.510198e+00 7.877000e-02 -3.464965e-04 -3.027140e-04 -2.481789e-04 -2.629440e-04
 7735.800000 8.217269e-01 2.259801e+00 1.497700e+00 7.872999e-02 -3.350109e-04 -2.957885e-04 -2.435659e-04 -2.658433e-04
 7736.000000 8.319763e-01 2.288620e+00 1.523050e+00 8.248386e-02 -3.320032e-04 -3.006907e-04 -2.348342e-04 -2.547207e-04
 7736.200000 8.306319e-01 2.284920e+00 1.526903e+00 8.204347e-02 -3.331408e-04 -2.950967e-04 -2.633222e-04 -2.721951e-04
 7736.400000 8.275360e-01 2.277889e+00 1.527310e+00 7.977040e-02 -3.356593e-04 -2.877004e-04 -2.694892e-04 -2.756240e-04
 7736.600000 8.255002e-01 2.272499e+00 1.528132e+00 7.842887e-02 -3.298113e-04 -2.901808e-04 -2.489634e-04 -2.668111e-04
 7736.800000 8.240855e-01 2.268399e+00 1.528635e+00 7.769138e-02 -3.351537e-04 -2.906442e-04 -2.606580e-04 -2.684270e-04
 7737.000000 8.331478e-01 2.293250e+00 1.552740e+00 8.084642e-02 -3.373555e-04 -2.938764e-04 -2.721070e-04 -2.599860e-04
 7737.200000 8.281719e-01 2.279003e+00 1.548787e+00 8.085318e-02 -3.369869e-04 -2.914647e-04 -2.620628e-04 -2.478743e-04
 7737.400000 8.257532e-01 2.273316e+00 1.546077e+00 8.083218e-02 -3.422220e-04 -2.900791e-04 -2.556109e-04 -2.637349e-04
 7737.600000 8.272428e-01 2.277475e+00 1.551978e+00 7.833433e-02 -3.482626e-04 -2.975641e-04 -2.429051e-04 -2.671941e-04
 7737.800000 8.215788e-01 2.262224e+00 1.542867e+00 7.917605e-02 -3.434608e-04 -2.909549e-04 -2.511421e-04 -2.722066e-04
 7738.000000 8.306251e-01 2.287249e+00 1.563201e+00 8.369194e-02 -3.394104e-04 -2.920736e-04 -2.652727e-04 -2.777444e-04
 7738.200000 8.140862e-01 2.241922e+00 1.536403e+00 7.995012e-02 -3.245237e-04 -2.852467e-04 -2.523282e-04 -2.630792e-04
 7738.400000 8.295642e-01 2.285220e+00 1.565654e+00 7.983719e-02 -3.353073e-04 -2.916921e-04 -2.513019e-04 -2.724429e-04
 7738.600000 8.331684e-01 2.294709e+00 1.577635e+00 8.231941e-02 -3.329132e-04 -2.912154e-04 -2.676692e-04 -2.897886e-04
 7738.800000 8.285521e-01 2.282724e+00 1.572889e+00 7.963003e-02 -3.310927e-04 -2.971445e-04 -2.580894e-04 -2.781582e-04
 7739.000000 8.248530e-01 2.271805e+00 1.568288e+00 7.955032e-02 -3.425871e-04 -2.910590e-04 -2.588749e-04 -2.768627e-04
 7739.200000 8.274146e-01 2.278213e+00 1.576825e+00 8.103279e-02 -3.476197e-04 -2.895768e-04 -2.634663e-04 -2.799459e-04
 7739.400000 8.328979e-01 2.294475e+00 1.591711e+00 8.171434e-02 -3.371251e-04 -2.899906e-04 -2.616479e-04 -2.879050e-04
 7739.600000 8.118770e-01 2.236226e+00 1.554437e+00 7.487545e-02 -3.200306e-04 -2.897991e-04 -2.603423e-04 -2.702379e-04
 7739.800000 8.335566e-01 2.296486e+00 1.601922e+00 8.007729e-02 -3.313561e-04 -2.911916e-04 -2.624504e-04 -2.710084e-04
 7740.000000 8.304769e-01 2.287857e+00 1.599860e+00 7.984657e-02 -3.340835e-04 -2.819690e-04 -2.553301e-04 -2.668523e-04
 7740.200000 8.248220e-01 2.273118e+00 1.593888e+00 8.018124e-02 -3.323812e-04 -2.824741e-04 -2.437262e-04 -2.652905e-04
 7740.400000 8.265819e-01 2.278006e+00 1.599753e+00 8.025122e-02 -3.246083e-04 -2.834774e-04 -2.505093e-04 -2.678035e-04
 7740.600000 8.284837e-01 2.284032e+00 1.608290e+00 8.071206e-02 -3.292168e-04 -3.037712e-04 -2.491557e-04 -2.649585e-04
 7740.800000 8.086664e-01 2.228735e+00 1.573529e+00 7.894164e-02 -3.181628e-04 -2.904200e-04 -2.475400e-04 -2.644952e-04
 7741.000000 8.252898e-01 2.275460e+00 1.609848e+00 7.604595e-02 -3.296723e-04 -2.805130e-04 -2.525091e-04 -2.799947e-04
 7741.200000 8.224597e-01 2.267889e+00 1.607775e+00 8.073645e-02 -3.260470e-04 -2.883879e-04 -2.455526e-04 -2.702051e-04
 7741.400000 8.216912e-01 2.265058e+00 1.610838e+00 7.851056e-02 -3.331511e-04 -2.894143e-04 -2.506947e-04 -2.809456e-04
 7741.600000 8.178361e-01 2.255028e+00 1.605333e+00 8.149485e-02 -3.268832e-04 -2.888195e-04 -2.646218e-04 -2.826181e-04
 7741.800000 8.150660e-01 2.247531e+00 1.600878e+00 7.829233e-02 -3.316959e-04 -2.748199e-04 -2.568592e-04 -2.839311e-04
 7742.000000 8.066987e-01 2.224724e+00 1.588413e+00 7.883993e-02 -3.361233e-04 -2.768186e-04 -2.508837e-04 -2.795761e-04
 7742.700000 7.993905e-01 2.205843e+00 1.582567e+00 7.757211e-02 -3.383526e-04 -2.931833e-04 -2.589514e-04 -2.963522e-04
 7743.400000 8.207200e-01 2.265238e+00 1.630149e+00 7.928642e-02 -3.477935e-04 -3.011817e-04 -2.635709e-04 -2.876631e-04
 7744.100000 8.297961e-01 2.290333e+00 1.651666e+00 8.053298e-02 -3.502543e-04 -2.958114e-04 -2.512543e-04 -2.765740e-04
 7744.800000 8.295008e-01 2.290464e+00 1.653824e+00 8.162126e-02 -3.415558e-04 -2.973729e-04 -2.551153e-04 -2.773022e-04
 7745.500000 8.281521e-01 2.287760e+00 1.651921e+00 7.928486e-02 -3.320777e-04 -2.948555e-04 -2.544689e-04 -2.730560e-04
 7746.200000 8.287409e-01 2.289840e+00 1.649750e+00 8.112898e-02 -3.322803e-04 -2.989748e-04 -2.453356e-04 -2.754007e-04
 7746.900000 8.281579e-01 2.289021e+00 1.641227e+00 7.877870e-02 -3.418135e-04 -2.982730e-04 -2.580770e-04 -2.783032e-04
 7747.600000 8.285607e-01 2.290291e+00 1.631562e+00 8.122457e-02 -3.382026e-04 -3.009692e-04 -2.658308e-04 -2.822513e-04
 7748.300000 8.274567e-01 2.288065e+00 1.614957e+00 8.064959e-02 -3.356124e-04 -3.009037e-04 -2.608506e-04 -2.819303e-04
 7749.993695 8.269485e-01 2.288315e+00 1.566568e+00 8.020942e-02 -3.370212e-04 -3.060883e-04 -2.609053e-04 -2.909101e-04
 7750.999583 8.266959e-01 2.287846e+00 1.531550e+00 7.978167e-02 -3.487777e-04 -3.022692e-04 -2.627862e-04 -3.138760e-04
 7752.017662 8.252938e-01 2.285536e+00 1.491317e+00 8.091728e-02 -3.397784e-04 -3.037569e-04 -2.464623e-04 -3.281874e-04
 7753.047933 8.265115e-01 2.290071e+00 1.457020e+00 7.978439e-02 -3.393040e-04 -2.936260e-04 -2.522439e-04 -3.198209e-04
 7754.090396 8.254922e-01 2.288271e+00 1.418029e+00 8.081047e-02 -3.341902e-04 -2.997492e-04 -2.583050e-04 -3.164763e-04
 7755.145051 8.257981e-01 2.289521e+00 1.386687e+00 8.033401e-02 -3.319463e-04 -3.083323e-04 -2.556446e-04 -3.152051e-04
 7756.211898 8.248662e-01 2.288020e+00 1.361910e+00 8.071105e-02 -3.271707e-04 -3.043884e-04 -2.581370e-04 -3.116344e-04
 7757.290937 8.248609e-01 2.289154e+00 1.349928e+00 7.974843e-02 -3.293203e-04 -3.074515e-04 -2.604783e-04 -3.169556e-04
 7758.382167 8.256744e-01 2.292423e+00 1.351989e+00 8.082150e-02 -3.268703e-04 -3.160181e-04 -2.613575e-04 -3.190472e-04
 7759.485590 8.237660e-01 2.287841e+00 1.360447e+00 8.029698e-02 -3.295135e-04 -3.191990e-04 -2.607633e-04 -3.146088e-04
 7760.601204 8.249805e-01 2.292651e+00 1.385367e+00 8.025207e-02 -3.195976e-04 -3.150441e-04 -2.571274e-04 -3.181171e-04
 7761.729011 8.239846e-01 2.290696e+00 1.418259e+00 8.057195e-02 -3.298678e-04 -3.095563e-04 -2.540802e-04 -3.181485e-04
 7762.869009 8.242571e-01 2.292472e+00 1.460370e+00 8.052029e-02 -3.396296e-04 -2.968491e-04 -2.595071e-04 -3.044396e-04
 7764.021199 8.235637e-01 2.291720e+00 1.503738e+00 8.031561e-02 -3.363558e-04 -2.954690e-04 -2.549346e-04 -2.930395e-04
 7765.185582 8.237733e-01 2.293379e+00 1.548908e+00 8.072271e-02 -3.407371e-04 -2.888982e-04 -2.479476e-04 -2.814892e-04
 7766.362156 8.237839e-01 2.294726e+00 1.592034e+00 8.115369e-02 -3.465978e-04 -2.854054e-04 -2.549710e-04 -2.842521e-04
 7767.550922 8.229077e-01 2.293380e+00 1.631997e+00 7.950099e-02 -3.463678e-04 -2.867574e-04 -2.474186e-04 -2.758248e-04
 7768.751879 8.230931e-01 2.294431e+00 1.667389e+00 8.095917e-02 -3.489590e-04 -2.872624e-04 -2.352398e-04 -2.763723e-04
 7769.965029 8.226555e-01 2.294128e+00 1.692151e+00 8.093130e-02 -3.520186e-04 -2.979532e-04 -2.462910e-04 -2.829083e-04
 7771.190371 8.230335e-01 2.297036e+00 1.712144e+00 8.127450e-02 -3.582419e-04 -2.900847e-04 -2.444839e-04 -2.845830e-04
 7772.427904 8.221125e-01 2.295372e+00 1.720758e+00 8.029801e-02 -3.547341e-04 -2.822460e-04 -2.261664e-04 -2.798348e-04
 7773.677630 8.224385e-01 2.297227e+00 1.729026e+00 8.086736e-02 -3.567682e-04 -2.879853e-04 -2.367228e-04 -2.781008e-04
 7774.939547 8.212050e-01 2.295590e+00 1.735512e+00 8.120023e-02 -3.450102e-04 -2.951823e-04 -2.500457e-04 -2.798877e-04
 7776.213657 8.217658e-01 2.298198e+00 1.746892e+00 8.073907e-02 -3.384338e-04 -2.953422e-04 -2.678306e-04 -2.834667e-04
 7777.499958 8.215414e-01 2.298735e+00 1.758520e+00 8.109600e-02 -3.474599e-04 -2.961898e-04 -2.655440e-04 -2.836944e-04
 7778.798451 8.211617e-01 2.298403e+00 1.764856e+00 8.096335e-02 -3.460797e-04 -2.915438e-04 -2.764600e-04 -2.813479e-04
 7780.109136 8.210657e-01 2.298846e+00 1.764836e+00 8.048553e-02 -3.510031e-04 -2.881407e-04 -2.636791e-04 -2.615566e-04
 7781.432013 8.206248e-01 2.299521e+00 1.757887e+00 8.115451e-02 -3.527923e-04 -2.941302e-04 -2.611493e-04 -2.688437e-04
 7782.767082 8.210233e-01 2.301764e+00 1.746656e+00 8.209684e-02 -3.490942e-04 -2.975701e-04 -2.708122e-04 -2.675145e-04
 7784.114342 8.198959e-01 2.299804e+00 1.730705e+00 8.076549e-02 -3.471763e-04 -2.995589e-04 -2.668175e-04 -2.560919e-04
 7785.473795 8.207257e-01 2.303291e+00 1.718827e+00 8.144882e-02 -3.513200e-04 -3.020925e-04 -2.680324e-04 -2.685762e-04
 7786.845440 8.198926e-01 2.302492e+00 1.703457e+00 8.108401e-02 -3.559120e-04 -3.018091e-04 -2.704536e-04 -2.867221e-04
 7788.229276 8.203489e-01 2.304818e+00 1.688924e+00 8.148626e-02 -3.501512e-04 -3.022187e-04 -2.729033e-04 -2.937331e-04
 7789.625305 8.190104e-01 2.301923e+00 1.666349e+00 8.022349e-02 -3.540907e-04 -2.924103e-04 -2.751663e-04 -2.857735e-04
 7791.033525 8.199914e-01 2.305672e+00 1.647132e+00 8.065703e-02 -3.501710e-04 -2.935584e-04 -2.699343e-04 -2.810102e-04
 7792.453937 8.186634e-01 2.303695e+00 1.626074e+00 8.142471e-02 -3.554108e-04 -3.070504e-04 -2.646200e-04 -2.751454e-04
 7793.886541 8.185252e-01 2.304904e+00 1.608606e+00 8.160467e-02 -3.506675e-04 -2.989488e-04 -2.700905e-04 -2.767193e-04
 7795.331337 8.171328e-01 2.302136e+00 1.586621e+00 8.106473e-02 -3.490723e-04 -2.819792e-04 -2.496727e-04 -2.772895e-04
 7796.788325 8.181615e-01 2.306563e+00 1.567433e+00 8.141985e-02 -3.474438e-04 -2.909616e-04 -2.360657e-04 -2.764395e-04
 7798.257505 8.177005e-01 2.306855e+00 1.538880e+00 8.085292e-02 -3.428173e-04 -2.934982e-04 -2.525005e-04 -2.813566e-04
 7799.738877 8.174917e-01 2.307218e+00 1.506336e+00 8.138423e-02 -3.343490e-04 -2.960615e-04 -2.684055e-04 -2.761809e-04
 7801.232440 8.160458e-01 2.304503e+00 1.469568e+00 8.150177e-02 -3.423580e-04 -2.869638e-04 -2.684640e-04 -2.746662e-04
 7802.738196 8.168704e-01 2.308065e+00 1.441869e+00 8.093220e-02 -3.419887e-04 -2.828361e-04 -2.547461e-04 -2.780258e-04
 7804.256143 8.168221e-01 2.309644e+00 1.418105e+00 8.175004e-02 -3.522567e-04 -2.950531e-04 -2.529597e-04 -2.790324e-04
 7805.786283 8.177053e-01 2.313458e+00 1.407317e+00 8.164041e-02 -3.513467e-04 -2.915619e-04 -2.642526e-04 -2.788515e-04
 7807.328614 8.161362e-01 2.310244e+00 1.402089e+00 8.152520e-02 -3.538503e-04 -2.884994e-04 -2.633952e-04 -2.851343e-04
 7808.883137 8.163233e-01 2.312508e+00 1.413137e+00 8.199667e-02 -3.509608e-04 -2.914761e-04 -2.620383e-04 -2.823580e-04
 7810.449852 8.146984e-01 2.309243e+00 1.429321e+00 8.154356e-02 -3.467828e-04 -2.831287e-04 -2.638547e-04 -2.871376e-04
 7812.028759 8.167303e-01 2.316821e+00 1.459583e+00 8.131118e-02 -3.379962e-04 -2.796127e-04 -2.704893e-04 -2.913628e-04
 7813.619858 8.150601e-01 2.313617e+00 1.485490e+00 8.119212e-02 -3.397760e-04 -2.906388e-04 -2.697307e-04 -2.889312e-04
 7815.223149 8.154512e-01 2.316104e+00 1.518897e+00 8.146797e-02 -3.359002e-04 -2.851115e-04 -2.651264e-04 -2.810127e-04
 7816.838632 8.149116e-01 2.315782e+00 1.554186e+00 8.146216e-02 -3.419945e-04 -2.865817e-04 -2.699291e-04 -2.830280e-04
 7818.466307 8.152635e-01 2.318774e+00 1.592382e+00 8.207524e-02 -3.386099e-04 -2.846501e-04 -2.746957e-04 -2.951170e-04
 7820.106173 8.139708e-01 2.316381e+00 1.624053e+00 8.230376e-02 -3.452771e-04 -2.934141e-04 -2.772306e-04 -2.808214e-04
 7821.758232 8.144309e-01 2.318879e+00 1.658695e+00 8.141354e-02 -3.474245e-04 -2.940013e-04 -2.660335e-04 -2.728112e-04
 7823.422482 8.131866e-01 2.316959e+00 1.690710e+00 8.095698e-02 -3.567138e-04 -2.925908e-04 -2.606806e-04 -2.701091e-04
 7825.098924 8.138367e-01 2.321141e+00 1.734048e+00 8.185234e-02 -3.427302e-04 -2.971937e-04 -2.579287e-04 -2.717760e-04
 7826.787558 8.132877e-01 2.320541e+00 1.777536e+00 8.240234e-02 -3.496524e-04 -3.018065e-04 -2.667613e-04 -2.795792e-04
 7828.488385 8.087777e-01 2.309623e+00 1.813676e+00 8.137337e-02 -3.542580e-04 -3.042986e-04 -2.715167e-04 -2.735463e-04
 7830.201403 8.075108e-01 2.307014e+00 1.848981e+00 8.163992e-02 -3.644399e-04 -3.077111e-04 -2.593800e-04 -2.734890e-04
 7831.926613 8.119716e-01 2.321652e+00 1.886732e+00 8.186187e-02 -3.582343e-04 -3.027866e-04 -2.670137e-04 -2.805798e-04
 7833.664014 8.111416e-01 2.320644e+00 1.899365e+00 8.184899e-02 -3.545086e-04 -3.013289e-04 -2.720979e-04 -2.776520e-04
 7835.413608 8.111210e-01 2.322178e+00 1.901321e+00 8.212097e-02 -3.600037e-04 -2.989902e-04 -2.586322e-04 -2.768982e-04
 7837.175394 8.112309e-01 2.323910e+00 1.891863e+00 8.233271e-02 -3.549368e-04 -3.048177e-04 -2.585333e-04 -2.790451e-04
 7838.949371 8.112315e-01 2.326586e+00 1.876262e+00 8.204423e-02 -3.406277e-04 -3.055681e-04 -2.659494e-04 -2.796635e-04
 7840.735541 8.108709e-01 2.326683e+00 1.855938e+00 8.229897e-02 -3.463045e-04 -2.992639e-04 -2.745318e-04 -2.852467e-04
 7842.533902 8.097328e-01 2.324701e+00 1.831783e+00 8.145468e-02 -3.480356e-04 -3.045984e-04 -2.670395e-04 -2.786785e-04
 7844.344455 8.107447e-01 2.329779e+00 1.813879e+00 8.270128e-02 -3.368320e-04 -3.059528e-04 -2.878427e-04 -2.856214e-04
 7846.167201 8.102808e-01 2.329802e+00 1.793114e+00 8.145280e-02 -3.296655e-04 -3.111757e-04 -2.686043e-04 -2.836525e-04
 7848.002138 8.101990e-01 2.331164e+00 1.781147e+00 8.178504e-02 -3.389311e-04 -3.069910e-04 -2.594375e-04 -2.725475e-04
 7849.849267 8.090886e-01 2.330199e+00 1.774398e+00 8.226088e-02 -3.370168e-04 -3.033719e-04 -2.637473e-04 -2.780524e-04
 7851.708588 8.094076e-01 2.332535e+00 1.778753e+00 8.276014e-02 -3.397331e-04 -3.014272e-04 -2.654974e-04 -2.818424e-04
 7853.580100 8.054442e-01 2.322720e+00 1.776610e+00 8.249006e-02 -3.447380e-04 -3.023571e-04 -2.609575e-04 -2.702868e-04
 7855.463805 8.025124e-01 2.315942e+00 1.773600e+00 8.116293e-02 -3.398988e-04 -2.966730e-04 -2.509949e-04 -2.576759e-04
 7857.359702 8.069648e-01 2.330505e+00 1.773725e+00 8.259241e-02 -3.385321e-04 -2.957581e-04 -2.551456e-04 -2.678598e-04
 7859.267790 8.073289e-01 2.333663e+00 1.749958e+00 8.217456e-02 -3.387652e-04 -3.078662e-04 -2.589821e-04 -2.722444e-04
 7861.188071 8.066945e-01 2.333505e+00 1.708780e+00 8.237451e-02 -3.397912e-04 -3.084629e-04 -2.629003e-04 -2.675821e-04
 7863.120543 8.057116e-01 2.332739e+00 1.659588e+00 8.256975e-02 -3.414648e-04 -3.000167e-04 -2.601838e-04 -2.625223e-04
 7865.065207 8.060080e-01 2.335373e+00 1.615668e+00 8.258724e-02 -3.368379e-04 -2.981165e-04 -2.653977e-04 -2.593712e-04
 7867.022064 8.059777e-01 2.336887e+00 1.578198e+00 8.158113e-02 -3.407729e-04 -3.015869e-04 -2.709930e-04 -2.618517e-04
 7868.991112 8.065004e-01 2.340124e+00 1.552357e+00 8.253450e-02 -3.304560e-04 -3.073679e-04 -2.687234e-04 -2.668009e-04
 7870.972352 8.059257e-01 2.339610e+00 1.531405e+00 8.310031e-02 -3.338528e-04 -3.032164e-04 -2.646320e-04 -2.635160e-04
 7872.965784 8.046017e-01 2.337899e+00 1.517555e+00 8.209038e-02 -3.306530e-04 -2.966447e-04 -2.633605e-04 -2.515877e-04
 7874.971407 8.048594e-01 2.340762e+00 1.514105e+00 8.305910e-02 -3.284747e-04 -3.022596e-04 -2.517124e-04 -2.541256e-04
 7876.989223 8.050886e-01 2.343757e+00 1.519477e+00 8.260642e-02 -3.314117e-04 -3.127243e-04 -2.401854e-04 -2.570405e-04
 7879.019231 8.037800e-01 2.341454e+00 1.533326e+00 8.245943e-02 -3.334897e-04 -3.125128e-04 -2.568379e-04 -2.531219e-04
 7881.061430 8.035259e-01 2.342530e+00 1.561846e+00 8.229793e-02 -3.376795e-04 -3.059574e-04 -2.695642e-04 -2.570868e-04
 7883.115822 8.039533e-01 2.346230e+00 1.606006e+00 8.342111e-02 -3.275427e-04 -3.006101e-04 -2.453288e-04 -2.493399e-04
 7885.182405 8.039193e-01 2.347292e+00 1.660168e+00 8.251856e-02 -3.312125e-04 -2.937383e-04 -2.439108e-04 -2.565976e-04
 7887.261180 8.019262e-01 2.343169e+00 1.721892e+00 8.342936e-02 -3.333731e-04 -2.964425e-04 -2.507488e-04 -2.438891e-04
 7889.352148 8.013294e-01 2.343469e+00 1.797326e+00 8.217932e-02 -3.354563e-04 -3.113482e-04 -2.559213e-04 -2.435630e-04
 7891.455307 8.022533e-01 2.347797e+00 1.878785e+00 8.450954e-02 -3.304020e-04 -3.194993e-04 -2.632825e-04 -2.600681e-04
 7893.570658 7.954494e-01 2.330012e+00 1.936693e+00 8.162634e-02 -3.319620e-04 -3.096583e-04 -2.590310e-04 -2.626847e-04
 7895.698201 7.997886e-01 2.343898e+00 2.006448e+00 8.282153e-02 -3.483084e-04 -3.148339e-04 -2.543403e-04 -2.460439e-04
 7897.837935 8.009318e-01 2.349533e+00 2.043820e+00 8.238226e-02 -3.476109e-04 -3.112258e-04 -2.518836e-04 -2.478921e-04
 7899.989862 8.012004e-01 2.352468e+00 2.053935e+00 8.425966e-02 -3.464649e-04 -3.087795e-04 -2.608471e-04 -2.521380e-04
 7902.153981 8.000643e-01 2.351209e+00 2.037831e+00 8.337292e-02 -3.474624e-04 -3.166819e-04 -2.618957e-04 -2.553295e-04
 7904.330291 8.005343e-01 2.353920e+00 2.011540e+00 8.416543e-02 -3.492036e-04 -3.221012e-04 -2.628952e-04 -2.441576e-04
 7906.518794 7.990819e-01 2.351496e+00 1.974364e+00 8.269416e-02 -3.529936e-04 -3.160336e-04 -2.493339e-04 -2.439564e-04
 7908.719488 8.006242e-01 2.358077e+00 1.947282e+00 8.330541e-02 -3.431507e-04 -3.068119e-04 -2.462880e-04 -2.623246e-04
 7910.932374 7.991050e-01 2.355835e+00 1.916915e+00 8.303831e-02 -3.446509e-04 -3.142194e-04 -2.483355e-04 -2.624376e-04
 7913.157453 7.991033e-01 2.358322e+00 1.895728e+00 8.276424e-02 -3.420508e-04 -3.049415e-04 -2.546243e-04 -2.571242e-04
 7915.394723 7.986740e-01 2.358764e+00 1.880829e+00 8.310113e-02 -3.479083e-04 -3.084577e-04 -2.624749e-04 -2.620054e-04
 7917.644185 7.983586e-01 2.359608e+00 1.872612e+00 8.371935e-02 -3.559040e-04 -3.057155e-04 -2.519164e-04 -2.671243e-04
 7919.905838 7.978364e-01 2.360017e+00 1.872052e+00 8.279087e-02 -3.524202e-04 -2.929341e-04 -2.629858e-04 -2.713159e-04
 7922.179684 7.982241e-01 2.362965e+00 1.877089e+00 8.360618e-02 -3.458436e-04 -2.996497e-04 -2.723308e-04 -2.720410e-04
 7924.465722 7.971372e-01 2.362185e+00 1.881029e+00 8.391085e-02 -3.415863e-04 -3.015044e-04 -2.724275e-04 -2.641817e-04
 7926.763952 7.966209e-01 2.362466e+00 1.889471e+00 8.323133e-02 -3.428426e-04 -2.955894e-04 -2.646790e-04 -2.536822e-04
 7929.074373 7.954227e-01 2.360739e+00 1.898722e+00 8.359269e-02 -3.464258e-04 -2.963138e-04 -2.659951e-04 -2.559125e-04
 7931.396987 7.959354e-01 2.364276e+00 1.915564e+00 8.425140e-02 -3.413352e-04 -2.982775e-04 -2.670953e-04 -2.649639e-04
 7933.731792 7.940489e-01 2.360982e+00 1.928397e+00 8.263861e-02 -3.419532e-04 -2.993247e-04 -2.741651e-04 -2.629171e-04
 7936.078789 7.914289e-01 2.355172e+00 1.932507e+00 8.337062e-02 -3.392904e-04 -2.971971e-04 -2.712667e-04 -2.560570e-04
 7938.437978 7.813494e-01 2.327727e+00 1.907637e+00 8.265721e-02 -3.281271e-04 -3.063852e-04 -2.760607e-04 -2.632980e-04
 7940.809359 7.949034e-01 2.370374e+00 1.924229e+00 8.372792e-02 -3.213734e-04 -3.068962e-04 -2.774141e-04 -2.693319e-04
 7943.192932 7.944207e-01 2.370957e+00 1.896982e+00 8.428038e-02 -3.321829e-04 -2.983730e-04 -2.781765e-04 -2.646237e-04
 7945.588697 7.945205e-01 2.373063e+00 1.868523e+00 8.465704e-02 -3.330955e-04 -2.974487e-04 -2.816373e-04 -2.695458e-04
 7947.996654 7.938580e-01 2.373748e+00 1.842686e+00 8.343283e-02 -3.262614e-04 -3.106645e-04 -2.770036e-04 -2.674483e-04
 7950.416803 7.933372e-01 2.374585e+00 1.822059e+00 8.393174e-02 -3.220420e-04 -3.097482e-04 -2.678768e-04 -2.597208e-04
 7952.849143 7.924277e-01 2.374045e+00 1.803353e+00 8.312704e-02 -3.166702e-04 -3.135204e-04 -2.667237e-04 -2.513749e-04
 7955.293676 7.927750e-01 2.377100e+00 1.795624e+00 8.519558e-02 -3.161566e-04 -3.201667e-04 -2.668157e-04 -2.580751e-04
 7957.750400 7.923161e-01 2.377662e+00 1.795077e+00 8.372861e-02 -3.246186e-04 -3.092424e-04 -2.681332e-04 -2.617432e-04
 7960.219317 7.912843e-01 2.376686e+00 1.803202e+00 8.392245e-02 -3.306230e-04 -2.959165e-04 -2.545905e-04 -2.589302e-04
 7962.700425 7.912425e-01 2.378660e+00 1.825126e+00 8.449293e-02 -3.215479e-04 -2.975496e-04 -2.688884e-04 -2.605684e-04
 7965.193725 7.906746e-01 2.378977e+00 1.856765e+00 8.508196e-02 -3.240837e-04 -2.998661e-04 -2.683308e-04 -2.582105e-04
 7967.699217 7.902343e-01 2.380027e+00 1.897694e+00 8.375716e-02 -3.237693e-04 -2.936385e-04 -2.648031e-04 -2.536222e-04
 7970.216901 7.896216e-01 2.380558e+00 1.942319e+00 8.415444e-02 -3.280737e-04 -3.042763e-04 -2.742455e-04 -2.625168e-04
 7972.746777 7.898939e-01 2.383617e+00 1.986505e+00 8.527418e-02 -3.311174e-04 -3.026169e-04 -2.773867e-04 -2.651492e-04
 7975.288845 7.883562e-01 2.381277e+00 2.022828e+00 8.444608e-02 -3.378984e-04 -2.997137e-04 -2.610867e-04 -2.559976e-04
 7977.843105 7.888249e-01 2.385082e+00 2.055147e+00 8.455945e-02 -3.287880e-04 -3.068916e-04 -2.656512e-04 -2.629734e-04
 7980.409556 7.878600e-01 2.383899e+00 2.072852e+00 8.450121e-02 -3.304043e-04 -3.123847e-04 -2.630331e-04 -2.639176e-04
 7982.988200 7.845473e-01 2.376369e+00 2.079155e+00 8.421821e-02 -3.315020e-04 -3.059270e-04 -2.735288e-04 -2.696188e-04
 7985.579035 7.827778e-01 2.373266e+00 2.085162e+00 8.445608e-02 -3.273789e-04 -2.970248e-04 -2.557359e-04 -2.742045e-04
 7988.182062 7.858124e-01 2.385153e+00 2.103362e+00 8.482505e-02 -3.295806e-04 -2.912832e-04 -2.581878e-04 -2.734371e-04
 7990.797282 7.860050e-01 2.387317e+00 2.114007e+00 8.403681e-02 -3.244945e-04 -2.958184e-04 -2.645688e-04 -2.733714e-04
 7993.424693 7.848207e-01 2.386638e+00 2.121830e+00 8.485798e-02 -3.130991e-04 -3.053581e-04 -2.704248e-04 -2.681971e-04
 7996.064296 7.848350e-01 2.388960e+00 2.132077e+00 8.527013e-02 -3.219769e-04 -2.991714e-04 -2.651300e-04 -2.657646e-04
 7998.716091 7.837221e-01 2.387962e+00 2.136670e+00 8.490391e-02 -3.260858e-04 -3.110787e-04 -2.676829e-04 -2.611855e-04
 8001.380078 7.838419e-01 2.390086e+00 2.141266e+00 8.467787e-02 -3.232416e-04 -3.057288e-04 -2.559587e-04 -2.523428e-04
 8004.056256 7.828393e-01 2.389268e+00 2.140435e+00 8.548120e-02 -3.158184e-04 -2.956651e-04 -2.687743e-04 -2.566253e-04
 8006.744627 7.825515e-01 2.391477e+00 2.137906e+00 8.518635e-02 -3.173130e-04 -2.897011e-04 -2.655474e-04 -2.472853e-04
 8009.445190 7.822416e-01 2.392781e+00 2.132823e+00 8.466716e-02 -3.229024e-04 -2.953005e-04 -2.800961e-04 -2.522803e-04
 8012.157944 7.814049e-01 2.392223e+00 2.124165e+00 8.512857e-02 -3.225671e-04 -2.993906e-04 -2.787329e-04 -2.539912e-04
 8014.882891 7.816924e-01 2.394954e+00 2.118759e+00 8.505833e-02 -3.274457e-04 -3.045944e-04 -2.805149e-04 -2.561350e-04
 8017.620029 7.804683e-01 2.393834e+00 2.111758e+00 8.532627e-02 -3.279290e-04 -3.049087e-04 -2.776844e-04 -2.589945e-04
 8020.369359 7.806000e-01 2.396581e+00 2.111031e+00 8.446002e-02 -3.336245e-04 -3.112620e-04 -2.727164e-04 -2.517173e-04
 8023.130881 7.788528e-01 2.393442e+00 2.104845e+00 8.556165e-02 -3.234585e-04 -3.189581e-04 -2.755725e-04 -2.510875e-04
 8025.904595 7.788765e-01 2.396093e+00 2.106545e+00 8.555528e-02 -3.183076e-04 -3.228444e-04 -2.839896e-04 -2.492683e-04
 8028.690501 7.772472e-01 2.393815e+00 2.100552e+00 8.546644e-02 -3.254860e-04 -3.112358e-04 -2.781208e-04 -2.542384e-04
 8031.488599 7.777657e-01 2.398069e+00 2.098966e+00 8.538123e-02 -3.263930e-04 -3.030705e-04 -2.620292e-04 -2.644489e-04
 8034.298889 7.769109e-01 2.397461e+00 2.091740e+00 8.570125e-02 -3.324948e-04 -3.056983e-04 -2.569405e-04 -2.656031e-04
 8037.121371 7.763025e-01 2.398052e+00 2.083851e+00 8.442110e-02 -3.366777e-04 -2.986405e-04 -2.574992e-04 -2.683692e-04
 8039.956044 7.758861e-01 2.399292e+00 2.077714e+00 8.573580e-02 -3.380177e-04 -3.004546e-04 -2.557755e-04 -2.709434e-04
 8042.802910 7.746507e-01 2.397862e+00 2.074017e+00 8.556916e-02 -3.304587e-04 -3.057899e-04 -2.521504e-04 -2.689594e-04
 8045.661967 7.746116e-01 2.399983e+00 2.080210e+00 8.547839e-02 -3.318732e-04 -2.969565e-04 -2.473571e-04 -2.787381e-04
 8048.533217 7.731958e-01 2.397944e+00 2.086702e+00 8.588204e-02 -3.288493e-04 -2.954831e-04 -2.514221e-04 -2.846502e-04
 8051.416658 7.712694e-01 2.394338e+00 2.097403e+00 8.489778e-02 -3.262544e-04 -3.055177e-04 -2.598414e-04 -2.723277e-04
 8054.312291 7.518014e-01 2.336565e+00 2.065729e+00 8.342084e-02 -3.259212e-04 -3.085527e-04 -2.523002e-04 -2.714821e-04
 8057.220116 7.665198e-01 2.385012e+00 2.129097e+00 8.516624e-02 -3.267093e-04 -3.019429e-04 -2.519121e-04 -2.815836e-04
 8060.140133 7.748693e-01 2.413713e+00 2.176899e+00 8.634700e-02 -3.276413e-04 -3.016357e-04 -2.520293e-04 -2.717085e-04
 8063.072342 7.731973e-01 2.410703e+00 2.193807e+00 8.536230e-02 -3.281986e-04 -3.074386e-04 -2.640597e-04 -2.685265e-04
 8066.016743 7.732778e-01 2.413140e+00 2.211491e+00 8.638231e-02 -3.298220e-04 -3.101443e-04 -2.769859e-04 -2.708280e-04
 8068.973335 7.720320e-01 2.412265e+00 2.219425e+00 8.544199e-02 -3.227847e-04 -3.068918e-04 -2.650514e-04 -2.677450e-04
 8071.942120 7.713875e-01 2.412325e+00 2.224067e+00 8.613297e-02 -3.316713e-04 -3.055135e-04 -2.633417e-04 -2.664629e-04
 8074.923096 7.716699e-01 2.415055e+00 2.231595e+00 8.615781e-02 -3.252586e-04 -3.039801e-04 -2.652484e-04 -2.702357e-04
 8077.916265 7.708033e-01 2.415296e+00 2.241134e+00 8.650278e-02 -3.348688e-04 -2.946071e-04 -2.679619e-04 -2.714023e-04
 8080.921625 7.702071e-01 2.416559e+00 2.257256e+00 8.543067e-02 -3.401190e-04 -2.946430e-04 -2.641617e-04 -2.650097e-04
 8083.939177 7.690276e-01 2.415650e+00 2.276953e+00 8.667637e-02 -3.328711e-04 -2.942693e-04 -2.625453e-04 -2.605348e-04
 8086.968921 7.678321e-01 2.414536e+00 2.296707e+00 8.564596e-02 -3.291238e-04 -3.001549e-04 -2.655135e-04 -2.584355e-04
 8090.010858 7.582887e-01 2.386738e+00 2.285824e+00 8.545032e-02 -3.269115e-04 -2.996715e-04 -2.584125e-04 -2.720394e-04
 8093.064985 7.489467e-01 2.359795e+00 2.269681e+00 8.472228e-02 -3.326996e-04 -3.046373e-04 -2.571894e-04 -2.854147e-04
 8096.131305 7.696258e-01 2.427439e+00 2.341781e+00 8.647545e-02 -3.344201e-04 -3.103456e-04 -2.449584e-04 -2.794652e-04
 8099.209817 7.687408e-01 2.427085e+00 2.347716e+00 8.685008e-02 -3.281537e-04 -3.116617e-04 -2.395992e-04 -2.785044e-04
 8102.300521 7.681259e-01 2.428164e+00 2.353842e+00 8.666121e-02 -3.328860e-04 -3.081966e-04 -2.532773e-04 -2.742587e-04
 8105.403416 7.671225e-01 2.427350e+00 2.358497e+00 8.663222e-02 -3.256269e-04 -2.945811e-04 -2.627717e-04 -2.658869e-04
 8108.518504 7.660849e-01 2.427017e+00 2.361608e+00 8.668485e-02 -3.256130e-04 -2.905308e-04 -2.624808e-04 -2.623597e-04
 8111.645783 7.661475e-01 2.430315e+00 2.366902e+00 8.699903e-02 -3.326866e-04 -2.996140e-04 -2.607334e-04 -2.629665e-04
 8114.785255 7.652883e-01 2.429893e+00 2.366815e+00 8.714213e-02 -3.472481e-04 -2.978232e-04 -2.625511e-04 -2.624677e-04
 8117.936918 7.641891e-01 2.428877e+00 2.364733e+00 8.691060e-02 -3.504971e-04 -3.048410e-04 -2.532526e-04 -2.577009e-04
 8121.100773 7.643705e-01 2.431936e+00 2.365662e+00 8.709198e-02 -3.476169e-04 -3.039269e-04 -2.605658e-04 -2.598534e-04
 8124.276820 7.631180e-01 2.430705e+00 2.363778e+00 8.641697e-02 -3.377424e-04 -3.033797e-04 -2.592909e-04 -2.601039e-04
 8127.465059 7.622547e-01 2.430671e+00 2.363394e+00 8.714114e-02 -3.435852e-04 -3.035197e-04 -2.605797e-04 -2.544927e-04
 8130.665490 7.621319e-01 2.433083e+00 2.364405e+00 8.653162e-02 -3.514105e-04 -3.124641e-04 -2.678351e-04 -2.577986e-04
 8133.878112 7.612060e-01 2.432730e+00 2.364755e+00 8.763920e-02 -3.514593e-04 -3.117203e-04 -2.691489e-04 -2.586476e-04
 8137.102927 7.605053e-01 2.433153e+00 2.364706e+00 8.779941e-02 -3.421324e-04 -3.214331e-04 -2.673999e-04 -2.612792e-04
 8140.339934 7.602256e-01 2.434990e+00 2.367060e+00 8.669828e-02 -3.426122e-04 -3.250999e-04 -2.666928e-04 -2.639231e-04
 8143.589132 7.595519e-01 2.435611e+00 2.368905e+00 8.697323e-02 -3.443829e-04 -3.158280e-04 -2.762493e-04 -2.705427e-04
 8146.850523 7.590567e-01 2.436610e+00 2.371682e+00 8.696773e-02 -3.444245e-04 -3.091048e-04 -2.650852e-04 -2.631017e-04
 8150.124105 7.583878e-01 2.437336e+00 2.376975e+00 8.718120e-02 -3.517599e-04 -3.079953e-04 -2.528207e-04 -2.563946e-04
 8153.409879 7.578947e-01 2.438271e+00 2.385122e+00 8.663819e-02 -3.473930e-04 -3.108400e-04 -2.492184e-04 -2.574073e-04
 8156.707845 7.572286e-01 2.438751e+00 2.396376e+00 8.747401e-02 -3.294234e-04 -3.089099e-04 -2.593790e-04 -2.437294e-04
 8160.018003 7.563510e-01 2.438998e+00 2.410956e+00 8.712057e-02 -3.247700e-04 -3.113014e-04 -2.717031e-04 -2.498413e-04
 8163.340353 7.556660e-01 2.439119e+00 2.427160e+00 8.778701e-02 -3.272146e-04 -3.060815e-04 -2.769024e-04 -2.516898e-04
 8166.674895 7.560326e-01 2.442772e+00 2.446472e+00 8.702540e-02 -3.359642e-04 -3.030810e-04 -2.651359e-04 -2.604317e-04
 8170.021629 7.549476e-01 2.441790e+00 2.459576e+00 8.827586e-02 -3.453968e-04 -3.064938e-04 -2.656342e-04 -2.711617e-04
 8173.380554 7.543970e-01 2.443189e+00 2.471211e+00 8.782352e-02 -3.442822e-04 -3.152087e-04 -2.637906e-04 -3.047172e-04
 8176.751672 7.544474e-01 2.446033e+00 2.482623e+00 8.731167e-02 -3.408397e-04 -3.156529e-04 -2.613147e-04 -3.008411e-04
 8180.134982 7.536317e-01 2.446798e+00 2.490189e+00 8.878274e-02 -3.364629e-04 -3.078710e-04 -2.701604e-04 -3.110726e-04
 8183.530483 7.523380e-01 2.445254e+00 2.495204e+00 8.745179e-02 -3.345259e-04 -3.084774e-04 -2.628181e-04 -3.092099e-04
 8186.938176 7.525016e-01 2.448658e+00 2.504515e+00 8.793444e-02 -3.337628e-04 -3.138853e-04 -2.659341e-04 -3.120119e-04
 8190.358061 7.516180e-01 2.448654e+00 2.510513e+00 8.831710e-02 -3.477281e-04 -3.142250e-04 -2.646970e-04 -3.100849e-04
 8193.790139 7.508494e-01 2.448222e+00 2.519147e+00 8.745825e-02 -3.511994e-04 -3.081515e-04 -2.723587e-04 -3.128071e-04
 8197.234408 7.505863e-01 2.450178e+00 2.532812e+00 8.799502e-02 -3.442851e-04 -3.042754e-04 -2.627050e-04 -3.116153e-04
 8200.690868 7.500492e-01 2.450948e+00 2.546472e+00 8.724172e-02 -3.414784e-04 -3.048623e-04 -2.587387e-04 -3.040481e-04
 8204.159521 7.488159e-01 2.450261e+00 2.557471e+00 8.808095e-02 -3.558768e-04 -3.113147e-04 -2.725071e-04 -3.032025e-04
 8207.640366 7.483218e-01 2.451805e+00 2.570103e+00 8.792709e-02 -3.543967e-04 -3.099302e-04 -2.725126e-04 -2.922257e-04
 8211.133403 7.481145e-01 2.454001e+00 2.582621e+00 8.811517e-02 -3.528123e-04 -3.062229e-04 -2.631222e-04 -2.913226e-04
 8214.638631 7.471229e-01 2.453951e+00 2.593120e+00 8.790215e-02 -3.478447e-04 -3.141278e-04 -2.697954e-04 -2.929847e-04
 8218.156052 7.461711e-01 2.453455e+00 2.604265e+00 8.795228e-02 -3.460263e-04 -3.179046e-04 -2.753496e-04 -2.945164e-04
 8221.685664 7.458071e-01 2.455112e+00 2.615908e+00 8.826375e-02 -3.446448e-04 -3.184850e-04 -2.745040e-04 -3.010031e-04
 8225.227468 7.455210e-01 2.456995e+00 2.627059e+00 8.851528e-02 -3.441450e-04 -3.134842e-04 -2.675853e-04 -2.953981e-04
 8228.781465 7.445359e-01 2.456950e+00 2.636305e+00 8.822588e-02 -3.450068e-04 -3.051375e-04 -2.617543e-04 -3.001397e-04
 8232.347653 7.437526e-01 2.457474e+00 2.643013e+00 8.789094e-02 -3.389905e-04 -3.091110e-04 -2.519177e-04 -2.972123e-04
 8235.926033 7.432000e-01 2.458422e+00 2.648640e+00 8.827155e-02 -3.307901e-04 -3.094895e-04 -2.549129e-04 -2.983538e-04
 8239.516605 7.428957e-01 2.460494e+00 2.654446e+00 8.822013e-02 -3.348820e-04 -3.133165e-04 -2.575935e-04 -2.971061e-04
 8243.119369 7.419557e-01 2.460219e+00 2.657551e+00 8.858701e-02 -3.421248e-04 -2.968135e-04 -2.613559e-04 -2.988411e-04
 8246.734324 7.413142e-01 2.461034e+00 2.660534e+00 8.867033e-02 -3.400025e-04 -3.052296e-04 -2.629895e-04 -2.907790e-04
 8250.361472 7.408071e-01 2.462179e+00 2.662300e+00 8.842629e-02 -3.449619e-04 -3.094480e-04 -2.672783e-04 -2.948760e-04
 8254.000811 7.401035e-01 2.462561e+00 2.661959e+00 8.850657e-02 -3.398456e-04 -3.091269e-04 -2.743088e-04 -2.928351e-04
 8257.652343 7.396291e-01 2.464432e+00 2.662165e+00 8.885192e-02 -3.411167e-04 -3.146079e-04 -2.707821e-04 -2.664069e-04
 8261.316066 7.388283e-01 2.464753e+00 2.663955e+00 8.890134e-02 -3.375327e-04 -3.158619e-04 -2.733795e-04 -2.589771e-04
 8264.991982 7.382710e-01 2.465762e+00 2.666705e+00 8.897451e-02 -3.430842e-04 -3.139056e-04 -2.780442e-04 -2.504447e-04
 8268.680089 7.375695e-01 2.466185e+00 2.673220e+00 8.872367e-02 -3.419011e-04 -3.048592e-04 -2.772967e-04 -2.527919e-04
 8272.380388 7.369162e-01 2.466933e+00 2.683202e+00 8.963252e-02 -3.450196e-04 -3.148183e-04 -2.725113e-04 -2.485289e-04
 8276.092879 7.338629e-01 2.460154e+00 2.688528e+00 8.841283e-02 -3.459211e-04 -3.143376e-04 -2.760420e-04 -2.356628e-04
 8279.817562 7.339669e-01 2.463417e+00 2.705931e+00 8.921839e-02 -3.397312e-04 -3.060611e-04 -2.764386e-04 -2.369769e-04
 8283.554437 7.349428e-01 2.469361e+00 2.725468e+00 8.910811e-02 -3.407207e-04 -2.957609e-04 -2.749503e-04 -2.465412e-04
 8287.303503 7.344431e-01 2.470806e+00 2.738796e+00 8.908566e-02 -3.460629e-04 -3.049422e-04 -2.663321e-04 -2.415331e-04
 8291.064762 7.335170e-01 2.469541e+00 2.749940e+00 8.940611e-02 -3.399193e-04 -3.096273e-04 -2.641500e-04 -2.477920e-04
 8294.838213 7.329096e-01 2.470684e+00 2.761529e+00 8.954058e-02 -3.420452e-04 -3.101766e-04 -2.682645e-04 -2.456469e-04
 8298.623855 7.325908e-01 2.473155e+00 2.775243e+00 8.983628e-02 -3.437742e-04 -2.934980e-04 -2.649032e-04 -2.532966e-04
 8302.421689 7.315520e-01 2.472254e+00 2.783517e+00 8.940179e-02 -3.428992e-04 -2.888786e-04 -2.739442e-04 -2.675490e-04
 8306.231716 7.310108e-01 2.473581e+00 2.795004e+00 8.931450e-02 -3.446025e-04 -3.036520e-04 -2.731055e-04 -2.662264e-04
 8310.053934 7.300744e-01 2.473362e+00 2.804241e+00 8.958916e-02 -3.554019e-04 -3.045552e-04 -2.692623e-04 -2.604342e-04
 8313.888344 7.295300e-01 2.474694e+00 2.814016e+00 8.964389e-02 -3.627902e-04 -3.114690e-04 -2.660488e-04 -2.563155e-04
 8317.734946 7.287711e-01 2.474643e+00 2.823130e+00 8.913997e-02 -3.542571e-04 -3.118234e-04 -2.533190e-04 -2.514429e-04
 8321.593740 7.281995e-01 2.475401e+00 2.833496e+00 8.983335e-02 -3.480103e-04 -3.041987e-04 -2.500444e-04 -2.535009e-04
 8325.464726 7.277275e-01 2.476746e+00 2.843745e+00 8.956511e-02 -3.445179e-04 -3.011923e-04 -2.526450e-04 -2.578816e-04
 8329.347903 7.268064e-01 2.476618e+00 2.852187e+00 8.994583e-02 -3.449398e-04 -3.159620e-04 -2.571611e-04 -2.654893e-04
 8333.243273 7.255145e-01 2.474991e+00 2.859394e+00 8.954865e-02 -3.468653e-04 -3.199196e-04 -2.619023e-04 -2.720380e-04
 8337.150835 7.242181e-01 2.473479e+00 2.867098e+00 8.947287e-02 -3.395104e-04 -3.210306e-04 -2.672015e-04 -2.728908e-04
 8341.070588 7.237368e-01 2.474764e+00 2.878212e+00 8.984650e-02 -3.349375e-04 -3.184404e-04 -2.570413e-04 -2.622901e-04
 8345.002533 7.226765e-01 2.474372e+00 2.887067e+00 9.000378e-02 -3.356739e-04 -3.101355e-04 -2.561495e-04 -2.584930e-04
 8348.946671 7.212107e-01 2.472565e+00 2.893433e+00 8.998954e-02 -3.421808e-04 -3.022018e-04 -2.690006e-04 -2.563762e-04
 8352.903000 7.204453e-01 2.473286e+00 2.903138e+00 8.989962e-02 -3.461676e-04 -2.981702e-04 -2.818418e-04 -2.607999e-04
 8356.871521 7.198677e-01 2.474466e+00 2.912885e+00 8.944321e-02 -3.364739e-04 -3.004485e-04 -2.862820e-04 -2.600079e-04
 8360.852234 7.192670e-01 2.475407e+00 2.922696e+00 8.948959e-02 -3.282432e-04 -2.986920e-04 -2.648812e-04 -2.534381e-04
 8364.845139 7.191801e-01 2.478500e+00 2.933684e+00 8.999712e-02 -3.306002e-04 -3.099938e-04 -2.689163e-04 -2.567952e-04
 8368.850236 7.182591e-01 2.478630e+00 2.941342e+00 8.998943e-02 -3.288415e-04 -3.103586e-04 -2.691495e-04 -2.637404e-04
 8372.867524 7.169606e-01 2.477299e+00 2.945918e+00 8.973562e-02 -3.276045e-04 -3.118463e-04 -2.680648e-04 -2.529564e-04
 8376.897005 7.173478e-01 2.481618e+00 2.957789e+00 9.037762e-02 -3.291205e-04 -3.100767e-04 -2.765263e-04 -2.536437e-04
 8380.938678 7.159021e-01 2.479181e+00 2.961986e+00 9.027394e-02 -3.446632e-04 -3.165138e-04 -2.704986e-04 -2.472303e-04
 8384.992542 7.155109e-01 2.480849e+00 2.970454e+00 9.039137e-02 -3.499172e-04 -3.174050e-04 -2.702706e-04 -2.506912e-04
 8389.058598 7.146099e-01 2.481261e+00 2.977259e+00 9.043970e-02 -3.474979e-04 -3.110290e-04 -2.752198e-04 -2.603537e-04
 8393.136847 7.140280e-01 2.482065e+00 2.986038e+00 8.971701e-02 -3.458051e-04 -3.113363e-04 -2.746384e-04 -2.543672e-04
 8397.227287 7.124786e-01 2.480153e+00 2.990927e+00 9.007982e-02 -3.387066e-04 -3.157532e-04 -2.724071e-04 -2.791263e-04
 8401.329919 7.128316e-01 2.484128e+00 3.003864e+00 9.055115e-02 -3.365464e-04 -3.095814e-04 -2.707969e-04 -2.759032e-04
 8405.444743 7.095865e-01 2.475833e+00 3.001352e+00 9.012078e-02 -3.455708e-04 -3.112544e-04 -2.649235e-04 -2.716823e-04
 8409.571759 7.107489e-01 2.483499e+00 3.018329e+00 9.012419e-02 -3.606722e-04 -3.081030e-04 -2.720532e-04 -2.689496e-04
 8413.710967 7.097078e-01 2.482760e+00 3.027493e+00 9.072764e-02 -3.529955e-04 -3.087453e-04 -2.734887e-04 -2.687657e-04
 8417.862366 7.090045e-01 2.483597e+00 3.037767e+00 9.029870e-02 -3.514939e-04 -3.070413e-04 -2.711695e-04 -2.598946e-04
 8422.025958 7.080114e-01 2.483156e+00 3.047321e+00 9.036345e-02 -3.530159e-04 -3.074137e-04 -2.675300e-04 -2.663867e-04
 8426.201742 7.075697e-01 2.484453e+00 3.060208e+00 9.082102e-02 -3.537756e-04 -3.067193e-04 -2.638249e-04 -2.567265e-04
 8430.389717 7.069964e-01 2.485908e+00 3.072672e+00 9.048679e-02 -3.497959e-04 -2.940243e-04 -2.627267e-04 -2.659661e-04
 8434.589884 7.062900e-01 2.486518e+00 3.083001e+00 9.112284e-02 -3.449866e-04 -3.075161e-04 -2.718595e-04 -2.671237e-04
 8438.802244 7.055290e-01 2.487242e+00 3.094119e+00 9.055686e-02 -3.468851e-04 -3.130343e-04 -2.639239e-04 -2.683647e-04
 8443.026795 7.049599e-01 2.487927e+00 3.104170e+00 9.109244e-02 -3.459042e-04 -3.074178e-04 -2.698520e-04 -2.675482e-04
 8447.263538 7.040721e-01 2.488356e+00 3.115557e+00 9.087737e-02 -3.463170e-04 -3.093578e-04 -2.742349e-04 -2.609336e-04
 8451.512473 7.031943e-01 2.488438e+00 3.127233e+00 9.061493e-02 -3.477610e-04 -3.003256e-04 -2.780538e-04 -2.550645e-04
 8455.773600 7.025592e-01 2.489251e+00 3.138366e+00 9.077110e-02 -3.543121e-04 -3.079609e-04 -2.697650e-04 -2.546711e-04
 8460.046919 7.015165e-01 2.489005e+00 3.149116e+00 9.125059e-02 -3.537056e-04 -3.080097e-04 -2.654141e-04 -2.518131e-04
 8464.332429 7.010498e-01 2.490202e+00 3.159708e+00 9.141879e-02 -3.485199e-04 -3.116990e-04 -2.538543e-04 -2.459347e-04
 8468.630132 7.002205e-01 2.490312e+00 3.168756e+00 9.088057e-02 -3.402815e-04 -3.107407e-04 -2.687997e-04 -2.580563e-04
 8472.940026 6.992882e-01 2.489917e+00 3.178300e+00 9.135018e-02 -3.420334e-04 -3.036061e-04 -2.703782e-04 -2.569447e-04
 8477.262113 6.986335e-01 2.490676e+00 3.190224e+00 9.129901e-02 -3.440617e-04 -3.038682e-04 -2.740688e-04 -2.576209e-04
 8481.596391 6.977955e-01 2.490565e+00 3.200810e+00 9.113337e-02 -3.425257e-04 -2.996561e-04 -2.716088e-04 -2.488253e-04
 8485.942861 6.966905e-01 2.490044e+00 3.210186e+00 9.130332e-02 -3.451712e-04 -2.970181e-04 -2.536444e-04 -2.547868e-04
 8490.301524 6.952891e-01 2.487713e+00 3.217923e+00 9.174180e-02 -3.426433e-04 -3.049688e-04 -2.586872e-04 -2.619560e-04
 8494.672378 6.944465e-01 2.488008e+00 3.228036e+00 9.141706e-02 -3.373239e-04 -3.076371e-04 -2.549701e-04 -2.623724e-04
 8499.055424 6.934678e-01 2.487765e+00 3.238717e+00 9.126775e-02 -3.373122e-04 -3.014881e-04 -2.514692e-04 -2.519126e-04
 8503.450662 6.925348e-01 2.487774e+00 3.246942e+00 9.127078e-02 -3.420388e-04 -2.956908e-04 -2.574859e-04 -2.539480e-04
 8507.858091 6.910628e-01 2.485901e+00 3.253356e+00 9.148381e-02 -3.465168e-04 -2.902865e-04 -2.594892e-04 -2.534886e-04
 8512.277713 6.879502e-01 2.478163e+00 3.251498e+00 9.116743e-02 -3.428728e-04 -3.070107e-04 -2.533548e-04 -2.611296e-04
 8516.709527 6.555769e-01 2.364726e+00 3.111408e+00 8.712591e-02 -3.366084e-04 -3.178694e-04 -2.509584e-04 -2.704507e-04
 8521.153532 6.460762e-01 2.333768e+00 3.080610e+00 8.584263e-02 -3.429355e-04 -3.218961e-04 -2.563776e-04 -2.666199e-04
 8525.609730 6.890774e-01 2.491794e+00 3.296469e+00 9.133639e-02 -3.529639e-04 -3.132985e-04 -2.651609e-04 -2.619360e-04
 8530.078119 6.899959e-01 2.498569e+00 3.313719e+00 9.207605e-02 -3.468596e-04 -3.046512e-04 -2.587163e-04 -2.572458e-04
 8534.558700 6.890209e-01 2.498210e+00 3.321061e+00 9.186856e-02 -3.425934e-04 -3.070918e-04 -2.587834e-04 -2.551766e-04
 8539.051473 6.885418e-01 2.500006e+00 3.333196e+00 9.189893e-02 -3.473437e-04 -3.105710e-04 -2.615012e-04 -2.900075e-04
 8543.556438 6.871769e-01 2.498752e+00 3.341467e+00 9.185806e-02 -3.367820e-04 -3.149908e-04 -2.654687e-04 -3.100295e-04
 8548.073595 6.863040e-01 2.498578e+00 3.352456e+00 9.151399e-02 -3.434164e-04 -3.070347e-04 -2.614775e-04 -3.082486e-04
 8552.602944 6.855726e-01 2.498924e+00 3.363274e+00 9.196631e-02 -3.421380e-04 -3.027406e-04 -2.551725e-04 -3.078353e-04
 8557.144485 6.848381e-01 2.499465e+00 3.373621e+00 9.185055e-02 -3.395577e-04 -3.057191e-04 -2.676449e-04 -2.864470e-04
 8561.698218 6.835876e-01 2.498370e+00 3.380294e+00 9.190285e-02 -3.424872e-04 -3.138454e-04 -2.742096e-04 -2.561064e-04
 8566.264142 6.826788e-01 2.498636e+00 3.389627e+00 9.179396e-02 -3.452396e-04 -3.152435e-04 -2.795867e-04 -2.618061e-04
 8570.842259 6.819223e-01 2.498921e+00 3.399640e+00 9.184558e-02 -3.400211e-04 -3.111921e-04 -2.599476e-04 -2.596377e-04
 8575.432567 6.810055e-01 2.498781e+00 3.408798e+00 9.218289e-02 -3.369968e-04 -3.018153e-04 -2.642187e-04 -2.666242e-04
 8580.035068 6.799564e-01 2.498889e+00 3.419673e+00 9.207395e-02 -3.378750e-04 -3.082028e-04 -2.595847e-04 -2.688510e-04
 8584.649760 6.789839e-01 2.498169e+00 3.429407e+00 9.212765e-02 -3.496092e-04 -3.129722e-04 -2.591374e-04 -2.612051e-04
 8589.276644 6.779192e-01 2.497226e+00 3.439069e+00 9.201746e-02 -3.515327e-04 -3.095753e-04 -2.544305e-04 -2.656883e-04
 8593.915720 6.761792e-01 2.494384e+00 3.445264e+00 9.202635e-02 -3.474916e-04 -3.088298e-04 -2.587230e-04 -2.791988e-04
 8598.566988 6.747860e-01 2.492584e+00 3.454140e+00 9.230373e-02 -3.554402e-04 -3.106891e-04 -2.604991e-04 -2.703183e-04
 8603.230448 6.723563e-01 2.487132e+00 3.458135e+00 9.193812e-02 -3.560066e-04 -3.072631e-04 -2.590584e-04 -2.712229e-04
 8607.906100 6.682916e-01 2.475489e+00 3.452422e+00 9.160247e-02 -3.514330e-04 -2.928542e-04 -2.612676e-04 -2.760359e-04
 8612.593943 6.462029e-01 2.396437e+00 3.352665e+00 8.889722e-02 -3.469019e-04 -2.954894e-04 -2.591854e-04 -2.714538e-04
 8617.293979 6.059365e-01 2.250142e+00 3.160013e+00 8.314743e-02 -3.514632e-04 -3.119819e-04 -2.569105e-04 -2.633231e-04
 8622.006206 6.814968e-01 2.532266e+00 3.563924e+00 9.390518e-02 -3.463548e-04 -3.114840e-04 -2.611705e-04 -2.510148e-04
 8626.730626 6.796072e-01 2.529328e+00 3.570871e+00 9.378721e-02 -3.511340e-04 -3.097848e-04 -2.616550e-04 -2.511701e-04
 8631.467237 6.767701e-01 2.522635e+00 3.571726e+00 9.353704e-02 -3.557956e-04 -3.100716e-04 -2.736346e-04 -2.552373e-04
 8636.216040 6.750754e-01 2.519541e+00 3.578396e+00 9.337800e-02 -3.482365e-04 -3.132341e-04 -2.739391e-04 -2.593835e-04
 8640.977036 6.738571e-01 2.517822e+00 3.587019e+00 9.343309e-02 -3.464995e-04 -3.071491e-04 -2.684898e-04 -2.632899e-04
 8645.750223 6.726436e-01 2.516484e+00 3.595273e+00 9.299689e-02 -3.383300e-04 -3.060286e-04 -2.590805e-04 -2.754383e-04
 8650.535602 6.715704e-01 2.515736e+00 3.604917e+00 9.328521e-02 -3.280131e-04 -3.056164e-04 -2.639509e-04 -2.790698e-04
 8655.333172 6.705111e-01 2.514827e+00 3.615569e+00 9.345650e-02 -3.272066e-04 -3.005008e-04 -2.577203e-04 -2.670805e-04
 8660.142935 6.693461e-01 2.513827e+00 3.624640e+00 9.350325e-02 -3.272650e-04 -2.990836e-04 -2.504744e-04 -2.545776e-04
 8664.964890 6.681420e-01 2.512875e+00 3.633450e+00 9.325415e-02 -3.320459e-04 -3.058801e-04 -2.568426e-04 -2.529006e-04
 8669.799037 5.885374e-01 2.215423e+00 3.211803e+00 8.244118e-02 -2.939908e-04 -2.708837e-04 -2.333529e-04 -2.178319e-04
 8674.645375 8.017780e-02 3.019072e-01 4.382108e-01 1.121447e-02 -4.102874e-05 -3.628727e-05 -3.218012e-05 -3.089287e-05
