# Facility: NSLS-II
# Beamline: QAS
# Year: 2022
# Cycle: 2
# SAF: 309337
# PI: Li
# Proposal: 309890
# Scan ID: 25065
# UID: e6708ee3-5f3d-4390-a927-8ea4437c6010
# Comment: 
# Start time: 06/09/2022  18:09:40
# Stop time: 06/09/2022  18:10:12
# Total time: 00:31
# Trajectory name: Co-30s-7709.txt
# Element: Cobalt ( 27)
# Edge: K
# E0: 7709
# Reference Foil Element: Co
# Keithley Gains I0: 1E7 V/A It: 1E7 V/A Iref: 1E8 V/A PIPS: 1E8 V/A 
# Ion Chamber Gas Flow Rates: I0: 149.80 sccm He + 349.90 sccm N2 + 0.00 sccm Ar 
# Ion Chamber Gas Flow Rates: It&Iref: 399.70 sccm N2 + 100.10 sccm Ar
# Incident Beam Path Vertical: -27.48 mm
# Incident Slits Positions B: TOP: 1.0 mm Bottom: -1.0 mm Inboard: -1.5 mm Outboard: 1.5 mm
# Sample Stage Positions: Rotation: 45.0 deg Horizontal: -1.00 mm Vertical: 21.98 mm Beam Direction: 0.00 mm
# PerkinElmer Vertical Position: 500.00 mm
# Front End Mirror Horizontal Positions: Up: 14.00 mm Down: 14.00 mm
#
# energy  i0  it  ir  iff  aux1  aux2  aux3  aux4
 7517.877058 4.286520e-01 1.035560e+00 2.911907e+00 3.778793e-02 -1.560223e-04 -1.444428e-04 -1.303204e-04 -1.757078e-04
 7522.877058 8.477921e-01 2.050449e+00 5.777001e+00 7.469917e-02 -3.116734e-04 -2.961496e-04 -2.622323e-04 -3.351597e-04
 7527.877058 8.550240e-01 2.071341e+00 5.851199e+00 7.567795e-02 -3.176808e-04 -2.989754e-04 -2.578095e-04 -3.060997e-04
 7532.877058 8.543223e-01 2.073413e+00 5.870066e+00 7.572492e-02 -3.212565e-04 -2.942273e-04 -2.592404e-04 -3.119421e-04
 7537.877058 8.534621e-01 2.076574e+00 5.893629e+00 7.597286e-02 -3.220079e-04 -3.035636e-04 -2.568751e-04 -3.057201e-04
 7542.877058 8.527567e-01 2.079875e+00 5.917076e+00 7.605753e-02 -3.171260e-04 -2.993822e-04 -2.548894e-04 -2.976552e-04
 7547.877058 8.521724e-01 2.083059e+00 5.941084e+00 7.652776e-02 -3.142752e-04 -3.072158e-04 -2.564224e-04 -2.976395e-04
 7552.877058 8.512473e-01 2.084649e+00 5.961219e+00 7.643692e-02 -3.175797e-04 -3.087865e-04 -2.633736e-04 -3.022723e-04
 7557.877058 8.498286e-01 2.084765e+00 5.975094e+00 7.614364e-02 -3.155916e-04 -2.961771e-04 -2.657931e-04 -3.068326e-04
 7562.877058 8.489527e-01 2.085952e+00 5.992085e+00 7.639337e-02 -3.162312e-04 -2.794315e-04 -2.681045e-04 -2.969044e-04
 7567.877058 8.481575e-01 2.087786e+00 6.012293e+00 7.655835e-02 -3.095952e-04 -2.800582e-04 -2.596006e-04 -2.954818e-04
 7572.877058 8.477775e-01 2.091551e+00 6.038021e+00 7.675283e-02 -3.094545e-04 -2.736430e-04 -2.674279e-04 -2.958747e-04
 7577.877058 8.468185e-01 2.094585e+00 6.060436e+00 7.668624e-02 -3.159420e-04 -2.836972e-04 -2.654241e-04 -2.948133e-04
 7582.877058 8.457712e-01 2.096749e+00 6.080424e+00 7.707758e-02 -3.063386e-04 -2.818233e-04 -2.581655e-04 -3.034639e-04
 7587.877058 8.446436e-01 2.098335e+00 6.099569e+00 7.705118e-02 -3.041077e-04 -2.890064e-04 -2.555066e-04 -2.916273e-04
 7592.877058 8.435582e-01 2.100465e+00 6.119408e+00 7.716801e-02 -3.210950e-04 -2.981637e-04 -2.508269e-04 -2.877951e-04
 7597.877058 8.416962e-01 2.100330e+00 6.132958e+00 7.702977e-02 -3.069345e-04 -2.974663e-04 -2.535302e-04 -2.948570e-04
 7602.877058 8.400914e-01 2.100143e+00 6.146011e+00 7.708876e-02 -3.061385e-04 -2.966858e-04 -2.616361e-04 -2.985036e-04
 7607.877058 8.411554e-01 2.106331e+00 6.178238e+00 7.749965e-02 -3.011806e-04 -2.867543e-04 -2.716813e-04 -3.071287e-04
 7612.877058 8.404448e-01 2.109505e+00 6.201704e+00 7.764177e-02 -3.043834e-04 -2.809118e-04 -2.600797e-04 -3.073187e-04
 7617.877058 8.397590e-01 2.112978e+00 6.226314e+00 7.772238e-02 -3.052743e-04 -2.764390e-04 -2.596380e-04 -3.003806e-04
 7622.877058 8.389564e-01 2.115787e+00 6.249773e+00 7.761389e-02 -3.092955e-04 -2.854024e-04 -2.659235e-04 -3.036683e-04
 7627.877058 8.379269e-01 2.118277e+00 6.272112e+00 7.762939e-02 -3.104115e-04 -2.929298e-04 -2.650626e-04 -2.952677e-04
 7632.877058 8.373874e-01 2.121133e+00 6.294928e+00 7.785501e-02 -3.055855e-04 -2.943235e-04 -2.643856e-04 -2.940757e-04
 7637.877058 8.367885e-01 2.124151e+00 6.317731e+00 7.802209e-02 -3.071855e-04 -2.941557e-04 -2.682428e-04 -2.976002e-04
 7642.877058 8.359549e-01 2.126405e+00 6.337603e+00 7.829007e-02 -3.042299e-04 -2.960635e-04 -2.652808e-04 -2.981385e-04
 7647.877058 8.348444e-01 2.128020e+00 6.355694e+00 7.830107e-02 -3.163898e-04 -2.958830e-04 -2.495197e-04 -3.067330e-04
 7652.877058 8.331064e-01 2.128179e+00 6.370094e+00 7.827064e-02 -3.184844e-04 -2.904883e-04 -2.425036e-04 -3.002786e-04
 7657.877058 8.332810e-01 2.133719e+00 6.400014e+00 7.845357e-02 -3.228753e-04 -2.868862e-04 -2.401406e-04 -2.991271e-04
 7662.877058 8.322483e-01 2.135524e+00 6.417609e+00 7.858921e-02 -3.145059e-04 -2.972554e-04 -2.492782e-04 -3.017118e-04
 7667.877058 8.315628e-01 2.138007e+00 6.436380e+00 7.876459e-02 -3.127948e-04 -2.965315e-04 -2.483884e-04 -2.989137e-04
 7672.877058 8.310480e-01 2.140428e+00 6.456020e+00 7.889902e-02 -3.230498e-04 -2.951875e-04 -2.538472e-04 -3.008228e-04
 7677.877058 8.297413e-01 2.140662e+00 6.467448e+00 7.873406e-02 -3.195238e-04 -3.027359e-04 -2.490970e-04 -3.006629e-04
 7679.000000 8.296347e-01 2.141232e+00 6.471857e+00 7.894653e-02 -3.176502e-04 -3.051225e-04 -2.405923e-04 -2.964986e-04
 7680.000000 8.287003e-01 2.139782e+00 6.467971e+00 7.855803e-02 -3.205542e-04 -2.968444e-04 -2.451180e-04 -3.044405e-04
 7681.000000 8.279312e-01 2.139000e+00 6.466783e+00 7.856331e-02 -3.303800e-04 -3.071517e-04 -2.485350e-04 -3.053293e-04
 7682.000000 8.263826e-01 2.135403e+00 6.458990e+00 7.876686e-02 -3.195048e-04 -2.994571e-04 -2.505765e-04 -3.096796e-04
 7683.000000 8.156184e-01 2.108575e+00 6.378778e+00 7.719210e-02 -3.141863e-04 -3.000517e-04 -2.502523e-04 -3.173001e-04
 7684.000000 8.003506e-01 2.070205e+00 6.262962e+00 7.591751e-02 -3.102698e-04 -2.940925e-04 -2.583894e-04 -3.132928e-04
 7685.000000 8.264923e-01 2.138762e+00 6.471538e+00 7.880910e-02 -3.125653e-04 -2.917550e-04 -2.740092e-04 -3.197481e-04
 7686.000000 8.311835e-01 2.151981e+00 6.511764e+00 7.899896e-02 -3.159804e-04 -3.007802e-04 -2.739713e-04 -3.152307e-04
 7686.200000 8.341961e-01 2.159887e+00 6.537548e+00 7.855137e-02 -3.225606e-04 -2.985841e-04 -2.757178e-04 -3.279970e-04
 7686.400000 8.291157e-01 2.147773e+00 6.498036e+00 7.851157e-02 -3.113901e-04 -3.020399e-04 -2.647002e-04 -3.142673e-04
 7686.600000 8.286569e-01 2.146862e+00 6.498502e+00 7.815579e-02 -3.058725e-04 -2.974956e-04 -2.760045e-04 -3.088829e-04
 7686.800000 8.311035e-01 2.152427e+00 6.516507e+00 7.940121e-02 -3.095071e-04 -3.006498e-04 -2.839652e-04 -3.144454e-04
 7687.000000 8.332055e-01 2.157492e+00 6.532593e+00 8.102041e-02 -3.143708e-04 -3.077754e-04 -2.751444e-04 -3.166370e-04
 7687.200000 8.363852e-01 2.167047e+00 6.558328e+00 7.985392e-02 -3.121311e-04 -3.052653e-04 -2.675810e-04 -3.120791e-04
 7687.400000 8.224104e-01 2.130757e+00 6.449675e+00 7.972290e-02 -3.147650e-04 -3.053900e-04 -2.632651e-04 -3.019105e-04
 7687.600000 8.337041e-01 2.159778e+00 6.536774e+00 7.961887e-02 -3.169733e-04 -3.010864e-04 -2.611183e-04 -2.993854e-04
 7687.800000 8.329554e-01 2.157623e+00 6.532640e+00 7.913869e-02 -3.190451e-04 -3.072087e-04 -2.634251e-04 -3.185255e-04
 7688.000000 8.266735e-01 2.142485e+00 6.487174e+00 7.792976e-02 -3.113642e-04 -3.155147e-04 -2.565700e-04 -3.151530e-04
 7688.200000 8.288263e-01 2.147507e+00 6.499337e+00 7.931990e-02 -3.125980e-04 -3.093501e-04 -2.604073e-04 -3.262868e-04
 7688.400000 8.302337e-01 2.152206e+00 6.515729e+00 8.025207e-02 -3.064850e-04 -3.097606e-04 -2.555243e-04 -3.072471e-04
 7688.600000 8.340287e-01 2.162021e+00 6.542222e+00 8.028442e-02 -3.185386e-04 -3.043192e-04 -2.639503e-04 -3.010379e-04
 7688.800000 8.175850e-01 2.120351e+00 6.414122e+00 7.843417e-02 -3.156001e-04 -2.915933e-04 -2.566482e-04 -3.115212e-04
 7689.000000 8.297901e-01 2.152074e+00 6.508710e+00 7.811783e-02 -3.228985e-04 -3.014684e-04 -2.583675e-04 -3.154083e-04
 7689.200000 8.304872e-01 2.152816e+00 6.516052e+00 7.879476e-02 -3.187582e-04 -3.047327e-04 -2.418350e-04 -3.072249e-04
 7689.400000 8.325442e-01 2.158234e+00 6.533733e+00 7.928198e-02 -3.202088e-04 -3.065410e-04 -2.451486e-04 -2.965812e-04
 7689.600000 8.286138e-01 2.148691e+00 6.507118e+00 7.871079e-02 -3.187510e-04 -3.100707e-04 -2.477779e-04 -2.957722e-04
 7689.800000 8.337206e-01 2.162114e+00 6.544299e+00 7.920111e-02 -3.116357e-04 -3.049114e-04 -2.576925e-04 -2.982200e-04
 7690.000000 8.282406e-01 2.147943e+00 6.502775e+00 7.967142e-02 -3.163929e-04 -3.014851e-04 -2.478367e-04 -2.936786e-04
 7690.200000 8.321079e-01 2.158266e+00 6.536645e+00 7.984170e-02 -3.234806e-04 -3.077822e-04 -2.460919e-04 -2.994093e-04
 7690.400000 8.315384e-01 2.157544e+00 6.538141e+00 7.895078e-02 -3.232362e-04 -3.059624e-04 -2.384986e-04 -3.003286e-04
 7690.600000 8.416870e-01 2.184709e+00 6.613722e+00 7.993293e-02 -3.288002e-04 -3.085934e-04 -2.542164e-04 -3.009547e-04
 7690.800000 8.254861e-01 2.143217e+00 6.485473e+00 8.029900e-02 -3.133342e-04 -3.064101e-04 -2.469695e-04 -2.914034e-04
 7691.000000 8.335203e-01 2.162097e+00 6.546324e+00 8.016160e-02 -3.262542e-04 -3.126226e-04 -2.694172e-04 -3.088686e-04
 7691.200000 8.270066e-01 2.145724e+00 6.495050e+00 7.957257e-02 -3.306262e-04 -3.044567e-04 -2.503327e-04 -2.969622e-04
 7691.400000 8.275159e-01 2.148062e+00 6.503297e+00 7.896148e-02 -3.305820e-04 -3.043489e-04 -2.607551e-04 -2.986770e-04
 7691.600000 8.295154e-01 2.152698e+00 6.516792e+00 7.915869e-02 -3.367001e-04 -3.017795e-04 -2.541110e-04 -2.997708e-04
 7691.800000 8.294150e-01 2.153159e+00 6.519236e+00 7.826913e-02 -3.326229e-04 -3.018259e-04 -2.423152e-04 -2.887079e-04
 7692.000000 8.312136e-01 2.157973e+00 6.531000e+00 7.980798e-02 -3.206938e-04 -2.896625e-04 -2.607641e-04 -3.007151e-04
 7692.200000 8.307336e-01 2.156415e+00 6.525914e+00 7.929171e-02 -3.220475e-04 -2.976453e-04 -2.617401e-04 -2.913442e-04
 7692.400000 8.331706e-01 2.162255e+00 6.544078e+00 7.974299e-02 -3.366377e-04 -2.988879e-04 -2.632240e-04 -2.868199e-04
 7692.600000 8.267811e-01 2.146039e+00 6.495277e+00 7.864075e-02 -3.335162e-04 -3.005264e-04 -2.765607e-04 -2.839011e-04
 7692.800000 8.282677e-01 2.150516e+00 6.514179e+00 7.964943e-02 -3.234532e-04 -2.997377e-04 -2.760586e-04 -2.913210e-04
 7693.000000 8.277427e-01 2.148908e+00 6.505914e+00 7.809795e-02 -3.182945e-04 -2.978103e-04 -2.793540e-04 -3.002258e-04
 7693.200000 8.286427e-01 2.151211e+00 6.515986e+00 7.883041e-02 -3.192879e-04 -2.995196e-04 -2.803643e-04 -3.031497e-04
 7693.400000 8.332283e-01 2.164105e+00 6.549374e+00 8.012376e-02 -3.178269e-04 -2.944917e-04 -2.938660e-04 -2.991653e-04
 7693.600000 8.263105e-01 2.145816e+00 6.494153e+00 7.987764e-02 -3.187520e-04 -2.973075e-04 -2.819658e-04 -2.983081e-04
 7693.800000 8.309625e-01 2.158746e+00 6.531201e+00 8.014028e-02 -3.189616e-04 -2.962286e-04 -2.768107e-04 -2.929408e-04
 7694.000000 8.254538e-01 2.143297e+00 6.487406e+00 7.968931e-02 -3.223533e-04 -2.974806e-04 -2.751016e-04 -2.869001e-04
 7694.200000 8.297624e-01 2.155641e+00 6.520673e+00 8.049204e-02 -3.225673e-04 -3.006451e-04 -2.683626e-04 -2.910838e-04
 7694.400000 8.270684e-01 2.147404e+00 6.497566e+00 7.989498e-02 -3.247559e-04 -2.935503e-04 -2.657084e-04 -2.910815e-04
 7694.600000 8.325039e-01 2.162617e+00 6.541874e+00 7.934152e-02 -3.281884e-04 -2.943061e-04 -2.688384e-04 -3.006755e-04
 7694.800000 8.296748e-01 2.155284e+00 6.518907e+00 7.898102e-02 -3.246164e-04 -2.901872e-04 -2.556727e-04 -2.996039e-04
 7695.000000 8.281604e-01 2.151979e+00 6.506269e+00 7.965153e-02 -3.317081e-04 -2.885657e-04 -2.494090e-04 -3.081301e-04
 7695.200000 8.278130e-01 2.151046e+00 6.508304e+00 8.054518e-02 -3.251289e-04 -3.001518e-04 -2.547631e-04 -3.033246e-04
 7695.400000 8.233297e-01 2.139846e+00 6.472845e+00 7.870086e-02 -3.208633e-04 -2.953004e-04 -2.522278e-04 -2.946809e-04
 7695.600000 8.276448e-01 2.150783e+00 6.503123e+00 7.863090e-02 -3.222456e-04 -2.951076e-04 -2.510674e-04 -2.882777e-04
 7695.800000 8.292915e-01 2.154835e+00 6.515625e+00 7.905678e-02 -3.208736e-04 -3.010358e-04 -2.509209e-04 -3.020569e-04
 7696.000000 8.297511e-01 2.156958e+00 6.522074e+00 7.888756e-02 -3.169641e-04 -2.921247e-04 -2.667833e-04 -3.068835e-04
 7696.200000 8.275393e-01 2.150753e+00 6.503042e+00 8.046388e-02 -3.178544e-04 -2.953360e-04 -2.653924e-04 -2.975527e-04
 7696.400000 8.263128e-01 2.147746e+00 6.491077e+00 7.980056e-02 -3.083063e-04 -2.986668e-04 -2.544387e-04 -3.066424e-04
 7696.600000 8.272288e-01 2.150432e+00 6.498578e+00 7.909431e-02 -3.081598e-04 -2.966876e-04 -2.504500e-04 -3.191927e-04
 7696.800000 8.289966e-01 2.154727e+00 6.513220e+00 7.900615e-02 -3.111979e-04 -2.920002e-04 -2.450159e-04 -3.086476e-04
 7697.000000 8.292731e-01 2.155768e+00 6.515402e+00 8.036887e-02 -3.125219e-04 -2.871503e-04 -2.622226e-04 -3.030705e-04
 7697.200000 8.272887e-01 2.151492e+00 6.500863e+00 7.982100e-02 -3.228182e-04 -2.924599e-04 -2.554844e-04 -3.052126e-04
 7697.400000 8.282247e-01 2.153839e+00 6.508331e+00 7.793774e-02 -3.304323e-04 -3.011785e-04 -2.587530e-04 -3.153237e-04
 7697.600000 8.268808e-01 2.150147e+00 6.497304e+00 7.916004e-02 -3.273230e-04 -2.958931e-04 -2.599049e-04 -3.143023e-04
 7697.800000 8.262172e-01 2.149014e+00 6.491923e+00 8.000684e-02 -3.150179e-04 -2.969258e-04 -2.740750e-04 -3.060786e-04
 7698.000000 8.247931e-01 2.145780e+00 6.482672e+00 7.905336e-02 -3.054914e-04 -3.014340e-04 -2.612567e-04 -3.124864e-04
 7698.200000 8.313683e-01 2.162120e+00 6.531180e+00 7.923973e-02 -3.024709e-04 -2.919848e-04 -2.660308e-04 -3.158599e-04
 7698.400000 8.279873e-01 2.153341e+00 6.506007e+00 7.978295e-02 -3.076305e-04 -2.957241e-04 -2.576439e-04 -2.997019e-04
 7698.600000 8.248581e-01 2.146235e+00 6.480497e+00 7.908156e-02 -3.154900e-04 -3.020040e-04 -2.615954e-04 -3.005949e-04
 7698.800000 8.230637e-01 2.141199e+00 6.465407e+00 7.776362e-02 -3.236923e-04 -3.027689e-04 -2.605415e-04 -2.992230e-04
 7699.000000 8.306136e-01 2.160210e+00 6.521775e+00 7.979900e-02 -3.257165e-04 -3.081172e-04 -2.611347e-04 -3.023392e-04
 7699.200000 8.291328e-01 2.157488e+00 6.508918e+00 8.058736e-02 -3.178936e-04 -3.094649e-04 -2.624811e-04 -3.086621e-04
 7699.400000 8.251578e-01 2.146813e+00 6.475666e+00 7.951051e-02 -3.135513e-04 -3.114990e-04 -2.548100e-04 -3.124623e-04
 7699.600000 8.286014e-01 2.155830e+00 6.505130e+00 8.011575e-02 -3.138030e-04 -3.133319e-04 -2.713056e-04 -3.053814e-04
 7699.800000 8.283872e-01 2.155797e+00 6.500659e+00 7.918574e-02 -3.243872e-04 -3.058629e-04 -2.691639e-04 -3.113495e-04
 7700.000000 8.293575e-01 2.157757e+00 6.503293e+00 7.809006e-02 -3.166458e-04 -2.988116e-04 -2.650082e-04 -3.191629e-04
 7700.200000 8.246296e-01 2.145464e+00 6.464222e+00 7.851558e-02 -3.038290e-04 -2.931501e-04 -2.504984e-04 -3.139565e-04
 7700.400000 8.275326e-01 2.154108e+00 6.489941e+00 7.916075e-02 -3.147880e-04 -2.863891e-04 -2.484204e-04 -3.089650e-04
 7700.600000 8.257898e-01 2.149102e+00 6.474742e+00 7.991401e-02 -3.185811e-04 -2.934575e-04 -2.390727e-04 -2.968584e-04
 7700.800000 8.291663e-01 2.157846e+00 6.498352e+00 7.925116e-02 -3.273773e-04 -3.071497e-04 -2.457170e-04 -3.017724e-04
 7701.000000 8.280165e-01 2.154889e+00 6.487236e+00 7.869931e-02 -3.269336e-04 -3.018373e-04 -2.540718e-04 -2.988399e-04
 7701.200000 8.198373e-01 2.134025e+00 6.419561e+00 7.915696e-02 -3.256317e-04 -2.987144e-04 -2.659615e-04 -2.925316e-04
 7701.400000 8.212786e-01 2.137706e+00 6.430197e+00 7.831353e-02 -3.239904e-04 -3.028735e-04 -2.746322e-04 -2.998195e-04
 7701.600000 8.316936e-01 2.164976e+00 6.509185e+00 7.990091e-02 -3.149047e-04 -3.116931e-04 -2.801078e-04 -3.069422e-04
 7701.800000 8.259942e-01 2.150793e+00 6.462704e+00 7.874223e-02 -3.115431e-04 -3.086228e-04 -2.752944e-04 -3.019708e-04
 7702.000000 8.216872e-01 2.138892e+00 6.423222e+00 7.990244e-02 -3.099561e-04 -3.011105e-04 -2.699273e-04 -3.107663e-04
 7702.200000 8.302299e-01 2.161670e+00 6.489974e+00 7.990710e-02 -3.164932e-04 -3.120794e-04 -2.625817e-04 -3.065039e-04
 7702.400000 8.268266e-01 2.153039e+00 6.460910e+00 7.798417e-02 -3.085788e-04 -3.007591e-04 -2.812282e-04 -3.068823e-04
 7702.600000 8.265208e-01 2.152679e+00 6.454368e+00 8.069328e-02 -3.185271e-04 -3.082610e-04 -2.804475e-04 -3.075574e-04
 7702.800000 8.267399e-01 2.153697e+00 6.454072e+00 7.962104e-02 -3.271918e-04 -3.061618e-04 -2.725377e-04 -3.068742e-04
 7703.000000 8.232910e-01 2.144874e+00 6.425227e+00 7.922617e-02 -3.170765e-04 -3.121969e-04 -2.636523e-04 -3.050809e-04
 7703.200000 8.324669e-01 2.169009e+00 6.491489e+00 7.968537e-02 -3.209921e-04 -3.135515e-04 -2.645554e-04 -3.055635e-04
 7703.400000 8.261354e-01 2.152757e+00 6.437592e+00 7.802704e-02 -3.169613e-04 -3.071312e-04 -2.711578e-04 -3.106526e-04
 7703.600000 8.240996e-01 2.147283e+00 6.417158e+00 8.016721e-02 -3.014907e-04 -3.117599e-04 -2.657193e-04 -3.061204e-04
 7703.800000 8.291370e-01 2.160912e+00 6.452412e+00 7.895030e-02 -3.032540e-04 -3.149020e-04 -2.725415e-04 -3.083242e-04
 7704.000000 8.283176e-01 2.158940e+00 6.441724e+00 7.920386e-02 -3.000621e-04 -3.099098e-04 -2.780084e-04 -3.268239e-04
 7704.200000 8.254500e-01 2.151205e+00 6.406681e+00 8.039682e-02 -3.006309e-04 -3.229992e-04 -2.681252e-04 -3.242713e-04
 7704.400000 8.235773e-01 2.146533e+00 6.388057e+00 7.905168e-02 -3.028829e-04 -3.089169e-04 -2.609037e-04 -3.237116e-04
 7704.600000 8.232237e-01 2.145934e+00 6.377791e+00 7.893236e-02 -3.043057e-04 -2.975495e-04 -2.651624e-04 -3.179703e-04
 7704.800000 8.264763e-01 2.154768e+00 6.393502e+00 8.006979e-02 -3.141475e-04 -2.980909e-04 -2.837544e-04 -3.252037e-04
 7705.000000 8.191135e-01 2.135917e+00 6.324628e+00 7.892888e-02 -3.132935e-04 -3.113245e-04 -2.794083e-04 -3.139815e-04
 7705.200000 8.235759e-01 2.147209e+00 6.347995e+00 7.929550e-02 -3.191975e-04 -3.070464e-04 -2.774600e-04 -3.113342e-04
 7705.400000 8.287492e-01 2.161023e+00 6.375543e+00 7.862026e-02 -3.155032e-04 -3.107392e-04 -2.801699e-04 -3.159954e-04
 7705.600000 8.225231e-01 2.144657e+00 6.315763e+00 7.841137e-02 -3.035316e-04 -3.056596e-04 -2.734090e-04 -3.190575e-04
 7705.800000 8.287470e-01 2.161679e+00 6.349649e+00 7.964735e-02 -2.987750e-04 -3.038655e-04 -2.695922e-04 -3.052003e-04
 7706.000000 8.259355e-01 2.154938e+00 6.307761e+00 7.907156e-02 -3.078058e-04 -3.059855e-04 -2.747408e-04 -2.919117e-04
 7706.200000 8.241522e-01 2.150212e+00 6.272338e+00 7.834487e-02 -3.024645e-04 -3.040176e-04 -2.795117e-04 -2.995378e-04
 7706.400000 8.248054e-01 2.151211e+00 6.249364e+00 7.911193e-02 -3.003836e-04 -2.968724e-04 -2.728688e-04 -3.040892e-04
 7706.600000 8.267038e-01 2.156726e+00 6.233960e+00 7.966665e-02 -3.062292e-04 -3.047640e-04 -2.761767e-04 -3.182683e-04
 7706.800000 8.242358e-01 2.151051e+00 6.177482e+00 8.007212e-02 -3.117300e-04 -2.941158e-04 -2.802696e-04 -3.110596e-04
 7707.000000 8.265915e-01 2.157445e+00 6.151104e+00 7.950419e-02 -3.145272e-04 -2.967140e-04 -2.672749e-04 -3.002948e-04
 7707.200000 8.264637e-01 2.157029e+00 6.083939e+00 7.885001e-02 -3.185262e-04 -3.002031e-04 -2.681150e-04 -2.950716e-04
 7707.400000 8.219691e-01 2.145589e+00 5.973554e+00 7.877831e-02 -3.227523e-04 -3.046367e-04 -2.761541e-04 -3.047541e-04
 7707.600000 8.257994e-01 2.155359e+00 5.906418e+00 7.995446e-02 -3.242299e-04 -3.026761e-04 -2.714844e-04 -3.105756e-04
 7707.800000 8.253675e-01 2.154322e+00 5.787998e+00 7.978522e-02 -3.241810e-04 -3.073192e-04 -2.824954e-04 -3.161565e-04
 7708.000000 8.266277e-01 2.157562e+00 5.663010e+00 8.014365e-02 -3.242304e-04 -3.156040e-04 -2.796990e-04 -3.130381e-04
 7708.200000 8.257073e-01 2.155760e+00 5.511695e+00 7.963545e-02 -3.191286e-04 -3.117898e-04 -2.773830e-04 -3.150775e-04
 7708.400000 8.255729e-01 2.156358e+00 5.360545e+00 7.908493e-02 -3.191756e-04 -3.013388e-04 -2.787879e-04 -3.133901e-04
 7708.600000 8.254061e-01 2.155522e+00 5.214589e+00 7.925550e-02 -3.295604e-04 -2.966367e-04 -2.820629e-04 -3.069754e-04
 7708.800000 8.257903e-01 2.156733e+00 5.074468e+00 7.911435e-02 -3.313092e-04 -3.001122e-04 -2.921556e-04 -3.115469e-04
 7709.000000 8.250288e-01 2.154766e+00 4.935371e+00 7.933009e-02 -3.232765e-04 -2.987924e-04 -2.870236e-04 -3.276144e-04
 7709.200000 8.257150e-01 2.157226e+00 4.814115e+00 7.903501e-02 -3.219681e-04 -3.061751e-04 -2.916194e-04 -3.517783e-04
 7709.400000 8.240996e-01 2.153613e+00 4.683281e+00 7.948557e-02 -3.227903e-04 -2.998495e-04 -2.998385e-04 -3.491679e-04
 7709.600000 8.239762e-01 2.153197e+00 4.566169e+00 7.885404e-02 -3.310634e-04 -2.940424e-04 -2.966301e-04 -3.517946e-04
 7709.800000 8.254681e-01 2.157302e+00 4.468889e+00 7.992820e-02 -3.267180e-04 -2.873793e-04 -2.989848e-04 -3.478577e-04
 7710.000000 8.248965e-01 2.155980e+00 4.364665e+00 7.946855e-02 -3.243235e-04 -2.843229e-04 -2.885245e-04 -3.461379e-04
 7710.200000 8.257944e-01 2.158189e+00 4.277073e+00 7.960707e-02 -3.164665e-04 -2.999980e-04 -2.901723e-04 -3.484392e-04
 7710.400000 8.254257e-01 2.157592e+00 4.193397e+00 7.978483e-02 -3.211291e-04 -3.060121e-04 -2.913388e-04 -3.445931e-04
 7710.600000 8.260328e-01 2.159442e+00 4.121426e+00 8.008627e-02 -3.197943e-04 -2.997865e-04 -2.830331e-04 -3.449105e-04
 7710.800000 8.246235e-01 2.156103e+00 4.047837e+00 7.955475e-02 -3.189161e-04 -3.068495e-04 -2.836892e-04 -3.281389e-04
 7711.000000 8.256821e-01 2.158433e+00 3.992871e+00 7.952251e-02 -3.282385e-04 -3.059328e-04 -2.895571e-04 -3.000160e-04
 7711.200000 8.279377e-01 2.163869e+00 3.953069e+00 7.981885e-02 -3.296776e-04 -3.051500e-04 -2.908329e-04 -3.034073e-04
 7711.400000 8.238247e-01 2.153102e+00 3.887869e+00 7.932022e-02 -3.246572e-04 -3.058025e-04 -2.795259e-04 -2.996332e-04
 7711.600000 8.257397e-01 2.159359e+00 3.864844e+00 7.937809e-02 -3.301704e-04 -3.103621e-04 -2.828075e-04 -2.955917e-04
 7711.800000 8.268047e-01 2.161927e+00 3.841934e+00 7.975087e-02 -3.272230e-04 -3.028457e-04 -2.769537e-04 -3.006134e-04
 7712.000000 8.264656e-01 2.160322e+00 3.818510e+00 7.973694e-02 -3.162227e-04 -2.960299e-04 -2.661026e-04 -2.984748e-04
 7712.200000 8.256558e-01 2.158547e+00 3.797976e+00 7.963433e-02 -3.136018e-04 -2.983558e-04 -2.612133e-04 -2.958011e-04
 7712.400000 8.266054e-01 2.161029e+00 3.788643e+00 7.989840e-02 -3.195063e-04 -2.959412e-04 -2.547447e-04 -2.930884e-04
 7712.600000 8.244943e-01 2.155987e+00 3.767934e+00 7.935775e-02 -3.214835e-04 -2.893143e-04 -2.545453e-04 -3.022119e-04
 7712.800000 8.256587e-01 2.158793e+00 3.764202e+00 7.960798e-02 -3.190070e-04 -2.959177e-04 -2.508947e-04 -2.925214e-04
 7713.000000 8.244115e-01 2.155851e+00 3.749229e+00 7.914356e-02 -3.301560e-04 -2.918872e-04 -2.587074e-04 -2.989089e-04
 7713.200000 8.247278e-01 2.157303e+00 3.743155e+00 7.968163e-02 -3.340400e-04 -2.997864e-04 -2.742391e-04 -3.040613e-04
 7713.400000 8.245770e-01 2.157118e+00 3.732484e+00 7.921933e-02 -3.343591e-04 -2.999808e-04 -2.740671e-04 -3.036779e-04
 7713.600000 8.254008e-01 2.159330e+00 3.719887e+00 7.968620e-02 -3.249738e-04 -3.216338e-04 -2.669588e-04 -3.008351e-04
 7713.800000 8.244074e-01 2.156680e+00 3.696167e+00 8.004515e-02 -3.075590e-04 -3.248651e-04 -2.711769e-04 -2.998518e-04
 7714.000000 8.247822e-01 2.157933e+00 3.672124e+00 7.929267e-02 -3.114695e-04 -3.243789e-04 -2.622795e-04 -2.970449e-04
 7714.200000 8.246949e-01 2.158142e+00 3.642014e+00 7.941912e-02 -3.141908e-04 -3.156419e-04 -2.824937e-04 -3.043016e-04
 7714.400000 8.251504e-01 2.159470e+00 3.608139e+00 7.990965e-02 -3.151662e-04 -3.195160e-04 -2.703834e-04 -3.173512e-04
 7714.600000 8.238376e-01 2.156156e+00 3.561042e+00 7.895867e-02 -3.200550e-04 -3.162459e-04 -2.637417e-04 -3.207241e-04
 7714.800000 8.251574e-01 2.159711e+00 3.523550e+00 7.989048e-02 -3.217632e-04 -3.043750e-04 -2.672321e-04 -3.209030e-04
 7715.000000 8.249553e-01 2.159134e+00 3.476659e+00 8.002750e-02 -3.199161e-04 -2.997209e-04 -2.660961e-04 -3.144662e-04
 7715.200000 8.239677e-01 2.156595e+00 3.423050e+00 7.957719e-02 -3.187968e-04 -3.104664e-04 -2.661777e-04 -3.121788e-04
 7715.400000 8.234595e-01 2.155819e+00 3.372015e+00 7.914945e-02 -3.264441e-04 -3.157831e-04 -2.742655e-04 -3.187350e-04
 7715.600000 8.225883e-01 2.153470e+00 3.317802e+00 7.916464e-02 -3.262454e-04 -3.137003e-04 -2.683880e-04 -3.147352e-04
 7715.800000 8.244956e-01 2.159109e+00 3.280121e+00 7.948789e-02 -3.159564e-04 -3.092408e-04 -2.700558e-04 -3.170206e-04
 7716.000000 8.235582e-01 2.156506e+00 3.228353e+00 7.940179e-02 -3.113816e-04 -3.020154e-04 -2.670461e-04 -3.128777e-04
 7716.200000 8.240852e-01 2.158031e+00 3.183252e+00 8.023865e-02 -3.090880e-04 -3.043592e-04 -2.531946e-04 -3.108579e-04
 7716.400000 8.229152e-01 2.155125e+00 3.132966e+00 7.974553e-02 -3.123997e-04 -3.013826e-04 -2.560273e-04 -3.085395e-04
 7716.600000 8.236205e-01 2.157179e+00 3.090597e+00 7.959007e-02 -3.217224e-04 -2.937288e-04 -2.648292e-04 -3.149332e-04
 7716.800000 8.201330e-01 2.147649e+00 3.035686e+00 7.831558e-02 -3.142729e-04 -2.935719e-04 -2.596504e-04 -3.001668e-04
 7717.000000 8.232727e-01 2.156881e+00 3.004488e+00 7.937220e-02 -3.194833e-04 -3.047783e-04 -2.497424e-04 -2.973775e-04
 7717.200000 8.251987e-01 2.161880e+00 2.969096e+00 8.005884e-02 -3.217792e-04 -2.987798e-04 -2.458740e-04 -3.063474e-04
 7717.400000 8.231886e-01 2.156573e+00 2.919267e+00 7.927900e-02 -3.241762e-04 -2.962092e-04 -2.472920e-04 -2.983601e-04
 7717.600000 8.206255e-01 2.149960e+00 2.865519e+00 8.037068e-02 -3.288072e-04 -3.098021e-04 -2.457969e-04 -3.039927e-04
 7717.800000 8.215393e-01 2.152767e+00 2.827375e+00 7.934641e-02 -3.362209e-04 -3.063790e-04 -2.414390e-04 -3.060682e-04
 7718.000000 8.211528e-01 2.152139e+00 2.782974e+00 7.937853e-02 -3.289221e-04 -3.095858e-04 -2.451394e-04 -2.974134e-04
 7718.200000 8.222284e-01 2.154529e+00 2.744390e+00 7.985401e-02 -3.232410e-04 -3.016326e-04 -2.636364e-04 -3.093333e-04
 7718.400000 8.236484e-01 2.158749e+00 2.705927e+00 8.010076e-02 -3.198969e-04 -2.946864e-04 -2.550246e-04 -3.092215e-04
 7718.600000 8.234418e-01 2.158135e+00 2.660607e+00 7.975529e-02 -3.245748e-04 -2.943155e-04 -2.654995e-04 -3.098941e-04
 7718.800000 8.249725e-01 2.162321e+00 2.623305e+00 8.001206e-02 -3.245744e-04 -2.911795e-04 -2.629886e-04 -3.116895e-04
 7719.000000 8.230004e-01 2.157351e+00 2.573024e+00 8.059123e-02 -3.299637e-04 -2.919643e-04 -2.610247e-04 -3.159815e-04
 7719.200000 8.225666e-01 2.156635e+00 2.529418e+00 7.944387e-02 -3.271728e-04 -2.958422e-04 -2.635529e-04 -3.224077e-04
 7719.400000 8.241583e-01 2.160956e+00 2.491957e+00 8.078861e-02 -3.194172e-04 -3.007002e-04 -2.627782e-04 -3.169164e-04
 7719.600000 8.232465e-01 2.158458e+00 2.444062e+00 7.929646e-02 -3.245667e-04 -3.052741e-04 -2.694311e-04 -3.290054e-04
 7719.800000 8.176666e-01 2.143921e+00 2.382937e+00 7.966861e-02 -3.209555e-04 -3.137304e-04 -2.817716e-04 -3.218142e-04
 7720.000000 8.250482e-01 2.163122e+00 2.359693e+00 7.941208e-02 -3.241310e-04 -3.145084e-04 -2.897336e-04 -3.169893e-04
 7720.200000 8.212355e-01 2.153231e+00 2.304131e+00 7.840876e-02 -3.215488e-04 -3.115821e-04 -2.787626e-04 -3.111710e-04
 7720.400000 8.215816e-01 2.153821e+00 2.260962e+00 7.938854e-02 -3.191258e-04 -3.131798e-04 -2.646528e-04 -3.092728e-04
 7720.600000 8.227278e-01 2.157987e+00 2.218753e+00 7.920004e-02 -3.108323e-04 -3.176069e-04 -2.853912e-04 -3.156590e-04
 7720.800000 8.237144e-01 2.160035e+00 2.178715e+00 7.971090e-02 -3.088858e-04 -3.174242e-04 -2.861160e-04 -3.111835e-04
 7721.000000 8.265032e-01 2.167735e+00 2.141975e+00 7.947526e-02 -3.104358e-04 -3.175631e-04 -2.682596e-04 -3.016725e-04
 7721.200000 8.218025e-01 2.155513e+00 2.084404e+00 8.049520e-02 -3.108309e-04 -3.234192e-04 -2.804836e-04 -3.080611e-04
 7721.400000 8.206880e-01 2.153081e+00 2.038052e+00 8.051230e-02 -3.189379e-04 -3.266303e-04 -2.860278e-04 -3.166058e-04
 7721.600000 8.228819e-01 2.158590e+00 2.001002e+00 7.842120e-02 -3.193420e-04 -3.261484e-04 -2.852352e-04 -3.236541e-04
 7721.800000 8.255110e-01 2.165720e+00 1.964324e+00 8.078843e-02 -3.161601e-04 -3.147989e-04 -2.870214e-04 -3.216013e-04
 7722.000000 8.137941e-01 2.135478e+00 1.894596e+00 7.765241e-02 -3.122897e-04 -3.014535e-04 -2.763326e-04 -3.074168e-04
 7722.200000 8.274750e-01 2.170955e+00 1.888737e+00 8.066581e-02 -3.112879e-04 -3.043132e-04 -2.749000e-04 -3.139896e-04
 7722.400000 8.240290e-01 2.162196e+00 1.842083e+00 8.022512e-02 -3.175487e-04 -3.022109e-04 -2.706327e-04 -3.168782e-04
 7722.600000 8.223291e-01 2.158379e+00 1.800521e+00 7.942322e-02 -3.097968e-04 -2.966587e-04 -2.679230e-04 -3.118640e-04
 7722.800000 8.174390e-01 2.145447e+00 1.756067e+00 7.906004e-02 -3.070252e-04 -2.997819e-04 -2.687104e-04 -3.176128e-04
 7723.000000 8.249033e-01 2.164422e+00 1.740731e+00 8.014142e-02 -3.137256e-04 -3.160190e-04 -2.647451e-04 -3.148928e-04
 7723.200000 8.219422e-01 2.157354e+00 1.704195e+00 7.913348e-02 -3.120210e-04 -3.202893e-04 -2.673772e-04 -3.077351e-04
 7723.400000 8.211343e-01 2.155541e+00 1.676737e+00 7.951620e-02 -3.174288e-04 -3.201648e-04 -2.740512e-04 -3.159765e-04
 7723.600000 8.253675e-01 2.166743e+00 1.663166e+00 7.947004e-02 -3.152669e-04 -3.096227e-04 -2.782637e-04 -3.296700e-04
 7723.800000 8.250443e-01 2.165943e+00 1.641886e+00 8.087538e-02 -3.182320e-04 -3.075587e-04 -2.714029e-04 -3.232844e-04
 7724.000000 8.230700e-01 2.160461e+00 1.618069e+00 8.014519e-02 -3.166883e-04 -3.078289e-04 -2.742391e-04 -3.152860e-04
 7724.200000 8.204546e-01 2.154682e+00 1.599070e+00 8.046578e-02 -3.149302e-04 -3.119719e-04 -2.691472e-04 -3.217026e-04
 7724.400000 8.175635e-01 2.146835e+00 1.581325e+00 7.832913e-02 -3.178105e-04 -3.065553e-04 -2.617480e-04 -3.332893e-04
 7724.600000 8.231188e-01 2.160910e+00 1.582415e+00 7.911455e-02 -3.222966e-04 -3.055333e-04 -2.704745e-04 -3.370031e-04
 7724.800000 8.224162e-01 2.159023e+00 1.571784e+00 8.035049e-02 -3.185374e-04 -3.032206e-04 -2.705396e-04 -3.202468e-04
 7725.000000 8.224707e-01 2.160120e+00 1.564936e+00 8.060809e-02 -3.232130e-04 -2.962395e-04 -2.528985e-04 -3.312579e-04
 7725.200000 8.204036e-01 2.155393e+00 1.557397e+00 8.025084e-02 -3.246993e-04 -2.953851e-04 -2.510851e-04 -3.181359e-04
 7725.400000 8.269993e-01 2.172378e+00 1.565847e+00 8.074737e-02 -3.185453e-04 -2.959441e-04 -2.649149e-04 -3.187542e-04
 7725.600000 8.168969e-01 2.146399e+00 1.545850e+00 7.954748e-02 -3.136552e-04 -2.953583e-04 -2.542043e-04 -3.269828e-04
 7725.800000 8.242016e-01 2.166246e+00 1.557940e+00 8.030801e-02 -3.302496e-04 -3.023299e-04 -2.430716e-04 -3.248973e-04
 7726.000000 8.228304e-01 2.162732e+00 1.555617e+00 8.028461e-02 -3.299432e-04 -3.033556e-04 -2.569097e-04 -3.112245e-04
 7726.200000 8.162706e-01 2.145533e+00 1.542624e+00 7.915231e-02 -3.125832e-04 -2.966768e-04 -2.537603e-04 -3.102880e-04
 7726.400000 8.265966e-01 2.173520e+00 1.563129e+00 7.993207e-02 -3.121544e-04 -2.944179e-04 -2.450054e-04 -3.108237e-04
 7726.600000 8.235280e-01 2.165366e+00 1.559656e+00 8.005642e-02 -3.147488e-04 -2.884417e-04 -2.575670e-04 -3.186269e-04
 7726.800000 8.181571e-01 2.151530e+00 1.550294e+00 7.818740e-02 -3.154366e-04 -2.940060e-04 -2.561712e-04 -3.106277e-04
 7727.000000 8.242608e-01 2.168019e+00 1.566640e+00 8.091190e-02 -3.151650e-04 -2.993354e-04 -2.673250e-04 -3.255450e-04
 7727.200000 8.205876e-01 2.158803e+00 1.560942e+00 7.874907e-02 -3.034833e-04 -2.911170e-04 -2.669763e-04 -3.232784e-04
 7727.400000 8.246952e-01 2.169941e+00 1.571466e+00 8.125892e-02 -3.021049e-04 -2.885812e-04 -2.699536e-04 -3.095215e-04
 7727.600000 8.207392e-01 2.159470e+00 1.566029e+00 8.040954e-02 -3.097820e-04 -2.933062e-04 -2.712487e-04 -3.071081e-04
 7727.800000 8.185473e-01 2.154102e+00 1.564382e+00 7.945369e-02 -3.220553e-04 -2.926475e-04 -2.587788e-04 -2.973503e-04
 7728.000000 8.184107e-01 2.153621e+00 1.566086e+00 7.873046e-02 -3.296974e-04 -2.906771e-04 -2.648255e-04 -3.036972e-04
 7728.200000 8.227819e-01 2.164614e+00 1.576879e+00 7.985134e-02 -3.340993e-04 -2.984892e-04 -2.814184e-04 -3.108313e-04
 7728.400000 8.252505e-01 2.172068e+00 1.583505e+00 8.033044e-02 -3.354973e-04 -2.989992e-04 -2.655002e-04 -3.095801e-04
 7728.600000 8.224669e-01 2.163848e+00 1.580147e+00 7.980773e-02 -3.310029e-04 -2.935352e-04 -2.735877e-04 -3.114455e-04
 7728.800000 8.214985e-01 2.162925e+00 1.578532e+00 7.991017e-02 -3.304342e-04 -2.954351e-04 -2.726929e-04 -3.216047e-04
 7729.000000 8.206016e-01 2.160277e+00 1.576914e+00 7.904463e-02 -3.241760e-04 -2.979562e-04 -2.791374e-04 -3.187287e-04
 7729.200000 8.216363e-01 2.162943e+00 1.577712e+00 7.892791e-02 -3.193913e-04 -2.911776e-04 -2.612850e-04 -3.119343e-04
 7729.400000 8.218802e-01 2.163128e+00 1.574257e+00 8.124224e-02 -3.217692e-04 -2.918691e-04 -2.515152e-04 -3.165212e-04
 7729.600000 8.207730e-01 2.160743e+00 1.568162e+00 8.082447e-02 -3.250826e-04 -2.928454e-04 -2.587905e-04 -3.157870e-04
 7729.800000 8.200226e-01 2.158797e+00 1.563269e+00 7.887029e-02 -3.202430e-04 -3.026612e-04 -2.488198e-04 -3.178240e-04
 7730.000000 8.217124e-01 2.163415e+00 1.561651e+00 7.980240e-02 -3.191698e-04 -3.115416e-04 -2.603686e-04 -3.112072e-04
 7730.200000 8.211264e-01 2.161897e+00 1.554702e+00 7.999830e-02 -3.133104e-04 -3.041118e-04 -2.522158e-04 -3.079221e-04
 7730.400000 8.238499e-01 2.169992e+00 1.552147e+00 7.941151e-02 -3.058916e-04 -2.977880e-04 -2.667107e-04 -3.054989e-04
 7730.600000 8.197567e-01 2.158702e+00 1.533946e+00 8.020273e-02 -3.112303e-04 -2.944540e-04 -2.700900e-04 -3.021883e-04
 7730.800000 8.176770e-01 2.153281e+00 1.522696e+00 8.079344e-02 -3.196477e-04 -2.906545e-04 -2.630762e-04 -3.083973e-04
 7731.000000 8.243585e-01 2.171058e+00 1.525830e+00 7.928401e-02 -3.110097e-04 -3.006288e-04 -2.497530e-04 -3.141471e-04
 7731.200000 8.247167e-01 2.172460e+00 1.515793e+00 8.104583e-02 -3.151445e-04 -2.953005e-04 -2.449125e-04 -3.058885e-04
 7731.400000 8.185670e-01 2.156113e+00 1.493584e+00 7.996523e-02 -3.147717e-04 -2.908588e-04 -2.466694e-04 -2.994263e-04
 7731.600000 8.209437e-01 2.162740e+00 1.488066e+00 8.094418e-02 -3.212979e-04 -2.994182e-04 -2.479303e-04 -2.997208e-04
 7731.800000 8.210057e-01 2.163390e+00 1.478438e+00 7.996023e-02 -3.133016e-04 -2.944680e-04 -2.553140e-04 -3.021774e-04
 7732.000000 8.181038e-01 2.155965e+00 1.466044e+00 7.877012e-02 -3.228189e-04 -2.951566e-04 -2.377938e-04 -2.978616e-04
 7732.200000 8.174681e-01 2.154558e+00 1.456721e+00 7.946221e-02 -3.254073e-04 -2.937907e-04 -2.519117e-04 -2.961298e-04
 7732.400000 8.267436e-01 2.178544e+00 1.466443e+00 8.118043e-02 -3.299876e-04 -2.949598e-04 -2.491584e-04 -2.901119e-04
 7732.600000 8.221594e-01 2.166544e+00 1.451251e+00 8.052067e-02 -3.174741e-04 -2.939185e-04 -2.515984e-04 -2.901046e-04
 7732.800000 8.153506e-01 2.149022e+00 1.436294e+00 8.032814e-02 -3.075053e-04 -2.946631e-04 -2.334022e-04 -2.867777e-04
 7733.000000 8.190759e-01 2.158755e+00 1.437090e+00 8.127841e-02 -3.109075e-04 -2.902587e-04 -2.484386e-04 -3.084233e-04
 7733.200000 8.257994e-01 2.176668e+00 1.450369e+00 8.008161e-02 -3.134080e-04 -2.880332e-04 -2.620587e-04 -3.117603e-04
 7733.400000 8.222371e-01 2.167551e+00 1.444156e+00 8.092183e-02 -3.031173e-04 -2.907842e-04 -2.627180e-04 -3.176041e-04
 7733.600000 8.210252e-01 2.165176e+00 1.442510e+00 8.089994e-02 -3.047933e-04 -3.002772e-04 -2.574567e-04 -3.057929e-04
 7733.800000 8.235378e-01 2.172771e+00 1.449985e+00 8.083325e-02 -3.146674e-04 -3.112651e-04 -2.681250e-04 -3.084499e-04
 7734.000000 8.186252e-01 2.159983e+00 1.444990e+00 8.120059e-02 -3.121829e-04 -3.022516e-04 -2.519799e-04 -3.020288e-04
 7734.200000 8.263622e-01 2.180090e+00 1.462753e+00 8.151116e-02 -3.294628e-04 -3.097426e-04 -2.693940e-04 -3.219811e-04
 7734.400000 8.126242e-01 2.143543e+00 1.444184e+00 7.987204e-02 -3.230903e-04 -3.040030e-04 -2.662828e-04 -3.133691e-04
 7734.600000 8.214015e-01 2.166935e+00 1.465751e+00 8.079639e-02 -3.270675e-04 -3.042641e-04 -2.637771e-04 -3.074565e-04
 7734.800000 8.274822e-01 2.183235e+00 1.481914e+00 8.086991e-02 -3.246168e-04 -3.038513e-04 -2.720799e-04 -3.047834e-04
 7735.000000 8.182307e-01 2.158746e+00 1.474517e+00 7.935214e-02 -3.282867e-04 -2.962849e-04 -2.637760e-04 -2.980064e-04
 7735.200000 8.203829e-01 2.164374e+00 1.486226e+00 7.999319e-02 -3.274336e-04 -2.947874e-04 -2.634502e-04 -3.000131e-04
 7735.400000 8.196531e-01 2.162708e+00 1.489980e+00 7.962103e-02 -3.187147e-04 -2.902259e-04 -2.694139e-04 -2.984795e-04
 7735.600000 8.155887e-01 2.152812e+00 1.491175e+00 8.024615e-02 -3.164113e-04 -2.977554e-04 -2.656165e-04 -3.016352e-04
 7735.800000 8.215372e-01 2.168193e+00 1.510055e+00 7.980626e-02 -3.140693e-04 -2.979758e-04 -2.570293e-04 -2.977611e-04
 7736.000000 8.232387e-01 2.172748e+00 1.518203e+00 8.022036e-02 -3.126371e-04 -2.913432e-04 -2.663197e-04 -2.953403e-04
 7736.200000 8.221745e-01 2.170264e+00 1.521766e+00 7.922894e-02 -3.270665e-04 -2.908665e-04 -2.745519e-04 -2.966627e-04
 7736.400000 8.166239e-01 2.155713e+00 1.519078e+00 7.972424e-02 -3.261546e-04 -2.985646e-04 -2.547275e-04 -2.961476e-04
 7736.600000 8.226905e-01 2.171106e+00 1.535055e+00 7.988400e-02 -3.245307e-04 -2.935512e-04 -2.668447e-04 -3.078215e-04
 7736.800000 8.160159e-01 2.154660e+00 1.527774e+00 8.159408e-02 -3.073953e-04 -2.896767e-04 -2.693721e-04 -3.045030e-04
 7737.000000 8.207449e-01 2.166621e+00 1.539207e+00 8.015492e-02 -3.236551e-04 -2.947521e-04 -2.790163e-04 -3.024718e-04
 7737.200000 8.232732e-01 2.173751e+00 1.548127e+00 7.976822e-02 -3.253786e-04 -2.969028e-04 -2.703399e-04 -3.110005e-04
 7737.400000 8.195124e-01 2.163785e+00 1.544752e+00 7.870292e-02 -3.060071e-04 -2.920515e-04 -2.644794e-04 -3.176216e-04
 7737.600000 8.221690e-01 2.171416e+00 1.551781e+00 8.047908e-02 -3.048835e-04 -2.909754e-04 -2.635834e-04 -3.391776e-04
 7737.800000 8.198321e-01 2.164958e+00 1.552883e+00 8.133599e-02 -3.038582e-04 -2.950666e-04 -2.774299e-04 -3.406655e-04
 7738.000000 8.157669e-01 2.153838e+00 1.547255e+00 8.090545e-02 -3.113248e-04 -2.895124e-04 -2.729090e-04 -3.410977e-04
 7738.200000 8.193725e-01 2.164456e+00 1.556149e+00 7.986889e-02 -3.181267e-04 -2.890005e-04 -2.470252e-04 -3.363155e-04
 7738.400000 8.156759e-01 2.154380e+00 1.549936e+00 7.902990e-02 -3.099756e-04 -2.832317e-04 -2.643821e-04 -3.405730e-04
 7738.600000 8.183789e-01 2.161360e+00 1.559327e+00 7.916482e-02 -3.100921e-04 -2.878452e-04 -2.720519e-04 -3.440863e-04
 7738.800000 8.203286e-01 2.167014e+00 1.567880e+00 7.955465e-02 -3.195880e-04 -2.980489e-04 -2.667719e-04 -3.417767e-04
 7739.000000 8.189792e-01 2.163788e+00 1.567952e+00 7.903385e-02 -3.087392e-04 -3.011209e-04 -2.766768e-04 -3.293407e-04
 7739.200000 8.208461e-01 2.168675e+00 1.575414e+00 8.033487e-02 -3.084778e-04 -3.061569e-04 -2.798642e-04 -3.377195e-04
 7739.400000 8.132831e-01 2.149463e+00 1.563385e+00 8.029052e-02 -3.156586e-04 -3.049012e-04 -2.721746e-04 -3.441530e-04
 7739.600000 8.171954e-01 2.160005e+00 1.578336e+00 8.108002e-02 -3.144509e-04 -3.038345e-04 -2.698497e-04 -3.388725e-04
 7739.800000 8.235568e-01 2.177255e+00 1.592759e+00 8.117347e-02 -3.178624e-04 -2.902477e-04 -2.520219e-04 -3.204949e-04
 7740.000000 8.181730e-01 2.162030e+00 1.586825e+00 7.926859e-02 -3.327399e-04 -2.855094e-04 -2.573586e-04 -3.471212e-04
 7740.200000 8.166471e-01 2.158898e+00 1.588785e+00 7.919799e-02 -3.326789e-04 -2.918648e-04 -2.699000e-04 -3.466979e-04
 7740.400000 8.158429e-01 2.156786e+00 1.591210e+00 7.914395e-02 -3.224329e-04 -2.879204e-04 -2.708509e-04 -3.454111e-04
 7740.600000 8.125247e-01 2.148374e+00 1.589445e+00 8.036219e-02 -3.257553e-04 -2.847289e-04 -2.777994e-04 -3.451836e-04
 7740.800000 8.246827e-01 2.179814e+00 1.617325e+00 8.183322e-02 -3.229119e-04 -2.841203e-04 -2.723246e-04 -3.442982e-04
 7741.000000 8.020770e-01 2.120764e+00 1.577369e+00 7.938311e-02 -3.132069e-04 -2.814072e-04 -2.781940e-04 -3.395920e-04
 7741.200000 8.209124e-01 2.171130e+00 1.618279e+00 7.968426e-02 -3.250600e-04 -2.799525e-04 -2.625814e-04 -3.470727e-04
 7741.400000 8.089260e-01 2.139774e+00 1.597182e+00 7.980381e-02 -3.234795e-04 -2.846211e-04 -2.610632e-04 -3.388125e-04
 7741.600000 8.147372e-01 2.154566e+00 1.609233e+00 8.003910e-02 -3.386442e-04 -2.841437e-04 -2.660162e-04 -3.510480e-04
 7741.800000 8.016697e-01 2.120190e+00 1.586796e+00 7.717800e-02 -3.321500e-04 -2.789931e-04 -2.435537e-04 -3.434392e-04
 7742.000000 7.990437e-01 2.113503e+00 1.584901e+00 7.827629e-02 -3.372998e-04 -2.874484e-04 -2.420977e-04 -3.408968e-04
 7742.700000 7.912919e-01 2.093511e+00 1.575957e+00 7.767676e-02 -3.319898e-04 -2.869678e-04 -2.405371e-04 -3.328353e-04
 7743.400000 8.133164e-01 2.152642e+00 1.625418e+00 7.891910e-02 -3.201760e-04 -2.984902e-04 -2.522013e-04 -3.442549e-04
 7744.100000 8.213886e-01 2.174255e+00 1.645276e+00 8.009178e-02 -3.181124e-04 -2.931062e-04 -2.633378e-04 -3.269021e-04
 7744.800000 8.216817e-01 2.174796e+00 1.647229e+00 7.998918e-02 -3.236905e-04 -2.980604e-04 -2.674858e-04 -2.987095e-04
 7745.500000 8.213891e-01 2.175305e+00 1.647954e+00 8.082109e-02 -3.234701e-04 -2.922815e-04 -2.737068e-04 -2.990393e-04
 7746.200000 8.205759e-01 2.173462e+00 1.642162e+00 8.106472e-02 -3.240909e-04 -2.925377e-04 -2.692976e-04 -2.884423e-04
 7746.900000 8.203066e-01 2.172894e+00 1.634613e+00 8.038463e-02 -3.207503e-04 -2.914953e-04 -2.539806e-04 -2.835094e-04
 7747.600000 8.203101e-01 2.173581e+00 1.623893e+00 8.112155e-02 -3.291538e-04 -2.931240e-04 -2.545101e-04 -2.892383e-04
 7748.300000 8.199588e-01 2.172943e+00 1.608350e+00 8.079468e-02 -3.203817e-04 -2.893234e-04 -2.731308e-04 -3.047474e-04
 7749.993695 8.192301e-01 2.172596e+00 1.559468e+00 8.041855e-02 -3.337846e-04 -3.015636e-04 -2.704477e-04 -3.027002e-04
 7750.999583 8.187868e-01 2.172563e+00 1.525265e+00 8.077802e-02 -3.344753e-04 -3.014745e-04 -2.670921e-04 -3.042580e-04
 7752.017662 8.180881e-01 2.171961e+00 1.486917e+00 8.062819e-02 -3.227649e-04 -2.947057e-04 -2.626295e-04 -3.039326e-04
 7753.047933 8.180651e-01 2.172558e+00 1.448907e+00 8.083898e-02 -3.125211e-04 -2.932672e-04 -2.651491e-04 -3.004693e-04
 7754.090396 8.176440e-01 2.171932e+00 1.412037e+00 8.042294e-02 -3.109630e-04 -2.926942e-04 -2.761803e-04 -2.970503e-04
 7755.145051 8.169941e-01 2.170833e+00 1.378075e+00 8.083832e-02 -3.107469e-04 -2.988124e-04 -2.706065e-04 -2.898258e-04
 7756.211898 8.175579e-01 2.174040e+00 1.356623e+00 7.954405e-02 -3.050007e-04 -2.988163e-04 -2.580319e-04 -3.007560e-04
 7757.290937 8.171466e-01 2.174114e+00 1.343829e+00 8.063962e-02 -3.067847e-04 -2.960576e-04 -2.549514e-04 -3.002996e-04
 7758.382167 8.162913e-01 2.172769e+00 1.342607e+00 8.080009e-02 -3.226183e-04 -2.966332e-04 -2.583825e-04 -2.964221e-04
 7759.485590 8.164319e-01 2.174328e+00 1.354777e+00 8.085331e-02 -3.284732e-04 -2.979301e-04 -2.535504e-04 -3.033207e-04
 7760.601204 8.167865e-01 2.175858e+00 1.377873e+00 8.068152e-02 -3.296531e-04 -2.942813e-04 -2.495116e-04 -3.041414e-04
 7761.729011 8.159406e-01 2.173981e+00 1.410309e+00 8.042724e-02 -3.327409e-04 -2.916726e-04 -2.494994e-04 -2.980404e-04
 7762.869009 8.164858e-01 2.176881e+00 1.453054e+00 8.052461e-02 -3.330334e-04 -3.001636e-04 -2.625378e-04 -3.127249e-04
 7764.021199 8.159180e-01 2.176540e+00 1.497916e+00 8.033509e-02 -3.265081e-04 -2.958257e-04 -2.654184e-04 -3.140295e-04
 7765.185582 8.154917e-01 2.176169e+00 1.540177e+00 8.070703e-02 -3.201709e-04 -2.929901e-04 -2.540233e-04 -3.216348e-04
 7766.362156 8.156897e-01 2.177945e+00 1.583844e+00 8.104759e-02 -3.217634e-04 -2.968394e-04 -2.406720e-04 -3.165355e-04
 7767.550922 8.151937e-01 2.177088e+00 1.624232e+00 8.062408e-02 -3.224886e-04 -2.983304e-04 -2.349919e-04 -2.998359e-04
 7768.751879 8.159965e-01 2.180489e+00 1.662240e+00 8.081485e-02 -3.229625e-04 -2.895781e-04 -2.212662e-04 -3.102086e-04
 7769.965029 8.144215e-01 2.177250e+00 1.684754e+00 8.099923e-02 -3.171232e-04 -2.836501e-04 -2.249072e-04 -3.095364e-04
 7771.190371 8.152643e-01 2.180602e+00 1.703781e+00 8.087088e-02 -3.147856e-04 -2.882554e-04 -2.393855e-04 -3.112278e-04
 7772.427904 8.146793e-01 2.179816e+00 1.713389e+00 8.118600e-02 -3.192672e-04 -2.935855e-04 -2.446876e-04 -3.107797e-04
 7773.677630 8.149502e-01 2.181141e+00 1.721794e+00 8.069061e-02 -3.267089e-04 -2.891642e-04 -2.475401e-04 -3.114085e-04
 7774.939547 8.145003e-01 2.180204e+00 1.729207e+00 8.118588e-02 -3.223944e-04 -2.871529e-04 -2.479048e-04 -3.077113e-04
 7776.213657 8.137397e-01 2.179249e+00 1.737711e+00 8.085053e-02 -3.156009e-04 -3.023708e-04 -2.447142e-04 -3.078118e-04
 7777.499958 8.139769e-01 2.180540e+00 1.749921e+00 8.085266e-02 -3.144580e-04 -3.066447e-04 -2.324238e-04 -2.999893e-04
 7778.798451 8.127174e-01 2.178541e+00 1.754486e+00 8.105463e-02 -3.181977e-04 -3.145493e-04 -2.412775e-04 -2.968645e-04
 7780.109136 8.138321e-01 2.182391e+00 1.758757e+00 8.078103e-02 -3.306491e-04 -3.066606e-04 -2.485505e-04 -2.995338e-04
 7781.432013 8.128193e-01 2.181101e+00 1.749100e+00 8.131200e-02 -3.302231e-04 -2.926231e-04 -2.326503e-04 -3.050657e-04
 7782.767082 8.131226e-01 2.183471e+00 1.738588e+00 8.103352e-02 -3.232777e-04 -2.909765e-04 -2.264405e-04 -3.056967e-04
 7784.114342 8.113491e-01 2.179856e+00 1.720170e+00 8.102748e-02 -3.204587e-04 -2.917289e-04 -2.321582e-04 -3.033823e-04
 7785.473795 8.127626e-01 2.184392e+00 1.710433e+00 8.140252e-02 -3.174316e-04 -2.955049e-04 -2.313265e-04 -3.052239e-04
 7786.845440 8.113278e-01 2.181664e+00 1.695166e+00 8.067492e-02 -3.164389e-04 -3.004097e-04 -2.327810e-04 -3.132460e-04
 7788.229276 8.125882e-01 2.186235e+00 1.681839e+00 8.204204e-02 -3.143825e-04 -2.973024e-04 -2.368231e-04 -3.154357e-04
 7789.625305 8.115207e-01 2.184544e+00 1.659963e+00 8.109373e-02 -3.114639e-04 -2.958654e-04 -2.420502e-04 -3.108489e-04
 7791.033525 8.119227e-01 2.186698e+00 1.640069e+00 8.157975e-02 -3.142516e-04 -2.936618e-04 -2.411116e-04 -3.051783e-04
 7792.453937 8.103092e-01 2.183383e+00 1.618001e+00 8.108068e-02 -3.088639e-04 -2.927640e-04 -2.452005e-04 -3.049401e-04
 7793.886541 8.101331e-01 2.185034e+00 1.599771e+00 8.042904e-02 -3.114792e-04 -2.971789e-04 -2.356736e-04 -3.027848e-04
 7795.331337 8.097826e-01 2.185072e+00 1.580659e+00 8.121963e-02 -3.055675e-04 -2.949145e-04 -2.331510e-04 -3.064322e-04
 7796.788325 8.103598e-01 2.187955e+00 1.559791e+00 8.158128e-02 -3.086906e-04 -2.921641e-04 -2.365979e-04 -3.139476e-04
 7798.257505 8.092013e-01 2.186365e+00 1.529814e+00 8.101623e-02 -3.080700e-04 -2.948325e-04 -2.322712e-04 -2.984257e-04
 7799.738877 8.102857e-01 2.189965e+00 1.499508e+00 8.148192e-02 -3.129158e-04 -2.930191e-04 -2.362647e-04 -2.997095e-04
 7801.232440 8.079596e-01 2.185114e+00 1.462882e+00 8.083252e-02 -3.196281e-04 -2.860850e-04 -2.395620e-04 -2.946510e-04
 7802.738196 8.089218e-01 2.189904e+00 1.434211e+00 8.141341e-02 -3.199633e-04 -2.903056e-04 -2.333960e-04 -2.882779e-04
 7804.256143 8.077187e-01 2.187767e+00 1.409754e+00 8.071361e-02 -3.196480e-04 -2.935382e-04 -2.361333e-04 -2.863079e-04
 7805.786283 8.092389e-01 2.193563e+00 1.398648e+00 8.121721e-02 -3.156446e-04 -2.843829e-04 -2.501798e-04 -2.980366e-04
 7807.328614 8.087443e-01 2.193710e+00 1.395524e+00 8.189221e-02 -3.134113e-04 -2.887687e-04 -2.321077e-04 -2.946777e-04
 7808.883137 8.082968e-01 2.193723e+00 1.405769e+00 8.129654e-02 -3.164179e-04 -2.877026e-04 -2.280396e-04 -2.942423e-04
 7810.449852 8.073975e-01 2.193082e+00 1.424272e+00 8.156304e-02 -3.203047e-04 -2.839700e-04 -2.449347e-04 -2.936289e-04
 7812.028759 8.082121e-01 2.196613e+00 1.451278e+00 8.176641e-02 -3.109880e-04 -2.927768e-04 -2.335473e-04 -2.791924e-04
 7813.619858 8.080081e-01 2.197220e+00 1.479301e+00 8.063565e-02 -3.097636e-04 -2.979655e-04 -2.426699e-04 -2.832329e-04
 7815.223149 8.075774e-01 2.197464e+00 1.511154e+00 8.167444e-02 -3.131719e-04 -2.886598e-04 -2.310050e-04 -2.722568e-04
 7816.838632 8.069720e-01 2.197220e+00 1.546211e+00 8.142720e-02 -3.173542e-04 -2.960952e-04 -2.426462e-04 -2.868994e-04
 7818.466307 8.066768e-01 2.197982e+00 1.582817e+00 8.098621e-02 -3.237472e-04 -3.049501e-04 -2.335827e-04 -2.815346e-04
 7820.106173 8.070728e-01 2.200512e+00 1.617779e+00 8.126996e-02 -3.225651e-04 -3.100730e-04 -2.275166e-04 -2.798646e-04
 7821.758232 8.061809e-01 2.199568e+00 1.650250e+00 8.120845e-02 -3.177516e-04 -3.031991e-04 -2.322783e-04 -2.757362e-04
 7823.422482 8.049386e-01 2.197271e+00 1.681062e+00 8.195600e-02 -3.181953e-04 -3.072419e-04 -2.289200e-04 -2.749755e-04
 7825.098924 8.061253e-01 2.202568e+00 1.724871e+00 8.179659e-02 -3.139352e-04 -3.114107e-04 -2.165316e-04 -2.850613e-04
 7826.787558 8.057721e-01 2.202759e+00 1.769039e+00 8.140520e-02 -3.118598e-04 -3.069622e-04 -2.225945e-04 -2.925353e-04
 7828.488385 8.004038e-01 2.189405e+00 1.801823e+00 8.169857e-02 -3.124130e-04 -3.069389e-04 -2.322841e-04 -2.935036e-04
 7830.201403 7.997431e-01 2.189339e+00 1.839794e+00 8.212763e-02 -3.106901e-04 -3.030541e-04 -2.433917e-04 -2.847579e-04
 7831.926613 8.036029e-01 2.200872e+00 1.875256e+00 8.157288e-02 -3.164499e-04 -3.086387e-04 -2.544433e-04 -2.812218e-04
 7833.664014 8.043774e-01 2.204212e+00 1.891702e+00 8.231962e-02 -3.094564e-04 -3.163867e-04 -2.506895e-04 -2.763564e-04
 7835.413608 8.035374e-01 2.203462e+00 1.892216e+00 8.198614e-02 -3.128241e-04 -3.182504e-04 -2.517472e-04 -2.827375e-04
 7837.175394 8.038316e-01 2.206290e+00 1.884601e+00 8.200272e-02 -3.177566e-04 -3.153686e-04 -2.552569e-04 -2.851899e-04
 7838.949371 8.028837e-01 2.205242e+00 1.867484e+00 8.209382e-02 -3.289074e-04 -3.071812e-04 -2.586071e-04 -2.924225e-04
 7840.735541 8.028749e-01 2.206703e+00 1.847690e+00 8.143398e-02 -3.147239e-04 -3.016703e-04 -2.593859e-04 -2.955596e-04
 7842.533902 8.022432e-01 2.206971e+00 1.823743e+00 8.201617e-02 -3.280730e-04 -3.078034e-04 -2.535632e-04 -3.016215e-04
 7844.344455 8.031793e-01 2.210520e+00 1.805070e+00 8.250541e-02 -3.220735e-04 -3.133166e-04 -2.442482e-04 -3.024682e-04
 7846.167201 8.019154e-01 2.208446e+00 1.783433e+00 8.147585e-02 -3.352919e-04 -3.061019e-04 -2.436481e-04 -3.011908e-04
 7848.002138 8.018895e-01 2.210378e+00 1.771168e+00 8.247437e-02 -3.343105e-04 -3.068868e-04 -2.444779e-04 -3.046907e-04
 7849.849267 8.007674e-01 2.208987e+00 1.764381e+00 8.295101e-02 -3.265787e-04 -3.148062e-04 -2.424371e-04 -3.015633e-04
 7851.708588 8.022765e-01 2.214393e+00 1.771188e+00 8.230740e-02 -3.280010e-04 -3.244981e-04 -2.353659e-04 -3.062964e-04
 7853.580100 7.979224e-01 2.203696e+00 1.767658e+00 8.170315e-02 -3.200728e-04 -3.108125e-04 -2.387516e-04 -2.980523e-04
 7855.463805 7.940592e-01 2.195153e+00 1.761565e+00 8.115568e-02 -3.221891e-04 -3.095213e-04 -2.606057e-04 -3.069448e-04
 7857.359702 7.989245e-01 2.209993e+00 1.763244e+00 8.169318e-02 -3.274274e-04 -3.124636e-04 -2.536251e-04 -2.898750e-04
 7859.267790 7.992669e-01 2.212084e+00 1.738705e+00 8.298155e-02 -3.289130e-04 -3.072114e-04 -2.485231e-04 -3.012203e-04
 7861.188071 7.990065e-01 2.213512e+00 1.699302e+00 8.243665e-02 -3.311541e-04 -3.085231e-04 -2.470292e-04 -3.001796e-04
 7863.120543 7.991055e-01 2.215742e+00 1.653071e+00 8.230683e-02 -3.329559e-04 -3.046375e-04 -2.464717e-04 -2.948159e-04
 7865.065207 7.982425e-01 2.214813e+00 1.605981e+00 8.272054e-02 -3.304397e-04 -2.991981e-04 -2.464167e-04 -2.884525e-04
 7867.022064 7.984990e-01 2.216706e+00 1.569116e+00 8.337368e-02 -3.335124e-04 -2.984883e-04 -2.532047e-04 -2.891396e-04
 7868.991112 7.986624e-01 2.218890e+00 1.542623e+00 8.271959e-02 -3.257534e-04 -2.956945e-04 -2.469983e-04 -2.938868e-04
 7870.972352 7.977330e-01 2.218366e+00 1.522012e+00 8.243592e-02 -3.236121e-04 -2.989443e-04 -2.477682e-04 -2.900235e-04
 7872.965784 7.967090e-01 2.217364e+00 1.508838e+00 8.257549e-02 -3.120385e-04 -2.936337e-04 -2.457021e-04 -2.895215e-04
 7874.971407 7.975444e-01 2.221357e+00 1.505579e+00 8.226037e-02 -3.063420e-04 -2.867142e-04 -2.399211e-04 -2.981325e-04
 7876.989223 7.965333e-01 2.220415e+00 1.506666e+00 8.281577e-02 -3.073524e-04 -3.034763e-04 -2.521257e-04 -3.000425e-04
 7879.019231 7.957254e-01 2.220224e+00 1.522538e+00 8.244312e-02 -3.097728e-04 -3.098228e-04 -2.539044e-04 -2.973736e-04
 7881.061430 7.957274e-01 2.221319e+00 1.550632e+00 8.244349e-02 -3.141393e-04 -3.086610e-04 -2.418685e-04 -2.845517e-04
 7883.115822 7.965453e-01 2.225610e+00 1.595586e+00 8.282604e-02 -3.162708e-04 -3.070820e-04 -2.450475e-04 -2.868765e-04
 7885.182405 7.951225e-01 2.222904e+00 1.646761e+00 8.280669e-02 -3.211913e-04 -3.018291e-04 -2.459819e-04 -2.920782e-04
 7887.261180 7.939062e-01 2.221531e+00 1.711416e+00 8.329709e-02 -3.185664e-04 -3.118250e-04 -2.315127e-04 -2.941961e-04
 7889.352148 7.943034e-01 2.224608e+00 1.788803e+00 8.281467e-02 -3.213702e-04 -3.113883e-04 -2.348745e-04 -3.069191e-04
 7891.455307 7.946685e-01 2.227251e+00 1.869564e+00 8.319668e-02 -3.195361e-04 -3.145255e-04 -2.385834e-04 -3.079073e-04
 7893.570658 7.866465e-01 2.206573e+00 1.923714e+00 8.224196e-02 -3.188521e-04 -3.067988e-04 -2.493410e-04 -3.017246e-04
 7895.698201 7.919176e-01 2.222210e+00 1.995129e+00 8.322796e-02 -3.077572e-04 -2.970428e-04 -2.452150e-04 -3.047487e-04
 7897.837935 7.935929e-01 2.228048e+00 2.033776e+00 8.301026e-02 -3.052378e-04 -2.983963e-04 -2.547201e-04 -3.125789e-04
 7899.989862 7.931194e-01 2.228438e+00 2.040221e+00 8.383852e-02 -3.012758e-04 -2.945679e-04 -2.521428e-04 -3.088319e-04
 7902.153981 7.926842e-01 2.228639e+00 2.025002e+00 8.373126e-02 -2.944318e-04 -2.969578e-04 -2.386512e-04 -3.047021e-04
 7904.330291 7.931188e-01 2.232372e+00 1.999352e+00 8.294318e-02 -2.953480e-04 -2.941570e-04 -2.403544e-04 -3.066907e-04
 7906.518794 7.917184e-01 2.230013e+00 1.962936e+00 8.361693e-02 -3.177021e-04 -2.908966e-04 -2.456263e-04 -2.971045e-04
 7908.719488 7.920452e-01 2.232372e+00 1.933404e+00 8.358393e-02 -3.166787e-04 -2.889603e-04 -2.436462e-04 -3.005815e-04
 7910.932374 7.912302e-01 2.232309e+00 1.904633e+00 8.381712e-02 -3.067213e-04 -2.859431e-04 -2.360321e-04 -3.032315e-04
 7913.157453 7.909289e-01 2.233143e+00 1.881622e+00 8.356842e-02 -3.038995e-04 -2.872377e-04 -2.333119e-04 -2.985463e-04
 7915.394723 7.903635e-01 2.233083e+00 1.866466e+00 8.271883e-02 -2.967990e-04 -2.976070e-04 -2.392713e-04 -3.050200e-04
 7917.644185 7.904899e-01 2.235611e+00 1.860366e+00 8.339385e-02 -3.072656e-04 -2.961532e-04 -2.192623e-04 -2.988897e-04
 7919.905838 7.894679e-01 2.234727e+00 1.857886e+00 8.446020e-02 -3.082915e-04 -2.910227e-04 -2.158809e-04 -2.867302e-04
 7922.179684 7.897350e-01 2.237342e+00 1.862009e+00 8.370517e-02 -3.166720e-04 -2.961184e-04 -2.326996e-04 -2.960610e-04
 7924.465722 7.890480e-01 2.237351e+00 1.868117e+00 8.386743e-02 -3.227920e-04 -2.983588e-04 -2.305586e-04 -3.003136e-04
 7926.763952 7.886896e-01 2.238043e+00 1.876790e+00 8.388886e-02 -3.123646e-04 -2.981552e-04 -2.236099e-04 -3.085964e-04
 7929.074373 7.885897e-01 2.239780e+00 1.889435e+00 8.376291e-02 -3.135435e-04 -2.978788e-04 -2.434093e-04 -3.009687e-04
 7931.396987 7.874516e-01 2.238788e+00 1.903515e+00 8.391689e-02 -3.076480e-04 -2.997854e-04 -2.356580e-04 -2.962023e-04
 7933.731792 7.864968e-01 2.238299e+00 1.917889e+00 8.404377e-02 -3.004781e-04 -2.965859e-04 -2.383875e-04 -2.906955e-04
 7936.078789 7.837298e-01 2.232778e+00 1.920440e+00 8.350397e-02 -2.998309e-04 -2.944285e-04 -2.373162e-04 -2.886682e-04
 7938.437978 7.730252e-01 2.204519e+00 1.893964e+00 8.265565e-02 -3.137523e-04 -2.957795e-04 -2.541121e-04 -2.899127e-04
 7940.809359 7.860263e-01 2.243246e+00 1.910647e+00 8.363712e-02 -3.112845e-04 -2.944865e-04 -2.514898e-04 -2.872759e-04
 7943.192932 7.871810e-01 2.248721e+00 1.886840e+00 8.485453e-02 -3.075043e-04 -2.884293e-04 -2.446772e-04 -2.991789e-04
 7945.588697 7.861732e-01 2.248291e+00 1.855716e+00 8.415569e-02 -3.039003e-04 -2.886365e-04 -2.375593e-04 -3.001866e-04
 7947.996654 7.857522e-01 2.248838e+00 1.829777e+00 8.401800e-02 -3.038454e-04 -2.942402e-04 -2.412995e-04 -2.873289e-04
 7950.416803 7.852870e-01 2.248949e+00 1.808704e+00 8.437325e-02 -3.072229e-04 -2.996785e-04 -2.422825e-04 -2.885030e-04
 7952.849143 7.850908e-01 2.250636e+00 1.793752e+00 8.437893e-02 -3.081257e-04 -2.898757e-04 -2.354999e-04 -2.892350e-04
 7955.293676 7.844308e-01 2.250341e+00 1.782846e+00 8.458591e-02 -3.068880e-04 -2.784706e-04 -2.332417e-04 -2.861515e-04
 7957.750400 7.845094e-01 2.252826e+00 1.782052e+00 8.467557e-02 -3.143483e-04 -2.883524e-04 -2.310968e-04 -2.949044e-04
 7960.219317 7.838033e-01 2.252701e+00 1.791739e+00 8.470181e-02 -3.134943e-04 -2.967239e-04 -2.291389e-04 -2.955820e-04
 7962.700425 7.835296e-01 2.254053e+00 1.812692e+00 8.459241e-02 -3.120720e-04 -2.982869e-04 -2.214284e-04 -2.893545e-04
 7965.193725 7.831031e-01 2.255191e+00 1.845354e+00 8.455616e-02 -3.067372e-04 -2.970854e-04 -2.196500e-04 -2.852242e-04
 7967.699217 7.830083e-01 2.256428e+00 1.885719e+00 8.490786e-02 -3.085802e-04 -2.947043e-04 -2.112199e-04 -2.936206e-04
 7970.216901 7.817421e-01 2.254550e+00 1.928087e+00 8.428436e-02 -3.126862e-04 -2.952249e-04 -2.070470e-04 -2.971834e-04
 7972.746777 7.813680e-01 2.255439e+00 1.971299e+00 8.428950e-02 -3.075334e-04 -3.032952e-04 -2.166507e-04 -3.032239e-04
 7975.288845 7.811435e-01 2.256770e+00 2.008938e+00 8.468507e-02 -3.086286e-04 -3.066032e-04 -2.297405e-04 -3.104790e-04
 7977.843105 7.801593e-01 2.256029e+00 2.036901e+00 8.409164e-02 -3.017545e-04 -3.036647e-04 -2.211035e-04 -3.107879e-04
 7980.409556 7.797343e-01 2.257009e+00 2.056674e+00 8.487874e-02 -2.997816e-04 -2.986749e-04 -2.246978e-04 -3.116967e-04
 7982.988200 7.756157e-01 2.247313e+00 2.060442e+00 8.475148e-02 -3.083451e-04 -3.063215e-04 -2.333473e-04 -3.051580e-04
 7985.579035 7.755486e-01 2.249432e+00 2.071044e+00 8.506809e-02 -3.146472e-04 -3.023597e-04 -2.409553e-04 -2.990532e-04
 7988.182062 7.770675e-01 2.255581e+00 2.085327e+00 8.451102e-02 -3.073320e-04 -2.987327e-04 -2.350577e-04 -2.908518e-04
 7990.797282 7.773916e-01 2.258791e+00 2.096165e+00 8.461845e-02 -3.070628e-04 -2.947723e-04 -2.295709e-04 -2.965766e-04
 7993.424693 7.763355e-01 2.257812e+00 2.102265e+00 8.485001e-02 -3.045806e-04 -3.022714e-04 -2.182637e-04 -3.031661e-04
 7996.064296 7.761867e-01 2.259628e+00 2.111721e+00 8.428043e-02 -3.083243e-04 -2.974023e-04 -2.188613e-04 -2.973724e-04
 7998.716091 7.760635e-01 2.260738e+00 2.119348e+00 8.501613e-02 -3.060782e-04 -2.964349e-04 -2.153070e-04 -2.945836e-04
 8001.380078 7.747324e-01 2.259264e+00 2.120970e+00 8.490161e-02 -3.006136e-04 -3.014402e-04 -2.286334e-04 -2.968185e-04
 8004.056256 7.756894e-01 2.264025e+00 2.125420e+00 8.610586e-02 -3.116536e-04 -3.016733e-04 -2.163532e-04 -3.001649e-04
 8006.744627 7.741988e-01 2.261618e+00 2.118551e+00 8.449140e-02 -3.095122e-04 -2.945534e-04 -2.137614e-04 -3.092785e-04
 8009.445190 7.744668e-01 2.265622e+00 2.114838e+00 8.532347e-02 -3.134120e-04 -3.011944e-04 -2.274762e-04 -3.122056e-04
 8012.157944 7.732917e-01 2.264407e+00 2.105296e+00 8.546132e-02 -3.149712e-04 -2.965916e-04 -2.209419e-04 -3.031275e-04
 8014.882891 7.739771e-01 2.268586e+00 2.102423e+00 8.610620e-02 -3.153915e-04 -2.957227e-04 -2.296261e-04 -3.013569e-04
 8017.620029 7.723118e-01 2.265539e+00 2.093529e+00 8.476995e-02 -3.109234e-04 -2.891570e-04 -2.327095e-04 -3.066358e-04
 8020.369359 7.716810e-01 2.266170e+00 2.089355e+00 8.531970e-02 -3.120303e-04 -2.841777e-04 -2.404483e-04 -3.123798e-04
 8023.130881 7.698166e-01 2.263117e+00 2.083629e+00 8.556769e-02 -3.093115e-04 -2.824990e-04 -2.421223e-04 -3.099890e-04
 8025.904595 7.702656e-01 2.266622e+00 2.085122e+00 8.435068e-02 -3.107530e-04 -2.811693e-04 -2.480152e-04 -3.098131e-04
 8028.690501 7.691060e-01 2.264559e+00 2.080638e+00 8.564562e-02 -3.088405e-04 -2.736089e-04 -2.502138e-04 -3.183270e-04
 8031.488599 7.693613e-01 2.267912e+00 2.078909e+00 8.514525e-02 -3.076771e-04 -2.590819e-04 -2.501972e-04 -3.212982e-04
 8034.298889 7.681019e-01 2.266703e+00 2.070192e+00 8.509929e-02 -3.101502e-04 -2.564926e-04 -2.390862e-04 -3.216540e-04
 8037.121371 7.670937e-01 2.265573e+00 2.060070e+00 8.574950e-02 -3.130277e-04 -2.626739e-04 -2.356259e-04 -3.165424e-04
 8039.956044 7.680447e-01 2.271001e+00 2.058387e+00 8.546640e-02 -3.161174e-04 -2.647024e-04 -2.563196e-04 -3.058088e-04
 8042.802910 7.663542e-01 2.267999e+00 2.053667e+00 8.484427e-02 -3.105674e-04 -2.677720e-04 -2.521211e-04 -3.027489e-04
 8045.661967 7.663203e-01 2.270304e+00 2.059063e+00 8.674624e-02 -3.088284e-04 -2.696022e-04 -2.395015e-04 -2.961208e-04
 8048.533217 7.645824e-01 2.267403e+00 2.065490e+00 8.538465e-02 -3.151074e-04 -2.717460e-04 -2.360775e-04 -2.928051e-04
 8051.416658 7.620549e-01 2.262339e+00 2.074484e+00 8.499666e-02 -3.139268e-04 -2.775529e-04 -2.399100e-04 -2.958722e-04
 8054.312291 7.443084e-01 2.212061e+00 2.046476e+00 8.348357e-02 -3.141927e-04 -2.748040e-04 -2.384302e-04 -2.989957e-04
 8057.220116 7.567168e-01 2.250878e+00 2.104025e+00 8.494997e-02 -3.050918e-04 -2.769945e-04 -2.279235e-04 -2.935465e-04
 8060.140133 7.663618e-01 2.281873e+00 2.153538e+00 8.617383e-02 -3.080660e-04 -2.750501e-04 -2.381223e-04 -2.944959e-04
 8063.072342 7.656836e-01 2.281948e+00 2.173998e+00 8.596536e-02 -3.109403e-04 -2.736921e-04 -2.476506e-04 -3.002810e-04
 8066.016743 7.640444e-01 2.279370e+00 2.185865e+00 8.509504e-02 -3.027167e-04 -2.817812e-04 -2.493752e-04 -2.990603e-04
 8068.973335 7.643203e-01 2.282777e+00 2.197438e+00 8.565507e-02 -3.068502e-04 -2.819538e-04 -2.538362e-04 -3.033857e-04
 8071.942120 7.632607e-01 2.282065e+00 2.200963e+00 8.641611e-02 -3.043416e-04 -2.946397e-04 -2.450599e-04 -3.029996e-04
 8074.923096 7.631155e-01 2.283902e+00 2.207380e+00 8.611068e-02 -3.087084e-04 -2.912771e-04 -2.489956e-04 -3.081275e-04
 8077.916265 7.620629e-01 2.282974e+00 2.215069e+00 8.703558e-02 -3.086993e-04 -2.858249e-04 -2.539281e-04 -3.041050e-04
 8080.921625 7.614374e-01 2.283868e+00 2.231559e+00 8.594228e-02 -3.127174e-04 -3.022021e-04 -2.585366e-04 -3.006522e-04
 8083.939177 7.611363e-01 2.284996e+00 2.253445e+00 8.606624e-02 -3.041743e-04 -2.960980e-04 -2.480115e-04 -2.991951e-04
 8086.968921 7.600665e-01 2.284057e+00 2.272942e+00 8.629497e-02 -3.119005e-04 -2.977852e-04 -2.554065e-04 -2.971949e-04
 8090.010858 7.513074e-01 2.260033e+00 2.264730e+00 8.460272e-02 -3.098138e-04 -2.948101e-04 -2.658891e-04 -3.000145e-04
 8093.064985 7.419173e-01 2.234431e+00 2.248402e+00 8.442620e-02 -3.023234e-04 -2.922084e-04 -2.500053e-04 -3.110285e-04
 8096.131305 7.619571e-01 2.297250e+00 2.317614e+00 8.703330e-02 -3.107509e-04 -2.975069e-04 -2.429464e-04 -3.093703e-04
 8099.209817 7.613506e-01 2.297753e+00 2.324751e+00 8.708588e-02 -3.052611e-04 -3.071645e-04 -2.483168e-04 -3.067487e-04
 8102.300521 7.603422e-01 2.297086e+00 2.329900e+00 8.711948e-02 -3.057218e-04 -3.045510e-04 -2.480324e-04 -3.097242e-04
 8105.403416 7.595875e-01 2.297462e+00 2.335312e+00 8.654922e-02 -3.073148e-04 -3.075994e-04 -2.488060e-04 -2.926244e-04
 8108.518504 7.590432e-01 2.297618e+00 2.338329e+00 8.650438e-02 -3.095899e-04 -3.074194e-04 -2.375723e-04 -2.858731e-04
 8111.645783 7.581469e-01 2.297845e+00 2.340066e+00 8.683142e-02 -3.180763e-04 -3.183577e-04 -2.320383e-04 -2.859116e-04
 8114.785255 7.579927e-01 2.299795e+00 2.342410e+00 8.638406e-02 -3.229866e-04 -3.185950e-04 -2.314655e-04 -2.948717e-04
 8117.936918 7.566589e-01 2.297784e+00 2.339715e+00 8.668472e-02 -3.147050e-04 -3.091979e-04 -2.408633e-04 -2.931548e-04
 8121.100773 7.567685e-01 2.301155e+00 2.341566e+00 8.742672e-02 -3.233234e-04 -3.036136e-04 -2.430975e-04 -2.943655e-04
 8124.276820 7.556373e-01 2.300086e+00 2.338923e+00 8.684168e-02 -3.236214e-04 -3.028970e-04 -2.419771e-04 -2.945429e-04
 8127.465059 7.548854e-01 2.300428e+00 2.337267e+00 8.650238e-02 -3.203180e-04 -3.072141e-04 -2.368083e-04 -2.967230e-04
 8130.665490 7.550016e-01 2.302951e+00 2.338352e+00 8.803713e-02 -3.189778e-04 -3.001323e-04 -2.431189e-04 -2.947896e-04
 8133.878112 7.539266e-01 2.302423e+00 2.338503e+00 8.819019e-02 -3.156372e-04 -2.947837e-04 -2.626385e-04 -2.957471e-04
 8137.102927 7.530164e-01 2.301824e+00 2.338231e+00 8.728438e-02 -3.168300e-04 -2.900414e-04 -2.481574e-04 -2.912128e-04
 8140.339934 7.526315e-01 2.302762e+00 2.339792e+00 8.674867e-02 -3.233388e-04 -2.847745e-04 -2.387168e-04 -3.007111e-04
 8143.589132 7.517665e-01 2.302713e+00 2.341122e+00 8.762866e-02 -3.270328e-04 -2.896283e-04 -2.438888e-04 -3.047530e-04
 8146.850523 7.519060e-01 2.305205e+00 2.344979e+00 8.734444e-02 -3.211010e-04 -2.944810e-04 -2.447435e-04 -3.128499e-04
 8150.124105 7.509871e-01 2.305305e+00 2.349604e+00 8.742696e-02 -3.183433e-04 -2.978597e-04 -2.368256e-04 -3.074230e-04
 8153.409879 7.500932e-01 2.304942e+00 2.355857e+00 8.773917e-02 -3.228256e-04 -2.973098e-04 -2.298790e-04 -2.979526e-04
 8156.707845 7.498230e-01 2.307085e+00 2.368795e+00 8.807382e-02 -3.271454e-04 -3.009696e-04 -2.404211e-04 -3.027359e-04
 8160.018003 7.497286e-01 2.309082e+00 2.385267e+00 8.726675e-02 -3.218706e-04 -3.002815e-04 -2.407262e-04 -3.006608e-04
 8163.340353 7.482252e-01 2.306543e+00 2.398296e+00 8.783837e-02 -3.225529e-04 -2.978720e-04 -2.334793e-04 -3.034716e-04
 8166.674895 7.483294e-01 2.309391e+00 2.416327e+00 8.801367e-02 -3.183201e-04 -2.988394e-04 -2.430948e-04 -2.951391e-04
 8170.021629 7.477563e-01 2.309669e+00 2.430079e+00 8.758914e-02 -3.137673e-04 -2.984275e-04 -2.437524e-04 -2.943553e-04
 8173.380554 7.467354e-01 2.309407e+00 2.439943e+00 8.759026e-02 -3.203778e-04 -3.067459e-04 -2.468704e-04 -3.067304e-04
 8176.751672 7.465393e-01 2.310542e+00 2.449002e+00 8.714803e-02 -3.159115e-04 -2.912337e-04 -2.394041e-04 -3.039304e-04
 8180.134982 7.456366e-01 2.310248e+00 2.454843e+00 8.847975e-02 -3.083456e-04 -3.002312e-04 -2.373195e-04 -3.115812e-04
 8183.530483 7.447403e-01 2.309356e+00 2.460397e+00 8.795561e-02 -3.133391e-04 -3.007414e-04 -2.344404e-04 -3.375297e-04
 8186.938176 7.446333e-01 2.311757e+00 2.468173e+00 8.765064e-02 -3.101346e-04 -2.927905e-04 -2.277086e-04 -3.121893e-04
 8190.358061 7.441192e-01 2.312570e+00 2.476731e+00 8.758867e-02 -3.132263e-04 -2.938793e-04 -2.358841e-04 -3.168193e-04
 8193.790139 7.429281e-01 2.311484e+00 2.484384e+00 8.872878e-02 -3.105290e-04 -3.091909e-04 -2.343382e-04 -3.222904e-04
 8197.234408 7.424447e-01 2.313172e+00 2.497398e+00 8.823575e-02 -3.095564e-04 -3.083606e-04 -2.286846e-04 -3.107253e-04
 8200.690868 7.424299e-01 2.315451e+00 2.511720e+00 8.770983e-02 -3.129200e-04 -3.146341e-04 -2.253581e-04 -3.144436e-04
 8204.159521 7.417264e-01 2.314957e+00 2.523886e+00 8.800030e-02 -3.211234e-04 -3.106398e-04 -2.273155e-04 -3.212423e-04
 8207.640366 7.409537e-01 2.314615e+00 2.534246e+00 8.901378e-02 -3.202698e-04 -3.062775e-04 -2.389506e-04 -3.260396e-04
 8211.133403 7.409912e-01 2.317316e+00 2.547434e+00 8.863276e-02 -3.155865e-04 -3.006793e-04 -2.367169e-04 -3.219303e-04
 8214.638631 7.393224e-01 2.315185e+00 2.555556e+00 8.838661e-02 -3.142778e-04 -3.079656e-04 -2.417226e-04 -3.229483e-04
 8218.156052 7.392560e-01 2.317669e+00 2.566980e+00 8.822819e-02 -3.218433e-04 -3.029833e-04 -2.411928e-04 -3.145464e-04
 8221.685664 7.387661e-01 2.318992e+00 2.578968e+00 8.795881e-02 -3.222846e-04 -2.955771e-04 -2.338763e-04 -3.159052e-04
 8225.227468 7.373501e-01 2.317648e+00 2.587634e+00 8.829094e-02 -3.132937e-04 -2.984290e-04 -2.399731e-04 -3.278786e-04
 8228.781465 7.372913e-01 2.319743e+00 2.598232e+00 8.894776e-02 -3.242896e-04 -2.968114e-04 -2.545542e-04 -3.220633e-04
 8232.347653 7.371365e-01 2.322023e+00 2.606727e+00 8.840369e-02 -3.347232e-04 -2.939429e-04 -2.503123e-04 -3.241390e-04
 8235.926033 7.362278e-01 2.321433e+00 2.611077e+00 8.852416e-02 -3.312748e-04 -2.850885e-04 -2.494900e-04 -3.308802e-04
 8239.516605 7.354304e-01 2.322046e+00 2.615392e+00 8.911988e-02 -3.212276e-04 -2.967594e-04 -2.495142e-04 -3.137320e-04
 8243.119369 7.347665e-01 2.322718e+00 2.618431e+00 8.872502e-02 -3.166807e-04 -2.997916e-04 -2.499666e-04 -2.997351e-04
 8246.734324 7.345107e-01 2.324295e+00 2.622302e+00 8.911086e-02 -3.171958e-04 -3.065710e-04 -2.341620e-04 -2.992002e-04
 8250.361472 7.338504e-01 2.324963e+00 2.622833e+00 8.874834e-02 -3.085923e-04 -3.112892e-04 -2.318343e-04 -3.039514e-04
 8254.000811 7.331610e-01 2.325244e+00 2.622899e+00 8.925777e-02 -3.077978e-04 -3.107640e-04 -2.307227e-04 -2.953512e-04
 8257.652343 7.322973e-01 2.325757e+00 2.622980e+00 8.888866e-02 -3.213703e-04 -3.081350e-04 -2.341474e-04 -2.954525e-04
 8261.316066 7.319380e-01 2.327528e+00 2.624656e+00 8.939883e-02 -3.162100e-04 -3.018636e-04 -2.295867e-04 -2.957282e-04
 8264.991982 7.310502e-01 2.327330e+00 2.627607e+00 8.876614e-02 -3.061077e-04 -3.001209e-04 -2.227035e-04 -2.917457e-04
 8268.680089 7.305035e-01 2.327715e+00 2.633691e+00 8.924472e-02 -3.139591e-04 -2.967201e-04 -2.399690e-04 -3.146211e-04
 8272.380388 7.304993e-01 2.330541e+00 2.646349e+00 8.899928e-02 -3.128375e-04 -2.974517e-04 -2.323569e-04 -3.087129e-04
 8276.092879 7.269418e-01 2.321874e+00 2.647354e+00 8.881179e-02 -3.090147e-04 -2.917437e-04 -2.380541e-04 -3.022298e-04
 8279.817562 7.267844e-01 2.324271e+00 2.662529e+00 8.952484e-02 -3.072095e-04 -2.942401e-04 -2.300703e-04 -3.036327e-04
 8283.554437 7.277969e-01 2.330562e+00 2.682981e+00 8.891097e-02 -3.049530e-04 -3.039086e-04 -2.290409e-04 -2.960804e-04
 8287.303503 7.273877e-01 2.332066e+00 2.695604e+00 8.920721e-02 -3.032930e-04 -3.033935e-04 -2.312488e-04 -2.953545e-04
 8291.064762 7.264182e-01 2.331518e+00 2.706903e+00 8.935281e-02 -3.030280e-04 -3.024902e-04 -2.317661e-04 -3.032862e-04
 8294.838213 7.256879e-01 2.331816e+00 2.716977e+00 8.945173e-02 -3.017987e-04 -3.009927e-04 -2.298754e-04 -2.997861e-04
 8298.623855 7.252822e-01 2.332719e+00 2.728589e+00 8.934382e-02 -2.985293e-04 -2.970424e-04 -2.254502e-04 -3.034220e-04
 8302.421689 7.249434e-01 2.334737e+00 2.741651e+00 8.961261e-02 -3.016936e-04 -3.116113e-04 -2.244793e-04 -3.038793e-04
 8306.231716 7.243973e-01 2.336008e+00 2.752209e+00 8.998862e-02 -3.063134e-04 -3.013888e-04 -2.253603e-04 -2.922920e-04
 8310.053934 7.228314e-01 2.334004e+00 2.759120e+00 8.950439e-02 -3.123293e-04 -2.989383e-04 -2.276706e-04 -2.985008e-04
 8313.888344 7.222763e-01 2.335450e+00 2.768393e+00 8.967183e-02 -3.063658e-04 -3.047553e-04 -2.358421e-04 -2.923147e-04
 8317.734946 7.220511e-01 2.337587e+00 2.779589e+00 8.975871e-02 -3.065557e-04 -3.104672e-04 -2.292968e-04 -2.843900e-04
 8321.593740 7.206513e-01 2.335732e+00 2.786277e+00 8.999341e-02 -3.131530e-04 -3.211537e-04 -2.369191e-04 -2.879514e-04
 8325.464726 7.198808e-01 2.336185e+00 2.795599e+00 8.943503e-02 -3.178350e-04 -3.158436e-04 -2.269717e-04 -2.864175e-04
 8329.347903 7.196745e-01 2.338225e+00 2.806304e+00 9.001541e-02 -3.052652e-04 -3.115592e-04 -2.260353e-04 -2.911513e-04
 8333.243273 7.185326e-01 2.337232e+00 2.814479e+00 8.996023e-02 -2.900386e-04 -2.974999e-04 -2.315175e-04 -2.922812e-04
 8337.150835 7.174865e-01 2.336005e+00 2.822072e+00 9.039221e-02 -2.912003e-04 -2.971520e-04 -2.328011e-04 -2.931571e-04
 8341.070588 7.170837e-01 2.337288e+00 2.832326e+00 8.987997e-02 -2.896947e-04 -2.942246e-04 -2.360963e-04 -3.018935e-04
 8345.002533 7.158429e-01 2.336487e+00 2.840568e+00 8.993784e-02 -2.990712e-04 -2.959743e-04 -2.370651e-04 -3.038794e-04
 8348.946671 7.141995e-01 2.333555e+00 2.844972e+00 8.978286e-02 -3.047272e-04 -2.900421e-04 -2.376273e-04 -3.104234e-04
 8352.903000 7.135941e-01 2.334608e+00 2.854829e+00 8.974642e-02 -3.027017e-04 -2.816128e-04 -2.304280e-04 -3.102567e-04
 8356.871521 7.132577e-01 2.335808e+00 2.863384e+00 8.965175e-02 -2.990331e-04 -2.807477e-04 -2.293806e-04 -3.037980e-04
 8360.852234 7.120858e-01 2.334808e+00 2.870507e+00 9.027499e-02 -3.050020e-04 -2.872040e-04 -2.254760e-04 -3.053385e-04
 8364.845139 7.118919e-01 2.336842e+00 2.880519e+00 9.020171e-02 -3.059531e-04 -2.881091e-04 -2.241132e-04 -3.060552e-04
 8368.850236 7.112785e-01 2.337838e+00 2.888676e+00 9.067986e-02 -3.069828e-04 -2.903695e-04 -2.314639e-04 -3.136502e-04
 8372.867524 7.104762e-01 2.337387e+00 2.895897e+00 9.030227e-02 -3.161056e-04 -2.800030e-04 -2.318091e-04 -3.130980e-04
 8376.897005 7.100537e-01 2.339097e+00 2.903935e+00 9.052326e-02 -3.051484e-04 -2.822789e-04 -2.415150e-04 -3.331227e-04
 8380.938678 7.094993e-01 2.340123e+00 2.911204e+00 9.042639e-02 -3.061394e-04 -2.903331e-04 -2.486976e-04 -3.417923e-04
 8384.992542 7.081137e-01 2.338798e+00 2.916032e+00 9.014100e-02 -3.110750e-04 -2.936924e-04 -2.437289e-04 -3.406943e-04
 8389.058598 7.078188e-01 2.340369e+00 2.924290e+00 9.101663e-02 -3.142128e-04 -3.003793e-04 -2.413561e-04 -3.117766e-04
 8393.136847 7.070026e-01 2.340385e+00 2.932079e+00 9.005248e-02 -3.142895e-04 -3.003619e-04 -2.384897e-04 -2.991504e-04
 8397.227287 7.052878e-01 2.337752e+00 2.935036e+00 9.043027e-02 -3.070375e-04 -2.989126e-04 -2.276544e-04 -3.016552e-04
 8401.329919 7.052643e-01 2.340925e+00 2.947403e+00 9.063928e-02 -3.075731e-04 -3.023820e-04 -2.365810e-04 -3.044710e-04
 8405.444743 7.030621e-01 2.335916e+00 2.948962e+00 9.050097e-02 -3.076047e-04 -3.048074e-04 -2.412133e-04 -3.103092e-04
 8409.571759 7.038754e-01 2.341709e+00 2.964486e+00 9.088342e-02 -3.089869e-04 -3.118432e-04 -2.409428e-04 -3.058891e-04
 8413.710967 7.023008e-01 2.339502e+00 2.970332e+00 9.145477e-02 -3.097885e-04 -3.145064e-04 -2.603029e-04 -3.032880e-04
 8417.862366 7.019063e-01 2.340803e+00 2.980845e+00 9.066139e-02 -3.110872e-04 -3.114692e-04 -2.631407e-04 -3.052062e-04
 8422.025958 7.010466e-01 2.340985e+00 2.991422e+00 9.125116e-02 -3.034237e-04 -3.224097e-04 -2.645598e-04 -3.084589e-04
 8426.201742 7.009647e-01 2.343965e+00 3.004436e+00 9.077510e-02 -3.140245e-04 -3.182327e-04 -2.664224e-04 -3.109875e-04
 8430.389717 7.000547e-01 2.343856e+00 3.014406e+00 9.046733e-02 -3.140349e-04 -3.206573e-04 -2.582814e-04 -2.980022e-04
 8434.589884 6.994692e-01 2.345143e+00 3.025101e+00 9.097351e-02 -3.019523e-04 -3.179321e-04 -2.604686e-04 -2.947203e-04
 8438.802244 6.985473e-01 2.345165e+00 3.035031e+00 9.089953e-02 -3.137071e-04 -3.183564e-04 -2.559672e-04 -2.998098e-04
 8443.026795 6.977644e-01 2.345030e+00 3.044244e+00 9.088137e-02 -3.243378e-04 -3.134565e-04 -2.505437e-04 -3.028791e-04
 8447.263538 6.970525e-01 2.345541e+00 3.055343e+00 9.068225e-02 -3.189530e-04 -3.143386e-04 -2.500501e-04 -3.039630e-04
 8451.512473 6.962382e-01 2.346179e+00 3.066564e+00 9.096983e-02 -3.079526e-04 -3.107672e-04 -2.461154e-04 -2.997516e-04
 8455.773600 6.952601e-01 2.346110e+00 3.076067e+00 9.103665e-02 -2.999696e-04 -3.148070e-04 -2.398167e-04 -2.909624e-04
 8460.046919 6.948253e-01 2.347348e+00 3.087158e+00 9.100371e-02 -3.053202e-04 -3.140890e-04 -2.495117e-04 -2.889079e-04
 8464.332429 6.938071e-01 2.346865e+00 3.097002e+00 9.145212e-02 -3.110593e-04 -3.072954e-04 -2.518937e-04 -3.013826e-04
 8468.630132 6.930644e-01 2.347285e+00 3.107606e+00 9.151837e-02 -3.174630e-04 -3.083107e-04 -2.445082e-04 -2.932141e-04
 8472.940026 6.925888e-01 2.348743e+00 3.119604e+00 9.153927e-02 -3.198254e-04 -3.055480e-04 -2.380700e-04 -3.016718e-04
 8477.262113 6.913120e-01 2.347192e+00 3.127038e+00 9.138673e-02 -3.162416e-04 -2.896899e-04 -2.453132e-04 -3.115716e-04
 8481.596391 6.908800e-01 2.348381e+00 3.139557e+00 9.148399e-02 -3.083504e-04 -2.878871e-04 -2.461111e-04 -3.037091e-04
 8485.942861 6.896900e-01 2.347526e+00 3.148567e+00 9.162787e-02 -3.062417e-04 -2.942541e-04 -2.436869e-04 -2.985923e-04
 8490.301524 6.885920e-01 2.346372e+00 3.156445e+00 9.143774e-02 -3.089828e-04 -3.044236e-04 -2.476234e-04 -2.981146e-04
 8494.672378 6.876313e-01 2.345898e+00 3.165484e+00 9.144580e-02 -3.241193e-04 -3.050632e-04 -2.596686e-04 -2.925540e-04
 8499.055424 6.867715e-01 2.346401e+00 3.175972e+00 9.127794e-02 -3.192671e-04 -2.964232e-04 -2.556303e-04 -2.874525e-04
 8503.450662 6.860020e-01 2.346504e+00 3.184857e+00 9.197987e-02 -3.222497e-04 -2.974253e-04 -2.569846e-04 -2.906039e-04
 8507.858091 6.842777e-01 2.343771e+00 3.190280e+00 9.119804e-02 -3.230179e-04 -3.068055e-04 -2.541633e-04 -2.917223e-04
 8512.277713 6.811906e-01 2.336105e+00 3.187666e+00 9.148077e-02 -3.089296e-04 -3.120625e-04 -2.470185e-04 -2.934408e-04
 8516.709527 6.491471e-01 2.229327e+00 3.049720e+00 8.748844e-02 -3.147001e-04 -3.126953e-04 -2.391922e-04 -3.035144e-04
 8521.153532 6.396431e-01 2.199238e+00 3.017711e+00 8.574077e-02 -3.216133e-04 -3.033454e-04 -2.456307e-04 -3.051816e-04
 8525.609730 6.824431e-01 2.348534e+00 3.229629e+00 9.133348e-02 -3.270148e-04 -2.997172e-04 -2.463201e-04 -2.935103e-04
 8530.078119 6.833590e-01 2.354519e+00 3.245893e+00 9.181645e-02 -3.294480e-04 -2.973264e-04 -2.538674e-04 -2.901288e-04
 8534.558700 6.821841e-01 2.353532e+00 3.253648e+00 9.134149e-02 -3.307572e-04 -2.979416e-04 -2.540420e-04 -2.903250e-04
 8539.051473 6.813751e-01 2.353718e+00 3.262925e+00 9.182557e-02 -3.325668e-04 -3.057873e-04 -2.478789e-04 -2.907823e-04
 8543.556438 6.804882e-01 2.353542e+00 3.272345e+00 9.180807e-02 -3.336263e-04 -2.993660e-04 -2.534739e-04 -2.867684e-04
 8548.073595 6.795066e-01 2.352770e+00 3.281599e+00 9.217614e-02 -3.293777e-04 -2.923414e-04 -2.615344e-04 -2.917674e-04
 8552.602944 6.786862e-01 2.352655e+00 3.290492e+00 9.261631e-02 -3.248981e-04 -2.850436e-04 -2.586301e-04 -2.992363e-04
 8557.144485 6.777593e-01 2.352624e+00 3.299742e+00 9.213431e-02 -3.297542e-04 -2.936326e-04 -2.557680e-04 -2.914588e-04
 8561.698218 6.767450e-01 2.352682e+00 3.308688e+00 9.203505e-02 -3.261932e-04 -2.950730e-04 -2.568643e-04 -2.922187e-04
 8566.264142 6.758075e-01 2.352303e+00 3.317390e+00 9.228527e-02 -3.205721e-04 -2.987993e-04 -2.519682e-04 -2.929505e-04
 8570.842259 6.749878e-01 2.352123e+00 3.326198e+00 9.205899e-02 -3.080010e-04 -2.982723e-04 -2.488617e-04 -2.961601e-04
 8575.432567 6.742150e-01 2.353005e+00 3.336506e+00 9.250828e-02 -3.099319e-04 -2.919579e-04 -2.505431e-04 -3.200142e-04
 8580.035068 6.730632e-01 2.351904e+00 3.344857e+00 9.247839e-02 -3.136816e-04 -2.892618e-04 -2.503243e-04 -3.306710e-04
 8584.649760 6.719179e-01 2.351298e+00 3.354296e+00 9.219252e-02 -3.123910e-04 -2.924979e-04 -2.519765e-04 -3.314867e-04
 8589.276644 6.709790e-01 2.351318e+00 3.364747e+00 9.246304e-02 -3.162204e-04 -2.877242e-04 -2.504611e-04 -3.286506e-04
 8593.915720 6.695695e-01 2.349821e+00 3.372895e+00 9.242317e-02 -3.211770e-04 -2.838040e-04 -2.448954e-04 -3.324793e-04
 8598.566988 6.679574e-01 2.347270e+00 3.380174e+00 9.227141e-02 -3.142125e-04 -2.865946e-04 -2.431659e-04 -3.346564e-04
 8603.230448 6.658641e-01 2.342612e+00 3.383646e+00 9.236612e-02 -3.131329e-04 -2.961920e-04 -2.445728e-04 -3.350270e-04
 8607.906100 6.619400e-01 2.331670e+00 3.378872e+00 9.162591e-02 -3.113376e-04 -2.928284e-04 -2.443774e-04 -3.422008e-04
 8612.593943 6.394951e-01 2.255645e+00 3.278746e+00 8.885039e-02 -3.213726e-04 -2.949398e-04 -2.271633e-04 -3.363104e-04
 8617.293979 6.002822e-01 2.120642e+00 3.092981e+00 8.350518e-02 -3.200724e-04 -3.043243e-04 -2.278757e-04 -3.316213e-04
 8622.006206 6.750006e-01 2.385950e+00 3.488551e+00 9.431441e-02 -3.230947e-04 -2.962741e-04 -2.480838e-04 -3.235029e-04
 8626.730626 6.715412e-01 2.376657e+00 3.485625e+00 9.368706e-02 -3.321001e-04 -2.924042e-04 -2.552043e-04 -3.184150e-04
 8631.467237 6.675307e-01 2.365225e+00 3.479395e+00 9.333707e-02 -3.286985e-04 -3.007921e-04 -2.456808e-04 -3.161683e-04
 8636.216040 6.654608e-01 2.360712e+00 3.483143e+00 9.318088e-02 -3.337719e-04 -2.976221e-04 -2.484957e-04 -2.839067e-04
 8640.977036 6.642233e-01 2.359408e+00 3.491175e+00 9.325456e-02 -3.191651e-04 -2.986784e-04 -2.455674e-04 -2.903403e-04
 8645.750223 6.629237e-01 2.358151e+00 3.499791e+00 9.321271e-02 -3.170851e-04 -2.941993e-04 -2.538842e-04 -2.997766e-04
 8650.535602 6.617278e-01 2.356688e+00 3.507748e+00 9.304162e-02 -3.177397e-04 -2.991847e-04 -2.571488e-04 -3.262288e-04
 8655.333172 6.606506e-01 2.355692e+00 3.516472e+00 9.305733e-02 -3.241840e-04 -3.103399e-04 -2.513346e-04 -3.270451e-04
 8660.142935 6.596285e-01 2.354776e+00 3.525596e+00 9.301644e-02 -3.271533e-04 -3.122784e-04 -2.466343e-04 -3.151277e-04
 8664.964890 6.583793e-01 2.353366e+00 3.534349e+00 9.300072e-02 -3.260982e-04 -3.142106e-04 -2.514329e-04 -3.173014e-04
 8669.799037 5.782409e-01 2.068391e+00 3.114681e+00 8.189693e-02 -2.814072e-04 -2.705448e-04 -2.223096e-04 -2.541160e-04
 8674.645375 7.741103e-02 2.768357e-01 4.173845e-01 1.096342e-02 -3.768605e-05 -3.647661e-05 -3.005772e-05 -3.398334e-05
