# Facility: NSLS-II
# Beamline: QAS
# Year: 2022
# Cycle: 2
# SAF: 309337
# PI: Li
# Proposal: 309890
# Scan ID: 25066
# UID: 8bce1ef7-7a70-4217-855b-0e43e360451e
# Comment: 
# Start time: 06/09/2022  18:10:16
# Stop time: 06/09/2022  18:10:48
# Total time: 00:31
# Trajectory name: Co-30s-7709.txt
# Element: Cobalt ( 27)
# Edge: K
# E0: 7709
# Reference Foil Element: Co
# Keithley Gains I0: 1E7 V/A It: 1E7 V/A Iref: 1E8 V/A PIPS: 1E8 V/A 
# Ion Chamber Gas Flow Rates: I0: 149.80 sccm He + 349.90 sccm N2 + 0.00 sccm Ar 
# Ion Chamber Gas Flow Rates: It&Iref: 399.70 sccm N2 + 100.10 sccm Ar
# Incident Beam Path Vertical: -27.48 mm
# Incident Slits Positions B: TOP: 1.0 mm Bottom: -1.0 mm Inboard: -1.5 mm Outboard: 1.5 mm
# Sample Stage Positions: Rotation: 45.0 deg Horizontal: -1.00 mm Vertical: 21.98 mm Beam Direction: 0.00 mm
# PerkinElmer Vertical Position: 500.00 mm
# Front End Mirror Horizontal Positions: Up: 14.00 mm Down: 14.00 mm
#
# energy  i0  it  ir  iff  aux1  aux2  aux3  aux4
 7518.023903 4.297921e-01 1.049848e+00 2.902363e+00 3.770862e-02 -1.617344e-04 -1.339289e-04 -1.387904e-04 -1.396536e-04
 7523.023903 8.503624e-01 2.079520e+00 5.759486e+00 7.471260e-02 -3.190328e-04 -2.678243e-04 -2.811673e-04 -2.815108e-04
 7528.023903 8.581140e-01 2.102556e+00 5.838421e+00 7.566252e-02 -3.212469e-04 -2.697698e-04 -2.780616e-04 -3.036365e-04
 7533.023903 8.571355e-01 2.103956e+00 5.855504e+00 7.562965e-02 -3.218560e-04 -2.711989e-04 -2.783705e-04 -3.167115e-04
 7538.023903 8.560514e-01 2.102640e+00 5.867049e+00 7.593154e-02 -3.257162e-04 -2.821176e-04 -2.824763e-04 -3.006904e-04
 7543.023903 8.552331e-01 2.102899e+00 5.884684e+00 7.606730e-02 -3.369419e-04 -2.859484e-04 -2.723772e-04 -2.848414e-04
 7548.023903 8.545135e-01 2.107265e+00 5.910264e+00 7.612724e-02 -3.363350e-04 -2.749237e-04 -2.661370e-04 -2.815672e-04
 7553.023903 8.532792e-01 2.111249e+00 5.935609e+00 7.617484e-02 -3.362800e-04 -2.675656e-04 -2.769679e-04 -2.719821e-04
 7558.023903 8.519683e-01 2.115738e+00 5.964026e+00 7.626059e-02 -3.443043e-04 -2.825034e-04 -2.840067e-04 -2.626709e-04
 7563.023903 8.508624e-01 2.116943e+00 5.983205e+00 7.655213e-02 -3.526475e-04 -2.846837e-04 -2.823329e-04 -2.749068e-04
 7568.023903 8.501531e-01 2.119558e+00 6.003826e+00 7.638930e-02 -3.449311e-04 -2.876578e-04 -2.609371e-04 -2.764082e-04
 7573.023903 8.496559e-01 2.123124e+00 6.026412e+00 7.660302e-02 -3.393946e-04 -3.034777e-04 -2.659436e-04 -2.727575e-04
 7578.023903 8.488417e-01 2.126267e+00 6.050101e+00 7.673581e-02 -3.315524e-04 -2.912888e-04 -2.703341e-04 -2.829677e-04
 7583.023903 8.481278e-01 2.129752e+00 6.072576e+00 7.661057e-02 -3.234382e-04 -2.825820e-04 -2.707730e-04 -2.894401e-04
 7588.023903 8.472558e-01 2.132283e+00 6.093484e+00 7.684731e-02 -3.310038e-04 -2.853013e-04 -2.701004e-04 -2.899226e-04
 7593.023903 8.465049e-01 2.134826e+00 6.115957e+00 7.696997e-02 -3.405265e-04 -2.789068e-04 -2.760590e-04 -2.874361e-04
 7598.023903 8.442631e-01 2.133254e+00 6.125634e+00 7.674401e-02 -3.379727e-04 -2.763930e-04 -2.778850e-04 -2.819365e-04
 7603.023903 8.426683e-01 2.133137e+00 6.140976e+00 7.695968e-02 -3.354800e-04 -2.732953e-04 -2.794414e-04 -2.828839e-04
 7608.023903 8.435540e-01 2.140040e+00 6.173053e+00 7.732369e-02 -3.347345e-04 -2.749280e-04 -2.713248e-04 -2.833377e-04
 7613.023903 8.429400e-01 2.143571e+00 6.197252e+00 7.724425e-02 -3.281970e-04 -2.842990e-04 -2.593892e-04 -2.870486e-04
 7618.023903 8.425254e-01 2.146989e+00 6.220705e+00 7.771685e-02 -3.358626e-04 -2.741234e-04 -2.606761e-04 -2.864524e-04
 7623.023903 8.417615e-01 2.148838e+00 6.240593e+00 7.754801e-02 -3.377556e-04 -2.725727e-04 -2.599323e-04 -2.847634e-04
 7628.023903 8.406316e-01 2.150229e+00 6.258967e+00 7.772877e-02 -3.409932e-04 -2.826911e-04 -2.635173e-04 -2.808081e-04
 7633.023903 8.396912e-01 2.151994e+00 6.281232e+00 7.766722e-02 -3.466762e-04 -2.735424e-04 -2.623770e-04 -2.860270e-04
 7638.023903 8.387858e-01 2.153697e+00 6.301815e+00 7.790889e-02 -3.435545e-04 -2.713728e-04 -2.675564e-04 -2.822287e-04
 7643.023903 8.380706e-01 2.156360e+00 6.324688e+00 7.809298e-02 -3.421477e-04 -2.820057e-04 -2.638688e-04 -2.725457e-04
 7648.023903 8.371254e-01 2.159143e+00 6.346401e+00 7.833634e-02 -3.321347e-04 -2.918334e-04 -2.566200e-04 -2.806564e-04
 7653.023903 8.355349e-01 2.160662e+00 6.363620e+00 7.830137e-02 -3.348471e-04 -2.909268e-04 -2.572515e-04 -3.064731e-04
 7658.023903 8.355006e-01 2.166089e+00 6.392348e+00 7.845068e-02 -3.334162e-04 -2.932913e-04 -2.617320e-04 -2.917588e-04
 7663.023903 8.346237e-01 2.168572e+00 6.414969e+00 7.839238e-02 -3.383943e-04 -2.889547e-04 -2.712069e-04 -2.818792e-04
 7668.023903 8.332428e-01 2.169843e+00 6.429166e+00 7.831039e-02 -3.345769e-04 -2.899836e-04 -2.711359e-04 -2.789597e-04
 7673.023903 8.328582e-01 2.173499e+00 6.451112e+00 7.845298e-02 -3.316215e-04 -2.892014e-04 -2.726704e-04 -2.743668e-04
 7679.000000 8.315020e-01 2.175340e+00 6.467937e+00 7.878527e-02 -3.292865e-04 -2.930880e-04 -2.768916e-04 -2.665211e-04
 7680.000000 8.307069e-01 2.174174e+00 6.465741e+00 7.927237e-02 -3.332827e-04 -2.920823e-04 -2.852104e-04 -2.636303e-04
 7681.000000 8.308820e-01 2.175346e+00 6.471404e+00 7.855262e-02 -3.287331e-04 -2.959584e-04 -2.881300e-04 -2.656788e-04
 7682.000000 8.288642e-01 2.170883e+00 6.459092e+00 7.885207e-02 -3.251718e-04 -3.064652e-04 -2.833520e-04 -2.701412e-04
 7683.000000 8.183884e-01 2.144338e+00 6.382884e+00 7.743783e-02 -3.242606e-04 -3.008705e-04 -2.844228e-04 -2.728066e-04
 7684.000000 8.023220e-01 2.103391e+00 6.261878e+00 7.584258e-02 -3.264230e-04 -2.935827e-04 -2.810478e-04 -2.805731e-04
 7685.000000 8.289515e-01 2.173879e+00 6.470848e+00 7.914726e-02 -3.217060e-04 -3.001406e-04 -2.749676e-04 -2.790175e-04
 7686.000000 8.337872e-01 2.187291e+00 6.508467e+00 7.908506e-02 -3.194232e-04 -2.817687e-04 -2.603499e-04 -2.698755e-04
 7686.200000 8.388063e-01 2.200546e+00 6.548847e+00 7.898743e-02 -3.288532e-04 -2.850668e-04 -2.624067e-04 -2.709141e-04
 7686.400000 8.323174e-01 2.183900e+00 6.500509e+00 8.285231e-02 -3.233436e-04 -2.876488e-04 -2.535313e-04 -2.628314e-04
 7686.600000 8.282722e-01 2.173700e+00 6.470139e+00 7.948348e-02 -3.364617e-04 -2.840012e-04 -2.621004e-04 -2.533627e-04
 7686.800000 8.415714e-01 2.209040e+00 6.576302e+00 7.971283e-02 -3.427438e-04 -2.898789e-04 -2.532355e-04 -2.588532e-04
 7687.000000 8.307157e-01 2.180108e+00 6.491552e+00 7.576600e-02 -3.332053e-04 -2.878020e-04 -2.600245e-04 -2.568181e-04
 7687.200000 8.344065e-01 2.190038e+00 6.521113e+00 7.981764e-02 -3.353663e-04 -2.821745e-04 -2.663832e-04 -2.519976e-04
 7687.400000 8.299312e-01 2.178485e+00 6.481785e+00 7.966580e-02 -3.354225e-04 -2.810925e-04 -2.695265e-04 -2.473984e-04
 7687.600000 8.356212e-01 2.193774e+00 6.534874e+00 8.034453e-02 -3.397008e-04 -2.762557e-04 -2.690848e-04 -2.728405e-04
 7687.800000 8.287008e-01 2.175647e+00 6.481092e+00 8.022549e-02 -3.422022e-04 -2.818956e-04 -2.681737e-04 -2.763665e-04
 7688.000000 8.336101e-01 2.189550e+00 6.523013e+00 8.014986e-02 -3.367394e-04 -2.946203e-04 -2.576285e-04 -2.745442e-04
 7688.200000 8.400269e-01 2.206952e+00 6.572570e+00 8.017628e-02 -3.433719e-04 -2.920786e-04 -2.679694e-04 -2.853589e-04
 7688.400000 8.305303e-01 2.180673e+00 6.495613e+00 7.464847e-02 -3.356584e-04 -2.848081e-04 -2.648558e-04 -3.015919e-04
 7688.600000 8.324506e-01 2.185701e+00 6.511311e+00 7.887391e-02 -3.294455e-04 -2.867194e-04 -2.622037e-04 -2.909959e-04
 7688.800000 8.311202e-01 2.183217e+00 6.503291e+00 7.901330e-02 -3.277053e-04 -2.912133e-04 -2.706916e-04 -2.962237e-04
 7689.000000 8.309668e-01 2.183564e+00 6.503884e+00 7.966912e-02 -3.276692e-04 -2.907741e-04 -2.825658e-04 -2.908958e-04
 7689.200000 8.298361e-01 2.179662e+00 6.492922e+00 8.020811e-02 -3.346939e-04 -2.853374e-04 -2.747366e-04 -2.944212e-04
 7689.400000 8.377542e-01 2.200797e+00 6.556619e+00 7.851327e-02 -3.337143e-04 -2.833456e-04 -2.804635e-04 -2.858949e-04
 7689.600000 8.333131e-01 2.189119e+00 6.522235e+00 7.863364e-02 -3.431702e-04 -2.773489e-04 -2.777557e-04 -2.733231e-04
 7689.800000 8.314890e-01 2.184668e+00 6.508961e+00 8.155688e-02 -3.468610e-04 -2.708287e-04 -2.697796e-04 -2.845625e-04
 7690.000000 8.351964e-01 2.194985e+00 6.537937e+00 8.052277e-02 -3.457695e-04 -2.694116e-04 -2.805819e-04 -2.938413e-04
 7690.200000 8.259064e-01 2.171215e+00 6.463099e+00 7.720150e-02 -3.339832e-04 -2.742260e-04 -2.668320e-04 -2.779066e-04
 7690.400000 8.377493e-01 2.201587e+00 6.563880e+00 8.127796e-02 -3.393391e-04 -2.743584e-04 -2.723601e-04 -2.911441e-04
 7690.600000 8.270856e-01 2.173809e+00 6.476426e+00 7.563232e-02 -3.272327e-04 -2.723321e-04 -2.771787e-04 -2.889640e-04
 7690.800000 8.359273e-01 2.197194e+00 6.545515e+00 8.074751e-02 -3.231682e-04 -2.781999e-04 -2.622746e-04 -2.807991e-04
 7691.000000 8.379480e-01 2.203170e+00 6.559861e+00 8.151267e-02 -3.325107e-04 -2.947200e-04 -2.757579e-04 -2.868780e-04
 7691.200000 8.290021e-01 2.179974e+00 6.490608e+00 7.875007e-02 -3.307733e-04 -2.879122e-04 -2.794552e-04 -2.881592e-04
 7691.400000 8.300779e-01 2.182037e+00 6.495405e+00 7.923972e-02 -3.273322e-04 -2.863166e-04 -2.766643e-04 -2.747165e-04
 7691.600000 8.332409e-01 2.191238e+00 6.529232e+00 7.549078e-02 -3.256468e-04 -2.822306e-04 -2.741870e-04 -2.777186e-04
 7691.800000 8.323913e-01 2.188986e+00 6.524458e+00 7.787586e-02 -3.301338e-04 -2.837387e-04 -2.626046e-04 -2.784648e-04
 7692.000000 8.339632e-01 2.193859e+00 6.534309e+00 8.221303e-02 -3.365613e-04 -2.831833e-04 -2.760694e-04 -2.825180e-04
 7692.200000 8.328340e-01 2.190863e+00 6.524956e+00 7.869983e-02 -3.400054e-04 -2.787081e-04 -2.730080e-04 -2.836493e-04
 7692.400000 8.319017e-01 2.188343e+00 6.519103e+00 7.732604e-02 -3.360350e-04 -2.757347e-04 -2.735287e-04 -2.700358e-04
 7692.600000 8.162961e-01 2.147917e+00 6.396677e+00 7.892841e-02 -3.275277e-04 -2.728385e-04 -2.741346e-04 -2.618270e-04
 7692.800000 8.402108e-01 2.210754e+00 6.583722e+00 7.964240e-02 -3.433822e-04 -2.746661e-04 -2.943135e-04 -2.829811e-04
 7693.000000 8.299425e-01 2.183703e+00 6.502406e+00 7.955278e-02 -3.354064e-04 -2.656433e-04 -2.875056e-04 -2.878691e-04
 7693.200000 8.351740e-01 2.197784e+00 6.546803e+00 7.682845e-02 -3.306643e-04 -2.747424e-04 -2.749835e-04 -2.694728e-04
 7693.400000 8.310418e-01 2.187375e+00 6.515517e+00 7.898569e-02 -3.332776e-04 -2.755276e-04 -2.889403e-04 -2.879881e-04
 7693.600000 8.274157e-01 2.177640e+00 6.484461e+00 7.993391e-02 -3.367095e-04 -2.668118e-04 -2.936927e-04 -2.799234e-04
 7693.800000 8.329823e-01 2.192237e+00 6.526608e+00 8.081072e-02 -3.422880e-04 -2.806529e-04 -2.873322e-04 -2.762274e-04
 7694.000000 8.288379e-01 2.181594e+00 6.495982e+00 7.988912e-02 -3.387632e-04 -2.775154e-04 -2.796372e-04 -2.820953e-04
 7694.200000 8.320215e-01 2.190318e+00 6.521331e+00 7.875924e-02 -3.414161e-04 -2.763678e-04 -2.887192e-04 -2.894797e-04
 7694.400000 8.286694e-01 2.181771e+00 6.495419e+00 7.925516e-02 -3.357275e-04 -2.767485e-04 -2.819684e-04 -2.752771e-04
 7694.600000 8.372431e-01 2.204374e+00 6.562636e+00 7.899207e-02 -3.451716e-04 -2.725877e-04 -2.902852e-04 -2.791818e-04
 7694.800000 8.324816e-01 2.190940e+00 6.523378e+00 8.032475e-02 -3.453000e-04 -2.663630e-04 -2.846002e-04 -2.803587e-04
 7695.000000 8.300280e-01 2.185615e+00 6.506790e+00 8.017258e-02 -3.278769e-04 -2.789898e-04 -2.684933e-04 -2.704385e-04
 7695.200000 8.328830e-01 2.193828e+00 6.530825e+00 7.626228e-02 -3.339482e-04 -2.838262e-04 -2.763279e-04 -2.765176e-04
 7695.400000 8.173919e-01 2.152995e+00 6.404889e+00 7.631397e-02 -3.361513e-04 -2.775755e-04 -2.577019e-04 -2.801660e-04
 7695.600000 8.354632e-01 2.201117e+00 6.547678e+00 7.942211e-02 -3.321796e-04 -2.727571e-04 -2.773937e-04 -2.879431e-04
 7695.800000 8.341608e-01 2.197652e+00 6.537536e+00 8.116097e-02 -3.316092e-04 -2.673702e-04 -2.817364e-04 -2.951316e-04
 7696.000000 8.294066e-01 2.185050e+00 6.502873e+00 7.904909e-02 -3.246913e-04 -2.644511e-04 -2.751822e-04 -2.773108e-04
 7696.200000 8.293792e-01 2.184870e+00 6.500600e+00 7.528976e-02 -3.351959e-04 -2.598553e-04 -2.950186e-04 -2.809500e-04
 7696.400000 8.292872e-01 2.184125e+00 6.500397e+00 8.171786e-02 -3.310528e-04 -2.526450e-04 -2.806687e-04 -2.821546e-04
 7696.600000 8.303151e-01 2.187774e+00 6.509397e+00 8.236588e-02 -3.298577e-04 -2.614420e-04 -2.859183e-04 -2.848082e-04
 7696.800000 8.320009e-01 2.192485e+00 6.523375e+00 7.753669e-02 -3.302958e-04 -2.549182e-04 -2.974857e-04 -2.842449e-04
 7697.000000 8.315604e-01 2.191032e+00 6.517620e+00 7.731899e-02 -3.375151e-04 -2.508873e-04 -3.033269e-04 -2.871603e-04
 7697.200000 8.290041e-01 2.184526e+00 6.495374e+00 8.004044e-02 -3.334404e-04 -2.447274e-04 -3.061099e-04 -3.012963e-04
 7697.400000 8.289818e-01 2.184603e+00 6.497618e+00 8.013056e-02 -3.294343e-04 -2.470760e-04 -2.880918e-04 -2.879802e-04
 7697.600000 8.274127e-01 2.180529e+00 6.487015e+00 7.871696e-02 -3.227573e-04 -2.452929e-04 -2.896195e-04 -2.880948e-04
 7697.800000 8.271603e-01 2.179620e+00 6.479863e+00 7.919969e-02 -3.189706e-04 -2.494014e-04 -2.979265e-04 -2.854561e-04
 7698.000000 8.363988e-01 2.204777e+00 6.551172e+00 8.148501e-02 -3.273716e-04 -2.541610e-04 -2.988434e-04 -2.905678e-04
 7698.200000 8.286113e-01 2.184508e+00 6.492300e+00 7.848046e-02 -3.368661e-04 -2.544182e-04 -2.947671e-04 -2.797264e-04
 7698.400000 8.314400e-01 2.192189e+00 6.514548e+00 8.018105e-02 -3.359487e-04 -2.561519e-04 -3.017759e-04 -2.864982e-04
 7698.600000 8.236053e-01 2.172287e+00 6.451329e+00 8.008211e-02 -3.307003e-04 -2.454012e-04 -2.908578e-04 -2.869473e-04
 7698.800000 8.337108e-01 2.198245e+00 6.530078e+00 8.004231e-02 -3.317845e-04 -2.487656e-04 -2.955741e-04 -2.870832e-04
 7699.000000 8.330664e-01 2.197068e+00 6.524129e+00 7.816178e-02 -3.328893e-04 -2.518001e-04 -3.021850e-04 -2.835726e-04
 7699.200000 8.268378e-01 2.180897e+00 6.473095e+00 7.925336e-02 -3.464803e-04 -2.570545e-04 -2.947448e-04 -2.749498e-04
 7699.400000 8.280357e-01 2.183352e+00 6.480731e+00 7.864491e-02 -3.380435e-04 -2.615166e-04 -2.998113e-04 -2.788171e-04
 7699.600000 8.304665e-01 2.190001e+00 6.498812e+00 7.938575e-02 -3.220289e-04 -2.712099e-04 -2.980182e-04 -2.796453e-04
 7699.800000 8.321335e-01 2.195348e+00 6.511747e+00 8.147155e-02 -3.228715e-04 -2.725290e-04 -2.993039e-04 -2.895661e-04
 7700.000000 8.322897e-01 2.196493e+00 6.511016e+00 8.008211e-02 -3.275565e-04 -2.611795e-04 -3.004924e-04 -2.867557e-04
 7700.200000 8.270137e-01 2.182559e+00 6.471362e+00 7.598582e-02 -3.240528e-04 -2.539569e-04 -3.043778e-04 -2.874291e-04
 7700.400000 8.295282e-01 2.188408e+00 6.486136e+00 8.205426e-02 -3.277489e-04 -2.532823e-04 -2.920935e-04 -2.799748e-04
 7700.600000 8.322137e-01 2.195307e+00 6.506688e+00 7.789721e-02 -3.343771e-04 -2.497336e-04 -2.973926e-04 -2.881446e-04
 7700.800000 8.307728e-01 2.191990e+00 6.495010e+00 7.867177e-02 -3.372385e-04 -2.470418e-04 -2.962025e-04 -2.858531e-04
 7701.000000 8.290212e-01 2.188055e+00 6.481462e+00 8.109088e-02 -3.353245e-04 -2.543250e-04 -2.868688e-04 -2.834469e-04
 7701.200000 8.217346e-01 2.169495e+00 6.423512e+00 7.770457e-02 -3.260216e-04 -2.573066e-04 -2.945941e-04 -2.904668e-04
 7701.400000 8.264900e-01 2.182139e+00 6.457061e+00 7.801051e-02 -3.296603e-04 -2.605089e-04 -2.982794e-04 -2.876157e-04
 7701.600000 8.325025e-01 2.198259e+00 6.500381e+00 8.251685e-02 -3.336292e-04 -2.658446e-04 -2.959660e-04 -2.785248e-04
 7701.800000 8.279701e-01 2.186259e+00 6.462046e+00 7.988444e-02 -3.269097e-04 -2.630485e-04 -2.882409e-04 -2.837808e-04
 7702.000000 8.261565e-01 2.182008e+00 6.447351e+00 7.773117e-02 -3.284535e-04 -2.635419e-04 -2.852327e-04 -2.872886e-04
 7702.200000 8.320657e-01 2.197811e+00 6.491485e+00 7.862310e-02 -3.260522e-04 -2.745835e-04 -2.976024e-04 -2.925055e-04
 7702.400000 8.310152e-01 2.194577e+00 6.478259e+00 8.076113e-02 -3.191381e-04 -2.835210e-04 -2.964165e-04 -2.875943e-04
 7702.600000 8.290004e-01 2.189042e+00 6.459231e+00 8.016445e-02 -3.366504e-04 -2.811245e-04 -3.020382e-04 -2.937905e-04
 7702.800000 8.277982e-01 2.186431e+00 6.446970e+00 7.622844e-02 -3.313586e-04 -2.807751e-04 -3.011919e-04 -2.913778e-04
 7703.000000 8.301972e-01 2.193366e+00 6.463796e+00 7.811559e-02 -3.250039e-04 -2.905646e-04 -2.958715e-04 -2.846250e-04
 7703.200000 8.299127e-01 2.192767e+00 6.457564e+00 8.190497e-02 -3.296404e-04 -2.835621e-04 -3.014296e-04 -2.877936e-04
 7703.400000 8.315145e-01 2.196954e+00 6.462943e+00 8.010461e-02 -3.310370e-04 -2.801618e-04 -2.974417e-04 -2.929038e-04
 7703.600000 8.214939e-01 2.169739e+00 6.378238e+00 7.889861e-02 -3.246189e-04 -2.855371e-04 -2.846703e-04 -2.910746e-04
 7703.800000 8.315294e-01 2.196629e+00 6.455565e+00 8.038503e-02 -3.249671e-04 -2.975908e-04 -2.837956e-04 -2.858459e-04
 7704.000000 8.218791e-01 2.171420e+00 6.373019e+00 7.788588e-02 -3.208963e-04 -2.858919e-04 -2.977652e-04 -2.883149e-04
 7704.200000 8.271220e-01 2.186069e+00 6.409065e+00 7.898820e-02 -3.229203e-04 -2.866722e-04 -2.988059e-04 -2.922275e-04
 7704.400000 8.301633e-01 2.194255e+00 6.425053e+00 8.024765e-02 -3.329575e-04 -2.919241e-04 -2.950268e-04 -2.974496e-04
 7704.600000 8.313074e-01 2.197690e+00 6.423367e+00 8.046567e-02 -3.254518e-04 -2.858948e-04 -2.936382e-04 -2.943626e-04
 7704.800000 8.295199e-01 2.192773e+00 6.402239e+00 8.050963e-02 -3.204533e-04 -2.774347e-04 -3.001523e-04 -2.855931e-04
 7705.000000 8.266805e-01 2.185539e+00 6.368142e+00 7.722102e-02 -3.238756e-04 -2.836417e-04 -2.977989e-04 -2.836353e-04
 7705.200000 8.266271e-01 2.184988e+00 6.357047e+00 7.922488e-02 -3.230708e-04 -2.858021e-04 -3.051292e-04 -2.824721e-04
 7705.400000 8.295983e-01 2.193620e+00 6.368537e+00 7.892143e-02 -3.228339e-04 -2.839457e-04 -3.050359e-04 -2.884391e-04
 7705.600000 8.291578e-01 2.192512e+00 6.352913e+00 7.898020e-02 -3.210282e-04 -2.836752e-04 -3.006382e-04 -2.883342e-04
 7705.800000 8.325598e-01 2.201661e+00 6.361866e+00 7.969067e-02 -3.242109e-04 -2.837341e-04 -2.930311e-04 -2.924436e-04
 7706.000000 8.301220e-01 2.195763e+00 6.322890e+00 7.936989e-02 -3.340321e-04 -2.788738e-04 -2.909366e-04 -2.882482e-04
 7706.200000 8.271370e-01 2.187601e+00 6.276858e+00 7.771699e-02 -3.281775e-04 -2.751117e-04 -2.945273e-04 -2.884637e-04
 7706.400000 8.315797e-01 2.199278e+00 6.286108e+00 8.119895e-02 -3.248857e-04 -2.855889e-04 -2.936733e-04 -2.883213e-04
 7706.600000 8.301855e-01 2.196098e+00 6.243753e+00 7.953563e-02 -3.189308e-04 -2.809698e-04 -2.841342e-04 -2.831797e-04
 7706.800000 8.293635e-01 2.194690e+00 6.199607e+00 7.907861e-02 -3.268466e-04 -2.901309e-04 -2.905086e-04 -2.821924e-04
 7707.000000 8.302237e-01 2.196866e+00 6.159006e+00 8.063036e-02 -3.287556e-04 -2.872590e-04 -2.973234e-04 -2.887214e-04
 7707.200000 8.279644e-01 2.190614e+00 6.078209e+00 7.944159e-02 -3.257118e-04 -2.880420e-04 -2.852480e-04 -2.850143e-04
 7707.400000 8.249297e-01 2.182102e+00 5.976749e+00 7.928464e-02 -3.327297e-04 -2.906704e-04 -2.906437e-04 -2.909220e-04
 7707.600000 8.303108e-01 2.198093e+00 5.925829e+00 7.992008e-02 -3.363759e-04 -2.857355e-04 -2.882193e-04 -2.832732e-04
 7707.800000 8.289272e-01 2.194229e+00 5.801326e+00 7.919157e-02 -3.470102e-04 -2.721607e-04 -3.046259e-04 -2.846293e-04
 7708.000000 8.305532e-01 2.197873e+00 5.679675e+00 7.987981e-02 -3.387343e-04 -2.686467e-04 -3.030940e-04 -2.792008e-04
 7708.200000 8.280366e-01 2.191987e+00 5.518942e+00 7.981789e-02 -3.420126e-04 -2.644290e-04 -3.026897e-04 -2.788733e-04
 7708.400000 8.262547e-01 2.187252e+00 5.353965e+00 7.986278e-02 -3.327780e-04 -2.672090e-04 -2.986339e-04 -2.718144e-04
 7708.600000 8.282846e-01 2.192575e+00 5.223815e+00 7.907480e-02 -3.373625e-04 -2.791519e-04 -3.125351e-04 -2.694714e-04
 7708.800000 8.275651e-01 2.190852e+00 5.075935e+00 7.889115e-02 -3.357935e-04 -2.735979e-04 -3.085924e-04 -2.747063e-04
 7709.000000 8.294747e-01 2.195764e+00 4.954190e+00 7.960045e-02 -3.249754e-04 -2.787499e-04 -3.038180e-04 -2.685102e-04
 7709.200000 8.268074e-01 2.189276e+00 4.808835e+00 7.990058e-02 -3.291198e-04 -2.729237e-04 -2.966041e-04 -2.798673e-04
 7709.400000 8.265595e-01 2.188838e+00 4.683445e+00 7.966171e-02 -3.330913e-04 -2.707570e-04 -2.950954e-04 -2.900385e-04
 7709.600000 8.271422e-01 2.190515e+00 4.571141e+00 7.965989e-02 -3.269552e-04 -2.753535e-04 -3.055067e-04 -3.055441e-04
 7709.800000 8.280741e-01 2.193400e+00 4.469863e+00 8.001492e-02 -3.272034e-04 -2.841502e-04 -3.124882e-04 -3.027931e-04
 7710.000000 8.287682e-01 2.195065e+00 4.372541e+00 7.995355e-02 -3.317173e-04 -2.873520e-04 -3.047119e-04 -2.926937e-04
 7710.200000 8.286517e-01 2.195088e+00 4.279922e+00 7.935954e-02 -3.297272e-04 -2.900058e-04 -2.989490e-04 -2.857276e-04
 7710.400000 8.291210e-01 2.196411e+00 4.199152e+00 7.935426e-02 -3.360482e-04 -2.771586e-04 -2.880479e-04 -2.763496e-04
 7710.600000 8.275859e-01 2.192780e+00 4.116501e+00 7.927485e-02 -3.321147e-04 -2.682214e-04 -2.920764e-04 -2.787459e-04
 7710.800000 8.279434e-01 2.193537e+00 4.048911e+00 7.928237e-02 -3.317486e-04 -2.854491e-04 -3.001012e-04 -2.731083e-04
 7711.000000 8.293383e-01 2.197596e+00 3.999471e+00 7.897835e-02 -3.336964e-04 -2.835623e-04 -2.921353e-04 -2.719971e-04
 7711.200000 8.288389e-01 2.196452e+00 3.946223e+00 7.947962e-02 -3.360440e-04 -2.791454e-04 -2.827800e-04 -2.769045e-04
 7711.400000 8.278500e-01 2.194045e+00 3.900914e+00 7.939789e-02 -3.273079e-04 -2.835852e-04 -2.919427e-04 -2.809214e-04
 7711.600000 8.285548e-01 2.196253e+00 3.869930e+00 7.895850e-02 -3.305563e-04 -2.677343e-04 -2.984359e-04 -2.785494e-04
 7711.800000 8.283473e-01 2.195474e+00 3.839200e+00 7.888109e-02 -3.338799e-04 -2.701820e-04 -3.072003e-04 -2.748102e-04
 7712.000000 8.287017e-01 2.195430e+00 3.819608e+00 7.957657e-02 -3.436533e-04 -2.842695e-04 -2.974101e-04 -2.721905e-04
 7712.200000 8.280311e-01 2.193438e+00 3.800035e+00 7.957326e-02 -3.470211e-04 -2.835927e-04 -2.893655e-04 -2.841689e-04
 7712.400000 8.291407e-01 2.196482e+00 3.791959e+00 7.998784e-02 -3.516608e-04 -2.913366e-04 -2.818608e-04 -3.068678e-04
 7712.600000 8.296177e-01 2.198033e+00 3.783170e+00 7.957157e-02 -3.442178e-04 -2.946460e-04 -2.773151e-04 -3.193289e-04
 7712.800000 8.282179e-01 2.194109e+00 3.767058e+00 7.996059e-02 -3.432898e-04 -3.042816e-04 -2.721039e-04 -3.200452e-04
 7713.000000 8.279123e-01 2.193777e+00 3.759359e+00 7.958651e-02 -3.437993e-04 -2.913456e-04 -2.681946e-04 -2.790528e-04
 7713.200000 8.270697e-01 2.191830e+00 3.747864e+00 7.975694e-02 -3.358357e-04 -2.915727e-04 -2.761102e-04 -2.711819e-04
 7713.400000 8.281764e-01 2.194890e+00 3.741196e+00 7.977212e-02 -3.327861e-04 -2.898485e-04 -2.768460e-04 -2.741450e-04
 7713.600000 8.285447e-01 2.195834e+00 3.728405e+00 7.989973e-02 -3.303259e-04 -2.869039e-04 -2.772345e-04 -2.819970e-04
 7713.800000 8.292196e-01 2.197520e+00 3.711390e+00 7.958180e-02 -3.261471e-04 -2.971635e-04 -2.716597e-04 -2.795676e-04
 7714.000000 8.281171e-01 2.195291e+00 3.681426e+00 7.979530e-02 -3.289218e-04 -2.848881e-04 -2.639177e-04 -2.738229e-04
 7714.200000 8.275861e-01 2.194267e+00 3.649563e+00 7.969071e-02 -3.273576e-04 -2.930757e-04 -2.734635e-04 -2.769696e-04
 7714.400000 8.278470e-01 2.194952e+00 3.615605e+00 7.955814e-02 -3.308094e-04 -3.049417e-04 -2.817109e-04 -2.840172e-04
 7714.600000 8.260906e-01 2.190071e+00 3.567387e+00 7.966652e-02 -3.335950e-04 -2.981078e-04 -2.849763e-04 -3.155049e-04
 7714.800000 8.268331e-01 2.192112e+00 3.526339e+00 7.998047e-02 -3.281548e-04 -2.941150e-04 -2.874037e-04 -3.290789e-04
 7715.000000 8.269746e-01 2.192820e+00 3.482925e+00 7.966073e-02 -3.247338e-04 -2.883790e-04 -2.792172e-04 -3.248691e-04
 7715.200000 8.246294e-01 2.186596e+00 3.423692e+00 7.910315e-02 -3.188158e-04 -2.800826e-04 -2.728309e-04 -3.174938e-04
 7715.400000 8.263562e-01 2.191182e+00 3.381075e+00 7.937683e-02 -3.248454e-04 -3.021220e-04 -2.784730e-04 -3.207153e-04
 7715.600000 8.299357e-01 2.201602e+00 3.348730e+00 8.062786e-02 -3.254149e-04 -3.037713e-04 -2.817668e-04 -3.278345e-04
 7715.800000 8.276295e-01 2.195406e+00 3.289473e+00 8.108305e-02 -3.242296e-04 -2.997571e-04 -2.712459e-04 -3.260451e-04
 7716.000000 8.291028e-01 2.199396e+00 3.247564e+00 7.950472e-02 -3.356240e-04 -2.983578e-04 -2.709300e-04 -3.318241e-04
 7716.200000 8.268745e-01 2.194153e+00 3.191297e+00 7.993219e-02 -3.380242e-04 -3.061882e-04 -2.708741e-04 -3.326257e-04
 7716.400000 8.258903e-01 2.190991e+00 3.142707e+00 8.044728e-02 -3.363999e-04 -3.015371e-04 -2.694910e-04 -3.382018e-04
 7716.600000 8.257519e-01 2.190694e+00 3.097981e+00 7.914247e-02 -3.377380e-04 -2.917074e-04 -2.710304e-04 -3.304164e-04
 7716.800000 8.280679e-01 2.197133e+00 3.061937e+00 8.072393e-02 -3.388916e-04 -2.899533e-04 -2.620266e-04 -3.218490e-04
 7717.000000 8.234003e-01 2.185725e+00 3.001330e+00 7.904444e-02 -3.250430e-04 -2.842495e-04 -2.694806e-04 -3.196916e-04
 7717.200000 8.283144e-01 2.198917e+00 2.977354e+00 7.993773e-02 -3.202669e-04 -2.855896e-04 -2.688408e-04 -3.219452e-04
 7717.400000 8.261477e-01 2.192592e+00 2.924337e+00 7.989531e-02 -3.212546e-04 -2.886732e-04 -2.700389e-04 -3.320948e-04
 7717.600000 8.262047e-01 2.192460e+00 2.880166e+00 7.953344e-02 -3.255924e-04 -2.935070e-04 -2.719239e-04 -3.343715e-04
 7717.800000 8.264073e-01 2.193619e+00 2.839443e+00 8.030105e-02 -3.313969e-04 -2.959555e-04 -2.763772e-04 -3.345370e-04
 7718.000000 8.228276e-01 2.184312e+00 2.782512e+00 7.897196e-02 -3.371769e-04 -2.954461e-04 -2.768304e-04 -3.392548e-04
 7718.200000 8.260999e-01 2.192879e+00 2.749983e+00 7.935288e-02 -3.318903e-04 -2.934563e-04 -2.797763e-04 -3.369745e-04
 7718.400000 8.237114e-01 2.186563e+00 2.697602e+00 8.053556e-02 -3.403713e-04 -2.945324e-04 -2.892399e-04 -3.362222e-04
 7718.600000 8.278254e-01 2.198447e+00 2.669009e+00 7.836564e-02 -3.361070e-04 -2.941334e-04 -2.682179e-04 -3.299192e-04
 7718.800000 8.265993e-01 2.195281e+00 2.621336e+00 8.072601e-02 -3.381528e-04 -2.950109e-04 -2.686649e-04 -3.295970e-04
 7719.000000 8.220711e-01 2.183457e+00 2.564432e+00 7.896949e-02 -3.339578e-04 -2.948349e-04 -2.738683e-04 -3.362787e-04
 7719.200000 8.284073e-01 2.199839e+00 2.539336e+00 7.953144e-02 -3.343805e-04 -2.929111e-04 -2.723883e-04 -3.412763e-04
 7719.400000 8.231888e-01 2.186368e+00 2.477126e+00 7.854848e-02 -3.292989e-04 -2.926839e-04 -2.715053e-04 -3.400663e-04
 7719.600000 8.267706e-01 2.196206e+00 2.447282e+00 8.109120e-02 -3.309267e-04 -2.944656e-04 -2.635670e-04 -3.397749e-04
 7719.800000 8.264653e-01 2.195809e+00 2.402908e+00 7.866415e-02 -3.238963e-04 -2.987863e-04 -2.632389e-04 -3.337490e-04
 7720.000000 8.251642e-01 2.192771e+00 2.354786e+00 8.006333e-02 -3.234054e-04 -3.042690e-04 -2.624428e-04 -3.316383e-04
 7720.200000 8.272627e-01 2.199113e+00 2.318761e+00 7.979619e-02 -3.155471e-04 -3.065714e-04 -2.601878e-04 -3.292092e-04
 7720.400000 8.275900e-01 2.199433e+00 2.274388e+00 8.082605e-02 -3.160688e-04 -3.098548e-04 -2.675099e-04 -3.310323e-04
 7720.600000 8.242248e-01 2.190304e+00 2.219412e+00 7.970425e-02 -3.177547e-04 -3.150009e-04 -2.634763e-04 -3.374887e-04
 7720.800000 8.271938e-01 2.198653e+00 2.183644e+00 8.027161e-02 -3.198947e-04 -3.094281e-04 -2.643060e-04 -3.304709e-04
 7721.000000 8.248171e-01 2.192074e+00 2.130655e+00 7.980815e-02 -3.195268e-04 -3.069962e-04 -2.665840e-04 -3.267635e-04
 7721.200000 8.258354e-01 2.194765e+00 2.090524e+00 7.847464e-02 -3.271338e-04 -3.095610e-04 -2.801686e-04 -3.398568e-04
 7721.400000 8.283156e-01 2.201620e+00 2.054654e+00 8.215979e-02 -3.262726e-04 -3.110725e-04 -2.859548e-04 -3.438904e-04
 7721.600000 8.254804e-01 2.193785e+00 2.003394e+00 8.003497e-02 -3.313436e-04 -3.114635e-04 -2.818254e-04 -3.507327e-04
 7721.800000 8.251873e-01 2.193186e+00 1.960762e+00 7.760303e-02 -3.341999e-04 -3.139424e-04 -2.712835e-04 -3.481564e-04
 7722.000000 8.242222e-01 2.191505e+00 1.918968e+00 8.015816e-02 -3.361272e-04 -3.054378e-04 -2.577450e-04 -3.385975e-04
 7722.200000 8.297744e-01 2.206322e+00 1.891730e+00 8.252161e-02 -3.400449e-04 -3.107085e-04 -2.715854e-04 -3.310897e-04
 7722.400000 8.226938e-01 2.187622e+00 1.837640e+00 7.806822e-02 -3.330214e-04 -3.161059e-04 -2.834815e-04 -3.367521e-04
 7722.600000 8.260881e-01 2.196918e+00 1.807907e+00 8.110964e-02 -3.361825e-04 -3.059596e-04 -2.771211e-04 -3.424678e-04
 7722.800000 8.239476e-01 2.191483e+00 1.770306e+00 7.858080e-02 -3.383591e-04 -2.996098e-04 -2.704735e-04 -3.385847e-04
 7723.000000 8.259351e-01 2.197243e+00 1.743381e+00 8.127640e-02 -3.316197e-04 -3.043291e-04 -2.596598e-04 -3.415794e-04
 7723.200000 8.258330e-01 2.196497e+00 1.712028e+00 7.971056e-02 -3.339148e-04 -3.032465e-04 -2.611578e-04 -3.446519e-04
 7723.400000 8.278016e-01 2.201512e+00 1.689635e+00 8.072578e-02 -3.319796e-04 -3.135885e-04 -2.664364e-04 -3.397483e-04
 7723.600000 8.250105e-01 2.194697e+00 1.659959e+00 7.950002e-02 -3.384816e-04 -3.138460e-04 -2.614693e-04 -3.402810e-04
 7723.800000 8.248518e-01 2.194766e+00 1.640586e+00 7.976896e-02 -3.252158e-04 -3.151414e-04 -2.813015e-04 -3.386486e-04
 7724.000000 8.254280e-01 2.195897e+00 1.622914e+00 7.648206e-02 -3.242784e-04 -3.126164e-04 -2.672656e-04 -3.401629e-04
 7724.200000 8.248812e-01 2.195106e+00 1.606795e+00 8.193677e-02 -3.243178e-04 -3.103664e-04 -2.768857e-04 -3.441810e-04
 7724.400000 8.302570e-01 2.209616e+00 1.607287e+00 8.087348e-02 -3.265905e-04 -3.219715e-04 -2.670147e-04 -3.414543e-04
 7724.600000 8.240493e-01 2.192956e+00 1.582572e+00 7.741085e-02 -3.216106e-04 -3.175470e-04 -2.542905e-04 -3.216343e-04
 7724.800000 8.246161e-01 2.194088e+00 1.574837e+00 8.189232e-02 -3.157730e-04 -3.174992e-04 -2.675350e-04 -3.256990e-04
 7725.000000 8.263409e-01 2.199523e+00 1.572451e+00 7.971844e-02 -3.262664e-04 -3.154952e-04 -2.634037e-04 -3.339466e-04
 7725.200000 8.271616e-01 2.201514e+00 1.568197e+00 7.866636e-02 -3.203557e-04 -3.155367e-04 -2.570668e-04 -3.401413e-04
 7725.400000 8.245711e-01 2.195160e+00 1.560743e+00 8.116338e-02 -3.247505e-04 -3.097636e-04 -2.569461e-04 -3.337384e-04
 7725.600000 8.202355e-01 2.183608e+00 1.548742e+00 7.714374e-02 -3.277241e-04 -3.069357e-04 -2.571194e-04 -3.364091e-04
 7725.800000 8.249448e-01 2.196077e+00 1.558031e+00 7.896988e-02 -3.242087e-04 -2.943416e-04 -2.501183e-04 -3.271232e-04
 7726.000000 8.304587e-01 2.211031e+00 1.567716e+00 8.200788e-02 -3.267538e-04 -3.011865e-04 -2.565470e-04 -3.260691e-04
 7726.200000 8.210841e-01 2.186680e+00 1.550222e+00 7.937040e-02 -3.234179e-04 -3.003801e-04 -2.703071e-04 -3.334626e-04
 7726.400000 8.200090e-01 2.183570e+00 1.547361e+00 7.945455e-02 -3.301550e-04 -3.074465e-04 -2.800720e-04 -3.350720e-04
 7726.600000 8.260214e-01 2.200349e+00 1.561645e+00 8.005746e-02 -3.369656e-04 -3.066943e-04 -2.813222e-04 -3.361236e-04
 7726.800000 8.206249e-01 2.186918e+00 1.554570e+00 7.889897e-02 -3.327027e-04 -3.015469e-04 -2.694869e-04 -3.307548e-04
 7727.000000 8.246778e-01 2.196502e+00 1.563954e+00 8.060866e-02 -3.446361e-04 -3.048574e-04 -2.572226e-04 -3.288364e-04
 7727.200000 8.259100e-01 2.199883e+00 1.565663e+00 7.921495e-02 -3.385638e-04 -3.022254e-04 -2.697137e-04 -3.214903e-04
 7727.400000 8.236589e-01 2.193958e+00 1.564574e+00 8.012740e-02 -3.247792e-04 -3.093732e-04 -2.633851e-04 -3.185997e-04
 7727.600000 8.242003e-01 2.195918e+00 1.570237e+00 8.123602e-02 -3.295218e-04 -3.071286e-04 -2.569927e-04 -3.253152e-04
 7727.800000 8.209286e-01 2.188564e+00 1.567175e+00 7.980841e-02 -3.316035e-04 -3.061005e-04 -2.725355e-04 -3.405390e-04
 7728.000000 8.283203e-01 2.208032e+00 1.583753e+00 7.792753e-02 -3.261021e-04 -3.028849e-04 -2.834698e-04 -3.369305e-04
 7728.200000 8.268185e-01 2.203151e+00 1.580499e+00 8.093164e-02 -3.243978e-04 -3.048820e-04 -2.744061e-04 -3.297652e-04
 7728.400000 8.243076e-01 2.197427e+00 1.580552e+00 8.241224e-02 -3.286197e-04 -3.005859e-04 -2.582516e-04 -3.218910e-04
 7728.600000 8.213309e-01 2.188816e+00 1.573263e+00 7.920807e-02 -3.293226e-04 -3.088359e-04 -2.495529e-04 -3.173800e-04
 7728.800000 8.288197e-01 2.209134e+00 1.589641e+00 7.688252e-02 -3.396943e-04 -3.065969e-04 -2.660072e-04 -3.143686e-04
 7729.000000 8.246026e-01 2.198604e+00 1.582450e+00 8.023842e-02 -3.340339e-04 -3.043998e-04 -2.675159e-04 -3.173276e-04
 7729.200000 8.251532e-01 2.200369e+00 1.580185e+00 8.242132e-02 -3.262716e-04 -3.087945e-04 -2.527339e-04 -3.206516e-04
 7729.400000 8.245404e-01 2.198591e+00 1.576349e+00 8.162557e-02 -3.262114e-04 -3.110123e-04 -2.618303e-04 -3.341412e-04
 7729.600000 8.222192e-01 2.192660e+00 1.569993e+00 8.100408e-02 -3.195003e-04 -3.028256e-04 -2.520585e-04 -3.279264e-04
 7729.800000 8.195012e-01 2.185272e+00 1.559891e+00 7.787047e-02 -3.306040e-04 -3.106551e-04 -2.451281e-04 -3.194059e-04
 7730.000000 8.241137e-01 2.198165e+00 1.563988e+00 8.089458e-02 -3.376733e-04 -3.183704e-04 -2.520831e-04 -3.126061e-04
 7730.200000 8.275398e-01 2.207722e+00 1.564766e+00 8.038353e-02 -3.281530e-04 -3.208467e-04 -2.595132e-04 -2.894024e-04
 7730.400000 8.217419e-01 2.192489e+00 1.545417e+00 8.075452e-02 -3.159162e-04 -3.203468e-04 -2.683887e-04 -2.798241e-04
 7730.600000 8.167243e-01 2.179499e+00 1.528485e+00 8.070839e-02 -3.116622e-04 -3.049396e-04 -2.723590e-04 -2.786194e-04
 7730.800000 8.269325e-01 2.206722e+00 1.539163e+00 7.882343e-02 -3.231327e-04 -3.105124e-04 -2.665139e-04 -2.886705e-04
 7731.000000 8.275144e-01 2.207259e+00 1.528899e+00 8.180271e-02 -3.253487e-04 -3.150840e-04 -2.723093e-04 -2.899367e-04
 7731.200000 8.230807e-01 2.196295e+00 1.510822e+00 8.099004e-02 -3.304509e-04 -3.116170e-04 -2.682496e-04 -2.955528e-04
 7731.400000 8.239386e-01 2.199587e+00 1.503739e+00 7.952526e-02 -3.341857e-04 -3.167342e-04 -2.623937e-04 -3.061933e-04
 7731.600000 8.189129e-01 2.185869e+00 1.482618e+00 7.698794e-02 -3.292031e-04 -3.103713e-04 -2.662806e-04 -2.963639e-04
 7731.800000 8.292091e-01 2.214414e+00 1.492350e+00 8.004759e-02 -3.346978e-04 -3.139493e-04 -2.659845e-04 -2.934078e-04
 7732.000000 8.218962e-01 2.193840e+00 1.470437e+00 7.936417e-02 -3.294360e-04 -3.089637e-04 -2.722260e-04 -2.963262e-04
 7732.200000 8.255634e-01 2.204016e+00 1.470791e+00 8.121849e-02 -3.339281e-04 -3.022418e-04 -2.673961e-04 -3.087630e-04
 7732.400000 8.263780e-01 2.206265e+00 1.465056e+00 7.971427e-02 -3.454986e-04 -2.961620e-04 -2.514936e-04 -3.027905e-04
 7732.600000 8.140442e-01 2.173477e+00 1.435930e+00 7.613457e-02 -3.439069e-04 -2.932372e-04 -2.418160e-04 -2.882530e-04
 7732.800000 8.267524e-01 2.207633e+00 1.454114e+00 8.245132e-02 -3.473208e-04 -3.038729e-04 -2.601057e-04 -2.980032e-04
 7733.000000 8.214621e-01 2.195059e+00 1.443306e+00 7.865170e-02 -3.366607e-04 -3.025951e-04 -2.562040e-04 -2.962841e-04
 7733.200000 8.222142e-01 2.196374e+00 1.440768e+00 8.085676e-02 -3.369804e-04 -2.953364e-04 -2.694402e-04 -3.090093e-04
 7733.400000 8.276750e-01 2.211347e+00 1.451554e+00 7.968451e-02 -3.435755e-04 -2.936204e-04 -2.628358e-04 -3.133830e-04
 7733.600000 8.257904e-01 2.205631e+00 1.448950e+00 7.943268e-02 -3.498876e-04 -2.997964e-04 -2.498748e-04 -3.023211e-04
 7733.800000 8.086216e-01 2.159832e+00 1.421819e+00 7.719827e-02 -3.496153e-04 -3.006607e-04 -2.469344e-04 -2.986973e-04
 7734.000000 8.218714e-01 2.195461e+00 1.448942e+00 8.125741e-02 -3.485527e-04 -3.109797e-04 -2.850540e-04 -3.277902e-04
 7734.200000 8.244535e-01 2.202572e+00 1.457017e+00 8.118805e-02 -3.391232e-04 -3.087212e-04 -2.731643e-04 -3.212793e-04
 7734.400000 8.292516e-01 2.217165e+00 1.471564e+00 8.130063e-02 -3.371125e-04 -2.950017e-04 -2.644860e-04 -3.099589e-04
 7734.600000 8.228559e-01 2.199061e+00 1.465611e+00 7.812632e-02 -3.398837e-04 -2.933549e-04 -2.526222e-04 -3.010454e-04
 7734.800000 8.237599e-01 2.200973e+00 1.473153e+00 7.782904e-02 -3.417955e-04 -3.029093e-04 -2.606931e-04 -3.031898e-04
 7735.000000 8.223897e-01 2.197876e+00 1.479588e+00 8.223947e-02 -3.359838e-04 -3.003928e-04 -2.574946e-04 -3.151109e-04
 7735.200000 8.275832e-01 2.212284e+00 1.495383e+00 7.926270e-02 -3.335514e-04 -2.975925e-04 -2.545423e-04 -3.068567e-04
 7735.400000 8.270588e-01 2.210641e+00 1.502575e+00 8.390746e-02 -3.325421e-04 -3.011940e-04 -2.569161e-04 -3.111173e-04
 7735.600000 8.239040e-01 2.202797e+00 1.504010e+00 8.081905e-02 -3.280437e-04 -3.024762e-04 -2.559612e-04 -3.048565e-04
 7735.800000 8.235909e-01 2.202585e+00 1.510543e+00 7.934394e-02 -3.265122e-04 -2.967803e-04 -2.779738e-04 -3.159825e-04
 7736.000000 8.217141e-01 2.196965e+00 1.511371e+00 7.812229e-02 -3.216430e-04 -2.937848e-04 -2.560635e-04 -2.972135e-04
 7736.200000 8.235380e-01 2.201424e+00 1.521742e+00 8.118872e-02 -3.207089e-04 -2.900923e-04 -2.808829e-04 -3.010704e-04
 7736.400000 8.244886e-01 2.203842e+00 1.530684e+00 8.196520e-02 -3.250410e-04 -2.855571e-04 -2.738941e-04 -2.917169e-04
 7736.600000 8.248386e-01 2.205915e+00 1.537237e+00 8.000594e-02 -3.256417e-04 -2.881480e-04 -2.536515e-04 -2.924295e-04
 7736.800000 8.202469e-01 2.194489e+00 1.533445e+00 8.045552e-02 -3.357696e-04 -2.864592e-04 -2.503570e-04 -2.975456e-04
 7737.000000 8.232616e-01 2.203224e+00 1.540838e+00 7.898477e-02 -3.273211e-04 -2.867061e-04 -2.571145e-04 -2.960326e-04
 7737.200000 8.269837e-01 2.212415e+00 1.552694e+00 8.324115e-02 -3.215914e-04 -2.946767e-04 -2.543194e-04 -2.979941e-04
 7737.400000 8.146430e-01 2.179016e+00 1.533077e+00 7.934978e-02 -3.164518e-04 -2.969909e-04 -2.527505e-04 -3.013530e-04
 7737.600000 8.190649e-01 2.192154e+00 1.543980e+00 8.067673e-02 -3.242622e-04 -2.810095e-04 -2.560622e-04 -3.048090e-04
 7737.800000 8.204287e-01 2.195027e+00 1.549781e+00 7.826542e-02 -3.288223e-04 -2.793444e-04 -2.576610e-04 -3.022954e-04
 7738.000000 8.223427e-01 2.201040e+00 1.555773e+00 8.034241e-02 -3.239756e-04 -2.847571e-04 -2.536605e-04 -3.156856e-04
 7738.200000 8.203982e-01 2.195712e+00 1.555208e+00 7.854051e-02 -3.258658e-04 -2.918971e-04 -2.670217e-04 -3.244150e-04
 7738.400000 8.229821e-01 2.202950e+00 1.564181e+00 7.968973e-02 -3.280000e-04 -2.878123e-04 -2.644270e-04 -3.250343e-04
 7738.600000 8.236093e-01 2.204823e+00 1.565654e+00 8.257712e-02 -3.196765e-04 -2.840928e-04 -2.506822e-04 -3.089474e-04
 7738.800000 8.192661e-01 2.192058e+00 1.562853e+00 7.763566e-02 -3.313549e-04 -2.832442e-04 -2.586628e-04 -3.053541e-04
 7739.000000 8.255998e-01 2.210366e+00 1.578970e+00 7.948546e-02 -3.296147e-04 -2.849500e-04 -2.661880e-04 -3.001702e-04
 7739.200000 8.211128e-01 2.198897e+00 1.573769e+00 7.831024e-02 -3.202042e-04 -2.853742e-04 -2.998666e-04 -3.141101e-04
 7739.400000 8.141116e-01 2.179577e+00 1.562446e+00 7.956090e-02 -3.217577e-04 -2.862695e-04 -2.615958e-04 -3.075044e-04
 7739.600000 8.322421e-01 2.228361e+00 1.602846e+00 8.417615e-02 -3.297273e-04 -2.913955e-04 -2.753425e-04 -2.995039e-04
 7739.800000 8.213168e-01 2.199843e+00 1.584153e+00 7.990559e-02 -3.239700e-04 -2.888446e-04 -2.763305e-04 -3.076569e-04
 7740.000000 8.223283e-01 2.202676e+00 1.591078e+00 8.038340e-02 -3.266001e-04 -2.868610e-04 -2.775794e-04 -3.126356e-04
 7740.200000 8.232578e-01 2.204737e+00 1.599040e+00 8.188014e-02 -3.184659e-04 -2.826928e-04 -2.595533e-04 -2.987596e-04
 7740.400000 8.132363e-01 2.177703e+00 1.581964e+00 7.920963e-02 -3.142817e-04 -2.819774e-04 -2.663405e-04 -3.132040e-04
 7740.600000 8.289509e-01 2.220607e+00 1.616968e+00 7.838749e-02 -3.265345e-04 -2.849868e-04 -2.765047e-04 -3.298859e-04
 7740.800000 8.113478e-01 2.174148e+00 1.587672e+00 7.930827e-02 -3.278632e-04 -2.823795e-04 -2.604318e-04 -3.000657e-04
 7741.000000 8.163432e-01 2.186627e+00 1.599749e+00 8.074371e-02 -3.266658e-04 -2.934576e-04 -2.678811e-04 -2.959189e-04
 7741.200000 8.221131e-01 2.202925e+00 1.614817e+00 7.802939e-02 -3.253817e-04 -2.876892e-04 -2.519430e-04 -3.042180e-04
 7741.400000 8.136157e-01 2.180312e+00 1.603773e+00 7.709400e-02 -3.146218e-04 -2.876162e-04 -2.465209e-04 -2.958903e-04
 7741.600000 8.107976e-01 2.172735e+00 1.598518e+00 7.963046e-02 -3.257871e-04 -3.019004e-04 -2.656610e-04 -2.986746e-04
 7741.800000 8.145770e-01 2.183170e+00 1.609833e+00 8.233819e-02 -3.259067e-04 -2.956888e-04 -2.541873e-04 -3.102338e-04
 7742.000000 8.012884e-01 2.147863e+00 1.587203e+00 7.797828e-02 -3.183724e-04 -2.846192e-04 -2.576746e-04 -3.082753e-04
 7742.700000 7.932898e-01 2.127115e+00 1.577449e+00 7.719566e-02 -3.147113e-04 -2.813399e-04 -2.614087e-04 -2.968280e-04
 7743.400000 8.163996e-01 2.189698e+00 1.628871e+00 7.983936e-02 -3.144975e-04 -2.912998e-04 -2.421325e-04 -3.039009e-04
 7744.100000 8.244446e-01 2.211694e+00 1.648258e+00 8.105442e-02 -3.242843e-04 -2.869600e-04 -2.501616e-04 -3.093100e-04
 7744.800000 8.231371e-01 2.208605e+00 1.647864e+00 8.049134e-02 -3.298362e-04 -2.895780e-04 -2.677359e-04 -2.934613e-04
 7745.500000 8.239806e-01 2.211142e+00 1.650022e+00 8.144103e-02 -3.319655e-04 -2.851195e-04 -2.718708e-04 -2.995898e-04
 7746.200000 8.229815e-01 2.208687e+00 1.644431e+00 8.021882e-02 -3.233811e-04 -2.881814e-04 -2.722218e-04 -2.891343e-04
 7746.900000 8.229285e-01 2.210078e+00 1.638510e+00 8.042175e-02 -3.212989e-04 -2.836006e-04 -2.765698e-04 -2.930733e-04
 7747.600000 8.219447e-01 2.207736e+00 1.625050e+00 8.109168e-02 -3.184476e-04 -2.819802e-04 -2.760474e-04 -2.997980e-04
 7748.300000 8.223985e-01 2.209458e+00 1.611021e+00 7.982188e-02 -3.174785e-04 -2.809041e-04 -2.653862e-04 -2.998951e-04
 7749.993695 8.221596e-01 2.210460e+00 1.563200e+00 8.068493e-02 -3.183793e-04 -2.887882e-04 -2.577150e-04 -3.007832e-04
 7750.999583 8.209756e-01 2.208398e+00 1.527551e+00 8.007489e-02 -3.305987e-04 -2.802713e-04 -2.617381e-04 -2.903901e-04
 7752.017662 8.210423e-01 2.209045e+00 1.490128e+00 8.039610e-02 -3.322700e-04 -2.860967e-04 -2.626621e-04 -2.922366e-04
 7753.047933 8.201618e-01 2.208142e+00 1.450979e+00 8.062403e-02 -3.439293e-04 -2.819141e-04 -2.717434e-04 -2.826006e-04
 7754.090396 8.209691e-01 2.211214e+00 1.417105e+00 8.049405e-02 -3.438235e-04 -2.752656e-04 -2.712769e-04 -2.830498e-04
 7755.145051 8.198854e-01 2.208973e+00 1.383112e+00 7.975600e-02 -3.432102e-04 -2.727618e-04 -2.568544e-04 -2.808443e-04
 7756.211898 8.203648e-01 2.211426e+00 1.360501e+00 8.107531e-02 -3.350616e-04 -2.747361e-04 -2.702548e-04 -2.868210e-04
 7757.290937 8.201765e-01 2.211509e+00 1.347990e+00 7.954459e-02 -3.353902e-04 -2.740413e-04 -2.588071e-04 -2.903626e-04
 7758.382167 8.200856e-01 2.211664e+00 1.347136e+00 8.131042e-02 -3.425173e-04 -2.866859e-04 -2.641815e-04 -2.748003e-04
 7759.485590 8.184861e-01 2.208807e+00 1.356578e+00 8.095862e-02 -3.271997e-04 -2.804485e-04 -2.701967e-04 -2.730814e-04
 7760.601204 8.193089e-01 2.212421e+00 1.381051e+00 8.046353e-02 -3.247188e-04 -2.719394e-04 -2.724433e-04 -2.827704e-04
 7761.729011 8.196838e-01 2.214208e+00 1.416057e+00 8.075416e-02 -3.110510e-04 -2.732950e-04 -2.777840e-04 -2.787125e-04
 7762.869009 8.186736e-01 2.212024e+00 1.456093e+00 8.082524e-02 -3.194654e-04 -2.754151e-04 -2.730563e-04 -3.122662e-04
 7764.021199 8.187656e-01 2.214094e+00 1.501698e+00 8.002878e-02 -3.297293e-04 -2.785433e-04 -2.623499e-04 -3.138020e-04
 7765.185582 8.179564e-01 2.212444e+00 1.544260e+00 8.093889e-02 -3.307185e-04 -2.823660e-04 -2.527422e-04 -3.150813e-04
 7766.362156 8.186682e-01 2.216001e+00 1.588395e+00 8.039474e-02 -3.150486e-04 -2.815397e-04 -2.602808e-04 -2.902366e-04
 7767.550922 8.183595e-01 2.216079e+00 1.630031e+00 8.116787e-02 -3.126492e-04 -2.757714e-04 -2.487318e-04 -2.833494e-04
 7768.751879 8.179835e-01 2.215783e+00 1.664471e+00 8.137105e-02 -3.254730e-04 -2.802002e-04 -2.526526e-04 -2.997477e-04
 7769.965029 8.184209e-01 2.217800e+00 1.692482e+00 8.027612e-02 -3.273500e-04 -2.909105e-04 -2.573918e-04 -2.864101e-04
 7771.190371 8.171546e-01 2.215907e+00 1.707792e+00 8.125293e-02 -3.381971e-04 -2.950544e-04 -2.572135e-04 -2.711965e-04
 7772.427904 8.176308e-01 2.217812e+00 1.718788e+00 8.142544e-02 -3.323225e-04 -2.972867e-04 -2.702174e-04 -2.775250e-04
 7773.677630 8.171992e-01 2.218237e+00 1.725045e+00 8.068919e-02 -3.200431e-04 -2.930877e-04 -2.625048e-04 -2.838544e-04
 7774.939547 8.176176e-01 2.220365e+00 1.735337e+00 8.143465e-02 -3.224267e-04 -3.030713e-04 -2.654643e-04 -2.806558e-04
 7776.213657 8.165611e-01 2.218852e+00 1.744213e+00 8.009817e-02 -3.308858e-04 -3.019972e-04 -2.808003e-04 -2.828318e-04
 7777.499958 8.164567e-01 2.219842e+00 1.755043e+00 8.174303e-02 -3.302985e-04 -2.990126e-04 -2.989060e-04 -2.855407e-04
 7778.798451 8.159039e-01 2.219405e+00 1.762107e+00 8.048538e-02 -3.217171e-04 -2.869081e-04 -2.899179e-04 -2.968476e-04
 7780.109136 8.163259e-01 2.221256e+00 1.763725e+00 8.119964e-02 -3.181772e-04 -2.866192e-04 -2.817681e-04 -2.819884e-04
 7781.432013 8.154021e-01 2.219930e+00 1.755239e+00 8.093994e-02 -3.194079e-04 -2.870818e-04 -2.815758e-04 -2.812265e-04
 7782.767082 8.155069e-01 2.221461e+00 1.743314e+00 8.044102e-02 -3.219690e-04 -2.905059e-04 -2.865346e-04 -2.780956e-04
 7784.114342 8.151298e-01 2.221631e+00 1.728122e+00 8.110196e-02 -3.281417e-04 -2.868116e-04 -2.836520e-04 -2.966539e-04
 7785.473795 8.152048e-01 2.223549e+00 1.714709e+00 8.042214e-02 -3.289164e-04 -2.873654e-04 -2.827170e-04 -3.078114e-04
 7786.845440 8.147176e-01 2.223179e+00 1.700630e+00 8.193782e-02 -3.278077e-04 -2.798147e-04 -2.774192e-04 -3.121389e-04
 7788.229276 8.145340e-01 2.223618e+00 1.684086e+00 8.020226e-02 -3.368928e-04 -2.814430e-04 -2.722546e-04 -3.130636e-04
 7789.625305 8.143118e-01 2.224483e+00 1.665158e+00 8.197118e-02 -3.301554e-04 -2.931485e-04 -2.702610e-04 -3.012992e-04
 7791.033525 8.137304e-01 2.223809e+00 1.642879e+00 8.130480e-02 -3.279966e-04 -2.929540e-04 -2.704381e-04 -2.994154e-04
 7792.453937 8.138737e-01 2.225786e+00 1.624345e+00 8.067101e-02 -3.282185e-04 -2.934353e-04 -2.701223e-04 -2.904606e-04
 7793.886541 8.130715e-01 2.224820e+00 1.605827e+00 8.132322e-02 -3.253490e-04 -2.924644e-04 -2.798248e-04 -2.923832e-04
 7795.331337 8.125034e-01 2.223654e+00 1.584969e+00 8.114597e-02 -3.162726e-04 -2.956571e-04 -2.845765e-04 -3.037286e-04
 7796.788325 8.129660e-01 2.226610e+00 1.563775e+00 8.069584e-02 -3.236227e-04 -2.959767e-04 -2.743565e-04 -3.206511e-04
 7798.257505 8.130591e-01 2.228171e+00 1.536781e+00 8.173885e-02 -3.189376e-04 -2.781740e-04 -2.717606e-04 -3.167625e-04
 7799.738877 8.130687e-01 2.229437e+00 1.504509e+00 8.188012e-02 -3.149372e-04 -2.821265e-04 -2.749630e-04 -3.041765e-04
 7801.232440 8.122671e-01 2.228916e+00 1.470601e+00 8.130225e-02 -3.103204e-04 -2.988719e-04 -2.749800e-04 -3.061008e-04
 7802.738196 8.106291e-01 2.225973e+00 1.436752e+00 8.135591e-02 -3.224067e-04 -2.869095e-04 -2.604656e-04 -2.980351e-04
 7804.256143 8.121221e-01 2.231029e+00 1.415758e+00 8.090355e-02 -3.188391e-04 -2.888671e-04 -2.611558e-04 -3.004184e-04
 7805.786283 8.114402e-01 2.230419e+00 1.400912e+00 8.221860e-02 -3.206425e-04 -2.989799e-04 -2.586565e-04 -2.941519e-04
 7807.328614 8.116787e-01 2.232374e+00 1.399428e+00 8.053133e-02 -3.192423e-04 -3.041143e-04 -2.673086e-04 -2.916714e-04
 7808.883137 8.105789e-01 2.230787e+00 1.408969e+00 8.210694e-02 -3.158702e-04 -2.974520e-04 -2.668964e-04 -2.994000e-04
 7810.449852 8.115996e-01 2.235060e+00 1.430062e+00 8.163504e-02 -3.123010e-04 -2.933122e-04 -2.556793e-04 -2.991501e-04
 7812.028759 8.097001e-01 2.230595e+00 1.451406e+00 8.160116e-02 -3.141810e-04 -2.957299e-04 -2.558882e-04 -2.917106e-04
 7813.619858 8.111814e-01 2.236459e+00 1.483293e+00 8.176138e-02 -3.131198e-04 -2.971701e-04 -2.661154e-04 -2.955046e-04
 7815.223149 8.099401e-01 2.234566e+00 1.513598e+00 8.167378e-02 -3.141000e-04 -3.017945e-04 -2.568740e-04 -2.899655e-04
 7816.838632 8.101259e-01 2.235998e+00 1.549837e+00 8.075276e-02 -3.231318e-04 -3.025462e-04 -2.556650e-04 -2.821989e-04
 7818.466307 8.090539e-01 2.234610e+00 1.585413e+00 8.221442e-02 -3.232807e-04 -2.841963e-04 -2.491424e-04 -2.769929e-04
 7820.106173 8.101753e-01 2.239374e+00 1.622626e+00 8.163564e-02 -3.238384e-04 -2.886976e-04 -2.575667e-04 -2.870614e-04
 7821.758232 8.083121e-01 2.235401e+00 1.651547e+00 8.089752e-02 -3.177779e-04 -2.943821e-04 -2.550366e-04 -2.804643e-04
 7823.422482 8.092558e-01 2.239653e+00 1.688866e+00 8.209591e-02 -3.212496e-04 -2.867657e-04 -2.601791e-04 -2.864478e-04
 7825.098924 8.079928e-01 2.237836e+00 1.727399e+00 8.174988e-02 -3.174173e-04 -2.785898e-04 -2.657276e-04 -2.924708e-04
 7826.787558 8.088263e-01 2.241824e+00 1.773934e+00 8.130541e-02 -3.210742e-04 -2.827799e-04 -2.708653e-04 -2.982458e-04
 7828.488385 8.035677e-01 2.228340e+00 1.807357e+00 8.158733e-02 -3.084949e-04 -2.859368e-04 -2.659813e-04 -2.933985e-04
 7830.201403 8.037575e-01 2.229669e+00 1.846257e+00 8.127798e-02 -3.233943e-04 -2.916063e-04 -2.539368e-04 -2.988253e-04
 7831.926613 8.060583e-01 2.237911e+00 1.878978e+00 8.154842e-02 -3.254275e-04 -2.899804e-04 -2.572201e-04 -3.053821e-04
 7833.664014 8.076195e-01 2.243910e+00 1.897050e+00 8.295358e-02 -3.264582e-04 -2.827541e-04 -2.577409e-04 -2.970904e-04
 7835.413608 8.066559e-01 2.242049e+00 1.896285e+00 8.224933e-02 -3.141771e-04 -2.780874e-04 -2.648597e-04 -2.912054e-04
 7837.175394 8.068177e-01 2.244093e+00 1.887054e+00 8.179989e-02 -3.115104e-04 -2.895150e-04 -2.558481e-04 -2.849873e-04
 7838.949371 8.055823e-01 2.242933e+00 1.869041e+00 8.158036e-02 -3.215003e-04 -2.929114e-04 -2.646977e-04 -2.866251e-04
 7840.735541 8.061050e-01 2.245666e+00 1.850394e+00 8.230564e-02 -3.189134e-04 -2.819100e-04 -2.654969e-04 -2.843000e-04
 7842.533902 8.053307e-01 2.245115e+00 1.827210e+00 8.286166e-02 -3.112632e-04 -2.796101e-04 -2.552405e-04 -2.882344e-04
 7844.344455 8.053722e-01 2.246968e+00 1.806193e+00 8.117109e-02 -3.151683e-04 -2.884445e-04 -2.514916e-04 -2.777161e-04
 7846.167201 8.045818e-01 2.246088e+00 1.785155e+00 8.252934e-02 -3.084310e-04 -2.864950e-04 -2.581305e-04 -2.888512e-04
 7848.002138 8.051355e-01 2.249304e+00 1.774280e+00 8.206768e-02 -3.016411e-04 -2.851676e-04 -2.663542e-04 -2.903418e-04
 7849.849267 8.041593e-01 2.247839e+00 1.767474e+00 8.278806e-02 -2.967656e-04 -2.896778e-04 -2.648058e-04 -2.756865e-04
 7851.708588 8.041355e-01 2.249221e+00 1.771875e+00 8.212624e-02 -2.997763e-04 -2.961304e-04 -2.622502e-04 -2.828508e-04
 7853.580100 8.011381e-01 2.242263e+00 1.771444e+00 8.277458e-02 -3.073035e-04 -2.886718e-04 -2.552269e-04 -2.783793e-04
 7855.463805 7.973611e-01 2.234108e+00 1.766052e+00 8.128010e-02 -3.082681e-04 -2.917075e-04 -2.628994e-04 -2.752028e-04
 7857.359702 8.014944e-01 2.246577e+00 1.765505e+00 8.234070e-02 -3.080284e-04 -2.878251e-04 -2.681549e-04 -2.848948e-04
 7859.267790 8.028561e-01 2.252506e+00 1.744544e+00 8.272056e-02 -3.022113e-04 -2.868937e-04 -2.563722e-04 -2.853147e-04
 7861.188071 8.011942e-01 2.249833e+00 1.702288e+00 8.098300e-02 -2.966404e-04 -2.944938e-04 -2.634947e-04 -2.843506e-04
 7863.120543 8.016210e-01 2.252283e+00 1.656000e+00 8.341972e-02 -2.981096e-04 -2.872818e-04 -2.621966e-04 -2.853485e-04
 7865.065207 8.005836e-01 2.251230e+00 1.608215e+00 8.312422e-02 -2.998685e-04 -2.909452e-04 -2.669685e-04 -2.786017e-04
 7867.022064 8.017459e-01 2.255877e+00 1.572707e+00 8.220137e-02 -2.985097e-04 -2.928555e-04 -2.707818e-04 -2.903792e-04
 7868.991112 7.999825e-01 2.253000e+00 1.542569e+00 8.300586e-02 -3.073350e-04 -2.825190e-04 -2.762573e-04 -2.921975e-04
 7870.972352 8.000417e-01 2.254926e+00 1.525243e+00 8.301122e-02 -3.149323e-04 -2.819913e-04 -2.682528e-04 -2.905953e-04
 7872.965784 7.992493e-01 2.254026e+00 1.511284e+00 8.255809e-02 -3.101641e-04 -2.879485e-04 -2.753845e-04 -2.974409e-04
 7874.971407 8.004315e-01 2.259020e+00 1.507687e+00 8.321142e-02 -3.041138e-04 -2.905345e-04 -2.628004e-04 -2.954711e-04
 7876.989223 7.992417e-01 2.257819e+00 1.510287e+00 8.236409e-02 -3.069830e-04 -2.875528e-04 -2.486248e-04 -2.913476e-04
 7879.019231 7.990744e-01 2.259033e+00 1.526237e+00 8.239488e-02 -3.075420e-04 -2.824868e-04 -2.692597e-04 -2.913658e-04
 7881.061430 7.991050e-01 2.261176e+00 1.556823e+00 8.283958e-02 -2.993350e-04 -2.870056e-04 -2.675982e-04 -2.967636e-04
 7883.115822 7.982968e-01 2.260050e+00 1.596634e+00 8.327192e-02 -3.012313e-04 -2.925207e-04 -2.792266e-04 -2.864664e-04
 7885.182405 7.981529e-01 2.260867e+00 1.650541e+00 8.377719e-02 -3.051670e-04 -2.994733e-04 -2.676857e-04 -2.901831e-04
 7887.261180 7.987336e-01 2.265330e+00 1.719967e+00 8.316644e-02 -3.056312e-04 -2.968997e-04 -2.454055e-04 -2.950571e-04
 7889.352148 7.977709e-01 2.263983e+00 1.793977e+00 8.208802e-02 -3.165817e-04 -2.912184e-04 -2.471207e-04 -2.935338e-04
 7891.455307 7.960808e-01 2.260052e+00 1.868451e+00 8.389349e-02 -3.252957e-04 -2.897151e-04 -2.625417e-04 -2.812549e-04
 7893.570658 7.900491e-01 2.245436e+00 1.927953e+00 8.208789e-02 -3.159637e-04 -2.837472e-04 -2.701106e-04 -2.860627e-04
 7895.698201 7.950829e-01 2.261850e+00 1.999215e+00 8.305104e-02 -3.153704e-04 -2.740660e-04 -2.672668e-04 -2.865847e-04
 7897.837935 7.956916e-01 2.265672e+00 2.036143e+00 8.243900e-02 -3.261097e-04 -2.753374e-04 -2.595972e-04 -2.770369e-04
 7899.989862 7.957696e-01 2.267651e+00 2.046289e+00 8.312447e-02 -3.295898e-04 -2.898068e-04 -2.781704e-04 -2.865620e-04
 7902.153981 7.952388e-01 2.267317e+00 2.029441e+00 8.325613e-02 -3.359166e-04 -2.799021e-04 -2.623111e-04 -2.755043e-04
 7904.330291 7.942739e-01 2.266658e+00 1.998912e+00 8.339027e-02 -3.290510e-04 -2.834443e-04 -2.585840e-04 -2.746904e-04
 7906.518794 7.950131e-01 2.271520e+00 1.968555e+00 8.310382e-02 -3.256420e-04 -2.896891e-04 -2.606580e-04 -2.849026e-04
 7908.719488 7.936131e-01 2.269250e+00 1.933953e+00 8.280506e-02 -3.235969e-04 -2.917134e-04 -2.664005e-04 -2.953476e-04
 7910.932374 7.941558e-01 2.272235e+00 1.908550e+00 8.355787e-02 -3.284695e-04 -3.006440e-04 -2.700727e-04 -2.949119e-04
 7913.157453 7.932153e-01 2.271369e+00 1.884759e+00 8.398014e-02 -3.263647e-04 -3.004321e-04 -2.634338e-04 -2.978049e-04
 7915.394723 7.938053e-01 2.274962e+00 1.872808e+00 8.435108e-02 -3.228628e-04 -2.931940e-04 -2.709214e-04 -3.023840e-04
 7917.644185 7.926730e-01 2.273396e+00 1.863646e+00 8.374767e-02 -3.194195e-04 -2.886660e-04 -2.714611e-04 -2.974566e-04
 7919.905838 7.922494e-01 2.274474e+00 1.861997e+00 8.324862e-02 -3.180400e-04 -2.820703e-04 -2.802035e-04 -2.994874e-04
 7922.179684 7.918808e-01 2.275358e+00 1.865121e+00 8.327576e-02 -3.238564e-04 -2.861950e-04 -2.781400e-04 -2.989865e-04
 7924.465722 7.918874e-01 2.277049e+00 1.871306e+00 8.393987e-02 -3.143785e-04 -2.781723e-04 -2.754650e-04 -2.978276e-04
 7926.763952 7.904309e-01 2.274493e+00 1.877354e+00 8.335662e-02 -3.181884e-04 -2.800713e-04 -2.687239e-04 -2.942070e-04
 7929.074373 7.906437e-01 2.277621e+00 1.890982e+00 8.404306e-02 -3.248386e-04 -2.817503e-04 -2.755000e-04 -2.965669e-04
 7931.396987 7.899156e-01 2.276860e+00 1.905223e+00 8.383549e-02 -3.226809e-04 -2.885744e-04 -2.749500e-04 -3.051856e-04
 7933.731792 7.896556e-01 2.278965e+00 1.922085e+00 8.297432e-02 -3.218707e-04 -3.010262e-04 -2.694940e-04 -2.929742e-04
 7936.078789 7.860030e-01 2.269563e+00 1.922799e+00 8.328051e-02 -3.258781e-04 -2.967301e-04 -2.731612e-04 -2.944980e-04
 7938.437978 7.758369e-01 2.242544e+00 1.897132e+00 8.259704e-02 -3.285449e-04 -2.925631e-04 -2.693194e-04 -2.941600e-04
 7940.809359 7.885915e-01 2.281312e+00 1.911507e+00 8.430801e-02 -3.282190e-04 -2.761448e-04 -2.724448e-04 -3.017213e-04
 7943.192932 7.897727e-01 2.286833e+00 1.888854e+00 8.424003e-02 -3.275687e-04 -2.775607e-04 -2.690466e-04 -3.018170e-04
 7945.588697 7.885298e-01 2.285081e+00 1.856612e+00 8.401553e-02 -3.297049e-04 -2.904373e-04 -2.724542e-04 -3.022230e-04
 7947.996654 7.885626e-01 2.287368e+00 1.832554e+00 8.377085e-02 -3.286799e-04 -2.961422e-04 -2.602155e-04 -2.901801e-04
 7950.416803 7.874393e-01 2.285868e+00 1.810270e+00 8.404108e-02 -3.304018e-04 -3.019891e-04 -2.524574e-04 -2.915289e-04
 7952.849143 7.876835e-01 2.288388e+00 1.794999e+00 8.393479e-02 -3.312599e-04 -3.082899e-04 -2.581179e-04 -2.902500e-04
 7955.293676 7.871433e-01 2.289284e+00 1.785165e+00 8.453395e-02 -3.304631e-04 -3.072696e-04 -2.463883e-04 -2.853144e-04
 7957.750400 7.862871e-01 2.288923e+00 1.783984e+00 8.447722e-02 -3.292660e-04 -3.029018e-04 -2.521572e-04 -2.853995e-04
 7960.219317 7.859009e-01 2.289555e+00 1.793356e+00 8.451182e-02 -3.320102e-04 -3.045501e-04 -2.467416e-04 -2.878438e-04
 7962.700425 7.858550e-01 2.291606e+00 1.815355e+00 8.433765e-02 -3.271138e-04 -2.930232e-04 -2.487251e-04 -2.926524e-04
 7965.193725 7.859631e-01 2.294092e+00 1.849287e+00 8.460030e-02 -3.225738e-04 -2.931497e-04 -2.536600e-04 -2.920338e-04
 7967.699217 7.847228e-01 2.291862e+00 1.886247e+00 8.497674e-02 -3.231522e-04 -3.031109e-04 -2.656122e-04 -2.985148e-04
 7970.216901 7.844423e-01 2.293637e+00 1.931762e+00 8.490878e-02 -3.189386e-04 -3.074515e-04 -2.792646e-04 -2.853937e-04
 7972.746777 7.837498e-01 2.294024e+00 1.974479e+00 8.490381e-02 -3.256602e-04 -3.076483e-04 -2.592600e-04 -2.818380e-04
 7975.288845 7.838104e-01 2.296240e+00 2.013454e+00 8.438042e-02 -3.348648e-04 -3.037331e-04 -2.644462e-04 -2.910533e-04
 7977.843105 7.827020e-01 2.294671e+00 2.040766e+00 8.427723e-02 -3.305203e-04 -2.930605e-04 -2.604194e-04 -2.873919e-04
 7980.409556 7.825041e-01 2.296333e+00 2.059829e+00 8.458209e-02 -3.366746e-04 -2.913629e-04 -2.642032e-04 -2.824805e-04
 7982.988200 7.778650e-01 2.284969e+00 2.063507e+00 8.320955e-02 -3.337374e-04 -2.843336e-04 -2.651880e-04 -2.824414e-04
 7985.579035 7.771216e-01 2.285378e+00 2.072317e+00 8.470888e-02 -3.357115e-04 -2.783042e-04 -2.663657e-04 -2.794680e-04
 7988.182062 7.805950e-01 2.297205e+00 2.091678e+00 8.465775e-02 -3.342039e-04 -2.919539e-04 -2.585593e-04 -2.937391e-04
 7990.797282 7.795217e-01 2.296102e+00 2.099014e+00 8.438408e-02 -3.263346e-04 -2.899882e-04 -2.609071e-04 -2.838329e-04
 7993.424693 7.795752e-01 2.298690e+00 2.109683e+00 8.449581e-02 -3.243021e-04 -2.933014e-04 -2.570256e-04 -2.960441e-04
 7996.064296 7.776580e-01 2.295238e+00 2.113627e+00 8.450640e-02 -3.248290e-04 -2.992792e-04 -2.495181e-04 -3.013630e-04
 7998.716091 7.786930e-01 2.300729e+00 2.124204e+00 8.497768e-02 -3.182978e-04 -2.988034e-04 -2.487073e-04 -3.032315e-04
 8001.380078 7.772107e-01 2.298231e+00 2.125972e+00 8.539645e-02 -3.287048e-04 -2.997523e-04 -2.596215e-04 -3.028265e-04
 8004.056256 7.770714e-01 2.300382e+00 2.126685e+00 8.505327e-02 -3.259448e-04 -2.950374e-04 -2.603851e-04 -2.960023e-04
 8006.744627 7.767246e-01 2.301551e+00 2.122907e+00 8.501586e-02 -3.295397e-04 -2.913910e-04 -2.715016e-04 -3.004297e-04
 8009.445190 7.757790e-01 2.300777e+00 2.115825e+00 8.530437e-02 -3.302683e-04 -2.883700e-04 -2.742540e-04 -3.017925e-04
 8012.157944 7.756136e-01 2.302287e+00 2.109367e+00 8.464777e-02 -3.335772e-04 -2.858034e-04 -2.756411e-04 -2.998434e-04
 8014.882891 7.748938e-01 2.302074e+00 2.101334e+00 8.459406e-02 -3.304180e-04 -2.851266e-04 -2.760689e-04 -3.067651e-04
 8017.620029 7.754652e-01 2.305905e+00 2.098426e+00 8.530576e-02 -3.365351e-04 -2.877124e-04 -2.714721e-04 -3.201473e-04
 8020.369359 7.739778e-01 2.304241e+00 2.093555e+00 8.524045e-02 -3.398534e-04 -2.836293e-04 -2.702462e-04 -3.125843e-04
 8023.130881 7.746430e-01 2.308584e+00 2.095404e+00 8.434683e-02 -3.399047e-04 -2.728111e-04 -2.718866e-04 -3.013267e-04
 8025.904595 7.718670e-01 2.302341e+00 2.087886e+00 8.562804e-02 -3.368878e-04 -2.843462e-04 -2.708264e-04 -2.969679e-04
 8028.690501 7.728088e-01 2.307119e+00 2.088055e+00 8.481159e-02 -3.306591e-04 -2.842430e-04 -2.815433e-04 -2.998043e-04
 8031.488599 7.720540e-01 2.307553e+00 2.083203e+00 8.567380e-02 -3.375856e-04 -2.894696e-04 -2.750310e-04 -2.920768e-04
 8034.298889 7.711609e-01 2.307232e+00 2.076577e+00 8.564847e-02 -3.393712e-04 -2.867486e-04 -2.759619e-04 -2.928612e-04
 8037.121371 7.695656e-01 2.304662e+00 2.066758e+00 8.556099e-02 -3.341594e-04 -2.898836e-04 -2.777207e-04 -2.948082e-04
 8039.956044 7.697906e-01 2.307494e+00 2.061526e+00 8.563318e-02 -3.286467e-04 -2.933764e-04 -2.720452e-04 -3.047939e-04
 8042.802910 7.704363e-01 2.311571e+00 2.062874e+00 8.562262e-02 -3.300784e-04 -2.848461e-04 -2.712380e-04 -3.036447e-04
 8045.661967 7.684545e-01 2.308315e+00 2.062846e+00 8.486469e-02 -3.178865e-04 -2.772392e-04 -2.645918e-04 -3.090505e-04
 8048.533217 7.681112e-01 2.309519e+00 2.072548e+00 8.521439e-02 -3.181857e-04 -2.871909e-04 -2.615548e-04 -2.980660e-04
 8051.416658 7.649788e-01 2.302208e+00 2.079869e+00 8.533238e-02 -3.191457e-04 -2.897321e-04 -2.690819e-04 -3.399733e-04
 8054.312291 7.461074e-01 2.247824e+00 2.048603e+00 8.386364e-02 -3.231686e-04 -2.837071e-04 -2.716574e-04 -3.479458e-04
 8057.220116 7.609604e-01 2.295366e+00 2.113644e+00 8.422300e-02 -3.306023e-04 -2.854150e-04 -2.786726e-04 -3.517491e-04
 8060.140133 7.688113e-01 2.321344e+00 2.157800e+00 8.579112e-02 -3.276143e-04 -2.842541e-04 -2.743799e-04 -3.466153e-04
 8063.072342 7.687311e-01 2.323138e+00 2.180573e+00 8.630481e-02 -3.293311e-04 -2.795978e-04 -2.697686e-04 -3.414488e-04
 8066.016743 7.666937e-01 2.319362e+00 2.191628e+00 8.553426e-02 -3.267308e-04 -2.799120e-04 -2.643764e-04 -3.369652e-04
 8068.973335 7.671426e-01 2.323004e+00 2.203358e+00 8.666038e-02 -3.188463e-04 -2.839576e-04 -2.590957e-04 -3.423668e-04
 8071.942120 7.662150e-01 2.322552e+00 2.207210e+00 8.551067e-02 -3.155784e-04 -2.835115e-04 -2.592254e-04 -3.500485e-04
 8074.923096 7.653557e-01 2.322335e+00 2.212065e+00 8.598613e-02 -3.174720e-04 -2.772555e-04 -2.623607e-04 -3.452687e-04
 8077.916265 7.657471e-01 2.326270e+00 2.223902e+00 8.646857e-02 -3.153011e-04 -2.691358e-04 -2.615585e-04 -3.417240e-04
 8080.921625 7.636761e-01 2.322525e+00 2.236759e+00 8.650900e-02 -3.214986e-04 -2.774310e-04 -2.570868e-04 -3.358355e-04
 8083.939177 7.638953e-01 2.325759e+00 2.260012e+00 8.560426e-02 -3.220595e-04 -2.834461e-04 -2.526070e-04 -3.352586e-04
 8086.968921 7.621796e-01 2.322534e+00 2.277678e+00 8.626137e-02 -3.096828e-04 -2.833311e-04 -2.540485e-04 -3.400925e-04
 8090.010858 7.530250e-01 2.297017e+00 2.267861e+00 8.460164e-02 -3.070142e-04 -2.803959e-04 -2.573198e-04 -3.307364e-04
 8093.064985 7.444630e-01 2.273352e+00 2.253723e+00 8.449562e-02 -3.097368e-04 -2.872847e-04 -2.754755e-04 -2.991751e-04
 8096.131305 7.639172e-01 2.334587e+00 2.320750e+00 8.748925e-02 -3.210732e-04 -2.830433e-04 -2.736266e-04 -2.980173e-04
 8099.209817 7.636600e-01 2.336720e+00 2.329137e+00 8.657171e-02 -3.274241e-04 -2.782644e-04 -2.707096e-04 -3.014309e-04
 8102.300521 7.625605e-01 2.336009e+00 2.334567e+00 8.632210e-02 -3.232892e-04 -2.788578e-04 -2.659842e-04 -3.074111e-04
 8105.403416 7.616620e-01 2.335385e+00 2.338340e+00 8.695794e-02 -3.183314e-04 -2.840207e-04 -2.775181e-04 -3.150934e-04
 8108.518504 7.612888e-01 2.337240e+00 2.344233e+00 8.642782e-02 -3.228999e-04 -2.850045e-04 -2.734389e-04 -3.093997e-04
 8111.645783 7.605803e-01 2.337303e+00 2.346048e+00 8.677063e-02 -3.368317e-04 -2.797863e-04 -2.613336e-04 -3.067307e-04
 8114.785255 7.598275e-01 2.337690e+00 2.347054e+00 8.753637e-02 -3.367848e-04 -2.814772e-04 -2.823631e-04 -3.077166e-04
 8117.936918 7.595522e-01 2.339942e+00 2.348303e+00 8.685187e-02 -3.222683e-04 -2.834607e-04 -2.763346e-04 -3.042602e-04
 8121.100773 7.583878e-01 2.338902e+00 2.346451e+00 8.796519e-02 -3.212142e-04 -2.853850e-04 -2.631242e-04 -2.984570e-04
 8124.276820 7.579899e-01 2.339887e+00 2.346103e+00 8.676895e-02 -3.246829e-04 -2.851736e-04 -2.626076e-04 -2.930278e-04
 8127.465059 7.573493e-01 2.340582e+00 2.344865e+00 8.642118e-02 -3.249513e-04 -2.867462e-04 -2.585250e-04 -3.045456e-04
 8130.665490 7.569962e-01 2.341933e+00 2.344872e+00 8.679906e-02 -3.318486e-04 -2.786233e-04 -2.670269e-04 -3.145085e-04
 8133.878112 7.564600e-01 2.343189e+00 2.346216e+00 8.715654e-02 -3.374803e-04 -2.745493e-04 -2.700908e-04 -3.144848e-04
 8137.102927 7.553649e-01 2.342125e+00 2.344397e+00 8.785922e-02 -3.297749e-04 -2.705508e-04 -2.705558e-04 -3.076560e-04
 8140.339934 7.551004e-01 2.343878e+00 2.347555e+00 8.733566e-02 -3.194762e-04 -2.756784e-04 -2.692675e-04 -2.990909e-04
 8143.589132 7.544349e-01 2.343653e+00 2.348963e+00 8.781801e-02 -3.222006e-04 -2.706186e-04 -2.596462e-04 -3.020576e-04
 8146.850523 7.535720e-01 2.343347e+00 2.351190e+00 8.787628e-02 -3.319663e-04 -2.704705e-04 -2.600595e-04 -2.974096e-04
 8150.124105 7.533472e-01 2.345513e+00 2.357309e+00 8.761302e-02 -3.256929e-04 -2.776986e-04 -2.667754e-04 -2.996053e-04
 8153.409879 7.528274e-01 2.346977e+00 2.365653e+00 8.696808e-02 -3.235624e-04 -2.790024e-04 -2.685876e-04 -3.004643e-04
 8156.707845 7.516255e-01 2.345925e+00 2.375691e+00 8.782018e-02 -3.182702e-04 -2.775787e-04 -2.653067e-04 -3.028147e-04
 8160.018003 7.516853e-01 2.348875e+00 2.392328e+00 8.787161e-02 -3.202348e-04 -2.799819e-04 -2.636746e-04 -3.081221e-04
 8163.340353 7.513380e-01 2.350350e+00 2.408321e+00 8.771135e-02 -3.196295e-04 -2.819315e-04 -2.571132e-04 -3.060211e-04
 8166.674895 7.502569e-01 2.349661e+00 2.423981e+00 8.733581e-02 -3.154170e-04 -2.922759e-04 -2.648131e-04 -3.076104e-04
 8170.021629 7.495425e-01 2.350166e+00 2.437026e+00 8.762241e-02 -3.157822e-04 -2.889704e-04 -2.640067e-04 -3.085862e-04
 8173.380554 7.492122e-01 2.351751e+00 2.449905e+00 8.803692e-02 -3.182980e-04 -2.821404e-04 -2.646165e-04 -3.048208e-04
 8176.751672 7.487614e-01 2.352814e+00 2.459507e+00 8.778660e-02 -3.142326e-04 -2.822420e-04 -2.659853e-04 -3.035522e-04
 8180.134982 7.481002e-01 2.353077e+00 2.467305e+00 8.787451e-02 -3.213138e-04 -2.849043e-04 -2.597403e-04 -2.988552e-04
 8183.530483 7.474341e-01 2.354244e+00 2.473366e+00 8.778456e-02 -3.180977e-04 -2.849681e-04 -2.562709e-04 -2.966998e-04
 8186.938176 7.465535e-01 2.354002e+00 2.478539e+00 8.768635e-02 -3.157474e-04 -2.737770e-04 -2.609496e-04 -3.023124e-04
 8190.358061 7.463974e-01 2.356068e+00 2.488347e+00 8.803506e-02 -3.174311e-04 -2.771304e-04 -2.644647e-04 -3.129044e-04
 8193.790139 7.456647e-01 2.356619e+00 2.497314e+00 8.781497e-02 -3.227266e-04 -2.838700e-04 -2.697447e-04 -3.155133e-04
 8197.234408 7.445622e-01 2.355711e+00 2.508793e+00 8.816808e-02 -3.257051e-04 -2.842220e-04 -2.588059e-04 -3.116882e-04
 8200.690868 7.445093e-01 2.358123e+00 2.523497e+00 8.805103e-02 -3.219742e-04 -2.828412e-04 -2.606465e-04 -3.063844e-04
 8204.159521 7.439717e-01 2.359358e+00 2.537628e+00 8.871749e-02 -3.228985e-04 -2.867273e-04 -2.518130e-04 -3.010294e-04
 8207.640366 7.431274e-01 2.358691e+00 2.547158e+00 8.871561e-02 -3.260351e-04 -2.848062e-04 -2.573046e-04 -3.080266e-04
 8211.133403 7.422457e-01 2.358503e+00 2.557040e+00 8.715219e-02 -3.270984e-04 -2.893908e-04 -2.615836e-04 -3.144148e-04
 8214.638631 7.417254e-01 2.359630e+00 2.568715e+00 8.800303e-02 -3.187112e-04 -2.847717e-04 -2.622126e-04 -3.147069e-04
 8218.156052 7.405998e-01 2.359427e+00 2.578987e+00 8.850749e-02 -3.123496e-04 -2.774579e-04 -2.630452e-04 -3.156904e-04
 8221.685664 7.400054e-01 2.359963e+00 2.589754e+00 8.834120e-02 -3.212516e-04 -2.796409e-04 -2.677466e-04 -3.138744e-04
 8225.227468 7.400946e-01 2.362521e+00 2.601459e+00 8.894709e-02 -3.211284e-04 -2.759129e-04 -2.640838e-04 -3.096210e-04
 8228.781465 7.390624e-01 2.362400e+00 2.609665e+00 8.824095e-02 -3.180143e-04 -2.733634e-04 -2.703517e-04 -3.101175e-04
 8232.347653 7.385663e-01 2.363667e+00 2.618260e+00 8.844427e-02 -3.245165e-04 -2.760376e-04 -2.611936e-04 -3.041369e-04
 8235.926033 7.380316e-01 2.364361e+00 2.622823e+00 8.816268e-02 -3.205496e-04 -2.824419e-04 -2.689240e-04 -3.051839e-04
 8239.516605 7.375536e-01 2.365486e+00 2.627991e+00 8.882615e-02 -3.144821e-04 -2.835187e-04 -2.653042e-04 -3.085188e-04
 8243.119369 7.365980e-01 2.364838e+00 2.630240e+00 8.908917e-02 -3.176652e-04 -2.773116e-04 -2.630564e-04 -3.045221e-04
 8246.734324 7.362102e-01 2.366413e+00 2.633174e+00 8.782733e-02 -3.196319e-04 -2.838988e-04 -2.685743e-04 -3.183515e-04
 8250.361472 7.355712e-01 2.367486e+00 2.634698e+00 8.958904e-02 -3.252903e-04 -2.904114e-04 -2.578266e-04 -3.210236e-04
 8254.000811 7.348330e-01 2.367333e+00 2.633541e+00 8.836784e-02 -3.141468e-04 -2.845775e-04 -2.447189e-04 -3.120359e-04
 8257.652343 7.342168e-01 2.367806e+00 2.633815e+00 8.898159e-02 -3.197266e-04 -2.815489e-04 -2.489690e-04 -3.222808e-04
 8261.316066 7.335118e-01 2.368201e+00 2.634990e+00 8.889790e-02 -3.305551e-04 -2.851769e-04 -2.520166e-04 -3.196773e-04
 8264.991982 7.332425e-01 2.370944e+00 2.640381e+00 8.876627e-02 -3.239380e-04 -2.980648e-04 -2.577921e-04 -3.180992e-04
 8268.680089 7.323162e-01 2.370234e+00 2.645183e+00 8.920267e-02 -3.206875e-04 -2.984266e-04 -2.567215e-04 -3.151120e-04
 8272.380388 7.314569e-01 2.370123e+00 2.654799e+00 8.838165e-02 -3.176477e-04 -2.918463e-04 -2.667108e-04 -3.142524e-04
 8276.092879 7.294728e-01 2.366205e+00 2.661119e+00 8.929435e-02 -3.212812e-04 -2.908901e-04 -2.649411e-04 -3.143171e-04
 8279.817562 7.290460e-01 2.367891e+00 2.675582e+00 8.890603e-02 -3.169777e-04 -2.984749e-04 -2.641920e-04 -3.205930e-04
 8283.554437 7.294163e-01 2.371598e+00 2.692628e+00 8.830375e-02 -3.131423e-04 -2.970558e-04 -2.601653e-04 -3.221552e-04
 8287.303503 7.291736e-01 2.373835e+00 2.708713e+00 8.952536e-02 -3.188312e-04 -3.041545e-04 -2.574593e-04 -3.093671e-04
 8291.064762 7.282571e-01 2.373929e+00 2.719920e+00 8.967178e-02 -3.214869e-04 -3.038138e-04 -2.556930e-04 -2.950968e-04
 8294.838213 7.277102e-01 2.375121e+00 2.730974e+00 8.946847e-02 -3.287569e-04 -3.069595e-04 -2.519429e-04 -2.925763e-04
 8298.623855 7.270141e-01 2.375288e+00 2.742045e+00 8.896083e-02 -3.209427e-04 -3.056054e-04 -2.511222e-04 -2.998630e-04
 8302.421689 7.259418e-01 2.374396e+00 2.750366e+00 8.920500e-02 -3.175465e-04 -3.015533e-04 -2.550471e-04 -2.992008e-04
 8306.231716 7.260873e-01 2.377735e+00 2.763653e+00 8.922172e-02 -3.207495e-04 -2.929152e-04 -2.667768e-04 -3.050056e-04
 8310.053934 7.250693e-01 2.377369e+00 2.771755e+00 8.960070e-02 -3.164714e-04 -2.908132e-04 -2.727743e-04 -3.064290e-04
 8313.888344 7.235078e-01 2.375927e+00 2.778341e+00 8.985022e-02 -3.210113e-04 -2.977490e-04 -2.757910e-04 -3.014613e-04
 8317.734946 7.232556e-01 2.377829e+00 2.789065e+00 8.996675e-02 -3.189862e-04 -2.907028e-04 -2.707929e-04 -2.975890e-04
 8321.593740 7.226949e-01 2.378437e+00 2.800271e+00 8.889421e-02 -3.240087e-04 -2.943123e-04 -2.678416e-04 -3.055147e-04
 8325.464726 7.216801e-01 2.378192e+00 2.809035e+00 8.959517e-02 -3.175806e-04 -2.761437e-04 -2.675149e-04 -3.095245e-04
 8329.347903 7.210877e-01 2.379387e+00 2.817488e+00 8.927676e-02 -3.208579e-04 -2.669114e-04 -2.677046e-04 -3.038890e-04
 8333.243273 7.198584e-01 2.378328e+00 2.824808e+00 8.966001e-02 -3.201042e-04 -2.755657e-04 -2.716057e-04 -3.081121e-04
 8337.150835 7.189429e-01 2.377673e+00 2.834219e+00 8.934727e-02 -3.224904e-04 -2.812026e-04 -2.742358e-04 -3.089470e-04
 8341.070588 7.184968e-01 2.379329e+00 2.845508e+00 8.951984e-02 -3.261334e-04 -2.881675e-04 -2.725167e-04 -3.098535e-04
 8345.002533 7.168456e-01 2.376266e+00 2.851450e+00 8.953275e-02 -3.268884e-04 -2.822675e-04 -2.589346e-04 -3.138341e-04
 8348.946671 7.160998e-01 2.376810e+00 2.861336e+00 9.012622e-02 -3.274528e-04 -2.765454e-04 -2.542341e-04 -3.010162e-04
 8352.903000 7.149344e-01 2.375923e+00 2.868499e+00 9.007555e-02 -3.239285e-04 -2.904588e-04 -2.631534e-04 -3.060000e-04
 8356.871521 7.143768e-01 2.376849e+00 2.877205e+00 8.963675e-02 -3.214853e-04 -2.875075e-04 -2.616864e-04 -3.027364e-04
 8360.852234 7.137726e-01 2.377990e+00 2.886342e+00 8.962397e-02 -3.227983e-04 -2.953211e-04 -2.646609e-04 -2.905298e-04
 8364.845139 7.131515e-01 2.378374e+00 2.894562e+00 9.043629e-02 -3.206828e-04 -3.023400e-04 -2.643525e-04 -2.873626e-04
 8368.850236 7.126188e-01 2.379630e+00 2.903502e+00 9.014600e-02 -3.265467e-04 -2.978211e-04 -2.557656e-04 -2.845127e-04
 8372.867524 7.113491e-01 2.377602e+00 2.908426e+00 9.051708e-02 -3.300475e-04 -2.899857e-04 -2.737234e-04 -2.948770e-04
 8376.897005 7.115458e-01 2.381541e+00 2.919808e+00 8.954415e-02 -3.180140e-04 -2.943250e-04 -2.866894e-04 -2.947344e-04
 8380.938678 7.110412e-01 2.382937e+00 2.926991e+00 9.013210e-02 -3.198959e-04 -3.026594e-04 -2.745590e-04 -2.961027e-04
 8384.992542 7.102536e-01 2.383199e+00 2.933627e+00 9.059522e-02 -3.300184e-04 -3.009135e-04 -2.602258e-04 -2.949661e-04
 8389.058598 7.097417e-01 2.384973e+00 2.943149e+00 9.002106e-02 -3.296805e-04 -3.072057e-04 -2.555184e-04 -2.985563e-04
 8393.136847 7.081835e-01 2.382652e+00 2.946962e+00 9.035343e-02 -3.192561e-04 -2.979886e-04 -2.592880e-04 -3.096064e-04
 8397.227287 7.078693e-01 2.384705e+00 2.956155e+00 9.030743e-02 -3.176290e-04 -2.945542e-04 -2.632957e-04 -3.102916e-04
 8401.329919 7.057016e-01 2.380401e+00 2.958250e+00 9.034084e-02 -3.309863e-04 -3.005812e-04 -2.634969e-04 -3.073110e-04
 8405.444743 7.063978e-01 2.385788e+00 2.974090e+00 9.022551e-02 -3.296762e-04 -3.103753e-04 -2.645704e-04 -3.067132e-04
 8409.571759 7.051001e-01 2.384117e+00 2.979480e+00 9.041097e-02 -3.322669e-04 -3.085468e-04 -2.615717e-04 -2.991497e-04
 8413.710967 7.044887e-01 2.384913e+00 2.989763e+00 9.069741e-02 -3.346547e-04 -3.052653e-04 -2.757878e-04 -2.899533e-04
 8417.862366 7.041752e-01 2.387133e+00 3.001577e+00 9.082719e-02 -3.356367e-04 -2.906136e-04 -2.731258e-04 -2.953162e-04
 8422.025958 7.033238e-01 2.387631e+00 3.012037e+00 9.061015e-02 -3.400534e-04 -2.969156e-04 -2.727426e-04 -2.980025e-04
 8426.201742 7.028501e-01 2.388850e+00 3.024137e+00 9.082274e-02 -3.345679e-04 -3.012081e-04 -2.726456e-04 -2.976250e-04
 8430.389717 7.019071e-01 2.388786e+00 3.034499e+00 9.103855e-02 -3.312868e-04 -3.053860e-04 -2.747248e-04 -3.053725e-04
 8434.589884 7.016548e-01 2.390391e+00 3.045560e+00 9.125781e-02 -3.274317e-04 -3.053421e-04 -2.803568e-04 -2.981382e-04
 8438.802244 6.999704e-01 2.387593e+00 3.051935e+00 9.104623e-02 -3.230331e-04 -2.957542e-04 -2.612839e-04 -3.028223e-04
 8443.026795 6.997798e-01 2.389760e+00 3.063463e+00 9.088356e-02 -3.161026e-04 -2.951562e-04 -2.770193e-04 -2.985596e-04
 8447.263538 6.988019e-01 2.388943e+00 3.072582e+00 9.123683e-02 -3.124688e-04 -2.922927e-04 -2.752840e-04 -2.992440e-04
 8451.512473 6.982797e-01 2.389871e+00 3.085476e+00 9.115675e-02 -3.219799e-04 -2.908037e-04 -2.880165e-04 -3.117429e-04
 8455.773600 6.972852e-01 2.389945e+00 3.095917e+00 9.116209e-02 -3.246300e-04 -2.940347e-04 -2.902176e-04 -3.049868e-04
 8460.046919 6.961524e-01 2.388513e+00 3.104222e+00 9.091760e-02 -3.215614e-04 -2.975436e-04 -2.760186e-04 -2.973246e-04
 8464.332429 6.956699e-01 2.390026e+00 3.115202e+00 9.159173e-02 -3.200054e-04 -3.010363e-04 -2.749771e-04 -2.914755e-04
 8468.630132 6.948752e-01 2.390227e+00 3.125181e+00 9.097710e-02 -3.154390e-04 -2.992573e-04 -2.691419e-04 -2.751381e-04
 8472.940026 6.942904e-01 2.391203e+00 3.137252e+00 9.080431e-02 -3.112319e-04 -2.952061e-04 -2.708811e-04 -2.831547e-04
 8477.262113 6.932776e-01 2.390326e+00 3.145186e+00 9.109849e-02 -3.075123e-04 -2.920580e-04 -2.787766e-04 -2.936463e-04
 8481.596391 6.925183e-01 2.391108e+00 3.156905e+00 9.127350e-02 -3.125578e-04 -2.852815e-04 -2.773174e-04 -2.916713e-04
 8485.942861 6.917129e-01 2.391283e+00 3.166933e+00 9.187103e-02 -3.158169e-04 -2.935392e-04 -2.739437e-04 -2.832011e-04
 8490.301524 6.906276e-01 2.390558e+00 3.175727e+00 9.143748e-02 -3.157705e-04 -2.983812e-04 -2.739745e-04 -2.757386e-04
 8494.672378 6.896243e-01 2.390152e+00 3.186019e+00 9.142213e-02 -3.229301e-04 -3.024674e-04 -2.726505e-04 -2.789096e-04
 8499.055424 6.889449e-01 2.390691e+00 3.195147e+00 9.148918e-02 -3.301263e-04 -3.010805e-04 -2.758234e-04 -2.861627e-04
 8503.450662 6.876171e-01 2.389039e+00 3.202118e+00 9.129287e-02 -3.261202e-04 -2.991263e-04 -2.763410e-04 -2.983845e-04
 8507.858091 6.861996e-01 2.387184e+00 3.208160e+00 9.123561e-02 -3.167499e-04 -3.025891e-04 -2.766090e-04 -2.929370e-04
 8512.277713 6.830224e-01 2.379470e+00 3.205806e+00 9.146108e-02 -3.277686e-04 -3.028500e-04 -2.724809e-04 -2.859478e-04
 8516.709527 6.505808e-01 2.269626e+00 3.065860e+00 8.750238e-02 -3.267286e-04 -3.031855e-04 -2.836720e-04 -2.914314e-04
 8521.153532 6.414563e-01 2.240696e+00 3.036328e+00 8.615064e-02 -3.171942e-04 -3.139571e-04 -2.732437e-04 -2.955117e-04
 8525.609730 6.842163e-01 2.392061e+00 3.247932e+00 9.134570e-02 -3.148948e-04 -3.134853e-04 -2.684977e-04 -2.939666e-04
 8530.078119 6.848734e-01 2.397440e+00 3.263766e+00 9.157137e-02 -3.186012e-04 -3.072224e-04 -2.634449e-04 -2.974925e-04
 8534.558700 6.840671e-01 2.397618e+00 3.272945e+00 9.161872e-02 -3.193548e-04 -3.029360e-04 -2.622942e-04 -3.035231e-04
 8539.051473 6.828909e-01 2.396233e+00 3.281039e+00 9.180321e-02 -3.176890e-04 -2.939566e-04 -2.706845e-04 -2.959468e-04
 8543.556438 6.820933e-01 2.396708e+00 3.291280e+00 9.229342e-02 -3.167590e-04 -2.881500e-04 -2.692724e-04 -2.998302e-04
 8548.073595 6.810456e-01 2.396394e+00 3.300263e+00 9.208709e-02 -3.173422e-04 -2.952917e-04 -2.661280e-04 -3.005162e-04
 8552.602944 6.801510e-01 2.396518e+00 3.310386e+00 9.214828e-02 -3.175221e-04 -3.049112e-04 -2.702855e-04 -3.009277e-04
 8557.144485 6.792678e-01 2.395963e+00 3.319537e+00 9.188051e-02 -3.181317e-04 -3.059510e-04 -2.752272e-04 -2.860218e-04
 8561.698218 6.784338e-01 2.396168e+00 3.328692e+00 9.206917e-02 -3.205444e-04 -2.924653e-04 -2.716210e-04 -2.856714e-04
 8566.264142 6.771821e-01 2.394967e+00 3.335787e+00 9.227881e-02 -3.187336e-04 -2.924595e-04 -2.584480e-04 -2.924587e-04
 8570.842259 6.766493e-01 2.395996e+00 3.346702e+00 9.232598e-02 -3.212164e-04 -2.998058e-04 -2.573117e-04 -2.949364e-04
 8575.432567 6.759326e-01 2.396075e+00 3.356707e+00 9.213287e-02 -3.151377e-04 -3.016132e-04 -2.483608e-04 -2.912153e-04
 8580.035068 6.748794e-01 2.395432e+00 3.366313e+00 9.222382e-02 -3.130352e-04 -2.965856e-04 -2.534632e-04 -2.898842e-04
 8584.649760 6.738752e-01 2.394549e+00 3.375620e+00 9.210892e-02 -3.161747e-04 -3.008968e-04 -2.521234e-04 -2.895817e-04
 8589.276644 6.727478e-01 2.393242e+00 3.384315e+00 9.243803e-02 -3.240488e-04 -3.040481e-04 -2.582043e-04 -2.835029e-04
 8593.915720 6.714161e-01 2.391340e+00 3.391975e+00 9.207582e-02 -3.258889e-04 -3.068113e-04 -2.599206e-04 -2.822404e-04
 8598.566988 6.697158e-01 2.387928e+00 3.398076e+00 9.207368e-02 -3.181865e-04 -3.069714e-04 -2.533869e-04 -2.806381e-04
 8603.230448 6.674262e-01 2.382414e+00 3.400865e+00 9.178462e-02 -3.189447e-04 -3.069844e-04 -2.513017e-04 -2.698629e-04
 8607.906100 6.634057e-01 2.371295e+00 3.395125e+00 9.155667e-02 -3.156454e-04 -3.107773e-04 -2.542165e-04 -2.678838e-04
 8612.593943 6.411883e-01 2.295797e+00 3.297765e+00 8.887935e-02 -3.123464e-04 -3.107548e-04 -2.556626e-04 -2.765448e-04
 8617.293979 6.019630e-01 2.158837e+00 3.111651e+00 8.342897e-02 -3.137324e-04 -2.944020e-04 -2.611784e-04 -2.810739e-04
 8622.006206 6.766620e-01 2.428608e+00 3.508622e+00 9.382174e-02 -3.280927e-04 -2.969427e-04 -2.601566e-04 -2.838577e-04
 8626.730626 6.750029e-01 2.425809e+00 3.515221e+00 9.387811e-02 -3.260421e-04 -3.001366e-04 -2.649807e-04 -2.799766e-04
 8631.467237 6.721569e-01 2.418775e+00 3.515503e+00 9.363082e-02 -3.216071e-04 -3.082108e-04 -2.578931e-04 -2.685105e-04
 8636.216040 6.703303e-01 2.414611e+00 3.520198e+00 9.316300e-02 -3.254894e-04 -3.074441e-04 -2.660092e-04 -2.920978e-04
 8640.977036 6.691339e-01 2.413370e+00 3.529333e+00 9.337528e-02 -3.339516e-04 -2.932188e-04 -2.618003e-04 -3.129605e-04
 8645.750223 6.676949e-01 2.412280e+00 3.538454e+00 9.332995e-02 -3.268518e-04 -2.995973e-04 -2.527352e-04 -3.112217e-04
 8650.535602 6.667306e-01 2.412221e+00 3.548876e+00 9.330073e-02 -3.230130e-04 -3.017136e-04 -2.656126e-04 -2.896871e-04
 8655.333172 6.655444e-01 2.410994e+00 3.557576e+00 9.338008e-02 -3.225686e-04 -3.032918e-04 -2.675453e-04 -2.933440e-04
 8660.142935 6.644412e-01 2.410078e+00 3.566815e+00 9.333659e-02 -3.222391e-04 -2.956303e-04 -2.619267e-04 -3.166210e-04
 8664.964890 6.632785e-01 2.408666e+00 3.575011e+00 9.336240e-02 -3.300110e-04 -2.921669e-04 -2.567513e-04 -3.136896e-04
 8669.799037 5.853596e-01 2.128042e+00 3.166634e+00 8.262921e-02 -2.912906e-04 -2.541234e-04 -2.296841e-04 -2.704994e-04
 8674.645375 8.095247e-02 2.944272e-01 4.386783e-01 1.143967e-02 -3.938203e-05 -3.496990e-05 -3.239996e-05 -3.652260e-05
