# Facility: NSLS-II
# Beamline: QAS
# Year: 2022
# Cycle: 2
# SAF: 309337
# PI: Li
# Proposal: 309890
# Scan ID: 25064
# UID: c88aa780-7fd5-4179-a350-0436bc01c787
# Comment: 
# Start time: 06/09/2022  18:07:24
# Stop time: 06/09/2022  18:07:56
# Total time: 00:31
# Trajectory name: Co-30s-7709.txt
# Element: Cobalt ( 27)
# Edge: K
# E0: 7709
# Reference Foil Element: Co
# Keithley Gains I0: 1E7 V/A It: 1E7 V/A Iref: 1E8 V/A PIPS: 1E8 V/A 
# Ion Chamber Gas Flow Rates: I0: 149.80 sccm He + 349.90 sccm N2 + 0.00 sccm Ar 
# Ion Chamber Gas Flow Rates: It&Iref: 399.60 sccm N2 + 100.10 sccm Ar
# Incident Beam Path Vertical: -27.48 mm
# Incident Slits Positions B: TOP: 1.0 mm Bottom: -1.0 mm Inboard: -1.5 mm Outboard: 1.5 mm
# Sample Stage Positions: Rotation: 45.0 deg Horizontal: -1.00 mm Vertical: 21.98 mm Beam Direction: 0.00 mm
# PerkinElmer Vertical Position: 500.00 mm
# Front End Mirror Horizontal Positions: Up: 14.00 mm Down: 14.00 mm
#
# energy  i0  it  ir  iff  aux1  aux2  aux3  aux4
 7519.150992 4.124284e-01 9.337340e-01 2.903492e+00 3.783719e-02 -1.514724e-04 -1.586094e-04 -1.491953e-04 -1.520927e-04
 7524.150992 8.158560e-01 1.850727e+00 5.766826e+00 7.492030e-02 -2.974061e-04 -3.049618e-04 -2.906073e-04 -2.974020e-04
 7529.150992 8.231995e-01 1.870964e+00 5.845527e+00 7.578999e-02 -3.017774e-04 -2.945780e-04 -2.904849e-04 -3.261044e-04
 7534.150992 8.220869e-01 1.872429e+00 5.863576e+00 7.597008e-02 -3.034945e-04 -2.897327e-04 -2.942446e-04 -3.274569e-04
 7539.150992 8.212660e-01 1.874953e+00 5.884589e+00 7.605609e-02 -3.033303e-04 -2.864163e-04 -2.924448e-04 -3.210382e-04
 7544.150992 8.203187e-01 1.876647e+00 5.902794e+00 7.624446e-02 -3.040297e-04 -2.867136e-04 -2.819861e-04 -3.231815e-04
 7549.150992 8.196785e-01 1.878985e+00 5.922964e+00 7.630740e-02 -3.037995e-04 -2.865462e-04 -2.827942e-04 -3.186612e-04
 7554.150992 8.184535e-01 1.880117e+00 5.939894e+00 7.635161e-02 -3.104316e-04 -2.793272e-04 -2.890446e-04 -3.273347e-04
 7559.150992 8.169645e-01 1.880435e+00 5.954606e+00 7.633067e-02 -3.217406e-04 -2.774940e-04 -2.877548e-04 -3.312015e-04
 7564.150992 8.158918e-01 1.881786e+00 5.973084e+00 7.625141e-02 -3.184835e-04 -2.819914e-04 -2.960451e-04 -3.279882e-04
 7569.150992 8.147762e-01 1.883151e+00 5.991046e+00 7.654095e-02 -3.173813e-04 -2.922865e-04 -2.956032e-04 -3.245099e-04
 7574.150992 8.145230e-01 1.886531e+00 6.015045e+00 7.691265e-02 -3.186683e-04 -2.977932e-04 -3.003057e-04 -2.913783e-04
 7579.150992 8.138665e-01 1.888922e+00 6.037570e+00 7.674242e-02 -3.133202e-04 -2.937530e-04 -2.932144e-04 -2.827847e-04
 7584.150992 8.131587e-01 1.890890e+00 6.056971e+00 7.697919e-02 -3.092869e-04 -3.005558e-04 -2.867662e-04 -2.834492e-04
 7589.150992 8.123192e-01 1.892899e+00 6.075142e+00 7.697033e-02 -3.117187e-04 -3.040252e-04 -2.880523e-04 -2.876277e-04
 7594.150992 8.110126e-01 1.893941e+00 6.091669e+00 7.711577e-02 -3.094045e-04 -3.031028e-04 -2.937892e-04 -2.840291e-04
 7599.150992 8.091064e-01 1.893215e+00 6.103642e+00 7.713300e-02 -2.951443e-04 -3.020480e-04 -2.957343e-04 -2.683496e-04
 7604.150992 8.070865e-01 1.892195e+00 6.114429e+00 7.705654e-02 -3.019575e-04 -2.955093e-04 -2.860707e-04 -2.650459e-04
 7609.150992 8.082383e-01 1.898538e+00 6.149201e+00 7.749868e-02 -2.970056e-04 -2.982534e-04 -2.832257e-04 -2.711037e-04
 7614.150992 8.077338e-01 1.901141e+00 6.172099e+00 7.733764e-02 -2.939780e-04 -2.896312e-04 -2.857109e-04 -2.754972e-04
 7619.150992 8.069739e-01 1.903128e+00 6.192937e+00 7.750845e-02 -3.022979e-04 -2.900677e-04 -3.030347e-04 -2.940736e-04
 7624.150992 8.063325e-01 1.905191e+00 6.211886e+00 7.754162e-02 -3.051271e-04 -2.991676e-04 -3.015248e-04 -3.025502e-04
 7629.150992 8.051172e-01 1.906085e+00 6.228924e+00 7.780042e-02 -3.027847e-04 -2.896738e-04 -2.816468e-04 -3.000550e-04
 7634.150992 8.044245e-01 1.908209e+00 6.250954e+00 7.780242e-02 -3.002677e-04 -2.778872e-04 -2.799981e-04 -3.014936e-04
 7639.150992 8.037551e-01 1.910335e+00 6.272866e+00 7.799244e-02 -3.111776e-04 -2.806165e-04 -2.984013e-04 -2.987470e-04
 7644.150992 8.027891e-01 1.911808e+00 6.289300e+00 7.820601e-02 -3.050817e-04 -2.875882e-04 -2.948077e-04 -2.957763e-04
 7649.150992 8.019401e-01 1.913438e+00 6.306670e+00 7.824967e-02 -3.097622e-04 -2.956905e-04 -2.908392e-04 -2.875474e-04
 7654.150992 8.005191e-01 1.913946e+00 6.322492e+00 7.811102e-02 -3.144404e-04 -2.949524e-04 -2.939167e-04 -2.865652e-04
 7659.150992 8.000501e-01 1.916363e+00 6.343463e+00 7.833249e-02 -3.071388e-04 -2.856411e-04 -2.953415e-04 -2.836942e-04
 7664.150992 7.989299e-01 1.917446e+00 6.357881e+00 7.851115e-02 -3.162125e-04 -2.795515e-04 -2.896572e-04 -2.863754e-04
 7669.150992 7.979727e-01 1.919004e+00 6.374204e+00 7.851696e-02 -3.118350e-04 -2.765769e-04 -2.927565e-04 -3.074565e-04
 7674.150992 7.973539e-01 1.921026e+00 6.391513e+00 7.867536e-02 -3.126519e-04 -2.710570e-04 -2.995839e-04 -2.851819e-04
 7679.000000 7.965471e-01 1.922581e+00 6.404611e+00 7.897921e-02 -3.089695e-04 -2.728846e-04 -3.001145e-04 -2.919810e-04
 7680.000000 7.965658e-01 1.923354e+00 6.408344e+00 7.883192e-02 -3.050985e-04 -2.677157e-04 -3.030043e-04 -2.917524e-04
 7681.000000 7.956782e-01 1.921597e+00 6.405621e+00 7.907401e-02 -3.105171e-04 -2.715204e-04 -3.085344e-04 -2.891673e-04
 7682.000000 7.945600e-01 1.919968e+00 6.400286e+00 7.818996e-02 -3.015198e-04 -2.691716e-04 -2.979344e-04 -2.827477e-04
 7683.000000 7.945109e-01 1.920790e+00 6.404221e+00 7.837951e-02 -3.009809e-04 -2.681096e-04 -3.067869e-04 -2.890091e-04
 7684.000000 7.888886e-01 1.907238e+00 6.362156e+00 7.763081e-02 -2.963919e-04 -2.646735e-04 -3.049872e-04 -2.921471e-04
 7685.000000 7.690507e-01 1.860289e+00 6.206979e+00 7.602340e-02 -2.909820e-04 -2.605170e-04 -3.044072e-04 -2.890099e-04
 7686.000000 7.871845e-01 1.904641e+00 6.355669e+00 7.822264e-02 -3.070947e-04 -2.694006e-04 -2.936220e-04 -2.873480e-04
 7686.200000 7.977160e-01 1.929568e+00 6.439328e+00 8.019259e-02 -3.159537e-04 -2.754095e-04 -3.029716e-04 -2.876242e-04
 7686.400000 7.952058e-01 1.924396e+00 6.419026e+00 7.946086e-02 -3.131157e-04 -2.793498e-04 -3.041923e-04 -2.882297e-04
 7686.600000 8.002734e-01 1.937603e+00 6.462775e+00 7.960860e-02 -3.190216e-04 -2.664691e-04 -2.959545e-04 -2.895103e-04
 7686.800000 7.981929e-01 1.932056e+00 6.445768e+00 7.847740e-02 -3.241678e-04 -2.647245e-04 -3.046893e-04 -2.949933e-04
 7687.000000 7.960874e-01 1.927963e+00 6.432522e+00 8.036597e-02 -3.205149e-04 -2.677691e-04 -2.948136e-04 -2.854643e-04
 7687.200000 7.999081e-01 1.936433e+00 6.459404e+00 8.128187e-02 -3.275161e-04 -2.662229e-04 -2.997713e-04 -2.931429e-04
 7687.400000 7.985544e-01 1.933156e+00 6.449595e+00 7.916732e-02 -3.144755e-04 -2.772002e-04 -3.043182e-04 -2.967662e-04
 7687.600000 8.020962e-01 1.941572e+00 6.476400e+00 8.010433e-02 -3.121232e-04 -2.798148e-04 -2.962382e-04 -2.814327e-04
 7687.800000 7.987148e-01 1.933867e+00 6.449449e+00 7.814007e-02 -3.246641e-04 -2.826804e-04 -3.029948e-04 -2.963102e-04
 7688.000000 8.010332e-01 1.938548e+00 6.466073e+00 7.815172e-02 -3.145718e-04 -2.751750e-04 -3.020976e-04 -3.028291e-04
 7688.200000 7.957827e-01 1.927730e+00 6.430130e+00 7.787116e-02 -3.101290e-04 -2.786600e-04 -2.944500e-04 -2.988430e-04
 7688.400000 7.956510e-01 1.927886e+00 6.431433e+00 7.997655e-02 -3.193792e-04 -2.799660e-04 -2.953045e-04 -2.964154e-04
 7688.600000 7.986173e-01 1.934428e+00 6.455227e+00 8.185915e-02 -3.232412e-04 -2.807446e-04 -2.790805e-04 -2.869286e-04
 7688.800000 7.994789e-01 1.937175e+00 6.463460e+00 8.050123e-02 -3.234623e-04 -2.814254e-04 -2.861141e-04 -2.878623e-04
 7689.000000 7.927496e-01 1.920617e+00 6.408079e+00 7.948951e-02 -3.192059e-04 -2.865596e-04 -2.783302e-04 -2.959844e-04
 7689.200000 8.005491e-01 1.938483e+00 6.464405e+00 8.009876e-02 -3.250388e-04 -2.830099e-04 -2.754091e-04 -2.954607e-04
 7689.400000 7.938005e-01 1.922731e+00 6.412808e+00 7.884571e-02 -3.179008e-04 -2.850569e-04 -2.940115e-04 -2.831138e-04
 7689.600000 7.988869e-01 1.935184e+00 6.459024e+00 7.728838e-02 -3.164784e-04 -2.993818e-04 -2.842056e-04 -2.970453e-04
 7689.800000 7.972865e-01 1.931335e+00 6.444219e+00 7.882594e-02 -3.102922e-04 -2.853825e-04 -2.938082e-04 -2.990605e-04
 7690.000000 7.912179e-01 1.917817e+00 6.399418e+00 7.883512e-02 -3.086861e-04 -2.814331e-04 -2.977048e-04 -2.974800e-04
 7690.200000 7.996008e-01 1.937897e+00 6.464381e+00 8.088630e-02 -3.104775e-04 -2.833163e-04 -2.997527e-04 -2.921138e-04
 7690.400000 7.995032e-01 1.938356e+00 6.466714e+00 7.934264e-02 -3.049025e-04 -2.805182e-04 -3.063206e-04 -2.926337e-04
 7690.600000 7.937970e-01 1.923897e+00 6.421205e+00 7.884522e-02 -3.088118e-04 -2.744613e-04 -3.060720e-04 -2.963450e-04
 7690.800000 7.965179e-01 1.931320e+00 6.438154e+00 8.153170e-02 -3.144102e-04 -2.660327e-04 -2.971466e-04 -3.052092e-04
 7691.000000 7.942204e-01 1.925802e+00 6.425134e+00 8.101704e-02 -3.094863e-04 -2.616649e-04 -2.988812e-04 -2.933956e-04
 7691.200000 7.941180e-01 1.924811e+00 6.422468e+00 7.837679e-02 -3.017884e-04 -2.583069e-04 -2.962815e-04 -2.897176e-04
 7691.400000 7.992439e-01 1.937335e+00 6.466101e+00 7.741284e-02 -2.994734e-04 -2.662790e-04 -3.002785e-04 -2.920956e-04
 7691.600000 7.981353e-01 1.934389e+00 6.454678e+00 7.893857e-02 -3.074935e-04 -2.642619e-04 -3.084464e-04 -3.003341e-04
 7691.800000 7.985437e-01 1.935485e+00 6.457554e+00 7.955095e-02 -3.107891e-04 -2.693058e-04 -2.977730e-04 -2.886713e-04
 7692.000000 7.893550e-01 1.914411e+00 6.387495e+00 7.854445e-02 -3.038904e-04 -2.706220e-04 -2.905517e-04 -3.014034e-04
 7692.200000 7.980923e-01 1.934829e+00 6.454121e+00 8.000610e-02 -3.131772e-04 -2.763478e-04 -3.026919e-04 -3.029549e-04
 7692.400000 7.923867e-01 1.921609e+00 6.409971e+00 7.785554e-02 -3.169774e-04 -2.773117e-04 -2.994860e-04 -2.997252e-04
 7692.600000 8.008377e-01 1.941815e+00 6.480826e+00 7.767829e-02 -3.171570e-04 -2.786066e-04 -3.037206e-04 -2.950558e-04
 7692.800000 7.970345e-01 1.933903e+00 6.452184e+00 7.906371e-02 -3.125664e-04 -2.779480e-04 -2.925596e-04 -2.911296e-04
 7693.000000 7.948152e-01 1.927349e+00 6.432520e+00 8.193132e-02 -3.118292e-04 -2.773598e-04 -2.921229e-04 -3.026826e-04
 7693.200000 7.929699e-01 1.923022e+00 6.419414e+00 7.961009e-02 -3.094232e-04 -2.761543e-04 -3.048883e-04 -3.070239e-04
 7693.400000 7.947014e-01 1.928186e+00 6.433238e+00 7.892866e-02 -3.070505e-04 -2.770987e-04 -3.009388e-04 -3.036466e-04
 7693.600000 7.977600e-01 1.935148e+00 6.454284e+00 8.014228e-02 -3.078453e-04 -2.784280e-04 -3.110102e-04 -3.151977e-04
 7693.800000 7.935207e-01 1.925865e+00 6.425755e+00 8.037836e-02 -3.035636e-04 -2.693579e-04 -3.020990e-04 -3.124231e-04
 7694.000000 7.986668e-01 1.937618e+00 6.465088e+00 7.972833e-02 -3.113506e-04 -2.731411e-04 -2.801233e-04 -3.052446e-04
 7694.200000 7.946215e-01 1.928083e+00 6.431270e+00 7.646797e-02 -3.051058e-04 -2.810005e-04 -2.861302e-04 -3.096414e-04
 7694.400000 7.932892e-01 1.924871e+00 6.424789e+00 7.846268e-02 -3.055209e-04 -2.785521e-04 -2.838316e-04 -3.005956e-04
 7694.600000 7.956097e-01 1.930168e+00 6.439487e+00 7.745816e-02 -3.068526e-04 -2.808072e-04 -2.971722e-04 -3.065865e-04
 7694.800000 7.920490e-01 1.922473e+00 6.414815e+00 8.081545e-02 -3.036329e-04 -2.792578e-04 -2.789405e-04 -2.946060e-04
 7695.000000 7.995175e-01 1.941127e+00 6.477863e+00 8.054152e-02 -3.026371e-04 -2.873405e-04 -2.700366e-04 -2.914044e-04
 7695.200000 7.972415e-01 1.935392e+00 6.458744e+00 7.942601e-02 -2.974443e-04 -2.940276e-04 -2.753045e-04 -2.915786e-04
 7695.400000 7.934723e-01 1.926443e+00 6.427322e+00 7.827570e-02 -2.983287e-04 -2.992282e-04 -2.780676e-04 -2.878006e-04
 7695.600000 7.946635e-01 1.929448e+00 6.437421e+00 8.158006e-02 -3.019559e-04 -3.024874e-04 -2.965981e-04 -2.899129e-04
 7695.800000 7.920616e-01 1.923076e+00 6.418213e+00 7.668343e-02 -3.050207e-04 -2.959562e-04 -3.047629e-04 -2.794963e-04
 7696.000000 7.945471e-01 1.928938e+00 6.434844e+00 7.935877e-02 -3.013719e-04 -2.922331e-04 -3.115446e-04 -2.921740e-04
 7696.200000 7.977946e-01 1.937102e+00 6.463140e+00 8.214094e-02 -3.110201e-04 -2.918979e-04 -3.134308e-04 -2.958485e-04
 7696.400000 7.940271e-01 1.928208e+00 6.435633e+00 7.931568e-02 -3.122209e-04 -2.887851e-04 -3.083762e-04 -2.919220e-04
 7696.600000 7.937375e-01 1.927689e+00 6.427890e+00 7.791449e-02 -3.070934e-04 -2.954656e-04 -3.005828e-04 -2.959950e-04
 7696.800000 7.979812e-01 1.938018e+00 6.463641e+00 8.131666e-02 -3.042682e-04 -2.824291e-04 -2.944607e-04 -2.908975e-04
 7697.000000 7.957480e-01 1.932116e+00 6.445912e+00 7.976008e-02 -3.034875e-04 -2.821274e-04 -2.952992e-04 -2.992745e-04
 7697.200000 7.958948e-01 1.932267e+00 6.446376e+00 7.894991e-02 -3.114198e-04 -2.846585e-04 -3.013126e-04 -2.964691e-04
 7697.400000 7.895794e-01 1.917525e+00 6.394003e+00 8.030532e-02 -3.050697e-04 -2.849916e-04 -2.913488e-04 -2.903733e-04
 7697.600000 7.955159e-01 1.931997e+00 6.445527e+00 7.936284e-02 -3.226508e-04 -2.743858e-04 -3.110198e-04 -2.884080e-04
 7697.800000 7.958938e-01 1.933620e+00 6.449701e+00 8.051235e-02 -3.128773e-04 -2.692436e-04 -3.164326e-04 -2.830208e-04
 7698.000000 7.971744e-01 1.936177e+00 6.455440e+00 7.913390e-02 -3.057824e-04 -2.696059e-04 -3.091152e-04 -2.951476e-04
 7698.200000 7.917546e-01 1.923393e+00 6.414394e+00 7.904620e-02 -3.238104e-04 -2.834109e-04 -3.081548e-04 -3.010643e-04
 7698.400000 7.951379e-01 1.932108e+00 6.443106e+00 7.965149e-02 -3.159405e-04 -2.821302e-04 -2.928607e-04 -2.875569e-04
 7698.600000 7.967449e-01 1.936071e+00 6.452750e+00 7.914763e-02 -3.094244e-04 -2.813731e-04 -2.932957e-04 -2.886929e-04
 7698.800000 7.920515e-01 1.924885e+00 6.413844e+00 7.992057e-02 -3.003159e-04 -2.829374e-04 -2.975820e-04 -2.865607e-04
 7699.000000 7.969799e-01 1.937094e+00 6.454213e+00 7.669187e-02 -2.930865e-04 -2.804406e-04 -3.121553e-04 -3.083307e-04
 7699.200000 7.953516e-01 1.932964e+00 6.441161e+00 8.102311e-02 -2.913681e-04 -2.746672e-04 -2.941795e-04 -2.908401e-04
 7699.400000 7.935614e-01 1.929169e+00 6.428859e+00 8.105171e-02 -3.002048e-04 -2.708990e-04 -3.088236e-04 -2.949704e-04
 7699.600000 7.946603e-01 1.931636e+00 6.436670e+00 7.900497e-02 -2.997664e-04 -2.802407e-04 -3.076672e-04 -2.995824e-04
 7699.800000 7.937947e-01 1.929881e+00 6.428663e+00 8.038461e-02 -3.013936e-04 -2.893471e-04 -3.173427e-04 -2.976087e-04
 7700.000000 7.944879e-01 1.931340e+00 6.431615e+00 8.067174e-02 -3.066892e-04 -2.854152e-04 -3.059082e-04 -2.886975e-04
 7700.200000 7.941110e-01 1.930664e+00 6.426671e+00 7.964421e-02 -3.000773e-04 -2.780853e-04 -3.119332e-04 -3.015675e-04
 7700.400000 7.933454e-01 1.928215e+00 6.418379e+00 7.783059e-02 -2.927933e-04 -2.864360e-04 -3.150253e-04 -3.039587e-04
 7700.600000 7.934834e-01 1.929256e+00 6.422772e+00 7.793138e-02 -2.965015e-04 -2.963746e-04 -3.194250e-04 -2.948012e-04
 7700.800000 7.959108e-01 1.935562e+00 6.440236e+00 7.966517e-02 -3.014884e-04 -2.954467e-04 -3.018044e-04 -2.870968e-04
 7701.000000 7.952648e-01 1.934314e+00 6.431247e+00 8.004765e-02 -2.982564e-04 -3.016868e-04 -3.062773e-04 -2.982720e-04
 7701.200000 7.947867e-01 1.933269e+00 6.427308e+00 7.889069e-02 -2.986494e-04 -2.979352e-04 -2.989314e-04 -2.951868e-04
 7701.400000 7.906885e-01 1.923324e+00 6.395077e+00 7.852369e-02 -3.061260e-04 -2.936646e-04 -2.934921e-04 -2.786397e-04
 7701.600000 7.941967e-01 1.931848e+00 6.423247e+00 7.760726e-02 -3.013603e-04 -2.892669e-04 -3.014725e-04 -2.835408e-04
 7701.800000 7.953120e-01 1.934361e+00 6.426956e+00 8.011206e-02 -3.028706e-04 -2.981790e-04 -2.923089e-04 -2.856509e-04
 7702.000000 7.927091e-01 1.927777e+00 6.405414e+00 8.010486e-02 -3.121139e-04 -2.904563e-04 -2.949660e-04 -2.923380e-04
 7702.200000 7.947374e-01 1.932847e+00 6.420886e+00 7.999926e-02 -3.100567e-04 -2.857861e-04 -2.992117e-04 -2.854808e-04
 7702.400000 7.906278e-01 1.923242e+00 6.385177e+00 7.759127e-02 -3.100282e-04 -2.851559e-04 -3.031582e-04 -2.925072e-04
 7702.600000 7.970925e-01 1.939522e+00 6.432355e+00 7.845298e-02 -3.114457e-04 -2.893592e-04 -3.059744e-04 -3.094932e-04
 7702.800000 7.939421e-01 1.932254e+00 6.409148e+00 7.815185e-02 -3.149126e-04 -2.788031e-04 -3.118660e-04 -3.079314e-04
 7703.000000 7.924783e-01 1.929236e+00 6.394572e+00 8.025252e-02 -3.162118e-04 -2.803928e-04 -3.054530e-04 -2.935490e-04
 7703.200000 7.877067e-01 1.917840e+00 6.356495e+00 7.927278e-02 -2.972961e-04 -2.858031e-04 -2.934826e-04 -2.900891e-04
 7703.400000 7.957612e-01 1.936908e+00 6.416973e+00 7.807043e-02 -2.921731e-04 -2.787458e-04 -3.033187e-04 -2.925211e-04
 7703.600000 7.946327e-01 1.933644e+00 6.398656e+00 8.100119e-02 -3.002454e-04 -2.763823e-04 -3.066782e-04 -2.858291e-04
 7703.800000 7.815236e-01 1.902367e+00 6.293325e+00 7.790245e-02 -3.011626e-04 -2.615670e-04 -3.081585e-04 -2.784986e-04
 7704.000000 7.950941e-01 1.934864e+00 6.401419e+00 7.945337e-02 -3.098911e-04 -2.658270e-04 -3.085441e-04 -2.827824e-04
 7704.200000 7.941436e-01 1.933279e+00 6.389524e+00 8.068159e-02 -3.046898e-04 -2.704219e-04 -3.115762e-04 -2.898770e-04
 7704.400000 7.933876e-01 1.931323e+00 6.378746e+00 7.856680e-02 -3.031628e-04 -2.737739e-04 -3.010846e-04 -2.853515e-04
 7704.600000 7.897511e-01 1.923285e+00 6.348088e+00 7.875068e-02 -2.993853e-04 -2.866507e-04 -3.038474e-04 -2.786432e-04
 7704.800000 7.948229e-01 1.935016e+00 6.382321e+00 7.940822e-02 -3.024707e-04 -2.883186e-04 -3.089359e-04 -2.933514e-04
 7705.000000 7.944116e-01 1.934521e+00 6.375047e+00 7.953149e-02 -3.052442e-04 -2.781508e-04 -3.055869e-04 -2.822890e-04
 7705.200000 7.918022e-01 1.928237e+00 6.348651e+00 8.119629e-02 -2.949538e-04 -2.853215e-04 -2.982636e-04 -2.872113e-04
 7705.400000 7.915796e-01 1.928124e+00 6.341006e+00 7.782452e-02 -2.876401e-04 -2.791584e-04 -2.946787e-04 -3.004406e-04
 7705.600000 7.941704e-01 1.933966e+00 6.353441e+00 8.049432e-02 -2.959109e-04 -2.783589e-04 -2.899312e-04 -2.968185e-04
 7705.800000 7.934797e-01 1.932723e+00 6.342013e+00 7.803878e-02 -3.024374e-04 -2.788079e-04 -2.764123e-04 -2.759734e-04
 7706.000000 7.913945e-01 1.928328e+00 6.318290e+00 7.972618e-02 -3.051631e-04 -2.799007e-04 -2.862714e-04 -2.772116e-04
 7706.200000 7.925927e-01 1.931187e+00 6.321448e+00 7.944126e-02 -3.108246e-04 -2.845160e-04 -3.024269e-04 -2.739536e-04
 7706.400000 7.951914e-01 1.937666e+00 6.331838e+00 8.057234e-02 -3.094037e-04 -2.918382e-04 -2.961785e-04 -2.749686e-04
 7706.600000 7.911689e-01 1.928379e+00 6.287538e+00 7.954614e-02 -3.033617e-04 -2.835967e-04 -3.023326e-04 -2.753616e-04
 7706.800000 7.888867e-01 1.922777e+00 6.256615e+00 7.886928e-02 -3.071302e-04 -2.802509e-04 -2.952933e-04 -2.695523e-04
 7707.000000 7.923142e-01 1.931342e+00 6.271687e+00 7.954611e-02 -3.012531e-04 -2.824867e-04 -2.904527e-04 -2.683909e-04
 7707.200000 7.911685e-01 1.928506e+00 6.245456e+00 8.030397e-02 -3.012760e-04 -2.790934e-04 -2.882776e-04 -2.721136e-04
 7707.400000 7.924442e-01 1.932166e+00 6.238570e+00 8.000731e-02 -2.900404e-04 -2.675103e-04 -3.039083e-04 -2.825795e-04
 7707.600000 7.958091e-01 1.940380e+00 6.241773e+00 8.032469e-02 -2.904789e-04 -2.672635e-04 -3.021048e-04 -2.666947e-04
 7707.800000 7.925861e-01 1.932590e+00 6.190265e+00 7.834038e-02 -3.058975e-04 -2.697191e-04 -2.939241e-04 -2.646198e-04
 7708.000000 7.916841e-01 1.930076e+00 6.150723e+00 7.895118e-02 -3.166794e-04 -2.689703e-04 -2.931994e-04 -2.721871e-04
 7708.200000 7.938922e-01 1.935960e+00 6.129663e+00 7.831815e-02 -3.261078e-04 -2.590478e-04 -2.742330e-04 -2.814293e-04
 7708.400000 7.914808e-01 1.930161e+00 6.059861e+00 8.014957e-02 -3.164142e-04 -2.585353e-04 -2.762491e-04 -2.802326e-04
 7708.600000 7.892662e-01 1.924945e+00 5.982553e+00 7.900008e-02 -3.062662e-04 -2.646256e-04 -2.907768e-04 -2.775724e-04
 7708.800000 7.933323e-01 1.935044e+00 5.935810e+00 7.976473e-02 -3.056418e-04 -2.656561e-04 -2.945245e-04 -2.867052e-04
 7709.000000 7.891374e-01 1.924685e+00 5.809012e+00 7.934991e-02 -3.044104e-04 -2.665003e-04 -2.983548e-04 -2.870803e-04
 7709.200000 7.922934e-01 1.932607e+00 5.721812e+00 7.899193e-02 -3.027578e-04 -2.687731e-04 -2.890898e-04 -2.810060e-04
 7709.400000 7.925782e-01 1.933190e+00 5.591055e+00 7.931282e-02 -2.964891e-04 -2.614654e-04 -2.897533e-04 -2.852552e-04
 7709.600000 7.923815e-01 1.933339e+00 5.447748e+00 8.011993e-02 -2.955835e-04 -2.632751e-04 -2.907106e-04 -2.879217e-04
 7709.800000 7.932198e-01 1.935487e+00 5.305123e+00 7.948684e-02 -3.002124e-04 -2.497229e-04 -2.857661e-04 -2.830057e-04
 7710.000000 7.892342e-01 1.925897e+00 5.132701e+00 8.051868e-02 -3.062449e-04 -2.558328e-04 -3.030473e-04 -2.804949e-04
 7710.200000 7.915360e-01 1.932235e+00 5.004530e+00 7.854513e-02 -3.148741e-04 -2.634962e-04 -3.015803e-04 -2.701266e-04
 7710.400000 7.942931e-01 1.939011e+00 4.891319e+00 8.025492e-02 -3.209318e-04 -2.573358e-04 -3.078627e-04 -2.694554e-04
 7710.600000 7.930471e-01 1.935423e+00 4.754251e+00 7.914602e-02 -3.141817e-04 -2.632491e-04 -3.073452e-04 -2.729184e-04
 7710.800000 7.929604e-01 1.935311e+00 4.635895e+00 7.994602e-02 -3.164397e-04 -2.715755e-04 -2.998363e-04 -2.714789e-04
 7711.000000 7.927876e-01 1.935449e+00 4.524432e+00 7.918350e-02 -3.117930e-04 -2.727349e-04 -3.073118e-04 -2.751301e-04
 7711.200000 7.936474e-01 1.937741e+00 4.422638e+00 7.957627e-02 -3.129289e-04 -2.771491e-04 -3.005816e-04 -2.852320e-04
 7711.400000 7.909674e-01 1.931057e+00 4.306841e+00 7.950269e-02 -3.028815e-04 -2.804998e-04 -3.029606e-04 -2.763595e-04
 7711.600000 7.937572e-01 1.938307e+00 4.234958e+00 8.026809e-02 -3.033693e-04 -2.859648e-04 -2.994067e-04 -2.725370e-04
 7711.800000 7.929749e-01 1.936369e+00 4.145535e+00 7.993882e-02 -3.055578e-04 -2.884299e-04 -2.940136e-04 -2.760509e-04
 7712.000000 7.918586e-01 1.933603e+00 4.065056e+00 8.010872e-02 -3.122748e-04 -2.789253e-04 -2.908446e-04 -2.748931e-04
 7712.200000 7.943609e-01 1.939999e+00 4.012797e+00 8.020315e-02 -3.143846e-04 -2.710545e-04 -2.965981e-04 -2.807414e-04
 7712.400000 7.935301e-01 1.937777e+00 3.950298e+00 7.980396e-02 -3.101141e-04 -2.712859e-04 -2.926276e-04 -2.777202e-04
 7712.600000 7.925982e-01 1.935646e+00 3.896607e+00 7.980287e-02 -3.143487e-04 -2.741130e-04 -2.945145e-04 -2.778223e-04
 7712.800000 7.924110e-01 1.935679e+00 3.855235e+00 7.938024e-02 -3.131042e-04 -2.716918e-04 -2.893993e-04 -2.672987e-04
 7713.000000 7.934360e-01 1.938618e+00 3.826865e+00 7.912728e-02 -3.066877e-04 -2.705257e-04 -2.856135e-04 -2.654762e-04
 7713.200000 7.917959e-01 1.934108e+00 3.789241e+00 8.018351e-02 -3.119242e-04 -2.694201e-04 -2.852641e-04 -2.673258e-04
 7713.400000 7.914042e-01 1.931627e+00 3.766498e+00 7.991187e-02 -3.030797e-04 -2.728591e-04 -2.941750e-04 -2.704534e-04
 7713.600000 7.909527e-01 1.930794e+00 3.746243e+00 7.931076e-02 -3.035185e-04 -2.817609e-04 -3.017152e-04 -2.779637e-04
 7713.800000 7.914761e-01 1.931008e+00 3.733481e+00 8.020729e-02 -3.126578e-04 -2.760089e-04 -2.909692e-04 -2.644831e-04
 7714.000000 7.889681e-01 1.924715e+00 3.712202e+00 8.021899e-02 -3.117520e-04 -2.759526e-04 -2.952957e-04 -2.592284e-04
 7714.200000 7.908139e-01 1.929305e+00 3.710788e+00 8.004734e-02 -3.150591e-04 -2.843386e-04 -2.956052e-04 -2.583094e-04
 7714.400000 7.901033e-01 1.927232e+00 3.699736e+00 8.004582e-02 -3.138268e-04 -2.963452e-04 -2.779322e-04 -2.543352e-04
 7714.600000 7.908456e-01 1.929020e+00 3.694478e+00 7.996785e-02 -3.101373e-04 -3.040567e-04 -2.741512e-04 -2.557370e-04
 7714.800000 7.913535e-01 1.930458e+00 3.686746e+00 8.008565e-02 -3.093652e-04 -2.936000e-04 -2.740441e-04 -2.524066e-04
 7715.000000 7.903127e-01 1.928020e+00 3.666056e+00 8.008425e-02 -3.179745e-04 -2.837484e-04 -2.725290e-04 -2.527829e-04
 7715.200000 7.903673e-01 1.928045e+00 3.646019e+00 7.991255e-02 -3.189119e-04 -2.815890e-04 -2.711469e-04 -2.529230e-04
 7715.400000 7.901736e-01 1.927875e+00 3.620648e+00 7.943559e-02 -3.148454e-04 -2.805383e-04 -2.675910e-04 -2.571479e-04
 7715.600000 7.899134e-01 1.927769e+00 3.590607e+00 7.976324e-02 -3.078431e-04 -2.916195e-04 -2.692652e-04 -2.629642e-04
 7715.800000 7.893589e-01 1.926614e+00 3.553854e+00 8.014448e-02 -3.062914e-04 -2.843907e-04 -2.576118e-04 -2.632237e-04
 7716.000000 7.899319e-01 1.927612e+00 3.517107e+00 8.011229e-02 -3.051272e-04 -2.886621e-04 -2.669229e-04 -2.580244e-04
 7716.200000 7.901624e-01 1.928168e+00 3.474951e+00 7.980504e-02 -3.034432e-04 -2.873916e-04 -2.773261e-04 -2.656553e-04
 7716.400000 7.898065e-01 1.927414e+00 3.428677e+00 7.989484e-02 -3.018085e-04 -2.820822e-04 -2.761173e-04 -2.591764e-04
 7716.600000 7.897864e-01 1.926895e+00 3.380205e+00 8.074261e-02 -3.094779e-04 -2.773180e-04 -2.723278e-04 -2.634910e-04
 7716.800000 7.869885e-01 1.920361e+00 3.318705e+00 7.896037e-02 -3.118902e-04 -2.787362e-04 -2.669434e-04 -2.656117e-04
 7717.000000 7.883177e-01 1.924011e+00 3.276529e+00 7.974885e-02 -2.968075e-04 -2.776833e-04 -2.695655e-04 -2.610577e-04
 7717.200000 7.863658e-01 1.919333e+00 3.219694e+00 7.935591e-02 -2.944615e-04 -2.831711e-04 -2.636054e-04 -2.542653e-04
 7717.400000 7.895658e-01 1.927784e+00 3.187622e+00 7.927377e-02 -2.940401e-04 -2.922456e-04 -2.731196e-04 -2.560789e-04
 7717.600000 7.855958e-01 1.918011e+00 3.124212e+00 7.975552e-02 -2.913003e-04 -2.885179e-04 -2.733991e-04 -2.582520e-04
 7717.800000 7.894622e-01 1.928047e+00 3.096514e+00 7.930636e-02 -2.965571e-04 -2.936035e-04 -2.694594e-04 -2.616547e-04
 7718.000000 7.894454e-01 1.928343e+00 3.055070e+00 8.078652e-02 -3.038249e-04 -2.855206e-04 -2.687499e-04 -2.565562e-04
 7718.200000 7.900003e-01 1.929585e+00 3.011880e+00 7.951469e-02 -3.005071e-04 -2.835331e-04 -2.672634e-04 -2.627875e-04
 7718.400000 7.876146e-01 1.924460e+00 2.961697e+00 7.990367e-02 -3.005524e-04 -2.866141e-04 -2.722628e-04 -2.601904e-04
 7718.600000 7.886061e-01 1.926793e+00 2.921873e+00 7.944095e-02 -2.990264e-04 -2.773639e-04 -2.726531e-04 -2.589505e-04
 7718.800000 7.869340e-01 1.923332e+00 2.872934e+00 7.962645e-02 -2.995767e-04 -2.686218e-04 -2.584104e-04 -2.584757e-04
 7719.000000 7.857764e-01 1.920085e+00 2.825312e+00 7.891257e-02 -2.974869e-04 -2.652736e-04 -2.669203e-04 -2.527801e-04
 7719.200000 7.870767e-01 1.923421e+00 2.787671e+00 8.063580e-02 -2.927033e-04 -2.726703e-04 -2.690564e-04 -2.487275e-04
 7719.400000 7.886614e-01 1.927408e+00 2.750992e+00 8.002400e-02 -2.942909e-04 -2.867853e-04 -2.756270e-04 -2.413552e-04
 7719.600000 7.897163e-01 1.930199e+00 2.712579e+00 8.059035e-02 -2.858134e-04 -2.793379e-04 -2.704985e-04 -2.433447e-04
 7719.800000 7.883247e-01 1.927239e+00 2.665758e+00 8.063052e-02 -2.871515e-04 -2.704213e-04 -2.819637e-04 -2.602913e-04
 7720.000000 7.877667e-01 1.925985e+00 2.621340e+00 7.892529e-02 -2.902332e-04 -2.705965e-04 -2.765087e-04 -2.490964e-04
 7720.200000 7.885557e-01 1.928194e+00 2.580365e+00 8.021045e-02 -2.868318e-04 -2.670432e-04 -2.699755e-04 -2.512568e-04
 7720.400000 7.875786e-01 1.925759e+00 2.534339e+00 7.804339e-02 -2.911670e-04 -2.765271e-04 -2.726024e-04 -2.673534e-04
 7720.600000 7.905679e-01 1.933396e+00 2.501357e+00 8.067039e-02 -2.879876e-04 -2.763580e-04 -2.753020e-04 -2.653125e-04
 7720.800000 7.849086e-01 1.919565e+00 2.439489e+00 8.006587e-02 -2.866298e-04 -2.791922e-04 -2.839335e-04 -2.539052e-04
 7721.000000 7.903575e-01 1.933229e+00 2.414105e+00 8.096432e-02 -2.971149e-04 -2.770930e-04 -2.871691e-04 -2.578145e-04
 7721.200000 7.879399e-01 1.926969e+00 2.362485e+00 7.908751e-02 -2.987018e-04 -2.732189e-04 -2.980587e-04 -2.619453e-04
 7721.400000 7.869908e-01 1.924851e+00 2.316362e+00 7.909271e-02 -3.003043e-04 -2.709851e-04 -2.976777e-04 -2.624642e-04
 7721.600000 7.893927e-01 1.930982e+00 2.280089e+00 8.159242e-02 -3.006991e-04 -2.746909e-04 -2.883878e-04 -2.655296e-04
 7721.800000 7.884428e-01 1.928487e+00 2.232222e+00 7.998097e-02 -2.945195e-04 -2.672671e-04 -2.844895e-04 -2.582701e-04
 7722.000000 7.866797e-01 1.924662e+00 2.184110e+00 7.880449e-02 -2.943833e-04 -2.759493e-04 -2.826332e-04 -2.640564e-04
 7722.200000 7.861209e-01 1.923755e+00 2.138859e+00 7.972144e-02 -3.031271e-04 -2.711753e-04 -2.807648e-04 -2.718725e-04
 7722.400000 7.870454e-01 1.926170e+00 2.098666e+00 8.014428e-02 -3.004210e-04 -2.761691e-04 -2.805700e-04 -2.953744e-04
 7722.600000 7.888142e-01 1.930305e+00 2.059508e+00 7.894347e-02 -2.958676e-04 -2.772770e-04 -2.853851e-04 -2.789621e-04
 7722.800000 7.899954e-01 1.933390e+00 2.020193e+00 8.090483e-02 -2.915985e-04 -2.745466e-04 -2.817254e-04 -2.639864e-04
 7723.000000 7.877275e-01 1.928442e+00 1.971918e+00 7.948288e-02 -2.973459e-04 -2.800917e-04 -2.777745e-04 -2.640756e-04
 7723.200000 7.850961e-01 1.921498e+00 1.924792e+00 7.914424e-02 -2.989249e-04 -2.744919e-04 -2.826790e-04 -2.659611e-04
 7723.400000 7.872566e-01 1.926992e+00 1.888916e+00 7.974686e-02 -2.981127e-04 -2.660740e-04 -2.737544e-04 -2.631726e-04
 7723.600000 7.901177e-01 1.934422e+00 1.856241e+00 8.152676e-02 -2.949435e-04 -2.663186e-04 -2.734742e-04 -2.652369e-04
 7723.800000 7.815519e-01 1.913456e+00 1.800179e+00 7.800519e-02 -2.845870e-04 -2.664121e-04 -2.645681e-04 -2.726549e-04
 7724.000000 7.832186e-01 1.917929e+00 1.766839e+00 7.833421e-02 -2.862288e-04 -2.767286e-04 -2.652005e-04 -2.723932e-04
 7724.200000 7.893082e-01 1.932823e+00 1.747981e+00 8.408500e-02 -2.877032e-04 -2.715325e-04 -2.691010e-04 -2.808379e-04
 7724.400000 7.868555e-01 1.926692e+00 1.710129e+00 7.784901e-02 -2.859555e-04 -2.752717e-04 -2.589744e-04 -2.802056e-04
 7724.600000 7.888099e-01 1.931663e+00 1.684723e+00 7.836337e-02 -2.950313e-04 -2.742400e-04 -2.582380e-04 -2.837990e-04
 7724.800000 7.868076e-01 1.926402e+00 1.655549e+00 8.104857e-02 -3.006155e-04 -2.747331e-04 -2.642029e-04 -2.772206e-04
 7725.000000 7.891256e-01 1.932103e+00 1.636326e+00 8.080416e-02 -3.098518e-04 -2.711869e-04 -2.564246e-04 -2.658916e-04
 7725.200000 7.879966e-01 1.930345e+00 1.615425e+00 7.868146e-02 -3.050464e-04 -2.740406e-04 -2.538672e-04 -2.620360e-04
 7725.400000 7.898335e-01 1.934999e+00 1.601696e+00 8.175150e-02 -3.042576e-04 -2.647731e-04 -2.555111e-04 -2.725800e-04
 7725.600000 7.876533e-01 1.930066e+00 1.581986e+00 8.009386e-02 -2.988419e-04 -2.607162e-04 -2.605952e-04 -2.765818e-04
 7725.800000 7.887160e-01 1.932156e+00 1.570381e+00 8.055589e-02 -3.016781e-04 -2.650503e-04 -2.561208e-04 -2.742973e-04
 7726.000000 7.876474e-01 1.930061e+00 1.558376e+00 7.823888e-02 -3.027734e-04 -2.666623e-04 -2.530643e-04 -2.808130e-04
 7726.200000 7.859104e-01 1.925845e+00 1.547037e+00 8.182985e-02 -2.915975e-04 -2.763917e-04 -2.487442e-04 -2.875473e-04
 7726.400000 7.895160e-01 1.934725e+00 1.548401e+00 8.027202e-02 -2.912841e-04 -2.792527e-04 -2.589690e-04 -2.837717e-04
 7726.600000 7.897238e-01 1.934987e+00 1.541912e+00 8.013312e-02 -2.968709e-04 -2.818103e-04 -2.523240e-04 -2.817396e-04
 7726.800000 7.860990e-01 1.926131e+00 1.531333e+00 7.941296e-02 -2.839302e-04 -2.830247e-04 -2.499979e-04 -2.828687e-04
 7727.000000 7.885582e-01 1.932774e+00 1.534865e+00 8.302961e-02 -2.823211e-04 -2.742048e-04 -2.641261e-04 -2.822999e-04
 7727.200000 7.875588e-01 1.930191e+00 1.531248e+00 7.912861e-02 -2.782251e-04 -2.779182e-04 -2.652857e-04 -2.848308e-04
 7727.400000 7.881631e-01 1.931966e+00 1.531231e+00 8.086953e-02 -2.857516e-04 -2.793488e-04 -2.732779e-04 -2.895745e-04
 7727.600000 7.847452e-01 1.923756e+00 1.525697e+00 7.785041e-02 -2.834928e-04 -2.724417e-04 -2.642353e-04 -2.883370e-04
 7727.800000 7.856918e-01 1.926168e+00 1.529170e+00 8.238424e-02 -2.917534e-04 -2.759134e-04 -2.617817e-04 -2.901098e-04
 7728.000000 7.879665e-01 1.931375e+00 1.534291e+00 7.977497e-02 -2.890436e-04 -2.765764e-04 -2.668712e-04 -3.035479e-04
 7728.200000 7.920810e-01 1.942193e+00 1.544987e+00 8.163576e-02 -2.913949e-04 -2.787583e-04 -2.712813e-04 -3.148161e-04
 7728.400000 7.839227e-01 1.922380e+00 1.530958e+00 7.823692e-02 -2.944382e-04 -2.789865e-04 -2.581827e-04 -2.976434e-04
 7728.600000 7.871611e-01 1.930254e+00 1.538804e+00 7.840841e-02 -2.917687e-04 -2.818111e-04 -2.450374e-04 -2.943302e-04
 7728.800000 7.872599e-01 1.930261e+00 1.543928e+00 7.999521e-02 -2.856796e-04 -2.785559e-04 -2.583894e-04 -2.856002e-04
 7729.000000 7.862756e-01 1.928307e+00 1.543107e+00 8.171268e-02 -2.821350e-04 -2.749786e-04 -2.735438e-04 -2.698258e-04
 7729.200000 7.891143e-01 1.935276e+00 1.551631e+00 7.867961e-02 -2.799964e-04 -2.686745e-04 -2.724884e-04 -2.667509e-04
 7729.400000 7.844478e-01 1.924104e+00 1.543136e+00 8.234781e-02 -2.925979e-04 -2.657746e-04 -2.597820e-04 -2.574340e-04
 7729.600000 7.874766e-01 1.931577e+00 1.552223e+00 7.670811e-02 -2.876602e-04 -2.605656e-04 -2.524879e-04 -2.624184e-04
 7729.800000 7.853766e-01 1.925874e+00 1.549043e+00 7.861755e-02 -2.842884e-04 -2.688915e-04 -2.623275e-04 -2.631446e-04
 7730.000000 7.866109e-01 1.929033e+00 1.553691e+00 8.288002e-02 -2.845696e-04 -2.668177e-04 -2.771211e-04 -2.587630e-04
 7730.200000 7.821718e-01 1.917966e+00 1.544778e+00 7.988018e-02 -2.788379e-04 -2.702924e-04 -2.647587e-04 -2.611482e-04
 7730.400000 7.917165e-01 1.941543e+00 1.562258e+00 8.068812e-02 -2.929113e-04 -2.739834e-04 -2.570279e-04 -2.694683e-04
 7730.600000 7.877395e-01 1.932446e+00 1.552730e+00 7.948328e-02 -2.848709e-04 -2.684274e-04 -2.558764e-04 -2.731813e-04
 7730.800000 7.855077e-01 1.927507e+00 1.547731e+00 7.963631e-02 -2.850637e-04 -2.690864e-04 -2.732163e-04 -2.789830e-04
 7731.000000 7.784741e-01 1.911147e+00 1.531147e+00 7.893241e-02 -2.839119e-04 -2.700410e-04 -2.511280e-04 -2.678651e-04
 7731.200000 7.891036e-01 1.936333e+00 1.548558e+00 7.921923e-02 -2.916021e-04 -2.638435e-04 -2.605544e-04 -2.720131e-04
 7731.400000 7.834331e-01 1.922397e+00 1.531007e+00 7.865334e-02 -2.820261e-04 -2.668538e-04 -2.588151e-04 -2.803596e-04
 7731.600000 7.856010e-01 1.927812e+00 1.528088e+00 8.160890e-02 -2.794786e-04 -2.759451e-04 -2.538832e-04 -2.753198e-04
 7731.800000 7.880753e-01 1.934915e+00 1.527267e+00 8.253523e-02 -2.855137e-04 -2.754898e-04 -2.540969e-04 -2.773338e-04
 7732.000000 7.817797e-01 1.919616e+00 1.508027e+00 7.759956e-02 -2.933228e-04 -2.712146e-04 -2.665243e-04 -2.811103e-04
 7732.200000 7.912999e-01 1.942787e+00 1.516344e+00 8.071833e-02 -2.903591e-04 -2.691704e-04 -2.513967e-04 -2.882780e-04
 7732.400000 7.885441e-01 1.936293e+00 1.501241e+00 8.075874e-02 -3.000416e-04 -2.682176e-04 -2.566946e-04 -2.876193e-04
 7732.600000 7.859042e-01 1.930623e+00 1.485611e+00 8.186540e-02 -2.955459e-04 -2.688805e-04 -2.577836e-04 -2.926814e-04
 7732.800000 7.820988e-01 1.920345e+00 1.469261e+00 7.719868e-02 -2.895287e-04 -2.719959e-04 -2.593382e-04 -2.846277e-04
 7733.000000 7.921416e-01 1.945123e+00 1.478684e+00 7.992860e-02 -3.014327e-04 -2.786605e-04 -2.495402e-04 -2.886936e-04
 7733.200000 7.856081e-01 1.929559e+00 1.455490e+00 7.834627e-02 -3.018477e-04 -2.701232e-04 -2.602230e-04 -2.842923e-04
 7733.400000 7.883535e-01 1.936333e+00 1.453946e+00 8.195081e-02 -2.896437e-04 -2.686144e-04 -2.554313e-04 -2.823610e-04
 7733.600000 7.808284e-01 1.917501e+00 1.430816e+00 7.560213e-02 -2.814290e-04 -2.614287e-04 -2.494012e-04 -2.820851e-04
 7733.800000 7.884318e-01 1.937111e+00 1.437883e+00 8.338413e-02 -2.936457e-04 -2.827972e-04 -2.508187e-04 -2.862899e-04
 7734.000000 7.854760e-01 1.929803e+00 1.424474e+00 8.020627e-02 -2.894017e-04 -2.783378e-04 -2.503553e-04 -2.841702e-04
 7734.200000 7.873308e-01 1.934733e+00 1.426711e+00 7.861705e-02 -2.872812e-04 -2.762266e-04 -2.458020e-04 -2.821615e-04
 7734.400000 7.882227e-01 1.936866e+00 1.422809e+00 8.078595e-02 -2.900478e-04 -2.804165e-04 -2.674841e-04 -2.817677e-04
 7734.600000 7.847274e-01 1.928287e+00 1.418495e+00 7.984895e-02 -2.894928e-04 -2.727231e-04 -2.524947e-04 -2.880502e-04
 7734.800000 7.862764e-01 1.932015e+00 1.419158e+00 8.114641e-02 -2.934957e-04 -2.706000e-04 -2.634998e-04 -2.861956e-04
 7735.000000 7.879993e-01 1.936973e+00 1.421236e+00 8.226241e-02 -3.059791e-04 -2.746478e-04 -2.660461e-04 -2.748680e-04
 7735.200000 7.853562e-01 1.930398e+00 1.421942e+00 7.843842e-02 -3.005955e-04 -2.741292e-04 -2.712678e-04 -2.693813e-04
 7735.400000 7.860749e-01 1.931787e+00 1.424373e+00 7.935452e-02 -2.955312e-04 -2.752834e-04 -2.702626e-04 -2.769345e-04
 7735.600000 7.871940e-01 1.934848e+00 1.432591e+00 8.064660e-02 -2.901000e-04 -2.765614e-04 -2.593891e-04 -2.805027e-04
 7735.800000 7.854788e-01 1.930927e+00 1.434087e+00 8.196752e-02 -2.887843e-04 -2.853255e-04 -2.676805e-04 -2.767943e-04
 7736.000000 7.835298e-01 1.926034e+00 1.436147e+00 8.100254e-02 -2.952676e-04 -2.771370e-04 -2.533601e-04 -2.791270e-04
 7736.200000 7.882027e-01 1.938337e+00 1.451991e+00 8.205435e-02 -2.903365e-04 -2.768191e-04 -2.551007e-04 -2.762262e-04
 7736.400000 7.819335e-01 1.923173e+00 1.447505e+00 8.070984e-02 -2.834821e-04 -2.790618e-04 -2.511785e-04 -2.660998e-04
 7736.600000 7.872214e-01 1.935761e+00 1.463032e+00 7.669355e-02 -2.851605e-04 -2.786909e-04 -2.450678e-04 -2.604608e-04
 7736.800000 7.827838e-01 1.924639e+00 1.464312e+00 7.933206e-02 -2.861514e-04 -2.670326e-04 -2.544878e-04 -2.810757e-04
 7737.000000 7.851050e-01 1.930864e+00 1.476445e+00 8.408206e-02 -2.820886e-04 -2.656147e-04 -2.563554e-04 -2.808047e-04
 7737.200000 7.867311e-01 1.934814e+00 1.484399e+00 7.955219e-02 -2.885265e-04 -2.721943e-04 -2.631604e-04 -2.748433e-04
 7737.400000 7.853810e-01 1.931495e+00 1.487877e+00 8.112005e-02 -2.913571e-04 -2.911993e-04 -2.844698e-04 -2.746408e-04
 7737.600000 7.816054e-01 1.922628e+00 1.488314e+00 7.802376e-02 -2.871773e-04 -2.970452e-04 -2.768600e-04 -2.759217e-04
 7737.800000 7.844640e-01 1.930395e+00 1.499372e+00 7.663852e-02 -2.902468e-04 -2.951700e-04 -2.649530e-04 -2.784509e-04
 7738.000000 7.895202e-01 1.942777e+00 1.514226e+00 8.493427e-02 -2.958332e-04 -2.874714e-04 -2.823514e-04 -2.803531e-04
 7738.200000 7.892305e-01 1.941908e+00 1.518207e+00 8.043633e-02 -2.922575e-04 -2.886244e-04 -2.842803e-04 -2.827331e-04
 7738.400000 7.846980e-01 1.930944e+00 1.514689e+00 8.281559e-02 -2.847738e-04 -2.875609e-04 -2.909516e-04 -2.795907e-04
 7738.600000 7.840016e-01 1.929436e+00 1.515262e+00 7.787348e-02 -2.838604e-04 -2.900946e-04 -2.885883e-04 -2.758904e-04
 7738.800000 7.774227e-01 1.913430e+00 1.505928e+00 7.775181e-02 -2.803126e-04 -2.861909e-04 -2.768284e-04 -2.711262e-04
 7739.000000 7.762361e-01 1.910216e+00 1.507544e+00 8.317759e-02 -2.811431e-04 -2.884078e-04 -2.754200e-04 -2.663716e-04
 7739.200000 7.936522e-01 1.952985e+00 1.544457e+00 8.044344e-02 -2.920229e-04 -2.990822e-04 -2.901664e-04 -2.829287e-04
 7739.400000 7.718779e-01 1.900356e+00 1.505012e+00 7.554489e-02 -2.905354e-04 -2.934541e-04 -2.839323e-04 -2.658277e-04
 7739.600000 7.882335e-01 1.940100e+00 1.539374e+00 7.691716e-02 -2.890685e-04 -2.945676e-04 -2.882641e-04 -2.806629e-04
 7739.800000 7.886213e-01 1.941206e+00 1.541677e+00 8.188703e-02 -2.926430e-04 -2.911389e-04 -2.818263e-04 -2.863729e-04
 7740.000000 7.896032e-01 1.944774e+00 1.548352e+00 8.367900e-02 -2.942376e-04 -2.895014e-04 -2.821255e-04 -2.914601e-04
 7740.200000 7.803911e-01 1.922123e+00 1.532896e+00 8.067153e-02 -2.956746e-04 -2.873095e-04 -2.783400e-04 -2.852843e-04
 7740.400000 7.758547e-01 1.910059e+00 1.526065e+00 7.896642e-02 -3.025332e-04 -2.949026e-04 -2.691080e-04 -2.810801e-04
 7740.600000 7.899982e-01 1.945958e+00 1.559245e+00 7.965778e-02 -3.060937e-04 -2.926950e-04 -2.643800e-04 -2.803499e-04
 7740.800000 7.822304e-01 1.927066e+00 1.546900e+00 7.854751e-02 -3.032530e-04 -2.905180e-04 -2.831548e-04 -2.833849e-04
 7741.000000 7.876340e-01 1.940230e+00 1.562792e+00 8.405022e-02 -2.991146e-04 -2.913392e-04 -2.841208e-04 -2.776379e-04
 7741.200000 7.844619e-01 1.932006e+00 1.558952e+00 7.747430e-02 -2.988398e-04 -2.877867e-04 -2.799370e-04 -2.753420e-04
 7741.400000 7.838326e-01 1.930517e+00 1.562922e+00 7.894378e-02 -2.984082e-04 -2.807242e-04 -2.790089e-04 -2.758631e-04
 7741.600000 7.750355e-01 1.909439e+00 1.549092e+00 7.840191e-02 -2.996147e-04 -2.852809e-04 -2.707490e-04 -2.851150e-04
 7741.800000 7.874913e-01 1.940304e+00 1.578633e+00 8.092150e-02 -3.010197e-04 -2.807413e-04 -2.743090e-04 -2.906629e-04
 7742.000000 7.801396e-01 1.922245e+00 1.567250e+00 7.964551e-02 -2.970279e-04 -2.769982e-04 -2.797544e-04 -2.875492e-04
 7742.700000 7.788483e-01 1.919128e+00 1.576877e+00 7.975439e-02 -3.050646e-04 -2.746825e-04 -2.716497e-04 -2.881450e-04
 7743.400000 7.657509e-01 1.887372e+00 1.560747e+00 7.748239e-02 -3.082579e-04 -2.810198e-04 -2.686132e-04 -2.838630e-04
 7744.100000 7.569072e-01 1.866567e+00 1.550091e+00 7.856143e-02 -3.089310e-04 -2.865394e-04 -2.680276e-04 -2.757182e-04
 7744.800000 7.791535e-01 1.921978e+00 1.599879e+00 7.959015e-02 -3.057670e-04 -2.820833e-04 -2.680142e-04 -2.759951e-04
 7745.500000 7.866232e-01 1.940425e+00 1.619596e+00 8.153898e-02 -3.046848e-04 -2.854882e-04 -2.818609e-04 -2.841626e-04
 7746.200000 7.856910e-01 1.938876e+00 1.619592e+00 8.034886e-02 -2.975950e-04 -2.885924e-04 -2.858610e-04 -2.857859e-04
 7746.900000 7.855416e-01 1.938603e+00 1.618737e+00 8.053874e-02 -2.974209e-04 -2.806812e-04 -2.820717e-04 -3.005068e-04
 7747.600000 7.857851e-01 1.939784e+00 1.616579e+00 8.046227e-02 -2.896375e-04 -2.654686e-04 -2.815302e-04 -2.979105e-04
 7748.300000 7.854945e-01 1.939846e+00 1.609425e+00 8.120415e-02 -2.867396e-04 -2.676895e-04 -2.739434e-04 -2.862195e-04
 7749.993695 7.848229e-01 1.939026e+00 1.575753e+00 8.073878e-02 -2.887590e-04 -2.681992e-04 -2.695257e-04 -2.785917e-04
 7750.999583 7.836123e-01 1.936905e+00 1.546197e+00 8.104969e-02 -2.973305e-04 -2.644628e-04 -2.679925e-04 -2.917482e-04
 7752.017662 7.846697e-01 1.940153e+00 1.516116e+00 8.106327e-02 -2.910350e-04 -2.649274e-04 -2.680255e-04 -2.952304e-04
 7753.047933 7.841002e-01 1.939540e+00 1.478571e+00 8.162491e-02 -2.839455e-04 -2.718209e-04 -2.606173e-04 -2.722131e-04
 7754.090396 7.826539e-01 1.937033e+00 1.437233e+00 8.020517e-02 -2.875070e-04 -2.605125e-04 -2.624663e-04 -2.622638e-04
 7755.145051 7.829723e-01 1.938370e+00 1.400255e+00 8.093352e-02 -2.887495e-04 -2.707658e-04 -2.578452e-04 -2.595574e-04
 7756.211898 7.812147e-01 1.934664e+00 1.363481e+00 8.028817e-02 -2.897245e-04 -2.751773e-04 -2.671095e-04 -2.605496e-04
 7757.290937 7.825008e-01 1.938451e+00 1.339512e+00 8.119132e-02 -2.816381e-04 -2.790689e-04 -2.760652e-04 -2.607699e-04
 7758.382167 7.830933e-01 1.940541e+00 1.325123e+00 8.025745e-02 -2.909849e-04 -2.857070e-04 -2.798222e-04 -2.669766e-04
 7759.485590 7.824265e-01 1.940349e+00 1.320805e+00 8.089483e-02 -2.976550e-04 -2.723131e-04 -2.804548e-04 -2.725182e-04
 7760.601204 7.798003e-01 1.934552e+00 1.324558e+00 8.066804e-02 -2.925875e-04 -2.733396e-04 -2.849615e-04 -2.676257e-04
 7761.729011 7.822890e-01 1.941626e+00 1.349274e+00 7.990734e-02 -2.886852e-04 -2.756749e-04 -2.840543e-04 -2.731907e-04
 7762.869009 7.819687e-01 1.941835e+00 1.380465e+00 8.146290e-02 -2.990996e-04 -2.827587e-04 -2.752365e-04 -2.793871e-04
 7764.021199 7.812518e-01 1.940793e+00 1.419538e+00 8.073725e-02 -2.976631e-04 -2.885779e-04 -2.709962e-04 -2.946679e-04
 7765.185582 7.818439e-01 1.942876e+00 1.464855e+00 8.108272e-02 -3.016977e-04 -2.850509e-04 -2.629142e-04 -2.951667e-04
 7766.362156 7.810969e-01 1.941736e+00 1.508008e+00 8.054868e-02 -3.026720e-04 -2.871786e-04 -2.587652e-04 -2.913142e-04
 7767.550922 7.810380e-01 1.942451e+00 1.550866e+00 8.086333e-02 -3.039909e-04 -2.912569e-04 -2.584045e-04 -2.914181e-04
 7768.751879 7.802286e-01 1.941553e+00 1.590263e+00 8.200509e-02 -3.026315e-04 -2.951711e-04 -2.562481e-04 -2.881787e-04
 7769.965029 7.807281e-01 1.943899e+00 1.627906e+00 8.062071e-02 -2.998047e-04 -2.882809e-04 -2.573874e-04 -2.789859e-04
 7771.190371 7.802238e-01 1.943002e+00 1.654120e+00 8.044364e-02 -2.955906e-04 -2.846979e-04 -2.632394e-04 -2.764983e-04
 7772.427904 7.805097e-01 1.944519e+00 1.675172e+00 8.117620e-02 -2.950138e-04 -2.823744e-04 -2.753898e-04 -2.768245e-04
 7773.677630 7.800659e-01 1.944976e+00 1.685455e+00 8.189697e-02 -3.119333e-04 -2.835127e-04 -2.586969e-04 -2.751506e-04
 7774.939547 7.795130e-01 1.944266e+00 1.691438e+00 8.070615e-02 -3.062476e-04 -2.802324e-04 -2.585477e-04 -2.719229e-04
 7776.213657 7.794460e-01 1.945264e+00 1.700162e+00 8.108247e-02 -3.023721e-04 -2.752393e-04 -2.570673e-04 -2.794612e-04
 7777.499958 7.789470e-01 1.944476e+00 1.709931e+00 8.082565e-02 -3.050796e-04 -2.814085e-04 -2.641230e-04 -2.934418e-04
 7778.798451 7.795736e-01 1.947399e+00 1.723150e+00 8.177574e-02 -3.048768e-04 -2.837944e-04 -2.561201e-04 -2.741413e-04
 7780.109136 7.783761e-01 1.945492e+00 1.728122e+00 8.089102e-02 -3.029411e-04 -2.807575e-04 -2.572205e-04 -2.808277e-04
 7781.432013 7.787224e-01 1.947424e+00 1.731214e+00 8.193168e-02 -3.001898e-04 -2.853449e-04 -2.522389e-04 -2.736327e-04
 7782.767082 7.774650e-01 1.944835e+00 1.721948e+00 8.094073e-02 -2.918931e-04 -2.866139e-04 -2.551417e-04 -2.719869e-04
 7784.114342 7.785236e-01 1.948267e+00 1.711592e+00 8.116294e-02 -2.948291e-04 -2.783660e-04 -2.579215e-04 -2.725230e-04
 7785.473795 7.778627e-01 1.947101e+00 1.695133e+00 8.092908e-02 -2.981968e-04 -2.698639e-04 -2.495373e-04 -2.691660e-04
 7786.845440 7.779285e-01 1.948705e+00 1.682203e+00 8.098846e-02 -2.957576e-04 -2.805406e-04 -2.607815e-04 -2.744251e-04
 7788.229276 7.772379e-01 1.948144e+00 1.667854e+00 8.146388e-02 -2.962357e-04 -2.897719e-04 -2.673230e-04 -2.812621e-04
 7789.625305 7.770084e-01 1.948252e+00 1.651306e+00 8.159780e-02 -3.007047e-04 -2.900694e-04 -2.799508e-04 -2.850008e-04
 7791.033525 7.765130e-01 1.948688e+00 1.631892e+00 8.172830e-02 -3.025959e-04 -2.829802e-04 -2.660179e-04 -2.918409e-04
 7792.453937 7.764461e-01 1.949263e+00 1.610611e+00 8.082026e-02 -2.895025e-04 -2.806425e-04 -2.655526e-04 -3.244253e-04
 7793.886541 7.767645e-01 1.950630e+00 1.592042e+00 8.144492e-02 -2.896808e-04 -2.856988e-04 -2.650640e-04 -3.092307e-04
 7795.331337 7.752817e-01 1.948633e+00 1.571581e+00 8.158710e-02 -2.916661e-04 -2.867932e-04 -2.652882e-04 -2.812556e-04
 7796.788325 7.750615e-01 1.949137e+00 1.553662e+00 8.173322e-02 -2.899052e-04 -2.961084e-04 -2.576228e-04 -2.783408e-04
 7798.257505 7.747324e-01 1.948711e+00 1.529259e+00 8.146131e-02 -2.825718e-04 -2.946458e-04 -2.678249e-04 -2.718349e-04
 7799.738877 7.747943e-01 1.949900e+00 1.501319e+00 8.134840e-02 -2.855025e-04 -2.870178e-04 -2.695138e-04 -2.765394e-04
 7801.232440 7.747233e-01 1.950953e+00 1.469341e+00 8.228189e-02 -2.752199e-04 -2.839594e-04 -2.571960e-04 -2.824657e-04
 7802.738196 7.740508e-01 1.950163e+00 1.435169e+00 8.085112e-02 -2.720131e-04 -2.900618e-04 -2.607992e-04 -2.837735e-04
 7804.256143 7.740093e-01 1.951298e+00 1.406088e+00 8.202005e-02 -2.836255e-04 -3.044357e-04 -2.742044e-04 -2.839892e-04
 7805.786283 7.734472e-01 1.950707e+00 1.381534e+00 8.203552e-02 -2.855168e-04 -2.998539e-04 -2.652438e-04 -2.743996e-04
 7807.328614 7.736594e-01 1.952958e+00 1.369272e+00 8.090500e-02 -2.869100e-04 -2.970524e-04 -2.646615e-04 -2.729708e-04
 7808.883137 7.734339e-01 1.952858e+00 1.368587e+00 8.208907e-02 -2.838708e-04 -2.970922e-04 -2.670257e-04 -2.722528e-04
 7810.449852 7.733269e-01 1.953416e+00 1.379822e+00 8.079356e-02 -2.915813e-04 -2.871288e-04 -2.670948e-04 -2.773789e-04
 7812.028759 7.733632e-01 1.954833e+00 1.399525e+00 8.198040e-02 -3.038435e-04 -2.836908e-04 -2.687861e-04 -2.786196e-04
 7813.619858 7.724373e-01 1.953941e+00 1.422677e+00 8.118145e-02 -3.076425e-04 -2.944820e-04 -2.646347e-04 -2.837231e-04
 7815.223149 7.734351e-01 1.957429e+00 1.453918e+00 8.241239e-02 -2.960668e-04 -2.877973e-04 -2.671036e-04 -2.819982e-04
 7816.838632 7.720286e-01 1.954897e+00 1.483760e+00 8.113053e-02 -2.967195e-04 -2.879009e-04 -2.711494e-04 -2.721881e-04
 7818.466307 7.724004e-01 1.956687e+00 1.520237e+00 8.166952e-02 -2.965487e-04 -2.905578e-04 -2.742537e-04 -2.757588e-04
 7820.106173 7.717059e-01 1.956415e+00 1.555256e+00 8.161833e-02 -2.946818e-04 -2.854171e-04 -2.615847e-04 -2.654033e-04
 7821.758232 7.724012e-01 1.959264e+00 1.589309e+00 8.137742e-02 -3.046099e-04 -2.950561e-04 -2.627191e-04 -2.713456e-04
 7823.422482 7.711555e-01 1.957764e+00 1.620858e+00 8.212621e-02 -3.024589e-04 -2.938785e-04 -2.664236e-04 -2.780179e-04
 7825.098924 7.712754e-01 1.959047e+00 1.654825e+00 8.241053e-02 -3.032285e-04 -2.845122e-04 -2.661370e-04 -2.740740e-04
 7826.787558 7.707344e-01 1.958840e+00 1.694502e+00 8.174711e-02 -2.915063e-04 -2.886399e-04 -2.737357e-04 -2.695231e-04
 7828.488385 7.707190e-01 1.960503e+00 1.740588e+00 8.269049e-02 -2.857460e-04 -2.989829e-04 -2.670583e-04 -2.552842e-04
 7830.201403 7.640597e-01 1.944387e+00 1.768862e+00 8.043503e-02 -2.937562e-04 -2.985139e-04 -2.706624e-04 -2.636652e-04
 7831.926613 7.670396e-01 1.953605e+00 1.811192e+00 8.145811e-02 -3.005355e-04 -3.055821e-04 -2.652939e-04 -2.716295e-04
 7833.664014 7.687431e-01 1.958740e+00 1.839983e+00 8.217714e-02 -2.889567e-04 -3.012871e-04 -2.732765e-04 -2.680357e-04
 7835.413608 7.692774e-01 1.961443e+00 1.854000e+00 8.236621e-02 -2.916438e-04 -2.970815e-04 -2.743784e-04 -2.729126e-04
 7837.175394 7.681480e-01 1.959844e+00 1.850412e+00 8.207216e-02 -2.952263e-04 -2.896123e-04 -2.796421e-04 -2.673735e-04
 7838.949371 7.690242e-01 1.963629e+00 1.842024e+00 8.203784e-02 -2.991177e-04 -2.874333e-04 -2.642016e-04 -2.753480e-04
 7840.735541 7.679089e-01 1.961486e+00 1.822070e+00 8.199557e-02 -2.896856e-04 -2.924865e-04 -2.592365e-04 -2.878232e-04
 7842.533902 7.686849e-01 1.964637e+00 1.804847e+00 8.290880e-02 -2.936033e-04 -3.017904e-04 -2.528539e-04 -2.698193e-04
 7844.344455 7.663885e-01 1.960658e+00 1.778162e+00 8.192043e-02 -2.936663e-04 -2.998707e-04 -2.627281e-04 -2.701641e-04
 7846.167201 7.675172e-01 1.964632e+00 1.759828e+00 8.266081e-02 -2.884540e-04 -2.999829e-04 -2.680314e-04 -2.665050e-04
 7848.002138 7.672709e-01 1.965354e+00 1.741192e+00 8.248672e-02 -2.993339e-04 -2.960789e-04 -2.595560e-04 -2.629197e-04
 7849.849267 7.667346e-01 1.965562e+00 1.729308e+00 8.228050e-02 -3.013817e-04 -2.967770e-04 -2.493293e-04 -2.572108e-04
 7851.708588 7.660602e-01 1.964403e+00 1.725788e+00 8.216373e-02 -3.026600e-04 -3.058456e-04 -2.521083e-04 -2.586487e-04
 7853.580100 7.668518e-01 1.968296e+00 1.732716e+00 8.309582e-02 -2.962551e-04 -3.074863e-04 -2.446611e-04 -2.721175e-04
 7855.463805 7.616427e-01 1.955419e+00 1.725833e+00 8.190692e-02 -2.974608e-04 -3.070229e-04 -2.391199e-04 -2.750388e-04
 7857.359702 7.616281e-01 1.957088e+00 1.726822e+00 8.224062e-02 -2.962050e-04 -3.033307e-04 -2.427224e-04 -2.647384e-04
 7859.267790 7.642503e-01 1.965524e+00 1.720303e+00 8.210774e-02 -2.948592e-04 -3.054143e-04 -2.385719e-04 -2.671180e-04
 7861.188071 7.654695e-01 1.969852e+00 1.694488e+00 8.286693e-02 -2.845150e-04 -2.999878e-04 -2.415067e-04 -2.687820e-04
 7863.120543 7.636977e-01 1.966646e+00 1.648982e+00 8.263279e-02 -2.951049e-04 -3.046247e-04 -2.537278e-04 -2.720644e-04
 7865.065207 7.640039e-01 1.968512e+00 1.603054e+00 8.221980e-02 -2.989611e-04 -2.995875e-04 -2.566559e-04 -2.719806e-04
 7867.022064 7.629971e-01 1.967820e+00 1.557781e+00 8.238904e-02 -3.027497e-04 -3.023708e-04 -2.552484e-04 -2.710353e-04
 7868.991112 7.642679e-01 1.972335e+00 1.525999e+00 8.233333e-02 -2.993181e-04 -2.973926e-04 -2.609057e-04 -2.748416e-04
 7870.972352 7.626403e-01 1.969408e+00 1.499053e+00 8.309150e-02 -2.990724e-04 -2.965955e-04 -2.665204e-04 -2.860006e-04
 7872.965784 7.629723e-01 1.971355e+00 1.481833e+00 8.256642e-02 -2.996694e-04 -3.073184e-04 -2.602449e-04 -2.904251e-04
 7874.971407 7.621241e-01 1.970645e+00 1.470656e+00 8.337064e-02 -2.995965e-04 -3.080994e-04 -2.479718e-04 -2.852327e-04
 7876.989223 7.626689e-01 1.973387e+00 1.469116e+00 8.185543e-02 -2.997325e-04 -3.052485e-04 -2.530976e-04 -2.881715e-04
 7879.019231 7.606040e-01 1.969623e+00 1.472125e+00 8.265326e-02 -2.918508e-04 -3.083965e-04 -2.593881e-04 -2.918577e-04
 7881.061430 7.619635e-01 1.974616e+00 1.494635e+00 8.243709e-02 -2.915611e-04 -3.081080e-04 -2.562164e-04 -2.942995e-04
 7883.115822 7.608346e-01 1.972956e+00 1.525418e+00 8.294030e-02 -2.923021e-04 -3.079268e-04 -2.491525e-04 -2.867343e-04
 7885.182405 7.609818e-01 1.974632e+00 1.569839e+00 8.293598e-02 -2.829379e-04 -3.158166e-04 -2.547066e-04 -2.748541e-04
 7887.261180 7.591890e-01 1.971653e+00 1.623914e+00 8.311979e-02 -2.902255e-04 -3.181235e-04 -2.586602e-04 -2.874811e-04
 7889.352148 7.599678e-01 1.975003e+00 1.693856e+00 8.321499e-02 -2.968608e-04 -3.145160e-04 -2.644525e-04 -2.930567e-04
 7891.455307 7.602718e-01 1.977135e+00 1.770077e+00 8.377307e-02 -3.038505e-04 -3.075376e-04 -2.559927e-04 -2.895650e-04
 7893.570658 7.580952e-01 1.973028e+00 1.841592e+00 8.358036e-02 -3.032374e-04 -3.016494e-04 -2.696826e-04 -2.903011e-04
 7895.698201 7.525789e-01 1.959578e+00 1.896579e+00 8.163953e-02 -2.999400e-04 -2.968407e-04 -2.561562e-04 -2.854509e-04
 7897.837935 7.577919e-01 1.975130e+00 1.960585e+00 8.304503e-02 -3.024802e-04 -2.951937e-04 -2.485893e-04 -2.840313e-04
 7899.989862 7.581824e-01 1.977443e+00 1.987785e+00 8.290166e-02 -3.100003e-04 -3.019577e-04 -2.543234e-04 -2.923170e-04
 7902.153981 7.582921e-01 1.978839e+00 1.989041e+00 8.396753e-02 -3.114063e-04 -2.894912e-04 -2.522179e-04 -2.901641e-04
 7904.330291 7.577266e-01 1.979594e+00 1.968363e+00 8.270607e-02 -3.175465e-04 -2.871750e-04 -2.525430e-04 -2.813117e-04
 7906.518794 7.567143e-01 1.978518e+00 1.935627e+00 8.275596e-02 -3.099966e-04 -2.924619e-04 -2.605774e-04 -2.902377e-04
 7908.719488 7.570429e-01 1.980632e+00 1.903928e+00 8.361199e-02 -2.965004e-04 -2.853427e-04 -2.586474e-04 -2.720610e-04
 7910.932374 7.565486e-01 1.981197e+00 1.873132e+00 8.329300e-02 -2.997422e-04 -2.875683e-04 -2.618073e-04 -2.805302e-04
 7913.157453 7.565204e-01 1.982498e+00 1.847228e+00 8.341534e-02 -2.992876e-04 -2.842907e-04 -2.557473e-04 -2.784276e-04
 7915.394723 7.559942e-01 1.982216e+00 1.827089e+00 8.300156e-02 -3.103192e-04 -2.882567e-04 -2.645439e-04 -2.763142e-04
 7917.644185 7.556756e-01 1.983439e+00 1.815620e+00 8.337504e-02 -3.080911e-04 -2.865217e-04 -2.421824e-04 -2.690611e-04
 7919.905838 7.550836e-01 1.983515e+00 1.809894e+00 8.382199e-02 -3.127848e-04 -2.787311e-04 -2.371634e-04 -2.732179e-04
 7922.179684 7.547312e-01 1.983992e+00 1.810062e+00 8.341994e-02 -3.009903e-04 -2.815533e-04 -2.428749e-04 -2.757875e-04
 7924.465722 7.543255e-01 1.984822e+00 1.814729e+00 8.348000e-02 -2.917861e-04 -2.847697e-04 -2.483092e-04 -2.718863e-04
 7926.763952 7.541027e-01 1.985671e+00 1.821262e+00 8.401692e-02 -2.978512e-04 -2.844978e-04 -2.551103e-04 -2.727651e-04
 7929.074373 7.532818e-01 1.985064e+00 1.829598e+00 8.336644e-02 -3.000026e-04 -2.830182e-04 -2.675759e-04 -2.820154e-04
 7931.396987 7.536575e-01 1.987143e+00 1.843024e+00 8.483804e-02 -3.030088e-04 -2.911104e-04 -2.665743e-04 -2.730532e-04
 7933.731792 7.523321e-01 1.985733e+00 1.857161e+00 8.264998e-02 -3.057373e-04 -2.867054e-04 -2.602550e-04 -2.706206e-04
 7936.078789 7.520446e-01 1.986556e+00 1.870726e+00 8.455337e-02 -3.134709e-04 -2.865864e-04 -2.651088e-04 -2.744269e-04
 7938.437978 7.443857e-01 1.967937e+00 1.858196e+00 8.336292e-02 -3.199294e-04 -2.900697e-04 -2.632747e-04 -2.728625e-04
 7940.809359 7.441496e-01 1.968741e+00 1.850633e+00 8.343852e-02 -3.116657e-04 -2.844267e-04 -2.553834e-04 -2.678890e-04
 7943.192932 7.522460e-01 1.991683e+00 1.848634e+00 8.323200e-02 -3.067327e-04 -2.895654e-04 -2.527045e-04 -2.693797e-04
 7945.588697 7.523480e-01 1.993716e+00 1.821300e+00 8.456357e-02 -3.080078e-04 -2.941042e-04 -2.523564e-04 -2.694263e-04
 7947.996654 7.509381e-01 1.991435e+00 1.790965e+00 8.395338e-02 -3.104883e-04 -2.891553e-04 -2.514334e-04 -2.640233e-04
 7950.416803 7.505923e-01 1.992365e+00 1.769070e+00 8.411170e-02 -3.126227e-04 -2.938405e-04 -2.588503e-04 -2.636426e-04
 7952.849143 7.501248e-01 1.993095e+00 1.750267e+00 8.504591e-02 -3.176699e-04 -2.951548e-04 -2.673476e-04 -2.734812e-04
 7955.293676 7.503612e-01 1.995297e+00 1.737224e+00 8.431552e-02 -3.169474e-04 -2.928792e-04 -2.612668e-04 -2.702452e-04
 7957.750400 7.491975e-01 1.993811e+00 1.728788e+00 8.400020e-02 -3.182107e-04 -2.837096e-04 -2.647010e-04 -2.673088e-04
 7960.219317 7.493304e-01 1.995756e+00 1.732914e+00 8.389571e-02 -3.138200e-04 -2.754064e-04 -2.574617e-04 -2.898993e-04
 7962.700425 7.488813e-01 1.996148e+00 1.745441e+00 8.477006e-02 -3.114424e-04 -2.767528e-04 -2.598325e-04 -3.038010e-04
 7965.193725 7.483837e-01 1.996626e+00 1.770611e+00 8.440481e-02 -3.133985e-04 -2.843170e-04 -2.647560e-04 -3.141249e-04
 7967.699217 7.479454e-01 1.997760e+00 1.805916e+00 8.483542e-02 -3.161159e-04 -2.838351e-04 -2.632147e-04 -3.249490e-04
 7970.216901 7.475632e-01 1.997802e+00 1.846080e+00 8.512822e-02 -3.159149e-04 -2.718641e-04 -2.671566e-04 -3.260005e-04
 7972.746777 7.471395e-01 1.998486e+00 1.889005e+00 8.461169e-02 -3.215775e-04 -2.815942e-04 -2.769822e-04 -3.346348e-04
 7975.288845 7.462658e-01 1.997912e+00 1.928083e+00 8.469360e-02 -3.168021e-04 -2.996526e-04 -2.859617e-04 -3.288659e-04
 7977.843105 7.460507e-01 1.999560e+00 1.962208e+00 8.445695e-02 -3.207313e-04 -2.985663e-04 -2.836136e-04 -3.287084e-04
 7980.409556 7.445243e-01 1.997066e+00 1.983519e+00 8.467604e-02 -3.198035e-04 -3.000274e-04 -2.867729e-04 -3.312645e-04
 7982.988200 7.442102e-01 1.997266e+00 1.999040e+00 8.464696e-02 -3.183702e-04 -3.067066e-04 -2.665462e-04 -3.360196e-04
 7985.579035 7.376839e-01 1.982170e+00 1.995094e+00 8.439788e-02 -3.168438e-04 -3.054461e-04 -2.702835e-04 -3.332120e-04
 7988.182062 7.425934e-01 1.996771e+00 2.017995e+00 8.535146e-02 -3.235703e-04 -2.976764e-04 -2.586852e-04 -3.301039e-04
 7990.797282 7.417879e-01 1.996411e+00 2.025366e+00 8.526910e-02 -3.302722e-04 -2.963321e-04 -2.655986e-04 -3.485414e-04
 7993.424693 7.411839e-01 1.996401e+00 2.032774e+00 8.486702e-02 -3.234794e-04 -2.921757e-04 -2.554296e-04 -3.398313e-04
 7996.064296 7.422350e-01 2.001310e+00 2.045506e+00 8.524961e-02 -3.128813e-04 -3.037553e-04 -2.436451e-04 -3.352903e-04
 7998.716091 7.407792e-01 1.998904e+00 2.049457e+00 8.434064e-02 -3.206842e-04 -3.105244e-04 -2.454774e-04 -3.389736e-04
 8001.380078 7.407576e-01 2.001072e+00 2.057216e+00 8.586871e-02 -3.140454e-04 -3.155114e-04 -2.582872e-04 -3.412936e-04
 8004.056256 7.392410e-01 1.998339e+00 2.054677e+00 8.440221e-02 -3.112554e-04 -3.092721e-04 -2.614430e-04 -3.483502e-04
 8006.744627 7.406695e-01 2.003992e+00 2.057300e+00 8.571840e-02 -3.092167e-04 -3.024982e-04 -2.602764e-04 -3.387810e-04
 8009.445190 7.378685e-01 1.998214e+00 2.046055e+00 8.465842e-02 -3.055531e-04 -2.973720e-04 -2.547161e-04 -3.437926e-04
 8012.157944 7.384334e-01 2.001673e+00 2.042692e+00 8.467196e-02 -3.101015e-04 -3.010394e-04 -2.678542e-04 -3.383057e-04
 8014.882891 7.379729e-01 2.001835e+00 2.034753e+00 8.495100e-02 -3.067901e-04 -2.981470e-04 -2.677951e-04 -3.368235e-04
 8017.620029 7.384562e-01 2.005047e+00 2.030313e+00 8.524576e-02 -3.086961e-04 -2.977854e-04 -2.642397e-04 -3.289106e-04
 8020.369359 7.371793e-01 2.003257e+00 2.024853e+00 8.532192e-02 -2.982076e-04 -3.031067e-04 -2.555281e-04 -3.303497e-04
 8023.130881 7.358059e-01 2.001532e+00 2.018947e+00 8.525283e-02 -2.938468e-04 -3.057773e-04 -2.648414e-04 -3.362174e-04
 8025.904595 7.364075e-01 2.005496e+00 2.021482e+00 8.531623e-02 -2.977439e-04 -3.083954e-04 -2.665294e-04 -3.408086e-04
 8028.690501 7.334878e-01 1.998721e+00 2.010924e+00 8.458363e-02 -3.051739e-04 -3.055962e-04 -2.729003e-04 -3.366630e-04
 8031.488599 7.338131e-01 2.001198e+00 2.010479e+00 8.646900e-02 -2.964355e-04 -3.075713e-04 -2.588602e-04 -3.405160e-04
 8034.298889 7.332196e-01 2.001371e+00 2.004182e+00 8.505517e-02 -2.992313e-04 -3.127427e-04 -2.618327e-04 -3.349853e-04
 8037.121371 7.339716e-01 2.004536e+00 1.999081e+00 8.473824e-02 -3.080809e-04 -3.095497e-04 -2.668893e-04 -3.321946e-04
 8039.956044 7.319360e-01 2.000584e+00 1.987192e+00 8.531551e-02 -3.133445e-04 -3.038883e-04 -2.634315e-04 -3.128706e-04
 8042.802910 7.328520e-01 2.004534e+00 1.986034e+00 8.533956e-02 -3.133148e-04 -3.138888e-04 -2.778048e-04 -2.907816e-04
 8045.661967 7.308768e-01 2.001333e+00 1.983742e+00 8.573481e-02 -3.121006e-04 -3.126248e-04 -2.737177e-04 -2.888207e-04
 8048.533217 7.303317e-01 2.002039e+00 1.989609e+00 8.521972e-02 -3.110958e-04 -3.119488e-04 -2.835960e-04 -2.888098e-04
 8051.416658 7.297790e-01 2.002355e+00 2.000863e+00 8.582503e-02 -3.164892e-04 -3.081929e-04 -2.661435e-04 -2.864592e-04
 8054.312291 7.221838e-01 1.984117e+00 1.997268e+00 8.362248e-02 -3.133843e-04 -2.918832e-04 -2.710634e-04 -3.025748e-04
 8057.220116 7.085886e-01 1.948605e+00 1.980861e+00 8.400879e-02 -3.170226e-04 -2.932924e-04 -2.683060e-04 -2.936800e-04
 8060.140133 7.302835e-01 2.009707e+00 2.063859e+00 8.405163e-02 -3.115063e-04 -2.946745e-04 -2.608360e-04 -2.886794e-04
 8063.072342 7.316798e-01 2.015639e+00 2.090927e+00 8.617747e-02 -3.075902e-04 -3.051671e-04 -2.488095e-04 -2.926720e-04
 8066.016743 7.305678e-01 2.014620e+00 2.106620e+00 8.544461e-02 -3.074900e-04 -3.095781e-04 -2.652726e-04 -2.919251e-04
 8068.973335 7.287204e-01 2.011267e+00 2.114268e+00 8.554516e-02 -3.122244e-04 -3.006767e-04 -2.627580e-04 -2.882224e-04
 8071.942120 7.293140e-01 2.015190e+00 2.123784e+00 8.533386e-02 -3.087054e-04 -2.888659e-04 -2.515400e-04 -3.078030e-04
 8074.923096 7.283303e-01 2.014248e+00 2.126116e+00 8.593599e-02 -3.084646e-04 -2.891024e-04 -2.511843e-04 -3.308104e-04
 8077.916265 7.289377e-01 2.017746e+00 2.136482e+00 8.614387e-02 -3.064494e-04 -2.841498e-04 -2.573922e-04 -3.291935e-04
 8080.921625 7.279109e-01 2.016754e+00 2.146590e+00 8.568148e-02 -3.092777e-04 -2.904597e-04 -2.531535e-04 -2.900741e-04
 8083.939177 7.273322e-01 2.016969e+00 2.163589e+00 8.630134e-02 -3.178076e-04 -2.960919e-04 -2.626900e-04 -2.811212e-04
 8086.968921 7.269780e-01 2.018083e+00 2.186059e+00 8.736406e-02 -3.153029e-04 -2.916191e-04 -2.715891e-04 -2.730382e-04
 8090.010858 7.237976e-01 2.011459e+00 2.196371e+00 8.640406e-02 -3.099712e-04 -2.822297e-04 -2.787630e-04 -2.713229e-04
 8093.064985 7.056336e-01 1.963088e+00 2.154284e+00 8.420259e-02 -3.109818e-04 -2.651738e-04 -2.731722e-04 -2.771483e-04
 8096.131305 7.223573e-01 2.011160e+00 2.214045e+00 8.598836e-02 -3.205090e-04 -2.640312e-04 -2.638079e-04 -2.886433e-04
 8099.209817 7.274237e-01 2.027500e+00 2.238658e+00 8.771482e-02 -3.248416e-04 -2.764021e-04 -2.710057e-04 -2.866836e-04
 8102.300521 7.269439e-01 2.028073e+00 2.243758e+00 8.661487e-02 -3.219727e-04 -2.788234e-04 -2.697495e-04 -2.781265e-04
 8105.403416 7.251948e-01 2.025465e+00 2.246478e+00 8.625434e-02 -3.172463e-04 -2.763564e-04 -2.706782e-04 -2.859319e-04
 8108.518504 7.249591e-01 2.026981e+00 2.252116e+00 8.728517e-02 -3.112181e-04 -2.800619e-04 -2.727905e-04 -2.818928e-04
 8111.645783 7.243564e-01 2.027130e+00 2.254495e+00 8.717517e-02 -3.074286e-04 -2.836402e-04 -2.753161e-04 -2.752742e-04
 8114.785255 7.234611e-01 2.026762e+00 2.255181e+00 8.653357e-02 -3.261715e-04 -2.851945e-04 -2.812611e-04 -2.762181e-04
 8117.936918 7.229789e-01 2.026980e+00 2.255132e+00 8.743135e-02 -3.264757e-04 -2.979220e-04 -2.861385e-04 -2.878295e-04
 8121.100773 7.225857e-01 2.027771e+00 2.255856e+00 8.733560e-02 -3.237631e-04 -2.954565e-04 -2.824949e-04 -2.917468e-04
 8124.276820 7.221215e-01 2.028698e+00 2.253497e+00 8.793195e-02 -3.233015e-04 -2.984147e-04 -2.744545e-04 -2.813053e-04
 8127.465059 7.212745e-01 2.028482e+00 2.252034e+00 8.647634e-02 -3.259330e-04 -3.023115e-04 -2.806586e-04 -2.862174e-04
 8130.665490 7.204209e-01 2.027720e+00 2.249001e+00 8.787577e-02 -3.200431e-04 -3.034424e-04 -2.800201e-04 -2.763948e-04
 8133.878112 7.195254e-01 2.026601e+00 2.247981e+00 8.699622e-02 -3.137320e-04 -2.999400e-04 -2.702202e-04 -2.698085e-04
 8137.102927 7.192505e-01 2.027658e+00 2.249026e+00 8.709441e-02 -3.105397e-04 -2.961075e-04 -2.648245e-04 -2.748808e-04
 8140.339934 7.178043e-01 2.026042e+00 2.247669e+00 8.657722e-02 -3.082731e-04 -2.932659e-04 -2.727472e-04 -2.743331e-04
 8143.589132 7.181330e-01 2.029176e+00 2.250678e+00 8.822588e-02 -3.034866e-04 -2.913594e-04 -2.885606e-04 -2.699453e-04
 8146.850523 7.174621e-01 2.029733e+00 2.252440e+00 8.726311e-02 -3.082915e-04 -2.811417e-04 -2.713221e-04 -2.635734e-04
 8150.124105 7.167640e-01 2.030076e+00 2.255814e+00 8.737436e-02 -3.051922e-04 -2.803746e-04 -2.633450e-04 -2.648238e-04
 8153.409879 7.162059e-01 2.030718e+00 2.262253e+00 8.669357e-02 -3.038981e-04 -2.837468e-04 -2.667078e-04 -2.730020e-04
 8156.707845 7.154541e-01 2.030498e+00 2.269807e+00 8.741332e-02 -3.218429e-04 -2.935982e-04 -2.751665e-04 -2.730086e-04
 8160.018003 7.156305e-01 2.033077e+00 2.284483e+00 8.783226e-02 -3.289944e-04 -2.967102e-04 -2.776194e-04 -2.857096e-04
 8163.340353 7.144596e-01 2.031532e+00 2.297229e+00 8.762892e-02 -3.192722e-04 -2.979601e-04 -2.775984e-04 -2.821110e-04
 8166.674895 7.137225e-01 2.031496e+00 2.312795e+00 8.678046e-02 -3.071325e-04 -2.970714e-04 -2.747219e-04 -2.695065e-04
 8170.021629 7.136962e-01 2.032521e+00 2.326920e+00 8.728242e-02 -2.944760e-04 -2.936798e-04 -2.904058e-04 -2.663394e-04
 8173.380554 7.129367e-01 2.032855e+00 2.338020e+00 8.784620e-02 -2.936307e-04 -2.958970e-04 -2.717757e-04 -2.567881e-04
 8176.751672 7.118945e-01 2.031879e+00 2.346637e+00 8.778302e-02 -2.871436e-04 -3.121883e-04 -2.714498e-04 -2.578732e-04
 8180.134982 7.119755e-01 2.034114e+00 2.355554e+00 8.831596e-02 -2.888285e-04 -3.096191e-04 -2.732417e-04 -2.684083e-04
 8183.530483 7.111961e-01 2.033789e+00 2.360444e+00 8.804721e-02 -2.968835e-04 -3.038965e-04 -2.727477e-04 -2.699657e-04
 8186.938176 7.097170e-01 2.032095e+00 2.364201e+00 8.752621e-02 -3.058245e-04 -3.035231e-04 -2.758904e-04 -2.632377e-04
 8190.358061 7.102388e-01 2.035991e+00 2.374114e+00 8.730841e-02 -3.105123e-04 -2.962384e-04 -2.676368e-04 -2.716289e-04
 8193.790139 7.093169e-01 2.035551e+00 2.381399e+00 8.780172e-02 -3.041939e-04 -2.927338e-04 -2.729940e-04 -2.739032e-04
 8197.234408 7.080691e-01 2.033745e+00 2.389615e+00 8.764648e-02 -2.985125e-04 -2.944250e-04 -2.629094e-04 -2.730876e-04
 8200.690868 7.082787e-01 2.036813e+00 2.404336e+00 8.837785e-02 -2.848163e-04 -2.926644e-04 -2.674585e-04 -2.728877e-04
 8204.159521 7.078451e-01 2.037877e+00 2.417439e+00 8.873280e-02 -2.857683e-04 -2.915840e-04 -2.647048e-04 -2.663788e-04
 8207.640366 7.063849e-01 2.036711e+00 2.426771e+00 8.750186e-02 -2.854310e-04 -2.929162e-04 -2.672042e-04 -2.636833e-04
 8211.133403 7.057501e-01 2.037542e+00 2.437783e+00 8.860942e-02 -2.886435e-04 -2.998327e-04 -2.644302e-04 -2.737877e-04
 8214.638631 7.060716e-01 2.040817e+00 2.449671e+00 8.835661e-02 -2.914773e-04 -3.033471e-04 -2.673644e-04 -2.848522e-04
 8218.156052 7.047862e-01 2.039242e+00 2.458138e+00 8.864246e-02 -2.893005e-04 -3.015761e-04 -2.571619e-04 -2.838885e-04
 8221.685664 7.033710e-01 2.037057e+00 2.465962e+00 8.778475e-02 -2.954144e-04 -2.978319e-04 -2.642992e-04 -2.805295e-04
 8225.227468 7.038640e-01 2.040849e+00 2.478931e+00 8.867737e-02 -3.023927e-04 -3.021064e-04 -2.622641e-04 -2.835518e-04
 8228.781465 7.026357e-01 2.039221e+00 2.484820e+00 8.871726e-02 -2.996697e-04 -3.058803e-04 -2.646507e-04 -2.819054e-04
 8232.347653 7.019636e-01 2.039287e+00 2.491987e+00 8.746515e-02 -2.968060e-04 -3.081112e-04 -2.735957e-04 -2.883451e-04
 8235.926033 7.018019e-01 2.041298e+00 2.499366e+00 8.891585e-02 -3.011676e-04 -3.081277e-04 -2.681607e-04 -2.910713e-04
 8239.516605 7.012806e-01 2.041345e+00 2.502997e+00 8.794070e-02 -3.009003e-04 -3.008715e-04 -2.653440e-04 -3.056380e-04
 8243.119369 6.996714e-01 2.038717e+00 2.501917e+00 8.914160e-02 -3.011988e-04 -3.015450e-04 -2.630966e-04 -2.957646e-04
 8246.734324 6.996167e-01 2.040922e+00 2.507252e+00 8.870629e-02 -2.923227e-04 -2.925050e-04 -2.549829e-04 -2.857046e-04
 8250.361472 6.996887e-01 2.043670e+00 2.511157e+00 8.857439e-02 -2.872887e-04 -2.884456e-04 -2.571394e-04 -2.770603e-04
 8254.000811 6.982887e-01 2.042054e+00 2.508902e+00 8.893205e-02 -2.946270e-04 -2.896328e-04 -2.719669e-04 -2.820315e-04
 8257.652343 6.977560e-01 2.042778e+00 2.508020e+00 8.875488e-02 -2.936222e-04 -2.989167e-04 -2.774757e-04 -2.824892e-04
 8261.316066 6.976815e-01 2.044973e+00 2.510185e+00 8.892402e-02 -3.011036e-04 -3.054730e-04 -2.757736e-04 -2.746135e-04
 8264.991982 6.967463e-01 2.044247e+00 2.510317e+00 8.924080e-02 -2.986684e-04 -3.038997e-04 -2.717891e-04 -2.737805e-04
 8268.680089 6.965579e-01 2.045714e+00 2.514348e+00 8.914632e-02 -2.890715e-04 -2.960453e-04 -2.683949e-04 -2.806520e-04
 8272.380388 6.955830e-01 2.044436e+00 2.520796e+00 8.945300e-02 -2.912357e-04 -2.986959e-04 -2.664384e-04 -2.774648e-04
 8276.092879 6.948098e-01 2.044297e+00 2.531102e+00 8.939874e-02 -2.913942e-04 -2.977442e-04 -2.693911e-04 -2.783915e-04
 8279.817562 6.913474e-01 2.036177e+00 2.533490e+00 8.900019e-02 -2.829175e-04 -3.079546e-04 -2.655123e-04 -2.786095e-04
 8283.554437 6.934341e-01 2.044871e+00 2.556690e+00 8.891484e-02 -2.917394e-04 -2.883403e-04 -2.657562e-04 -2.769228e-04
 8287.303503 6.931927e-01 2.046270e+00 2.568056e+00 8.961457e-02 -2.917904e-04 -2.892581e-04 -2.796485e-04 -2.662169e-04
 8291.064762 6.922142e-01 2.046218e+00 2.580622e+00 8.888104e-02 -2.913695e-04 -2.958066e-04 -2.749937e-04 -2.747156e-04
 8294.838213 6.917632e-01 2.047623e+00 2.592389e+00 8.931287e-02 -2.950897e-04 -2.936356e-04 -2.761867e-04 -2.727778e-04
 8298.623855 6.909271e-01 2.047204e+00 2.601442e+00 8.943743e-02 -2.922887e-04 -2.932567e-04 -2.699467e-04 -2.692557e-04
 8302.421689 6.903529e-01 2.048258e+00 2.611894e+00 8.923125e-02 -2.959942e-04 -2.915101e-04 -2.682944e-04 -2.643278e-04
 8306.231716 6.901972e-01 2.049671e+00 2.621668e+00 8.952059e-02 -2.956757e-04 -2.943126e-04 -2.549581e-04 -2.584231e-04
 8310.053934 6.892599e-01 2.049527e+00 2.629270e+00 8.950366e-02 -2.953016e-04 -2.905130e-04 -2.510003e-04 -2.677680e-04
 8313.888344 6.879701e-01 2.048240e+00 2.635773e+00 8.943504e-02 -2.892179e-04 -2.907905e-04 -2.555258e-04 -2.671045e-04
 8317.734946 6.876817e-01 2.049676e+00 2.646072e+00 8.976884e-02 -2.961974e-04 -2.888641e-04 -2.563299e-04 -2.716555e-04
 8321.593740 6.870310e-01 2.050374e+00 2.655697e+00 9.029293e-02 -2.993371e-04 -2.919177e-04 -2.571746e-04 -2.719537e-04
 8325.464726 6.863096e-01 2.050445e+00 2.663585e+00 8.965441e-02 -2.926820e-04 -2.871041e-04 -2.522741e-04 -2.660413e-04
 8329.347903 6.854999e-01 2.050076e+00 2.670571e+00 9.009330e-02 -2.951318e-04 -2.855253e-04 -2.516187e-04 -2.716252e-04
 8333.243273 6.848625e-01 2.051137e+00 2.680148e+00 8.910212e-02 -2.953019e-04 -2.786451e-04 -2.517455e-04 -2.697028e-04
 8337.150835 6.840017e-01 2.050698e+00 2.687646e+00 8.932996e-02 -2.817769e-04 -2.788329e-04 -2.508769e-04 -2.672460e-04
 8341.070588 6.825866e-01 2.048646e+00 2.694328e+00 9.034655e-02 -2.834165e-04 -2.923162e-04 -2.542276e-04 -2.718031e-04
 8345.002533 6.821925e-01 2.049421e+00 2.703287e+00 8.946023e-02 -2.905360e-04 -2.931517e-04 -2.453373e-04 -2.655933e-04
 8348.946671 6.812047e-01 2.048680e+00 2.710052e+00 8.965012e-02 -2.967588e-04 -3.031529e-04 -2.460872e-04 -2.665826e-04
 8352.903000 6.799278e-01 2.047087e+00 2.716795e+00 8.996174e-02 -3.037159e-04 -3.041723e-04 -2.463922e-04 -2.635387e-04
 8356.871521 6.794394e-01 2.047976e+00 2.725557e+00 8.994568e-02 -3.079474e-04 -2.952541e-04 -2.397435e-04 -2.758296e-04
 8360.852234 6.784597e-01 2.047212e+00 2.731460e+00 8.996558e-02 -2.978730e-04 -2.867170e-04 -2.472731e-04 -2.858961e-04
 8364.845139 6.777903e-01 2.048065e+00 2.739340e+00 8.910629e-02 -3.016853e-04 -2.901006e-04 -2.437252e-04 -2.890093e-04
 8368.850236 6.770995e-01 2.048661e+00 2.747234e+00 8.990297e-02 -2.954479e-04 -2.935886e-04 -2.518271e-04 -2.855922e-04
 8372.867524 6.763375e-01 2.048676e+00 2.753647e+00 9.011509e-02 -2.904827e-04 -2.843087e-04 -2.484053e-04 -2.845149e-04
 8376.897005 6.767093e-01 2.051994e+00 2.763591e+00 9.023305e-02 -2.980941e-04 -2.854424e-04 -2.519487e-04 -2.891593e-04
 8380.938678 6.752991e-01 2.049997e+00 2.765992e+00 9.039845e-02 -3.053931e-04 -2.868756e-04 -2.642369e-04 -2.870279e-04
 8384.992542 6.748922e-01 2.051221e+00 2.774246e+00 9.017494e-02 -2.940693e-04 -2.954554e-04 -2.638500e-04 -2.821631e-04
 8389.058598 6.739043e-01 2.050430e+00 2.778614e+00 9.025170e-02 -2.973477e-04 -2.927180e-04 -2.523101e-04 -2.793408e-04
 8393.136847 6.728892e-01 2.049906e+00 2.783549e+00 9.037197e-02 -3.009656e-04 -2.878336e-04 -2.639389e-04 -2.884574e-04
 8397.227287 6.714266e-01 2.047576e+00 2.786790e+00 9.032702e-02 -2.985048e-04 -2.910329e-04 -2.595124e-04 -2.821271e-04
 8401.329919 6.713568e-01 2.049513e+00 2.796931e+00 9.010435e-02 -3.020631e-04 -2.884754e-04 -2.648960e-04 -2.740204e-04
 8405.444743 6.706821e-01 2.049733e+00 2.804217e+00 9.034738e-02 -2.967950e-04 -2.870004e-04 -2.609125e-04 -2.752782e-04
 8409.571759 6.703159e-01 2.050778e+00 2.812384e+00 9.074338e-02 -2.894699e-04 -2.981146e-04 -2.637971e-04 -2.744101e-04
 8413.710967 6.685287e-01 2.047953e+00 2.816753e+00 9.057862e-02 -2.882516e-04 -2.982001e-04 -2.567012e-04 -2.761661e-04
 8417.862366 6.686165e-01 2.050114e+00 2.828984e+00 9.005283e-02 -2.908748e-04 -2.934361e-04 -2.611513e-04 -2.739169e-04
 8422.025958 6.679439e-01 2.050783e+00 2.838294e+00 9.050720e-02 -2.935418e-04 -2.940105e-04 -2.641982e-04 -2.846157e-04
 8426.201742 6.678618e-01 2.052735e+00 2.849358e+00 9.071724e-02 -3.026959e-04 -2.942998e-04 -2.633114e-04 -2.879621e-04
 8430.389717 6.664633e-01 2.050852e+00 2.856098e+00 9.112043e-02 -3.090973e-04 -2.952146e-04 -2.581212e-04 -2.858916e-04
 8434.589884 6.662279e-01 2.052341e+00 2.866907e+00 9.114352e-02 -3.004967e-04 -2.952967e-04 -2.611963e-04 -2.838706e-04
 8438.802244 6.652641e-01 2.051652e+00 2.875250e+00 9.077310e-02 -2.934658e-04 -2.993548e-04 -2.586460e-04 -2.822450e-04
 8443.026795 6.645076e-01 2.052024e+00 2.884224e+00 9.079615e-02 -2.942719e-04 -3.019482e-04 -2.570580e-04 -2.865426e-04
 8447.263538 6.641355e-01 2.053409e+00 2.894854e+00 9.099294e-02 -2.976743e-04 -3.070393e-04 -2.440851e-04 -2.719630e-04
 8451.512473 6.628403e-01 2.051687e+00 2.903405e+00 9.098712e-02 -3.024762e-04 -2.982387e-04 -2.419166e-04 -2.746821e-04
 8455.773600 6.622694e-01 2.053013e+00 2.914912e+00 9.116074e-02 -3.032174e-04 -2.960935e-04 -2.404765e-04 -2.816212e-04
 8460.046919 6.615938e-01 2.052759e+00 2.923077e+00 9.066582e-02 -3.136127e-04 -3.000425e-04 -2.401827e-04 -2.680636e-04
 8464.332429 6.608232e-01 2.052886e+00 2.932528e+00 9.080523e-02 -3.149196e-04 -2.966725e-04 -2.463888e-04 -2.602087e-04
 8468.630132 6.599824e-01 2.052515e+00 2.940778e+00 9.111735e-02 -3.087231e-04 -2.845387e-04 -2.471229e-04 -2.595579e-04
 8472.940026 6.594445e-01 2.053350e+00 2.951356e+00 9.103054e-02 -3.048823e-04 -2.898755e-04 -2.447744e-04 -2.725063e-04
 8477.262113 6.587228e-01 2.053739e+00 2.961219e+00 9.143601e-02 -3.017999e-04 -2.953019e-04 -2.439611e-04 -2.737503e-04
 8481.596391 6.581594e-01 2.054262e+00 2.970971e+00 9.137524e-02 -3.055340e-04 -2.989309e-04 -2.451337e-04 -2.757814e-04
 8485.942861 6.570927e-01 2.053156e+00 2.978797e+00 9.131425e-02 -2.976556e-04 -3.060469e-04 -2.481633e-04 -2.776238e-04
 8490.301524 6.565534e-01 2.053923e+00 2.990302e+00 9.131205e-02 -2.945105e-04 -3.058686e-04 -2.480840e-04 -2.880027e-04
 8494.672378 6.550964e-01 2.052102e+00 2.995651e+00 9.129772e-02 -2.956834e-04 -2.995579e-04 -2.440031e-04 -2.796575e-04
 8499.055424 6.543701e-01 2.051901e+00 3.004810e+00 9.186901e-02 -2.942115e-04 -2.915870e-04 -2.433659e-04 -2.683317e-04
 8503.450662 6.532371e-01 2.050964e+00 3.011288e+00 9.151226e-02 -2.917775e-04 -2.977474e-04 -2.469880e-04 -2.720488e-04
 8507.858091 6.521986e-01 2.050156e+00 3.018948e+00 9.167489e-02 -3.001862e-04 -3.041723e-04 -2.460344e-04 -2.822528e-04
 8512.277713 6.503687e-01 2.046781e+00 3.021316e+00 9.157880e-02 -3.023231e-04 -3.092252e-04 -2.577286e-04 -2.906600e-04
 8516.709527 6.387718e-01 2.012753e+00 2.978124e+00 9.021555e-02 -3.058032e-04 -3.140753e-04 -2.584880e-04 -2.904473e-04
 8521.153532 5.897161e-01 1.860926e+00 2.760860e+00 8.356627e-02 -3.060139e-04 -3.088278e-04 -2.618432e-04 -2.852628e-04
 8525.609730 6.440353e-01 2.034087e+00 3.024527e+00 9.026692e-02 -3.075635e-04 -3.046796e-04 -2.600710e-04 -2.816684e-04
 8530.078119 6.502393e-01 2.055602e+00 3.063434e+00 9.171976e-02 -3.049114e-04 -3.114981e-04 -2.609392e-04 -2.754033e-04
 8534.558700 6.496320e-01 2.056112e+00 3.072591e+00 9.169485e-02 -2.989994e-04 -3.106840e-04 -2.674914e-04 -2.791917e-04
 8539.051473 6.487319e-01 2.055510e+00 3.079638e+00 9.233820e-02 -2.950071e-04 -3.055095e-04 -2.600538e-04 -2.983339e-04
 8543.556438 6.478108e-01 2.054943e+00 3.087730e+00 9.198367e-02 -2.867125e-04 -3.105369e-04 -2.545600e-04 -2.742052e-04
 8548.073595 6.471109e-01 2.054618e+00 3.096797e+00 9.199604e-02 -2.884837e-04 -3.106099e-04 -2.599643e-04 -2.766358e-04
 8552.602944 6.462903e-01 2.054396e+00 3.105037e+00 9.241398e-02 -2.986924e-04 -3.094331e-04 -2.655756e-04 -2.840045e-04
 8557.144485 6.451189e-01 2.053045e+00 3.111563e+00 9.188377e-02 -2.929611e-04 -3.093886e-04 -2.611579e-04 -2.855152e-04
 8561.698218 6.442762e-01 2.052693e+00 3.119036e+00 9.186021e-02 -2.876037e-04 -3.098359e-04 -2.629336e-04 -2.811705e-04
 8566.264142 6.431633e-01 2.051900e+00 3.126335e+00 9.207125e-02 -2.892059e-04 -3.106625e-04 -2.606719e-04 -2.769224e-04
 8570.842259 6.425441e-01 2.052463e+00 3.134868e+00 9.222949e-02 -2.865767e-04 -2.971591e-04 -2.612912e-04 -2.646093e-04
 8575.432567 6.416374e-01 2.052249e+00 3.142834e+00 9.200007e-02 -2.753604e-04 -2.950000e-04 -2.588320e-04 -2.772263e-04
 8580.035068 6.407122e-01 2.051708e+00 3.151054e+00 9.229662e-02 -2.754547e-04 -2.976592e-04 -2.549894e-04 -2.805194e-04
 8584.649760 6.396703e-01 2.050606e+00 3.158685e+00 9.217765e-02 -2.803782e-04 -3.004325e-04 -2.488840e-04 -2.888278e-04
 8589.276644 6.385284e-01 2.049261e+00 3.165759e+00 9.220676e-02 -2.838432e-04 -3.036644e-04 -2.421690e-04 -2.847329e-04
 8593.915720 6.371829e-01 2.047572e+00 3.173003e+00 9.203655e-02 -2.817752e-04 -3.075251e-04 -2.407910e-04 -2.778381e-04
 8598.566988 6.355000e-01 2.044826e+00 3.178698e+00 9.160798e-02 -2.816406e-04 -3.073211e-04 -2.477400e-04 -2.855285e-04
 8603.230448 6.337252e-01 2.041450e+00 3.183270e+00 9.190324e-02 -2.754962e-04 -2.972351e-04 -2.624822e-04 -2.874898e-04
 8607.906100 6.310253e-01 2.034813e+00 3.182077e+00 9.196395e-02 -2.753448e-04 -3.035427e-04 -2.624277e-04 -2.801361e-04
 8612.593943 6.218536e-01 2.007351e+00 3.148705e+00 9.083259e-02 -2.796977e-04 -3.090146e-04 -2.687188e-04 -2.768236e-04
 8617.293979 5.651853e-01 1.827141e+00 2.875379e+00 8.259293e-02 -2.872943e-04 -3.052496e-04 -2.644395e-04 -2.806722e-04
 8622.006206 6.284486e-01 2.033192e+00 3.208249e+00 9.158302e-02 -2.886260e-04 -3.035337e-04 -2.627106e-04 -2.784884e-04
 8626.730626 6.408933e-01 2.076201e+00 3.285134e+00 9.371041e-02 -2.919948e-04 -3.003062e-04 -2.632902e-04 -2.804612e-04
 8631.467237 6.378778e-01 2.068848e+00 3.283760e+00 9.355072e-02 -3.014703e-04 -3.053593e-04 -2.534066e-04 -2.752558e-04
 8636.216040 6.358585e-01 2.064707e+00 3.287193e+00 9.354741e-02 -3.060239e-04 -3.054961e-04 -2.592365e-04 -2.763806e-04
 8640.977036 6.343474e-01 2.062094e+00 3.292582e+00 9.317442e-02 -2.992838e-04 -3.025315e-04 -2.635424e-04 -2.696584e-04
 8645.750223 6.333180e-01 2.060265e+00 3.299343e+00 9.302232e-02 -2.944004e-04 -3.002953e-04 -2.627669e-04 -2.686369e-04
 8650.535602 6.321275e-01 2.058657e+00 3.306994e+00 9.325611e-02 -2.881756e-04 -3.049125e-04 -2.599870e-04 -2.820056e-04
 8655.333172 6.310702e-01 2.058698e+00 3.316910e+00 9.346489e-02 -2.892454e-04 -3.096408e-04 -2.588328e-04 -2.703331e-04
 8660.142935 6.300443e-01 2.057418e+00 3.324676e+00 9.342528e-02 -2.923704e-04 -3.119811e-04 -2.592150e-04 -2.710026e-04
 8664.964890 6.289209e-01 2.055203e+00 3.330508e+00 9.354970e-02 -2.914874e-04 -3.011931e-04 -2.626397e-04 -2.705482e-04
 8669.799037 6.150489e-01 2.011232e+00 3.268494e+00 9.147015e-02 -2.824308e-04 -2.950214e-04 -2.657149e-04 -2.841663e-04
 8674.645375 2.380864e-01 7.787963e-01 1.268178e+00 3.542967e-02 -1.074515e-04 -1.121069e-04 -9.978525e-05 -1.091111e-04
