# Facility: NSLS-II
# Beamline: QAS
# Year: 2022
# Cycle: 2
# SAF: 309337
# PI: Li
# Proposal: 309890
# Scan ID: 25068
# UID: 174d9a92-eec3-4924-a832-096457c5c656
# Comment: 
# Start time: 06/09/2022  18:11:29
# Stop time: 06/09/2022  18:12:01
# Total time: 00:31
# Trajectory name: Co-30s-7709.txt
# Element: Cobalt ( 27)
# Edge: K
# E0: 7709
# Reference Foil Element: Co
# Keithley Gains I0: 1E7 V/A It: 1E7 V/A Iref: 1E8 V/A PIPS: 1E8 V/A 
# Ion Chamber Gas Flow Rates: I0: 149.80 sccm He + 349.90 sccm N2 + 0.00 sccm Ar 
# Ion Chamber Gas Flow Rates: It&Iref: 399.60 sccm N2 + 100.10 sccm Ar
# Incident Beam Path Vertical: -27.48 mm
# Incident Slits Positions B: TOP: 1.0 mm Bottom: -1.0 mm Inboard: -1.5 mm Outboard: 1.5 mm
# Sample Stage Positions: Rotation: 45.0 deg Horizontal: -1.00 mm Vertical: 21.98 mm Beam Direction: 0.00 mm
# PerkinElmer Vertical Position: 500.00 mm
# Front End Mirror Horizontal Positions: Up: 14.00 mm Down: 14.00 mm
#
# energy  i0  it  ir  iff  aux1  aux2  aux3  aux4
 7518.874066 4.317068e-01 1.074696e+00 2.897556e+00 3.778947e-02 -1.708843e-04 -1.633091e-04 -1.351848e-04 -1.313111e-04
 7523.874066 8.536993e-01 2.128234e+00 5.747085e+00 7.480780e-02 -3.370831e-04 -3.285828e-04 -2.733677e-04 -2.612734e-04
 7528.874066 8.614673e-01 2.152275e+00 5.827277e+00 7.576984e-02 -3.503970e-04 -3.215311e-04 -2.747714e-04 -2.715508e-04
 7533.874066 8.602607e-01 2.154146e+00 5.846421e+00 7.577579e-02 -3.544513e-04 -3.198573e-04 -2.657387e-04 -3.039729e-04
 7538.874066 8.591802e-01 2.155938e+00 5.866599e+00 7.600870e-02 -3.566975e-04 -3.250025e-04 -2.618126e-04 -2.989795e-04
 7543.874066 8.588630e-01 2.159546e+00 5.890852e+00 7.599283e-02 -3.613050e-04 -3.346821e-04 -2.645832e-04 -2.970638e-04
 7548.874066 8.582713e-01 2.162928e+00 5.914478e+00 7.612704e-02 -3.566216e-04 -3.337263e-04 -2.751085e-04 -3.054962e-04
 7553.874066 8.568592e-01 2.163925e+00 5.930496e+00 7.625502e-02 -3.537947e-04 -3.240819e-04 -2.692485e-04 -2.941082e-04
 7558.874066 8.555596e-01 2.164977e+00 5.947967e+00 7.632015e-02 -3.469538e-04 -3.250517e-04 -2.694025e-04 -2.944699e-04
 7563.874066 8.545236e-01 2.167577e+00 5.970026e+00 7.640185e-02 -3.416554e-04 -3.280609e-04 -2.728107e-04 -2.893425e-04
 7568.874066 8.544014e-01 2.172103e+00 5.996594e+00 7.656952e-02 -3.512439e-04 -3.238629e-04 -2.724001e-04 -2.972061e-04
 7573.874066 8.536004e-01 2.174708e+00 6.018904e+00 7.665501e-02 -3.554075e-04 -3.276118e-04 -2.733970e-04 -3.034788e-04
 7578.874066 8.522881e-01 2.175950e+00 6.038443e+00 7.670452e-02 -3.543631e-04 -3.226503e-04 -2.679123e-04 -2.893487e-04
 7583.874066 8.514714e-01 2.178011e+00 6.060558e+00 7.670409e-02 -3.536200e-04 -3.173756e-04 -2.749990e-04 -2.639992e-04
 7588.874066 8.503302e-01 2.179437e+00 6.082062e+00 7.675771e-02 -3.529415e-04 -3.236847e-04 -2.727014e-04 -2.521003e-04
 7593.874066 8.494227e-01 2.181585e+00 6.102808e+00 7.685594e-02 -3.486527e-04 -3.184819e-04 -2.738287e-04 -2.386429e-04
 7598.874066 8.469542e-01 2.180108e+00 6.113284e+00 7.680240e-02 -3.503757e-04 -3.111486e-04 -2.752549e-04 -2.461222e-04
 7603.874066 8.465800e-01 2.184198e+00 6.139562e+00 7.700711e-02 -3.465607e-04 -3.048713e-04 -2.664987e-04 -2.432931e-04
 7608.874066 8.467410e-01 2.189989e+00 6.169942e+00 7.750030e-02 -3.463672e-04 -3.044075e-04 -2.642641e-04 -2.516661e-04
 7613.874066 8.462704e-01 2.193785e+00 6.194400e+00 7.734380e-02 -3.478351e-04 -3.064914e-04 -2.652850e-04 -2.512022e-04
 7618.874066 8.458245e-01 2.197559e+00 6.218694e+00 7.757993e-02 -3.498598e-04 -3.242288e-04 -2.627768e-04 -2.545887e-04
 7623.874066 8.448741e-01 2.200082e+00 6.241228e+00 7.766064e-02 -3.483879e-04 -3.287669e-04 -2.662762e-04 -2.616432e-04
 7628.874066 8.435828e-01 2.201412e+00 6.260159e+00 7.790415e-02 -3.576819e-04 -3.262350e-04 -2.698418e-04 -2.638019e-04
 7633.874066 8.427038e-01 2.203774e+00 6.280294e+00 7.780074e-02 -3.609529e-04 -3.221562e-04 -2.548707e-04 -2.647572e-04
 7638.874066 8.421580e-01 2.206858e+00 6.304149e+00 7.786862e-02 -3.496347e-04 -3.188071e-04 -2.609797e-04 -2.503077e-04
 7643.874066 8.413439e-01 2.209153e+00 6.326561e+00 7.783397e-02 -3.532296e-04 -3.254953e-04 -2.571347e-04 -2.452885e-04
 7648.874066 8.398235e-01 2.209943e+00 6.342411e+00 7.806378e-02 -3.545624e-04 -3.212519e-04 -2.605287e-04 -2.535637e-04
 7653.874066 8.382632e-01 2.210695e+00 6.356227e+00 7.810234e-02 -3.488829e-04 -3.219024e-04 -2.585487e-04 -2.514240e-04
 7658.874066 8.389585e-01 2.217700e+00 6.388267e+00 7.832649e-02 -3.536950e-04 -3.186856e-04 -2.593882e-04 -2.393980e-04
 7663.874066 8.375167e-01 2.218632e+00 6.404965e+00 7.848792e-02 -3.685468e-04 -3.113939e-04 -2.621596e-04 -2.434077e-04
 7668.874066 8.368646e-01 2.221544e+00 6.425421e+00 7.861226e-02 -3.694042e-04 -3.131565e-04 -2.582472e-04 -2.541345e-04
 7673.874066 8.362775e-01 2.224748e+00 6.445149e+00 7.854651e-02 -3.608636e-04 -3.144105e-04 -2.659718e-04 -2.471990e-04
 7679.000000 8.347875e-01 2.225717e+00 6.457742e+00 7.864603e-02 -3.633371e-04 -3.167855e-04 -2.750780e-04 -2.431453e-04
 7680.000000 8.346449e-01 2.226183e+00 6.461807e+00 7.903686e-02 -3.626252e-04 -3.120108e-04 -2.747146e-04 -2.493863e-04
 7681.000000 8.335864e-01 2.224568e+00 6.458716e+00 7.825318e-02 -3.557916e-04 -3.134483e-04 -2.648087e-04 -2.528759e-04
 7682.000000 8.318678e-01 2.220659e+00 6.448134e+00 7.800442e-02 -3.632154e-04 -3.141843e-04 -2.598516e-04 -2.432187e-04
 7683.000000 8.214850e-01 2.193368e+00 6.371330e+00 7.763124e-02 -3.684166e-04 -3.182794e-04 -2.625960e-04 -2.546915e-04
 7684.000000 8.043897e-01 2.149325e+00 6.243188e+00 7.591854e-02 -3.684974e-04 -3.091591e-04 -2.619288e-04 -2.474695e-04
 7685.000000 8.310007e-01 2.220876e+00 6.453328e+00 7.802454e-02 -3.720095e-04 -3.019666e-04 -2.578310e-04 -2.480267e-04
 7686.000000 8.386893e-01 2.242390e+00 6.515655e+00 7.911727e-02 -3.676645e-04 -3.049507e-04 -2.586159e-04 -2.456466e-04
 7686.200000 8.366885e-01 2.236593e+00 6.498502e+00 7.599198e-02 -3.700949e-04 -2.968901e-04 -2.611672e-04 -2.512555e-04
 7686.400000 8.345284e-01 2.231048e+00 6.483482e+00 7.734485e-02 -3.568191e-04 -3.045617e-04 -2.642703e-04 -2.586362e-04
 7686.600000 8.405166e-01 2.247697e+00 6.532744e+00 7.909454e-02 -3.588636e-04 -3.106677e-04 -2.727347e-04 -2.609098e-04
 7686.800000 8.233245e-01 2.202060e+00 6.394068e+00 7.879817e-02 -3.559860e-04 -3.011659e-04 -2.721532e-04 -2.530987e-04
 7687.000000 8.452088e-01 2.261451e+00 6.575350e+00 8.150672e-02 -3.622090e-04 -3.030501e-04 -2.862453e-04 -2.550449e-04
 7687.200000 8.416218e-01 2.251923e+00 6.543701e+00 8.164809e-02 -3.627140e-04 -3.016678e-04 -2.806114e-04 -2.507786e-04
 7687.400000 8.347017e-01 2.233687e+00 6.490503e+00 7.852558e-02 -3.597988e-04 -3.077285e-04 -2.650188e-04 -2.503851e-04
 7687.600000 8.356133e-01 2.235561e+00 6.497894e+00 7.917534e-02 -3.652989e-04 -3.093541e-04 -2.521593e-04 -2.402052e-04
 7687.800000 8.347737e-01 2.234396e+00 6.492400e+00 7.822245e-02 -3.670787e-04 -3.013063e-04 -2.459845e-04 -2.411354e-04
 7688.000000 8.384136e-01 2.244632e+00 6.520912e+00 7.865398e-02 -3.696729e-04 -3.089349e-04 -2.743234e-04 -2.502465e-04
 7688.200000 8.405850e-01 2.249670e+00 6.536621e+00 7.888112e-02 -3.660818e-04 -3.119349e-04 -2.779709e-04 -2.549200e-04
 7688.400000 8.247030e-01 2.207025e+00 6.413096e+00 7.878042e-02 -3.556611e-04 -3.070347e-04 -2.743428e-04 -2.503317e-04
 7688.600000 8.411874e-01 2.252687e+00 6.545177e+00 7.877723e-02 -3.614302e-04 -3.168741e-04 -2.537022e-04 -2.537514e-04
 7688.800000 8.369690e-01 2.241491e+00 6.514336e+00 7.824263e-02 -3.631965e-04 -3.187361e-04 -2.558118e-04 -2.583086e-04
 7689.000000 8.344994e-01 2.233841e+00 6.492471e+00 7.894044e-02 -3.616997e-04 -3.170733e-04 -2.605767e-04 -2.546722e-04
 7689.200000 8.344299e-01 2.234446e+00 6.490318e+00 8.173860e-02 -3.664953e-04 -3.287092e-04 -2.786751e-04 -2.588904e-04
 7689.400000 8.337202e-01 2.233137e+00 6.491113e+00 7.889610e-02 -3.526271e-04 -3.296511e-04 -2.635688e-04 -2.597900e-04
 7689.600000 8.358877e-01 2.239142e+00 6.508469e+00 7.938259e-02 -3.518555e-04 -3.241418e-04 -2.536100e-04 -2.515533e-04
 7689.800000 8.374373e-01 2.242960e+00 6.518033e+00 7.657890e-02 -3.528516e-04 -3.175240e-04 -2.527019e-04 -2.585603e-04
 7690.000000 8.360688e-01 2.240118e+00 6.508318e+00 7.864603e-02 -3.541154e-04 -3.121948e-04 -2.468164e-04 -2.531064e-04
 7690.200000 8.380552e-01 2.245065e+00 6.523143e+00 8.032579e-02 -3.565406e-04 -3.204048e-04 -2.590996e-04 -2.514890e-04
 7690.400000 8.367101e-01 2.241457e+00 6.513389e+00 7.940383e-02 -3.509826e-04 -3.182985e-04 -2.369302e-04 -2.430240e-04
 7690.600000 8.348083e-01 2.237048e+00 6.504914e+00 8.003105e-02 -3.548798e-04 -3.234492e-04 -2.510243e-04 -2.452438e-04
 7690.800000 8.316006e-01 2.227834e+00 6.476567e+00 7.973981e-02 -3.558913e-04 -3.203269e-04 -2.520259e-04 -2.492849e-04
 7691.000000 8.352667e-01 2.237986e+00 6.505297e+00 7.588691e-02 -3.570929e-04 -3.213568e-04 -2.618458e-04 -2.500459e-04
 7691.200000 8.380748e-01 2.246013e+00 6.526296e+00 8.185773e-02 -3.531086e-04 -3.214563e-04 -2.425608e-04 -2.374881e-04
 7691.400000 8.363768e-01 2.241665e+00 6.515428e+00 8.129620e-02 -3.504934e-04 -3.270717e-04 -2.519395e-04 -2.393584e-04
 7691.600000 8.281606e-01 2.220327e+00 6.456746e+00 7.794936e-02 -3.646090e-04 -3.285183e-04 -2.647349e-04 -2.446595e-04
 7691.800000 8.340841e-01 2.236271e+00 6.503123e+00 7.660811e-02 -3.597497e-04 -3.236411e-04 -2.399446e-04 -2.342108e-04
 7692.000000 8.324626e-01 2.231342e+00 6.483847e+00 7.923744e-02 -3.680198e-04 -3.239468e-04 -2.364414e-04 -2.316426e-04
 7692.200000 8.319632e-01 2.230247e+00 6.480377e+00 7.765173e-02 -3.698142e-04 -3.212353e-04 -2.472282e-04 -2.476920e-04
 7692.400000 8.365681e-01 2.242448e+00 6.516943e+00 7.812038e-02 -3.688849e-04 -3.191080e-04 -2.571794e-04 -2.582418e-04
 7692.600000 8.349540e-01 2.238301e+00 6.504053e+00 8.206456e-02 -3.598911e-04 -3.087843e-04 -2.532909e-04 -2.527524e-04
 7692.800000 8.361895e-01 2.242390e+00 6.516553e+00 7.960430e-02 -3.581439e-04 -3.072720e-04 -2.585732e-04 -2.522000e-04
 7693.000000 8.339193e-01 2.235815e+00 6.499412e+00 7.965288e-02 -3.651182e-04 -3.145999e-04 -2.662433e-04 -2.553622e-04
 7693.200000 8.274403e-01 2.219241e+00 6.446700e+00 7.930519e-02 -3.613363e-04 -3.060382e-04 -2.636435e-04 -2.440628e-04
 7693.400000 8.378616e-01 2.247107e+00 6.530935e+00 7.697240e-02 -3.630670e-04 -3.185578e-04 -2.496146e-04 -2.385723e-04
 7693.600000 8.364425e-01 2.243180e+00 6.521127e+00 8.060246e-02 -3.684193e-04 -3.177158e-04 -2.457046e-04 -2.517364e-04
 7693.800000 8.324970e-01 2.232322e+00 6.485364e+00 7.881339e-02 -3.780912e-04 -3.124465e-04 -2.528190e-04 -2.530878e-04
 7694.000000 8.346547e-01 2.238771e+00 6.502015e+00 7.843656e-02 -3.776836e-04 -3.107337e-04 -2.512644e-04 -2.586435e-04
 7694.200000 8.346790e-01 2.239692e+00 6.505395e+00 7.909207e-02 -3.770343e-04 -3.099566e-04 -2.427386e-04 -2.429242e-04
 7694.400000 8.345286e-01 2.239217e+00 6.504520e+00 7.830203e-02 -3.785510e-04 -3.037909e-04 -2.347755e-04 -2.453967e-04
 7694.600000 8.320171e-01 2.232867e+00 6.486463e+00 7.981800e-02 -3.773844e-04 -2.964531e-04 -2.276917e-04 -2.517422e-04
 7694.800000 8.372110e-01 2.247145e+00 6.528836e+00 7.968620e-02 -3.773119e-04 -3.033975e-04 -2.279727e-04 -2.325262e-04
 7695.000000 8.341405e-01 2.238460e+00 6.503940e+00 7.974134e-02 -3.768558e-04 -3.019509e-04 -2.490120e-04 -2.499380e-04
 7695.200000 8.351197e-01 2.240891e+00 6.509239e+00 7.796888e-02 -3.769140e-04 -3.007702e-04 -2.442495e-04 -2.549947e-04
 7695.400000 8.338190e-01 2.237851e+00 6.500284e+00 7.757305e-02 -3.741880e-04 -3.118435e-04 -2.456505e-04 -2.576691e-04
 7695.600000 8.328667e-01 2.236147e+00 6.493957e+00 7.814824e-02 -3.692035e-04 -3.054514e-04 -2.555015e-04 -2.664271e-04
 7695.800000 8.264886e-01 2.218963e+00 6.443535e+00 7.817022e-02 -3.613641e-04 -2.981710e-04 -2.584097e-04 -2.736754e-04
 7696.000000 8.381279e-01 2.249640e+00 6.531860e+00 8.082943e-02 -3.629592e-04 -3.038900e-04 -2.707324e-04 -2.633434e-04
 7696.200000 8.321680e-01 2.234351e+00 6.486103e+00 7.885107e-02 -3.644603e-04 -3.037200e-04 -2.683940e-04 -2.631011e-04
 7696.400000 8.347089e-01 2.241626e+00 6.505432e+00 8.086050e-02 -3.607948e-04 -3.019104e-04 -2.414476e-04 -2.516025e-04
 7696.600000 8.348175e-01 2.243374e+00 6.508795e+00 7.957206e-02 -3.592654e-04 -3.086512e-04 -2.425418e-04 -2.460644e-04
 7696.800000 8.277798e-01 2.224173e+00 6.449303e+00 7.594597e-02 -3.579915e-04 -3.058567e-04 -2.614954e-04 -2.474370e-04
 7697.000000 8.348065e-01 2.242215e+00 6.503456e+00 7.956278e-02 -3.786709e-04 -3.152598e-04 -2.587805e-04 -2.345072e-04
 7697.200000 8.358533e-01 2.245095e+00 6.513357e+00 7.757962e-02 -3.750647e-04 -3.147038e-04 -2.567500e-04 -2.302059e-04
 7697.400000 8.342265e-01 2.240814e+00 6.497604e+00 8.126211e-02 -3.699377e-04 -3.085584e-04 -2.668838e-04 -2.397224e-04
 7697.600000 8.337435e-01 2.240246e+00 6.495149e+00 7.962300e-02 -3.691496e-04 -3.247521e-04 -2.579941e-04 -2.371409e-04
 7697.800000 8.301911e-01 2.230567e+00 6.465753e+00 7.843167e-02 -3.785512e-04 -3.194231e-04 -2.629241e-04 -2.512201e-04
 7698.000000 8.353233e-01 2.244761e+00 6.507225e+00 7.895121e-02 -3.760032e-04 -3.178972e-04 -2.705036e-04 -2.472220e-04
 7698.200000 8.308880e-01 2.233002e+00 6.473012e+00 7.845070e-02 -3.723148e-04 -3.182210e-04 -2.705022e-04 -2.558320e-04
 7698.400000 8.330631e-01 2.239588e+00 6.487380e+00 7.851579e-02 -3.672394e-04 -3.216855e-04 -2.542085e-04 -2.451060e-04
 7698.600000 8.346141e-01 2.243490e+00 6.499373e+00 8.120788e-02 -3.652180e-04 -3.194481e-04 -2.723603e-04 -2.514262e-04
 7698.800000 8.345913e-01 2.243599e+00 6.498227e+00 7.772253e-02 -3.625358e-04 -3.131492e-04 -2.630395e-04 -2.537923e-04
 7699.000000 8.285468e-01 2.227450e+00 6.450125e+00 8.018130e-02 -3.609611e-04 -3.091804e-04 -2.685984e-04 -2.585932e-04
 7699.200000 8.352724e-01 2.245670e+00 6.501316e+00 7.959392e-02 -3.586309e-04 -3.122808e-04 -2.835322e-04 -2.666251e-04
 7699.400000 8.366262e-01 2.249862e+00 6.512867e+00 7.946013e-02 -3.536931e-04 -3.197961e-04 -2.759552e-04 -2.619424e-04
 7699.600000 8.352654e-01 2.245722e+00 6.501356e+00 8.117264e-02 -3.530332e-04 -3.270885e-04 -2.701624e-04 -2.605289e-04
 7699.800000 8.228625e-01 2.213079e+00 6.403555e+00 7.858538e-02 -3.538456e-04 -3.239174e-04 -2.524448e-04 -2.570431e-04
 7700.000000 8.347842e-01 2.245630e+00 6.497733e+00 7.811597e-02 -3.509189e-04 -3.255108e-04 -2.578092e-04 -2.504343e-04
 7700.200000 8.295493e-01 2.232274e+00 6.458172e+00 7.826420e-02 -3.495343e-04 -3.242197e-04 -2.450256e-04 -2.526935e-04
 7700.400000 8.329763e-01 2.240973e+00 6.476659e+00 7.968247e-02 -3.475957e-04 -3.279909e-04 -2.547491e-04 -2.686701e-04
 7700.600000 8.317023e-01 2.237838e+00 6.467609e+00 7.937964e-02 -3.416899e-04 -3.329804e-04 -2.583350e-04 -2.561724e-04
 7700.800000 8.331389e-01 2.241973e+00 6.476615e+00 7.833847e-02 -3.461510e-04 -3.327438e-04 -2.551959e-04 -2.658932e-04
 7701.000000 8.298213e-01 2.233392e+00 6.450871e+00 7.944840e-02 -3.444722e-04 -3.345511e-04 -2.599492e-04 -2.603858e-04
 7701.200000 8.354254e-01 2.248711e+00 6.491356e+00 7.836829e-02 -3.403664e-04 -3.261155e-04 -2.707634e-04 -2.644679e-04
 7701.400000 8.299897e-01 2.233383e+00 6.447071e+00 7.994236e-02 -3.476295e-04 -3.276095e-04 -2.560675e-04 -2.658724e-04
 7701.600000 8.319138e-01 2.239524e+00 6.461595e+00 7.903019e-02 -3.541306e-04 -3.320871e-04 -2.617949e-04 -2.627873e-04
 7701.800000 8.359793e-01 2.250284e+00 6.488374e+00 8.044396e-02 -3.501381e-04 -3.261423e-04 -2.772744e-04 -2.672275e-04
 7702.000000 8.349766e-01 2.247928e+00 6.477254e+00 7.813655e-02 -3.488204e-04 -3.254236e-04 -2.769093e-04 -2.638826e-04
 7702.200000 8.311599e-01 2.238005e+00 6.448500e+00 7.933580e-02 -3.480907e-04 -3.226911e-04 -2.761822e-04 -2.629685e-04
 7702.400000 8.336864e-01 2.244741e+00 6.462456e+00 7.950599e-02 -3.426945e-04 -3.152078e-04 -2.732913e-04 -2.649145e-04
 7702.600000 8.312530e-01 2.238903e+00 6.441629e+00 7.916314e-02 -3.350029e-04 -3.231560e-04 -2.689842e-04 -2.659451e-04
 7702.800000 8.343871e-01 2.247422e+00 6.464338e+00 7.943323e-02 -3.341056e-04 -3.252329e-04 -2.645187e-04 -2.576485e-04
 7703.000000 8.299513e-01 2.235673e+00 6.423285e+00 7.720693e-02 -3.416703e-04 -3.241458e-04 -2.580388e-04 -2.544702e-04
 7703.200000 8.278360e-01 2.230127e+00 6.404140e+00 7.776446e-02 -3.403503e-04 -3.165828e-04 -2.673886e-04 -2.503082e-04
 7703.400000 8.363232e-01 2.253208e+00 6.467792e+00 7.855006e-02 -3.444962e-04 -3.194607e-04 -2.722633e-04 -2.452532e-04
 7703.600000 8.318875e-01 2.240736e+00 6.425843e+00 8.160026e-02 -3.430135e-04 -3.217919e-04 -2.695727e-04 -2.467721e-04
 7703.800000 8.311573e-01 2.239156e+00 6.416501e+00 7.881040e-02 -3.372090e-04 -3.243460e-04 -2.599575e-04 -2.462993e-04
 7704.000000 8.314078e-01 2.240201e+00 6.411702e+00 7.757852e-02 -3.365024e-04 -3.253532e-04 -2.359688e-04 -2.570405e-04
 7704.200000 8.358491e-01 2.252391e+00 6.438766e+00 7.895136e-02 -3.386921e-04 -3.227817e-04 -2.466530e-04 -2.692169e-04
 7704.400000 8.296696e-01 2.235186e+00 6.383303e+00 8.103741e-02 -3.343176e-04 -3.270980e-04 -2.558352e-04 -2.677673e-04
 7704.600000 8.310277e-01 2.239590e+00 6.388203e+00 7.961026e-02 -3.459480e-04 -3.265057e-04 -2.516178e-04 -2.702746e-04
 7704.800000 8.333308e-01 2.247012e+00 6.401998e+00 7.847171e-02 -3.387864e-04 -3.191131e-04 -2.556370e-04 -2.588945e-04
 7705.000000 8.335369e-01 2.247097e+00 6.391249e+00 8.038175e-02 -3.281224e-04 -3.212577e-04 -2.542354e-04 -2.558945e-04
 7705.200000 8.312155e-01 2.240941e+00 6.360455e+00 7.935979e-02 -3.447898e-04 -3.188538e-04 -2.589462e-04 -2.530268e-04
 7705.400000 8.331290e-01 2.246349e+00 6.367111e+00 7.947284e-02 -3.475797e-04 -3.154735e-04 -2.474741e-04 -2.466236e-04
 7705.600000 8.346195e-01 2.250608e+00 6.361244e+00 8.134868e-02 -3.440315e-04 -3.204291e-04 -2.550063e-04 -2.469389e-04
 7705.800000 8.322311e-01 2.244091e+00 6.326635e+00 7.969939e-02 -3.445459e-04 -3.194794e-04 -2.702631e-04 -2.470134e-04
 7706.000000 8.331470e-01 2.246722e+00 6.315052e+00 8.014103e-02 -3.412687e-04 -3.058451e-04 -2.651146e-04 -2.499667e-04
 7706.200000 8.329157e-01 2.246406e+00 6.290522e+00 8.063724e-02 -3.431521e-04 -2.959125e-04 -2.526961e-04 -2.571090e-04
 7706.400000 8.296546e-01 2.237760e+00 6.238108e+00 7.922942e-02 -3.377826e-04 -2.909731e-04 -2.509798e-04 -2.607759e-04
 7706.600000 8.309875e-01 2.241928e+00 6.220521e+00 7.919875e-02 -3.446102e-04 -2.942012e-04 -2.617455e-04 -2.715250e-04
 7706.800000 8.321127e-01 2.244819e+00 6.189029e+00 7.887081e-02 -3.442958e-04 -2.959654e-04 -2.657138e-04 -2.702840e-04
 7707.000000 8.301209e-01 2.240564e+00 6.127360e+00 7.863289e-02 -3.496998e-04 -3.011826e-04 -2.609909e-04 -2.624260e-04
 7707.200000 8.332496e-01 2.249407e+00 6.092115e+00 8.000749e-02 -3.583028e-04 -3.071851e-04 -2.705357e-04 -2.666924e-04
 7707.400000 8.320826e-01 2.245982e+00 6.007123e+00 7.942745e-02 -3.579403e-04 -3.108569e-04 -2.697163e-04 -2.675669e-04
 7707.600000 8.281446e-01 2.235549e+00 5.881335e+00 7.879287e-02 -3.508877e-04 -3.053672e-04 -2.575929e-04 -2.659722e-04
 7707.800000 8.327799e-01 2.247972e+00 5.800262e+00 7.955790e-02 -3.468490e-04 -3.014412e-04 -2.622761e-04 -2.677111e-04
 7708.000000 8.311414e-01 2.243621e+00 5.655355e+00 7.908681e-02 -3.481450e-04 -3.090794e-04 -2.782902e-04 -2.612832e-04
 7708.200000 8.337900e-01 2.250857e+00 5.532848e+00 8.049021e-02 -3.424963e-04 -3.011814e-04 -2.726423e-04 -2.696897e-04
 7708.400000 8.325921e-01 2.247730e+00 5.377994e+00 7.936438e-02 -3.515198e-04 -3.046657e-04 -2.705939e-04 -2.630069e-04
 7708.600000 8.328967e-01 2.248724e+00 5.227732e+00 7.963105e-02 -3.497961e-04 -2.991614e-04 -2.692915e-04 -2.603055e-04
 7708.800000 8.317459e-01 2.246209e+00 5.076987e+00 7.924740e-02 -3.451775e-04 -3.018139e-04 -2.803480e-04 -2.619493e-04
 7709.000000 8.294880e-01 2.239614e+00 4.927304e+00 7.847014e-02 -3.440468e-04 -3.131911e-04 -2.855569e-04 -2.578655e-04
 7709.200000 8.326904e-01 2.248802e+00 4.821326e+00 7.950222e-02 -3.443960e-04 -3.130655e-04 -2.905641e-04 -2.656366e-04
 7709.400000 8.329328e-01 2.249777e+00 4.702975e+00 8.031138e-02 -3.430134e-04 -3.109697e-04 -2.925232e-04 -2.626705e-04
 7709.600000 8.313954e-01 2.245858e+00 4.575491e+00 7.929861e-02 -3.461201e-04 -3.135760e-04 -2.773228e-04 -2.624467e-04
 7709.800000 8.306011e-01 2.243966e+00 4.463549e+00 7.928467e-02 -3.414861e-04 -3.076390e-04 -2.776228e-04 -2.653941e-04
 7710.000000 8.301786e-01 2.242937e+00 4.360913e+00 7.932108e-02 -3.403583e-04 -3.112385e-04 -2.747612e-04 -2.655997e-04
 7710.200000 8.311143e-01 2.245687e+00 4.273727e+00 7.969989e-02 -3.396399e-04 -3.124041e-04 -2.693970e-04 -2.585689e-04
 7710.400000 8.309252e-01 2.245110e+00 4.188791e+00 7.945552e-02 -3.362167e-04 -3.192155e-04 -2.748409e-04 -2.524479e-04
 7710.600000 8.320250e-01 2.248441e+00 4.119294e+00 7.952787e-02 -3.352924e-04 -3.158866e-04 -2.868714e-04 -2.534027e-04
 7710.800000 8.310350e-01 2.245150e+00 4.047993e+00 7.978711e-02 -3.409101e-04 -3.065109e-04 -2.854637e-04 -2.540471e-04
 7711.000000 8.311755e-01 2.245377e+00 3.989862e+00 7.950471e-02 -3.352995e-04 -2.927962e-04 -2.799834e-04 -2.507944e-04
 7711.200000 8.319877e-01 2.248325e+00 3.943474e+00 8.019328e-02 -3.356857e-04 -2.972563e-04 -2.834661e-04 -2.466351e-04
 7711.400000 8.337553e-01 2.252956e+00 3.910664e+00 7.988966e-02 -3.447454e-04 -2.921775e-04 -2.684066e-04 -2.546175e-04
 7711.600000 8.321529e-01 2.248555e+00 3.868143e+00 7.983200e-02 -3.400709e-04 -3.018694e-04 -2.652880e-04 -2.535320e-04
 7711.800000 8.315304e-01 2.246803e+00 3.834386e+00 7.963370e-02 -3.397240e-04 -2.978556e-04 -2.676823e-04 -2.558149e-04
 7712.000000 8.308628e-01 2.243921e+00 3.805007e+00 7.946249e-02 -3.440233e-04 -3.153018e-04 -2.780296e-04 -2.659254e-04
 7712.200000 8.298648e-01 2.240926e+00 3.781143e+00 7.931509e-02 -3.422149e-04 -3.172414e-04 -2.770689e-04 -2.629738e-04
 7712.400000 8.312944e-01 2.243478e+00 3.772278e+00 7.953316e-02 -3.499865e-04 -3.159956e-04 -2.751000e-04 -2.645750e-04
 7712.600000 8.314792e-01 2.243234e+00 3.761912e+00 7.912827e-02 -3.458971e-04 -3.146088e-04 -2.612639e-04 -2.678501e-04
 7712.800000 8.308016e-01 2.241302e+00 3.749864e+00 7.963330e-02 -3.489034e-04 -3.286810e-04 -2.697791e-04 -2.737850e-04
 7713.000000 8.312961e-01 2.243058e+00 3.743709e+00 7.999102e-02 -3.507445e-04 -3.179822e-04 -2.771554e-04 -2.712408e-04
 7713.200000 8.308122e-01 2.242072e+00 3.735440e+00 7.953741e-02 -3.489619e-04 -3.153850e-04 -2.737739e-04 -2.820910e-04
 7713.400000 8.304816e-01 2.241773e+00 3.723585e+00 8.023842e-02 -3.548518e-04 -3.289905e-04 -2.760015e-04 -2.818567e-04
 7713.600000 8.313240e-01 2.244162e+00 3.712765e+00 7.989671e-02 -3.576174e-04 -3.282380e-04 -2.708217e-04 -2.754235e-04
 7713.800000 8.313172e-01 2.244674e+00 3.693988e+00 7.986562e-02 -3.535287e-04 -3.257897e-04 -2.764112e-04 -2.814833e-04
 7714.000000 8.311182e-01 2.244180e+00 3.666752e+00 7.990954e-02 -3.478220e-04 -3.169302e-04 -2.818138e-04 -2.827609e-04
 7714.200000 8.304656e-01 2.242606e+00 3.634964e+00 7.925702e-02 -3.425518e-04 -3.195919e-04 -2.752869e-04 -2.769037e-04
 7714.400000 8.306782e-01 2.243226e+00 3.600261e+00 7.894210e-02 -3.452782e-04 -3.177325e-04 -2.663736e-04 -2.797761e-04
 7714.600000 8.312045e-01 2.244990e+00 3.563457e+00 7.954380e-02 -3.550782e-04 -3.235476e-04 -2.684301e-04 -2.831263e-04
 7714.800000 8.297412e-01 2.241585e+00 3.514324e+00 7.929582e-02 -3.495929e-04 -3.243488e-04 -2.608156e-04 -2.814043e-04
 7715.000000 8.283505e-01 2.238225e+00 3.462555e+00 7.946069e-02 -3.467087e-04 -3.214640e-04 -2.592105e-04 -2.808487e-04
 7715.200000 8.301006e-01 2.243061e+00 3.423362e+00 7.924062e-02 -3.527031e-04 -3.207376e-04 -2.570516e-04 -2.804861e-04
 7715.400000 8.310717e-01 2.245855e+00 3.378435e+00 7.959989e-02 -3.641804e-04 -3.117921e-04 -2.534482e-04 -2.806002e-04
 7715.600000 8.294120e-01 2.242010e+00 3.321106e+00 7.964899e-02 -3.542964e-04 -3.067378e-04 -2.530861e-04 -2.911079e-04
 7715.800000 8.312988e-01 2.246994e+00 3.281100e+00 7.965178e-02 -3.552938e-04 -3.098132e-04 -2.535992e-04 -2.928020e-04
 7716.000000 8.313913e-01 2.247124e+00 3.233750e+00 7.973612e-02 -3.552650e-04 -3.095833e-04 -2.507732e-04 -2.928657e-04
 7716.200000 8.303144e-01 2.244407e+00 3.183684e+00 7.947329e-02 -3.460518e-04 -3.102405e-04 -2.461479e-04 -2.904152e-04
 7716.400000 8.279095e-01 2.238545e+00 3.127442e+00 7.778190e-02 -3.457635e-04 -3.132011e-04 -2.499149e-04 -2.817119e-04
 7716.600000 8.297236e-01 2.243807e+00 3.089683e+00 7.991868e-02 -3.523387e-04 -3.231626e-04 -2.539978e-04 -2.761961e-04
 7716.800000 8.268002e-01 2.236571e+00 3.036123e+00 7.842573e-02 -3.519711e-04 -3.283934e-04 -2.556632e-04 -2.797287e-04
 7717.000000 8.275746e-01 2.238939e+00 2.995418e+00 7.964309e-02 -3.460937e-04 -3.283205e-04 -2.538720e-04 -2.856785e-04
 7717.200000 8.272863e-01 2.237899e+00 2.951197e+00 7.911018e-02 -3.511521e-04 -3.330172e-04 -2.591845e-04 -2.916984e-04
 7717.400000 8.258183e-01 2.234362e+00 2.903426e+00 7.876901e-02 -3.505819e-04 -3.204454e-04 -2.606052e-04 -2.998153e-04
 7717.600000 8.297385e-01 2.244856e+00 2.873146e+00 8.020798e-02 -3.398876e-04 -3.220427e-04 -2.635004e-04 -2.889423e-04
 7717.800000 8.276836e-01 2.239035e+00 2.822146e+00 7.899211e-02 -3.404291e-04 -3.187718e-04 -2.559424e-04 -2.804059e-04
 7718.000000 8.296660e-01 2.244683e+00 2.788574e+00 7.958230e-02 -3.391830e-04 -3.194845e-04 -2.470242e-04 -2.903170e-04
 7718.200000 8.261626e-01 2.235617e+00 2.732647e+00 7.979855e-02 -3.367138e-04 -3.108437e-04 -2.569272e-04 -3.021000e-04
 7718.400000 8.290164e-01 2.242891e+00 2.697842e+00 7.917521e-02 -3.432093e-04 -3.146865e-04 -2.523030e-04 -2.984351e-04
 7718.600000 8.282449e-01 2.241158e+00 2.651780e+00 7.936023e-02 -3.518096e-04 -3.124329e-04 -2.420753e-04 -2.871674e-04
 7718.800000 8.324983e-01 2.252428e+00 2.623396e+00 7.996438e-02 -3.507001e-04 -3.097798e-04 -2.351973e-04 -2.796836e-04
 7719.000000 8.291369e-01 2.244488e+00 2.568438e+00 8.054583e-02 -3.526644e-04 -3.131932e-04 -2.455067e-04 -2.865811e-04
 7719.200000 8.240742e-01 2.230110e+00 2.507895e+00 7.833243e-02 -3.522959e-04 -3.020795e-04 -2.436193e-04 -2.796688e-04
 7719.400000 8.260047e-01 2.235895e+00 2.469935e+00 7.952029e-02 -3.568625e-04 -3.031167e-04 -2.465774e-04 -2.800242e-04
 7719.600000 8.293107e-01 2.244982e+00 2.436444e+00 7.929287e-02 -3.585420e-04 -3.000786e-04 -2.550923e-04 -2.859927e-04
 7719.800000 8.276157e-01 2.240111e+00 2.388338e+00 7.983394e-02 -3.549306e-04 -3.058126e-04 -2.638961e-04 -2.866458e-04
 7720.000000 8.313244e-01 2.249835e+00 2.356442e+00 8.070151e-02 -3.475565e-04 -3.155349e-04 -2.602219e-04 -2.802368e-04
 7720.200000 8.286798e-01 2.243106e+00 2.302908e+00 7.768486e-02 -3.473575e-04 -3.217113e-04 -2.623629e-04 -2.784335e-04
 7720.400000 8.264345e-01 2.237609e+00 2.254691e+00 8.005182e-02 -3.503492e-04 -3.039419e-04 -2.665247e-04 -2.827731e-04
 7720.600000 8.317910e-01 2.251727e+00 2.224418e+00 7.941875e-02 -3.421220e-04 -3.116650e-04 -2.594339e-04 -2.853114e-04
 7720.800000 8.239283e-01 2.230404e+00 2.157360e+00 7.873239e-02 -3.418118e-04 -3.117402e-04 -2.543933e-04 -2.714550e-04
 7721.000000 8.275282e-01 2.240208e+00 2.124428e+00 8.053839e-02 -3.416581e-04 -3.148054e-04 -2.588832e-04 -2.722376e-04
 7721.200000 8.321437e-01 2.251967e+00 2.092927e+00 7.751274e-02 -3.377645e-04 -3.058699e-04 -2.560001e-04 -2.785443e-04
 7721.400000 8.271806e-01 2.239486e+00 2.037038e+00 8.007016e-02 -3.436114e-04 -3.038710e-04 -2.587235e-04 -2.686133e-04
 7721.600000 8.264596e-01 2.237946e+00 1.993337e+00 7.971886e-02 -3.436194e-04 -3.164762e-04 -2.570355e-04 -2.637208e-04
 7721.800000 8.327101e-01 2.254300e+00 1.966080e+00 8.022890e-02 -3.515915e-04 -3.396875e-04 -2.690320e-04 -2.680793e-04
 7722.000000 8.276790e-01 2.240958e+00 1.910096e+00 7.900613e-02 -3.482499e-04 -3.425354e-04 -2.628072e-04 -2.682117e-04
 7722.200000 8.270313e-01 2.238586e+00 1.871553e+00 8.056036e-02 -3.561277e-04 -3.298071e-04 -2.552075e-04 -2.595554e-04
 7722.400000 8.334913e-01 2.256372e+00 1.849707e+00 7.991305e-02 -3.545011e-04 -3.244209e-04 -2.553422e-04 -2.617162e-04
 7722.600000 8.287193e-01 2.243934e+00 1.802322e+00 7.642269e-02 -3.495315e-04 -3.308445e-04 -2.609428e-04 -2.728562e-04
 7722.800000 8.274307e-01 2.240086e+00 1.764128e+00 8.048270e-02 -3.498296e-04 -3.306466e-04 -2.480864e-04 -2.729446e-04
 7723.000000 8.169283e-01 2.212552e+00 1.709557e+00 7.755312e-02 -3.409343e-04 -3.181582e-04 -2.523889e-04 -2.659060e-04
 7723.200000 8.298360e-01 2.247381e+00 1.708737e+00 8.008951e-02 -3.311388e-04 -3.187990e-04 -2.384205e-04 -2.626193e-04
 7723.400000 8.240420e-01 2.231303e+00 1.671262e+00 7.995356e-02 -3.295314e-04 -3.125296e-04 -2.360846e-04 -2.690900e-04
 7723.600000 8.300952e-01 2.248448e+00 1.660511e+00 8.113053e-02 -3.284491e-04 -3.139212e-04 -2.508511e-04 -2.680724e-04
 7723.800000 8.332799e-01 2.257805e+00 1.646844e+00 7.960658e-02 -3.238372e-04 -3.182769e-04 -2.590016e-04 -2.701566e-04
 7724.000000 8.291297e-01 2.247047e+00 1.619707e+00 7.825955e-02 -3.218049e-04 -3.214797e-04 -2.471127e-04 -2.646047e-04
 7724.200000 8.265194e-01 2.240233e+00 1.599320e+00 8.066974e-02 -3.267950e-04 -3.186715e-04 -2.511237e-04 -2.707534e-04
 7724.400000 8.327382e-01 2.257123e+00 1.600055e+00 8.058817e-02 -3.366294e-04 -3.184996e-04 -2.373962e-04 -2.716173e-04
 7724.600000 8.264451e-01 2.239836e+00 1.576520e+00 8.006548e-02 -3.433109e-04 -3.111300e-04 -2.323894e-04 -2.745578e-04
 7724.800000 8.332989e-01 2.258877e+00 1.581866e+00 8.101315e-02 -3.504240e-04 -3.207505e-04 -2.560350e-04 -2.692779e-04
 7725.000000 8.268054e-01 2.241452e+00 1.561558e+00 7.919229e-02 -3.401053e-04 -3.156071e-04 -2.568243e-04 -2.687302e-04
 7725.200000 8.284941e-01 2.246062e+00 1.561660e+00 7.972763e-02 -3.412280e-04 -3.117935e-04 -2.465302e-04 -2.634052e-04
 7725.400000 8.312390e-01 2.254015e+00 1.563612e+00 7.995037e-02 -3.445710e-04 -3.130556e-04 -2.505410e-04 -2.795796e-04
 7725.600000 8.291166e-01 2.249344e+00 1.557896e+00 8.005204e-02 -3.436678e-04 -3.150525e-04 -2.626533e-04 -2.846202e-04
 7725.800000 8.269662e-01 2.243229e+00 1.550130e+00 7.957349e-02 -3.400944e-04 -3.143507e-04 -2.595098e-04 -2.885489e-04
 7726.000000 8.227991e-01 2.232099e+00 1.539973e+00 7.874952e-02 -3.248607e-04 -3.121692e-04 -2.354785e-04 -2.662241e-04
 7726.200000 8.251874e-01 2.238488e+00 1.547774e+00 7.980719e-02 -3.301864e-04 -3.149695e-04 -2.402542e-04 -2.623088e-04
 7726.400000 8.307872e-01 2.254756e+00 1.559403e+00 7.822833e-02 -3.400546e-04 -3.130280e-04 -2.473491e-04 -2.596439e-04
 7726.600000 8.305969e-01 2.254147e+00 1.561373e+00 8.050556e-02 -3.416468e-04 -3.203716e-04 -2.484907e-04 -2.560462e-04
 7726.800000 8.274314e-01 2.245801e+00 1.555727e+00 8.195147e-02 -3.402729e-04 -3.189435e-04 -2.603453e-04 -2.648979e-04
 7727.000000 8.262289e-01 2.243239e+00 1.554539e+00 7.577364e-02 -3.373685e-04 -3.225925e-04 -2.488000e-04 -2.684290e-04
 7727.200000 8.287596e-01 2.250066e+00 1.563202e+00 7.958525e-02 -3.368968e-04 -3.241633e-04 -2.412855e-04 -2.530281e-04
 7727.400000 8.279411e-01 2.248098e+00 1.565338e+00 8.146090e-02 -3.405440e-04 -3.245658e-04 -2.555625e-04 -2.737839e-04
 7727.600000 8.310175e-01 2.256533e+00 1.574379e+00 8.148141e-02 -3.338831e-04 -3.264376e-04 -2.571519e-04 -2.655543e-04
 7727.800000 8.239701e-01 2.238761e+00 1.563929e+00 8.232417e-02 -3.339270e-04 -3.245591e-04 -2.441538e-04 -2.568962e-04
 7728.000000 8.262544e-01 2.244781e+00 1.570163e+00 7.748794e-02 -3.383816e-04 -3.304150e-04 -2.422990e-04 -2.717291e-04
 7728.200000 8.272953e-01 2.246739e+00 1.572526e+00 8.116480e-02 -3.344720e-04 -3.333711e-04 -2.433454e-04 -2.722483e-04
 7728.400000 8.305765e-01 2.255989e+00 1.582550e+00 7.770650e-02 -3.314634e-04 -3.290819e-04 -2.593565e-04 -2.717947e-04
 7728.600000 8.309912e-01 2.257261e+00 1.583268e+00 8.183081e-02 -3.270409e-04 -3.248430e-04 -2.646097e-04 -2.650423e-04
 7728.800000 8.265808e-01 2.245643e+00 1.575065e+00 7.854453e-02 -3.322434e-04 -3.287924e-04 -2.369737e-04 -2.603651e-04
 7729.000000 8.250071e-01 2.241311e+00 1.571505e+00 8.200719e-02 -3.267009e-04 -3.276375e-04 -2.431180e-04 -2.649608e-04
 7729.200000 8.302948e-01 2.256341e+00 1.582231e+00 7.825139e-02 -3.248136e-04 -3.295812e-04 -2.517232e-04 -2.700684e-04
 7729.400000 8.232112e-01 2.236911e+00 1.566240e+00 7.729867e-02 -3.278831e-04 -3.314347e-04 -2.551872e-04 -2.694787e-04
 7729.600000 8.351979e-01 2.269270e+00 1.585341e+00 8.281552e-02 -3.301669e-04 -3.369066e-04 -2.599800e-04 -2.672915e-04
 7729.800000 8.208340e-01 2.230397e+00 1.552447e+00 8.102990e-02 -3.280042e-04 -3.334259e-04 -2.611617e-04 -2.586637e-04
 7730.000000 8.319452e-01 2.260857e+00 1.567929e+00 7.999702e-02 -3.370932e-04 -3.339374e-04 -2.644668e-04 -2.570794e-04
 7730.200000 8.246280e-01 2.241139e+00 1.548938e+00 7.915671e-02 -3.334223e-04 -3.303849e-04 -2.627099e-04 -2.574392e-04
 7730.400000 8.294318e-01 2.254878e+00 1.550006e+00 8.117799e-02 -3.284470e-04 -3.324062e-04 -2.745608e-04 -2.766626e-04
 7730.600000 8.251058e-01 2.243369e+00 1.533689e+00 8.067281e-02 -3.285381e-04 -3.266607e-04 -2.544677e-04 -2.683558e-04
 7730.800000 8.265497e-01 2.246804e+00 1.527481e+00 7.731854e-02 -3.400875e-04 -3.269516e-04 -2.613306e-04 -2.699267e-04
 7731.000000 8.283174e-01 2.251905e+00 1.522028e+00 7.984272e-02 -3.531844e-04 -3.084405e-04 -2.546313e-04 -2.667864e-04
 7731.200000 8.244965e-01 2.242692e+00 1.505358e+00 8.018836e-02 -3.512433e-04 -3.074819e-04 -2.441843e-04 -2.608836e-04
 7731.400000 8.323087e-01 2.264009e+00 1.510495e+00 8.108099e-02 -3.464239e-04 -3.150196e-04 -2.494075e-04 -2.532051e-04
 7731.600000 8.278614e-01 2.252606e+00 1.491383e+00 8.088897e-02 -3.445393e-04 -3.087278e-04 -2.649636e-04 -2.659921e-04
 7731.800000 8.272043e-01 2.250720e+00 1.481752e+00 7.940447e-02 -3.496198e-04 -3.154578e-04 -2.721398e-04 -2.753860e-04
 7732.000000 8.250371e-01 2.244839e+00 1.467585e+00 8.079261e-02 -3.438037e-04 -3.088247e-04 -2.704856e-04 -2.683528e-04
 7732.200000 8.287729e-01 2.254397e+00 1.465774e+00 7.811693e-02 -3.537219e-04 -3.031974e-04 -2.641276e-04 -2.587830e-04
 7732.400000 8.250867e-01 2.244094e+00 1.450996e+00 7.807084e-02 -3.577199e-04 -2.954181e-04 -2.468151e-04 -2.675487e-04
 7732.600000 8.295714e-01 2.256547e+00 1.453707e+00 7.929006e-02 -3.499706e-04 -3.027139e-04 -2.527863e-04 -2.700030e-04
 7732.800000 8.279241e-01 2.252047e+00 1.447874e+00 8.004438e-02 -3.401751e-04 -3.075132e-04 -2.574518e-04 -2.613954e-04
 7733.000000 8.231721e-01 2.240539e+00 1.434650e+00 8.170939e-02 -3.347051e-04 -3.035850e-04 -2.680826e-04 -2.632314e-04
 7733.200000 8.268181e-01 2.250732e+00 1.440449e+00 7.626832e-02 -3.304876e-04 -3.160916e-04 -2.601234e-04 -2.557854e-04
 7733.400000 8.208145e-01 2.234053e+00 1.429550e+00 7.945482e-02 -3.248897e-04 -3.210258e-04 -2.638865e-04 -2.615282e-04
 7733.600000 8.297599e-01 2.259038e+00 1.447527e+00 8.277985e-02 -3.254564e-04 -3.193887e-04 -2.505455e-04 -2.676203e-04
 7733.800000 8.254046e-01 2.247538e+00 1.440703e+00 8.016124e-02 -3.216231e-04 -3.050824e-04 -2.502534e-04 -2.752110e-04
 7734.000000 8.275801e-01 2.253229e+00 1.450072e+00 7.868663e-02 -3.188908e-04 -3.014744e-04 -2.570290e-04 -2.849549e-04
 7734.200000 8.264704e-01 2.250203e+00 1.451937e+00 7.923700e-02 -3.147897e-04 -3.103291e-04 -2.448347e-04 -2.664085e-04
 7734.400000 8.294707e-01 2.258735e+00 1.461916e+00 8.070410e-02 -3.248326e-04 -3.123783e-04 -2.417173e-04 -2.596444e-04
 7734.600000 8.232687e-01 2.242498e+00 1.458721e+00 8.020003e-02 -3.306752e-04 -3.090946e-04 -2.492284e-04 -2.551802e-04
 7734.800000 8.281337e-01 2.254576e+00 1.472072e+00 8.035038e-02 -3.446330e-04 -3.153218e-04 -2.649500e-04 -2.625461e-04
 7735.000000 8.300215e-01 2.259766e+00 1.484083e+00 7.977613e-02 -3.340381e-04 -3.116602e-04 -2.550109e-04 -2.466317e-04
 7735.200000 8.251848e-01 2.247680e+00 1.481893e+00 7.743708e-02 -3.224160e-04 -3.048466e-04 -2.472434e-04 -2.483679e-04
 7735.400000 8.265373e-01 2.251923e+00 1.492898e+00 8.248389e-02 -3.212049e-04 -3.137219e-04 -2.593022e-04 -2.501895e-04
 7735.600000 8.277963e-01 2.254705e+00 1.502108e+00 8.059464e-02 -3.296325e-04 -3.211981e-04 -2.677972e-04 -2.610374e-04
 7735.800000 8.275428e-01 2.254740e+00 1.508435e+00 7.549633e-02 -3.269539e-04 -3.187068e-04 -2.687433e-04 -2.807969e-04
 7736.000000 8.257923e-01 2.250431e+00 1.513137e+00 8.005764e-02 -3.248067e-04 -3.155986e-04 -2.570701e-04 -2.857470e-04
 7736.200000 8.293057e-01 2.259936e+00 1.526601e+00 8.033742e-02 -3.323085e-04 -3.135401e-04 -2.679939e-04 -2.839324e-04
 7736.400000 8.285446e-01 2.258512e+00 1.530255e+00 8.200852e-02 -3.333883e-04 -3.066729e-04 -2.513830e-04 -2.647412e-04
 7736.600000 8.298459e-01 2.261987e+00 1.537110e+00 8.053470e-02 -3.315063e-04 -3.146114e-04 -2.377608e-04 -2.685861e-04
 7736.800000 8.233817e-01 2.243877e+00 1.529147e+00 7.802613e-02 -3.336619e-04 -3.203400e-04 -2.435103e-04 -2.726921e-04
 7737.000000 8.247930e-01 2.248030e+00 1.535094e+00 7.774919e-02 -3.431047e-04 -3.124756e-04 -2.331956e-04 -2.654968e-04
 7737.200000 8.230134e-01 2.243932e+00 1.537948e+00 8.220191e-02 -3.378187e-04 -3.108182e-04 -2.311218e-04 -2.665112e-04
 7737.400000 8.245938e-01 2.248682e+00 1.545402e+00 8.040844e-02 -3.417346e-04 -3.036863e-04 -2.453079e-04 -2.810920e-04
 7737.600000 8.256324e-01 2.251013e+00 1.547672e+00 8.045101e-02 -3.431386e-04 -3.198397e-04 -2.527374e-04 -2.711586e-04
 7737.800000 8.253345e-01 2.250142e+00 1.549387e+00 8.014480e-02 -3.353252e-04 -3.087702e-04 -2.372401e-04 -2.510039e-04
 7738.000000 8.274190e-01 2.256307e+00 1.556424e+00 7.666107e-02 -3.305229e-04 -3.063536e-04 -2.452541e-04 -2.634927e-04
 7738.200000 8.248728e-01 2.249520e+00 1.557320e+00 8.103598e-02 -3.308016e-04 -3.122300e-04 -2.618543e-04 -2.718133e-04
 7738.400000 8.132931e-01 2.218804e+00 1.534944e+00 7.841719e-02 -3.283619e-04 -3.117516e-04 -2.506647e-04 -2.772477e-04
 7738.600000 8.310763e-01 2.266630e+00 1.572799e+00 8.028949e-02 -3.330686e-04 -3.195627e-04 -2.654481e-04 -2.852186e-04
 7738.800000 8.281768e-01 2.258503e+00 1.569755e+00 8.040300e-02 -3.318187e-04 -3.120382e-04 -2.520451e-04 -2.827644e-04
 7739.000000 8.268117e-01 2.256689e+00 1.572558e+00 8.035643e-02 -3.477143e-04 -3.253477e-04 -2.536721e-04 -2.746279e-04
 7739.200000 8.259332e-01 2.254152e+00 1.574715e+00 8.224932e-02 -3.433205e-04 -3.207516e-04 -2.553049e-04 -2.686123e-04
 7739.400000 8.271526e-01 2.256677e+00 1.580456e+00 8.005491e-02 -3.480065e-04 -3.252056e-04 -2.635465e-04 -2.656714e-04
 7739.600000 8.233137e-01 2.246557e+00 1.576982e+00 7.918005e-02 -3.426081e-04 -3.136307e-04 -2.557282e-04 -2.689817e-04
 7739.800000 8.254456e-01 2.251732e+00 1.584732e+00 7.830814e-02 -3.334906e-04 -3.167080e-04 -2.469373e-04 -2.716245e-04
 7740.000000 8.250078e-01 2.251781e+00 1.587009e+00 8.306247e-02 -3.333430e-04 -3.238721e-04 -2.562805e-04 -2.766498e-04
 7740.200000 8.202985e-01 2.237702e+00 1.583491e+00 7.873222e-02 -3.282411e-04 -3.166511e-04 -2.507082e-04 -2.776238e-04
 7740.400000 8.308668e-01 2.267862e+00 1.610343e+00 8.073707e-02 -3.334169e-04 -3.245286e-04 -2.498148e-04 -2.884242e-04
 7740.600000 8.258826e-01 2.254267e+00 1.601921e+00 8.001915e-02 -3.404038e-04 -3.148774e-04 -2.414801e-04 -2.857035e-04
 7740.800000 8.172513e-01 2.231064e+00 1.591997e+00 7.990024e-02 -3.372277e-04 -3.090441e-04 -2.498092e-04 -2.741609e-04
 7741.000000 8.205306e-01 2.240739e+00 1.600462e+00 8.062799e-02 -3.371340e-04 -3.021548e-04 -2.487294e-04 -2.745764e-04
 7741.200000 8.198323e-01 2.238861e+00 1.602205e+00 7.683368e-02 -3.373223e-04 -3.006240e-04 -2.463832e-04 -2.723199e-04
 7741.400000 8.198239e-01 2.239795e+00 1.608091e+00 7.714754e-02 -3.369731e-04 -3.030127e-04 -2.313299e-04 -2.607526e-04
 7741.600000 8.176364e-01 2.233813e+00 1.606813e+00 7.801318e-02 -3.425452e-04 -3.069367e-04 -2.264286e-04 -2.558218e-04
 7741.800000 8.153087e-01 2.227217e+00 1.603616e+00 8.188109e-02 -3.424237e-04 -2.972283e-04 -2.409446e-04 -2.692861e-04
 7742.000000 8.057572e-01 2.201710e+00 1.587380e+00 7.978265e-02 -3.507259e-04 -2.970752e-04 -2.442373e-04 -2.639589e-04
 7742.700000 7.969381e-01 2.178334e+00 1.578030e+00 7.737356e-02 -3.515623e-04 -3.102396e-04 -2.494717e-04 -2.669130e-04
 7743.400000 8.200031e-01 2.241837e+00 1.628782e+00 8.025816e-02 -3.344974e-04 -3.173659e-04 -2.599779e-04 -2.653624e-04
 7744.100000 8.276141e-01 2.263342e+00 1.646956e+00 7.920661e-02 -3.378658e-04 -3.179171e-04 -2.594684e-04 -2.685269e-04
 7744.800000 8.284477e-01 2.266277e+00 1.651261e+00 8.170120e-02 -3.441858e-04 -3.243364e-04 -2.721401e-04 -2.788290e-04
 7745.500000 8.275102e-01 2.264432e+00 1.649373e+00 7.973738e-02 -3.377869e-04 -3.208306e-04 -2.675468e-04 -2.812118e-04
 7746.200000 8.278030e-01 2.266004e+00 1.648116e+00 8.144124e-02 -3.320818e-04 -3.093054e-04 -2.538424e-04 -2.681847e-04
 7746.900000 8.263584e-01 2.262058e+00 1.637760e+00 7.988481e-02 -3.292728e-04 -3.046495e-04 -2.433376e-04 -2.626535e-04
 7747.600000 8.268814e-01 2.264182e+00 1.627598e+00 7.985559e-02 -3.367976e-04 -3.101222e-04 -2.545500e-04 -2.710987e-04
 7748.300000 8.256393e-01 2.261753e+00 1.609678e+00 8.004299e-02 -3.346627e-04 -3.189514e-04 -2.598401e-04 -2.655866e-04
 7749.993695 8.253202e-01 2.262385e+00 1.561327e+00 8.018133e-02 -3.386703e-04 -3.208900e-04 -2.599559e-04 -2.747872e-04
 7750.999583 8.252260e-01 2.262634e+00 1.527439e+00 8.049590e-02 -3.492383e-04 -3.231723e-04 -2.619020e-04 -2.695709e-04
 7752.017662 8.235742e-01 2.259166e+00 1.488048e+00 8.039925e-02 -3.531605e-04 -3.264530e-04 -2.456236e-04 -2.582315e-04
 7753.047933 8.248452e-01 2.263215e+00 1.451757e+00 7.998447e-02 -3.491298e-04 -3.196177e-04 -2.544245e-04 -2.622214e-04
 7754.090396 8.238992e-01 2.261280e+00 1.413951e+00 8.043906e-02 -3.463350e-04 -3.228150e-04 -2.614277e-04 -2.570958e-04
 7755.145051 8.237627e-01 2.261829e+00 1.382641e+00 8.091737e-02 -3.494715e-04 -3.261155e-04 -2.655627e-04 -2.549790e-04
 7756.211898 8.223480e-01 2.258924e+00 1.356104e+00 8.017343e-02 -3.492931e-04 -3.312206e-04 -2.714828e-04 -2.619665e-04
 7757.290937 8.229654e-01 2.261748e+00 1.345255e+00 8.133321e-02 -3.523766e-04 -3.405206e-04 -2.772920e-04 -2.608630e-04
 7758.382167 8.237151e-01 2.264932e+00 1.346822e+00 7.965084e-02 -3.464661e-04 -3.296027e-04 -2.741407e-04 -2.673698e-04
 7759.485590 8.227668e-01 2.263122e+00 1.356462e+00 8.030185e-02 -3.536460e-04 -3.258644e-04 -2.720974e-04 -2.716206e-04
 7760.601204 8.225412e-01 2.264249e+00 1.379422e+00 8.079004e-02 -3.494246e-04 -3.276850e-04 -2.699948e-04 -2.787558e-04
 7761.729011 8.226704e-01 2.265769e+00 1.413278e+00 8.029149e-02 -3.401069e-04 -3.386972e-04 -2.614933e-04 -2.814716e-04
 7762.869009 8.231530e-01 2.267445e+00 1.456867e+00 8.134974e-02 -3.399552e-04 -3.300452e-04 -2.539452e-04 -2.772263e-04
 7764.021199 8.217997e-01 2.265625e+00 1.499831e+00 8.060862e-02 -3.384554e-04 -3.149506e-04 -2.523434e-04 -2.732332e-04
 7765.185582 8.219741e-01 2.267133e+00 1.543942e+00 8.055559e-02 -3.330712e-04 -3.205447e-04 -2.674791e-04 -2.750010e-04
 7766.362156 8.216785e-01 2.267381e+00 1.586587e+00 8.034897e-02 -3.355115e-04 -3.289827e-04 -2.630772e-04 -2.702916e-04
 7767.550922 8.218780e-01 2.268876e+00 1.627680e+00 8.033018e-02 -3.538084e-04 -3.402915e-04 -2.635929e-04 -2.758010e-04
 7768.751879 8.218221e-01 2.269913e+00 1.662886e+00 8.022133e-02 -3.570258e-04 -3.391900e-04 -2.673759e-04 -2.785953e-04
 7769.965029 8.212155e-01 2.268843e+00 1.688565e+00 8.087419e-02 -3.556670e-04 -3.314270e-04 -2.800732e-04 -2.746121e-04
 7771.190371 8.214799e-01 2.270579e+00 1.707212e+00 7.957871e-02 -3.493690e-04 -3.301808e-04 -2.832424e-04 -2.687443e-04
 7772.427904 8.208059e-01 2.269616e+00 1.715518e+00 8.104523e-02 -3.441872e-04 -3.272494e-04 -2.779722e-04 -2.717914e-04
 7773.677630 8.213030e-01 2.272087e+00 1.723722e+00 8.031823e-02 -3.383639e-04 -3.301369e-04 -2.772075e-04 -2.717472e-04
 7774.939547 8.199535e-01 2.269707e+00 1.729798e+00 8.056150e-02 -3.384218e-04 -3.294396e-04 -2.816928e-04 -2.667122e-04
 7776.213657 8.204907e-01 2.272038e+00 1.742575e+00 8.045604e-02 -3.328957e-04 -3.328610e-04 -2.714548e-04 -2.641021e-04
 7777.499958 8.196900e-01 2.271038e+00 1.751403e+00 8.124921e-02 -3.392557e-04 -3.312372e-04 -2.769032e-04 -2.655630e-04
 7778.798451 8.198341e-01 2.273094e+00 1.760434e+00 8.142015e-02 -3.440960e-04 -3.245689e-04 -2.781564e-04 -2.694018e-04
 7780.109136 8.185697e-01 2.271000e+00 1.758863e+00 8.103969e-02 -3.316022e-04 -3.269056e-04 -2.669822e-04 -2.575665e-04
 7781.432013 8.197012e-01 2.275319e+00 1.754913e+00 8.165992e-02 -3.444060e-04 -3.186112e-04 -2.571550e-04 -2.702043e-04
 7782.767082 8.189791e-01 2.274921e+00 1.740616e+00 8.063595e-02 -3.447474e-04 -3.174516e-04 -2.629503e-04 -2.628338e-04
 7784.114342 8.186891e-01 2.275506e+00 1.726047e+00 8.103637e-02 -3.436213e-04 -3.373616e-04 -2.696456e-04 -2.594438e-04
 7785.473795 8.186963e-01 2.276552e+00 1.712926e+00 8.091570e-02 -3.470345e-04 -3.251561e-04 -2.753471e-04 -2.576792e-04
 7786.845440 8.185735e-01 2.277182e+00 1.699897e+00 8.031506e-02 -3.487937e-04 -3.269160e-04 -2.693279e-04 -2.554297e-04
 7788.229276 8.181522e-01 2.277241e+00 1.683794e+00 8.167363e-02 -3.487593e-04 -3.320318e-04 -2.676998e-04 -2.571622e-04
 7789.625305 8.175963e-01 2.277745e+00 1.663279e+00 8.112142e-02 -3.442846e-04 -3.344723e-04 -2.807404e-04 -2.621397e-04
 7791.033525 8.178157e-01 2.280321e+00 1.643397e+00 8.159642e-02 -3.398827e-04 -3.273652e-04 -2.733047e-04 -2.672385e-04
 7792.453937 8.161460e-01 2.276805e+00 1.621294e+00 8.080422e-02 -3.479563e-04 -3.245085e-04 -2.625501e-04 -2.657830e-04
 7793.886541 8.169447e-01 2.280528e+00 1.604840e+00 8.020572e-02 -3.515947e-04 -3.180081e-04 -2.592263e-04 -2.542928e-04
 7795.331337 8.161269e-01 2.279467e+00 1.583990e+00 8.196413e-02 -3.495804e-04 -3.200598e-04 -2.722598e-04 -2.590723e-04
 7796.788325 8.157573e-01 2.280466e+00 1.562002e+00 8.043862e-02 -3.448721e-04 -3.199687e-04 -2.722633e-04 -2.539712e-04
 7798.257505 8.153990e-01 2.280564e+00 1.533808e+00 8.059467e-02 -3.422770e-04 -3.283840e-04 -2.773505e-04 -2.562772e-04
 7799.738877 8.158051e-01 2.283237e+00 1.502519e+00 8.144999e-02 -3.356991e-04 -3.201976e-04 -2.794546e-04 -2.604264e-04
 7801.232440 8.155243e-01 2.283645e+00 1.468644e+00 8.092585e-02 -3.346522e-04 -3.084976e-04 -2.783878e-04 -2.748163e-04
 7802.738196 8.155871e-01 2.285469e+00 1.438821e+00 8.113029e-02 -3.375719e-04 -3.136991e-04 -2.664871e-04 -2.646420e-04
 7804.256143 8.150703e-01 2.285079e+00 1.414313e+00 8.140470e-02 -3.344694e-04 -3.316299e-04 -2.633300e-04 -2.346541e-04
 7805.786283 8.151774e-01 2.286592e+00 1.401644e+00 8.119154e-02 -3.428760e-04 -3.279208e-04 -2.666212e-04 -2.519032e-04
 7807.328614 8.146129e-01 2.285958e+00 1.398145e+00 8.115229e-02 -3.483238e-04 -3.273799e-04 -2.722037e-04 -2.562257e-04
 7808.883137 8.142506e-01 2.286513e+00 1.408377e+00 8.214366e-02 -3.578693e-04 -3.291940e-04 -2.758749e-04 -2.596573e-04
 7810.449852 8.136504e-01 2.286515e+00 1.426457e+00 8.113487e-02 -3.583102e-04 -3.288838e-04 -2.755305e-04 -2.665811e-04
 7812.028759 8.144969e-01 2.290018e+00 1.454162e+00 8.158212e-02 -3.503057e-04 -3.408753e-04 -2.673620e-04 -2.623565e-04
 7813.619858 8.134724e-01 2.288124e+00 1.480230e+00 8.213594e-02 -3.372679e-04 -3.411781e-04 -2.710442e-04 -2.674237e-04
 7815.223149 8.142451e-01 2.291977e+00 1.515095e+00 8.158767e-02 -3.389792e-04 -3.403739e-04 -2.677678e-04 -2.732093e-04
 7816.838632 8.128165e-01 2.289777e+00 1.548756e+00 8.138324e-02 -3.390073e-04 -3.420703e-04 -2.691071e-04 -2.655080e-04
 7818.466307 8.133733e-01 2.292416e+00 1.587142e+00 8.147432e-02 -3.316134e-04 -3.485315e-04 -2.663357e-04 -2.713905e-04
 7820.106173 8.122573e-01 2.290262e+00 1.618297e+00 8.138138e-02 -3.356720e-04 -3.405478e-04 -2.693765e-04 -2.666727e-04
 7821.758232 8.130918e-01 2.294238e+00 1.654454e+00 8.167934e-02 -3.363879e-04 -3.380252e-04 -2.640874e-04 -2.563207e-04
 7823.422482 8.117099e-01 2.292388e+00 1.686651e+00 8.185925e-02 -3.417066e-04 -3.332431e-04 -2.572191e-04 -2.492770e-04
 7825.098924 8.128173e-01 2.296493e+00 1.728859e+00 8.207332e-02 -3.513053e-04 -3.394751e-04 -2.500593e-04 -2.523976e-04
 7826.787558 8.110814e-01 2.292842e+00 1.770603e+00 8.190715e-02 -3.551475e-04 -3.394256e-04 -2.599878e-04 -2.497300e-04
 7828.488385 8.072418e-01 2.283212e+00 1.807015e+00 8.103431e-02 -3.626412e-04 -3.407825e-04 -2.648579e-04 -2.525218e-04
 7830.201403 8.058140e-01 2.280539e+00 1.841952e+00 8.154563e-02 -3.548502e-04 -3.379787e-04 -2.745111e-04 -2.452909e-04
 7831.926613 8.108870e-01 2.296417e+00 1.881312e+00 8.175215e-02 -3.626963e-04 -3.389064e-04 -2.795644e-04 -2.657435e-04
 7833.664014 8.098262e-01 2.294726e+00 1.892697e+00 8.175890e-02 -3.608471e-04 -3.320132e-04 -2.650914e-04 -2.649447e-04
 7835.413608 8.109521e-01 2.299748e+00 1.897084e+00 8.156297e-02 -3.498354e-04 -3.437443e-04 -2.615126e-04 -2.654925e-04
 7837.175394 8.095154e-01 2.297272e+00 1.885683e+00 8.218281e-02 -3.547234e-04 -3.418052e-04 -2.652380e-04 -2.630195e-04
 7838.949371 8.104335e-01 2.301911e+00 1.872393e+00 8.195522e-02 -3.473160e-04 -3.402650e-04 -2.639744e-04 -2.611554e-04
 7840.735541 8.092926e-01 2.300479e+00 1.850986e+00 8.057142e-02 -3.504765e-04 -3.445683e-04 -2.629083e-04 -2.688842e-04
 7842.533902 8.093707e-01 2.301725e+00 1.828174e+00 8.261717e-02 -3.460974e-04 -3.459271e-04 -2.761366e-04 -2.624388e-04
 7844.344455 8.087604e-01 2.301931e+00 1.805822e+00 8.188862e-02 -3.488347e-04 -3.389243e-04 -2.623202e-04 -2.689275e-04
 7846.167201 8.090155e-01 2.303976e+00 1.787259e+00 8.284493e-02 -3.438257e-04 -3.458545e-04 -2.607644e-04 -2.759161e-04
 7848.002138 8.076389e-01 2.301885e+00 1.772232e+00 8.141447e-02 -3.462074e-04 -3.431273e-04 -2.614201e-04 -2.735673e-04
 7849.849267 8.089309e-01 2.307426e+00 1.771818e+00 8.292270e-02 -3.475707e-04 -3.301190e-04 -2.673127e-04 -2.693596e-04
 7851.708588 8.081992e-01 2.306784e+00 1.772874e+00 8.288598e-02 -3.438939e-04 -3.372403e-04 -2.771150e-04 -2.668367e-04
 7853.580100 8.053405e-01 2.300742e+00 1.773909e+00 8.174634e-02 -3.445152e-04 -3.359152e-04 -2.779418e-04 -2.652069e-04
 7855.463805 8.016184e-01 2.291392e+00 1.767909e+00 8.180402e-02 -3.437257e-04 -3.188281e-04 -2.823828e-04 -2.672563e-04
 7857.359702 8.063854e-01 2.306537e+00 1.768960e+00 8.281053e-02 -3.531225e-04 -3.183626e-04 -2.748166e-04 -2.637518e-04
 7859.267790 8.050458e-01 2.304784e+00 1.741786e+00 8.161327e-02 -3.452429e-04 -3.214740e-04 -2.668986e-04 -2.621492e-04
 7861.188071 8.060469e-01 2.309494e+00 1.703983e+00 8.237755e-02 -3.403324e-04 -3.166324e-04 -2.695146e-04 -2.550948e-04
 7863.120543 8.045581e-01 2.307053e+00 1.654410e+00 8.268968e-02 -3.413729e-04 -3.205343e-04 -2.651498e-04 -2.595919e-04
 7865.065207 8.055400e-01 2.310800e+00 1.611354e+00 8.238502e-02 -3.340141e-04 -3.342329e-04 -2.666859e-04 -2.608403e-04
 7867.022064 8.048413e-01 2.311122e+00 1.573926e+00 8.289436e-02 -3.354086e-04 -3.324388e-04 -2.602430e-04 -2.597420e-04
 7868.991112 8.049076e-01 2.313279e+00 1.546493e+00 8.308580e-02 -3.346932e-04 -3.347603e-04 -2.671911e-04 -2.578901e-04
 7870.972352 8.032548e-01 2.310175e+00 1.524251e+00 8.231114e-02 -3.402930e-04 -3.357446e-04 -2.761640e-04 -2.667609e-04
 7872.965784 8.044327e-01 2.315170e+00 1.515156e+00 8.310996e-02 -3.556955e-04 -3.346391e-04 -2.696408e-04 -2.695617e-04
 7874.971407 8.026962e-01 2.311664e+00 1.506465e+00 8.269927e-02 -3.643286e-04 -3.309704e-04 -2.661795e-04 -2.624414e-04
 7876.989223 8.030352e-01 2.314386e+00 1.510908e+00 8.271221e-02 -3.530692e-04 -3.285002e-04 -2.654691e-04 -2.513033e-04
 7879.019231 8.024278e-01 2.314570e+00 1.527127e+00 8.274724e-02 -3.474638e-04 -3.290152e-04 -2.547419e-04 -2.634979e-04
 7881.061430 8.032405e-01 2.318080e+00 1.558250e+00 8.192969e-02 -3.436269e-04 -3.331448e-04 -2.625786e-04 -2.742972e-04
 7883.115822 8.007657e-01 2.313293e+00 1.595162e+00 8.356615e-02 -3.406491e-04 -3.362638e-04 -2.681386e-04 -2.716260e-04
 7885.182405 8.011167e-01 2.315456e+00 1.649546e+00 8.278381e-02 -3.354895e-04 -3.324437e-04 -2.687280e-04 -2.651594e-04
 7887.261180 8.015718e-01 2.319153e+00 1.717743e+00 8.259135e-02 -3.353296e-04 -3.224545e-04 -2.576922e-04 -2.723293e-04
 7889.352148 8.019761e-01 2.322160e+00 1.795619e+00 8.368621e-02 -3.459776e-04 -3.223205e-04 -2.658888e-04 -2.676763e-04
 7891.455307 7.992936e-01 2.315641e+00 1.868200e+00 8.312857e-02 -3.479936e-04 -3.252559e-04 -2.699033e-04 -2.661196e-04
 7893.570658 7.930531e-01 2.299539e+00 1.927648e+00 8.196499e-02 -3.432108e-04 -3.136932e-04 -2.684927e-04 -2.761257e-04
 7895.698201 7.983328e-01 2.316975e+00 1.999419e+00 8.300189e-02 -3.489222e-04 -3.176901e-04 -2.674189e-04 -2.851780e-04
 7897.837935 7.997326e-01 2.323029e+00 2.037861e+00 8.369418e-02 -3.448146e-04 -3.222750e-04 -2.695013e-04 -2.874227e-04
 7899.989862 7.992644e-01 2.323685e+00 2.045200e+00 8.229218e-02 -3.492869e-04 -3.243419e-04 -2.776052e-04 -2.870333e-04
 7902.153981 7.993394e-01 2.326357e+00 2.032593e+00 8.381625e-02 -3.550961e-04 -3.274001e-04 -2.712437e-04 -2.846607e-04
 7904.330291 7.980305e-01 2.324325e+00 2.000383e+00 8.257232e-02 -3.414315e-04 -3.225456e-04 -2.834035e-04 -2.875908e-04
 7906.518794 7.987266e-01 2.328364e+00 1.970789e+00 8.324653e-02 -3.480503e-04 -3.103282e-04 -2.857077e-04 -2.844460e-04
 7908.719488 7.972131e-01 2.326079e+00 1.936800e+00 8.359580e-02 -3.509713e-04 -3.081845e-04 -2.778821e-04 -2.773421e-04
 7910.932374 7.975867e-01 2.329856e+00 1.911041e+00 8.362701e-02 -3.422009e-04 -3.065973e-04 -2.818726e-04 -2.751970e-04
 7913.157453 7.975728e-01 2.331967e+00 1.889935e+00 8.237153e-02 -3.277339e-04 -3.219144e-04 -2.804271e-04 -2.685909e-04
 7915.394723 7.970560e-01 2.331800e+00 1.874063e+00 8.326038e-02 -3.230299e-04 -3.166044e-04 -2.741659e-04 -2.607642e-04
 7917.644185 7.965869e-01 2.332037e+00 1.866563e+00 8.386292e-02 -3.276761e-04 -3.160105e-04 -2.647561e-04 -2.644908e-04
 7919.905838 7.956493e-01 2.331319e+00 1.863863e+00 8.270606e-02 -3.407955e-04 -3.115157e-04 -2.666196e-04 -2.620552e-04
 7922.179684 7.966374e-01 2.336041e+00 1.870952e+00 8.308994e-02 -3.315595e-04 -3.066064e-04 -2.641722e-04 -2.653496e-04
 7924.465722 7.953218e-01 2.334638e+00 1.874576e+00 8.444742e-02 -3.252021e-04 -3.160129e-04 -2.675087e-04 -2.607993e-04
 7926.763952 7.950018e-01 2.335690e+00 1.882932e+00 8.348006e-02 -3.289781e-04 -3.297998e-04 -2.666893e-04 -2.544762e-04
 7929.074373 7.935657e-01 2.333561e+00 1.892555e+00 8.419767e-02 -3.233278e-04 -3.299836e-04 -2.741492e-04 -2.495669e-04
 7931.396987 7.944343e-01 2.337946e+00 1.910214e+00 8.328419e-02 -3.205971e-04 -3.222701e-04 -2.611574e-04 -2.576814e-04
 7933.731792 7.929773e-01 2.335795e+00 1.923555e+00 8.393624e-02 -3.227610e-04 -3.113996e-04 -2.639212e-04 -2.594796e-04
 7936.078789 7.900383e-01 2.329677e+00 1.927852e+00 8.382090e-02 -3.207088e-04 -3.075666e-04 -2.821663e-04 -2.582259e-04
 7938.437978 7.793600e-01 2.300390e+00 1.900534e+00 8.240642e-02 -3.285104e-04 -3.172500e-04 -2.718329e-04 -2.563456e-04
 7940.809359 7.935218e-01 2.344268e+00 1.918464e+00 8.386741e-02 -3.350442e-04 -3.248483e-04 -2.692118e-04 -2.532938e-04
 7943.192932 7.934263e-01 2.345513e+00 1.891295e+00 8.459356e-02 -3.308654e-04 -3.106004e-04 -2.646737e-04 -2.718456e-04
 7945.588697 7.928562e-01 2.345350e+00 1.861300e+00 8.397919e-02 -3.223300e-04 -3.078267e-04 -2.724789e-04 -2.630823e-04
 7947.996654 7.915239e-01 2.343853e+00 1.833986e+00 8.432966e-02 -3.235432e-04 -2.941853e-04 -2.655931e-04 -2.514478e-04
 7950.416803 7.920621e-01 2.346972e+00 1.814998e+00 8.357729e-02 -3.316506e-04 -3.007308e-04 -2.705024e-04 -2.500241e-04
 7952.849143 7.911720e-01 2.346070e+00 1.797347e+00 8.386728e-02 -3.255932e-04 -3.045167e-04 -2.683746e-04 -2.477071e-04
 7955.293676 7.914359e-01 2.348643e+00 1.789296e+00 8.444830e-02 -3.213963e-04 -3.010693e-04 -2.622685e-04 -2.480484e-04
 7957.750400 7.899403e-01 2.345903e+00 1.785883e+00 8.426431e-02 -3.226558e-04 -2.898906e-04 -2.559945e-04 -2.632507e-04
 7960.219317 7.898842e-01 2.348118e+00 1.796581e+00 8.429749e-02 -3.263015e-04 -2.982150e-04 -2.675896e-04 -2.571431e-04
 7962.700425 7.896432e-01 2.348962e+00 1.817571e+00 8.345593e-02 -3.269736e-04 -2.996165e-04 -2.726634e-04 -2.641072e-04
 7965.193725 7.892062e-01 2.349771e+00 1.849903e+00 8.411591e-02 -3.238636e-04 -3.035461e-04 -2.798002e-04 -2.652918e-04
 7967.699217 7.888274e-01 2.350969e+00 1.890754e+00 8.450322e-02 -3.241045e-04 -3.016041e-04 -2.662267e-04 -2.598110e-04
 7970.216901 7.881093e-01 2.351035e+00 1.934178e+00 8.408339e-02 -3.280830e-04 -2.960722e-04 -2.725022e-04 -2.493632e-04
 7972.746777 7.872132e-01 2.350745e+00 1.977570e+00 8.489911e-02 -3.244231e-04 -2.988027e-04 -2.766977e-04 -2.551434e-04
 7975.288845 7.869215e-01 2.352474e+00 2.015802e+00 8.442525e-02 -3.123146e-04 -3.119480e-04 -2.704082e-04 -2.620481e-04
 7977.843105 7.871129e-01 2.355278e+00 2.046264e+00 8.482668e-02 -3.097973e-04 -3.079598e-04 -2.790511e-04 -2.575338e-04
 7980.409556 7.855176e-01 2.352609e+00 2.062408e+00 8.382414e-02 -3.193849e-04 -3.034808e-04 -2.661566e-04 -2.582652e-04
 7982.988200 7.820250e-01 2.344646e+00 2.068850e+00 8.452431e-02 -3.297307e-04 -2.951959e-04 -2.681122e-04 -2.681576e-04
 7985.579035 7.807343e-01 2.343406e+00 2.075987e+00 8.425965e-02 -3.245827e-04 -3.003852e-04 -2.761887e-04 -2.760498e-04
 7988.182062 7.842201e-01 2.356120e+00 2.096447e+00 8.461033e-02 -3.204006e-04 -3.107028e-04 -2.724410e-04 -2.727639e-04
 7990.797282 7.833981e-01 2.355890e+00 2.104260e+00 8.512171e-02 -3.226782e-04 -3.145242e-04 -2.615033e-04 -2.604384e-04
 7993.424693 7.832596e-01 2.357695e+00 2.114245e+00 8.439253e-02 -3.247833e-04 -3.139716e-04 -2.634303e-04 -2.713766e-04
 7996.064296 7.830633e-01 2.359977e+00 2.124142e+00 8.473189e-02 -3.207015e-04 -3.108402e-04 -2.864060e-04 -2.765013e-04
 7998.716091 7.816319e-01 2.358233e+00 2.127890e+00 8.456973e-02 -3.246334e-04 -3.222343e-04 -2.860950e-04 -2.584208e-04
 8001.380078 7.818791e-01 2.360848e+00 2.134293e+00 8.519531e-02 -3.353883e-04 -3.317841e-04 -2.974810e-04 -2.686989e-04
 8004.056256 7.807502e-01 2.359485e+00 2.131604e+00 8.434100e-02 -3.327380e-04 -3.355263e-04 -2.864510e-04 -2.595947e-04
 8006.744627 7.810442e-01 2.362632e+00 2.130966e+00 8.508412e-02 -3.249720e-04 -3.360931e-04 -2.853199e-04 -2.596366e-04
 8009.445190 7.798749e-01 2.361585e+00 2.122420e+00 8.480131e-02 -3.236178e-04 -3.284959e-04 -2.896296e-04 -2.548267e-04
 8012.157944 7.797829e-01 2.363295e+00 2.116313e+00 8.438910e-02 -3.209636e-04 -3.286747e-04 -2.847921e-04 -2.508550e-04
 8014.882891 7.789153e-01 2.362587e+00 2.108358e+00 8.559503e-02 -3.225210e-04 -3.251980e-04 -2.738551e-04 -2.486428e-04
 8017.620029 7.785171e-01 2.363486e+00 2.102763e+00 8.558434e-02 -3.223415e-04 -3.311220e-04 -2.713984e-04 -2.524024e-04
 8020.369359 7.786799e-01 2.366423e+00 2.100938e+00 8.519545e-02 -3.173085e-04 -3.252173e-04 -2.818135e-04 -2.645284e-04
 8023.130881 7.765767e-01 2.362703e+00 2.095459e+00 8.553545e-02 -3.149199e-04 -3.279499e-04 -2.933109e-04 -2.656026e-04
 8025.904595 7.766997e-01 2.365717e+00 2.096070e+00 8.541400e-02 -3.173703e-04 -3.241584e-04 -2.853540e-04 -2.692475e-04
 8028.690501 7.752540e-01 2.363370e+00 2.089755e+00 8.513890e-02 -3.233354e-04 -3.169664e-04 -2.851842e-04 -2.681202e-04
 8031.488599 7.761082e-01 2.368614e+00 2.089975e+00 8.606277e-02 -3.209196e-04 -3.181840e-04 -2.783827e-04 -2.627422e-04
 8034.298889 7.744265e-01 2.366566e+00 2.081319e+00 8.487484e-02 -3.169955e-04 -3.195951e-04 -2.833484e-04 -2.617309e-04
 8037.121371 7.746383e-01 2.369706e+00 2.075964e+00 8.535325e-02 -3.202578e-04 -3.176499e-04 -2.749943e-04 -2.616843e-04
 8039.956044 7.738182e-01 2.369834e+00 2.069390e+00 8.494552e-02 -3.207223e-04 -3.220956e-04 -2.595139e-04 -2.599972e-04
 8042.802910 7.732631e-01 2.371085e+00 2.068065e+00 8.603311e-02 -3.141492e-04 -3.251573e-04 -2.725432e-04 -2.547301e-04
 8045.661967 7.726430e-01 2.372096e+00 2.072228e+00 8.511883e-02 -3.182076e-04 -3.268505e-04 -2.716728e-04 -2.533052e-04
 8048.533217 7.707827e-01 2.368765e+00 2.077653e+00 8.517862e-02 -3.175926e-04 -3.121701e-04 -2.713424e-04 -2.603803e-04
 8051.416658 7.695169e-01 2.367054e+00 2.090252e+00 8.474154e-02 -3.121476e-04 -3.100440e-04 -2.884287e-04 -2.670036e-04
 8054.312291 7.502068e-01 2.310108e+00 2.058626e+00 8.331051e-02 -3.093335e-04 -3.124725e-04 -2.712937e-04 -2.690173e-04
 8057.220116 7.646900e-01 2.357544e+00 2.122204e+00 8.454318e-02 -3.218612e-04 -3.169581e-04 -2.646923e-04 -2.632935e-04
 8060.140133 7.724963e-01 2.384060e+00 2.168222e+00 8.622904e-02 -3.319682e-04 -3.238451e-04 -2.630313e-04 -2.552801e-04
 8063.072342 7.714319e-01 2.383179e+00 2.186403e+00 8.529131e-02 -3.301342e-04 -3.211530e-04 -2.649895e-04 -2.555316e-04
 8066.016743 7.715998e-01 2.386165e+00 2.205287e+00 8.608297e-02 -3.313398e-04 -3.234567e-04 -2.603650e-04 -2.585111e-04
 8068.973335 7.701306e-01 2.383944e+00 2.211139e+00 8.657087e-02 -3.333068e-04 -3.161890e-04 -2.569402e-04 -2.705187e-04
 8071.942120 7.702085e-01 2.386890e+00 2.217510e+00 8.557962e-02 -3.357098e-04 -3.134496e-04 -2.695450e-04 -2.685233e-04
 8074.923096 7.695269e-01 2.386905e+00 2.223178e+00 8.660231e-02 -3.363358e-04 -3.144806e-04 -2.631045e-04 -2.714616e-04
 8077.916265 7.689062e-01 2.387807e+00 2.233437e+00 8.639576e-02 -3.465621e-04 -3.082814e-04 -2.588752e-04 -2.677744e-04
 8080.921625 7.684849e-01 2.388661e+00 2.249382e+00 8.561255e-02 -3.372618e-04 -3.233376e-04 -2.707245e-04 -2.546080e-04
 8083.939177 7.671294e-01 2.387253e+00 2.268216e+00 8.627658e-02 -3.271793e-04 -3.103814e-04 -2.637603e-04 -2.573138e-04
 8086.968921 7.658978e-01 2.386454e+00 2.287403e+00 8.658317e-02 -3.331463e-04 -3.089510e-04 -2.572478e-04 -2.693932e-04
 8090.010858 7.566014e-01 2.359961e+00 2.277852e+00 8.547847e-02 -3.312090e-04 -3.083954e-04 -2.614001e-04 -2.765476e-04
 8093.064985 7.470963e-01 2.332651e+00 2.260622e+00 8.424955e-02 -3.274875e-04 -3.122396e-04 -2.671020e-04 -2.780171e-04
 8096.131305 7.678975e-01 2.399981e+00 2.332039e+00 8.678825e-02 -3.261650e-04 -3.104660e-04 -2.650742e-04 -2.858468e-04
 8099.209817 7.665368e-01 2.398230e+00 2.337844e+00 8.571393e-02 -3.291230e-04 -3.154134e-04 -2.636830e-04 -2.857834e-04
 8102.300521 7.659095e-01 2.398871e+00 2.344447e+00 8.741187e-02 -3.276124e-04 -3.210883e-04 -2.616392e-04 -2.838391e-04
 8105.403416 7.658148e-01 2.401088e+00 2.351338e+00 8.612641e-02 -3.296377e-04 -3.157350e-04 -2.689539e-04 -2.855447e-04
 8108.518504 7.648327e-01 2.400750e+00 2.353847e+00 8.700215e-02 -3.285400e-04 -3.153928e-04 -2.752773e-04 -2.886803e-04
 8111.645783 7.645230e-01 2.402612e+00 2.357221e+00 8.590246e-02 -3.312275e-04 -3.037843e-04 -2.694674e-04 -2.858002e-04
 8114.785255 7.635626e-01 2.402285e+00 2.357760e+00 8.693974e-02 -3.353473e-04 -3.036691e-04 -2.667148e-04 -2.873770e-04
 8117.936918 7.630592e-01 2.403099e+00 2.357990e+00 8.742620e-02 -3.281150e-04 -3.087656e-04 -2.765021e-04 -2.790704e-04
 8121.100773 7.623412e-01 2.403842e+00 2.356592e+00 8.734415e-02 -3.333072e-04 -3.004176e-04 -2.791443e-04 -2.778205e-04
 8124.276820 7.612359e-01 2.403142e+00 2.355360e+00 8.676245e-02 -3.336932e-04 -3.066931e-04 -2.663968e-04 -2.720911e-04
 8127.465059 7.612839e-01 2.405589e+00 2.356356e+00 8.737728e-02 -3.351755e-04 -3.136671e-04 -2.642825e-04 -2.700424e-04
 8130.665490 7.604210e-01 2.405184e+00 2.354965e+00 8.746514e-02 -3.259160e-04 -3.195891e-04 -2.682966e-04 -2.759114e-04
 8133.878112 7.597923e-01 2.405616e+00 2.355774e+00 8.677465e-02 -3.245685e-04 -3.189622e-04 -2.641002e-04 -2.723153e-04
 8137.102927 7.592953e-01 2.407003e+00 2.357083e+00 8.659497e-02 -3.352523e-04 -3.197433e-04 -2.784953e-04 -2.756458e-04
 8140.339934 7.581025e-01 2.405607e+00 2.355748e+00 8.729929e-02 -3.338631e-04 -3.147047e-04 -2.883163e-04 -2.807742e-04
 8143.589132 7.580259e-01 2.408266e+00 2.359850e+00 8.744905e-02 -3.247571e-04 -3.041688e-04 -2.836729e-04 -2.838855e-04
 8146.850523 7.573073e-01 2.408738e+00 2.362963e+00 8.677980e-02 -3.251285e-04 -3.068834e-04 -2.842175e-04 -2.778433e-04
 8150.124105 7.563928e-01 2.408364e+00 2.366741e+00 8.733682e-02 -3.248613e-04 -3.033102e-04 -2.738988e-04 -2.748976e-04
 8153.409879 7.561490e-01 2.410141e+00 2.376375e+00 8.724933e-02 -3.223429e-04 -2.975253e-04 -2.834017e-04 -2.770493e-04
 8156.707845 7.557135e-01 2.411612e+00 2.387940e+00 8.748925e-02 -3.168116e-04 -3.031925e-04 -2.759895e-04 -2.698374e-04
 8160.018003 7.545235e-01 2.409451e+00 2.400334e+00 8.721506e-02 -3.216902e-04 -3.055240e-04 -2.768998e-04 -2.653220e-04
 8163.340353 7.549765e-01 2.414033e+00 2.420324e+00 8.677589e-02 -3.194515e-04 -3.158655e-04 -2.664454e-04 -2.669835e-04
 8166.674895 7.540593e-01 2.414459e+00 2.435914e+00 8.781518e-02 -3.193526e-04 -3.099942e-04 -2.674323e-04 -2.740352e-04
 8170.021629 7.530743e-01 2.414043e+00 2.448893e+00 8.770617e-02 -3.180513e-04 -3.027588e-04 -2.576314e-04 -2.669597e-04
 8173.380554 7.530773e-01 2.416696e+00 2.462480e+00 8.665264e-02 -3.297008e-04 -3.015606e-04 -2.754228e-04 -2.698078e-04
 8176.751672 7.525077e-01 2.417626e+00 2.471345e+00 8.794871e-02 -3.260589e-04 -3.185162e-04 -2.724967e-04 -2.682245e-04
 8180.134982 7.514160e-01 2.417019e+00 2.477882e+00 8.821644e-02 -3.280764e-04 -3.150395e-04 -2.779753e-04 -2.677988e-04
 8183.530483 7.508306e-01 2.418022e+00 2.484126e+00 8.726679e-02 -3.262134e-04 -3.154728e-04 -2.745610e-04 -2.775136e-04
 8186.938176 7.502394e-01 2.418698e+00 2.490553e+00 8.711816e-02 -3.249203e-04 -3.158568e-04 -2.787245e-04 -2.730523e-04
 8190.358061 7.495712e-01 2.419620e+00 2.498571e+00 8.802194e-02 -3.229213e-04 -3.072514e-04 -2.717956e-04 -2.673714e-04
 8193.790139 7.487834e-01 2.419276e+00 2.506404e+00 8.739461e-02 -3.200064e-04 -3.016862e-04 -2.723888e-04 -2.597794e-04
 8197.234408 7.485682e-01 2.421164e+00 2.519882e+00 8.805749e-02 -3.170478e-04 -3.047196e-04 -2.694048e-04 -2.700829e-04
 8200.690868 7.478188e-01 2.422000e+00 2.533870e+00 8.829341e-02 -3.302157e-04 -3.058989e-04 -2.783134e-04 -2.856287e-04
 8204.159521 7.471828e-01 2.422650e+00 2.547738e+00 8.803311e-02 -3.264708e-04 -3.097696e-04 -2.816774e-04 -2.914631e-04
 8207.640366 7.468167e-01 2.424033e+00 2.560276e+00 8.798712e-02 -3.360249e-04 -3.049521e-04 -2.605073e-04 -2.842467e-04
 8211.133403 7.461214e-01 2.424337e+00 2.570407e+00 8.825937e-02 -3.402189e-04 -3.024164e-04 -2.526531e-04 -2.779596e-04
 8214.638631 7.455771e-01 2.425170e+00 2.580835e+00 8.798018e-02 -3.393593e-04 -3.070270e-04 -2.552764e-04 -2.802297e-04
 8218.156052 7.449179e-01 2.425833e+00 2.592954e+00 8.813101e-02 -3.405592e-04 -3.091064e-04 -2.588509e-04 -2.855066e-04
 8221.685664 7.441847e-01 2.426456e+00 2.603745e+00 8.799209e-02 -3.376035e-04 -3.062308e-04 -2.611616e-04 -2.913201e-04
 8225.227468 7.434744e-01 2.426354e+00 2.613787e+00 8.880788e-02 -3.451774e-04 -3.055769e-04 -2.659213e-04 -2.907323e-04
 8228.781465 7.428814e-01 2.427681e+00 2.621951e+00 8.849552e-02 -3.426628e-04 -3.024955e-04 -2.660376e-04 -2.802321e-04
 8232.347653 7.423824e-01 2.429152e+00 2.630626e+00 8.924152e-02 -3.335281e-04 -3.005566e-04 -2.691507e-04 -2.774324e-04
 8235.926033 7.412425e-01 2.428230e+00 2.634708e+00 8.767725e-02 -3.343590e-04 -3.093519e-04 -2.636265e-04 -2.748254e-04
 8239.516605 7.407588e-01 2.429728e+00 2.640479e+00 8.869836e-02 -3.347675e-04 -3.107557e-04 -2.680818e-04 -2.772611e-04
 8243.119369 7.406628e-01 2.432280e+00 2.644757e+00 8.816473e-02 -3.445663e-04 -3.021617e-04 -2.703325e-04 -2.871763e-04
 8246.734324 7.390877e-01 2.430102e+00 2.644573e+00 8.852948e-02 -3.419084e-04 -2.952411e-04 -2.677294e-04 -2.955433e-04
 8250.361472 7.390437e-01 2.432733e+00 2.648122e+00 8.890518e-02 -3.547959e-04 -3.093567e-04 -2.627942e-04 -2.833157e-04
 8254.000811 7.386064e-01 2.434237e+00 2.650149e+00 8.843739e-02 -3.436898e-04 -3.127108e-04 -2.786425e-04 -2.814990e-04
 8257.652343 7.372604e-01 2.432875e+00 2.647724e+00 8.837474e-02 -3.471035e-04 -3.088328e-04 -2.661267e-04 -2.896302e-04
 8261.316066 7.373432e-01 2.435600e+00 2.651205e+00 8.877360e-02 -3.483581e-04 -3.097590e-04 -2.648546e-04 -2.885891e-04
 8264.991982 7.365319e-01 2.435767e+00 2.654501e+00 8.861559e-02 -3.439887e-04 -3.076371e-04 -2.597065e-04 -2.920134e-04
 8268.680089 7.361140e-01 2.437511e+00 2.661475e+00 8.938501e-02 -3.428814e-04 -3.142510e-04 -2.561458e-04 -2.818669e-04
 8272.380388 7.352476e-01 2.437482e+00 2.669834e+00 8.874576e-02 -3.391537e-04 -3.089316e-04 -2.575927e-04 -2.743942e-04
 8276.092879 7.323171e-01 2.430806e+00 2.675411e+00 8.836734e-02 -3.474969e-04 -3.076668e-04 -2.599914e-04 -2.797993e-04
 8279.817562 7.325777e-01 2.434316e+00 2.693318e+00 8.831564e-02 -3.490289e-04 -3.202489e-04 -2.525464e-04 -2.794914e-04
 8283.554437 7.333264e-01 2.439932e+00 2.711530e+00 8.927041e-02 -3.509653e-04 -3.296797e-04 -2.568669e-04 -2.827153e-04
 8287.303503 7.322351e-01 2.439849e+00 2.723895e+00 8.889563e-02 -3.464110e-04 -3.317562e-04 -2.639014e-04 -2.875008e-04
 8291.064762 7.319572e-01 2.441987e+00 2.737997e+00 8.914523e-02 -3.445149e-04 -3.332725e-04 -2.602594e-04 -2.886289e-04
 8294.838213 7.313117e-01 2.442725e+00 2.750215e+00 8.924206e-02 -3.407507e-04 -3.398159e-04 -2.533146e-04 -2.860226e-04
 8298.623855 7.304615e-01 2.442305e+00 2.760878e+00 8.871986e-02 -3.419143e-04 -3.298048e-04 -2.580895e-04 -2.824760e-04
 8302.421689 7.299997e-01 2.443770e+00 2.771254e+00 8.930482e-02 -3.409605e-04 -3.382912e-04 -2.615569e-04 -2.835336e-04
 8306.231716 7.286477e-01 2.441779e+00 2.777946e+00 8.955110e-02 -3.419416e-04 -3.373975e-04 -2.612107e-04 -2.784150e-04
 8310.053934 7.287399e-01 2.444733e+00 2.790562e+00 8.964133e-02 -3.426392e-04 -3.381773e-04 -2.725790e-04 -2.746887e-04
 8313.888344 7.273891e-01 2.443935e+00 2.798298e+00 8.949228e-02 -3.415876e-04 -3.340985e-04 -2.636880e-04 -2.800644e-04
 8317.734946 7.270125e-01 2.445921e+00 2.809816e+00 8.968220e-02 -3.356661e-04 -3.174073e-04 -2.669981e-04 -2.705572e-04
 8321.593740 7.261895e-01 2.446745e+00 2.818699e+00 8.932373e-02 -3.340587e-04 -3.229887e-04 -2.616969e-04 -2.688901e-04
 8325.464726 7.255373e-01 2.447076e+00 2.828645e+00 8.909134e-02 -3.254415e-04 -3.273894e-04 -2.481422e-04 -2.767767e-04
 8329.347903 7.251075e-01 2.449242e+00 2.839562e+00 8.981389e-02 -3.274399e-04 -3.376828e-04 -2.556721e-04 -2.800820e-04
 8333.243273 7.235802e-01 2.446763e+00 2.846552e+00 8.945648e-02 -3.266239e-04 -3.316398e-04 -2.566303e-04 -2.825099e-04
 8337.150835 7.223936e-01 2.446132e+00 2.856736e+00 8.968914e-02 -3.338175e-04 -3.260994e-04 -2.594782e-04 -2.882463e-04
 8341.070588 7.220746e-01 2.447863e+00 2.866546e+00 9.005357e-02 -3.308312e-04 -3.252661e-04 -2.754813e-04 -2.828455e-04
 8345.002533 7.211103e-01 2.447293e+00 2.874886e+00 8.955521e-02 -3.192278e-04 -3.234119e-04 -2.827742e-04 -2.776371e-04
 8348.946671 7.200597e-01 2.446282e+00 2.883011e+00 8.962360e-02 -3.244665e-04 -3.156754e-04 -2.748612e-04 -2.667322e-04
 8352.903000 7.185885e-01 2.444716e+00 2.890442e+00 8.980957e-02 -3.327760e-04 -3.227095e-04 -2.717997e-04 -2.644718e-04
 8356.871521 7.176327e-01 2.444568e+00 2.897890e+00 8.952127e-02 -3.331335e-04 -3.255233e-04 -2.733779e-04 -2.718449e-04
 8360.852234 7.176770e-01 2.447658e+00 2.908961e+00 8.964169e-02 -3.369334e-04 -3.236915e-04 -2.700182e-04 -2.783273e-04
 8364.845139 7.167685e-01 2.447612e+00 2.917121e+00 9.013027e-02 -3.367675e-04 -3.292544e-04 -2.627333e-04 -2.792879e-04
 8368.850236 7.161891e-01 2.449064e+00 2.926393e+00 8.941611e-02 -3.263122e-04 -3.323756e-04 -2.725487e-04 -2.786957e-04
 8372.867524 7.159658e-01 2.451213e+00 2.937304e+00 9.010014e-02 -3.281541e-04 -3.352665e-04 -2.697550e-04 -2.691185e-04
 8376.897005 7.145421e-01 2.449205e+00 2.940677e+00 8.961602e-02 -3.341856e-04 -3.339693e-04 -2.661007e-04 -2.791664e-04
 8380.938678 7.147857e-01 2.452457e+00 2.951087e+00 8.992416e-02 -3.417544e-04 -3.209482e-04 -2.732843e-04 -2.773847e-04
 8384.992542 7.133613e-01 2.451213e+00 2.955839e+00 9.003307e-02 -3.403050e-04 -3.102308e-04 -2.665307e-04 -2.804403e-04
 8389.058598 7.130050e-01 2.452773e+00 2.964532e+00 9.059528e-02 -3.459950e-04 -3.170580e-04 -2.734235e-04 -2.862627e-04
 8393.136847 7.114478e-01 2.450433e+00 2.968274e+00 8.993472e-02 -3.359619e-04 -3.281150e-04 -2.835651e-04 -2.781487e-04
 8397.227287 7.112556e-01 2.452968e+00 2.978887e+00 9.049562e-02 -3.433103e-04 -3.280852e-04 -2.844538e-04 -2.799949e-04
 8401.329919 7.100810e-01 2.451984e+00 2.986643e+00 9.042993e-02 -3.257861e-04 -3.214965e-04 -2.762397e-04 -2.812259e-04
 8405.444743 7.094238e-01 2.452866e+00 2.995271e+00 8.994902e-02 -3.182717e-04 -3.166555e-04 -2.693328e-04 -2.817753e-04
 8409.571759 7.082374e-01 2.451753e+00 3.002649e+00 9.021125e-02 -3.201635e-04 -3.114777e-04 -2.707728e-04 -2.833476e-04
 8413.710967 7.077305e-01 2.452875e+00 3.012780e+00 9.070632e-02 -3.252127e-04 -3.185464e-04 -2.741893e-04 -2.783055e-04
 8417.862366 7.073473e-01 2.454949e+00 3.024403e+00 9.095537e-02 -3.204556e-04 -3.136458e-04 -2.756039e-04 -2.738528e-04
 8422.025958 7.067337e-01 2.456218e+00 3.035374e+00 9.066401e-02 -3.214625e-04 -3.142819e-04 -2.695506e-04 -2.705950e-04
 8426.201742 7.060666e-01 2.457225e+00 3.047013e+00 9.063625e-02 -3.183455e-04 -3.158481e-04 -2.664768e-04 -2.789716e-04
 8430.389717 7.058305e-01 2.459132e+00 3.059519e+00 9.041401e-02 -3.266757e-04 -3.205525e-04 -2.728744e-04 -2.705675e-04
 8434.589884 7.043006e-01 2.457063e+00 3.067253e+00 9.062372e-02 -3.257275e-04 -3.071278e-04 -2.710397e-04 -2.711946e-04
 8438.802244 7.039186e-01 2.458100e+00 3.078882e+00 9.136432e-02 -3.123402e-04 -3.020832e-04 -2.741135e-04 -2.699841e-04
 8443.026795 7.029820e-01 2.457685e+00 3.087805e+00 9.076382e-02 -3.239604e-04 -3.065835e-04 -2.775265e-04 -2.698644e-04
 8447.263538 7.023005e-01 2.458690e+00 3.098908e+00 9.072998e-02 -3.256128e-04 -3.110578e-04 -2.761381e-04 -2.713759e-04
 8451.512473 7.013007e-01 2.458720e+00 3.110286e+00 9.059764e-02 -3.225796e-04 -3.158510e-04 -2.721680e-04 -2.726413e-04
 8455.773600 7.002198e-01 2.457718e+00 3.119447e+00 9.104315e-02 -3.246521e-04 -3.161966e-04 -2.711115e-04 -2.781670e-04
 8460.046919 7.000236e-01 2.459758e+00 3.132922e+00 9.129137e-02 -3.254063e-04 -3.196086e-04 -2.783034e-04 -2.808652e-04
 8464.332429 6.991915e-01 2.460187e+00 3.143389e+00 9.114896e-02 -3.190416e-04 -3.177715e-04 -2.739005e-04 -2.713544e-04
 8468.630132 6.980981e-01 2.459676e+00 3.152269e+00 9.092733e-02 -3.221505e-04 -3.263735e-04 -2.797377e-04 -2.761334e-04
 8472.940026 6.976822e-01 2.460836e+00 3.162999e+00 9.130514e-02 -3.183112e-04 -3.210104e-04 -2.719507e-04 -2.757937e-04
 8477.262113 6.968395e-01 2.461175e+00 3.174958e+00 9.103172e-02 -3.294783e-04 -3.148627e-04 -2.726216e-04 -2.773826e-04
 8481.596391 6.956665e-01 2.460363e+00 3.183571e+00 9.120419e-02 -3.309358e-04 -3.119512e-04 -2.701719e-04 -2.708047e-04
 8485.942861 6.950596e-01 2.460750e+00 3.195368e+00 9.112756e-02 -3.322737e-04 -3.064997e-04 -2.679629e-04 -2.742281e-04
 8490.301524 6.937792e-01 2.459552e+00 3.203720e+00 9.135487e-02 -3.321184e-04 -3.047487e-04 -2.643952e-04 -2.722113e-04
 8494.672378 6.927703e-01 2.459487e+00 3.213264e+00 9.097898e-02 -3.278821e-04 -3.122328e-04 -2.686760e-04 -2.665786e-04
 8499.055424 6.916495e-01 2.458902e+00 3.221472e+00 9.094775e-02 -3.324209e-04 -3.240638e-04 -2.607440e-04 -2.637496e-04
 8503.450662 6.907474e-01 2.458928e+00 3.231223e+00 9.161199e-02 -3.410042e-04 -3.332697e-04 -2.625316e-04 -2.631976e-04
 8507.858091 6.892626e-01 2.457226e+00 3.238781e+00 9.158696e-02 -3.491648e-04 -3.289696e-04 -2.614173e-04 -2.721453e-04
 8512.277713 6.863230e-01 2.449518e+00 3.236756e+00 9.074925e-02 -3.529147e-04 -3.210042e-04 -2.720948e-04 -2.721149e-04
 8516.709527 6.540139e-01 2.337493e+00 3.095516e+00 8.750110e-02 -3.509924e-04 -3.132721e-04 -2.785540e-04 -2.670032e-04
 8521.153532 6.449577e-01 2.307787e+00 3.066165e+00 8.558003e-02 -3.471022e-04 -3.279982e-04 -2.628604e-04 -2.534958e-04
 8525.609730 6.876217e-01 2.462708e+00 3.278838e+00 9.146051e-02 -3.487425e-04 -3.346957e-04 -2.676881e-04 -2.589706e-04
 8530.078119 6.879041e-01 2.466554e+00 3.292021e+00 9.102543e-02 -3.533032e-04 -3.260055e-04 -2.630932e-04 -2.639808e-04
 8534.558700 6.871248e-01 2.466903e+00 3.301603e+00 9.156896e-02 -3.424741e-04 -3.277402e-04 -2.674907e-04 -2.717792e-04
 8539.051473 6.862204e-01 2.466385e+00 3.310134e+00 9.178066e-02 -3.424054e-04 -3.236420e-04 -2.645676e-04 -2.708953e-04
 8543.556438 6.855151e-01 2.467370e+00 3.320808e+00 9.194669e-02 -3.426238e-04 -3.175344e-04 -2.662186e-04 -2.788980e-04
 8548.073595 6.843582e-01 2.466395e+00 3.329595e+00 9.160061e-02 -3.438789e-04 -3.248264e-04 -2.679194e-04 -2.747104e-04
 8552.602944 6.836307e-01 2.466669e+00 3.340647e+00 9.195563e-02 -3.451836e-04 -3.225562e-04 -2.652015e-04 -2.783703e-04
 8557.144485 6.827162e-01 2.466106e+00 3.349373e+00 9.185759e-02 -3.536778e-04 -3.183288e-04 -2.626271e-04 -2.770466e-04
 8561.698218 6.814182e-01 2.464443e+00 3.355809e+00 9.194488e-02 -3.511925e-04 -3.232312e-04 -2.666781e-04 -2.707628e-04
 8566.264142 6.806049e-01 2.464643e+00 3.365373e+00 9.178047e-02 -3.450790e-04 -3.209451e-04 -2.645813e-04 -2.685328e-04
 8570.842259 6.799184e-01 2.465805e+00 3.376126e+00 9.188759e-02 -3.500773e-04 -3.247273e-04 -2.734548e-04 -2.676588e-04
 8575.432567 6.789718e-01 2.466009e+00 3.385860e+00 9.194762e-02 -3.435817e-04 -3.225336e-04 -2.664257e-04 -2.767909e-04
 8580.035068 6.780932e-01 2.466533e+00 3.396596e+00 9.178360e-02 -3.314187e-04 -3.229162e-04 -2.622384e-04 -2.676358e-04
 8584.649760 6.771857e-01 2.466552e+00 3.407559e+00 9.195064e-02 -3.293305e-04 -3.111418e-04 -2.580478e-04 -2.646229e-04
 8589.276644 6.757239e-01 2.464505e+00 3.416767e+00 9.244015e-02 -3.360254e-04 -3.180456e-04 -2.583602e-04 -2.596053e-04
 8593.915720 6.744407e-01 2.462904e+00 3.425930e+00 9.210954e-02 -3.395134e-04 -3.175610e-04 -2.483548e-04 -2.636072e-04
 8598.566988 6.725727e-01 2.459804e+00 3.431908e+00 9.205802e-02 -3.346329e-04 -3.164777e-04 -2.574751e-04 -2.595615e-04
 8603.230448 6.703765e-01 2.454716e+00 3.434872e+00 9.174695e-02 -3.377769e-04 -3.239971e-04 -2.627567e-04 -2.518455e-04
 8607.906100 6.665481e-01 2.443448e+00 3.429563e+00 9.129591e-02 -3.413422e-04 -3.174990e-04 -2.595525e-04 -2.611438e-04
 8612.593943 6.439767e-01 2.364040e+00 3.327523e+00 8.838672e-02 -3.404605e-04 -3.091484e-04 -2.613947e-04 -2.659308e-04
 8617.293979 6.043238e-01 2.221958e+00 3.138588e+00 8.315643e-02 -3.489568e-04 -3.122867e-04 -2.624137e-04 -2.657598e-04
 8622.006206 6.794469e-01 2.499990e+00 3.539979e+00 9.371434e-02 -3.518190e-04 -3.205410e-04 -2.643497e-04 -2.531045e-04
 8626.730626 6.778668e-01 2.498083e+00 3.547864e+00 9.368438e-02 -3.486987e-04 -3.133607e-04 -2.531861e-04 -2.529356e-04
 8631.467237 6.751989e-01 2.491458e+00 3.549586e+00 9.333291e-02 -3.466906e-04 -3.126801e-04 -2.598052e-04 -2.596006e-04
 8636.216040 6.733492e-01 2.487952e+00 3.555805e+00 9.320216e-02 -3.426421e-04 -3.242872e-04 -2.588585e-04 -2.597100e-04
 8640.977036 6.720165e-01 2.486175e+00 3.564173e+00 9.342201e-02 -3.469222e-04 -3.239832e-04 -2.667328e-04 -2.582665e-04
 8645.750223 6.707284e-01 2.484904e+00 3.573295e+00 9.344262e-02 -3.406613e-04 -3.218368e-04 -2.597367e-04 -2.583935e-04
 8650.535602 6.696470e-01 2.484188e+00 3.582507e+00 9.332921e-02 -3.416403e-04 -3.246345e-04 -2.552877e-04 -2.642727e-04
 8655.333172 6.686009e-01 2.483496e+00 3.592881e+00 9.338471e-02 -3.459080e-04 -3.083858e-04 -2.473432e-04 -2.695845e-04
 8660.142935 6.675731e-01 2.482522e+00 3.602151e+00 9.321832e-02 -3.388175e-04 -3.147039e-04 -2.639457e-04 -2.683203e-04
 8664.964890 6.662726e-01 2.480547e+00 3.610028e+00 9.335530e-02 -3.355556e-04 -3.067703e-04 -2.742306e-04 -2.628650e-04
 8669.799037 5.885769e-01 2.194085e+00 3.202299e+00 8.262219e-02 -2.903766e-04 -2.709799e-04 -2.416766e-04 -2.287537e-04
 8674.645375 8.158638e-02 3.041744e-01 4.445405e-01 1.149099e-02 -4.071696e-05 -3.876571e-05 -3.327496e-05 -3.219778e-05
