# Facility: NSLS-II
# Beamline: QAS
# Year: 2022
# Cycle: 2
# SAF: 309618
# PI: Wang
# Proposal: 309017
# Scan ID: 52229
# UID: c5eb781b-c5b3-43e0-b3e4-a1353347c895
# Comment: 
# Start time: 07/18/2022  10:53:20
# Stop time: 07/18/2022  10:53:53
# Total time: 00:32
# Trajectory name: Pt-L3-30s-11564.txt
# Element: Platinum ( 78)
# Edge: L3
# E0: 11564
# Reference Foil Element: Pt
# Keithley Gains I0: 1E7 V/A It: 1E6 V/A Iref: 1E7 V/A PIPS: 1E8 V/A 
# Ion Chamber Gas Flow Rates: I0: 0.00 sccm He + 99.70 sccm N2 + 0.00 sccm Ar 
# Ion Chamber Gas Flow Rates: It&Iref: 29.80 sccm N2 + 70.10 sccm Ar
# Incident Beam Path Vertical: -27.99 mm
# Incident Slits Positions B: TOP: 1.0 mm Bottom: -1.0 mm Inboard: -2.0 mm Outboard: 2.0 mm
# Sample Stage Positions: Rotation: 45.0 deg Horizontal: 14.79 mm Vertical: 17.82 mm Beam Direction: 0.00 mm
# PerkinElmer Vertical Position: 500.00 mm
# Front End Mirror Horizontal Positions: Up: -14.00 mm Down: -14.00 mm
#
# energy  i0  it  ir  iff  aux1  aux2  aux3  aux4
11377.615682 4.750778e-01 4.533254e-02 4.989430e-02 2.815139e-01 -2.953041e-05 -3.663387e-05 4.199297e-06 -6.103642e-05
11382.615682 9.396959e-01 8.971080e-02 9.892203e-02 5.572029e-01 -5.692267e-05 -7.462021e-05 2.523183e-06 -9.826254e-05
11387.615682 9.427271e-01 8.993410e-02 9.944545e-02 5.595787e-01 -5.474746e-05 -8.826580e-05 4.553706e-06 -1.214240e-04
11392.615682 9.355115e-01 8.902881e-02 9.866196e-02 5.558141e-01 -6.341554e-05 -8.360173e-05 6.443726e-06 -1.425486e-04
11397.615682 9.369891e-01 8.942429e-02 9.936779e-02 5.571031e-01 -6.433943e-05 -7.922613e-05 7.243580e-06 -1.072952e-04
11402.615682 9.349411e-01 8.956639e-02 9.984099e-02 5.561054e-01 -5.481008e-05 -7.872913e-05 4.285865e-06 -9.736431e-05
11407.615682 9.361319e-01 8.995251e-02 1.005383e-01 5.575467e-01 -5.866254e-05 -7.990806e-05 5.794672e-06 -9.124028e-05
11412.615682 9.340436e-01 8.992603e-02 1.007667e-01 5.568124e-01 -5.615066e-05 -8.062185e-05 2.942457e-06 -9.649036e-05
11417.615682 9.319534e-01 8.998667e-02 1.010954e-01 5.559478e-01 -5.370753e-05 -7.582059e-05 1.161618e-05 -8.634404e-05
11422.615682 9.173059e-01 8.869226e-02 9.993536e-02 5.484557e-01 -5.065219e-05 -7.010362e-05 9.136509e-06 -8.197472e-05
11427.615682 9.255347e-01 8.966272e-02 1.012996e-01 5.550819e-01 -5.536384e-05 -6.588330e-05 9.575914e-06 -8.536835e-05
11432.615682 9.272065e-01 8.991208e-02 1.018358e-01 5.549034e-01 -5.660129e-05 -6.408043e-05 1.359162e-05 -8.975434e-05
11437.615682 9.258112e-01 9.003735e-02 1.022036e-01 5.548775e-01 -6.018579e-05 -6.802310e-05 1.086656e-05 -8.142975e-05
11442.615682 9.241873e-01 9.009646e-02 1.025134e-01 5.547148e-01 -6.635168e-05 -7.205644e-05 9.817583e-06 -8.163941e-05
11447.615682 9.229964e-01 9.030856e-02 1.030385e-01 5.540224e-01 -7.325561e-05 -7.310814e-05 8.698663e-06 -7.998773e-05
11452.615682 9.206076e-01 9.020279e-02 1.031550e-01 5.526746e-01 -6.345233e-05 -7.440589e-05 1.570772e-05 -6.945252e-05
11457.615682 9.178052e-01 9.008587e-02 1.032742e-01 5.514270e-01 -5.583750e-05 -7.501608e-05 1.488484e-05 -7.405752e-05
11462.615682 9.170094e-01 9.033785e-02 1.037957e-01 5.519795e-01 -6.151273e-05 -7.646138e-05 1.057449e-05 -7.902088e-05
11467.615682 9.166479e-01 9.062227e-02 1.043968e-01 5.524069e-01 -6.610563e-05 -7.239028e-05 3.396866e-06 -8.980794e-05
11472.615682 9.145565e-01 9.062009e-02 1.046566e-01 5.516349e-01 -6.801101e-05 -7.329020e-05 5.791575e-06 -9.265736e-05
11477.615682 9.135547e-01 9.082592e-02 1.051141e-01 5.514533e-01 -6.913130e-05 -5.740163e-05 1.270021e-05 -8.835147e-05
11482.615682 9.110800e-01 9.081420e-02 1.053199e-01 5.506585e-01 -5.385692e-05 -5.540044e-05 1.679792e-06 -9.461849e-05
11487.615682 8.987677e-01 8.967650e-02 1.042039e-01 5.432052e-01 -5.875900e-05 -5.716773e-05 1.157889e-05 -9.763463e-05
11492.615682 8.972947e-01 8.984369e-02 1.046029e-01 5.428177e-01 -5.211259e-05 -6.718217e-05 1.197024e-05 -8.541735e-05
11497.615682 9.083276e-01 9.106357e-02 1.061697e-01 5.510316e-01 -4.968725e-05 -6.125307e-05 1.327898e-05 -8.899122e-05
11502.615682 9.063553e-01 9.110494e-02 1.063777e-01 5.501605e-01 -4.961891e-05 -6.020981e-05 1.157696e-05 -9.259447e-05
11507.615682 9.056699e-01 9.135607e-02 1.067609e-01 5.499138e-01 -4.118270e-05 -5.916964e-05 9.297916e-06 -8.704997e-05
11512.615682 9.055773e-01 9.176886e-02 1.073859e-01 5.508369e-01 -4.950526e-05 -6.904967e-05 1.353418e-05 -8.770150e-05
11517.615682 9.059718e-01 9.226212e-02 1.079363e-01 5.513389e-01 -5.072682e-05 -6.725056e-05 3.768502e-06 -8.709402e-05
11522.615682 9.032868e-01 9.213067e-02 1.076175e-01 5.507758e-01 -5.559774e-05 -6.993805e-05 4.572339e-06 -8.848512e-05
11527.615682 9.033070e-01 9.248208e-02 1.078195e-01 5.521428e-01 -6.288638e-05 -6.759765e-05 1.503426e-05 -8.198379e-05
11532.615682 9.042412e-01 9.298698e-02 1.080150e-01 5.536798e-01 -5.426305e-05 -7.400773e-05 1.510446e-05 -7.903995e-05
11534.000000 9.025391e-01 9.276036e-02 1.076022e-01 5.531926e-01 -3.897885e-05 -7.159696e-05 1.402042e-05 -7.689654e-05
11535.000000 9.045868e-01 9.315917e-02 1.078493e-01 5.535406e-01 -3.898321e-05 -8.197238e-05 1.227889e-05 -7.734776e-05
11536.000000 9.000061e-01 9.242163e-02 1.069800e-01 5.518531e-01 -4.507380e-05 -7.576941e-05 8.392325e-06 -6.896938e-05
11537.000000 9.028207e-01 9.306659e-02 1.074977e-01 5.543589e-01 -4.473588e-05 -5.715041e-05 8.449612e-06 -7.472763e-05
11538.000000 9.070605e-01 9.390486e-02 1.082995e-01 5.567113e-01 -4.474322e-05 -6.926685e-05 1.063749e-05 -7.311969e-05
11539.000000 8.986656e-01 9.242805e-02 1.063491e-01 5.527155e-01 -4.549585e-05 -7.366948e-05 1.156906e-05 -8.167093e-05
11540.000000 8.995340e-01 9.256762e-02 1.062775e-01 5.526918e-01 -3.931583e-05 -6.900576e-05 1.175000e-05 -7.858698e-05
11541.000000 8.963302e-01 9.205805e-02 1.053796e-01 5.523487e-01 -4.192510e-05 -7.604052e-05 2.367659e-05 -7.839605e-05
11541.200000 8.882246e-01 9.172261e-02 1.048997e-01 5.485941e-01 -3.660026e-05 -8.114601e-05 2.450494e-05 -7.949530e-05
11541.400000 9.151318e-01 9.493115e-02 1.085596e-01 5.653156e-01 -4.265520e-05 -7.049707e-05 1.705613e-05 -6.656041e-05
11541.600000 9.100288e-01 9.403752e-02 1.072471e-01 5.608986e-01 -5.067467e-05 -6.689720e-05 1.981693e-05 -6.973546e-05
11541.800000 8.945903e-01 9.249725e-02 1.054124e-01 5.523692e-01 -4.615600e-05 -6.530442e-05 1.964812e-05 -6.933351e-05
11542.000000 8.971172e-01 9.145876e-02 1.043999e-01 5.521969e-01 -4.613959e-05 -7.272989e-05 1.561936e-07 -7.912242e-05
11542.200000 8.855514e-01 8.957707e-02 1.019238e-01 5.436547e-01 -4.969949e-05 -7.435483e-05 1.024117e-05 -8.279989e-05
11542.400000 9.123128e-01 9.384742e-02 1.068709e-01 5.619139e-01 -5.038122e-05 -8.082745e-05 -3.677092e-06 -8.944777e-05
11542.600000 8.901268e-01 9.288714e-02 1.056504e-01 5.494235e-01 -5.141833e-05 -8.452301e-05 -7.019690e-07 -7.578058e-05
11542.800000 9.259571e-01 9.619245e-02 1.093883e-01 5.698873e-01 -4.533386e-05 -8.894084e-05 2.970878e-06 -7.592463e-05
11543.000000 9.122972e-01 9.489421e-02 1.079147e-01 5.570821e-01 -4.649451e-05 -9.782265e-05 5.369202e-06 -7.912687e-05
11543.200000 9.120260e-01 9.475756e-02 1.076374e-01 5.612399e-01 -3.853843e-05 -8.429926e-05 1.693191e-05 -8.924241e-05
11543.400000 8.907156e-01 9.189123e-02 1.042156e-01 5.467046e-01 -3.974386e-05 -7.010524e-05 6.342776e-06 -8.558627e-05
11543.600000 8.843680e-01 9.031510e-02 1.025205e-01 5.443101e-01 -4.165171e-05 -7.867568e-05 6.801641e-06 -8.427378e-05
11543.800000 8.997490e-01 9.306829e-02 1.054829e-01 5.543886e-01 -3.803836e-05 -8.139099e-05 2.213359e-06 -7.377836e-05
11544.000000 9.067880e-01 9.379736e-02 1.060678e-01 5.599159e-01 -3.149995e-05 -8.454939e-05 7.286599e-06 -8.208489e-05
11544.200000 9.024744e-01 9.412564e-02 1.063881e-01 5.591255e-01 -2.654153e-05 -8.469331e-05 3.647625e-07 -8.476001e-05
11544.400000 9.116140e-01 9.472490e-02 1.071430e-01 5.622968e-01 -3.596385e-05 -8.203369e-05 2.554815e-06 -8.153642e-05
11544.600000 9.249861e-01 9.621874e-02 1.083427e-01 5.694639e-01 -3.694461e-05 -8.666685e-05 -1.275851e-06 -8.846977e-05
11544.800000 8.981234e-01 9.284965e-02 1.046747e-01 5.554397e-01 -3.389172e-05 -8.689744e-05 -4.626978e-06 -8.664189e-05
11545.000000 9.002426e-01 9.308027e-02 1.049590e-01 5.541316e-01 -3.182038e-05 -8.618738e-05 6.240876e-06 -8.359285e-05
11545.200000 8.931890e-01 9.287754e-02 1.045489e-01 5.512851e-01 -3.936668e-05 -7.683328e-05 -4.602366e-06 -8.094574e-05
11545.400000 9.201223e-01 9.526882e-02 1.070630e-01 5.685564e-01 -3.742829e-05 -8.635275e-05 -1.105279e-05 -7.787082e-05
11545.600000 8.724955e-01 8.942521e-02 1.006208e-01 5.373021e-01 -3.707228e-05 -8.094980e-05 -6.287980e-06 -7.453044e-05
11545.800000 9.188479e-01 9.620840e-02 1.080702e-01 5.674391e-01 -3.943600e-05 -9.809669e-05 -2.882043e-06 -7.504038e-05
11546.000000 9.031930e-01 9.348336e-02 1.049629e-01 5.575651e-01 -3.778457e-05 -9.590719e-05 7.049292e-06 -7.198330e-05
11546.200000 9.007995e-01 9.305609e-02 1.045342e-01 5.550301e-01 -4.144815e-05 -8.962250e-05 -7.394758e-07 -7.153913e-05
11546.400000 8.785789e-01 8.925464e-02 9.965655e-02 5.402941e-01 -3.756364e-05 -8.710584e-05 -6.830791e-06 -7.718234e-05
11546.600000 8.931343e-01 9.152706e-02 1.025109e-01 5.526193e-01 -3.266584e-05 -7.321065e-05 -1.510474e-05 -9.655967e-05
11546.800000 8.715496e-01 8.911518e-02 9.937584e-02 5.387979e-01 -2.762835e-05 -7.849292e-05 -1.043273e-05 -6.948266e-05
11547.000000 9.097094e-01 9.464505e-02 1.056322e-01 5.622557e-01 -3.024337e-05 -8.072822e-05 -4.143394e-06 -6.259070e-05
11547.200000 8.987826e-01 9.421644e-02 1.048659e-01 5.535618e-01 -2.890074e-05 -7.384951e-05 -1.014360e-05 -7.469851e-05
11547.400000 8.995827e-01 9.386377e-02 1.045863e-01 5.558301e-01 -2.983916e-05 -6.978123e-05 -7.665837e-06 -7.903861e-05
11547.600000 8.968996e-01 9.236575e-02 1.026869e-01 5.538000e-01 -3.921479e-05 -6.924218e-05 6.251501e-06 -6.725497e-05
11547.800000 8.956867e-01 9.197066e-02 1.018335e-01 5.546125e-01 -3.650818e-05 -5.962197e-05 7.002075e-06 -7.385250e-05
11548.000000 8.810270e-01 8.979272e-02 9.950527e-02 5.451976e-01 -3.033363e-05 -5.851178e-05 2.259964e-05 -7.127323e-05
11548.200000 8.996821e-01 9.262978e-02 1.023397e-01 5.563530e-01 -4.124415e-05 -6.704907e-05 2.389364e-07 -8.305294e-05
11548.400000 8.895917e-01 9.164713e-02 1.012323e-01 5.501419e-01 -4.266958e-05 -5.738907e-05 -1.504013e-05 -9.337474e-05
11548.600000 8.845995e-01 9.105435e-02 1.002285e-01 5.487495e-01 -4.216828e-05 -6.592966e-05 -4.323281e-06 -8.682071e-05
11548.800000 9.018587e-01 9.376248e-02 1.033360e-01 5.575856e-01 -4.115561e-05 -6.268450e-05 1.235338e-05 -9.404779e-05
11549.000000 9.023211e-01 9.350348e-02 1.028855e-01 5.620608e-01 -3.474999e-05 -6.865195e-05 4.342184e-06 -1.043801e-04
11549.200000 8.910752e-01 9.249659e-02 1.016342e-01 5.503948e-01 -3.042497e-05 -7.551183e-05 7.801837e-06 -9.675211e-05
11549.400000 9.015243e-01 9.312413e-02 1.017933e-01 5.581984e-01 -3.347020e-05 -6.551916e-05 1.613790e-05 -1.027317e-04
11549.600000 9.089546e-01 9.457678e-02 1.033659e-01 5.657321e-01 -3.301118e-05 -5.086710e-05 1.628681e-05 -1.061340e-04
11549.800000 9.024669e-01 9.335899e-02 1.018029e-01 5.621970e-01 -2.557515e-05 -6.040001e-05 2.392090e-05 -1.095712e-04
11550.000000 9.231325e-01 9.719722e-02 1.057867e-01 5.730451e-01 -2.567839e-05 -5.891970e-05 1.945394e-05 -1.064973e-04
11550.200000 8.949727e-01 9.327755e-02 1.012594e-01 5.564871e-01 -2.963205e-05 -5.798279e-05 1.969058e-05 -9.949761e-05
11550.400000 8.901563e-01 9.177951e-02 9.937073e-02 5.505019e-01 -2.410310e-05 -6.747481e-05 1.260812e-05 -1.073944e-04
11550.600000 8.916351e-01 9.085890e-02 9.820302e-02 5.539519e-01 -2.913617e-05 -7.705324e-05 4.498115e-06 -1.199717e-04
11550.800000 8.576944e-01 8.759718e-02 9.463166e-02 5.347871e-01 -3.558513e-05 -6.949621e-05 5.928354e-07 -1.105976e-04
11551.000000 9.059525e-01 9.442313e-02 1.016036e-01 5.619380e-01 -3.563705e-05 -7.678117e-05 -1.963131e-05 -9.757977e-05
11551.200000 9.129552e-01 9.548876e-02 1.025695e-01 5.689595e-01 -3.615247e-05 -6.094054e-05 -1.268753e-05 -8.830202e-05
11551.400000 8.974777e-01 9.396500e-02 1.006466e-01 5.600612e-01 -3.730661e-05 -6.463825e-05 1.574678e-06 -7.725365e-05
11551.600000 9.026891e-01 9.366154e-02 1.000949e-01 5.611109e-01 -3.429417e-05 -7.205284e-05 1.111026e-05 -7.925559e-05
11551.800000 9.003802e-01 9.283507e-02 9.891721e-02 5.617659e-01 -3.082896e-05 -6.422873e-05 7.339001e-06 -8.892476e-05
11552.000000 8.817658e-01 9.031402e-02 9.601887e-02 5.510224e-01 -3.887805e-05 -6.853455e-05 -8.333186e-06 -9.358788e-05
11552.200000 9.015278e-01 9.391554e-02 9.951870e-02 5.621467e-01 -4.124180e-05 -6.501968e-05 -8.224919e-06 -8.706066e-05
11552.400000 9.192780e-01 9.711172e-02 1.026275e-01 5.716551e-01 -4.192984e-05 -6.753520e-05 3.866584e-06 -7.862266e-05
11552.600000 8.991489e-01 9.340771e-02 9.842092e-02 5.609037e-01 -4.294000e-05 -6.059633e-05 -1.072673e-05 -7.874223e-05
11552.800000 8.977852e-01 9.315638e-02 9.780710e-02 5.578220e-01 -4.508906e-05 -6.866909e-05 -3.720063e-06 -7.950211e-05
11553.000000 8.767315e-01 9.050192e-02 9.450102e-02 5.483137e-01 -4.081036e-05 -7.803053e-05 1.045546e-05 -6.055603e-05
11553.200000 9.188988e-01 9.631456e-02 1.004555e-01 5.736435e-01 -4.237840e-05 -7.608274e-05 1.195281e-06 -6.855015e-05
11553.400000 8.950714e-01 9.247636e-02 9.600627e-02 5.577547e-01 -3.595000e-05 -7.289179e-05 -3.502344e-06 -7.550678e-05
11553.600000 9.056215e-01 9.550810e-02 9.859195e-02 5.657804e-01 -3.410181e-05 -7.643616e-05 2.790358e-06 -6.571944e-05
11553.800000 9.090426e-01 9.562014e-02 9.863917e-02 5.688051e-01 -4.499041e-05 -7.828102e-05 4.547094e-07 -6.758411e-05
11554.000000 9.028385e-01 9.409419e-02 9.660408e-02 5.639607e-01 -4.630550e-05 -7.401319e-05 -6.246030e-06 -8.087401e-05
11554.200000 8.932358e-01 9.252890e-02 9.460458e-02 5.608200e-01 -3.714034e-05 -7.562973e-05 -1.900852e-05 -7.992840e-05
11554.400000 8.839659e-01 9.084391e-02 9.231731e-02 5.561473e-01 -2.892996e-05 -7.908953e-05 -9.821370e-06 -7.416246e-05
11554.600000 9.171238e-01 9.656222e-02 9.793004e-02 5.755219e-01 -4.665814e-05 -8.428072e-05 -2.118641e-05 -7.320447e-05
11554.800000 9.101767e-01 9.595884e-02 9.675337e-02 5.731288e-01 -3.673299e-05 -7.688866e-05 -1.506252e-05 -6.346156e-05
11555.000000 8.977645e-01 9.263703e-02 9.285550e-02 5.643117e-01 -4.279738e-05 -8.594587e-05 -2.504490e-06 -6.988229e-05
11555.200000 8.952243e-01 9.258682e-02 9.220712e-02 5.666172e-01 -3.223488e-05 -8.235020e-05 2.444548e-07 -7.059289e-05
11555.400000 9.069737e-01 9.454455e-02 9.361480e-02 5.731859e-01 -4.071681e-05 -8.029687e-05 -3.226858e-06 -7.271952e-05
11555.600000 9.066817e-01 9.532489e-02 9.374554e-02 5.696104e-01 -3.552060e-05 -7.703364e-05 1.336348e-05 -6.466513e-05
11555.800000 9.001881e-01 9.383458e-02 9.165076e-02 5.691249e-01 -4.142910e-05 -7.402455e-05 8.874775e-06 -7.601455e-05
11556.000000 9.114571e-01 9.619878e-02 9.337790e-02 5.773485e-01 -4.867834e-05 -7.195927e-05 -1.855193e-06 -8.428456e-05
11556.200000 9.149589e-01 9.590894e-02 9.250865e-02 5.803055e-01 -5.343900e-05 -7.613397e-05 -8.684418e-06 -1.018354e-04
11556.400000 8.941468e-01 9.234763e-02 8.835581e-02 5.652348e-01 -4.485204e-05 -6.502755e-05 8.232867e-06 -9.374030e-05
11556.600000 8.934179e-01 9.240488e-02 8.762540e-02 5.671704e-01 -3.984464e-05 -6.280417e-05 1.208195e-05 -9.319354e-05
11556.800000 9.088079e-01 9.510575e-02 8.946260e-02 5.788666e-01 -4.198000e-05 -8.543384e-05 1.686260e-05 -9.707828e-05
11557.000000 9.057322e-01 9.545882e-02 8.900895e-02 5.761080e-01 -4.772769e-05 -9.785944e-05 2.849104e-05 -8.190139e-05
11557.200000 8.974031e-01 9.447408e-02 8.735439e-02 5.688555e-01 -5.180476e-05 -9.749044e-05 1.290164e-05 -8.358032e-05
11557.400000 9.015360e-01 9.426465e-02 8.631838e-02 5.738093e-01 -5.160809e-05 -9.105249e-05 -2.907798e-06 -9.705408e-05
11557.600000 9.059951e-01 9.429142e-02 8.548228e-02 5.798767e-01 -5.315397e-05 -7.787556e-05 2.957485e-07 -8.868254e-05
11557.800000 8.873815e-01 9.120918e-02 8.162175e-02 5.668057e-01 -5.477171e-05 -6.950954e-05 7.389307e-06 -7.730671e-05
11558.000000 9.083859e-01 9.510928e-02 8.432977e-02 5.821789e-01 -5.279880e-05 -8.327187e-05 -1.125161e-05 -8.875995e-05
11558.200000 9.072630e-01 9.489439e-02 8.287188e-02 5.845753e-01 -5.780710e-05 -8.273974e-05 -3.434793e-06 -8.688603e-05
11558.400000 9.042025e-01 9.435933e-02 8.100718e-02 5.797086e-01 -5.141541e-05 -7.768969e-05 -1.437049e-06 -9.515395e-05
11558.600000 9.031645e-01 9.442188e-02 7.979215e-02 5.818313e-01 -6.108071e-05 -7.301861e-05 -3.205553e-06 -9.188580e-05
11558.800000 9.047203e-01 9.441794e-02 7.880726e-02 5.848468e-01 -5.616734e-05 -7.562088e-05 -1.325728e-06 -9.491539e-05
11559.000000 8.930065e-01 9.250657e-02 7.571697e-02 5.780513e-01 -5.203015e-05 -7.758512e-05 -2.034575e-06 -8.905025e-05
11559.200000 9.164604e-01 9.594844e-02 7.726325e-02 5.927916e-01 -5.938540e-05 -9.134485e-05 3.650921e-06 -7.689393e-05
11559.400000 8.935836e-01 9.264617e-02 7.338881e-02 5.791399e-01 -5.656848e-05 -8.334692e-05 1.406270e-05 -8.368370e-05
11559.600000 8.860155e-01 9.068103e-02 7.023645e-02 5.770588e-01 -5.492869e-05 -8.750436e-05 1.216213e-06 -9.007183e-05
11559.800000 9.073191e-01 9.468330e-02 7.186117e-02 5.936145e-01 -5.642162e-05 -8.265101e-05 -1.226649e-05 -9.149904e-05
11560.000000 8.991838e-01 9.305261e-02 6.864525e-02 5.883839e-01 -4.767906e-05 -7.735542e-05 -1.408983e-05 -9.616291e-05
11560.200000 8.997339e-01 9.396244e-02 6.775551e-02 5.907690e-01 -5.154576e-05 -6.445412e-05 -1.300747e-05 -8.091692e-05
11560.400000 9.007387e-01 9.357975e-02 6.559213e-02 5.928642e-01 -5.769486e-05 -6.581264e-05 -2.623334e-05 -8.622458e-05
11560.600000 8.894742e-01 9.118004e-02 6.187293e-02 5.895294e-01 -6.505617e-05 -6.935349e-05 -2.362010e-05 -9.902729e-05
11560.800000 8.917617e-01 9.156983e-02 6.018709e-02 5.919754e-01 -5.814712e-05 -6.957125e-05 -2.489994e-05 -1.023458e-04
11561.000000 9.063680e-01 9.495410e-02 6.051415e-02 6.041065e-01 -5.063964e-05 -6.959144e-05 -4.142448e-06 -9.596915e-05
11561.200000 8.990793e-01 9.284941e-02 5.677057e-02 6.013155e-01 -5.064441e-05 -6.864241e-05 1.049407e-05 -8.975250e-05
11561.400000 8.950477e-01 9.224780e-02 5.404344e-02 6.018824e-01 -4.370604e-05 -7.189038e-05 -2.644133e-06 -9.606357e-05
11561.600000 9.007203e-01 9.346346e-02 5.224284e-02 6.082216e-01 -4.374563e-05 -7.747995e-05 3.876585e-06 -9.343457e-05
11561.800000 9.094341e-01 9.483449e-02 5.094950e-02 6.168905e-01 -4.506697e-05 -7.630351e-05 4.639842e-06 -9.712170e-05
11562.000000 9.104239e-01 9.491208e-02 4.828563e-02 6.205841e-01 -5.066170e-05 -7.337839e-05 5.261060e-06 -1.013904e-04
11562.200000 8.932631e-01 9.162794e-02 4.410321e-02 6.136784e-01 -4.518485e-05 -7.325654e-05 1.238625e-05 -1.011505e-04
11562.400000 9.104432e-01 9.471893e-02 4.313814e-02 6.265930e-01 -4.572945e-05 -7.073860e-05 8.406213e-06 -8.992423e-05
11562.600000 9.117060e-01 9.496653e-02 4.049886e-02 6.320844e-01 -4.440821e-05 -6.994532e-05 8.469327e-06 -1.010217e-04
11562.800000 9.057032e-01 9.358270e-02 3.741228e-02 6.339087e-01 -4.326824e-05 -6.861114e-05 5.870379e-06 -9.089393e-05
11563.000000 9.009650e-01 9.255364e-02 3.413128e-02 6.325763e-01 -4.363909e-05 -7.427978e-05 8.590551e-06 -8.346362e-05
11563.200000 9.001380e-01 9.272157e-02 3.191691e-02 6.403382e-01 -4.740395e-05 -7.560352e-05 7.538647e-06 -8.913395e-05
11563.400000 9.009677e-01 9.223162e-02 2.919225e-02 6.473832e-01 -4.937557e-05 -7.683295e-05 1.263568e-05 -8.320773e-05
11563.600000 9.006543e-01 9.232629e-02 2.715572e-02 6.528366e-01 -5.142205e-05 -7.717046e-05 8.264985e-07 -9.033757e-05
11563.800000 8.971505e-01 9.158800e-02 2.478739e-02 6.580903e-01 -4.769103e-05 -7.219630e-05 -8.756917e-06 -8.323983e-05
11564.000000 8.899755e-01 8.997230e-02 2.218478e-02 6.574441e-01 -4.944903e-05 -7.948774e-05 1.576264e-06 -8.875797e-05
11564.200000 8.951013e-01 9.049676e-02 2.056322e-02 6.705942e-01 -4.777002e-05 -8.105424e-05 1.176596e-06 -9.735989e-05
11564.400000 8.982569e-01 9.113239e-02 1.919975e-02 6.813817e-01 -5.296819e-05 -7.536845e-05 1.137881e-05 -8.104236e-05
11564.600000 8.936397e-01 9.007917e-02 1.741168e-02 6.883506e-01 -5.935617e-05 -8.059847e-05 3.587046e-06 -8.455304e-05
11564.800000 9.087120e-01 9.254297e-02 1.657021e-02 7.078107e-01 -6.013956e-05 -8.101190e-05 -8.037112e-06 -8.616119e-05
11565.000000 9.047843e-01 9.210681e-02 1.535185e-02 7.143745e-01 -6.211406e-05 -7.418747e-05 -3.508907e-06 -8.023223e-05
11565.200000 9.068619e-01 9.191404e-02 1.427914e-02 7.249255e-01 -5.971161e-05 -7.015084e-05 -1.233952e-05 -7.962259e-05
11565.400000 8.997277e-01 8.998880e-02 1.323459e-02 7.333012e-01 -4.963113e-05 -8.850506e-05 -9.830041e-06 -7.858514e-05
11565.600000 8.981006e-01 8.963068e-02 1.247869e-02 7.422545e-01 -5.414219e-05 -8.241550e-05 -1.102476e-05 -9.596666e-05
11565.800000 9.041815e-01 9.046975e-02 1.210811e-02 7.572044e-01 -5.922144e-05 -7.338206e-05 4.922020e-06 -8.935743e-05
11566.000000 9.009185e-01 8.972799e-02 1.150429e-02 7.636243e-01 -5.121258e-05 -6.824333e-05 7.704794e-07 -8.713034e-05
11566.200000 9.020750e-01 8.968993e-02 1.138553e-02 7.762803e-01 -5.919340e-05 -7.576343e-05 3.774954e-07 -8.606078e-05
11566.400000 9.011214e-01 8.916429e-02 1.112880e-02 7.853679e-01 -5.662348e-05 -8.121249e-05 -5.829485e-06 -1.000867e-04
11566.600000 8.989174e-01 8.838116e-02 1.084910e-02 7.952808e-01 -5.862369e-05 -7.819105e-05 -2.321875e-05 -1.014753e-04
11566.800000 9.180067e-01 9.203809e-02 1.132797e-02 8.218708e-01 -6.274566e-05 -8.249461e-05 -1.415546e-05 -9.834118e-05
11567.000000 9.022082e-01 8.897365e-02 1.098628e-02 8.160321e-01 -4.980452e-05 -7.516046e-05 -9.236551e-06 -9.832620e-05
11567.200000 8.955486e-01 8.713552e-02 1.081099e-02 8.185651e-01 -4.794575e-05 -7.550123e-05 -1.053719e-05 -9.851793e-05
11567.400000 8.940095e-01 8.669450e-02 1.100313e-02 8.239863e-01 -5.153186e-05 -7.441400e-05 -1.295174e-05 -1.011323e-04
11567.600000 8.984811e-01 8.802747e-02 1.131724e-02 8.276020e-01 -4.402168e-05 -7.408498e-05 1.306597e-06 -9.632998e-05
11567.800000 9.061407e-01 8.857828e-02 1.151008e-02 8.416481e-01 -4.833810e-05 -8.115566e-05 -5.247303e-06 -9.744517e-05
11568.000000 9.037692e-01 8.839644e-02 1.180194e-02 8.453065e-01 -5.429084e-05 -7.631460e-05 -1.386627e-05 -9.074706e-05
11568.200000 9.001759e-01 8.773527e-02 1.192699e-02 8.423287e-01 -5.838553e-05 -7.842834e-05 -1.388817e-05 -8.828402e-05
11568.400000 9.095377e-01 8.955294e-02 1.253140e-02 8.506583e-01 -5.748985e-05 -6.740378e-05 -1.195588e-05 -8.835314e-05
11568.600000 9.041210e-01 8.862269e-02 1.265984e-02 8.435304e-01 -6.486585e-05 -6.353591e-05 -3.615001e-06 -8.736469e-05
11568.800000 9.037014e-01 8.857417e-02 1.303935e-02 8.413643e-01 -5.590165e-05 -7.320019e-05 -5.913940e-07 -9.284287e-05
11569.000000 8.975303e-01 8.745407e-02 1.323523e-02 8.330286e-01 -5.159017e-05 -8.620643e-05 9.204693e-07 -9.176224e-05
11569.200000 9.002889e-01 8.812442e-02 1.356626e-02 8.313122e-01 -5.538111e-05 -8.107530e-05 4.304541e-06 -8.681830e-05
11569.400000 8.991677e-01 8.827580e-02 1.389816e-02 8.216954e-01 -5.727629e-05 -9.021591e-05 3.186776e-06 -9.073877e-05
11569.600000 8.985680e-01 8.815496e-02 1.423519e-02 8.141704e-01 -6.277864e-05 -8.863938e-05 1.603697e-06 -9.524457e-05
11569.800000 8.987762e-01 8.832447e-02 1.448296e-02 8.089454e-01 -6.310926e-05 -8.169482e-05 7.020209e-07 -1.023710e-04
11570.000000 9.055768e-01 9.004228e-02 1.501381e-02 8.068324e-01 -6.644035e-05 -7.846582e-05 -9.813813e-07 -1.074879e-04
11570.200000 9.075332e-01 9.052197e-02 1.546408e-02 8.018288e-01 -6.547579e-05 -7.176566e-05 -2.712668e-07 -9.131507e-05
11570.400000 8.999959e-01 8.923238e-02 1.539630e-02 7.861008e-01 -6.576641e-05 -7.082444e-05 6.212463e-06 -8.858966e-05
11570.600000 9.061233e-01 9.060873e-02 1.590785e-02 7.842660e-01 -6.922641e-05 -7.130308e-05 3.210219e-06 -8.814212e-05
11570.800000 9.045845e-01 9.066451e-02 1.614874e-02 7.744500e-01 -6.426913e-05 -7.260933e-05 -4.212328e-06 -8.471297e-05
11571.000000 9.040122e-01 9.072179e-02 1.633061e-02 7.668959e-01 -5.694818e-05 -6.869170e-05 -8.923670e-07 -8.763351e-05
11571.200000 9.005527e-01 9.035319e-02 1.646927e-02 7.568882e-01 -5.503771e-05 -6.975225e-05 -7.052455e-06 -8.394166e-05
11571.400000 9.026055e-01 9.094417e-02 1.680111e-02 7.504472e-01 -6.548253e-05 -6.072560e-05 -1.108818e-05 -8.454162e-05
11571.600000 9.026614e-01 9.109129e-02 1.703823e-02 7.439967e-01 -6.916838e-05 -6.166819e-05 9.058463e-07 -8.976201e-05
11571.800000 9.038461e-01 9.165815e-02 1.737195e-02 7.385930e-01 -5.765105e-05 -7.502309e-05 2.986540e-07 -9.093095e-05
11572.000000 9.043500e-01 9.185692e-02 1.758069e-02 7.317662e-01 -5.597408e-05 -7.363262e-05 6.584354e-06 -8.721973e-05
11572.200000 9.051598e-01 9.217714e-02 1.783445e-02 7.260549e-01 -6.041164e-05 -7.089909e-05 1.110238e-05 -1.281574e-04
11572.400000 9.025316e-01 9.174431e-02 1.792032e-02 7.177411e-01 -6.375058e-05 -7.666826e-05 1.612255e-05 -1.117156e-04
11572.600000 9.025971e-01 9.195163e-02 1.812054e-02 7.136708e-01 -6.369891e-05 -6.792549e-05 1.839040e-05 -9.506912e-05
11572.800000 9.015408e-01 9.184684e-02 1.831181e-02 7.067985e-01 -6.929529e-05 -6.481704e-05 1.884119e-05 -8.491826e-05
11573.000000 8.959803e-01 9.092039e-02 1.828285e-02 6.975301e-01 -6.580802e-05 -7.019530e-05 7.330486e-06 -8.506304e-05
11573.200000 9.011763e-01 9.205102e-02 1.857217e-02 6.967491e-01 -7.012041e-05 -7.211799e-05 1.505208e-05 -7.915831e-05
11573.400000 8.988427e-01 9.169585e-02 1.869632e-02 6.914612e-01 -6.872554e-05 -7.259715e-05 1.539390e-05 -8.570643e-05
11573.600000 9.013071e-01 9.231635e-02 1.898091e-02 6.898689e-01 -6.532791e-05 -6.746068e-05 1.637095e-05 -8.441144e-05
11573.800000 9.041936e-01 9.290626e-02 1.923543e-02 6.895469e-01 -6.453723e-05 -5.738659e-05 2.512464e-05 -8.361940e-05
11574.000000 8.953229e-01 9.117782e-02 1.904347e-02 6.800839e-01 -5.860413e-05 -4.901335e-05 3.438796e-05 -8.066231e-05
11574.200000 8.998406e-01 9.225551e-02 1.934334e-02 6.784776e-01 -5.895471e-05 -4.531274e-05 2.159489e-05 -6.962677e-05
11574.400000 8.927523e-01 9.094846e-02 1.916625e-02 6.713974e-01 -6.468529e-05 -4.315098e-05 1.789882e-05 -5.901153e-05
11574.600000 8.949195e-01 9.127195e-02 1.925044e-02 6.710499e-01 -5.811727e-05 -4.592085e-05 3.009189e-05 -6.831487e-05
11574.800000 9.025489e-01 9.303909e-02 1.976077e-02 6.737368e-01 -6.014771e-05 -5.459342e-05 1.758651e-05 -6.516262e-05
11575.000000 8.912784e-01 9.079580e-02 1.936020e-02 6.638822e-01 -5.648361e-05 -4.854990e-05 1.943227e-05 -7.770359e-05
11575.200000 8.982516e-01 9.225469e-02 1.979447e-02 6.673280e-01 -5.073565e-05 -5.820320e-05 1.631785e-05 -7.756250e-05
11575.400000 8.977573e-01 9.228250e-02 1.976630e-02 6.654846e-01 -4.817651e-05 -6.558909e-05 1.169438e-05 -6.456304e-05
11575.600000 9.018466e-01 9.290940e-02 1.985270e-02 6.651621e-01 -5.382451e-05 -6.828926e-05 6.213330e-06 -7.987109e-05
11575.800000 8.972751e-01 9.267335e-02 1.985756e-02 6.606863e-01 -5.646692e-05 -7.062935e-05 2.252154e-06 -7.877574e-05
11576.000000 8.947168e-01 9.169364e-02 1.960413e-02 6.583486e-01 -6.275953e-05 -6.999217e-05 7.855590e-07 -7.805097e-05
11576.200000 8.977102e-01 9.233489e-02 1.971528e-02 6.601126e-01 -6.226055e-05 -7.197032e-05 -5.968059e-06 -7.187762e-05
11576.400000 9.029272e-01 9.355927e-02 1.997736e-02 6.627643e-01 -6.100385e-05 -7.463028e-05 -5.363426e-06 -6.885662e-05
11576.600000 9.013205e-01 9.335676e-02 1.987690e-02 6.600983e-01 -6.138318e-05 -7.654159e-05 -6.375471e-06 -6.578540e-05
11576.800000 9.005054e-01 9.286375e-02 1.968282e-02 6.600155e-01 -5.061843e-05 -7.450294e-05 3.480170e-06 -7.364374e-05
11577.000000 8.963798e-01 9.214820e-02 1.957876e-02 6.565782e-01 -4.879681e-05 -7.256100e-05 6.898811e-06 -7.354587e-05
11577.200000 8.977929e-01 9.254279e-02 1.944147e-02 6.564879e-01 -5.276611e-05 -6.400966e-05 1.123589e-05 -6.747209e-05
11577.400000 9.019832e-01 9.344520e-02 1.945786e-02 6.584636e-01 -5.566978e-05 -5.822252e-05 3.462715e-06 -7.062404e-05
11577.600000 9.057498e-01 9.401605e-02 1.953414e-02 6.627273e-01 -5.656078e-05 -5.571652e-05 3.179827e-06 -7.510692e-05
11577.800000 9.075812e-01 9.460168e-02 1.958859e-02 6.643520e-01 -6.589359e-05 -4.580973e-05 -8.681875e-06 -7.910161e-05
11578.000000 9.018960e-01 9.322063e-02 1.921449e-02 6.617418e-01 -6.388369e-05 -4.423023e-05 -1.309261e-05 -7.361604e-05
11578.200000 9.015253e-01 9.343860e-02 1.905617e-02 6.583694e-01 -6.346665e-05 -5.517361e-05 -8.482471e-06 -6.586746e-05
11578.400000 8.931272e-01 9.196071e-02 1.889523e-02 6.525431e-01 -6.907702e-05 -5.081739e-05 -1.344793e-05 -7.391902e-05
11578.600000 8.980896e-01 9.260529e-02 1.900382e-02 6.577314e-01 -5.449848e-05 -5.712494e-05 -5.573936e-06 -7.358017e-05
11578.800000 8.960561e-01 9.272204e-02 1.879121e-02 6.564493e-01 -5.720516e-05 -6.029381e-05 -1.101692e-06 -6.968595e-05
11579.000000 8.943819e-01 9.148640e-02 1.843297e-02 6.550440e-01 -5.865253e-05 -6.498988e-05 -7.838728e-06 -7.271729e-05
11579.200000 9.008206e-01 9.338418e-02 1.877059e-02 6.595050e-01 -6.634992e-05 -6.365810e-05 -1.328595e-05 -7.033593e-05
11579.400000 8.930865e-01 9.189185e-02 1.832798e-02 6.545456e-01 -6.281582e-05 -5.959769e-05 -1.329162e-05 -6.777303e-05
11579.600000 8.900014e-01 9.109364e-02 1.809564e-02 6.518124e-01 -6.910757e-05 -5.870564e-05 -2.191170e-06 -6.825203e-05
11579.800000 8.979056e-01 9.276624e-02 1.847390e-02 6.600911e-01 -6.760184e-05 -5.519406e-05 -1.204545e-05 -7.270210e-05
11580.000000 9.008388e-01 9.328954e-02 1.843305e-02 6.621845e-01 -6.268616e-05 -5.311409e-05 -7.265215e-06 -7.386161e-05
11580.200000 8.990888e-01 9.305559e-02 1.837018e-02 6.615091e-01 -6.646348e-05 -5.563640e-05 1.477491e-06 -7.146794e-05
11580.400000 8.981892e-01 9.274396e-02 1.827841e-02 6.607949e-01 -6.863722e-05 -6.342138e-05 -6.349326e-06 -7.294634e-05
11580.600000 9.031579e-01 9.323559e-02 1.841208e-02 6.623469e-01 -6.091984e-05 -5.947761e-05 6.127107e-06 -7.711710e-05
11580.800000 8.965502e-01 9.292969e-02 1.822732e-02 6.594169e-01 -6.248015e-05 -5.539171e-05 -5.139602e-06 -7.875818e-05
11581.000000 9.002327e-01 9.354525e-02 1.843861e-02 6.631212e-01 -6.081945e-05 -5.862012e-05 -2.984396e-06 -8.102078e-05
11581.200000 8.963562e-01 9.253391e-02 1.847608e-02 6.596874e-01 -6.176703e-05 -5.849881e-05 4.678540e-06 -8.091078e-05
11581.400000 8.968281e-01 9.261984e-02 1.847432e-02 6.603894e-01 -7.133688e-05 -5.406248e-05 5.066513e-06 -8.259644e-05
11581.600000 8.983510e-01 9.288168e-02 1.853502e-02 6.624976e-01 -7.035111e-05 -4.964261e-05 4.015560e-06 -7.869736e-05
11581.800000 8.973191e-01 9.275272e-02 1.860319e-02 6.603260e-01 -7.145984e-05 -6.577765e-05 -4.547815e-07 -7.996511e-05
11582.000000 8.946115e-01 9.191204e-02 1.842694e-02 6.599340e-01 -7.571266e-05 -7.077692e-05 1.024458e-05 -7.176319e-05
11582.200000 8.954883e-01 9.250120e-02 1.883048e-02 6.600889e-01 -7.877358e-05 -6.676308e-05 -5.347831e-06 -7.458685e-05
11582.400000 8.951968e-01 9.195309e-02 1.871561e-02 6.603246e-01 -8.237129e-05 -6.575769e-05 -1.625009e-06 -6.879073e-05
11582.600000 8.937201e-01 9.222085e-02 1.885107e-02 6.622894e-01 -7.910952e-05 -6.051237e-05 -1.624212e-05 -6.659528e-05
11582.800000 8.981438e-01 9.290441e-02 1.908643e-02 6.629764e-01 -7.156902e-05 -5.764031e-05 -2.057774e-05 -7.147050e-05
11583.000000 9.063609e-01 9.423405e-02 1.958500e-02 6.690304e-01 -6.997799e-05 -6.047247e-05 -1.886620e-06 -6.931139e-05
11583.200000 9.046538e-01 9.395693e-02 1.967812e-02 6.700860e-01 -6.206335e-05 -5.380766e-05 -2.764934e-06 -6.734861e-05
11583.400000 9.002849e-01 9.320234e-02 1.946403e-02 6.654451e-01 -6.597540e-05 -6.002063e-05 7.650321e-06 -6.704354e-05
11583.600000 9.051640e-01 9.486926e-02 1.987672e-02 6.713573e-01 -7.014714e-05 -5.770519e-05 -1.157386e-07 -5.873831e-05
11583.800000 9.121308e-01 9.548768e-02 2.026138e-02 6.757528e-01 -6.380638e-05 -6.217641e-05 -7.556740e-06 -7.102994e-05
11584.000000 8.952255e-01 9.209025e-02 1.965905e-02 6.617258e-01 -6.003886e-05 -5.632197e-05 1.106001e-06 -8.577173e-05
11584.200000 8.891039e-01 9.082922e-02 1.952679e-02 6.598526e-01 -4.838775e-05 -5.950177e-05 2.730930e-06 -9.289645e-05
11584.400000 8.909530e-01 9.157720e-02 1.972939e-02 6.601212e-01 -5.437621e-05 -6.407829e-05 9.788647e-06 -7.866028e-05
11584.600000 9.011099e-01 9.408958e-02 2.020665e-02 6.668532e-01 -7.481891e-05 -5.843898e-05 7.657936e-06 -6.920429e-05
11584.800000 9.051042e-01 9.407081e-02 2.037475e-02 6.693332e-01 -7.657444e-05 -6.307445e-05 -7.761810e-06 -6.854896e-05
11585.000000 8.961168e-01 9.225317e-02 1.993397e-02 6.638272e-01 -7.203446e-05 -6.996498e-05 -7.246426e-06 -7.060180e-05
11585.200000 8.917209e-01 9.158229e-02 1.992413e-02 6.640135e-01 -6.773873e-05 -7.183598e-05 2.439707e-07 -7.304621e-05
11585.400000 8.938646e-01 9.157434e-02 2.008202e-02 6.634648e-01 -7.126881e-05 -6.589052e-05 5.204954e-06 -1.045644e-04
11585.600000 8.980991e-01 9.316529e-02 2.017285e-02 6.671128e-01 -7.349078e-05 -6.647556e-05 3.539678e-06 -1.093328e-04
11585.800000 8.841342e-01 9.063283e-02 1.966421e-02 6.555433e-01 -7.516956e-05 -6.756174e-05 -1.491758e-08 -1.019279e-04
11586.000000 8.856107e-01 9.051514e-02 1.982178e-02 6.618159e-01 -7.433714e-05 -6.858856e-05 -2.776900e-06 -1.080847e-04
11586.200000 9.049587e-01 9.404921e-02 2.059045e-02 6.767532e-01 -6.517537e-05 -6.355163e-05 3.027205e-06 -1.133461e-04
11586.400000 8.973181e-01 9.306693e-02 2.044235e-02 6.702136e-01 -5.717387e-05 -5.790402e-05 1.215239e-05 -1.039722e-04
11586.600000 8.961417e-01 9.337261e-02 2.054891e-02 6.684235e-01 -5.514813e-05 -5.044013e-05 6.870597e-06 -1.023711e-04
11586.800000 8.853218e-01 9.047657e-02 1.976502e-02 6.625922e-01 -5.307364e-05 -5.179070e-05 2.195202e-05 -1.044603e-04
11587.000000 8.825008e-01 9.001542e-02 1.960879e-02 6.599182e-01 -4.977041e-05 -4.810015e-05 8.136147e-06 -1.162743e-04
11587.200000 9.077433e-01 9.432070e-02 2.055202e-02 6.781146e-01 -5.835275e-05 -3.906395e-05 -1.445143e-06 -1.222027e-04
11587.400000 9.144608e-01 9.541486e-02 2.079704e-02 6.835040e-01 -5.657774e-05 -5.108663e-05 2.537834e-06 -1.125321e-04
11587.600000 8.840164e-01 9.121795e-02 1.984667e-02 6.617382e-01 -6.541834e-05 -6.466374e-05 -1.471898e-06 -1.215549e-04
11587.800000 8.954636e-01 9.226027e-02 2.011492e-02 6.707437e-01 -6.686600e-05 -5.948530e-05 -3.110279e-06 -1.246223e-04
11588.000000 8.993608e-01 9.262292e-02 2.016488e-02 6.739473e-01 -6.497491e-05 -5.519767e-05 7.677867e-06 -1.278877e-04
11588.200000 8.927585e-01 9.248241e-02 1.994766e-02 6.694309e-01 -6.232042e-05 -5.834079e-05 -9.327758e-10 -1.345472e-04
11588.400000 9.119113e-01 9.581334e-02 2.059366e-02 6.835781e-01 -7.059506e-05 -5.335928e-05 6.391116e-06 -1.193910e-04
11588.600000 9.005417e-01 9.437834e-02 2.035581e-02 6.748476e-01 -7.672452e-05 -6.051697e-05 -2.635881e-06 -1.115960e-04
11588.800000 8.994931e-01 9.245880e-02 1.992396e-02 6.772091e-01 -6.828046e-05 -6.245087e-05 1.839423e-06 -1.181695e-04
11589.000000 8.943272e-01 9.176071e-02 1.949346e-02 6.713427e-01 -7.133272e-05 -5.913794e-05 8.729561e-06 -1.107141e-04
11589.200000 8.696584e-01 8.841457e-02 1.882692e-02 6.505276e-01 -7.187409e-05 -4.522577e-05 1.440157e-05 -1.208785e-04
11589.400000 8.971731e-01 9.251173e-02 1.961809e-02 6.744784e-01 -7.873567e-05 -5.574320e-05 9.884844e-06 -1.220880e-04
11589.600000 8.997313e-01 9.338014e-02 1.976089e-02 6.752299e-01 -7.524704e-05 -6.419131e-05 -5.680662e-06 -1.159802e-04
11589.800000 8.987943e-01 9.352078e-02 1.976930e-02 6.758845e-01 -7.382709e-05 -7.030030e-05 -1.649264e-05 -1.200656e-04
11590.000000 9.034253e-01 9.382052e-02 1.963331e-02 6.776200e-01 -7.663936e-05 -6.597283e-05 -1.790137e-05 -1.274769e-04
11590.200000 8.898579e-01 9.177284e-02 1.909063e-02 6.683863e-01 -7.144483e-05 -6.071223e-05 -1.555014e-05 -1.199139e-04
11590.400000 8.925343e-01 9.249735e-02 1.911485e-02 6.718940e-01 -7.167156e-05 -6.190818e-05 -2.156641e-06 -1.178550e-04
11590.600000 8.926812e-01 9.215928e-02 1.878087e-02 6.726307e-01 -7.498848e-05 -5.429129e-05 2.304442e-06 -1.204947e-04
11590.800000 8.971037e-01 9.309699e-02 1.903859e-02 6.758689e-01 -7.449708e-05 -5.937805e-05 1.331636e-05 -1.167555e-04
11591.000000 8.845705e-01 9.053242e-02 1.833006e-02 6.652887e-01 -7.260058e-05 -6.797545e-05 1.729139e-05 -1.243091e-04
11591.200000 8.767087e-01 8.875381e-02 1.794464e-02 6.636957e-01 -6.943425e-05 -6.904935e-05 6.777255e-06 -1.335185e-04
11591.400000 8.973296e-01 9.226243e-02 1.844146e-02 6.806879e-01 -7.523149e-05 -6.039380e-05 2.359583e-06 -1.107917e-04
11591.600000 8.956283e-01 9.290166e-02 1.825677e-02 6.733533e-01 -6.966130e-05 -5.545579e-05 2.959360e-06 -7.063889e-05
11591.800000 9.030657e-01 9.383599e-02 1.842631e-02 6.801503e-01 -6.203383e-05 -5.259553e-05 7.498251e-06 -7.880867e-05
11592.000000 8.995041e-01 9.356581e-02 1.827883e-02 6.793762e-01 -6.316487e-05 -5.052644e-05 2.259407e-06 -6.871404e-05
11592.200000 8.948937e-01 9.279698e-02 1.790764e-02 6.773159e-01 -6.207389e-05 -5.275030e-05 -9.712619e-07 -5.931293e-05
11592.400000 8.997414e-01 9.333099e-02 1.781411e-02 6.792643e-01 -6.253965e-05 -5.493959e-05 -1.179687e-06 -5.304902e-05
11592.600000 8.896581e-01 9.136130e-02 1.744564e-02 6.748317e-01 -6.665943e-05 -4.996122e-05 -9.099729e-06 -6.515754e-05
11592.800000 8.929181e-01 9.264047e-02 1.740490e-02 6.744622e-01 -6.298127e-05 -5.182426e-05 -5.932232e-06 -6.658188e-05
11593.000000 8.966771e-01 9.252590e-02 1.725005e-02 6.770153e-01 -6.572593e-05 -5.786670e-05 -3.408989e-06 -6.478497e-05
11593.200000 8.929908e-01 9.197769e-02 1.725234e-02 6.764147e-01 -6.367336e-05 -5.434324e-05 6.055130e-06 -6.486071e-05
11593.400000 8.876399e-01 9.096363e-02 1.692328e-02 6.714724e-01 -6.645321e-05 -5.068503e-05 1.745634e-05 -5.886665e-05
11593.600000 8.913160e-01 9.118666e-02 1.664036e-02 6.762499e-01 -5.856626e-05 -5.510142e-05 1.679299e-05 -5.364225e-05
11593.800000 8.800527e-01 9.133770e-02 1.667749e-02 6.650199e-01 -5.660618e-05 -5.500062e-05 2.059832e-05 -5.863316e-05
11594.000000 8.980183e-01 9.295107e-02 1.701229e-02 6.794299e-01 -6.541351e-05 -6.330525e-05 1.177159e-05 -5.616370e-05
11594.200000 9.019442e-01 9.353600e-02 1.708336e-02 6.845846e-01 -7.676261e-05 -7.071228e-05 4.951945e-06 -6.119030e-05
11594.400000 9.101495e-01 9.446993e-02 1.720073e-02 6.912899e-01 -7.548407e-05 -6.458047e-05 1.489158e-05 -4.895793e-05
11594.600000 8.763880e-01 9.009211e-02 1.665191e-02 6.667620e-01 -7.053316e-05 -5.710790e-05 2.463036e-05 -4.916653e-05
11594.800000 9.017253e-01 9.308195e-02 1.686004e-02 6.833239e-01 -6.873743e-05 -6.780018e-05 1.742281e-05 -5.028610e-05
11595.000000 8.926079e-01 9.276130e-02 1.679541e-02 6.766211e-01 -5.930242e-05 -7.263963e-05 -2.086977e-06 -5.766261e-05
11595.200000 9.053382e-01 9.405272e-02 1.713993e-02 6.885599e-01 -5.952117e-05 -6.935150e-05 9.121016e-06 -6.200728e-05
11595.400000 8.866352e-01 9.212860e-02 1.675494e-02 6.728428e-01 -4.688103e-05 -7.082296e-05 1.967407e-05 -6.737464e-05
11595.600000 8.936859e-01 9.212938e-02 1.697046e-02 6.789933e-01 -5.235504e-05 -6.802420e-05 2.023760e-05 -6.424194e-05
11595.800000 8.871332e-01 9.113749e-02 1.666568e-02 6.769096e-01 -6.043725e-05 -7.184418e-05 2.263349e-05 -5.976843e-05
11596.000000 8.863514e-01 9.091110e-02 1.673306e-02 6.760036e-01 -5.392130e-05 -7.171247e-05 1.010621e-05 -6.578699e-05
11596.200000 8.905771e-01 9.203164e-02 1.692090e-02 6.778290e-01 -5.738140e-05 -6.200260e-05 3.990112e-06 -6.881670e-05
11596.400000 8.889737e-01 9.140621e-02 1.701175e-02 6.769358e-01 -5.961688e-05 -6.970768e-05 4.997306e-06 -6.434841e-05
11596.600000 8.940731e-01 9.216769e-02 1.719233e-02 6.839278e-01 -6.700485e-05 -7.113427e-05 -2.800807e-06 -6.925243e-05
11596.800000 8.615526e-01 8.720261e-02 1.630929e-02 6.574608e-01 -5.962313e-05 -7.189753e-05 -5.119926e-06 -7.099668e-05
11597.000000 8.841028e-01 9.069645e-02 1.714829e-02 6.745843e-01 -6.472532e-05 -6.674586e-05 -1.238225e-05 -6.701529e-05
11597.700000 8.947120e-01 9.272968e-02 1.776914e-02 6.841434e-01 -6.030167e-05 -6.804294e-05 -3.067152e-06 -6.137799e-05
11598.400000 8.933224e-01 9.257248e-02 1.813174e-02 6.831707e-01 -5.982537e-05 -7.694541e-05 -5.443669e-06 -5.911442e-05
11599.100000 8.926150e-01 9.244274e-02 1.836192e-02 6.833005e-01 -6.361679e-05 -7.827327e-05 -6.227741e-06 -6.123894e-05
11599.800000 8.941749e-01 9.269010e-02 1.863466e-02 6.863288e-01 -6.610439e-05 -7.516667e-05 -8.579377e-06 -6.208774e-05
11600.500000 8.917917e-01 9.236287e-02 1.880683e-02 6.851221e-01 -7.126379e-05 -6.714597e-05 -3.727313e-06 -6.374055e-05
11601.200000 8.931947e-01 9.244071e-02 1.899371e-02 6.863343e-01 -6.648307e-05 -6.945897e-05 -3.065672e-06 -6.781614e-05
11601.900000 8.913398e-01 9.236582e-02 1.901561e-02 6.849962e-01 -6.247238e-05 -7.052633e-05 -1.604656e-06 -6.403873e-05
11602.600000 8.917565e-01 9.233196e-02 1.912481e-02 6.873205e-01 -6.481232e-05 -6.247814e-05 9.684806e-06 -7.222649e-05
11603.300000 8.935770e-01 9.276680e-02 1.932091e-02 6.893179e-01 -6.696370e-05 -6.042373e-05 1.232346e-05 -6.964571e-05
11604.993695 8.917981e-01 9.251544e-02 1.951138e-02 6.911793e-01 -6.851157e-05 -6.847542e-05 3.224175e-06 -7.222926e-05
11605.999583 8.917468e-01 9.244230e-02 1.975899e-02 6.940196e-01 -6.986386e-05 -6.375549e-05 1.194884e-05 -9.221213e-05
11607.017662 8.935525e-01 9.290426e-02 2.004780e-02 6.963904e-01 -7.797139e-05 -6.174426e-05 1.657975e-06 -1.358833e-04
11608.047933 8.917893e-01 9.256588e-02 2.016302e-02 6.969270e-01 -7.839943e-05 -6.376078e-05 5.735148e-06 -1.343799e-04
11609.090396 8.953132e-01 9.324344e-02 2.028673e-02 7.010558e-01 -7.878594e-05 -6.222204e-05 1.148522e-05 -1.280827e-04
11610.145051 8.921705e-01 9.276733e-02 1.997048e-02 7.008842e-01 -7.534162e-05 -6.278505e-05 1.026677e-05 -1.241437e-04
11611.211898 8.941370e-01 9.326972e-02 1.984087e-02 7.039253e-01 -7.319583e-05 -7.002970e-05 7.909555e-06 -1.105185e-04
11612.290937 8.855985e-01 9.133529e-02 1.913911e-02 6.993796e-01 -6.569762e-05 -7.347365e-05 6.469786e-06 -7.763136e-05
11613.382167 8.880141e-01 9.199372e-02 1.892427e-02 7.024625e-01 -6.794507e-05 -6.601404e-05 7.056517e-06 -8.006700e-05
11614.485590 8.922652e-01 9.310281e-02 1.884364e-02 7.058145e-01 -7.661996e-05 -6.450206e-05 8.367234e-06 -6.567672e-05
11615.601204 8.901794e-01 9.251591e-02 1.832626e-02 7.065935e-01 -6.443709e-05 -5.617866e-05 -2.109656e-06 -6.524258e-05
11616.729011 8.888549e-01 9.226639e-02 1.796359e-02 7.063807e-01 -4.931080e-05 -5.178850e-05 -1.869379e-06 -6.742085e-05
11617.869009 8.904197e-01 9.276689e-02 1.774514e-02 7.058541e-01 -6.134683e-05 -5.767380e-05 -4.935899e-06 -6.534638e-05
11619.021199 8.917881e-01 9.319433e-02 1.765441e-02 7.070890e-01 -7.209002e-05 -5.903996e-05 1.665985e-06 -5.743330e-05
11620.185582 8.903669e-01 9.305042e-02 1.751268e-02 7.054021e-01 -7.170454e-05 -5.811435e-05 6.432201e-07 -5.828604e-05
11621.362156 8.874013e-01 9.247355e-02 1.738291e-02 7.011496e-01 -6.578922e-05 -6.488688e-05 -4.459050e-06 -6.470768e-05
11622.550922 8.896934e-01 9.311118e-02 1.766042e-02 6.994786e-01 -6.794405e-05 -6.347330e-05 3.705869e-07 -6.184820e-05
11623.751879 8.866478e-01 9.267551e-02 1.770239e-02 6.959329e-01 -6.630712e-05 -5.875675e-05 -5.346185e-06 -6.420307e-05
11624.965029 8.868712e-01 9.277934e-02 1.783704e-02 6.943909e-01 -6.564802e-05 -5.894856e-05 -8.412722e-06 -6.913950e-05
11626.190371 8.890887e-01 9.356194e-02 1.812621e-02 6.932365e-01 -6.219482e-05 -6.878880e-05 -1.156055e-05 -6.240545e-05
11627.427904 8.891397e-01 9.363349e-02 1.837479e-02 6.920493e-01 -5.777974e-05 -7.325443e-05 -7.074989e-06 -7.045452e-05
11628.677630 8.879440e-01 9.341330e-02 1.852095e-02 6.892044e-01 -6.313404e-05 -7.997294e-05 8.250820e-07 -6.844353e-05
11629.939547 8.873727e-01 9.350759e-02 1.863335e-02 6.876441e-01 -6.774971e-05 -7.442157e-05 2.114309e-06 -8.108162e-05
11631.213657 8.899132e-01 9.427561e-02 1.891682e-02 6.869718e-01 -6.761546e-05 -7.054974e-05 -1.359422e-05 -8.183659e-05
11632.499958 8.870550e-01 9.375719e-02 1.894151e-02 6.852911e-01 -6.505553e-05 -6.558708e-05 -1.103444e-05 -7.364561e-05
11633.798451 8.868638e-01 9.384012e-02 1.907461e-02 6.847454e-01 -6.637876e-05 -5.620329e-05 -3.045365e-06 -7.370097e-05
11635.109136 8.878323e-01 9.423277e-02 1.926341e-02 6.811802e-01 -7.073436e-05 -6.198449e-05 -4.772612e-06 -6.504325e-05
11636.432013 8.865397e-01 9.398168e-02 1.936461e-02 6.803437e-01 -6.744467e-05 -6.437994e-05 -6.755237e-06 -5.819115e-05
11637.767082 8.829270e-01 9.342227e-02 1.943856e-02 6.775685e-01 -5.896660e-05 -6.444186e-05 -6.873444e-06 -6.630045e-05
11639.114342 8.862634e-01 9.417372e-02 1.988631e-02 6.802035e-01 -5.223131e-05 -6.491461e-05 -1.380585e-05 -6.967593e-05
11640.473795 8.863082e-01 9.435219e-02 2.018428e-02 6.798190e-01 -5.204276e-05 -5.352783e-05 -1.058951e-05 -7.387941e-05
11641.845440 8.847122e-01 9.403584e-02 2.035649e-02 6.779574e-01 -5.901460e-05 -5.745676e-05 -2.165716e-05 -6.619632e-05
11643.229276 8.859046e-01 9.447606e-02 2.062086e-02 6.801235e-01 -6.291208e-05 -5.844453e-05 -1.022920e-05 -7.503401e-05
11644.625305 8.847564e-01 9.438246e-02 2.085896e-02 6.796806e-01 -6.938282e-05 -6.311799e-05 -1.355018e-05 -8.285168e-05
11646.033525 8.860696e-01 9.469127e-02 2.105531e-02 6.814526e-01 -6.902508e-05 -5.925673e-05 -3.907594e-06 -7.352719e-05
11647.453937 8.842463e-01 9.447208e-02 2.108107e-02 6.806216e-01 -6.204486e-05 -6.673395e-05 -2.667999e-07 -6.441045e-05
11648.886541 8.818085e-01 9.423681e-02 2.107853e-02 6.791312e-01 -5.972505e-05 -7.768700e-05 -1.210322e-05 -6.622506e-05
11650.331337 8.802225e-01 9.405643e-02 2.103713e-02 6.776392e-01 -6.478233e-05 -7.282066e-05 -1.787358e-05 -7.277735e-05
11651.788325 8.831072e-01 9.463714e-02 2.102761e-02 6.800264e-01 -5.184375e-05 -7.531725e-05 -8.967231e-06 -7.881702e-05
11653.257505 8.835222e-01 9.470224e-02 2.095092e-02 6.801721e-01 -5.128359e-05 -7.288065e-05 -5.641435e-06 -7.943583e-05
11654.738877 8.813003e-01 9.426858e-02 2.063871e-02 6.795745e-01 -5.365848e-05 -7.660829e-05 -1.946974e-05 -8.631975e-05
11656.232440 8.836466e-01 9.498614e-02 2.050525e-02 6.832464e-01 -5.924003e-05 -7.591872e-05 -8.001024e-06 -7.814660e-05
11657.738196 8.804780e-01 9.441910e-02 2.016204e-02 6.818792e-01 -6.488167e-05 -6.713832e-05 5.204835e-07 -7.712967e-05
11659.256143 8.817088e-01 9.457713e-02 1.992769e-02 6.832715e-01 -6.936893e-05 -7.394375e-05 -7.676548e-06 -7.047579e-05
11660.786283 8.814182e-01 9.492011e-02 1.986362e-02 6.840010e-01 -6.275922e-05 -8.105394e-05 -2.805394e-06 -7.321660e-05
11662.328614 8.823303e-01 9.515995e-02 1.974969e-02 6.864677e-01 -6.115801e-05 -7.880090e-05 -9.969447e-06 -7.790197e-05
11663.883137 8.791288e-01 9.436245e-02 1.953247e-02 6.831670e-01 -6.244678e-05 -8.128200e-05 -6.812657e-06 -7.822017e-05
11665.449852 8.798676e-01 9.477599e-02 1.958109e-02 6.831499e-01 -5.669479e-05 -7.134858e-05 -1.320190e-05 -6.543937e-05
11667.028759 8.812935e-01 9.533402e-02 1.975943e-02 6.837636e-01 -5.070962e-05 -7.110084e-05 -9.029110e-06 -7.084753e-05
11668.619858 8.813895e-01 9.547716e-02 1.983838e-02 6.864876e-01 -5.558354e-05 -7.861110e-05 -2.021867e-05 -8.140865e-05
11670.223149 8.787817e-01 9.488885e-02 1.974502e-02 6.853706e-01 -5.159342e-05 -8.236072e-05 -3.355224e-05 -7.925057e-05
11671.838632 8.799656e-01 9.525580e-02 1.988194e-02 6.856316e-01 -4.918940e-05 -7.900243e-05 -3.232628e-05 -7.150107e-05
11673.466307 8.789008e-01 9.517197e-02 1.994158e-02 6.859989e-01 -4.906117e-05 -9.123939e-05 -2.921875e-05 -6.250801e-05
11675.106173 8.792779e-01 9.538046e-02 1.999572e-02 6.869653e-01 -5.721235e-05 -9.315314e-05 -1.428840e-05 -6.420587e-05
11676.758232 8.783027e-01 9.539390e-02 2.008976e-02 6.889596e-01 -6.254103e-05 -8.952456e-05 -2.017358e-05 -6.681282e-05
11678.422482 8.765678e-01 9.520335e-02 2.010860e-02 6.872054e-01 -6.802502e-05 -8.784274e-05 -7.427157e-06 -6.747548e-05
11680.098924 8.745291e-01 9.508716e-02 2.008913e-02 6.840945e-01 -6.521579e-05 -7.395510e-05 -1.227437e-05 -9.252164e-05
11681.787558 8.765215e-01 9.538444e-02 2.008393e-02 6.890654e-01 -6.397730e-05 -6.511078e-05 -1.458519e-05 -8.510300e-05
11683.488385 8.759529e-01 9.518735e-02 2.001554e-02 6.885305e-01 -6.756513e-05 -6.430525e-05 -1.229775e-05 -7.111857e-05
11685.201403 8.774431e-01 9.566513e-02 2.002693e-02 6.899205e-01 -7.016887e-05 -7.171598e-05 -8.329275e-06 -6.799818e-05
11686.926613 8.766592e-01 9.563662e-02 1.989284e-02 6.901739e-01 -6.194488e-05 -7.458404e-05 -1.360925e-05 -7.771209e-05
11688.664014 8.770830e-01 9.586395e-02 1.993875e-02 6.905961e-01 -6.663093e-05 -6.209410e-05 -8.829305e-06 -7.300238e-05
11690.413608 8.758441e-01 9.575415e-02 1.996876e-02 6.890546e-01 -7.305290e-05 -6.039536e-05 2.358703e-06 -7.236716e-05
11692.175394 8.748947e-01 9.557652e-02 2.001951e-02 6.883430e-01 -6.999975e-05 -6.403352e-05 2.432774e-06 -7.056764e-05
11693.949371 8.751378e-01 9.583623e-02 2.018902e-02 6.883142e-01 -7.553638e-05 -6.602506e-05 1.003762e-06 -7.133703e-05
11695.735541 8.747889e-01 9.598252e-02 2.042973e-02 6.877310e-01 -6.903806e-05 -6.891809e-05 -8.463353e-07 -6.711792e-05
11697.533902 8.743833e-01 9.605315e-02 2.062997e-02 6.873150e-01 -6.320874e-05 -6.387284e-05 -5.387043e-06 -7.565443e-05
11699.344455 8.745254e-01 9.632171e-02 2.097453e-02 6.861915e-01 -6.494186e-05 -6.916110e-05 -1.778844e-05 -8.544617e-05
11701.167201 8.717545e-01 9.582958e-02 2.111542e-02 6.842597e-01 -5.451503e-05 -6.590935e-05 -2.054788e-05 -8.103197e-05
11703.002138 8.678184e-01 9.537582e-02 2.128646e-02 6.829477e-01 -4.426232e-05 -7.155437e-05 -1.255749e-05 -8.183689e-05
11704.849267 8.716326e-01 9.623275e-02 2.177252e-02 6.858893e-01 -4.900226e-05 -6.755881e-05 -4.019867e-06 -8.094557e-05
11706.708588 8.719933e-01 9.639513e-02 2.191385e-02 6.847887e-01 -5.698929e-05 -7.595740e-05 -4.901913e-06 -7.007856e-05
11708.580100 8.732847e-01 9.678591e-02 2.205658e-02 6.854390e-01 -5.984245e-05 -7.718496e-05 9.702167e-06 -6.753527e-05
11710.463805 8.701601e-01 9.610178e-02 2.192712e-02 6.834544e-01 -5.536056e-05 -8.118741e-05 1.068361e-05 -7.725531e-05
11712.359702 8.704234e-01 9.630907e-02 2.191257e-02 6.825429e-01 -6.124075e-05 -6.681759e-05 3.740004e-06 -7.484462e-05
11714.267790 8.703610e-01 9.651824e-02 2.182352e-02 6.827102e-01 -6.045524e-05 -7.426482e-05 -2.861880e-06 -8.657339e-05
11716.188071 8.711293e-01 9.691333e-02 2.176869e-02 6.835525e-01 -4.706176e-05 -7.839383e-05 -1.009937e-05 -8.988589e-05
11718.120543 8.685104e-01 9.637691e-02 2.150827e-02 6.822088e-01 -5.344073e-05 -7.212210e-05 -4.161558e-06 -9.425629e-05
11720.065207 8.699099e-01 9.694955e-02 2.146077e-02 6.818764e-01 -5.837290e-05 -7.631653e-05 5.714064e-06 -8.004395e-05
11722.022064 8.693191e-01 9.704739e-02 2.134164e-02 6.815956e-01 -5.757829e-05 -7.663583e-05 5.291290e-06 -8.083147e-05
11723.991112 8.684988e-01 9.698111e-02 2.118173e-02 6.813345e-01 -5.756657e-05 -7.691384e-05 2.644650e-06 -8.189435e-05
11725.972352 8.673777e-01 9.689952e-02 2.110662e-02 6.799147e-01 -4.903327e-05 -6.598273e-05 -1.328141e-06 -8.595289e-05
11727.965784 8.687528e-01 9.734491e-02 2.111218e-02 6.803245e-01 -5.032559e-05 -4.614494e-05 6.609485e-06 -7.744430e-05
11729.971407 8.669655e-01 9.713275e-02 2.103229e-02 6.792848e-01 -5.702302e-05 -4.820120e-05 1.675053e-05 -8.020923e-05
11731.989223 8.631975e-01 9.680592e-02 2.090237e-02 6.763791e-01 -5.680603e-05 -5.344889e-05 1.386010e-05 -8.230886e-05
11734.019231 8.613937e-01 9.643568e-02 2.080808e-02 6.772700e-01 -5.207415e-05 -4.903311e-05 1.856435e-05 -7.235809e-05
11736.061430 8.647858e-01 9.719424e-02 2.093750e-02 6.797813e-01 -4.949647e-05 -4.631132e-05 1.480397e-05 -6.431707e-05
11738.115822 8.660310e-01 9.765427e-02 2.107012e-02 6.804037e-01 -5.952543e-05 -4.555099e-05 1.307782e-05 -6.293104e-05
11740.182405 8.647436e-01 9.739785e-02 2.108668e-02 6.802908e-01 -6.452875e-05 -5.240831e-05 9.300433e-06 -7.018271e-05
11742.261180 8.631288e-01 9.712846e-02 2.108447e-02 6.783993e-01 -6.329662e-05 -5.638694e-05 5.134030e-06 -7.174518e-05
11744.352148 8.648990e-01 9.774774e-02 2.123684e-02 6.813464e-01 -5.949147e-05 -6.058036e-05 -1.872563e-06 -7.650463e-05
11746.455307 8.625324e-01 9.736313e-02 2.112406e-02 6.808236e-01 -5.040543e-05 -6.839382e-05 -1.134782e-05 -7.606342e-05
11748.570658 8.628989e-01 9.748862e-02 2.108426e-02 6.803352e-01 -4.943744e-05 -6.306216e-05 -8.220669e-06 -6.614201e-05
11750.698201 8.626668e-01 9.774081e-02 2.112460e-02 6.806954e-01 -5.268508e-05 -6.428912e-05 -3.089231e-06 -6.857294e-05
11752.837935 8.627040e-01 9.783240e-02 2.100176e-02 6.823938e-01 -4.717365e-05 -6.914171e-05 1.072521e-05 -6.796010e-05
11754.989862 8.609223e-01 9.758098e-02 2.085385e-02 6.787454e-01 -5.487308e-05 -6.974084e-05 6.882129e-06 -6.227206e-05
11757.153981 8.616376e-01 9.799602e-02 2.096169e-02 6.820172e-01 -5.736672e-05 -6.835320e-05 -2.812778e-06 -6.437329e-05
11759.330291 8.608915e-01 9.808341e-02 2.121032e-02 6.814916e-01 -6.492601e-05 -6.709644e-05 1.021238e-05 -5.371846e-05
11761.518794 8.601039e-01 9.795991e-02 2.139951e-02 6.832953e-01 -6.608926e-05 -6.343493e-05 -1.021134e-06 -5.515819e-05
11763.719488 8.590651e-01 9.794410e-02 2.166854e-02 6.811072e-01 -5.410291e-05 -6.264631e-05 -2.639712e-06 -6.070439e-05
11765.932374 8.600658e-01 9.830437e-02 2.205318e-02 6.825898e-01 -6.059978e-05 -6.748557e-05 2.703077e-06 -5.774259e-05
11768.157453 8.590290e-01 9.826412e-02 2.228414e-02 6.843358e-01 -7.047157e-05 -6.854143e-05 -1.574375e-06 -5.818844e-05
11770.394723 8.539912e-01 9.774800e-02 2.241600e-02 6.792572e-01 -6.365457e-05 -6.927230e-05 -3.609783e-06 -6.025379e-05
11772.644185 8.489272e-01 9.735179e-02 2.237958e-02 6.754118e-01 -5.986465e-05 -6.328587e-05 -6.867745e-06 -6.722460e-05
11774.905838 8.550879e-01 9.819878e-02 2.271908e-02 6.792346e-01 -5.309429e-05 -6.518067e-05 -3.467855e-06 -7.093396e-05
11777.179684 8.567256e-01 9.846904e-02 2.289228e-02 6.819591e-01 -4.704165e-05 -6.389833e-05 -9.105171e-07 -6.126026e-05
11779.465722 8.558237e-01 9.838855e-02 2.291726e-02 6.796404e-01 -4.996973e-05 -6.601706e-05 -5.728052e-07 -7.433550e-05
11781.763952 8.559807e-01 9.859511e-02 2.302741e-02 6.806800e-01 -4.966290e-05 -7.175651e-05 -4.776847e-07 -7.578353e-05
11784.074373 8.553945e-01 9.860311e-02 2.303711e-02 6.805004e-01 -3.801227e-05 -7.454523e-05 -3.951101e-07 -6.677776e-05
11786.396987 8.552914e-01 9.875370e-02 2.307466e-02 6.811246e-01 -4.823107e-05 -7.284194e-05 -3.527608e-06 -7.151569e-05
11788.731792 8.541847e-01 9.871401e-02 2.313693e-02 6.815192e-01 -5.116907e-05 -6.769708e-05 -1.626499e-05 -6.840088e-05
11791.078789 8.543968e-01 9.892623e-02 2.320210e-02 6.804222e-01 -4.096461e-05 -6.533928e-05 -8.246422e-06 -7.159987e-05
11793.437978 8.534336e-01 9.898506e-02 2.315755e-02 6.800997e-01 -4.211411e-05 -7.171908e-05 -8.469399e-06 -7.729703e-05
11795.809359 8.529663e-01 9.898151e-02 2.312113e-02 6.787724e-01 -3.747336e-05 -6.612713e-05 -1.232751e-05 -8.196706e-05
11798.192932 8.528339e-01 9.917611e-02 2.304484e-02 6.801533e-01 -4.151462e-05 -7.243071e-05 -8.809769e-06 -7.419141e-05
11800.588697 8.533270e-01 9.950193e-02 2.302441e-02 6.791526e-01 -4.884156e-05 -7.228376e-05 -9.065465e-06 -6.975855e-05
11802.996654 8.508292e-01 9.914721e-02 2.275241e-02 6.779813e-01 -4.914491e-05 -7.082753e-05 -3.221288e-06 -6.954552e-05
11805.416803 8.516641e-01 9.951293e-02 2.263621e-02 6.786288e-01 -4.009643e-05 -6.544469e-05 -4.684625e-06 -6.505780e-05
11807.849143 8.506398e-01 9.959247e-02 2.244874e-02 6.790180e-01 -3.145240e-05 -6.374462e-05 -1.307350e-05 -6.557394e-05
11810.293676 8.502382e-01 9.964591e-02 2.227543e-02 6.788054e-01 -4.409234e-05 -7.142911e-05 -2.094866e-05 -7.001105e-05
11812.750400 8.482024e-01 9.926605e-02 2.203955e-02 6.769352e-01 -4.251740e-05 -6.942554e-05 -2.929746e-06 -7.072136e-05
11815.219317 8.461274e-01 9.898685e-02 2.192049e-02 6.745599e-01 -3.936194e-05 -6.109645e-05 1.106975e-06 -7.509083e-05
11817.700425 8.484999e-01 9.981744e-02 2.214316e-02 6.771675e-01 -4.844462e-05 -5.638046e-05 3.874289e-06 -7.162397e-05
11820.193725 8.489052e-01 1.001882e-01 2.227968e-02 6.785176e-01 -5.970978e-05 -5.758439e-05 7.719508e-06 -6.524328e-05
11822.699217 8.459065e-01 9.951357e-02 2.225766e-02 6.761590e-01 -6.345933e-05 -5.886147e-05 -2.848607e-07 -6.919265e-05
11825.216901 8.458507e-01 9.968711e-02 2.240851e-02 6.753283e-01 -4.529885e-05 -6.054152e-05 4.074903e-06 -6.635887e-05
11827.746777 8.469813e-01 1.002889e-01 2.283986e-02 6.773638e-01 -4.913353e-05 -5.208672e-05 -2.677870e-06 -7.415500e-05
11830.288845 8.461853e-01 1.003352e-01 2.306380e-02 6.767106e-01 -6.160788e-05 -5.333505e-05 4.202187e-07 -7.035752e-05
11832.843105 8.446503e-01 1.001436e-01 2.329915e-02 6.730493e-01 -6.397139e-05 -4.672000e-05 -9.262815e-06 -7.266045e-05
11835.409556 8.444074e-01 1.003167e-01 2.366114e-02 6.747263e-01 -6.461648e-05 -4.525048e-05 -5.518876e-06 -7.356380e-05
11837.988200 8.445923e-01 1.005688e-01 2.396512e-02 6.742639e-01 -6.258469e-05 -5.134256e-05 9.895043e-06 -6.610501e-05
11840.579035 8.431689e-01 1.004000e-01 2.413696e-02 6.737274e-01 -6.087868e-05 -4.565316e-05 1.720601e-06 -7.543387e-05
11843.182062 8.416535e-01 1.002421e-01 2.425138e-02 6.729082e-01 -4.818526e-05 -4.060633e-05 -1.931506e-06 -7.610945e-05
11845.797282 8.410025e-01 1.006824e-01 2.438899e-02 6.728637e-01 -5.177409e-05 -4.407308e-05 -3.803749e-06 -7.480875e-05
11848.424693 8.409672e-01 1.007132e-01 2.441069e-02 6.755048e-01 -6.022197e-05 -4.310410e-05 -7.417627e-07 -7.803704e-05
11851.064296 8.387867e-01 1.001679e-01 2.425827e-02 6.734798e-01 -6.032479e-05 -4.213068e-05 3.454781e-07 -8.051638e-05
11853.716091 8.409657e-01 1.010149e-01 2.441633e-02 6.743287e-01 -5.292474e-05 -4.598128e-05 9.079944e-06 -7.429507e-05
11856.380078 8.412365e-01 1.012912e-01 2.443434e-02 6.751159e-01 -6.213431e-05 -4.888101e-05 -3.905160e-07 -7.678065e-05
11859.056256 8.401064e-01 1.011862e-01 2.441895e-02 6.737454e-01 -5.441292e-05 -5.755833e-05 9.141936e-06 -7.678017e-05
11861.744627 8.365898e-01 1.008709e-01 2.443355e-02 6.710053e-01 -5.154159e-05 -5.164425e-05 9.318518e-06 -7.770007e-05
11864.445190 8.338106e-01 1.005898e-01 2.450284e-02 6.683717e-01 -4.475508e-05 -5.097221e-05 7.319757e-06 -8.080350e-05
11867.157944 8.378525e-01 1.013811e-01 2.481554e-02 6.719387e-01 -4.768221e-05 -5.320124e-05 6.277223e-06 -7.583088e-05
11869.882891 8.359531e-01 1.012178e-01 2.482907e-02 6.708292e-01 -5.110678e-05 -5.461238e-05 1.309754e-05 -7.772097e-05
11872.620029 8.341533e-01 1.010654e-01 2.474825e-02 6.691052e-01 -6.031350e-05 -4.806097e-05 1.739709e-05 -7.615020e-05
11875.369359 8.367282e-01 1.017110e-01 2.484198e-02 6.736206e-01 -6.714302e-05 -6.095923e-05 2.436302e-05 -6.210392e-05
11878.130881 8.354460e-01 1.016533e-01 2.474982e-02 6.743656e-01 -6.308345e-05 -5.469958e-05 1.402356e-05 -6.751316e-05
11880.904595 8.277179e-01 1.007993e-01 2.444547e-02 6.671884e-01 -5.376637e-05 -5.306766e-05 1.007030e-05 -7.110593e-05
11883.690501 8.261572e-01 1.006674e-01 2.425876e-02 6.660787e-01 -5.298503e-05 -6.590640e-05 1.134945e-05 -8.111927e-05
11886.488599 8.332499e-01 1.017054e-01 2.440504e-02 6.714029e-01 -5.176045e-05 -5.590941e-05 1.601410e-05 -7.739952e-05
11889.298889 8.334090e-01 1.019000e-01 2.435439e-02 6.725830e-01 -4.831996e-05 -4.836134e-05 5.937653e-06 -7.803211e-05
11892.121371 8.325923e-01 1.019183e-01 2.423166e-02 6.724405e-01 -5.110351e-05 -5.871619e-05 2.270868e-06 -7.133197e-05
11894.956044 8.323537e-01 1.021174e-01 2.427476e-02 6.726503e-01 -5.746712e-05 -5.731326e-05 1.451759e-06 -7.562889e-05
11897.802910 8.324295e-01 1.023850e-01 2.436011e-02 6.727348e-01 -5.291764e-05 -5.392522e-05 -1.903624e-06 -7.781203e-05
11900.661967 8.306016e-01 1.021297e-01 2.437896e-02 6.727060e-01 -5.640068e-05 -5.516402e-05 5.996696e-06 -7.836977e-05
11903.533217 8.308174e-01 1.024723e-01 2.465403e-02 6.718133e-01 -5.497492e-05 -4.801029e-05 1.575318e-05 -7.610999e-05
11906.416658 8.302852e-01 1.026320e-01 2.486647e-02 6.721685e-01 -5.457209e-05 -4.356222e-05 1.973340e-05 -7.784923e-05
11909.312291 8.289271e-01 1.024618e-01 2.515614e-02 6.713702e-01 -4.973575e-05 -4.062044e-05 1.852048e-05 -7.577698e-05
11912.220116 8.287942e-01 1.025890e-01 2.546969e-02 6.716997e-01 -4.807217e-05 -3.945360e-05 1.973266e-05 -7.511005e-05
11915.140133 8.286912e-01 1.028632e-01 2.578228e-02 6.713819e-01 -4.323112e-05 -4.655386e-05 1.856008e-05 -8.129303e-05
11918.072342 8.268529e-01 1.026627e-01 2.591528e-02 6.703524e-01 -3.824001e-05 -5.040223e-05 1.766489e-05 -8.423891e-05
11921.016743 8.267928e-01 1.029574e-01 2.606862e-02 6.708585e-01 -4.030236e-05 -5.085030e-05 7.241252e-06 -8.471065e-05
11923.973335 8.264515e-01 1.030067e-01 2.616626e-02 6.703095e-01 -4.934619e-05 -4.832662e-05 7.772110e-06 -7.566664e-05
11926.942120 8.261772e-01 1.032919e-01 2.628620e-02 6.703990e-01 -6.271969e-05 -4.874511e-05 -7.776337e-06 -8.432480e-05
11929.923096 8.247406e-01 1.031051e-01 2.625258e-02 6.690063e-01 -5.947363e-05 -4.282052e-05 -1.182913e-05 -8.464121e-05
11932.916265 8.236824e-01 1.031483e-01 2.629340e-02 6.681095e-01 -5.588192e-05 -4.863177e-05 -9.456913e-06 -8.057144e-05
11935.921625 8.157576e-01 1.023207e-01 2.602130e-02 6.607097e-01 -5.669955e-05 -5.795692e-05 1.121928e-06 -8.108259e-05
11938.939177 8.172730e-01 1.026777e-01 2.611610e-02 6.641231e-01 -5.588946e-05 -5.113942e-05 3.290525e-06 -7.511663e-05
11941.968921 8.228637e-01 1.037052e-01 2.642828e-02 6.679816e-01 -5.211874e-05 -4.369166e-05 8.475179e-07 -7.114938e-05
11945.010858 8.213954e-01 1.034726e-01 2.636410e-02 6.677258e-01 -4.709454e-05 -4.916874e-05 7.494856e-06 -6.490321e-05
11948.064985 8.219721e-01 1.038645e-01 2.652234e-02 6.684141e-01 -4.565513e-05 -4.837454e-05 1.177781e-05 -7.706837e-05
11951.131305 8.219232e-01 1.040842e-01 2.675105e-02 6.679213e-01 -3.905935e-05 -4.787960e-05 -2.773620e-07 -7.862363e-05
11954.209817 8.206493e-01 1.040110e-01 2.687360e-02 6.677990e-01 -4.742299e-05 -5.043673e-05 1.047702e-05 -7.965893e-05
11957.300521 8.195955e-01 1.040181e-01 2.688570e-02 6.671735e-01 -4.936497e-05 -4.985961e-05 6.339303e-06 -8.268742e-05
11960.403416 8.185089e-01 1.039297e-01 2.688547e-02 6.670284e-01 -5.295096e-05 -4.112679e-05 -5.292516e-06 -8.618462e-05
11963.518504 8.183580e-01 1.041986e-01 2.695330e-02 6.682952e-01 -5.427331e-05 -4.035952e-05 6.406694e-06 -7.455176e-05
11966.645783 8.174064e-01 1.041917e-01 2.683354e-02 6.676642e-01 -5.651070e-05 -4.811466e-05 8.511490e-06 -7.233140e-05
11969.785255 8.165152e-01 1.042127e-01 2.676659e-02 6.651773e-01 -5.986194e-05 -5.426578e-05 -1.357274e-07 -6.494972e-05
11972.936918 8.173899e-01 1.047655e-01 2.688944e-02 6.663534e-01 -5.273830e-05 -5.421573e-05 8.860469e-06 -6.519013e-05
11976.100773 8.166327e-01 1.048283e-01 2.689655e-02 6.666298e-01 -5.796694e-05 -4.669025e-05 5.369519e-06 -7.117320e-05
11979.276820 8.134620e-01 1.042925e-01 2.678403e-02 6.646178e-01 -5.502262e-05 -4.509769e-05 5.746594e-06 -6.877806e-05
11982.465059 8.152937e-01 1.050135e-01 2.698111e-02 6.656311e-01 -5.677492e-05 -3.900767e-05 1.147193e-05 -7.774656e-05
11985.665490 8.144485e-01 1.050885e-01 2.698197e-02 6.650210e-01 -6.427894e-05 -3.140856e-05 1.588540e-05 -8.243039e-05
11988.878112 8.127441e-01 1.049197e-01 2.699046e-02 6.635980e-01 -7.148158e-05 -2.993928e-05 1.095902e-05 -7.137025e-05
11992.102927 8.126190e-01 1.051299e-01 2.711267e-02 6.642540e-01 -6.861167e-05 -2.548922e-05 8.528587e-06 -7.703213e-05
11995.339934 8.123174e-01 1.054112e-01 2.720474e-02 6.641052e-01 -6.826071e-05 -2.910546e-05 7.010689e-06 -8.595444e-05
11998.589132 8.106047e-01 1.051607e-01 2.727679e-02 6.628646e-01 -5.786908e-05 -3.138615e-05 1.272927e-05 -8.206961e-05
12001.850523 8.106367e-01 1.054584e-01 2.748102e-02 6.636313e-01 -5.205161e-05 -3.741192e-05 7.573505e-06 -7.686241e-05
12005.124105 8.098213e-01 1.055385e-01 2.778017e-02 6.625322e-01 -5.011026e-05 -3.544448e-05 7.329578e-06 -8.182869e-05
12008.409879 8.084059e-01 1.054239e-01 2.799172e-02 6.620742e-01 -4.769296e-05 -3.774746e-05 5.665312e-06 -7.878191e-05
12011.707845 8.080149e-01 1.056359e-01 2.831155e-02 6.621961e-01 -5.181469e-05 -4.291080e-05 7.622632e-06 -7.570994e-05
12015.018003 8.081130e-01 1.059381e-01 2.870563e-02 6.622936e-01 -5.839111e-05 -5.495128e-05 4.954222e-06 -8.088313e-05
12018.340353 8.067546e-01 1.057732e-01 2.886619e-02 6.623110e-01 -5.479840e-05 -5.592176e-05 5.986668e-06 -8.762845e-05
12021.674895 8.064095e-01 1.060579e-01 2.907612e-02 6.610508e-01 -5.798469e-05 -5.856363e-05 9.754044e-06 -7.949784e-05
12025.021629 8.057227e-01 1.061091e-01 2.918060e-02 6.615122e-01 -5.110515e-05 -5.066751e-05 4.507092e-06 -7.953328e-05
12028.380554 8.053756e-01 1.062808e-01 2.927173e-02 6.616410e-01 -5.136484e-05 -5.512692e-05 8.907048e-06 -8.264581e-05
12031.751672 8.039842e-01 1.062059e-01 2.927070e-02 6.607247e-01 -4.938649e-05 -5.242295e-05 3.642572e-06 -8.212999e-05
12035.134982 8.034974e-01 1.063981e-01 2.927816e-02 6.604430e-01 -4.243421e-05 -5.714370e-05 1.187866e-06 -8.050244e-05
12038.530483 8.033697e-01 1.066044e-01 2.932656e-02 6.616098e-01 -4.435766e-05 -5.806609e-05 1.307263e-05 -8.604804e-05
12041.938176 8.020641e-01 1.064886e-01 2.927637e-02 6.603684e-01 -4.754597e-05 -5.926257e-05 7.760745e-06 -9.062527e-05
12045.358061 7.958816e-01 1.059894e-01 2.916735e-02 6.545786e-01 -4.673390e-05 -5.703055e-05 5.825028e-06 -8.237790e-05
12048.790139 7.905784e-01 1.054861e-01 2.899970e-02 6.519293e-01 -5.615383e-05 -5.097428e-05 6.479081e-06 -8.964371e-05
12052.234408 7.988650e-01 1.066971e-01 2.931174e-02 6.596366e-01 -5.648892e-05 -4.410279e-05 1.957140e-05 -1.014104e-04
12055.690868 7.992309e-01 1.070252e-01 2.938801e-02 6.588062e-01 -5.524507e-05 -4.651699e-05 2.150598e-05 -9.053258e-05
12059.159521 7.995946e-01 1.073771e-01 2.950198e-02 6.592104e-01 -5.725823e-05 -4.251538e-05 1.275437e-05 -9.340867e-05
12062.640366 7.979517e-01 1.071591e-01 2.941495e-02 6.581219e-01 -4.986973e-05 -4.781339e-05 1.571255e-05 -1.004180e-04
12066.133403 7.975198e-01 1.073866e-01 2.949564e-02 6.578939e-01 -5.734835e-05 -5.250447e-05 1.095670e-05 -9.027767e-05
12069.638631 7.970813e-01 1.075143e-01 2.957899e-02 6.590948e-01 -6.005650e-05 -6.436970e-05 5.648486e-06 -8.760938e-05
12073.156052 7.959006e-01 1.074787e-01 2.965275e-02 6.575495e-01 -5.343424e-05 -6.224940e-05 -2.811852e-06 -9.336111e-05
12076.685664 7.955045e-01 1.077203e-01 2.975319e-02 6.577960e-01 -5.938847e-05 -5.979898e-05 2.197861e-06 -9.788420e-05
12080.227468 7.949680e-01 1.078834e-01 2.985567e-02 6.573775e-01 -6.073875e-05 -5.565595e-05 -3.510379e-06 -9.078356e-05
12083.781465 7.925553e-01 1.077049e-01 2.986420e-02 6.565471e-01 -6.080803e-05 -4.593140e-05 9.651571e-07 -8.514000e-05
12087.347653 7.906059e-01 1.074981e-01 2.991628e-02 6.554206e-01 -6.991942e-05 -4.189381e-05 6.778004e-07 -8.100516e-05
12090.926033 7.925699e-01 1.080845e-01 3.026842e-02 6.569668e-01 -7.078683e-05 -4.729321e-05 -9.059705e-06 -9.337305e-05
12094.516605 7.920757e-01 1.082090e-01 3.049672e-02 6.568403e-01 -5.979895e-05 -4.835185e-05 -1.841057e-06 -9.408250e-05
12098.119369 7.914753e-01 1.084110e-01 3.070266e-02 6.568972e-01 -5.808053e-05 -5.160931e-05 -7.127253e-06 -9.467702e-05
12101.734324 7.908955e-01 1.085077e-01 3.085943e-02 6.549663e-01 -6.434351e-05 -4.989752e-05 -2.317201e-06 -8.956701e-05
12105.361472 7.897843e-01 1.085121e-01 3.103904e-02 6.552739e-01 -6.105680e-05 -5.056835e-05 -3.652234e-06 -7.931880e-05
12109.000811 7.886502e-01 1.084920e-01 3.115190e-02 6.533512e-01 -5.634539e-05 -4.708203e-05 -7.593910e-06 -7.868937e-05
12112.652343 7.885324e-01 1.087974e-01 3.138997e-02 6.547306e-01 -5.322257e-05 -4.152812e-05 -5.360035e-06 -7.223744e-05
12116.316066 7.880925e-01 1.090076e-01 3.159951e-02 6.547766e-01 -5.842546e-05 -4.729062e-05 -7.503305e-06 -7.702070e-05
12119.991982 7.871096e-01 1.090764e-01 3.173959e-02 6.529016e-01 -5.706155e-05 -5.849990e-05 -1.750474e-05 -7.858455e-05
12123.680089 7.856819e-01 1.090021e-01 3.188688e-02 6.532933e-01 -5.560917e-05 -4.749467e-05 -1.196957e-05 -9.340373e-05
12127.380388 7.849939e-01 1.090443e-01 3.202666e-02 6.532093e-01 -5.473858e-05 -4.721725e-05 -1.201017e-05 -1.304897e-04
12131.092879 7.845230e-01 1.092177e-01 3.221947e-02 6.548555e-01 -5.262166e-05 -3.770846e-05 -1.102130e-05 -1.181716e-04
12134.817562 7.840917e-01 1.094346e-01 3.242112e-02 6.540288e-01 -5.866397e-05 -4.149242e-05 -1.193858e-05 -8.205884e-05
12138.554437 7.827309e-01 1.093985e-01 3.245955e-02 6.525891e-01 -5.931039e-05 -5.164593e-05 -1.215267e-05 -7.613168e-05
12142.303503 7.811352e-01 1.092363e-01 3.246500e-02 6.505587e-01 -5.721312e-05 -5.461829e-05 -1.949598e-05 -8.509887e-05
12146.064762 7.821775e-01 1.099048e-01 3.271604e-02 6.514383e-01 -5.307636e-05 -5.062799e-05 -8.598669e-06 -7.639750e-05
12149.838213 7.805932e-01 1.097359e-01 3.269050e-02 6.509000e-01 -5.152248e-05 -5.289786e-05 -6.596502e-06 -7.405438e-05
12153.623855 7.792178e-01 1.097458e-01 3.267750e-02 6.522559e-01 -5.660423e-05 -5.250628e-05 -1.394571e-05 -7.838205e-05
12157.421689 7.786952e-01 1.098220e-01 3.274438e-02 6.503546e-01 -5.508733e-05 -6.462543e-05 -9.195966e-06 -7.692922e-05
12161.231716 7.785030e-01 1.101034e-01 3.284520e-02 6.504470e-01 -5.384951e-05 -5.788337e-05 -1.151147e-05 -6.717310e-05
12165.053934 7.780138e-01 1.103083e-01 3.291788e-02 6.510840e-01 -5.541918e-05 -5.521030e-05 -5.604125e-06 -7.093458e-05
12168.888344 7.757175e-01 1.099687e-01 3.281967e-02 6.500603e-01 -5.279967e-05 -5.449478e-05 5.311485e-06 -6.727344e-05
12172.734946 7.761410e-01 1.105204e-01 3.300446e-02 6.502867e-01 -5.956287e-05 -5.763021e-05 -3.473764e-06 -6.715771e-05
12176.593740 7.759512e-01 1.107128e-01 3.314812e-02 6.513315e-01 -6.142999e-05 -5.221407e-05 -1.162077e-05 -7.043640e-05
12180.464726 7.738216e-01 1.104419e-01 3.306715e-02 6.503996e-01 -6.081097e-05 -5.609352e-05 -2.891756e-05 -7.746025e-05
12184.347903 7.737914e-01 1.107677e-01 3.320759e-02 6.492973e-01 -6.471417e-05 -5.821966e-05 -2.428459e-05 -6.697563e-05
12188.243273 7.724509e-01 1.106831e-01 3.326941e-02 6.490644e-01 -4.822529e-05 -6.212293e-05 -1.902367e-05 -6.913764e-05
12192.150835 7.714722e-01 1.107674e-01 3.339885e-02 6.483859e-01 -4.451834e-05 -4.024993e-05 -1.915933e-05 -5.859156e-05
12196.070588 7.727135e-01 1.114394e-01 3.370277e-02 6.499421e-01 -4.770315e-05 -4.092166e-05 -2.394212e-05 -6.149000e-05
12200.002533 7.696366e-01 1.108823e-01 3.362953e-02 6.464108e-01 -4.190809e-05 -4.634719e-05 -2.924456e-05 -6.203764e-05
12203.946671 7.667313e-01 1.105642e-01 3.367000e-02 6.455646e-01 -4.200440e-05 -5.144669e-05 -2.890378e-05 -7.044506e-05
12207.903000 7.679605e-01 1.111995e-01 3.405362e-02 6.464028e-01 -4.757160e-05 -5.257921e-05 -2.513837e-05 -6.384893e-05
12211.871521 7.674460e-01 1.111675e-01 3.423706e-02 6.470061e-01 -4.651551e-05 -5.752726e-05 -1.289647e-05 -6.016294e-05
12215.852234 7.677450e-01 1.117082e-01 3.458531e-02 6.476492e-01 -4.743088e-05 -5.304075e-05 -1.489821e-05 -5.766382e-05
12219.845139 7.666115e-01 1.116861e-01 3.473674e-02 6.467187e-01 -4.230246e-05 -6.540530e-05 -1.681632e-05 -5.465356e-05
12223.850236 7.652613e-01 1.117311e-01 3.488327e-02 6.455742e-01 -4.586036e-05 -7.499894e-05 8.800271e-07 -5.287330e-05
12227.867524 7.569194e-01 1.108287e-01 3.473059e-02 6.389105e-01 -4.904466e-05 -6.299795e-05 -9.684327e-06 -7.330021e-05
12231.897005 7.468927e-01 1.093376e-01 3.442739e-02 6.304989e-01 -4.540427e-05 -5.926554e-05 -2.277342e-05 -7.100600e-05
12235.938678 7.616056e-01 1.119545e-01 3.538135e-02 6.436162e-01 -4.895756e-05 -4.975342e-05 -1.552240e-05 -7.646246e-05
12239.992542 7.620263e-01 1.121360e-01 3.555971e-02 6.439797e-01 -5.624509e-05 -5.420187e-05 -1.010990e-05 -6.900606e-05
12244.058598 7.621500e-01 1.126053e-01 3.586294e-02 6.448860e-01 -5.960612e-05 -6.097559e-05 -1.285688e-05 -7.444869e-05
12248.136847 7.608502e-01 1.125700e-01 3.600467e-02 6.436596e-01 -6.147773e-05 -5.856202e-05 -1.058319e-05 -7.908441e-05
12252.227287 7.587398e-01 1.124673e-01 3.611055e-02 6.426641e-01 -5.805264e-05 -5.634207e-05 -5.727197e-06 -8.134729e-05
12256.329919 7.592537e-01 1.128385e-01 3.640216e-02 6.419300e-01 -5.926089e-05 -5.820581e-05 -2.384805e-06 -7.292755e-05
12260.444743 7.585881e-01 1.129176e-01 3.655199e-02 6.419047e-01 -5.453832e-05 -5.933002e-05 -9.981953e-06 -5.935683e-05
12264.571759 7.581358e-01 1.131540e-01 3.674952e-02 6.417281e-01 -5.928681e-05 -5.148982e-05 -9.571178e-06 -7.335357e-05
12268.710967 7.576128e-01 1.133518e-01 3.692416e-02 6.428031e-01 -6.426086e-05 -4.644330e-05 -1.387913e-05 -6.736751e-05
12272.862366 7.563636e-01 1.133197e-01 3.698242e-02 6.415124e-01 -5.839280e-05 -4.158698e-05 -8.269925e-06 -6.278282e-05
12277.025958 7.560140e-01 1.135696e-01 3.709072e-02 6.411620e-01 -5.416085e-05 -4.395266e-05 -4.163113e-06 -6.722624e-05
12281.201742 7.542610e-01 1.134232e-01 3.708089e-02 6.392048e-01 -5.387709e-05 -5.342481e-05 -7.867015e-06 -6.681073e-05
12285.389717 7.545875e-01 1.139301e-01 3.722975e-02 6.394708e-01 -6.625991e-05 -5.898331e-05 -1.200415e-05 -7.377456e-05
12289.589884 7.525440e-01 1.137899e-01 3.721556e-02 6.395125e-01 -6.337440e-05 -5.725719e-05 -7.650231e-06 -8.164162e-05
12293.802244 7.528799e-01 1.142167e-01 3.734516e-02 6.404238e-01 -7.180716e-05 -5.171574e-05 -9.518792e-06 -8.164461e-05
12298.026795 7.508518e-01 1.141209e-01 3.728606e-02 6.396836e-01 -7.571992e-05 -5.651220e-05 -2.579740e-05 -6.907991e-05
12302.263538 7.496090e-01 1.140737e-01 3.727070e-02 6.391992e-01 -6.449843e-05 -6.043145e-05 -1.545877e-05 -6.539146e-05
12306.512473 7.503221e-01 1.145053e-01 3.749612e-02 6.396238e-01 -6.723022e-05 -5.640438e-05 -2.073689e-05 -7.156061e-05
12310.773600 7.498543e-01 1.147495e-01 3.770005e-02 6.398986e-01 -7.557375e-05 -6.400981e-05 -1.956386e-05 -7.255689e-05
12315.046919 7.489946e-01 1.148529e-01 3.782908e-02 6.384499e-01 -7.669501e-05 -6.295015e-05 -1.459186e-05 -7.061366e-05
12319.332429 7.456864e-01 1.143216e-01 3.784863e-02 6.374538e-01 -7.085528e-05 -7.367545e-05 -9.466300e-06 -6.873760e-05
12323.630132 7.316143e-01 1.127747e-01 3.748836e-02 6.266861e-01 -7.524003e-05 -7.558971e-05 -7.842480e-06 -6.411773e-05
12327.940026 7.382526e-01 1.139401e-01 3.809169e-02 6.314568e-01 -7.759548e-05 -7.840582e-05 -9.997152e-06 -5.990698e-05
12332.262113 7.448570e-01 1.152641e-01 3.878504e-02 6.364937e-01 -7.044938e-05 -7.003847e-05 -1.330710e-05 -6.654743e-05
12336.596391 7.451251e-01 1.157282e-01 3.911755e-02 6.372351e-01 -7.895759e-05 -7.293040e-05 -1.584390e-05 -6.579221e-05
12340.942861 7.438415e-01 1.156291e-01 3.928285e-02 6.360398e-01 -7.677048e-05 -7.610746e-05 -3.517934e-06 -6.102651e-05
12345.301524 7.430861e-01 1.159628e-01 3.958445e-02 6.370026e-01 -7.433670e-05 -8.260689e-05 -1.175491e-05 -8.320011e-05
12349.672378 7.414197e-01 1.158220e-01 3.971073e-02 6.362537e-01 -6.782428e-05 -9.102495e-05 -1.832196e-05 -1.143398e-04
12354.055424 7.422730e-01 1.162931e-01 4.004661e-02 6.364246e-01 -6.406741e-05 -9.825000e-05 -7.185619e-06 -1.205138e-04
12358.450662 7.404807e-01 1.161512e-01 4.015853e-02 6.356946e-01 -7.763382e-05 -8.933464e-05 -7.052052e-06 -1.242976e-04
12362.858091 7.402238e-01 1.164618e-01 4.043368e-02 6.361109e-01 -7.696743e-05 -9.571968e-05 4.100234e-06 -1.288222e-04
12367.277713 7.393764e-01 1.166361e-01 4.059230e-02 6.340611e-01 -8.198708e-05 -9.336481e-05 2.640430e-06 -1.224815e-04
12371.709527 7.364829e-01 1.164940e-01 4.066046e-02 6.334900e-01 -7.733753e-05 -9.162335e-05 -4.451500e-06 -1.236340e-04
12376.153532 7.324835e-01 1.159997e-01 4.063662e-02 6.303891e-01 -8.072129e-05 -8.932334e-05 -3.582910e-06 -1.195683e-04
12380.609730 7.368977e-01 1.169351e-01 4.115433e-02 6.327511e-01 -7.885720e-05 -9.057146e-05 1.225682e-06 -1.137117e-04
12385.078119 7.369217e-01 1.173069e-01 4.143392e-02 6.340326e-01 -7.409070e-05 -6.808153e-05 1.489890e-06 -6.607015e-05
12389.558700 7.355416e-01 1.172390e-01 4.147599e-02 6.331625e-01 -8.217407e-05 -6.532760e-05 1.278781e-05 -6.736635e-05
12394.051473 7.347961e-01 1.173826e-01 4.169962e-02 6.331073e-01 -7.278348e-05 -6.176451e-05 7.078514e-06 -5.909743e-05
12398.556438 7.344661e-01 1.176672e-01 4.190070e-02 6.328960e-01 -7.138123e-05 -6.966511e-05 -1.046968e-05 -6.584519e-05
12403.073595 7.329073e-01 1.176104e-01 4.193801e-02 6.329815e-01 -6.955888e-05 -6.344144e-05 -1.215430e-05 -7.347529e-05
12407.602944 7.322383e-01 1.178559e-01 4.217615e-02 6.319792e-01 -6.884232e-05 -6.111340e-05 -8.589152e-06 -7.481702e-05
12412.144485 7.314085e-01 1.179244e-01 4.228436e-02 6.315797e-01 -7.739469e-05 -6.822061e-05 -1.104308e-05 -8.213127e-05
12416.698218 7.302277e-01 1.179426e-01 4.237859e-02 6.317235e-01 -7.647105e-05 -6.162214e-05 -4.974551e-07 -8.197811e-05
12421.264142 7.291888e-01 1.179796e-01 4.248122e-02 6.311026e-01 -6.956495e-05 -6.095125e-05 -2.925810e-06 -7.841269e-05
12425.842259 7.284897e-01 1.182134e-01 4.269374e-02 6.306007e-01 -7.261957e-05 -5.310848e-05 -4.408693e-06 -7.412312e-05
12430.432567 7.258253e-01 1.179717e-01 4.264475e-02 6.290334e-01 -7.273765e-05 -5.998781e-05 -1.516492e-05 -7.634774e-05
12435.035068 7.256682e-01 1.181974e-01 4.283759e-02 6.285382e-01 -7.613065e-05 -6.293297e-05 -2.356365e-05 -7.951085e-05
12439.649760 7.254321e-01 1.183769e-01 4.298361e-02 6.290895e-01 -7.428497e-05 -5.884295e-05 -2.448754e-05 -8.085402e-05
12444.276644 7.236353e-01 1.182758e-01 4.305899e-02 6.269579e-01 -6.782900e-05 -5.659832e-05 -1.879974e-05 -7.760873e-05
12448.915720 7.222100e-01 1.182466e-01 4.316262e-02 6.269212e-01 -7.044413e-05 -6.200533e-05 -1.513477e-05 -9.259502e-05
12453.566988 7.204222e-01 1.181425e-01 4.324245e-02 6.264566e-01 -6.963983e-05 -7.043243e-05 -6.424390e-06 -1.061277e-04
12458.230448 7.201374e-01 1.184325e-01 4.347973e-02 6.264233e-01 -7.211361e-05 -6.793222e-05 -6.166732e-06 -9.115082e-05
12462.906100 7.209634e-01 1.191123e-01 4.388485e-02 6.268290e-01 -6.820499e-05 -5.165587e-05 -1.215172e-05 -7.649308e-05
12467.593943 7.207728e-01 1.194422e-01 4.425557e-02 6.282019e-01 -5.480846e-05 -4.877988e-05 -1.043469e-05 -7.952849e-05
12472.293979 7.200437e-01 1.195648e-01 4.449840e-02 6.275846e-01 -5.681169e-05 -4.460092e-05 -2.956379e-06 -8.658421e-05
12477.006206 7.199991e-01 1.199783e-01 4.489405e-02 6.271158e-01 -6.233954e-05 -5.333880e-05 -7.120559e-06 -7.887586e-05
12481.730626 7.197437e-01 1.204155e-01 4.520654e-02 6.271835e-01 -5.996847e-05 -4.164758e-05 -9.623614e-06 -7.492804e-05
12486.467237 7.186410e-01 1.205352e-01 4.543228e-02 6.268650e-01 -6.324875e-05 -4.259386e-05 -1.221647e-05 -9.215528e-05
12491.216040 7.174905e-01 1.206714e-01 4.568381e-02 6.259065e-01 -6.881960e-05 -4.609709e-05 -9.306296e-06 -1.288044e-04
12495.977036 7.180283e-01 1.211040e-01 4.606266e-02 6.267859e-01 -6.568885e-05 -5.738421e-05 -2.084765e-05 -1.186013e-04
12500.750223 7.173492e-01 1.213632e-01 4.640736e-02 6.261357e-01 -6.470521e-05 -5.880920e-05 -3.650586e-05 -8.193781e-05
12505.535602 7.165100e-01 1.214933e-01 4.664357e-02 6.257717e-01 -6.478277e-05 -5.049436e-05 -2.196524e-05 -7.839136e-05
12510.333172 7.156892e-01 1.216458e-01 4.691631e-02 6.259060e-01 -5.754027e-05 -4.496912e-05 -2.250345e-05 -7.701229e-05
12515.142935 7.150896e-01 1.218976e-01 4.714991e-02 6.255188e-01 -6.367204e-05 -5.157487e-05 -1.658155e-05 -7.467547e-05
12519.964890 7.135819e-01 1.218901e-01 4.730927e-02 6.247908e-01 -6.775548e-05 -5.500900e-05 -7.431520e-06 -8.082316e-05
12524.799037 7.107076e-01 1.217143e-01 4.741107e-02 6.228367e-01 -6.333278e-05 -5.517067e-05 -1.770073e-05 -8.365228e-05
12529.645375 6.569768e-01 1.127924e-01 4.404509e-02 5.756456e-01 -6.176295e-05 -4.773651e-05 -9.127500e-06 -8.011891e-05
12534.503905 1.273214e-01 2.188690e-02 8.559066e-03 1.115529e-01 -1.241822e-05 -9.892378e-06 -1.451678e-06 -1.436702e-05
